1.102
1.24029
1.14582
1.60278
1.3868
1.59438
1.09432
1.26796
0.728092
1.35971
1.18554
1.33901
0.773297
0.891027
1.46139
1.10157
1.31672
1.27812
1.18148
1.49972
1.14936
1.39126
1.29161
0.907356
1.58596
1.53586
1.00566
1.14927
0.925263
1.21014
0.905343
1.16872
0.981375
1.07912
0.831854
1.31529
1.1688
1.05306
1.07433
1.30183
1.4713
1.23364
1.58203
1.23328
1.58917
0.998928
1.09679
1.35198
1.52357
1.16431
1.3981
1.01056
1.67108
1.06922
2.19243
1.43151
1.44143
1.39871
1.13189
1.12299
1.51456
0.991743
1.95437
4.43306
5.17919
1.95574
2.46533
2.81148
3.0368
1.85397
1.46997
1.85099
2.70828
1.71742
1.33144
1.58658
1.52505
2.05628
1.39966
2.18839
1.48125
1.39741
1.69947
2.16176
1.67586
3.6735
4.69096
3.11509
3.51661
3.36385
2.46496
2.76635
1.52325
2.1214
1.8482
1.65957
1.64046
2.01292
1.83146
2.81475
1.83973
1.83577
1.4374
1.50471
3.56588
1.25635
1.12399
3.30856
1.15998
0.91396
1.78568
1.22336
1.83752
2.63525
1.56805
2.2787
2.06401
1.33995
1.62787
1.49831
0.8458
1.56834
1.00021
0.962965
1.05701
1.24937
2.00819
2.73022
1.78832
1.51998
2.39725
1.31717
1.25934
0.980971
1.68273
0.857804
1.52425
1.53631
1.355
0.925046
1.54328
2.47099
2.27254
3.24811
4.04476
3.63581
8.36489
1.7308
1.06556
1.50596
0.942008
1.91137
1.79643
2.29792
3.09281
11.1043
2.13396
2.95654
2.46765
2.81019
2.21678
2.35523
1.33195
1.7143
1.95271
4.12134
1.74126
2.63789
1.42988
0.700263
0.976172
1.04618
2.2716
1.6826
1.66597
1.33741
0.903674
1.23501
0.860893
0.833237
1.15694
1.07992
1.3542
1.03506
0.712246
1.163
4.25157
2.64483
2.23386
2.22485
1.15238
5.74222
3.8299
2.18817
6.247
2.42735
2.87004
1.91448
4.20231
6.2576
2.28483
2.39988
4.97758
2.08942
2.50595
6.43071
5.62653
6.58897
2.35383
1.71062
2.3691
1.83125
2.21097
1.54019
2.98537
1.88406
2.0654
1.99211
3.10764
1.28473
1.69599
2.56856
1.79619
4.72179
3.67597
1.99031
4.02349
5.67941
5.75183
4.79135
4.275
14.4233
12.8436
3.52106
2.84071
1.98231
1.47162
1.28889
2.86457
0.865211
1.64127
2.16561
1.47687
0.767397
0.856197
1.18499
1.52573
2.53219
1.88473
2.8224
1.61511
2.04233
2.82943
1.26987
1.25008
1.30154
1.45786
1.22707
3.02295
2.44433
4.90115
4.30851
4.39164
4.93112
3.28735
3.8542
4.89405
3.66662
4.20981
2.80341
4.92637
2.91036
5.06168
1.45677
2.15033
1.92674
2.58611
2.10525
1.10803
2.46406
1.86155
1.39307
1.43309
0.979378
1.80883
2.54738
2.38359
1.37
0.829466
1.37241
1.81568
1.39436
3.44039
3.24426
3.86381
3.07447
3.38793
3.39285
4.88126
4.09023
5.78051
5.04278
4.3639
3.44832
5.12127
4.98034
4.49944
4.71232
5.60222
6.28624
6.4789
2.35544
1.74024
2.99388
1.54994
3.72999
4.64336
1.66236
1.60068
6.33214
10.5815
2.08511
1.4427
1.15734
1.23724
2.86885
4.50505
4.94513
5.77897
2.60758
1.34093
1.17421
1.48352
1.10132
1.36606
0.693022
1.35219
2.6012
6.12698
3.12281
3.20541
12.3625
12.5578
2.77385
4.62175
2.56797
2.5414
3.15466
2.34276
1.51199
2.77477
3.19094
2.37273
3.61056
2.79867
1.45955
1.54707
1.07493
0.691902
0.703062
2.62134
3.97702
3.90442
2.56234
2.47883
2.31327
4.2385
2.46872
2.11138
4.38981
2.49221
2.25529
2.73732
4.41912
3.46245
3.21266
4.5025
2.70546
5.0503
3.49582
4.01012
5.46387
12.7305
10.2403
1.76115
1.88507
5.62385
4.48036
1.67045
5.57648
3.06684
5.49064
4.84428
4.66065
5.07383
3.25397
1.23429
3.11068
2.56289
2.87856
3.86884
1.88564
3.00881
2.54352
3.33817
3.09154
2.78122
3.219
3.12548
3.45718
2.78488
3.38627
4.24048
3.03699
3.21866
2.77521
3.03872
3.22982
3.48499
2.38596
2.66718
3.24319
3.16819
2.54266
3.17024
3.64071
2.65757
3.31029
2.19906
3.05757
3.40729
3.65807
3.76543
3.34444
2.61816
1.45333
3.50027
2.27705
3.39454
1.92789
3.93127
3.29514
2.74697
4.08532
2.94741
1.76967
1.63379
3.84679
2.86147
3.66093
3.30585
3.85507
3.81818
3.48746
4.15941
4.57392
4.06717
4.22879
4.60929
3.83794
4.37452
3.96807
4.64258
4.55263
4.40472
5.12811
5.05656
4.24302
2.11049
2.48285
4.05708
5.0416
2.54401
3.73539
2.63304
1.78663
1.84345
3.87497
4.40969
3.94111
4.11149
3.12114
3.54823
3.25801
2.97492
2.22314
3.02227
2.73586
3.32609
2.30045
2.2084
3.0431
2.93289
3.26289
2.95936
2.67676
3.15941
2.52652
3.26559
2.74128
2.93765
2.96572
3.32662
2.81
2.38003
2.76035
2.14645
2.07253
2.48651
2.80155
2.83145
3.16073
3.16724
3.08071
3.93542
2.66842
3.02371
3.64651
3.45407
3.40792
2.23972
3.00379
3.61564
2.82016
3.9291
3.64666
3.67321
3.42213
3.34349
3.37794
3.05004
2.21076
3.32918
2.75868
3.43483
2.87969
3.59646
2.11929
3.21726
2.50012
3.52946
3.30764
3.13968
2.84601
2.82743
2.33487
2.44231
4.23589
2.9596
3.86907
3.16332
4.18301
3.3886
3.24855
4.01686
2.70574
2.87773
3.65735
3.50822
4.15498
2.62267
3.131
4.56646
2.89681
4.06057
3.07023
3.82
5.18397
5.28484
2.75699
4.15887
4.29769
4.43653
3.29307
3.11691
4.34779
2.6417
2.86564
2.9608
3.8656
4.64556
4.09353
3.20131
2.71118
2.68185
3.02028
3.87267
3.10175
3.29569
2.8417
2.94559
3.05229
3.95355
2.55849
4.38796
3.03688
3.47837
3.03461
2.83688
2.81235
3.17472
2.99173
2.50759
2.86846
3.38522
3.76829
2.56231
2.38325
2.77328
2.73838
2.71831
2.94542
3.26943
2.85677
3.39922
3.56412
2.54129
2.72663
3.42226
2.7908
3.43245
2.39794
3.2982
2.56097
2.72755
3.16051
3.36044
3.11288
2.97259
3.55688
3.12641
2.94351
2.69797
3.1807
3.33787
2.82837
3.2022
3.60715
3.17177
3.17915
2.81743
3.69835
3.9136
2.8889
3.0426
3.14612
3.59114
3.5853
3.12596
3.44667
3.0981
2.32517
3.24089
3.54026
3.05031
2.97877
2.9801
2.80701
3.12798
3.75622
2.71206
3.36493
3.10029
2.98464
2.8457
3.35695
3.16099
3.78937
2.64513
3.23822
3.2946
3.72606
4.36486
2.99381
4.14401
4.13998
4.63058
2.18097
2.42737
3.70232
2.89819
3.81347
3.95907
1.83257
3.4354
4.38623
2.76925
3.56735
4.70425
4.63555
5.18866
2.8645
3.8425
2.88949
3.07532
3.42817
2.94823
3.01408
4.39308
4.34378
3.74054
4.02123
3.9405
4.93643
3.71204
4.71225
3.61826
4.0408
4.2763
3.35827
4.21579
3.3077
2.83801
2.58582
2.03565
3.63782
3.48346
3.20783
3.08558
4.16697
2.67092
3.84307
3.65979
3.32882
3.45493
3.10763
2.53335
3.40968
3.0382
3.18194
2.79503
3.78767
3.6811
2.77482
2.76836
2.8974
2.52244
2.89653
2.4773
2.53397
2.18121
2.02072
2.75434
1.65073
3.35357
2.43187
2.15279
3.39549
3.71271
1.79661
3.48067
4.86816
2.31686
2.10746
2.6175
3.26309
2.40728
2.8115
2.7191
4.03077
5.72119
6.31347
6.49346
4.09339
6.66009
5.98334
5.76554
5.89496
4.81608
2.41976
3.19801
1.70742
1.99025
1.75559
1.59465
1.83713
1.13499
1.84755
1.18225
0.962008
1.37768
1.74754
2.34944
1.92631
2.40267
3.46257
1.99247
2.45111
0.937217
1.08975
1.08517
0.811585
1.8379
1.30113
1.70093
1.04037
1.74157
3.86305
3.53954
2.71617
3.97714
2.94312
3.19186
3.2687
2.90525
2.34921
2.28293
3.54025
2.86923
2.57817
3.57938
2.70369
2.63992
2.68364
2.55488
3.34756
2.50441
2.77979
2.10239
2.88229
1.95718
2.62051
4.26914
2.11958
2.79822
2.53004
2.90785
2.89432
3.0973
2.74415
2.94023
2.72906
3.03029
3.12754
2.44618
2.86608
2.62419
3.00862
2.88745
2.46207
2.1183
2.90836
3.06013
2.42418
2.94355
2.45757
3.26949
3.58318
3.07465
4.25051
2.48866
2.54198
2.01032
1.55521
1.79573
1.30719
1.11158
1.22012
1.12877
1.94342
2.42749
2.19605
3.16552
2.8157
4.83214
5.43135
3.83763
3.57911
5.67019
5.86033
4.64088
3.96895
3.34753
4.05039
0.964921
1.02704
1.16174
3.01721
1.88813
2.44844
2.74806
2.44334
2.50085
2.57879
2.40713
3.54336
2.62384
2.39619
2.36381
2.08846
1.98649
1.47843
1.1594
1.06402
0.958144
1.23033
2.02179
1.90202
2.19999
2.33079
2.62958
2.20638
3.14926
3.11021
3.24412
2.37178
2.52518
2.89946
2.44392
2.54225
2.40974
3.08366
2.49032
3.06131
2.31397
1.92264
2.83582
2.35192
1.91703
2.2716
3.1388
2.49731
2.1849
2.41055
2.3402
3.69912
1.87362
2.43883
2.8866
2.30498
1.29669
3.39203
3.80639
2.3595
2.60741
2.6893
2.73835
2.58987
3.15474
2.96147
2.64589
2.00705
3.03005
3.28409
2.83003
3.31829
3.25292
2.59647
3.33977
3.51863
2.32268
2.53763
1.76403
2.01014
2.12902
2.53243
2.35056
2.92443
2.71909
3.57072
2.48486
1.81824
2.19425
1.68695
1.58638
1.29614
1.71782
1.50664
1.20376
1.73852
2.81001
1.66781
1.16285
1.2364
1.33507
3.29994
2.45951
4.01986
4.10468
4.10181
3.1974
2.82529
2.47824
1.9511
3.09942
1.81112
2.555
3.17763
2.24976
3.23108
10.3997
3.40438
4.70302
4.25086
2.46933
3.82509
3.75903
3.51831
3.83175
2.69437
3.71346
4.1575
3.49937
3.14953
3.33737
4.25026
2.70383
2.74636
1.66034
1.79748
1.25023
0.774807
0.913321
2.47918
4.36486
4.91286
4.23726
3.73877
3.70232
3.79219
3.57362
3.67872
2.13005
4.59528
1.79685
2.95485
4.82796
3.9852
3.74769
5.03886
4.1567
2.7345
3.4344
3.28452
3.34525
2.60705
2.91422
3.11301
2.79123
3.14044
3.17863
2.94604
2.57216
2.69643
3.47805
3.31153
2.89636
2.24108
3.03988
2.8481
3.00506
1.28252
2.95647
2.64561
3.18981
3.91777
2.57568
2.55611
3.43527
2.32407
3.10085
3.06985
3.34224
3.61626
4.81777
2.64435
4.14088
2.81171
5.08899
3.51848
2.89981
2.67309
3.40106
2.63076
3.90021
4.03326
1.47526
2.21435
3.66868
1.79694
2.19081
5.21774
5.44059
5.31302
3.82973
3.78504
4.01792
4.23039
9.49534
16.5534
4.58429
3.53329
5.23125
7.27635
2.90625
2.9674
3.34167
2.2939
2.5755
3.46484
2.59802
2.48891
3.088
2.39747
2.82283
1.78148
3.21892
2.29585
2.62356
3.39462
3.89835
3.35201
3.06463
2.40791
1.61918
3.93615
3.10528
2.47675
2.79387
3.5062
3.16605
3.73272
3.39651
2.49826
2.07791
1.61742
2.07208
14.575
4.05401
3.18344
5.10004
3.435
2.19167
3.27357
3.82661
0.80912
8.03366
3.49752
9.22466
5.93321
5.65627
11.1076
4.15246
3.65259
4.38768
4.99536
4.00055
3.51295
2.97778
4.06479
5.05867
2.34456
4.36513
3.7164
4.78807
6.77778
1.99072
2.26622
2.40632
2.67425
2.90225
3.37813
3.13849
2.83189
3.44167
2.85621
2.8859
2.57398
3.53071
3.31995
3.25152
2.83411
3.67693
2.57236
3.85254
2.39521
5.26924
4.25489
2.72777
3.86998
5.23867
4.72066
1.92101
2.39514
3.85449
5.07869
3.64696
1.84854
1.00363
1.60543
1.66333
4.5822
3.95268
3.81757
2.41598
3.90756
4.54172
4.47956
3.87514
5.34935
5.16439
2.64262
3.32128
3.72538
3.5174
5.11287
3.00756
1.44025
5.20011
4.19804
2.27936
2.82389
2.42901
2.42151
2.62238
3.58676
4.66651
2.64364
3.10563
3.22284
2.81484
2.13234
2.62516
2.17407
2.67811
2.20324
3.15931
2.87199
3.60595
3.27525
3.24093
3.01606
2.0017
2.12892
2.42656
2.5085
2.56482
4.57245
2.56376
2.51136
3.90199
2.8729
3.17367
1.44524
1.11263
1.24545
2.98459
2.62434
2.53014
1.33705
0.999833
1.10257
1.45472
3.43843
3.89208
2.54893
3.51751
2.77363
3.34372
3.29306
3.46258
2.23159
1.38318
1.92417
1.1743
1.34579
1.70304
1.22199
2.16093
3.52564
4.1266
3.16463
4.1244
3.10365
2.84068
3.66402
2.26256
2.56248
1.28551
0.852655
0.907815
1.62353
3.67969
2.92212
5.07357
4.76525
4.82435
4.15431
3.08722
4.60436
2.51218
4.41145
3.3828
3.78126
2.66302
4.16256
8.89042
4.9231
2.87011
3.27861
3.51153
3.09533
2.78109
1.36035
1.3655
1.1187
2.9579
4.01186
2.34339
1.4697
3.37741
2.47674
2.60051
2.93428
3.0899
1.44932
3.3625
2.56858
3.77761
3.07548
3.47952
1.9279
2.90448
2.78582
2.44506
3.29662
3.8459
4.18911
4.54541
3.69568
3.91665
4.22471
3.75968
4.43129
3.14777
3.96602
4.68819
4.44996
4.2387
5.07681
4.30307
5.34702
3.95059
4.60212
4.49435
3.76052
4.20489
4.33101
2.48269
3.84541
2.46239
2.73042
2.26892
3.61525
2.86656
3.73693
3.85607
3.98633
2.43287
3.75785
1.16165
1.28682
1.63189
2.42369
3.03053
3.18907
4.89451
3.36924
2.63576
3.18927
3.77621
2.97355
2.75055
3.31759
3.1561
3.23997
3.36719
3.06515
3.26917
3.74048
1.70754
4.29108
4.41277
3.78272
2.58025
2.61225
4.60979
3.95077
3.16751
2.75307
5.05735
3.35491
2.43605
1.44207
5.27109
5.35208
2.00825
4.36634
4.77382
3.90444
3.90573
3.1749
3.57258
3.45551
3.55391
3.32401
3.42234
3.94709
3.93638
4.08724
3.05576
4.02936
3.31271
2.56037
3.23262
3.69026
2.56384
3.74741
2.6768
3.19355
4.87481
3.09018
3.877
1.56478
4.27208
3.95447
2.54413
2.87911
2.95585
1.97267
4.06107
2.76968
4.03274
3.86457
5.38904
3.61327
2.76153
4.15551
3.4904
3.56412
4.8013
2.87946
3.0032
3.41532
2.60439
4.60961
2.85247
4.29087
2.56393
4.54183
3.56234
3.55247
2.728
2.47221
3.54292
4.12362
4.86066
3.1905
2.5566
3.84842
3.52004
3.62002
3.2786
3.0723
4.89238
2.66381
3.25467
2.57583
3.4202
2.50698
4.27768
3.57757
4.3116
2.52216
4.03148
4.41498
2.37928
3.17617
1.4573
3.7218
2.89002
4.43207
4.83382
2.57928
10.5047
3.49089
5.15749
3.32222
3.83152
2.9101
3.16448
3.29965
1.76633
2.99914
2.80368
3.44592
3.14386
4.16177
4.09093
2.42025
4.4102
3.53248
5.00841
3.71098
5.11537
4.04823
3.75019
3.12794
1.76549
3.98971
4.2143
2.7322
4.12529
5.41732
4.06894
5.24537
3.67398
3.15075
2.99971
2.41881
3.87662
2.01684
3.43905
3.03684
2.69195
2.79361
2.47104
2.84319
2.88009
3.3957
2.78185
3.11907
3.3174
3.77515
3.47013
3.75694
3.26542
2.79377
3.56066
2.60039
3.77731
3.00568
3.64528
3.3182
2.89493
3.22525
2.06859
2.46278
3.77131
3.19586
4.38749
2.29005
3.17514
3.13309
5.29494
1.82447
3.63819
12.6276
4.74732
4.09364
5.51869
4.94009
5.19106
4.8863
2.66784
3.12342
3.52467
2.74448
2.55384
2.82779
2.48158
2.97858
2.62152
2.3897
2.75613
3.11746
2.7043
2.71081
2.73691
3.53734
2.98481
3.00543
3.20913
2.8852
3.44682
2.80428
2.9439
2.76581
3.75375
2.62487
3.22563
3.89795
2.28203
4.04238
3.03544
3.10672
2.83119
3.17553
3.6143
2.87298
3.62238
2.86992
3.31729
2.96358
3.11081
3.19804
2.65784
3.17379
3.55954
3.21876
2.77566
2.89885
2.68398
3.15219
2.79393
2.76284
3.64356
3.52119
3.17725
3.199
3.46129
2.42164
3.15216
4.77145
3.56368
3.3805
2.75698
2.09121
4.09969
3.13219
3.71222
4.85071
4.54207
3.80148
3.96718
3.88547
4.56282
7.494
4.56451
4.23199
2.75247
3.11868
2.93575
4.1938
3.02366
2.78169
3.49436
3.24276
3.02485
1.80331
2.76207
2.36242
2.39806
3.01103
3.03406
3.22658
1.82137
3.44637
2.82519
4.26671
2.4713
3.92004
3.66881
3.97838
2.54737
3.29117
2.58866
3.81753
2.33925
3.43864
2.32422
4.68747
4.45548
3.92241
2.51293
2.14972
3.28356
2.11261
1.96457
2.96329
3.77237
3.55268
2.48115
3.01921
2.18016
2.91162
2.23542
1.00718
3.12175
2.92778
2.71717
2.05422
3.22822
2.62314
2.04032
2.43574
2.43028
3.98626
4.28389
4.3983
5.17649
3.39111
4.6141
4.93525
6.95376
6.18346
6.17985
5.67775
5.94584
5.78587
5.37964
2.12568
12.1155
2.82377
1.92754
2.38919
2.91705
6.33973
3.54135
3.48342
3.55056
4.0711
3.33864
2.64829
3.447
3.07186
3.20936
3.46635
2.20604
3.41659
3.37485
3.17403
3.8588
2.39531
2.38155
2.71918
3.85766
4.74
4.23871
2.37506
4.09888
4.08131
4.06306
3.15459
2.75551
3.25143
4.40957
4.12824
2.34039
1.96146
1.31142
2.03999
1.52964
1.68195
1.1602
1.51167
4.27775
1.61313
1.93201
1.42771
1.4454
1.43951
0.787066
1.29976
1.27236
0.918982
1.65239
1.66162
1.35308
1.42483
3.55073
6.22028
6.46543
4.15192
2.6118
2.45532
5.75374
5.75191
2.59652
2.54439
2.33719
1.51617
1.81849
3.6003
3.7605
3.9419
3.42902
3.73723
3.33449
10.1789
3.63519
2.3172
4.23234
2.39743
2.79015
2.74929
1.62778
1.09439
0.76437
0.517311
1.06575
1.54999
1.06156
1.90049
2.31257
3.90677
2.47773
3.78359
3.64439
3.09747
2.74381
2.75599
3.14543
2.13761
2.9901
3.94658
3.60469
3.05975
4.17317
2.64615
2.2851
3.28045
3.44195
3.27637
3.43668
4.63921
2.23374
3.38434
3.27219
3.46341
3.0003
2.53945
3.39076
2.48073
3.72673
2.44282
1.81206
1.93838
4.03507
2.98889
3.31507
1.81375
1.55466
3.79408
3.13076
1.60183
2.73942
4.54481
1.12185
1.78651
4.88595
5.25305
2.06141
2.24063
4.1016
4.20193
3.52451
2.94881
3.58186
3.59934
4.46877
2.31332
4.80865
2.89201
1.31381
1.75664
2.02418
1.41404
1.17063
1.22339
1.92344
1.69251
2.3458
1.28919
2.2169
1.17332
1.45667
2.58969
1.8119
1.60961
1.42459
1.44087
1.378
1.1134
1.1995
1.03253
1.29173
1.08917
1.31544
1.63571
2.59577
3.59925
1.29832
3.09496
2.28984
3.88168
3.54772
3.34984
1.62844
3.07323
1.54057
2.20956
1.24535
1.36198
1.0951
1.49068
1.29633
1.41765
4.35764
3.5581
3.46873
3.46419
1.15639
1.62559
0.981384
1.31353
1.12944
2.31927
5.30314
3.5344
3.0305
3.77409
2.71085
2.42935
3.04157
4.68013
2.07449
2.23834
3.104
1.96168
2.4922
3.44203
4.09784
2.7106
2.20551
3.79652
3.73615
1.88359
2.75865
3.27885
2.1451
2.76513
2.86044
3.19911
3.18596
2.95058
3.44358
3.26582
3.34381
3.39159
3.43195
3.5037
4.0503
2.81188
4.50479
2.85975
3.84922
3.40557
3.40183
4.05476
4.05153
3.5839
3.88506
3.48806
3.4262
3.426
4.20602
2.44174
4.14968
3.61554
3.41474
1.62777
2.70228
3.13998
2.17561
3.08087
3.70254
3.90844
3.41306
2.84911
2.62295
3.31748
3.13191
4.34137
3.19126
3.46598
3.88623
