0.0119419
0.013382
0.012258
0.00360085
0.0100436
0.0350657
0.0220055
0.00614302
0.00100582
0.0386239
0.0247771
0.0375039
0.0126775
0.00980874
0.00813012
0.00333168
0.014289
0.00566725
0.00357687
0.00938689
0.0281967
0.00859573
0.00763391
0.00458563
0.0208639
0.0113912
0.00104285
0.00410873
3.11812
0.00690776
0.00244802
0.00766473
0.0119579
0.00480101
0.0401802
0.0127063
0.0257449
0.0195906
0.00879123
0.0136057
0.0172171
0.0150076
0.0159976
0.00531797
0.0306755
0.0264941
0.0182462
0.0120876
0.00723539
0.00312548
0.00419605
0.0419386
0.0145103
0.0259757
0.00254358
0.00174415
0.0284621
0.0055642
9.82611e-05
0.066608
0.0201427
0.0132814
0.0353744
0.0108071
0.000916042
0.00418147
0.00797016
0.0125731
0.00236906
0.0149787
0.0291559
0.00281851
0.00266373
0.0169194
0.00349432
0.00477004
0.021364
0.0214855
0.0168443
0.0173566
0.00501362
0.0393433
0.0158685
0.0371058
0.0155357
0.0204475
0.00749273
0.00819079
0.0173762
0.0246554
0.00846451
0.0211462
0.0260634
0.0125375
0.00830448
0.0032307
0.005366
0.0110507
0.0121895
0.0308676
0.00953836
0.00498714
0.0331322
0.00525518
0.00976915
0.0134319
0.0216995
0.0308281
0.0249521
0.0034393
0.0408599
0.0103838
0.00438877
0.00321425
0.019665
0.0168953
3.13924
0.0133827
0.00997938
0.00410896
0.000767815
0.0109425
0.0145271
0.00213932
0.00957573
0.0199355
0.0146597
0.00411548
0.0190963
0.00036962
0.00951766
0.00878386
0.0697859
0.0138685
0.0255547
0.0103459
0.00243898
0.00605991
0.00672039
0.0575457
0.0305425
0.00455635
0.00736879
0.00836046
0.00787564
0.0205336
0.0221761
0.00359218
0.0127296
0.0165967
0.0170531
0.0075994
0.0149053
0.00156587
0.00637795
0.0433252
0.00736459
0.0101315
0.00876838
0.00228567
0.0273598
0.00702409
0.0679559
0.00561749
0.00251333
0.0104075
0.00925364
0.0282297
0.0118432
0.000113896
0.0134098
0.00403565
0.00121032
0.0177244
0.0149464
0.014502
0.0172854
0.0126488
0.00745108
0.00513296
0.00653976
0.0248031
0.0075111
0.00365739
0.00404622
0.00878871
0.00418398
0.00807063
0.00883797
0.00154672
0.00214161
0.0014696
0.0038355
0.0113205
0.0016252
0.00878339
0.0180434
0.0124377
0.0134471
0.0102825
0.000356537
0.0232287
0.00678728
0.00936122
0.00519699
0.00252283
0.0180604
0.0039217
0.0077052
0.00211129
0.00255231
0.0170275
0.00271293
0.0111631
0.0233244
0.0158304
0.00783672
0.0135003
0.00912206
0.00707238
0.0171301
0.0271297
0.000472336
0.00096108
0.00538666
0.00962042
0.00353823
0.0123372
0.0179591
7.15498e-05
0.00810502
0.00355073
0.000984211
0.0349869
0.00566185
0.0219572
0.00721716
0.0170699
0.00572059
0.00628471
0.00730865
0.00932901
0.00399157
0.0150568
0.00406988
0.018547
0.0294007
0.0188712
0.0361375
0.0128053
0.0723818
0.028694
0.080276
0.0347206
0.0353427
0.0301373
0.0603552
0.0118117
0.027327
0.0258928
0.0386561
0.00573412
0.0160767
0.00152671
0.0585943
0.0197005
0.00343131
0.0174957
0.0179047
0.00161942
0.0508644
0.00101115
0.0825911
0.00980888
0.0424656
0.0454183
0.0042846
0.0139932
0.000353177
0.0601329
0.00941606
0.0200944
0.00630582
0.0110319
0.00032374
0.00152133
0.0134687
0.0127852
0.00406689
0.0521269
0.022045
0.0210999
0.00509709
0.0165128
0.0244209
0.0222887
0.0127242
0.0136479
0.0229961
0.0158603
0.000699395
0.0199804
0.0115404
0.00835578
0.0215933
0.0142265
0.0172343
0.00545978
0.0136026
0.00713714
0.00401576
0.0148634
0.00244089
0.0172718
0.0228338
0.00288366
0.0149624
0.00129277
0.0226953
0.00869202
0.00459505
0.00116895
0.0122251
0.0176249
0.0138045
3.12239
0.0153457
0.0157674
0.0111986
0.0146906
0.00580241
0.036628
0.0169616
0.0261263
0.00646303
0.00677203
0.0249106
0.00231144
0.0795583
0.00580934
0.0313116
0.0103764
0.00503792
3.13066
0.0330502
0.00647378
0.0162539
0.0115355
0.00939115
0.00379485
0.0169099
0.0102853
0.0204676
0.00944962
0.040728
0.00840211
0.0231298
0.00498589
0.000959982
0.00519661
0.00668586
0.209578
0.000648511
0.00282576
0.0272665
0.0202984
0.0030991
0.00495486
0.00690634
0.0200471
0.00304449
0.0191323
0.000328144
0.0108884
0.00158464
0.00382719
0.0184595
0.00350084
0.00391687
0.00979996
0.0207352
0.0167294
0.0161793
0.0140837
0.0174969
0.0129514
0.0558618
0.000721261
0.0208227
0.0247493
0.0196124
0.0105772
0.0208379
0.00570139
0.0104235
0.0162508
0.0189344
0.0176552
0.0233154
0.00838486
0.0141287
0.0131393
0.0434002
0.00861438
0.00970278
0.0140913
0.0167684
3.08617
0.013264
0.0228567
0.0166865
0.00489163
0.0211944
0.0141357
0.020846
0.03928
0.00180013
0.00210982
0.0191154
0.0237948
0.0278075
0.0133516
0.00117911
0.00061642
0.0184597
0.00626038
0.000690002
0.0264472
0.00278344
0.0080439
0.017244
0.0208226
0.0138255
0.0115553
0.0168863
0.00170799
0.00733457
0.000566236
0.01149
0.00218679
0.00276412
0.0261755
0.00166011
0.018224
0.0042284
0.00495705
0.0124965
0.00513358
0.01472
0.0256988
0.024666
0.0335396
0.00427544
0.0195578
0.0046208
0.0268873
0.000583859
0.00997493
0.01334
0.00217749
0.00303677
0.0533919
0.0116933
0.0484413
0.0236425
0.00449694
0.0123621
0.0085359
0.000276327
0.0100617
0.00255372
0.0202914
0.0177383
0.0105658
0.000873942
0.0181786
0.00900821
0.0244164
0.00997826
0.00544499
0.0257364
0.00362635
0.0166748
0.00686084
0.0118248
0.00652485
0.0471607
0.018763
0.0142323
0.00558202
0.020751
0.0171235
0.00917867
0.0555834
0.0125484
0.0199405
0.00364161
0.00826811
4.60877e-05
0.0495391
0.0197366
0.025484
0.0150315
0.0106126
0.00454199
0.012816
0.0385645
0.0242893
0.00999521
0.00832876
0.0389302
0.0152969
0.0194747
0.00527822
0.0148299
0.00667879
0.0194008
0.0209213
0.0156873
0.015562
0.024923
0.0068895
0.0234265
0.026226
0.0172841
0.00166426
0.0183771
0.00777852
0.0342706
0.00806834
0.0096935
0.00777504
0.00494345
0.0219741
0.00917603
0.0664397
0.00667141
0.0279532
0.0335857
0.0311528
0.0103223
0.00376218
0.00671769
0.00589436
0.0300923
0.0157462
0.0222108
0.0222582
0.018473
0.0394811
0.0187291
0.000466135
0.0549057
0.0164843
0.0136388
0.0979416
0.013017
0.000518551
0.0103616
0.00150318
0.0204679
0.0018794
0.0121773
0.0145986
0.00204251
0.0101047
0.010954
0.0261878
0.00975687
0.00391453
0.00396311
0.034623
0.0314924
0.00519543
0.0265072
0.0130183
0.00062844
0.0199387
0.0669131
0.0291025
0.0317617
0.0138033
0.00874932
0.0300175
0.0447586
0.066173
0.0153222
0.0116672
0.00319137
0.0448372
0.00529027
0.0150546
0.00515457
0.0271708
0.000560875
0.00880485
0.0228362
0.013468
0.01036
0.0498293
0.00788336
0.025063
0.0414687
0.00510379
0.0222378
0.057107
0.0271884
0.0785821
0.00949822
0.00682918
0.00817585
0.0237474
0.0100066
0.0248632
0.0035122
0.014034
0.0194043
0.046467
0.0353073
0.0194761
0.00735379
0.016468
0.0250626
0.028795
0.0239166
0.0585102
0.0158368
0.0144335
0.0427816
0.0455545
0.00564313
0.00665878
0.0189482
0.00810812
0.0328748
0.0112841
0.000619967
0.00230356
0.0230072
0.043002
0.0131523
0.0448605
0.0398981
0.00835569
0.0615666
0.0301085
0.024376
0.0127837
0.00372275
0.0780672
0.0319527
0.0636354
0.00909113
0.0575242
0.0131612
0.0743151
0.00583987
0.0909291
0.016255
0.00963247
0.0591137
0.0229816
0.0169393
0.00711324
0.0192691
0.00292996
0.0138829
0.00832912
0.0549721
3.13066
0.0199688
0.0323891
0.0153521
0.023693
0.0499819
0.0438354
0.0609418
0.000123939
0.0289285
0.0253169
0.00616611
0.0416597
0.0031
0.0176607
0.00646452
0.00443955
0.00641202
0.052541
0.0144255
0.0572097
0.0265824
0.0655531
0.000535913
0.0315047
0.0144051
0.0242622
0.0167997
0.00152129
0.0279676
0.00564364
0.019249
0.00494267
0.0258918
0.0607558
0.00947978
0.0377068
0.0176738
0.00882315
0.0639358
0.0192566
0.00334646
0.00321897
0.0179795
0.0315099
0.0218135
0.0123539
0.0273842
0.00150214
0.0178298
0.00906581
0.00943194
0.0261087
0.01572
0.0238718
0.0108673
0.0731699
0.0746922
0.0330411
0.00451788
0.038091
0.0222394
0.00218359
0.0195163
0.0407641
0.0296258
0.00126143
0.0234306
0.00272112
0.00532254
0.037524
0.0181649
0.0172137
0.0225355
0.0819008
0.00556249
0.0016566
0.00618704
0.0184718
0.00772078
0.038509
0.000216778
0.0331942
0.0707371
0.0173502
0.0938867
0.0712533
0.0521921
0.0229401
0.0169809
0.0181335
0.0482874
0.0535005
0.0183286
0.0193992
0.00148172
0.0399334
0.0125949
0.0142211
0.036701
0.0499574
0.0247652
0.0733058
0.103493
0.0714925
0.0131854
0.00222204
0.0112716
0.00442806
0.0146346
0.0176919
0.000175307
0.0624506
0.0390701
0.00642873
0.0179922
0.0562165
0.0381589
0.0637429
0.000474652
0.0320669
0.0100405
0.00834728
0.0499063
0.00387344
0.00239285
0.0434954
0.00482016
0.0229695
0.0270067
0.0023742
0.0319917
0.0389118
0.0182528
0.0104995
0.052792
0.0203014
0.0166239
0.026398
0.0443465
0.0259463
0.00377697
0.00296243
0.118401
0.00190147
0.00643491
0.0493343
0.0262293
0.00796861
0.0413815
0.0664527
0.00458638
0.0154089
0.00530146
0.00173246
0.0157894
0.0807791
0.026996
0.022251
0.0154224
0.0107779
0.0521702
0.114915
0.140106
0.0223198
0.00121565
0.0565563
0.00522343
0.0441719
0.000773963
0.0415041
0.0131087
0.0677893
0.0028577
0.0076708
0.0554763
0.00285285
0.0578528
0.00369901
0.0628243
0.0530169
0.00474725
0.0772804
0.0010009
0.000885531
0.030114
0.0290537
0.0427611
0.0046653
0.0179819
0.0611653
0.0314881
0.0643296
0.00118723
0.0212342
0.0494332
0.0190725
0.0230305
0.0261207
0.0119829
0.032257
0.0576247
0.0605218
0.0108629
0.0425323
0.0518754
0.00990671
0.0138584
0.0338606
0.0655204
0.0107745
0.0184078
0.00922961
0.00259206
0.0106211
0.0536485
0.00286902
0.0214524
0.0315798
0.0460891
0.0180203
0.0208129
0.0275024
0.017743
0.000491273
0.035838
0.0293567
0.0412778
0.0657497
0.00264008
0.000836926
0.0253653
0.0402587
0.000714189
0.0180582
0.0330079
0.00966185
0.0516692
0.0311255
0.0306498
0.0142304
0.0393501
0.0772111
0.00606101
0.0791074
0.0208064
0.0103517
0.0274877
0.0161189
0.0190184
0.0233025
0.00634219
0.0432579
0.0262238
0.0548646
0.00223592
0.0018078
0.0208663
0.0235282
0.00836992
0.0120597
0.0040455
0.0121423
0.00882003
0.0161711
0.0132491
6.33952e-05
0.0255602
0.0216598
0.000614305
0.075947
0.00984767
0.0485608
0.0251356
0.00636781
0.000229679
0.00501504
0.00699703
0.0853003
0.0215089
0.0156807
0.0164165
0.00798475
0.00836478
0.00129654
0.00590213
0.0135114
0.00493321
0.0147874
0.0224995
0.0199342
0.0176509
0.00580209
0.0315466
0.00517733
0.00991702
0.00189168
0.0081181
0.0189002
0.0124724
0.0151772
0.000780475
0.00175062
3.82191e-05
0.0648894
0.0659435
0.000428077
0.0270365
0.0104883
0.00244748
0.00292025
0.079421
0.0283681
0.0104546
0.0161346
0.0264231
0.00511808
0.0121625
0.00671204
0.0210863
0.0194064
0.0152309
0.00549514
0.0164232
0.00126158
0.0112567
0.00622264
0.00160148
0.0408178
0.0478233
0.00792266
0.00072026
0.0225078
0.0534883
0.0332371
0.0121741
0.0556992
0.00202194
0.0066595
0.012224
0.0450785
0.0444979
0.03061
0.0152013
0.0030348
0.0100943
0.0254973
0.0121806
0.00647733
0.0282439
0.0066887
0.00749356
0.0548918
0.0130062
0.00983764
0.0131554
0.0100959
0.00314501
0.0801595
0.00999216
0.0170643
0.0060147
0.0215953
0.00284208
0.00118078
0.0126102
0.0171071
0.220234
0.0199584
0.0165143
0.0595022
0.0166216
0.0112032
0.00164498
0.00773954
0.00523234
0.00118756
0.00392892
0.0118973
0.000253087
0.00970318
0.00796719
0.00255207
0.015343
0.0209489
0.0234747
0.107142
0.00364467
0.00710286
0.01812
0.0168957
0.0130788
0.0783764
0.0246007
0.0180546
0.000729862
0.0180283
0.0463536
0.00228909
0.00195631
0.0198918
0.00531293
0.00794093
0.0105276
0.0177966
0.00110892
0.0231164
0.0460022
0.0145601
0.00186386
0.0109055
0.01185
0.00751437
0.00876765
0.0144804
0.00869164
0.0038586
0.000484809
0.00353936
0.0169865
0.00244045
0.0211807
0.00353207
0.0162863
0.0172295
0.00188896
0.0046156
0.0237815
0.0131204
0.0300558
0.00146286
0.00426574
0.00233699
0.0431077
0.0152566
0.00428913
0.00510159
0.018458
0.0145002
0.0800463
0.0163425
0.0129429
0.00267528
0.067434
0.00773231
0.000431339
0.00339062
0.0243594
0.00438753
0.0216254
0.0123778
0.0112018
0.00412678
0.029077
0.034802
0.012266
0.000319868
0.0138052
0.0020645
0.0284337
0.0440819
0.0696103
0.0214167
0.00286606
0.0350402
0.0509746
0.00139869
0.0883486
0.00320793
0.01148
0.0183379
0.127087
0.0212689
0.0324249
0.00208479
0.0230867
0.064596
0.0115198
0.00763348
0.00106861
0.0248516
0.00896825
0.0157541
0.014796
0.000579073
0.00777238
0.00599502
0.0131757
0.0155276
0.0155038
0.0020786
0.0153881
0.0277114
0.00832832
0.0134018
0.00728616
0.00100979
0.0127655
0.0175322
0.0132385
0.00214426
0.00789174
0.00789992
0.0409593
0.0274505
0.00353366
0.0147927
0.00591862
0.0121353
0.0174305
0.0189421
0.00107757
0.0172913
0.00493966
0.0365124
0.0120384
0.0265221
0.00914194
0.00110069
0.0356072
0.0204117
0.00691163
0.0369117
0.0366508
0.0123213
0.0191197
0.0153992
0.0010516
0.0175813
0.0133382
0.00373637
0.0190915
0.0105905
0.0150498
0.0294679
0.0304586
0.006082
0.0487699
0.0669791
0.0340086
0.0261024
0.00301506
0.00460844
0.0038884
0.0122497
0.00916374
3.04489
0.0123073
0.0234972
0.00382168
0.00972618
0.00915149
0.000607077
0.00832018
0.0054979
0.0248122
0.00537224
0.0217066
0.0277149
0.0581299
0.00932084
0.00973323
0.028522
0.00463723
0.00541755
0.0330767
0.0247686
0.021249
0.0318353
0.0172287
0.00901672
0.0613343
0.00470002
0.00027998
0.0919083
0.0134823
0.0130048
0.00255301
0.0209038
0.0138572
0.0148532
0.00939643
0.0665168
0.0238102
0.00668041
0.00923982
0.0186719
0.0096543
0.00959723
0.00946254
0.000907542
0.0134805
0.00681666
0.0198618
0.0094907
0.00836364
0.0206654
0.00882718
0.0151155
0.029566
0.00485376
0.0280379
0.0037922
0.00298161
0.0255506
0.00486143
0.012703
0.00923003
0.0238179
0.00459625
0.00510207
0.0158714
0.0101461
0.00827215
0.00408186
0.0257847
0.00189973
0.00324615
0.0178171
0.0102435
0.0115678
0.0336275
0.0159282
0.0076238
0.0287484
0.0211107
0.0144208
0.0176497
0.0154259
0.0101206
0.0569657
0.00166994
0.00736934
3.85926e-06
0.0104236
0.0122397
0.0145699
0.00670872
0.00659136
0.0148553
0.0168166
0.00270534
0.0062546
0.0232747
0.000683814
0.00841788
0.0225566
0.00894304
0.0187905
0.0908749
0.0152582
0.00690415
0.0107472
0.017702
0.00978079
0.0121812
0.0123024
0.00765469
0.0202599
0.0342566
0.0166046
0.0189368
0.0320572
0.0131427
0.0111521
0.0239334
0.00560361
0.0212544
0.0231967
0.0135574
0.0176044
0.0217854
0.0275595
0.0172854
0.00839868
0.0184842
0.0149947
0.0081746
0.00196358
0.0190473
0.00975768
0.0235673
0.016839
0.000284734
0.00766496
0.010764
0.0314854
0.0165229
0.0002551
0.012525
0.0461245
0.0117367
0.00243381
0.000803615
0.0227292
0.0033097
0.00288581
0.00393585
0.0161966
0.0053676
0.00769279
0.00452238
0.000927569
0.0180653
0.00438202
0.0136731
0.0179708
0.00178098
0.0100231
0.00158895
0.00188514
0.0771195
0.00318574
0.00702412
0.0155217
0.00955806
0.00521617
3.09143
0.0207218
0.0298961
0.0032041
0.0017035
0.030933
0.00727033
0.00316909
0.00852026
0.00825122
0.00552326
0.00990039
0.0202396
0.0105067
0.00321579
0.00733049
0.00550154
0.0315051
0.00789649
0.0231184
7.53221e-05
0.0103261
0.0018442
0.004257
0.0240034
0.0945782
0.0348849
0.00890019
0.0759901
0.0196948
0.0116586
0.0116587
0.0118726
0.0157799
0.0416712
0.00894219
0.00404263
0.00187398
0.00532172
0.0104714
0.0024193
0.0132441
0.00562092
0.005116
0.00834508
0.0170579
0.00903002
0.00574193
0.0196034
0.028486
0.000712314
3.1365
0.00321212
0.0139354
0.0129564
0.00970551
0.027587
0.0153526
0.00972291
0.031414
0.00957242
0.00404768
0.00143412
0.00960078
0.00505874
0.0198595
0.00243735
0.0144952
0.00815458
0.0025157
0.0106896
0.00801999
0.0186486
0.0174099
0.000429283
0.033194
0.00997891
3.11732
0.0123089
0.00887026
0.0125774
0.00127715
0.00518589
0.0274415
0.013789
0.00948412
0.00404919
0.0139893
0.00810513
0.0135478
0.0574867
0.0065257
0.0133746
0.00885316
0.0458312
0.00739286
0.0119493
0.0105262
0.00937582
0.045191
0.0382393
0.0523674
0.0266782
0.0115448
0.017107
0.0359315
0.00439962
0.0136319
0.0263026
0.0180289
0.00924495
0.0369233
0.0031691
0.0493047
0.0102403
0.00281697
0.00819401
0.00630771
0.00788807
0.0463668
0.0131025
0.0698778
0.0360008
0.200985
0.0134374
0.021876
0.026407
0.0128168
0.0112344
0.00163895
0.011912
0.00146159
0.0211801
0.0158275
0.0107836
0.00619134
5.48946e-05
0.0118025
0.00950283
0.0226769
0.0154113
0.0166578
0.0402982
0.00281866
0.00868613
0.0179005
0.00555707
0.0167063
0.0284068
0.00123848
0.0243652
0.00902606
0.0422858
0.0387681
0.000193122
0.0252355
0.015235
0.0248167
0.0032472
0.00394398
0.0426227
0.00393374
0.00317448
0.0322905
0.0132613
0.0298033
0.024738
0.0447502
0.0148438
0.0438466
0.0264172
0.0214837
0.0268426
0.0102415
0.0129927
0.00227088
0.00330872
0.0122026
0.0107795
0.0100886
0.017375
0.00598843
0.0314807
0.0248318
0.0369815
0.0286636
0.00920542
0.0123592
0.022908
0.00907817
0.0340264
0.00276037
0.0235
0.0063688
0.0248496
0.0281586
0.0310032
0.0354521
0.00104007
0.0186553
0.0271619
0.0114225
7.86029e-06
0.0385642
0.00435204
0.0149519
0.00289457
0.00887297
0.0133564
0.000851955
0.00159791
0.0284502
0.00168295
0.00881379
0.00444636
0.000933895
0.00568773
0.0351407
0.0542608
0.00917437
0.00309746
0.0081156
0.00385206
0.00238923
0.0389541
0.00101963
0.00800972
0.0356256
0.00821597
0.00794623
0.00211749
0.00193594
0.0203868
0.0094944
0.0011167
0.00367112
0.010331
0.0386077
0.00638698
0.0153732
0.00604505
0.0123919
0.00440418
0.0100186
0.0021046
0.0106729
0.0041185
0.00643792
0.0137589
0.0296001
0.0226421
0.00881206
0.00874542
0.00774267
0.00562883
0.00753812
0.00316069
0.0419893
0.0250566
0.00830693
0.00468488
0.00758433
0.017235
0.0135989
0.00631261
0.00874907
0.00813262
0.000853682
0.00150633
0.0242167
0.0038558
0.00439804
0.0169184
0.0175323
0.00135718
0.00319726
0.00693419
0.0207244
0.0314997
0.0151647
0.00310744
0.00552725
0.000360729
0.019914
0.0298582
0.00263107
0.037864
0.0368467
0.00267587
0.00226924
0.0232489
0.00330782
0.0194802
0.0523966
0.015678
0.0187994
0.00033946
0.0227961
0.0152129
0.0488826
0.0164302
0.0451944
0.019852
0.0186676
0.0479492
0.00238329
0.035865
0.00162756
0.0260785
0.0405468
0.0099119
0.0101356
0.0478649
0.00445629
0.0468834
0.0369849
0.0219736
0.025277
0.0486465
0.0517042
0.00338946
0.0126512
0.0404858
0.00476062
0.0252967
0.0175291
0.00108199
0.059261
0.0124673
0.00716987
0.0183238
0.00978848
0.00594509
0.0269224
0.0244575
0.0226145
0.022206
0.0118895
0.0220583
0.00677533
0.0086197
0.0248054
0.0139583
0.0300417
0.0411456
0.0355771
0.0323012
0.0194569
0.0254994
0.00927759
0.000282642
0.0167521
0.0197291
0.0321125
0.00195379
0.0172031
0.0151507
0.00267545
0.0196435
0.0181984
0.0361042
0.0254563
0.0357822
0.018152
0.0214171
0.0206139
0.0609895
0.0080544
0.0241263
0.0715714
0.0421903
0.0128162
0.0159747
0.000900988
0.0387805
0.00746325
0.0485611
0.0670921
0.0134238
0.0122335
0.00751122
0.00989252
0.022151
0.00639735
0.01046
0.00180151
0.00824096
0.00592193
0.0198508
0.000913179
0.0477016
0.0276757
0.0575603
0.0327522
0.00172976
0.00367353
0.00717449
0.00753616
0.0350553
0.105117
0.00353453
0.00644429
0.0129748
0.033956
0.0240832
0.0163356
0.0407651
0.0107882
0.00433354
0.0799044
0.0684518
0.016534
0.0486246
0.0175726
0.0475955
0.0436234
0.0255444
0.01895
0.0599107
0.0463192
0.0633772
0.0777308
0.0158573
0.0070243
0.00260216
0.0399321
0.0335256
0.0480509
0.0288709
0.012466
0.0198105
0.0907027
0.0192128
0.00839827
0.0653642
0.0323151
0.0150737
0.0140262
0.0499105
0.0159328
0.0164643
0.0554703
0.00209368
0.00547391
0.0155748
0.00324793
0.00534886
0.054227
0.0063974
0.0243275
0.00233104
0.00682506
0.0170554
0.00121341
0.0141884
0.026728
0.023051
0.0140781
0.016095
0.00730199
0.00341821
0.00610779
0.04774
0.0372915
0.00807686
0.0143373
0.0106804
0.00156487
0.000441176
0.00683516
0.030297
0.00987987
0.00256386
0.034697
0.00903028
0.00398953
0.031365
0.0351363
0.0221536
0.0175818
0.0109925
0.0312193
0.00239527
0.00232208
0.0253666
0.0051568
0.0406778
0.0513008
0.026338
0.00820671
0.0249001
0.0264048
0.0127029
0.00550593
0.00288093
0.0145903
0.0157455
0.00795012
0.013244
0.00515951
0.0104828
0.00464299
0.0109273
0.0269584
0.0211315
0.0113808
0.0514827
0.0340307
0.021284
0.0278439
0.00365122
0.019435
0.0178522
0.00514495
0.00751665
0.0257398
0.0262038
0.00454896
0.0223464
0.0320754
0.0341638
0.0214757
0.0148714
0.00617593
0.00119681
0.027347
0.0307484
0.0131499
0.00260626
0.023792
0.0272168
0.0129535
0.0284325
0.00372971
0.00647313
0.0231415
0.0467236
0.0147229
0.00753789
0.023321
0.0149395
0.0533244
0.0412025
0.0185745
0.0355411
0.0291545
0.0491038
0.00474143
6.91923e-05
0.00427064
0.0246939
0.00318834
0.0263377
0.0738529
0.0136201
0.0558661
0.0341076
0.0121921
0.0304977
0.00154628
0.024398
0.00574561
0.00859922
0.0168496
0.00533592
0.0253634
0.0138632
0.0153397
0.0111876
0.0228726
0.0209214
0.0067506
0.0211267
0.00242373
0.00958981
0.0159835
0.0106909
0.00255397
0.00972715
0.0144611
0.00130571
0.0108358
0.0196838
0.0207528
0.0191546
0.00123742
0.00156226
0.0256068
0.0082735
0.0172559
0.0163169
0.0140296
0.0183573
0.0196797
0.00425173
0.0105396
0.0191183
0.00282886
0.0120884
0.00978458
0.0246371
0.000676659
0.00857597
0.00571875
0.0212097
0.00549235
0.00248296
0.0267434
0.00371677
0.00358379
0.0266706
0.0281384
0.017998
0.0099559
0.00313241
0.0155458
0.00528119
0.0149221
0.0262564
0.00133423
0.0183009
0.0140442
0.00273759
0.0109005
0.00503545
0.000654371
0.0265145
0.0354828
0.00134005
0.0279421
0.00617744
0.0254265
0.00285511
0.0122549
0.00207333
0.0108623
0.00236186
0.00827678
0.00741251
0.0235162
0.00495158
0.00562819
0.0193717
0.0121842
0.0176385
0.0374062
0.00351693
0.00748025
0.0264035
0.00154007
0.018685
0.0101944
0.00167735
0.0139987
0.0342132
0.0160244
0.0204573
0.00252515
0.00401546
0.0136175
0.00435325
0.033604
0.0154745
0.00540585
0.0171397
0.0059093
0.00592207
0.0115421
0.00623035
0.00342754
0.00107463
0.00993502
0.0025404
0.0111459
0.0111237
0.0112809
0.0087202
0.0227216
0.00351349
0.0187732
0.00217968
0.0105036
0.0466407
0.0146123
0.0246824
0.0043478
0.0102987
0.0143675
0.0320092
0.00837415
0.0383924
0.00821005
0.00399909
0.0548156
0.0201831
0.130614
0.00758424
0.00271643
0.000288099
0.00937248
0.0119417
0.000695139
0.00302522
0.0517054
0.0256679
0.010044
0.00784526
0.0243666
0.00328796
0.0117138
0.00495046
0.0122731
0.00825583
0.00969149
0.0114604
0.036988
0.0107885
0.0600406
0.047443
0.00721484
0.0104584
0.016483
0.0112412
0.000356316
0.00931992
0.00436867
0.00432486
0.0170452
0.0102016
0.0443856
0.01726
0.0258723
0.00965693
0.00296623
0.0146319
0.0108536
0.0143973
0.0135487
0.0235846
0.00961342
0.0374474
0.00507282
0.0074156
0.00431575
0.0182715
0.00400463
0.0154213
0.00377142
0.123029
0.0425766
0.0239106
0.0014251
0.0257254
0.0011448
0.0194208
0.00566754
0.0189519
0.022195
0.001658
0.0253109
0.0400423
0.0109782
0.0156938
0.000233809
0.0214028
0.0121309
0.0154902
0.0165738
0.0263838
0.000610901
0.0234961
0.0153159
0.0180854
0.0145636
0.11338
0.0036224
0.0140406
0.00885584
0.00777047
0.0101187
0.00476866
0.0132557
0.00577937
0.0145247
0.00282001
0.0108836
0.0367335
0.0392046
0.00284167
0.00398686
0.020818
0.0197171
0.0329543
0.0266942
0.0148507
0.00225135
0.0136853
0.00361301
0.000662846
0.00284522
0.012638
0.0110199
0.0126197
0.0151646
0.00455806
0.0327639
0.0123492
0.0276822
0.0162505
0.0209115
0.0551337
0.00297413
0.0246305
0.0238228
0.0283664
0.00127381
0.0013697
0.00618736
0.01548
0.00162531
0.0208196
0.00747296
0.0341336
0.00462179
0.0237368
0.0160783
0.00470104
0.0624329
0.00793437
0.00607304
0.0119662
0.00275661
0.0120978
0.00493639
0.00254893
0.0454697
0.0144666
0.0407549
0.00823194
0.00441273
0.0233007
0.00589541
0.0045053
0.0260549
0.010921
0.0158072
0.00869692
0.0520312
0.0127256
0.0498533
0.0259228
0.00728923
4.14349e-05
0.015291
0.00121533
0.0120078
0.00576984
0.00130346
0.00657827
0.00719908
0.035026
0.000484394
0.0185828
0.0226836
0.000379204
0.0186978
0.00242582
0.00166167
0.0328295
0.0253157
0.0281532
0.0331025
0.000780193
0.0180201
0.018184
0.0281825
0.0270299
0.0424252
0.0127676
0.0369321
0.00984511
3.05402
0.20912
0.0391492
0.013157
0.00755321
0.0151353
0.00194821
0.00870383
0.0123289
0.0269406
0.000513408
0.00697771
0.00160543
0.00555494
0.000742249
0.0229353
0.00319658
0.00820553
0.00161187
0.00639321
0.0024652
0.0149178
0.007458
0.0014535
0.0107184
0.00102749
0.0289169
0.0095656
0.0159464
0.0158755
0.00667867
0.009677
0.0129015
0.00307648
0.032068
0.00814094
0.0144898
0.0134561
0.00567549
0.000509536
0.0016587
0.00419475
0.020684
0.013643
0.0408107
0.00472299
0.00840866
0.00469139
0.0212137
0.00797273
0.00842348
0.0083512
0.028834
0.0086745
0.000890625
0.0205163
0.010664
0.0225251
0.012092
0.0164462
0.00618584
0.01266
0.0196195
0.0258348
0.00443757
0.00103481
0.00724796
0.0119136
0.00524355
0.00982247
0.00387451
0.00305443
0.0137429
0.0217691
0.0252644
0.00577371
0.00676908
0.0118452
0.00933761
0.0061311
0.0511708
0.000535143
0.0160257
0.0147355
0.0160477
0.0123451
0.0788575
0.0066689
0.0110917
0.0015973
0.000761533
0.0065874
0.00859562
0.0256911
0.0088228
0.0103511
0.000758109
0.000364935
0.0178083
0.0212989
0.0180786
0.0178982
0.0108086
0.0436666
0.0144036
0.0138918
0.00864435
0.00902298
0.0186939
0.0104825
0.0455302
0.00873405
0.0166954
0.00125657
0.00980881
0.0328022
0.0230369
0.0319845
0.00280268
0.0083742
0.00589237
0.00793106
0.0116606
0.0293034
0.0263202
0.0109617
0.0259985
0.00137259
0.00300778
0.0150593
0.00931129
0.000446267
0.00762483
0.00261411
0.0201995
0.0185424
0.0314428
0.0458399
0.0118005
0.0279428
0.0164072
0.015535
0.00721997
0.00814768
0.00800308
0.0086392
0.00515424
0.0228779
0.0557392
0.00607865
0.00430121
0.0121872
0.0133059
0.00926537
0.00667588
0.00806106
0.02381
0.000738075
0.0243253
0.0172982
0.0139198
0.0146491
0.0591245
0.0312996
0.00464634
0.00189758
0.0224866
0.0164505
0.0141013
0.00213463
0.0404359
0.0129073
0.0124957
0.0223719
0.00219162
0.00337257
0.0055786
0.0421469
0.0980104
0.0336527
0.00497189
0.0104097
0.00344003
0.0102145
0.012521
0.0231771
0.00280878
0.0153404
0.00917519
0.0286889
0.00205725
0.00939729
0.0274811
0.0317417
0.00195273
0.0536809
0.00561235
0.00481191
0.0267755
0.0137056
0.025669
0.00640847
0.0057781
0.000614508
0.0209563
0.0215034
0.00960495
0.00521393
0.0334636
0.0103643
0.0157267
0.0131047
0.0296009
0.0111596
0.0757163
0.00694502
0.00587608
0.00873876
0.00491343
0.0110397
0.0131673
0.0196844
0.00207529
0.00986778
0.0120351
0.0207216
0.0220026
0.00815264
0.00658845
0.0908542
0.0292932
0.0253636
0.000358626
0.101091
0.194542
0.0115261
0.00594631
0.0264118
0.0336395
0.0259555
0.0183065
0.00595213
0.00194557
0.000536154
0.00425764
0.00454775
0.100543
0.0123072
0.00348014
0.00989767
0.0182382
0.00997719
0.00207
0.0113769
0.0163292
0.000978353
0.0133041
0.0117799
0.0131825
0.00144314
0.00921691
0.0185967
0.0206039
0.0053288
0.0120619
0.0133192
0.0318016
0.0102782
0.00312367
0.0336001
0.016402
0.00118504
0.0264506
0.00996222
0.0269635
0.0344951
0.016274
0.0130217
0.00169834
0.0236768
0.00219432
0.0100031
0.0135057
0.00233806
0.0419932
0.0160527
0.00297091
0.038592
0.0013733
0.00350236
0.0130008
0.0114994
0.078111
0.0279401
0.0121694
0.0291695
0.0113981
0.0170111
0.00589233
0.0104615
0.010619
0.0716811
0.010769
0.00799015
0.0214791
0.0143827
0.0295939
0.00309135
0.0729719
0.032801
0.00959596
0.0562705
0.0232563
0.00701255
0.0403309
0.00210024
0.0189987
0.0187928
0.00123939
0.00240669
0.0125618
0.0132824
0.0563616
0.00497794
0.0212558
0.0195016
0.00997237
0.030849
0.0167188
0.00342867
0.0208752
0.0140072
0.0304253
0.0247149
0.0211731
0.0179606
0.00850394
0.00204176
0.0344054
0.0309451
0.0225715
0.00247726
0.0586397
0.011895
0.0259279
0.0194619
0.000815587
0.0276518
0.0442273
0.00897414
0.0139031
0.0108633
0.00119588
0.032279
0.0136407
0.0156425
0.016008
0.0137744
0.0298368
0.0387475
0.00673065
0.00735206
0.0101136
0.0149036
0.0276283
0.00442007
0.0317944
0.0177086
0.0223491
0.00505709
0.020581
0.0169466
0.0349474
0.064002
0.0196699
0.0249604
0.00116714
0.0366166
0.000272138
0.0065824
0.0197438
0.0213722
0.0250486
0.126659
0.0227561
0.0673206
0.0167176
0.00874644
0.0451706
0.0187849
0.0419684
0.0349855
0.0387958
0.0241184
0.0356359
0.110525
0.0210729
0.041826
0.0276657
0.0431782
0.00574436
0.00796474
0.00267552
0.0454264
0.0667251
0.0278279
0.020831
0.0057093
0.0226956
0.003891
0.00865222
0.00823811
0.00787525
0.0176994
0.0218698
0.0489202
0.0451304
0.0238109
0.0405088
0.00670545
0.05401
0.0245335
0.0358216
0.00716846
0.0439904
0.0152999
0.0290104
0.103754
0.0279566
0.0356923
0.00753299
0.0449204
0.0414792
0.0139704
0.030543
0.0377549
0.00549751
0.0634214
0.0114845
0.0488363
0.0161842
0.00774328
0.0996221
0.0129993
0.00903929
0.103773
0.00266701
0.0430266
0.0598624
0.0103239
0.0691517
0.0154738
0.0259068
0.0232444
0.00579312
0.0774042
0.0389284
0.000539052
0.0245873
0.0281039
0.0627357
1.48889e-05
0.0587317
0.0318374
0.121612
0.357268
0.109351
0.0581365
0.0424631
0.0243174
0.00688705
0.0195704
0.0319986
0.028728
0.0523117
0.0408419
0.0493823
0.0484333
0.0160534
0.044285
0.0536914
0.0712274
0.00440412
0.0759237
0.309365
0.0532088
0.0704494
0.104758
0.175552
0.247836
0.0502039
0.158328
0.012152
0.0391955
0.00946877
0.0287543
0.00830767
0.00671821
0.0148054
0.0278079
0.0396996
0.000336134
0.0199415
0.0112554
0.0361067
0.0149119
0.0130594
0.0595089
0.0237527
0.00766426
0.0176885
0.107269
0.0508128
0.127124
0.0633071
0.0303747
0.0555346
0.0336181
0.142326
0.0173212
3.07156
0.0034187
3.07748
0.038076
0.0374176
0.138983
0.0294813
0.00564225
0.00476458
0.0637562
0.0233118
0.0049201
0.0933999
0.0194119
0.0352033
0.0566955
0.0489159
0.0214099
0.00480098
0.480289
0.0589003
0.0640575
0.00963646
0.0638493
0.0350288
0.0156901
0.0646931
0.0159915
0.0675254
0.10315
0.0729922
0.0157508
0.0322004
0.0194993
0.0945066
0.113188
0.0814199
0.0143713
0.0719955
0.00272386
0.0946731
0.0089535
0.0599395
0.0138901
0.0255685
0.271939
0.0272525
0.0945637
0.037649
0.0180394
0.153571
0.0483272
0.0514118
0.0239971
0.035966
0.0249751
0.0219545
0.0877932
0.0600075
0.00589975
0.0759678
0.131772
0.0236115
0.0635088
0.458033
0.0462253
0.00895002
0.005854
0.0455312
0.0180898
0.0931531
0.00416
0.000246854
0.00847062
0.0276423
0.0295526
0.00686163
0.0181866
0.00546303
0.0238406
0.00164906
0.00944981
0.0429817
3.07464
0.000895246
0.0484389
3.11615
0.144159
0.087332
0.0382406
0.0152613
0.039215
0.00888785
0.00613304
0.0133832
0.0582756
0.0472583
0.0415168
0.0672627
0.0105823
0.0603991
0.0395695
0.00528428
0.041923
0.0396039
0.0112618
0.0645144
0.247363
0.010486
0.0824
0.215353
0.028052
0.0346566
0.307931
0.00915311
0.0419441
0.0340679
0.030973
0.104211
0.02649
2.87177
0.0622884
0.0700066
0.00558996
0.118642
0.160786
0.00340601
0.00617731
0.0198818
0.148226
0.0483788
0.0450862
0.0141409
0.0710414
0.115978
0.184244
0.0408765
0.0259767
0.0570501
0.147461
0.0123172
0.0772513
0.0196405
0.0380739
0.0167173
0.0875994
0.0947363
0.000988506
0.00804127
0.0365314
0.0716409
0.17975
0.0558481
0.124485
0.0778476
0.11623
0.0280065
0.0117534
0.00623944
0.0246614
0.0167674
0.0226656
0.0104878
0.0660148
0.0135831
0.00444805
0.00954159
0.0771564
0.0304709
0.0210541
0.031173
0.0110078
0.0495296
0.0106329
0.00707927
0.0257955
0.0700306
0.0115376
0.0137923
0.00438827
0.0357347
0.0282957
0.00246049
3.0974
0.0420549
0.00913271
0.00863277
0.023907
0.00434439
0.00551373
0.00338475
0.00581458
0.0204223
0.0178197
0.0149398
0.00311286
0.00230624
0.0255511
0.0172119
0.00433065
0.00607155
0.0713419
0.0112143
0.0130873
0.0876988
0.0331293
0.00375168
0.0108061
0.00692342
0.0118451
0.0157902
0.0240441
0.0200772
0.0124958
0.0274242
0.0147549
0.0174841
0.0119918
0.0126231
0.0261985
0.00102384
0.0119532
0.0343536
0.00279798
0.0294015
0.0420805
0.00186988
0.00571033
0.0132752
0.0477103
0.0238668
0.00571733
0.00804252
0.015003
0.00593669
0.0223994
0.00906156
0.0276899
0.00107431
0.0107755
0.00237522
0.0133311
0.000115555
0.00567779
0.0123434
0.000603987
0.0125866
0.0279538
0.00991723
0.00340512
0.00116786
0.0243368
0.00886489
0.0231974
0.000969587
0.0392769
0.0457572
0.00562774
0.0566698
0.0204626
0.0431444
0.0255754
0.0539155
0.0128448
0.0507822
0.017191
0.00166015
0.00707826
0.0285791
0.00682742
0.00997978
0.0208327
0.0160393
0.0111341
0.00011393
0.00694632
0.0246883
0.0562162
0.0203392
0.037904
0.0411314
0.0300265
0.00629524
0.0150592
0.00218802
0.0260971
0.0549879
0.0165311
0.0270044
0.000780499
0.0250897
0.0117997
0.0077287
0.0134949
0.00302044
0.00671215
0.00683346
0.00461563
0.0166381
0.00902223
0.0249611
0.00536638
0.0184572
0.00353545
0.0182926
0.0183071
0.00356875
0.000520854
0.00636045
0.00993217
0.0394126
0.00520369
0.067563
0.00718625
0.0106701
0.012295
0.00613984
0.0685724
0.0044325
0.0575191
3.13394
0.000414547
0.0133453
0.0332282
0.00155652
0.00835204
0.0373376
0.00148283
0.0329561
0.000869925
0.00857309
0.0120738
0.0101598
0.0300833
0.0108783
0.0413659
0.00964395
0.00197549
0.00377324
0.0513772
0.0294239
0.0224144
0.00288063
0.0466363
0.00203542
0.00971073
0.0494605
0.00311755
0.0139886
0.00424882
0.000293852
0.0103551
0.0281386
0.0145115
0.0660828
0.00925488
0.00561615
0.00693036
0.0085073
0.0307322
0.0209848
0.00117049
0.00225602
5.02555e-05
0.0150904
0.00181414
0.0149905
0.00927501
0.00590004
0.00967437
0.0139109
0.0184656
0.0104395
0.0269947
0.0446114
0.0169161
0.0329577
0.00625462
0.0240391
0.00583775
0.020654
0.00299712
0.00362454
0.00157629
0.00259134
0.00812216
0.00227566
0.0160365
0.116998
0.0990827
0.00378326
0.0127018
0.0135954
0.00744854
0.0156873
0.0158044
0.0296661
0.0232381
0.00658409
0.00183777
0.0539132
0.0407567
0.00778381
0.00697229
0.00992863
0.001182
0.00408317
0.0143802
0.0280918
0.0314252
0.00254293
0.00137011
0.027633
0.0227684
0.00643819
0.0188968
0.0291574
0.0331901
0.0938523
0.0944083
0.0328854
0.0726452
0.03062
0.00680914
0.0044611
0.0852579
0.0160067
0.0190855
0.0109634
0.0174829
0.0106797
0.000425141
0.0209434
0.0476252
0.0016001
0.0344032
0.0199658
0.011184
0.0052026
0.00114212
0.00700757
0.000361061
0.0112125
0.0354302
0.0149941
0.0125037
0.0574684
0.0114531
0.0168222
0.0226454
0.00247901
0.00606229
0.00753972
0.0517609
0.0139382
0.0231711
0.011758
0.00013905
0.00254147
0.00830903
0.0852783
0.00331605
0.00616967
0.00070904
3.12334
0.0149057
0.0417708
0.00922504
0.0311798
0.00566302
0.0533784
0.0250305
0.0142625
0.00666359
0.00310862
0.0199356
0.0169802
0.0280308
0.0104646
0.0205654
0.0011677
0.0204413
0.0189533
0.0190299
0.00827208
0.0606843
0.00720263
0.0225248
0.00869761
0.0346101
0.000888624
0.00342151
0.000791394
0.00146167
0.00319563
0.0265187
0.00495618
0.0716405
0.0102359
0.000761721
0.0381243
0.00678335
0.014706
0.026486
0.0533553
3.12402
0.00660484
0.0112861
0.0320509
0.00270543
0.00487956
0.0150318
0.00383326
0.0126067
0.00730999
0.00426357
0.0146249
0.00142259
0.000343642
0.0120974
0.00224221
0.00628238
0.00108727
0.00764883
0.000251801
0.00875824
0.0202734
0.00719575
0.00847483
0.0149176
0.0156777
0.00214811
0.0145876
0.0125723
0.00664794
0.00233109
0.015084
0.00274971
0.0144454
0.00389993
0.020496
0.0113427
0.0171262
0.0206481
0.0183663
0.0722673
0.0382509
0.0127259
0.0240774
0.0477149
0.0118697
0.0044477
0.0894595
0.0161058
0.0152843
0.0305496
0.00981233
0.0181782
0.0305692
0.00331527
0.0083348
0.00931418
0.0113994
0.00784874
0.00300251
0.0830628
0.0126122
0.0248881
0.00886861
0.00763347
0.0143334
0.00795302
0.011105
0.000582517
0.00608005
0.0226521
0.0123366
0.0232994
0.0287902
0.00488653
0.00124715
0.0113323
0.0155117
0.00451744
0.0137845
0.0261687
0.00625726
0.0237018
0.025571
0.00361326
0.0172217
0.00769012
0.00974969
0.00318816
0.032094
0.00452515
0.0445007
0.013162
0.00572299
0.029056
0.0204629
0.00115511
0.00513539
0.00235045
0.0157331
0.0322529
0.00671673
0.0526779
0.00975734
0.00487372
0.000840475
0.00992223
3.08246
0.0402021
0.0186866
0.000361056
0.0195027
0.0121846
0.00899951
0.00552333
0.0755732
0.0100545
0.00744863
0.0170241
0.00259762
0.012826
0.031697
0.000802249
0.0393846
0.00474936
0.002175
3.11497
0.023106
0.0239183
0.00582079
0.00602297
0.0148146
0.0271384
0.0144777
0.0130205
0.0181456
0.0218153
0.0186037
0.027965
0.00319881
0.0180344
0.0271076
0.0543631
0.00887802
0.0137335
0.0222961
0.0250805
0.00406913
0.026007
0.0277319
0.0214926
0.0146626
0.0192481
0.000277204
0.00466052
0.0195881
0.0251628
0.00775653
0.00398468
0.00216643
0.0197033
0.0320354
0.0382475
0.0170509
0.00907662
0.0218931
0.00728523
0.00589354
0.00145261
0.0273892
0.00988863
0.00280449
0.00196379
0.0164971
0.0240081
0.0150569
0.00975955
0.00067394
0.0064278
0.0156493
0.0154542
0.0320938
0.024979
0.00480462
0.043856
0.00799641
0.0788306
0.00705516
0.0160948
0.019974
0.0137741
0.00778372
0.0203709
0.0190739
0.00787759
0.00746425
0.0283017
0.0182884
0.0216252
0.0426036
0.0532343
0.0066571
0.0178693
0.0258381
0.00948073
0.00607904
0.00846586
0.00815911
0.00674856
0.0183504
0.0198993
0.0262679
0.0471488
0.00578246
0.00551158
0.0227854
0.0486796
0.00201519
0.0153045
0.0295463
0.000253146
0.0609236
5.73463e-05
0.0486705
0.00322627
0.0971146
0.0145815
0.0136899
0.0446473
0.00620461
0.0204605
0.00283491
0.0257609
0.0362227
0.00705072
0.0143758
0.010109
0.00822349
0.0118673
0.0114412
0.00294152
0.0371153
0.0122923
0.0212128
0.0123051
0.008842
0.00294437
0.00511097
0.039676
0.0246988
0.0134674
0.00523087
0.0213773
0.0123875
0.016447
0.0226378
0.0582891
0.0534732
0.0338773
0.0340995
0.0141967
0.0195325
0.0364939
0.0138303
0.0111216
0.0150486
0.028481
0.000174362
0.00506729
0.0453923
0.0139073
0.0503354
0.0435086
0.0594467
0.0189855
0.0047142
0.0386645
0.00119519
0.0285554
0.0115213
0.000805175
0.0435962
0.00329317
0.0232678
0.0139429
0.0253632
0.0709475
0.0845033
0.0613196
0.00322777
0.000326295
0.0143422
0.0483935
0.0371305
0.00968377
0.0365176
0.0127424
0.00687927
0.00572428
0.0138885
0.0219888
0.0189579
0.039652
0.0675539
0.014822
0.00471679
0.00564244
0.0579005
0.0130294
0.0100614
0.0247924
0.0197322
0.0355363
0.0482858
0.018879
0.0698481
0.0169642
0.0111008
0.0154499
0.0322044
0.0395172
0.0315052
0.00402917
0.00991681
0.0378132
0.0853942
0.0162476
0.00103459
0.0176197
0.00393441
0.0136917
0.0697291
0.00745016
0.00412469
0.0128509
0.0532044
0.0172213
0.0680758
0.00657255
0.00748648
0.0319888
0.0240558
0.0611695
0.0135749
0.014953
0.0302044
0.00797006
0.0135394
0.0198404
0.0074215
0.0109072
0.0613695
0.0306096
0.0108311
0.0402839
0.0792316
0.0547183
0.0434509
0.0425932
0.0311262
0.0267187
0.0169369
0.167139
0.0561407
0.0234508
0.0525178
0.0182163
0.027386
0.0299648
0.0211369
0.0189336
0.112953
0.0461171
0.030324
0.00393915
0.0201617
0.0285527
0.00406666
0.0266481
0.00352543
0.00928172
0.010501
0.0158651
0.0021974
0.0519334
0.00653603
0.0026716
0.060353
0.0148239
0.000385006
0.0211326
0.0209544
0.0146155
0.0139921
0.01556
0.0174925
0.0128363
0.0117469
0.025402
0.022328
0.00894004
0.0512889
0.0203308
0.034499
0.00620318
0.0487525
0.0133987
0.0566814
0.018063
0.019153
0.012566
0.0309394
0.0147788
0.0103173
0.01531
0.0113389
0.080537
0.000251749
0.000159309
0.0134516
0.0355025
0.0146893
0.0435159
0.00133173
0.000265084
0.0144857
0.0256717
0.0191603
0.015962
0.00316281
0.0189232
0.0110259
0.0279187
0.0169063
0.0397113
0.0430264
0.02309
3.1145
0.0166863
0.00637514
0.0214409
0.0868286
0.00560784
0.0230568
0.000967094
0.00728712
0.0127906
0.00883559
0.0329712
0.009042
0.0381315
0.00211128
0.00802488
0.00673797
0.0225412
0.00468102
0.025559
0.0501697
0.0977733
0.0435968
0.00467498
0.0487334
0.0381555
0.0220786
0.0125242
0.00898017
0.023809
0.00467973
0.022511
0.0019706
0.0250231
0.0540971
0.0303042
0.0204031
0.0209398
0.0254082
0.0249164
0.00423953
0.0168736
0.0106574
0.0307881
0.000351324
0.0227576
0.114264
0.00529306
0.0083543
0.030422
0.043465
0.000986428
0.00137171
0.00204084
0.00289482
0.0554392
0.00263429
0.0016686
0.027368
0.00926021
0.0356682
0.0215166
2.64312e-06
0.033513
0.0190332
0.000711222
0.0232578
0.000943663
0.0160576
0.0199971
0.0135161
0.000816146
0.0042446
0.00269583
0.00684848
0.0168239
0.022592
0.0705221
0.00273501
0.00922944
0.00857079
0.0107228
0.0644013
0.02537
0.00559827
0.0240618
0.0287458
0.00575116
0.00374925
0.0415052
0.0568713
0.00791876
0.000990235
0.0302204
3.14033
0.0166032
0.00520918
0.00791534
0.000404732
0.00348287
0.0030889
0.0214236
0.0193598
0.00176885
0.0168891
0.0100127
0.00956698
0.0652778
0.037319
0.0292682
0.0279215
0.0531703
0.00447216
0.0304234
0.0133627
0.0493018
0.00857492
0.0255079
0.00179916
0.00632363
0.0379824
0.00492651
3.12315
0.010277
0.00750368
0.00303961
0.00606514
0.0149327
0.0400434
0.00889089
0.00972525
0.000243174
0.0267188
0.000317108
0.00344906
0.0197476
0.0297846
0.0196886
0.0096683
0.0462609
0.0146683
0.00384188
0.079202
0.000133894
0.0713608
0.00225959
0.0138091
0.00801431
0.0116395
4.46993e-05
0.00504224
0.0102487
0.00214412
0.013335
0.000958705
0.00346581
0.0123553
0.00926567
0.00223858
0.0192492
0.00458489
0.00061799
0.0104778
0.00988526
0.00722178
0.00995696
0.0166462
0.0526275
0.00851282
0.00925238
0.00782533
0.0116327
0.0389656
0.0866682
0.00701449
0.0473072
0.113755
0.000947079
0.00441637
0.00126081
0.0143783
0.00918213
0.00665633
0.00288246
0.00659655
0.00121228
0.0250399
0.0085014
0.000828138
0.0201101
0.00141645
0.0073574
0.00257865
0.00323007
0.0349071
0.00915527
0.00234903
0.0155873
0.00708478
0.00206306
0.000974332
0.0278799
0.0150588
0.0599099
0.000583302
0.0123685
0.00837809
0.00214258
0.00374871
0.0151615
0.0303328
0.00294336
0.00199111
0.0160922
0.00623256
0.00119231
0.0152551
0.100394
0.0108952
0.0171144
0.0301694
0.0383613
0.036042
0.00913021
0.0673312
0.00331599
0.00587417
0.00518884
0.00172033
0.00230869
0.00817628
0.0767745
0.050649
0.0111285
0.010468
0.00795214
0.00303798
0.0466378
0.00547601
0.00608344
0.00144407
0.0507633
0.000633645
0.00914146
0.0189429
0.0972719
3.10431
0.0746093
0.0334074
0.0303353
0.00966205
0.0129801
0.0250693
0.0151525
0.0186781
0.0128441
0.0258698
0.00405743
0.0614469
0.0184487
0.00336092
0.0111237
0.00709019
3.13262
0.00811062
0.00172678
0.00133089
0.00149973
3.12139
0.00344347
0.0289149
0.0201028
0.000994877
0.00974
0.0585239
0.0106128
0.0224312
0.00675977
0.0052328
0.0162084
0.00801723
0.000357637
0.00438081
0.0202814
0.0126146
0.000269125
0.0502607
0.0634755
0.00261356
0.042414
0.0119046
0.00651211
0.0559926
0.0153485
0.00384159
0.0169293
0.0245884
0.0696169
0.0125605
0.0166027
0.0108871
0.00841922
0.0107905
0.018693
0.00707227
0.0124202
0.00999786
0.129827
0.0197494
0.00265274
3.13823
0.0303052
0.00558789
0.00324385
0.00612653
3.08997
0.00989035
0.00553006
0.040758
0.0114551
0.0101243
0.00571039
0.000350556
0.00145148
0.0237716
0.0125938
0.00369315
0.0383736
0.00559674
0.0197647
0.0375523
0.0080315
0.0218219
0.00574892
0.00169116
0.00534098
0.00168876
3.11178
0.0125259
0.0192136
0.00149022
0.0207645
6.90128e-05
0.00342938
0.0192997
0.012609
0.0333554
0.0119991
0.00863457
0.00895312
0.00446077
0.00196233
0.00921853
0.000277778
0.0161752
0.00293968
0.0144867
0.00156335
0.00130074
0.0141829
0.00201498
0.0058953
0.00819643
0.0150473
0.0235815
0.0144498
0.00452283
0.0209909
0.0145161
0.000478414
0.00227472
0.00334638
0.00598039
0.00087489
0.00652262
0.00739565
0.00293072
0.00389074
0.000197782
0.00190473
0.0055702
0.00769025
0.0150445
0.00659158
0.0200416
0.00392716
0.00957596
0.0111506
0.00459269
0.0116441
0.00904663
0.00707728
0.00903358
0.00418514
0.00276532
0.000659382
0.00242576
0.00834414
0.00860505
0.00547589
0.00471114
0.0064531
0.0126374
0.0825076
0.0182821
0.020277
0.065734
0.00911517
0.0144647
0.000126679
0.0448321
0.0149229
0.028025
0.0148896
0.0145614
0.0154154
0.024873
0.00594944
0.00467411
0.00678576
0.00607886
0.00175598
0.00587648
0.000771695
0.00307071
0.00480156
0.014235
0.00190883
0.00926358
0.0226166
0.033847
0.00444238
0.00297987
0.00390721
0.00178458
0.0032179
0.00179366
0.000686745
0.0161084
0.00269109
0.00790305
0.0102287
0.0062095
0.0522183
0.0052229
0.0170711
0.0120221
0.011494
0.00238932
0.09179
0.0455712
0.00556259
0.00582979
0.0123579
0.0078536
0.00267789
0.00276577
0.01805
0.00979986
0.014136
0.00563916
0.00464108
0.00108142
0.018196
0.00924059
0.00383297
0.00863947
0.00864712
0.00744802
0.0107817
0.00125712
0.017451
0.0122792
0.00956638
0.00659851
0.013902
0.00454903
0.040688
0.00265218
0.0304215
0.0704075
0.0325586
0.0179832
0.00527803
0.0923864
0.00491505
0.00257995
0.00234395
0.00276466
0.00273628
0.0388449
0.0141739
0.0164554
0.00926266
0.0156711
0.0042908
0.0109549
0.022154
0.016546
0.0116102
0.0325796
0.00644129
0.0134434
0.0171326
0.0223691
0.0247099
0.0176431
0.0422881
0.00831641
0.00251826
0.00983086
0.0198779
0.003109
0.00317898
0.00886568
0.0149839
0.001768
0.0112656
0.00543331
0.0145789
0.0126661
0.00797981
0.0286727
0.0128201
0.0226231
0.0545636
0.0270475
0.0414111
3.11688
0.00457904
0.00527064
0.00547463
0.0259985
0.016334
0.0146544
0.042021
0.0089811
0.0463438
0.0263261
0.004497
0.00657235
0.00376983
0.00523164
0.00778263
0.0167038
0.0119747
0.00949491
0.12699
0.0497578
0.0110377
0.0143448
0.00580532
0.00684578
0.0295984
0.013058
0.0161762
0.0277775
0.0143177
0.00446938
0.0150439
0.0172294
0.000164312
0.0146611
0.00572998
0.0136987
0.0267397
0.01462
0.0107994
0.013121
0.00973289
0.00762738
0.0148756
0.0130409
0.00599677
0.00107413
0.00842355
0.0196882
0.000890595
0.0198114
0.00264601
0.00831834
0.002853
0.0125786
0.0107902
0.00973337
0.0137569
0.0142329
0.011391
0.014418
0.00990101
0.00471816
0.00208281
0.00672121
0.0119206
0.00105512
0.00184666
0.0053114
0.00662647
0.006339
0.00495527
0.0113395
0.0030045
0.0114293
0.0130657
0.0122984
0.00847754
0.0041594
0.00931959
0.00781748
0.0190315
0.00792068
0.0313073
0.00942842
0.0133957
0.00373462
0.000385862
0.0523981
0.00235084
0.00715111
0.00414473
0.0118632
0.0251629
0.00228769
0.00153531
0.00497377
0.0150514
0.0252572
0.00812586
0.011061
0.00310503
0.0134227
0.00955312
0.00210586
0.0109279
0.00269276
0.00401628
0.0134065
0.000119339
0.0087091
0.00556469
0.000231833
0.019879
0.00418648
0.011117
0.00202062
0.00681243
0.00449003
0.011097
0.00798526
0.0128887
0.0141328
0.000422339
0.0208922
0.0140584
0.0173276
0.0046173
0.0123989
0.00247431
0.000880943
0.00685932
0.0153418
0.0108883
0.0127503
0.0135228
0.0247691
0.000272986
0.00606301
0.00326376
0.00232186
0.00247688
4.48401e-05
0.00464082
0.00749625
0.0117131
0.0102604
0.0158968
0.00332333
0.00851093
0.0117979
0.0161112
0.0116792
0.000681531
0.0482948
0.00022977
0.00609511
0.00462992
0.0021256
0.00293456
0.00870793
0.00303652
0.0108042
0.00882585
0.0173974
0.0445204
0.00997615
0.0189197
0.0138984
0.00169548
0.00266781
0.0171329
0.00302318
0.016185
0.00103605
0.0078749
0.00759432
0.0157098
0.0167882
0.00108848
0.021943
0.0106518
0.00169466
0.0112562
0.0125278
0.0149851
0.00535724
0.0105847
0.0091636
0.0466429
0.011628
0.00601237
0.0107331
0.000158035
0.00410755
0.00886086
0.0165092
0.0079201
0.00090694
0.00518334
0.00869554
0.00118541
0.00328353
0.0180993
0.0157771
0.00383848
0.0157601
0.00675334
0.00980065
0.00155944
0.00729752
0.00635598
0.00324099
0.000140761
0.019742
0.00788885
0.0214523
0.00678733
0.0125555
0.0045587
0.00677015
0.000591558
0.0171575
0.010613
0.0183564
0.0101623
0.0124817
0.00514559
0.00342165
0.00554696
0.00940794
0.0128847
0.0203323
0.00486422
0.0106354
0.00607958
0.0187218
0.00162111
0.024524
0.00413474
0.00292832
0.00164464
0.0183629
0.0245896
0.0305524
0.0161262
0.00521589
0.0042613
0.000997748
0.0114407
0.00701175
0.00163285
0.0182908
0.0234311
0.0190062
0.00993608
0.0117437
0.0165046
0.0125275
0.0120198
0.0251173
0.0118334
0.0132442
0.00851291
0.00865971
0.00268051
0.00434082
0.0339984
0.0077178
0.00358607
0.00714693
0.00379162
0.026466
0.00781283
0.000510016
0.0190882
0.00346645
0.0351985
0.011693
0.0227012
0.0316084
0.012085
9.96426e-06
0.00415872
0.00373317
0.0108815
0.00418008
0.00272968
0.0179967
0.0123517
0.00944166
0.0380329
0.0118162
0.0217726
0.0149686
0.00149947
0.0105375
0.0154101
0.0158072
0.000942797
0.0881315
0.00875198
0.00849545
0.0100443
0.0195815
0.0100583
0.0105976
0.000998212
0.0114606
0.0448287
0.00139556
0.0203916
0.0174759
0.00881207
0.000797321
0.0653025
0.0240547
0.00538183
0.0202404
0.0116362
0.0464539
0.0137949
0.00430308
0.00290197
0.00503854
0.0168191
0.0582596
0.0447482
0.0312378
0.0791751
0.0424835
0.0483813
0.0102657
0.0591892
0.0389985
0.016384
0.106732
0.0224051
0.0604994
0.0789033
0.0337506
0.0634557
0.0678847
0.0290206
0.0493133
0.0582363
0.0264691
0.0869324
0.0588852
0.0885483
0.0596153
0.0491868
0.0275566
0.0100778
0.00250719
0.0106969
0.00184159
0.0204889
0.0196516
0.0056665
0.0100581
0.0115411
0.0151628
0.00557386
0.0289397
0.00541059
0.00987121
0.0117888
9.3447e-05
0.000515311
0.00503009
0.0093972
0.0195225
0.0190032
0.0177066
0.00948035
0.00982126
0.00737236
0.0531796
0.00919542
0.00364351
0.0262397
0.0121198
0.000911914
0.0122862
0.0128398
0.00446634
0.00960947
0.00353115
0.0164424
0.0113617
0.0114507
0.0240461
0.0186484
0.0103817
0.00332899
0.0187152
0.00452094
0.0452417
0.0164647
0.0160397
0.00857721
0.00138616
0.00644879
0.00312624
0.00129001
0.00527475
0.00400125
0.00542
0.00794038
0.000212194
0.0153469
0.0200031
0.0104393
9.30273e-05
0.00808834
0.0153879
0.00447324
0.00221914
0.00469971
0.0182694
0.00625067
0.0116585
0.0143282
0.00506491
0.00959861
0.0778298
0.0174006
0.0144391
0.0205753
0.00224299
0.0231109
0.00026537
0.018845
0.0257146
0.00926329
0.0107192
0.0102089
0.0192502
0.00943172
0.00509976
0.0217657
0.0192447
0.0181576
0.0115112
0.00100746
0.0199198
0.0417218
0.000718876
0.0281514
0.000618637
0.00609113
0.00161883
0.0752501
0.012804
0.0029015
0.000495561
0.0172638
0.00553125
0.00664011
0.01404
0.0050702
0.0111492
0.0187269
0.0371195
0.0266212
0.00235217
0.0199428
0.000172995
0.00483232
0.00412749
0.00418606
0.00250575
0.0137426
0.0162073
0.00622974
0.0117267
0.000337239
0.00137713
0.0126916
0.0249099
0.0258931
0.00705777
0.0179402
0.0147247
0.0195538
0.0222797
0.0104732
0.0193345
0.00718595
0.0359491
0.0157904
0.0165873
0.0101805
0.0113365
0.017291
0.0127073
0.00401398
0.020861
0.0273199
0.0220079
0.0136695
0.010122
0.0136434
0.00819059
0.00429048
0.00546029
0.0333221
0.00675951
0.0222542
0.0112269
0.0012722
0.00155394
0.0208289
0.0124253
0.00622068
0.0117144
0.00197672
0.0250241
0.0174663
0.00947242
0.015297
0.0101823
0.00121862
0.00889216
0.00574641
0.0113717
0.0109922
0.00366299
4.89989e-05
0.00775457
0.00411383
0.0279406
0.00906198
0.0334874
0.0104931
0.00450945
0.0101445
0.00959393
0.0108226
0.0553787
0.00332279
0.0117044
0.015407
0.0296426
0.0185922
0.00979017
0.00969071
0.00872037
0.0273237
0.0157994
0.00450342
0.00312021
0.0229504
0.00411355
0.00223528
0.0219168
0.0151817
0.00536808
0.0184909
0.00425712
0.0139725
0.00231127
0.0223738
0.0210282
0.00990768
0.00427169
0.0112821
0.000464217
0.00810243
0.00895625
0.0309166
0.00124041
0.00888802
0.0115651
0.0173299
0.0157896
0.00463641
0.0139561
0.00725765
0.0153315
0.0278827
0.0245406
0.0201013
0.00475536
0.00402865
0.00911445
0.00625924
0.0198721
0.0131761
0.025294
0.00416409
0.0176238
0.031805
0.00330539
0.0167685
0.0296801
0.000948453
0.0133289
0.0151685
0.00556534
0.0409576
0.0364228
0.0294252
0.0300314
0.0519402
0.0436089
0.0100239
0.0287572
0.0224289
0.0175982
0.00330589
0.00862548
0.0486043
0.0295144
0.00687396
0.0119319
0.0110769
0.0341657
0.0369991
0.0259144
0.0482125
0.0102672
0.0229693
0.00604004
0.0155371
0.00124231
0.0131546
0.076008
0.0032445
0.0218695
0.00139029
0.0134161
0.0185647
0.0213816
0.169374
0.0230751
0.0554299
0.00950143
0.00539907
0.0287492
0.0792239
0.00716872
0.0131942
0.017024
0.00689517
0.0166869
0.0457311
0.0045309
0.0266362
0.00128983
0.0194094
0.0273606
0.0271531
0.0301491
0.0467738
0.075421
0.0104335
0.00686665
0.0279777
0.00323205
0.00244013
0.0427744
0.0331043
0.00232827
0.0526366
0.00283417
0.0393216
0.0434755
0.0360284
0.0159825
0.0130588
0.00285531
0.0399514
0.0802251
0.0369227
0.0058977
0.0612541
0.0240271
0.0222296
0.0129452
0.00186349
0.00657221
0.0154921
0.00717693
0.0231599
0.0153641
0.0200129
0.0340424
0.00427914
0.0464155
0.0294215
0.0251966
0.00236237
0.0170736
0.0136919
0.0288202
0.0549355
0.0146968
0.00715557
3.11036
0.0622133
0.0310596
0.0339671
3.1349
0.0281643
0.012623
0.00385671
0.0443663
0.023539
0.00965149
0.0740955
0.00668369
0.0426127
0.0263059
0.0126882
0.000608088
0.0102826
0.0841289
0.00240044
0.0273944
0.0316851
0.0247196
0.0390037
0.0446698
0.0130225
0.0186279
0.0435875
0.0487279
0.0324342
0.0227701
0.0251865
0.0159704
0.0146811
0.023879
0.0294477
0.0306487
0.0310415
0.00831882
0.0232144
0.0107236
0.00771406
0.00882594
0.0189461
0.0611623
0.0017121
0.0116104
0.0135487
0.0394663
0.0467175
0.0323601
0.0188001
0.00072899
0.0273081
0.0232531
0.0145553
0.00252371
0.0369894
0.00279175
0.0281049
0.0193476
0.00112453
0.00757573
0.0441339
0.0155711
0.0242186
0.0251328
0.00462701
0.00611555
0.00465858
0.0157103
0.0072041
0.00664646
0.0112417
0.00534808
0.0390556
0.0402912
0.00861666
0.056044
0.00367562
0.0437439
0.0299878
0.00575637
0.0331289
0.10779
0.0552663
0.0340898
0.0440464
0.0138308
0.00673372
0.00682695
0.059316
0.0336278
0.00284619
0.00781181
0.0227332
0.00212435
0.0265716
0.0200399
0.0332194
0.0122912
0.046238
0.0175264
0.00330853
0.0121812
0.00965484
0.00100651
0.0072483
0.00626884
0.00238341
0.0180918
0.0142525
0.000900578
0.0069528
0.00746968
0.0206189
0.0186738
0.000988665
0.000189356
0.0144026
0.00906178
0.00478638
0.00731292
0.00397707
0.0169768
0.0134291
0.0201895
0.00115589
0.00674962
0.00103327
0.0147812
0.0019606
0.0436093
0.00654121
0.00517835
0.00708434
0.00161856
0.0012792
0.0077512
0.0145094
0.00923432
0.00334096
0.0173469
0.0154754
0.0317203
0.047172
0.00367897
0.0047621
0.043366
0.0116387
0.015522
0.00817216
0.0322384
0.0020739
0.0271718
0.0119881
0.012191
0.0059339
0.0471963
0.0317124
0.00931948
0.0164592
0.00491037
0.0213864
0.00449027
0.00825411
0.0393744
0.00845885
0.0218449
0.00053717
0.00459974
0.0108388
0.0118705
0.00313433
0.00114235
0.00876962
0.0271469
0.00980936
0.0279952
0.0010663
0.00256965
0.0120755
0.0175312
0.00460278
0.00963665
0.0242589
0.00151547
0.000864604
0.010802
0.00901968
0.0251739
0.0169489
0.0182652
0.00303153
0.00525547
0.0149073
0.00300668
0.0142861
0.0154276
0.00674769
0.00366548
0.0207691
0.0139671
0.00242445
0.0195741
0.0120162
0.0414594
0.0201884
0.00125993
0.0156668
0.0741428
0.00147704
0.0107691
0.00235229
0.00556843
0.00262716
0.00447806
0.00868075
0.0285633
0.00483477
0.00276895
0.0184316
0.012404
0.0133274
0.00195876
0.00628109
0.0230115
0.00336821
0.00287635
0.00940307
0.00864642
0.0374227
0.015994
0.0446347
0.0187358
0.00540494
0.0333466
0.0226504
0.0142736
0.00682436
0.00605299
0.0146867
0.0145428
0.0358589
0.0257837
0.00517744
0.0302096
0.0238635
0.00548802
0.0239285
0.00542564
0.0244821
0.00076401
0.0101999
0.00290271
0.00149824
0.00524762
0.00274395
0.00756152
0.0175421
0.00376212
0.00354869
0.00160098
0.0054701
0.00538526
0.0230795
0.015578
0.000819919
0.00681008
0.0471227
0.00133116
0.0170926
0.0348161
0.00905295
0.0252331
0.0064185
0.00217917
0.0242607
0.00104979
0.00212311
0.00595259
0.047671
0.0123698
0.00241559
0.0110257
0.00173834
0.0512867
0.012928
0.0275401
0.00760335
0.000808095
0.0109201
0.000578699
0.00120381
0.00375476
0.00903219
0.00154317
0.00679361
0.0237481
0.0022729
0.00850263
0.0136973
0.00946034
0.0166795
0.00714906
0.00289319
0.00660148
0.00250816
0.000898863
0.0255121
0.00490728
0.00194896
0.0110632
0.0257327
0.00750993
0.0223169
0.00680664
0.00502898
0.0171099
0.0107966
0.00617639
0.020631
0.00753691
0.0192164
0.0183135
0.0121073
0.0129725
0.0182197
0.010982
0.00624824
0.00660311
0.0108409
0.00485677
0.00773364
0.0112978
0.0124788
0.00196158
0.000205283
0.0114554
0.00618603
0.0155949
0.00813127
0.023061
0.000609443
0.0104476
0.00639333
0.000309263
0.023814
0.00881459
0.0338787
0.0131091
0.00837832
0.0165239
0.0106947
0.0142255
0.00617214
0.00634397
0.0117332
0.0212375
0.00965282
0.0154772
0.0264566
0.00806038
0.00761407
0.00863164
0.0406126
0.0245401
0.0167502
0.00423604
0.00926512
0.00313252
0.0336174
0.00508423
0.0046735
0.00042631
0.0148348
0.0457716
0.00735196
0.00703567
0.000601209
0.010182
0.00280729
0.00269086
0.00627574
0.00852188
0.0114962
0.00744178
0.00146507
0.0239796
0.00565381
0.0138036
0.0183771
0.0123339
0.000522437
0.0116807
0.00742063
0.0135804
0.0223564
0.0203712
0.00133518
0.015068
0.0202608
0.00924227
0.00439939
0.0793825
0.027698
0.0260125
0.00628283
0.020287
0.00846998
0.0128373
0.0124299
0.0121119
0.0145082
0.00451784
0.00174086
0.0129924
0.0100214
0.0141908
0.00136103
0.00215822
0.0368346
0.000659473
0.00061279
0.0159212
0.00952946
0.0194081
0.00514816
0.00960913
0.0186296
0.00764315
0.00849503
0.014409
0.0149548
0.0193105
0.000443048
0.00105511
0.0078819
0.00551254
0.00313791
0.0225073
0.00774393
0.00578436
0.00195068
0.00183023
0.0233506
0.000863063
0.0314992
0.0219441
0.00563968
0.0272423
0.0284698
0.0134561
0.0351914
0.00847949
0.0281399
0.000260009
0.00206005
0.00710485
0.0125046
0.00634772
0.0074708
0.011403
0.00526851
0.00133791
0.0246814
0.0304242
0.00551299
0.0146808
0.000205494
0.00338349
0.0194781
0.0132113
0.0231961
0.00547145
0.0187572
0.00617659
0.0227658
0.00808941
0.00960576
0.0478769
0.0601333
0.0028942
0.00242914
0.0120214
0.0047459
0.0253452
0.0148413
0.000724074
0.00882919
0.000307956
0.0193629
0.00672419
0.0169384
0.0190953
0.00436006
0.0231288
0.00762849
0.0163973
0.0182893
0.00095951
0.000383445
0.018531
0.0255447
0.00511378
0.0118959
0.0148203
0.00495515
0.0278147
0.0120296
0.023902
0.0122329
0.0126202
0.000395355
0.0313352
0.0044291
0.0150615
0.000345616
0.018639
0.00956909
0.0066212
0.0017334
0.0170231
4.10837e-05
0.00329923
0.00273494
0.0238985
0.013236
0.0287352
0.0155819
0.00764512
0.00169018
0.0298141
0.0186181
0.00855893
0.00285352
0.00663996
0.00378787
0.0185811
0.015129
0.0466351
0.0249722
0.0149427
0.021308
0.0147677
0.0399197
0.0082097
0.0127895
0.000939708
0.0123621
0.00574206
0.000950571
0.0164614
0.0147374
0.0287315
0.0318106
0.0208283
0.00353269
0.014487
0.0185766
0.0310506
0.00149241
0.0139457
0.00966551
0.0153167
0.00406662
0.00795967
0.0145302
0.0122588
0.0115114
0.0189706
0.0142811
0.016654
0.0116017
0.00417152
0.00800389
0.00102378
0.0133361
0.0140034
0.0299792
0.0221515
0.018022
0.0229397
0.0194208
0.00984879
0.0189853
0.0136988
0.0315737
0.019242
0.00592932
0.00754204
0.011223
0.0162874
0.000639222
0.0300604
0.023417
0.0288996
0.0065066
0.0159225
0.00304288
0.0176811
0.0160273
0.0214701
0.0207244
0.00485768
0.0220864
0.00407406
0.00782977
0.00802773
0.00829746
0.00945162
0.0121355
0.0168007
0.0415294
0.0218755
0.00217192
0.0149824
0.0120656
0.0243365
0.00929533
0.00985074
0.0113201
0.0251933
3.12977
0.0414175
0.00423481
0.00786927
0.0249672
0.0116359
0.00435643
0.000816331
0.00466865
0.00529782
0.0254588
0.00846117
0.00643494
0.00563868
0.0136139
0.0286631
0.0291966
0.0225221
0.0206539
0.00941942
0.0148604
0.0030086
0.0375837
0.0337867
0.0441255
0.00438233
0.029236
0.043516
0.00849488
0.00565886
0.00122247
0.0208384
0.00930785
0.0113131
0.00881686
0.0623043
0.0110206
0.00358533
0.00411182
0.0264137
0.00668672
0.000591279
0.0225626
0.069983
0.0593202
0.0249525
0.0470376
0.0743708
0.0256482
0.0133368
0.0129979
0.0302285
0.00362839
0.0526358
0.00579258
0.0575165
0.0236521
0.0438612
0.0153243
0.00345989
0.0414163
0.00146682
0.03792
0.00862914
0.0137946
0.0299627
0.018617
0.0162234
0.0241994
0.0241768
0.0633023
0.0355079
0.0136281
0.0565598
0.05019
0.0472274
0.0708612
0.0365655
0.00430918
0.0558537
0.0414718
0.0123384
0.0247294
0.0513664
0.0137711
0.00766424
0.0120465
0.0116766
0.0904648
0.0201988
0.0563561
0.0285734
0.047815
0.0304437
0.0442452
0.0396167
0.0429378
0.0428707
0.0165615
0.0070236
0.0076962
0.0365399
0.0279944
0.0825585
0.00407988
0.030277
0.0328259
0.0340265
0.0584227
0.0406053
0.0557937
0.0305143
0.0658054
0.1056
0.0933066
0.0417959
0.0361053
0.0852242
0.0194926
0.02333
0.0415214
0.0427003
0.0872176
0.0646968
0.065019
0.116573
0.00773033
0.0393106
0.124243
0.0137511
0.000619147
0.0202224
0.0656254
0.155744
0.119888
0.0324498
0.108607
0.0132997
0.0672139
0.148813
0.0671283
0.00655596
0.082702
0.0833331
0.129315
0.146681
0.172704
0.0158268
0.122484
0.152615
0.0818161
0.216725
0.0463484
0.231688
0.020419
0.0537026
0.0348371
0.0586929
0.0249554
0.0675574
0.0902448
0.00681803
0.0282996
0.0592501
3.11113
0.0108516
0.00126976
0.0653947
0.0333214
0.0348286
0.00225402
0.0185015
0.018611
0.000158668
0.0118109
0.00223639
0.0186557
0.00164998
0.00604231
0.0458491
0.0203903
0.0111379
0.0142331
0.00116312
0.000520871
0.0202871
0.00210448
0.00404512
0.00762053
0.0174688
0.0206917
0.0152262
0.0155304
0.00445016
0.00976217
0.0251718
0.0096645
0.0258549
0.0210713
0.00883777
0.0149502
0.00415348
0.0134124
0.0682607
0.011892
0.149164
0.0116701
0.0566424
3.10792
0.00370814
0.0105424
0.00339727
0.0580156
0.010447
0.0164113
0.0024849
0.00151276
0.0126644
0.061954
0.00438653
0.0127003
0.0045346
0.00161542
0.0400372
0.0139537
0.0577317
0.00263145
0.0212557
0.0282065
0.00611006
0.00171969
0.00160823
0.00900459
0.000646997
0.0137208
0.00164855
0.00198265
0.00157203
3.12804
0.0325974
0.0240855
0.0035174
3.07576
0.00470244
0.00441378
0.00231085
0.00399997
0.0536366
0.000192116
0.0286301
0.014791
0.0197193
0.00840236
0.0501151
0.000492379
0.00806315
0.00488967
0.00575762
0.00859787
0.0431835
0.00902595
0.0185006
0.0081933
0.00622209
0.136229
0.112875
0.00593093
0.0136759
0.109967
0.00275084
0.0727617
0.0164111
0.00631142
0.0586629
0.00454954
0.0612698
0.0041711
0.0207476
0.0354033
0.0113881
0.0118212
0.012707
0.0104514
0.0228272
0.00514387
0.00531761
0.0167011
0.0111318
0.0230816
0.00453268
0.0267406
0.00975036
0.00692582
0.00439271
0.0141928
0.00829402
0.00208571
0.00208647
0.00270351
0.0368251
0.0592447
0.00901927
0.00368808
0.00893178
0.00885043
0.0058058
0.0122067
0.00327273
0.0131896
0.0240222
0.12762
0.00671078
0.0039544
0.026331
0.00733652
0.00354218
0.00248414
0.00106122
0.000168734
0.0079951
0.00123196
0.0260145
0.00573092
0.003714
0.0128558
0.0312283
0.0213193
0.0101435
0.00408169
0.0192276
0.00717013
0.00986574
0.0342709
0.0113931
0.0107997
0.00571764
0.0106828
0.00302804
0.00295517
0.0149751
0.0129633
0.00794214
0.0278422
0.0249459
0.00713717
0.00297994
0.0165367
0.0109328
0.00949343
0.00802656
0.00214465
0.023904
0.024876
0.0548653
0.0291684
0.0163129
0.00248955
0.00266584
0.0241929
0.0108842
0.020864
0.0109777
0.000774328
0.00675573
0.012292
0.00933291
0.0149477
0.0125045
0.0148964
0.0138624
0.0036369
0.0253999
0.010112
0.000300359
0.0178469
0.00200843
0.000995719
0.0150813
0.00456677
3.13505
0.0163447
0.0105445
0.020015
0.00509756
0.0144187
0.0232304
0.00253567
3.13217
0.0046641
0.0022416
0.00748992
0.0102913
0.0111399
0.0266586
0.00324432
0.0145652
0.0274686
0.0070092
0.00930551
0.00490201
0.0272862
0.0210602
0.0148435
0.0177348
0.00922639
0.00613296
0.00742989
0.0172296
0.0100343
0.00572054
0.00462493
0.005043
0.00967505
0.0113426
0.0157664
0.00507999
0.00689929
0.0397404
0.00418952
0.00663914
0.0045256
0.0121299
0.0239528
0.0105176
0.0142212
0.00612648
0.00965008
0.000501939
0.00975032
0.0290559
0.0103159
0.00368136
0.0178008
0.0102954
0.00647619
0.00380543
0.0141737
0.0202579
0.0106669
0.00888417
0.0141269
0.00406568
0.00743235
0.00353047
0.0115067
0.0164028
0.00248766
0.0114203
0.0168285
0.0330758
0.000818336
0.0405213
0.0322887
0.0215853
0.000463609
0.00326925
0.0013147
0.00170379
0.0150525
0.00101214
0.0098544
0.00072112
0.0100904
0.0102135
0.00879102
0.00997969
0.00861095
0.0171053
0.00157366
0.0306971
0.00262361
0.00703701
0.0129874
0.014228
0.0107846
0.0151039
0.0127142
0.0214598
0.0138846
0.0215419
0.00264981
0.00626416
0.00467157
0.0189089
8.86297e-05
0.0131253
0.00252278
0.00149304
0.00558508
0.0068052
0.00398099
0.0150131
0.00495439
0.00201255
0.00346945
0.00127977
0.0115764
0.0334437
0.0243145
0.0083988
0.00965487
0.00319573
0.00211757
0.0180856
0.00322938
0.00819465
0.011463
0.0181254
0.0105668
0.0257833
0.0130206
0.00675467
0.00586476
0.00451
0.00396055
0.00113483
0.0141237
0.0134502
0.0104372
0.00776735
0.0155184
0.00336594
0.0116242
0.00259356
0.00363033
0.00984436
0.00183032
0.00149933
0.00315758
0.0179143
0.00678963
0.0134341
0.012858
0.00618812
0.00838741
0.00796567
0.0121068
0.0141836
0.00621462
0.0156908
0.0126096
0.0143811
0.0241985
0.0109437
0.00615433
0.00391121
0.00541413
0.00054016
0.000637547
0.0264425
0.00980641
0.0275528
0.0087307
0.00211877
0.00774977
0.000111822
0.0172699
0.0023434
0.0134646
0.0221069
0.00328947
0.0128542
0.01051
0.00132755
0.00479275
0.0106774
0.00405165
0.0159799
0.00158801
0.0016878
0.0139936
0.010411
0.00598289
0.000930865
0.000357913
0.00835857
0.0145173
0.0270297
0.00281054
0.00677502
0.00325343
0.000798423
0.00427187
0.000729047
0.000186364
0.0261196
0.0136578
0.0241042
0.0260052
0.0131251
0.00239422
0.00499998
0.0078698
0.00475738
0.0180168
0.00452179
0.0147618
0.0101897
0.0108818
0.00402519
0.00171445
0.00161715
0.00872454
0.0371106
0.0162408
0.00855059
0.00953639
0.0139932
0.000657301
0.0146669
0.00447945
0.00902553
0.00198493
0.0165949
0.0139472
0.00856711
0.0101382
0.00345091
0.010546
0.0241093
0.0240545
0.00387064
0.0121899
0.011695
0.00556755
0.0105062
0.00612626
0.0183607
0.00437611
0.025628
0.00245398
0.0224264
0.0302962
0.0010394
0.0144899
0.00125716
0.00189489
0.00679368
0.000676317
0.0085626
0.0202251
0.0155686
0.0318458
0.0132629
0.00286787
0.0124684
0.0258981
0.00307076
0.0269401
0.0113847
0.0112901
0.00588074
0.00168095
0.00794203
0.00492364
0.00331022
0.00740145
0.017024
0.0103843
0.00598903
0.0011844
0.000545344
0.00224092
0.0395179
0.00407723
0.00756945
0.00021246
0.00473512
0.0459949
0.000938517
0.0158604
0.0406737
0.0106392
0.00378707
0.0133201
0.0157528
0.0431703
0.00686358
0.0123371
0.0040609
0.00288061
0.00530319
0.0231938
0.00219458
0.0109457
0.00445513
0.0461018
0.00668074
0.0136453
0.0095183
0.0188182
0.0296721
0.007066
0.0108001
0.0290145
0.00463572
0.0137962
0.012604
0.0246659
0.00459139
0.0246689
0.00664844
0.000171314
0.00587517
0.00472681
0.00599514
0.00570846
0.032878
0.00729729
0.0137398
3.04848e-05
0.00247421
0.0550323
0.00299603
0.00717143
0.0196838
0.0145113
0.0208131
0.0170285
0.00803894
0.0129588
0.00900156
0.00654344
0.000172209
0.023754
0.0123215
0.00132847
0.00606638
0.00316983
0.0102381
0.0326735
0.00490798
0.0194828
0.0168459
0.0077942
0.019376
0.0107747
0.0090902
0.0141081
0.00729164
0.0136687
0.00536267
0.0320593
0.00641206
0.007266
0.00179933
0.0238212
0.0170775
0.0116674
0.0167548
0.00757912
0.0127383
0.00360371
0.02014
0.0087629
0.00728068
0.00752537
0.00497425
0.0359163
0.0202003
0.00587773
0.0202835
0.0220501
0.0207336
0.00393526
0.04053
0.00987444
0.029817
0.00682772
0.00428518
0.00575976
0.0024137
0.000938805
0.0102416
0.00632123
0.00446563
0.0141441
0.0215676
0.0103789
0.00329014
0.0180999
0.00519142
0.0125558
0.0104795
0.0115626
0.00882316
0.0168383
0.00676522
0.0039962
0.000233751
0.007359
0.0220614
0.0144712
0.0160436
0.00440788
0.0410776
0.0220263
0.0197258
0.000877731
0.028093
0.00494271
0.0361764
0.0200062
0.0103026
0.0312876
0.00633393
0.0144248
0.0359145
0.0408689
0.00913415
0.0279511
0.0220932
0.0685354
0.00691394
0.00252786
0.0108513
0.0131741
0.0109991
0.00241567
0.0205184
0.00317174
0.0680192
0.0151022
0.0136393
0.0159059
0.000314054
0.0132542
0.00118641
0.0171076
0.00641691
0.0141513
0.0288786
0.00537869
0.0328119
0.00547401
0.00522645
0.0144515
0.00787351
0.0291841
0.00550609
0.0298118
0.0107892
0.000590689
0.0101566
0.0177012
0.00155743
0.00937127
0.00997065
0.00232419
0.00472118
0.00345688
0.000695393
0.00418251
0.0124468
0.00482033
0.0143519
0.0129994
0.014541
0.0112297
0.00988255
0.0116694
0.0047465
0.00322438
0.0251021
0.00797781
0.01441
0.00494353
0.000702218
0.0363555
0.00593662
0.00418153
0.0152559
0.0606883
0.00313732
0.0161131
0.0135261
0.0240707
0.00283097
0.0276091
0.00594499
0.00286064
0.0162489
0.0039527
0.0114568
0.00998234
0.00931853
0.0177023
0.0102859
0.0187864
0.00272327
0.0127274
0.00227225
0.0150459
0.0126704
0.0157055
0.00767334
0.0196344
0.0307954
0.0140945
0.0144558
0.0242828
0.0259566
0.00645799
0.0111924
0.0267977
0.000665591
0.00681506
0.005824
0.00498948
0.00910745
0.0243902
0.00857234
0.0178975
0.0197864
0.0375861
0.0144853
0.00134746
0.0331399
0.00213352
0.00389542
0.00379863
0.0525292
0.0060505
0.00289412
0.00544153
0.0102933
0.00554002
0.0154695
0.0270225
0.00864025
0.0296378
0.00865448
0.00258528
0.0286349
0.00712256
0.0418592
0.0208206
0.0217287
0.0424086
0.00769869
0.0117401
0.0142563
0.0238174
0.0174163
0.0229367
0.0462807
0.000681689
0.0168742
0.0412988
0.00399825
0.00523595
0.0103856
0.00889008
0.0198398
0.00239875
0.0204978
0.0153685
0.0153992
0.0355362
0.00126147
0.0183182
0.0177967
0.0190181
0.0528967
0.0161176
0.011831
0.014685
0.00715137
0.011194
0.0222369
0.0320321
0.0136986
0.00403242
0.0328636
0.0120783
0.00358904
0.00311959
0.0254848
0.0101978
0.00333959
0.0111599
0.00627019
0.031364
0.000800334
0.0243509
0.00265293
0.0161523
0.0102198
0.00438554
0.0385329
0.0168376
0.00415637
0.0162499
0.036272
0.0635348
0.000458085
0.0200683
0.0250112
0.0347632
0.0133739
0.014784
0.0205585
0.0194524
0.021164
3.07119e-05
0.0153853
0.0204284
0.0146341
0.0134444
0.0191304
0.0131762
0.0472469
0.000137653
0.063749
0.0418931
0.00151736
0.00261837
0.000228317
0.0220979
0.0258079
0.0405527
0.0172602
0.00796193
0.0405188
0.00373289
0.0152402
0.00178104
0.0104682
0.0444934
0.0350711
0.0107001
0.00111697
0.0330427
0.0470006
0.0236433
0.00214612
0.0319013
0.0176931
0.0106194
0.000923958
0.0138892
0.00972653
0.0215175
0.0518869
0.00299946
0.00777951
0.028994
0.0242876
0.0273872
0.0337705
0.0457437
0.00464309
0.043125
0.0241065
0.0139234
0.0508536
0.0212374
0.00428392
0.000587107
0.0208312
0.0401492
0.0299093
0.0182332
0.0201104
0.0773147
0.0410107
0.0177124
0.0070618
0.121649
0.0851383
0.0633009
0.105448
0.0427105
0.0398043
0.083626
0.0159766
0.0612183
0.078928
0.00825594
0.0951552
0.0918962
0.00211632
0.0664458
0.00427101
0.078003
0.0374379
0.0697754
0.0509774
0.0728664
0.0367179
0.0707259
0.00610747
0.0289212
0.0632111
0.0357533
0.0281013
0.133725
0.0879309
0.0900962
0.12444
0.0837773
0.133406
0.122292
0.0273797
0.181426
0.05557
0.0233989
0.17157
0.211882
0.17989
0.0947858
0.00755882
0.274166
0.220828
0.134927
0.183965
0.112137
0.0504181
0.0545979
0.188036
0.117184
0.236982
0.0432668
0.213558
0.217383
0.192039
0.0257176
0.00712899
0.0053844
0.0154682
0.0909499
0.0237306
0.022999
0.0796418
0.00687228
0.0605072
0.00240312
0.00164129
0.00796905
0.0468523
0.0431542
0.00909759
0.00446793
0.0293406
0.0463512
0.0908684
0.0136522
0.0784379
0.00263879
0.0322391
0.00137742
0.00112504
0.0169202
0.00170644
0.0121398
0.0158347
0.0147882
0.0179592
0.0144259
0.0121553
0.0110785
0.013982
0.00330263
0.000891848
0.00099468
0.0157907
0.0397779
0.0321472
0.00111044
0.0164329
0.0487841
0.00590971
5.14275e-06
0.0154125
0.0152245
0.0469275
0.00212977
0.000384521
0.0224156
0.014195
0.0177138
0.00257683
0.0121753
0.0111157
0.0753451
0.00380546
0.00845923
0.00767135
0.015302
0.00328071
0.0547145
0.00306053
0.00630352
0.0591928
0.0253499
0.0118891
0.00186193
0.0105167
0.0229241
0.00619275
0.00377741
0.00713698
0.0360245
0.00285237
0.0134548
0.0127923
0.0157916
0.0227105
0.0393061
0.0144612
0.00769074
0.0173896
0.044813
0.00447776
0.00226765
0.0046621
0.00746202
0.0052936
0.0178519
0.0110487
0.0386519
0.000944972
0.00674793
0.00808366
0.00856165
0.0161987
0.0137717
0.0197099
0.0456313
0.00930954
0.01422
0.00429484
0.000686694
7.90134e-05
0.000461467
0.0187679
0.0127817
0.0258648
0.0153804
0.00361681
0.0210763
0.00132284
0.00648481
0.0140756
0.00805003
0.0758721
0.00938717
0.00318859
0.0148346
0.0112954
0.0398609
3.09683
0.00770891
0.0123982
0.0169186
0.00308323
0.0163299
0.02062
0.00537733
0.0195846
0.0110951
0.00275812
0.00703521
0.00658196
0.00833102
0.00140184
0.0361141
0.0231028
0.00790965
0.00590001
0.0141901
0.0131849
0.010619
0.00671832
0.00392975
0.0334299
0.00994447
0.00344299
0.00541693
0.0104926
0.0280949
0.00550224
0.0114577
0.0118648
0.0155643
0.00286424
0.0173406
0.0146593
0.0100577
0.0226352
0.0197454
0.0110366
0.0502491
0.0198202
0.0107785
0.0149559
0.0416982
0.000445482
0.0460733
0.0257666
0.00335993
0.0215583
0.00454705
0.0157458
0.00785651
0.00895735
0.0065769
0.0119783
0.0489459
0.0284667
0.0142568
0.0628112
0.0158695
0.000139157
0.00818864
0.000351138
0.0468909
0.004386
0.0110653
0.00838634
0.0219047
0.0210965
0.00769252
0.0063633
0.0101671
0.0149415
0.043047
0.0180535
0.0296014
0.0586478
0.00296981
0.00549716
0.0174343
0.0236775
0.0106647
0.017811
0.0187724
0.0512793
0.00872568
0.00493247
0.00977739
0.0168573
0.0283858
0.00303011
0.00638789
0.00841064
0.00422724
0.00786308
0.0119138
0.00420581
0.015603
0.0319574
0.0108621
0.0142543
0.0142335
0.0473552
0.00681588
0.0554586
0.0176816
0.0036457
0.0118252
0.0125221
0.00459754
3.06976
0.0440501
0.0188658
0.00154519
0.0232785
0.0145367
3.13347
0.00805079
0.0319942
0.000294596
0.00432515
0.00782748
0.00816581
0.0105997
0.0115359
0.00212363
0.00115521
0.0278567
0.00456508
0.00787086
0.00528129
0.0109674
0.00082105
0.00602426
0.00445426
0.00713402
0.0116186
0.0087197
0.00666095
0.012098
0.008171
0.00852805
3.14069
0.0144119
0.00629848
0.0444283
0.00333537
0.00887517
0.00322669
0.0124353
0.00295998
0.000115515
0.00559608
0.0071212
0.0162374
0.0152893
0.00450185
0.00881114
0.0204174
0.00165815
0.00186336
0.0207873
0.0124102
0.0111218
0.00308594
0.00961669
4.57603e-06
0.0171673
0.0105257
0.0361973
0.00778764
0.0207488
0.0116587
0.0112704
0.012215
0.00743201
0.00693231
0.00801248
0.0204343
0.0064929
0.00255355
0.0402735
0.00606456
0.0101214
0.00733067
0.00104909
0.0150771
0.01568
0.00154364
0.0137443
0.0115068
0.00820652
0.0167849
0.00349985
0.00013781
0.0378358
0.00929374
4.68954e-05
0.00831663
0.00346131
0.0140421
0.0105239
0.00601096
0.00513682
0.00622039
0.00230676
0.0141899
0.000534229
0.0266829
0.02379
0.00187712
0.0264585
0.0283178
0.00317026
0.0241146
0.037577
0.0242511
0.0114584
0.0130551
0.0101276
0.0121215
0.0159495
0.0104595
0.00675795
0.0218207
0.00668393
0.0190857
0.0121018
0.0122831
0.00617967
0.00943287
0.0277507
0.00188806
0.0122723
0.00331549
0.0139639
0.0058343
0.0049875
0.014114
0.0187732
0.0149306
0.0187739
0.000755171
0.0122353
0.010303
0.0302031
0.0126938
0.0217105
0.0181406
0.00829716
0.00683853
0.0167401
0.00871206
0.0269331
0.0050397
0.00282362
0.0063749
0.0095629
0.00161899
0.0111816
0.00302089
0.0120477
0.016957
0.0125291
0.0107294
0.00387551
0.00679418
0.0178158
0.0104567
0.0278982
0.0112341
0.0103445
0.00438271
0.00236311
0.0111454
0.00567297
0.0214411
0.0118273
0.00905509
0.00574321
0.015261
0.000602203
0.00552849
0.00671361
0.0273617
0.00165909
0.00636175
0.00274975
0.0116559
0.0344494
0.00213394
0.0041869
0.00926752
0.000468256
0.0135272
0.00579046
0.00268939
0.00211765
0.0195494
0.0127717
0.0246621
0.0186344
0.00461495
0.0188151
0.0080595
0.00547549
0.0140531
7.26025e-05
0.0217506
0.00101772
0.0168665
0.0184227
0.00733533
0.0272213
0.00852525
0.0179981
0.00516145
0.00504133
0.00547059
0.0177337
0.0266113
0.00677162
0.00970771
0.018795
0.000915179
0.00455685
0.0190069
0.00971369
0.00325265
0.0232659
0.0173075
0.00648038
0.0187364
0.0160035
0.0028637
0.0115352
0.00488713
0.00490041
0.0275049
0.0243923
0.0226851
0.00394473
0.00448314
0.0131992
0.00621169
0.00775798
0.0169387
0.0157118
0.0188289
0.0256659
0.0189874
0.0108195
0.025156
0.00601236
0.0150595
0.0162303
0.0189334
0.0207903
0.0234448
0.00955534
0.00957493
0.0071298
0.00681911
0.00779662
0.00170425
0.0304001
0.0300096
0.0108731
0.00598518
0.00733356
0.0319905
0.00532581
0.0409662
0.0152394
0.0589416
0.00943078
0.0250256
0.00463616
5.6029e-05
0.0107646
0.000624632
0.000936206
0.0199422
0.00188848
0.0118941
0.0169858
0.000629389
0.0155815
0.0340428
0.00684468
0.00779346
0.0174683
0.023143
0.00617088
0.011936
0.00465379
0.0254138
0.0062295
0.0267541
0.00456022
0.00207994
0.00134009
0.00766171
0.023558
0.021619
0.00495651
0.0143048
0.0019269
0.000169694
0.00266012
0.008131
0.00165186
0.00588666
0.00365213
0.0285524
0.011296
0.0149314
0.00330014
0.00896998
0.00471807
0.00785719
0.00606123
0.00599521
0.00857287
0.0113808
0.00853847
0.00442556
0.00243895
0.0124817
0.030898
0.018697
0.0272986
0.00252205
0.0159087
0.0199035
0.0287422
0.0127952
0.0101559
0.000184947
0.0165472
0.00937122
0.00975335
0.0289675
0.00498481
0.00525166
0.00199843
0.00367101
0.0131131
0.0175073
0.0129656
0.0176846
0.0215343
0.0123363
0.0193495
0.00272559
0.0152523
0.00220611
0.000394032
0.00986889
0.0155808
0.0192444
0.0209714
0.00061558
0.0108018
0.0122517
0.00709522
0.0142326
0.00157892
0.00282368
0.0348651
0.00363132
0.0196738
0.0114839
0.018307
0.0069149
0.0151274
0.00337971
0.0124479
0.00717162
0.00669157
0.0142634
0.0221224
0.0469289
0.0172228
0.0341846
0.012998
0.00910064
0.0169198
0.00793105
0.00698114
0.00866487
0.00847702
0.00267255
0.00705883
0.0017122
0.0259513
0.00491423
0.00379809
0.0179421
0.0225188
0.00684754
0.0338776
0.0106738
0.0137141
0.000405289
0.00529429
0.0078826
0.00404737
0.0109647
0.0202734
0.0256123
0.00536467
0.0094735
0.0395522
0.00623317
0.0198488
0.00367896
0.0174296
0.00850116
0.00321104
0.00155408
0.0318246
0.0186041
0.0121757
0.00129295
0.00511583
0.00527402
0.00313564
0.00203253
0.00908605
0.0303058
0.00759644
0.00941043
0.000912254
0.0406776
0.0125596
0.0127626
0.000856052
0.0101251
0.0145362
