0.0561181
0.050718
0.0456886
0.0467065
0.0376047
0.0346431
0.0397829
0.0399517
0.0385426
0.040993
0.0391464
0.0306904
0.0385787
0.0376897
0.0318117
0.039678
0.0434623
0.0340426
0.0370151
0.0334293
0.0393083
0.0418437
0.0314785
0.043853
0.0466838
0.0332634
0.0290975
0.0375441
0.0358271
0.0499972
0.0373714
0.0386393
0.0439482
0.0365989
0.0304153
0.0396017
0.0350968
0.0379373
0.0383296
0.0394084
0.0466963
0.0380445
0.0301607
0.039683
0.0415432
0.0341744
0.031756
0.0460768
0.0583882
0.0413176
0.0319235
0.0374485
0.04197
0.032073
0.0374967
0.0356268
0.042638
0.0351455
0.0323793
0.0370558
0.0327905
0.0262474
0.0256864
0.0288234
0.0406135
0.0389923
0.0249456
0.0306822
0.038807
0.0281248
0.0350298
0.0357819
0.0269873
0.0344669
0.0387381
0.0301066
0.0319265
0.032791
0.027427
0.0408185
0.0316636
0.0349392
0.0352042
0.0463027
0.0296505
0.0343372
0.0375538
0.0336434
0.0322067
0.0346161
0.0408691
0.0369302
0.0312542
0.0328031
0.0327837
0.0338952
0.0330745
0.0330735
0.0368327
0.0387565
0.0416631
0.0498584
0.0500324
0.0559769
0.0538093
0.0592404
0.0545223
0.0477973
0.0350097
0.0468046
0.0407811
0.036788
0.0302713
0.0366049
0.0310494
0.0289361
0.0346351
0.0345507
0.0366655
0.0328409
0.0387471
0.0384145
0.0322239
0.0342046
0.0399261
0.0308626
0.0344206
0.0455973
0.0541885
0.0323179
0.0310391
0.0394259
0.039868
0.0442277
0.0298306
0.0446518
0.0572621
0.0312245
0.0394442
0.048743
0.0320233
0.0313981
0.036844
0.0413501
0.0369223
0.0344456
0.0383489
0.0361741
0.0381769
0.0312277
0.0485954
0.0479154
0.06405
0.0540424
0.0479188
0.0458038
0.0346553
0.0394228
0.043457
0.035003
0.0335619
0.0403669
0.0334126
0.0322171
0.0321699
0.039041
0.0389617
0.0374246
0.0309604
0.0314966
0.0365425
0.0404421
0.0347081
0.0319894
0.032462
0.0411197
0.0358699
0.0340461
0.0256438
0.0364721
0.0341918
0.0348939
0.0494095
0.0474649
0.0326989
0.0323394
0.0329177
0.0315606
0.030752
0.0384479
0.0368834
0.0279571
0.0390005
0.038942
0.0588376
0.0428037
0.0523309
0.0469971
0.0595379
0.0574554
0.0569843
0.0583783
0.0535472
0.0355034
0.0499407
0.0548986
0.0590081
0.0358182
0.0734867
0.0427
0.0443738
0.0593498
0.0472543
0.0538075
0.0662841
0.0598624
0.0521487
0.0510451
0.0542471
0.0489537
0.0464939
0.0429056
0.0565282
0.0578389
0.032386
0.0449512
0.0554242
0.0313668
0.0591636
0.100753
0.0629898
0.0601498
0.0643402
0.0651593
0.0592756
0.0585724
0.0606517
0.0620759
0.0474667
0.066038
0.0576974
0.0383713
0.0434727
0.0618682
0.0662474
0.0402463
0.0263095
0.0557655
0.0451315
0.062038
0.066563
0.0619709
0.0627295
0.0446379
0.0412074
0.0587063
0.0594696
0.0557738
0.0607098
0.0425492
0.0427347
0.0600629
0.0597712
0.0604116
0.0541418
0.0520293
0.0444418
0.0310872
0.029822
0.0359393
0.0270171
0.0285918
0.0306031
0.0339989
0.0367448
0.0276117
0.0332552
0.0347547
0.0319903
0.031353
0.0430153
0.0302216
0.0351777
0.0316733
0.0303572
0.0308905
0.0301778
0.0351261
0.0381687
0.0395372
0.0290522
0.0371995
0.0301302
0.034192
0.0290236
0.0323695
0.0380531
0.042141
0.0376721
0.0352082
0.0344527
0.0388176
0.0344733
0.0341822
0.0418848
0.0382675
0.0368755
0.0344962
0.0389396
0.033411
0.0323365
0.0359853
0.0348158
0.0404515
0.0405553
0.0354378
0.0390379
0.0349858
0.0408071
0.0324947
0.0361226
0.0376353
0.0473611
0.0390374
0.0467935
0.0615821
0.0602789
0.0840941
0.0843055
0.0654212
0.0974766
0.0610739
0.0787031
0.0915581
0.0391917
0.0510442
0.0380645
0.040658
0.0423211
0.0396278
0.0363063
0.0394955
0.0507172
0.0384051
0.0367237
0.0296123
0.0388814
0.0437341
0.0574209
0.0533547
0.0365959
0.0350709
0.0362489
0.0383319
0.0448406
0.0343579
0.0566554
0.036345
0.0368744
0.0428672
0.0374125
0.0432921
0.0362214
0.0414126
0.0384248
0.0414111
0.0454396
0.0383219
0.0378567
0.0296854
0.0345489
0.0381882
0.0452729
0.0436914
0.0316454
0.0412923
0.0386965
0.0408227
0.0471643
0.034729
0.0353452
0.0390175
0.0386331
0.0353731
0.032434
0.0419754
0.0446521
0.0553164
0.0570586
0.0372544
0.0346141
0.0299296
0.0383328
0.0363704
0.0486737
0.0302812
0.0490566
0.0316735
0.0413192
0.0376076
0.0433947
0.0399152
0.0465005
0.0407665
0.048256
0.0372819
0.0432933
0.0362737
0.0403403
0.0505933
0.0398641
0.0530913
0.0409879
0.035684
0.0444886
0.048595
0.0425578
0.0397545
0.043492
0.0522039
0.0443117
0.0657001
0.0651715
0.0484509
0.0373013
0.049588
0.0539755
0.0410852
0.0517504
0.0366704
0.0385861
0.0474339
0.0354313
0.0309808
0.0274587
0.0375108
0.0345155
0.0439576
0.0387934
0.0421571
0.0375168
0.032385
0.0333415
0.0335805
0.0410857
0.0376916
0.0441875
0.0415385
0.0307591
0.0300477
0.027862
0.035343
0.0306622
0.0240694
0.04355
0.0332464
0.0550674
0.0320556
0.0405931
0.0347535
0.0345419
0.0308908
0.0360774
0.0380045
0.0587135
0.0360281
0.0370692
0.0420805
0.0324046
0.0349301
0.0412991
0.0464802
0.0321808
0.0377797
0.0341241
0.0407562
0.0478293
0.0408098
0.0376458
0.0361848
0.0348199
0.0401013
0.0371676
0.0573773
0.0385362
0.0325565
0.0401082
0.0392749
0.0349227
0.0331008
0.039283
0.0435546
0.0355165
0.031738
0.0285098
0.0433798
0.0427971
0.0437514
0.0522572
0.0505081
0.037928
0.0373692
0.0445817
0.0306862
0.0361309
0.0386162
0.0556938
0.0358178
0.043808
0.0435744
0.0396929
0.0370683
0.0409697
0.0444878
0.0424647
0.0420147
0.0464172
0.0471255
0.075926
0.0655216
0.0482623
0.039915
0.0410104
0.0457824
0.0400068
0.040874
0.0407769
0.0333779
0.0455881
0.0326548
0.0466647
0.0346772
0.0393567
0.0319508
0.0370262
0.0365597
0.0383656
0.0382392
0.0473753
0.0379546
0.0441812
0.0379038
0.0374402
0.0397001
0.040714
0.0385002
0.0445021
0.0377642
0.0410316
0.0417076
0.0397767
0.0354196
0.0369978
0.0380524
0.03694
0.0508924
0.0517276
0.0399452
0.0332011
0.0335201
0.047264
0.0383897
0.0366927
0.0409797
0.0761208
0.0414573
0.0521439
0.0407998
0.0364271
0.0367877
0.0421512
0.0387799
0.0322412
0.04568
0.0485188
0.0433796
0.0441446
0.0701046
0.0912359
0.0773855
0.0558006
0.0686476
0.0653077
0.0604669
0.0384753
0.0366154
0.036362
0.0454686
0.0386794
0.0398959
0.0392527
0.0442288
0.0411415
0.0574475
0.0612241
0.0599542
0.0576607
0.0554306
0.049375
0.0489646
0.0558395
0.0488791
0.0476856
0.0526793
0.0474665
0.0532472
0.0524974
0.0518537
0.054328
0.0565537
0.0561365
0.0532415
0.0588796
0.0642415
0.0516452
0.0489127
0.0614108
0.0660732
0.0790994
0.0781942
0.0667664
0.0740922
0.0781413
0.0831943
0.0889085
0.110357
0.0458502
0.085417
0.0412013
0.0371347
0.0590944
0.0465272
0.0376075
0.047426
0.055462
0.0426479
0.0506199
0.032617
0.0341225
0.0383817
0.039196
0.040916
0.046426
0.0398794
0.0447556
0.0425042
0.0363837
0.0500723
0.0338283
0.0659324
0.0641777
0.0315267
0.054577
0.0399373
0.0385995
0.0414586
0.0449965
0.0382495
0.0399018
0.0461044
0.0437852
0.0487723
0.0413818
0.0409221
0.0370102
0.043124
0.0509462
0.0378073
0.042941
0.0395844
0.0539847
0.0565628
0.0421455
0.0613154
0.0477034
0.0490449
0.0350902
0.0483833
0.0325052
0.0432184
0.0292658
0.0274075
0.0413407
0.039374
0.0575666
0.0377715
0.0335859
0.0395434
0.0404674
0.0398906
0.0441517
0.0475048
0.0446212
0.0298766
0.0291091
0.0432898
0.045162
0.0317345
0.0425244
0.0630278
0.0459868
0.0457012
0.0473977
0.0280689
0.0304634
0.0391358
0.042327
0.0391005
0.0351728
0.0403895
0.0493723
0.0553482
0.0517622
0.0491386
0.0653822
0.0340368
0.0424168
0.0395116
0.0512195
0.0438339
0.042682
0.0507727
0.0592097
0.0404514
0.0424559
0.0398055
0.0450514
0.0391393
0.0491175
0.0407933
0.0510993
0.0571784
0.0402074
0.0504979
0.0423627
0.0383295
0.0424547
0.0425857
0.042144
0.0366512
0.038026
0.0430083
0.0441068
0.0451165
0.0437735
0.048334
0.0436064
0.0420228
0.0521019
0.0683095
0.0508459
0.057639
0.0358667
0.0437448
0.0442006
0.0467389
0.0342833
0.0419303
0.0338227
0.0268765
0.0412764
0.0365466
0.035471
0.0350112
0.0371496
0.0298737
0.036035
0.0299416
0.0486026
0.0330311
0.0431573
0.0284635
0.0353265
0.0315444
0.0374349
0.0322661
0.0360868
0.0359602
0.0404857
0.0574798
0.0424132
0.0555405
0.0358968
0.0390722
0.0452802
0.0575433
0.039528
0.0490087
0.0621528
0.0553712
0.0428811
0.0692883
0.0623068
0.0457805
0.037632
0.0411084
0.0398657
0.0380604
0.0403914
0.0472026
0.032842
0.0380843
0.0379937
0.0395759
0.0373227
0.0369246
0.0377858
0.0486397
0.0298148
0.0361569
0.0399948
0.0336331
0.0359565
0.0403467
0.0381529
0.0438023
0.0431204
0.0510228
0.0534741
0.0583972
0.0580499
0.0493738
0.0505192
0.0413466
0.0451571
0.0435152
0.0358931
0.040341
0.0428451
0.0387301
0.0354293
0.0399912
0.0432623
0.0302367
0.0331755
0.033717
0.0343502
0.0363195
0.0249239
0.0334102
0.0310794
0.0377207
0.0346194
0.0323116
0.0293368
0.038115
0.0457381
0.0307898
0.0441148
0.0508929
0.0357621
0.029679
0.0253199
0.0267787
0.0373906
0.0326287
0.0398243
0.035051
0.0304909
0.0372624
0.0426991
0.0383805
0.0307315
0.0325409
0.0318042
0.0326945
0.030951
0.035201
0.0338071
0.0493804
0.0346083
0.0320284
0.0352297
0.0367813
0.0353821
0.0388699
0.0368727
0.0427204
0.0310422
0.0315339
0.0354172
0.0338198
0.0323222
0.0344898
0.0411611
0.0325875
0.0442013
0.030372
0.044022
0.0328154
0.0336138
0.0339261
0.0274652
0.0543382
0.0506558
0.0382596
0.0392352
0.0310015
0.0450569
0.0524618
0.0497365
0.0513898
0.0352525
0.049522
0.052452
0.0690642
0.0857672
0.0519003
0.0386589
0.0424467
0.0400863
0.0411012
0.0443782
0.0444215
0.0451512
0.0407855
0.0368538
0.0313155
0.04475
0.0353783
0.035565
0.0402844
0.0401126
0.0365963
0.0446399
0.0349996
0.0356485
0.0373519
0.0381057
0.0384339
0.0357537
0.034321
0.0379426
0.0355526
0.0303845
0.0427037
0.0440792
0.0454654
0.04064
0.033504
0.045631
0.0401666
0.0273308
0.0522805
0.0509194
0.0635264
0.042768
0.0579845
0.0499738
0.0321929
0.0371099
0.0360018
0.040311
0.0327454
0.058499
0.0297396
0.0403665
0.0381163
0.0424008
0.026583
0.0343801
0.0350758
0.0489287
0.046086
0.0588157
0.0455024
0.0330437
0.0348548
0.0327243
0.0505868
0.0395393
0.0375572
0.0318998
0.0366912
0.0346964
0.0378736
0.0313301
0.0417129
0.0355296
0.0341829
0.0343457
0.045404
0.0370531
0.0303939
0.0418698
0.049912
0.0416175
0.0442666
0.0383495
0.041246
0.0450556
0.0434055
0.0409513
0.0377874
0.0457189
0.0387398
0.0491297
0.0462002
0.0406273
0.0470504
0.039614
0.0423226
0.0296076
0.0360874
0.0482912
0.0394439
0.0407794
0.0466895
0.0470143
0.0358601
0.0689146
0.0381375
0.0370277
0.0279027
0.0340779
0.0388024
0.0565321
0.0550358
0.0392926
0.0538162
0.0310751
0.0418764
0.043119
0.0345231
0.0349354
0.0530324
0.0465878
0.0344877
0.0308474
0.0415862
0.0426596
0.0284772
0.0456463
0.0322843
0.0397271
0.0373711
0.0425855
0.0395286
0.0428314
0.0432697
0.0373072
0.044304
0.0380715
0.0385015
0.0296985
0.0298715
0.0307182
0.0322485
0.0237168
0.0293661
0.0307609
0.0616188
0.0364119
0.03411
0.0457917
0.0362653
0.0354108
0.0462941
0.0517912
0.0370197
0.0418227
0.0366085
0.0338673
0.0337327
0.0370014
0.0421754
0.0325655
0.0356197
0.0454852
0.0298876
0.0341612
0.0384464
0.0359348
0.034755
0.0452532
0.0456655
0.043855
0.0372739
0.0361076
0.0337333
0.0349627
0.0363159
0.0513625
0.077348
0.0699814
0.0730321
0.0630481
0.0546877
0.0616281
0.0651579
0.0841016
0.0489045
0.0571415
0.0602244
0.0400041
0.0398728
0.0458657
0.0346138
0.0368438
0.039253
0.0327073
0.0342303
0.0382887
0.0354139
0.0362974
0.0359585
0.0384968
0.0351154
0.0418184
0.0378346
0.0361221
0.0404773
0.0507654
0.0370553
0.0445498
0.0398772
0.0312012
0.0379429
0.0400716
0.036965
0.0452204
0.0410864
0.0356627
0.0371728
0.0354136
0.0416223
0.0418274
0.0403482
0.046909
0.0404294
0.0304729
0.0414216
0.0357202
0.0358559
0.0404375
0.0366589
0.0467013
0.0381652
0.0336562
0.0487594
0.0669992
0.0904369
0.0823838
0.0337242
0.033034
0.0365625
0.0368236
0.0348118
0.0483685
0.045241
0.0372628
0.0420938
0.0468222
0.038759
0.0760904
0.0704165
0.0356545
0.0439273
0.036633
0.0402352
0.0360113
0.0300879
0.0356895
0.0421724
0.0323048
0.0375648
0.0403952
0.0754442
0.0391272
0.0353617
0.031679
0.0353092
0.0371484
0.0375882
0.0428048
0.0426749
0.027861
0.0408612
0.0368335
0.0397052
0.0404016
0.0473059
0.0511636
0.0362898
0.0335222
0.0372355
0.0494069
0.0345531
0.0322115
0.0386443
0.0382419
0.0366977
0.0320034
0.0348464
0.0341033
0.0415394
0.028084
0.0297765
0.0546076
0.0416204
0.0272867
0.0431219
0.0311469
0.0290841
0.0435149
0.0367022
0.0299045
0.0378668
0.0296414
0.0355165
0.0321188
0.0546672
0.0356352
0.0294102
0.0390104
0.0578727
0.0382925
0.0395656
0.0354543
0.0323659
0.0335428
0.0292598
0.0413002
0.0331289
0.0393405
0.0313518
0.0407367
0.0323767
0.0317329
0.0264007
0.0292192
0.0290193
0.0398395
0.0485222
0.0443069
0.026135
0.0354422
0.0319497
0.0325449
0.0360223
0.0369596
0.0342
0.0388053
0.0368851
0.0309921
0.0408155
0.0339269
0.039759
0.0502012
0.0509908
0.0393081
0.0359784
0.0378635
0.0390084
0.0397626
0.0466631
0.0697338
0.0688994
0.0511653
0.05346
0.0484651
0.0419723
0.0530239
0.0547087
0.0401132
0.0491931
0.0553978
0.0655981
0.0732858
0.0466014
0.0460124
0.0313311
0.0444504
0.0449141
0.0386808
0.0443532
0.0608806
0.0339525
0.030084
0.037589
0.0382145
0.0315422
0.0499751
0.0351046
0.0331414
0.027245
0.0420876
0.0352452
0.0284878
0.0357385
0.0323262
0.0375416
0.0543679
0.0368777
0.0371048
0.0315236
0.0328558
0.0346681
0.0545851
0.0365507
0.0326936
0.0320493
0.0375637
0.0306909
0.0347304
0.0388855
0.040954
0.0557291
0.0425781
0.0355153
0.0368634
0.0362452
0.0477444
0.0517831
0.0349739
0.0464059
0.0453706
0.042028
0.0349369
0.0365992
0.0301408
0.0423507
0.0493228
0.0447769
0.029773
0.0385337
0.0365355
0.0418531
0.0517022
0.0317422
0.0324751
0.0459445
0.0397053
0.0334541
0.0362615
0.0369188
0.0376777
0.0367481
0.0498979
0.041792
0.0376038
0.0356656
0.0393581
0.0567568
0.0393818
0.0341211
0.0367907
0.0439776
0.0353423
0.0431107
0.0457096
0.0347577
0.051269
0.0374081
0.0496533
0.0394676
0.0364125
0.0430561
0.0403168
0.0326808
0.0297289
0.0396228
0.042304
0.0301865
0.0371694
0.042079
0.0270877
0.0277055
0.0533044
0.0453209
0.0448093
0.03888
0.0383339
0.0349222
0.0482402
0.036492
0.035994
0.0396027
0.035172
0.03168
0.0299046
0.0303043
0.0339391
0.0441604
0.0459025
0.0369577
0.0420833
0.0351098
0.0348864
0.044346
0.0451258
0.0407652
0.0380255
0.0474152
0.0430642
0.045846
0.0470738
0.0613448
0.0532208
0.0571945
0.0464081
0.0471495
0.0521533
0.0318421
0.0473464
0.0388311
0.0396368
0.0440879
0.0386112
0.0389426
0.0476309
0.0492911
0.0380488
0.0457651
0.0534425
0.0534049
0.068277
0.0393521
0.0471309
0.0660215
0.0406131
0.0409801
0.0393755
0.0507793
0.0357563
0.0380775
0.0421828
0.0420482
0.0403992
0.0457301
0.0391526
0.042715
0.0422746
0.0453848
0.0342916
0.0322981
0.0312847
0.0409493
0.0568418
0.0363232
0.0368399
0.0325966
0.0504365
0.0541684
0.0439865
0.0393177
0.0496489
0.0460189
0.0322226
0.0442295
0.0473112
0.0441253
0.0428331
0.0395342
0.0521665
0.034189
0.0498324
0.064136
0.0618116
0.0713231
0.0641986
0.0460844
0.0418116
0.0376193
0.0543602
0.0394402
0.0394921
0.04055
0.0385445
0.0536842
0.0446354
0.0348254
0.0430375
0.0337188
0.0406516
0.0372446
0.0367886
0.0444041
0.0351655
0.0384263
0.0346691
0.036961
0.0355415
0.0376104
0.0565508
0.0396945
0.0411833
0.040642
0.0325488
0.0404531
0.0383951
0.0473592
0.0287449
0.0374772
0.0503345
0.0407208
0.0478911
0.0378049
0.040331
0.0611564
0.0717328
0.061653
0.056482
0.0339008
0.0380555
0.0397618
0.046614
0.0528036
0.0384652
0.0468764
0.0386708
0.0454394
0.042975
0.0401404
0.0293331
0.0399528
0.0393099
0.0474836
0.0388188
0.0420262
0.0418778
0.0566195
0.0353964
0.0328836
0.0375867
0.0424284
0.0394336
0.0445893
0.0403925
0.0394657
0.0325717
0.037727
0.0389688
0.0338694
0.0351787
0.0354676
0.0469686
0.0349053
0.0386594
0.0339665
0.0342747
0.0353172
0.0552816
0.0322015
0.0356255
0.031395
0.0490026
0.0319747
0.02832
0.027515
0.0350427
0.0417526
0.0543727
0.0379877
0.0399128
0.0347575
0.0439698
0.0583792
0.0540188
0.0484175
0.0313086
0.0312906
0.0407169
0.0403447
0.0382375
0.049155
0.0572972
0.0315424
0.0328545
0.0334049
0.0315914
0.0393693
0.047669
0.0435583
0.0332735
0.0336402
0.038143
0.0272777
0.0372082
0.046721
0.0306154
0.0404274
0.0579272
0.036153
0.0362858
0.0339841
0.0306094
0.0421956
0.0463468
0.0413466
0.0367058
0.0386197
0.0425111
0.0368101
0.034104
0.043676
0.0301617
0.0437122
0.0446725
0.046035
0.0595884
0.0479603
0.059992
0.0430594
0.0355857
0.0365325
0.0381166
0.0343241
0.038201
0.0404484
0.035259
0.0478145
0.0358452
0.0299002
0.0329203
0.0303543
0.038571
0.037947
0.0472421
0.0394357
0.0282979
0.0388771
0.0360879
0.0358992
0.0316792
0.0263602
0.0331414
0.0284028
0.0654343
0.0447074
0.0336434
0.030376
0.0341411
0.0287765
0.0425432
0.0369612
0.0331279
0.0307626
0.0324223
0.0297148
0.0321634
0.0359665
0.0290645
0.0341544
0.0327628
0.0375408
0.042072
0.0439902
0.095383
0.0604599
0.0501453
0.0430179
0.0354914
0.0390042
0.0387111
0.0327239
0.0318703
0.0337422
0.0334822
0.0336113
0.0300703
0.0367697
0.0333055
0.0436313
0.0312098
0.0333295
0.0347138
0.0336724
0.0336708
0.0314656
0.0369505
0.0357822
0.0397976
0.0461631
0.0394731
0.0373853
0.0410003
0.0397763
0.0430425
0.0562311
0.0395476
0.0446279
0.0525704
0.0411343
0.0400205
0.0407337
0.027287
0.0324129
0.0483924
0.0406341
0.030534
0.0373794
0.0368297
0.0404624
0.0450905
0.0503915
0.0425558
0.0325652
0.028479
0.0333585
0.0417427
0.0320689
0.0323349
0.0319976
0.0325493
0.0349898
0.034969
0.0362662
0.0408608
0.0433304
0.0330911
0.0412862
0.0354823
0.0407295
0.035895
0.0503787
0.0685923
0.0584745
0.0623446
0.0476309
0.0462562
0.102989
0.0318223
0.035937
0.0298321
0.0345833
0.0394829
0.0346353
0.0351861
0.0480145
0.0318509
0.033493
0.0392902
0.0400751
0.0350971
0.0379967
0.0391444
0.049668
0.0327246
0.0415615
0.0312262
0.0343079
0.0311278
0.0417132
0.0356426
0.0337374
0.0346129
0.0374783
0.0329071
0.037106
0.0382424
0.0416005
0.0370141
0.033501
0.0297554
0.03326
0.0354321
0.0503157
0.0600875
0.066037
0.0491297
0.0469723
0.0557533
0.0356171
0.0284719
0.0413174
0.0393766
0.0369485
0.0490578
0.0456573
0.0371868
0.0431367
0.0352641
0.0374147
0.0395636
0.0555282
0.0372163
0.0437534
0.0362793
0.0437239
0.0421745
0.026731
0.0453612
0.0375749
0.064465
0.0602068
0.0681191
0.0454517
0.0306764
0.034016
0.0470328
0.0322181
0.0323884
0.0385917
0.0329087
0.0351913
0.0339183
0.0316645
0.0372612
0.0439534
0.0256245
0.0339741
0.0281187
0.0346473
0.0291301
0.0368306
0.0582758
0.0631362
0.0668273
0.0343207
0.0321675
0.0382352
0.041837
0.0442276
0.0351116
0.0334241
0.038839
0.0320075
0.0360548
0.0317856
0.0378406
0.0311109
0.0375623
0.0287108
0.024814
0.0303175
0.0244608
0.028262
0.0292852
0.0296163
0.0313382
0.0286452
0.0397582
0.0357884
0.0309422
0.0291506
0.0316797
0.0299071
0.0289431
0.0305649
0.0335196
0.0370407
0.0334962
0.0333474
0.0375621
0.0542406
0.0430028
0.0319774
0.0320322
0.0448828
0.0370939
0.0341703
0.0382733
0.0367625
0.0367322
0.0340397
0.0379469
0.0329516
0.0337118
0.0365774
0.0357283
0.0339427
0.0420239
0.0346295
0.0322456
0.0419183
0.0448849
0.0334967
0.0345027
0.0369955
0.0400152
0.0378098
0.0400989
0.0352182
0.03842
0.0364172
0.0309985
0.0374064
0.0441313
0.0555877
0.0399921
0.0315746
0.0389171
0.038817
0.0409297
0.0405116
0.0449048
0.0393172
0.037844
0.0386452
0.0373801
0.0384493
0.0326051
0.0355956
0.0592915
0.0354273
0.0396637
0.040167
0.0390906
0.037601
0.0374932
0.0306197
0.0412084
0.0357989
0.0297451
0.0369995
0.0375002
0.0323074
0.0369516
0.041337
0.0409129
0.0467214
0.0313223
0.0365278
0.0446662
0.0376026
0.0369956
0.0289734
0.0492976
0.0364535
0.0296604
0.0284201
0.0392981
0.0357008
0.0336255
0.0357651
0.0389465
0.0458157
0.029615
0.0326658
0.0411561
0.0386355
0.0351684
0.0358438
0.0381215
0.0425879
0.0415765
0.0328562
0.0297229
0.0365125
0.0322137
0.035244
0.0299122
0.0416991
0.0417747
0.040101
0.0290558
0.03471
0.0296792
0.0357639
0.0321445
0.0308278
0.0333323
0.0388604
0.0340915
0.0348811
0.0363165
0.0357302
0.034947
0.0368647
0.0327824
0.0475992
0.0286483
0.0315061
0.0351848
0.0345881
0.0406111
0.0413044
0.0430532
0.0433676
0.0423714
0.0304799
0.0351967
0.0393659
0.0418045
0.0250262
0.0292941
0.0327233
0.0273782
0.0366041
0.0427504
0.0407549
0.0331905
0.0394486
0.0285445
0.0317213
0.0388124
0.0340718
0.0343945
0.0326785
0.0344606
0.0465633
0.0359888
0.032733
0.0366575
0.0371598
0.0423131
0.0475136
0.044327
0.0371467
0.049531
0.0316181
0.0311898
0.0439584
0.0338621
0.0332151
0.0362015
0.0296913
0.0269785
0.0276242
0.0277684
0.0290157
0.0349478
0.0350784
0.0320058
0.0332037
0.0320351
0.0339054
0.0341123
0.0340031
0.0403362
0.033685
0.0290114
0.0374495
0.0371005
0.0383265
0.0329459
0.0334912
0.0357973
0.0473219
0.0417252
0.0415993
0.0392907
0.0359652
0.0402772
0.0397495
0.0455818
0.0447127
0.0384189
0.0330691
0.0342754
0.0310366
0.0322236
0.0318425
0.0396832
0.0347693
0.0365537
0.033594
0.03706
0.03418
0.0334739
0.0294858
0.0335311
0.0319283
0.0393252
0.0332225
0.0350478
0.0299666
0.0374212
0.0307106
0.037014
0.0336599
0.0355166
0.0428863
0.0356565
0.0345522
0.0323615
0.0381676
0.0347691
0.0345531
0.0317796
0.0429901
0.039735
0.030482
0.0364031
0.0343125
0.0358142
0.0278725
0.0340484
0.036804
0.0333122
0.0310723
0.0297249
0.0318426
0.0317096
0.0404043
0.0297415
0.033936
0.0374008
0.0542659
0.0357696
0.0362516
0.0309373
0.0327234
0.0320792
0.0427982
0.0353816
0.0406431
0.0316725
0.0347617
0.0303247
0.0376417
0.0332055
0.0362549
0.0385848
0.0339046
0.0473967
0.0368844
0.0303569
0.0362264
0.0380521
0.0303994
0.0325787
0.0329714
0.0393395
0.0380777
0.0390498
0.0383105
0.034363
0.0370745
0.0368904
0.0337056
0.0321151
0.0506623
0.0430296
0.0358884
0.0300976
0.0400074
0.0374509
0.0332178
0.037217
0.0326604
0.0317418
0.0514648
0.0416538
0.0388055
0.0339875
0.037015
0.0340784
0.0339037
0.0385767
0.0428356
0.0384339
0.0391045
0.0278719
0.0286448
0.0338321
0.0296336
0.0433501
0.0374342
0.0314212
0.0313295
0.0426675
0.0337149
0.0360898
0.0343837
0.0333251
0.0309311
0.0360534
0.0360234
0.0376689
0.0414825
0.0259792
0.0268821
0.0363233
0.0376082
0.0341849
0.037631
0.0362258
0.0459692
0.0421554
0.037797
0.037466
0.0413987
0.0452903
0.0440285
0.0465781
0.0397555
0.0478986
0.0376035
0.0439083
0.0331798
0.0523259
0.0378395
0.0406505
0.0419483
0.0525392
0.0425222
0.0458331
0.0626227
0.0417298
0.0375938
0.0488155
0.0360302
0.0546641
0.04344
0.0392346
0.0402235
0.051495
0.0435908
0.0531467
0.0383507
0.0371656
0.0340658
0.0366775
0.0326402
0.0314662
0.039344
0.0398003
0.0351929
0.0387079
0.0368039
0.0375162
0.0370347
0.0377284
0.0434983
0.0463865
0.0466279
0.0414324
0.0481673
0.050016
0.0392738
0.0441157
0.0259093
0.0370655
0.0406714
0.0518793
0.0389044
0.0458297
0.0354961
0.0463865
0.0446641
0.0424897
0.0385595
0.0426683
0.0408851
0.0394838
0.0403154
0.0402776
0.0361727
0.0433517
0.033494
0.0384545
0.0488375
0.0355002
0.0355014
0.0413002
0.034364
0.0391024
0.0406822
0.0388845
0.0429222
0.035821
0.0377965
0.0354915
0.0386573
0.029732
0.0368896
0.0437122
0.0524346
0.0364766
0.0432401
0.0374503
0.037818
0.0290952
0.03242
0.0412194
0.0474574
0.0280827
0.038988
0.0351017
0.0412435
0.0393757
0.0368881
0.045846
0.0473436
0.0368965
0.0398312
0.0440007
0.0301299
0.032626
0.037952
0.0388375
0.0411219
0.0364393
0.0435682
0.0426925
0.0489303
0.0429528
0.0418715
0.0452064
0.0437667
0.0396381
0.029368
0.02988
0.034703
0.0365421
0.042803
0.0335999
0.035297
0.0394718
0.041019
0.033927
0.0442846
0.0341753
0.0440718
0.0324832
0.0352548
0.0369147
0.0405142
0.038978
0.0399707
0.0309896
0.042378
0.0366936
0.0412038
0.0364585
0.0354028
0.0327298
0.032803
0.0361332
0.0458446
0.0302568
0.0373918
0.0317743
0.0293163
0.0341107
0.0314665
0.0532767
0.0350463
0.0304662
0.031486
0.0359446
0.0295995
0.049674
0.0331287
0.0569682
0.0420029
0.0436155
0.0353399
0.037222
0.0438979
0.041178
0.0401142
0.0323384
0.0512598
0.029078
0.0338682
0.0277291
0.0400769
0.0372142
0.0323982
0.03459
0.0412692
0.0366811
0.0378029
0.0319808
0.0324486
0.0357315
0.0326976
0.0314097
0.037036
0.0258238
0.0451149
0.0366586
0.0347188
0.0346518
0.0385805
0.0477309
0.0446846
0.044739
0.0384004
0.0354344
0.0373343
0.0349455
0.0323906
0.0370125
0.0420054
0.0372292
0.043464
0.0372458
0.0345354
0.0419191
0.0397376
0.0395372
0.0415374
0.0387019
0.0371581
0.0392854
0.0305877
0.0294721
0.0274498
0.0285449
0.0365554
0.0361637
0.0383205
0.047201
0.0485015
0.0298724
0.0398735
0.0300656
0.0260907
0.0388269
0.035574
0.0282072
0.0283629
0.0283152
0.0311055
0.0290514
0.0332634
0.0289369
0.0293046
0.0372202
0.0419466
0.0403054
0.0325677
0.0320157
0.0298009
0.0303115
0.0310108
0.0331093
0.032346
0.0312803
0.0316659
0.0306031
0.0364496
0.0303551
0.0288779
0.0307457
0.0351678
0.0300815
0.0280225
0.0332083
0.0347578
0.0382373
0.0315224
0.034562
0.0303721
0.0355117
0.028576
0.0291611
0.0320938
0.0311745
0.0293498
0.0292964
0.0351573
0.0327404
0.0320386
0.0444727
0.0318918
0.0318828
0.0367335
0.0375849
0.0371129
0.0282912
0.0369172
0.0385684
0.0406108
0.0451908
0.0396883
0.0367916
0.0362076
0.0364743
0.044883
0.0436439
0.0348813
0.0372565
0.0331723
0.0359127
0.0387734
0.0610401
0.0548242
0.0633492
0.0601447
0.0682558
0.0387713
0.0470514
0.0285872
0.0380495
0.0308419
0.0352262
0.0314302
0.0384013
0.0235507
0.0334285
0.0367729
0.0341035
0.0324223
0.0370684
0.0292807
0.0369015
0.0487461
0.0282619
0.034768
0.0292584
0.034583
0.0362083
0.0322108
0.0352531
0.0326238
0.037052
0.0378537
0.0319723
0.0312251
0.0269312
0.0346502
0.0316605
0.0414077
0.0258334
0.0422229
0.0357093
0.0351705
0.0401165
0.033274
0.0352334
0.034481
0.0378441
0.0388269
0.0291499
0.0297038
0.034784
0.0344276
0.0341386
0.0342326
0.0366896
0.0407991
0.0459271
0.0328509
0.0329145
0.0368453
0.0342635
0.0395395
0.0328503
0.0408222
0.0375846
0.0370798
0.0326775
0.0377862
0.032385
0.0294586
0.044342
0.0331037
0.0410184
0.0362224
0.0343925
0.0377121
0.0360939
0.0332184
0.0399588
0.0374091
0.0342665
0.0330791
0.0337795
0.031092
0.0407084
0.0421947
0.0394411
0.0563675
0.0388713
0.0323932
0.0318834
0.03551
0.0292708
0.0362253
0.0407603
0.0374044
0.0425804
0.0443606
0.0390426
0.0347637
0.0389003
0.0357628
0.0310258
0.0304534
0.0348979
0.0350801
0.0318778
0.036188
0.039885
0.0345886
0.0359812
0.0421181
0.0476917
0.0368376
0.0390782
0.036842
0.0301218
0.0380335
0.0266447
0.0333732
0.0338482
0.0398016
0.0314697
0.0402592
0.0507682
0.044609
0.0378311
0.03606
0.0332797
0.0320171
0.0323556
0.0336539
0.0322473
0.027921
0.0237783
0.0257543
0.0279327
0.02629
0.0250883
0.0284452
0.0307159
0.0307379
0.0300162
0.029195
0.0271655
0.0365704
0.0387939
0.0272836
0.0299318
0.0315441
0.0299597
0.0323899
0.0303986
0.034611
0.0319266
0.0383571
0.0345087
0.0343595
0.0333386
0.023704
0.0412367
0.0565083
0.0542071
0.0557451
0.0445888
0.0470002
0.0552185
0.0547177
0.0549831
0.0490682
0.051268
0.0379799
0.0368196
0.0395687
0.0467592
0.0377066
0.035154
0.0369673
0.0395606
0.0375342
0.0335118
0.0394908
0.0360161
0.0335201
0.0294284
0.0335059
0.0384525
0.0353746
0.0403769
0.0271701
0.0382922
0.041873
0.0315322
0.0296734
0.0431574
0.0415457
0.0412367
0.0342049
0.0383861
0.0381775
0.0357846
0.0356218
0.0326459
0.0413398
0.0329026
0.0410649
0.0376476
0.0432106
0.0307361
0.0426018
0.0357798
0.0308905
0.0341136
0.0333932
0.0386031
0.0360424
0.0377899
0.0357091
0.0374181
0.0396032
0.0371323
0.041191
0.0356675
0.0872095
0.034044
0.0391906
0.0423372
0.0342211
0.0393133
0.0444019
0.0413315
0.0336156
0.0266027
0.0405817
0.0369766
0.0460534
0.0383245
0.0386734
0.0546337
0.0433607
0.0384937
0.046986
0.0378929
0.0397516
0.0362553
0.0335073
0.0417344
0.0472505
0.0356343
0.0375215
0.0329806
0.033404
0.034348
0.0350641
0.0342928
0.0354293
0.0391579
0.0366569
0.0244603
0.0385447
0.0400407
0.0389122
0.0408678
0.0293863
0.0337049
0.0381046
0.0387875
0.0375909
0.0316246
0.035728
0.0431335
0.0321333
0.045388
0.0362442
0.0360273
0.0381175
0.039386
0.0387615
0.0335568
0.0334557
0.060002
0.0586785
0.0499962
0.0512542
0.033843
0.0437059
0.0395248
0.0430817
0.0381247
0.0325005
0.0336871
0.0389694
0.0419026
0.039092
0.0433028
0.0418616
0.0354388
0.0343924
0.0364831
0.0322511
0.0438297
0.04122
0.0407127
0.0358339
0.032131
0.046792
0.0398488
0.040723
0.0400519
0.0401169
0.0377459
0.0335155
0.041222
0.0327022
0.0374105
0.0237686
0.0276143
0.0330388
0.0348586
0.0230519
0.0334037
0.0335908
0.0396992
0.0316078
0.0289627
0.031555
0.0376163
0.0369223
0.0387963
0.0340907
0.0262808
0.0351586
0.0405999
0.048501
0.0303949
0.0350672
0.0339332
0.038144
0.037904
0.0440792
0.042281
0.0458932
0.0469579
0.0350093
0.0353716
0.0384792
0.0371539
0.0354365
0.0449478
0.047544
0.0450503
0.0277668
0.0379103
0.0411678
0.0331165
0.0311102
0.0437333
0.0442918
0.0403754
0.0408174
0.0361995
0.0329683
0.0402887
0.0327769
0.039952
0.0279772
0.0357457
0.0348688
0.0383735
0.0413844
0.041453
0.033605
0.0398463
0.0310448
0.0320924
0.0279212
0.0338439
0.0355342
0.0394908
0.0358105
0.0322781
0.037479
0.0405349
0.0340537
0.032358
0.0417351
0.0432457
0.0333764
0.0387856
0.0360247
0.0339807
0.0316421
0.0377224
0.0426946
0.0353502
0.0326965
0.0406516
0.0409345
0.0374092
0.038727
0.0399714
0.0336592
0.0479387
0.0316119
0.0393596
0.0392023
0.0382118
0.0281129
0.0343835
0.039086
0.0397962
0.032184
0.0406731
0.0338257
0.0370953
0.0359612
0.0363645
0.0458411
0.0424004
0.0334399
0.0340296
0.0369039
0.0419827
0.0346185
0.0396649
0.0372266
0.036949
0.037514
0.0344829
0.0381938
0.0387817
0.029877
0.0332321
0.0415115
0.032151
0.0424386
0.0299534
0.0391638
0.0408577
0.0413344
0.0354913
0.0397664
0.0317286
0.0399023
0.0389462
0.0372961
0.0393803
0.0326722
0.0318611
0.0312092
0.0416864
0.0311587
0.0360145
0.0249242
0.0385177
0.038668
0.0360925
0.0407586
0.0531227
0.0373727
0.0350385
0.0309974
0.0317216
0.0329093
0.0375716
0.0322744
0.0342022
0.0328413
0.0336394
0.0325778
0.0321237
0.0327728
0.032157
0.0462577
0.0474241
0.0329303
0.0364695
0.0414087
0.0394238
0.0384665
0.037948
0.045612
0.0378634
0.0394272
0.0429001
0.0472943
0.0418
0.0470105
0.0507685
0.03286
0.0531155
0.0452113
0.0449218
0.049646
0.0414013
0.0597496
0.0473121
0.0441527
0.0439954
0.0504205
0.0431515
0.0414086
0.0451812
0.0456689
0.04283
0.0457513
0.0568205
0.0571075
0.0496974
0.0361799
0.0441476
0.0382222
0.0405748
0.0401307
0.0390494
0.0402078
0.033732
0.0352031
0.0297969
0.0395795
0.0401498
0.0367991
0.0410012
0.0488202
0.0313275
0.0475626
0.0376271
0.0470802
0.0449403
0.0470064
0.0381025
0.0431715
0.0387288
0.0408111
0.0433661
0.0563648
0.0567831
0.0550408
0.0422263
0.0406615
0.0420855
0.037312
0.0317374
0.044457
0.0367359
0.0448076
0.0381049
0.0427766
0.0361837
0.0419154
0.031062
0.0416914
0.0450971
0.0341254
0.043239
0.0355884
0.0371131
0.0424137
0.0378916
0.0382729
0.0469329
0.0389346
0.0424135
0.0396879
0.0358818
0.0377216
0.0432067
0.0364115
0.0527132
0.0423208
0.0473527
0.0387538
0.0375885
0.0344333
0.0354556
0.0429364
0.0458214
0.0342802
0.0330214
0.0370138
0.0392358
0.0409643
0.0434795
0.0518505
0.0408044
0.0501134
0.0363511
0.0482349
0.0368558
0.0378602
0.0419643
0.0419316
0.0403922
0.0480142
0.0396457
0.0419911
0.0469983
0.0416913
0.0396174
0.0407895
0.0426137
0.0568294
0.0389982
0.0385503
0.0402984
0.0364125
0.0392268
0.0370514
0.0358501
0.0500404
0.0355072
0.0404758
0.0372463
0.0429517
0.0414332
0.0381888
0.0430024
0.0494363
0.0441437
0.0309115
0.0403545
0.0324523
0.0373751
0.0396147
0.034505
0.0373311
0.0367208
0.0302579
0.0413864
0.0415856
0.0398668
0.0324382
0.0401541
0.0325525
0.0368691
0.0342017
0.026973
0.0350378
0.0373812
0.0367711
0.032813
0.0327744
0.0460712
0.0468844
0.0389751
0.0548062
0.0464532
0.0378226
0.0354165
0.0393889
0.0416138
0.0381104
0.0392541
0.0416565
0.03305
0.030609
0.0320248
0.0382449
0.0385473
0.0343795
0.0432731
0.0344238
0.0373636
0.0488725
0.0382763
0.0360416
0.0347963
0.0365736
0.0368069
0.0327631
0.0318667
0.0370758
0.0315286
0.0391433
0.0355612
0.0336254
0.0369784
0.0328289
0.0361654
0.0433031
0.0427569
0.039846
0.0389106
0.0412847
0.0378215
0.0382186
0.0374188
0.0510548
0.0387499
0.0389579
0.0415753
0.0421792
0.0403612
0.0405423
0.0341613
0.0416349
0.032085
0.0393044
0.0385026
0.0474429
0.0449422
0.0305493
0.0289982
0.0400591
0.0288567
0.0353627
0.0350532
0.0284917
0.0333517
0.0351655
0.0325818
0.0322916
0.0313739
0.0269158
0.031801
0.0329606
0.0300897
0.0377746
0.0274838
0.0410371
0.0289688
0.0285089
0.0329479
0.0308477
0.0307771
0.029607
0.0371862
0.0307568
0.0361817
0.0308332
0.0283427
0.0365851
0.0360705
0.0551156
0.0508542
0.0403501
0.0323679
0.0294678
0.0335628
0.0293371
0.0299046
0.0359592
0.0298419
0.0334029
0.0324576
0.034294
0.0327488
0.0338658
0.0396898
0.0308724
0.0303042
0.0273591
0.035675
0.03084
0.0292227
0.0354431
0.0308926
0.0407592
0.0419343
0.0422646
0.0285108
0.0378857
0.0324231
0.0266439
0.0341939
0.0362178
0.0326858
0.0356998
0.0403428
0.0277965
0.0414095
0.0383916
0.0413797
0.0329235
0.0445848
0.0390486
0.0399068
0.0307569
0.0352438
0.0343584
0.034142
0.0360705
0.0355956
0.036112
0.0533232
0.0556405
0.054638
0.0373339
0.0329416
0.0440845
0.0327358
0.0420205
0.0326444
0.0401436
0.0302787
0.0340613
0.0350565
0.0304703
0.0408947
0.0369176
0.0333474
0.028759
0.0343192
0.0412605
0.0375172
0.0311619
0.0319729
0.0380115
0.0409057
0.0535619
0.0624422
0.0526339
0.0590387
0.0629446
0.0423641
0.0341795
0.0347032
0.0298947
0.0489793
0.0652565
0.0392817
0.0491578
0.0300043
0.0398211
0.0443282
0.0318535
0.0338589
0.0390718
0.0323141
0.0340436
0.0298943
0.0402119
0.0333814
0.0317002
0.03339
0.0282172
0.0371388
0.0543685
0.0483999
0.0403423
0.0329841
0.0392021
0.0307237
0.0333279
0.0330741
0.0305651
0.0419799
0.0344632
0.0323769
0.0343036
0.0326666
0.0322516
0.0365102
0.0395269
0.0415877
0.0366059
0.0468582
0.0393859
0.0415008
0.0343369
0.0380184
0.0327365
0.0387516
0.0326872
0.0325468
0.0521997
0.0433228
0.0377522
0.0260498
0.0424852
0.0389849
0.0382805
0.037461
0.0401982
0.0393792
0.0359682
0.040075
0.0418666
0.0384427
0.0410872
0.0257188
0.0369033
0.0434924
0.0327881
0.040231
0.0409825
0.0458222
0.0339557
0.0389945
0.0336579
0.0390024
0.0341589
0.0357078
0.0347934
0.0352037
0.0312951
0.0370894
0.0369597
0.0468273
0.0397612
0.0357667
0.0353796
0.052498
0.0351312
0.039054
0.0466782
0.0327406
0.0343726
0.0368287
0.0253728
0.0311788
0.0298962
0.0241016
0.0233081
0.0284123
0.0287664
0.0308557
0.0260482
0.0259283
0.026918
0.0325447
0.0321611
0.027819
0.0386508
0.031012
0.040991
0.0300709
0.0261025
0.0327765
0.0358852
0.0359762
0.0333448
0.0334678
0.0325067
0.0364636
0.0303896
0.0295264
0.0369547
0.0347184
0.0386971
0.0324663
0.0516553
0.0433775
0.0399308
0.0288907
0.0368912
0.0305864
0.0367096
0.0328556
0.0367605
0.0336873
0.0335931
0.0360794
0.0375986
0.0412901
0.0469664
0.0301416
0.0351902
0.0403301
0.0453679
0.0335248
0.0382446
0.0381779
0.0366878
0.0349174
0.0349533
0.0398327
0.0367537
0.0339307
0.0402954
0.0381491
0.036316
0.037636
0.0385018
0.0441948
0.0447917
0.0339397
0.0326679
0.0459716
0.0415807
0.0346094
0.0369902
0.0374559
0.0326218
0.03908
0.0367038
0.0355563
0.037891
0.0422306
0.0402595
0.0460128
0.049586
0.0329694
0.0298304
0.0444371
0.0375814
0.0343358
0.0342797
0.0356372
0.0379439
0.0379623
0.0401893
0.0305116
0.0432188
0.0370239
0.0305038
0.0286743
0.0339551
0.0488612
0.029795
0.0339497
0.0362623
0.0329998
0.0445213
0.0397948
0.0319334
0.0365925
0.0400118
0.0424352
0.0353236
0.0305962
0.0270425
0.0311058
0.0466657
0.0324458
0.0503859
0.0315132
0.0345664
0.0312245
0.0322923
0.0427791
0.0284869
0.0320548
0.0343154
0.0368051
0.0382779
0.037894
0.0369403
0.0334069
0.0280367
0.0350801
0.0412127
0.0461084
0.0332472
0.0327335
0.0380857
0.0510497
0.0415652
0.0392096
0.0365515
0.0379734
0.0318002
0.0453303
0.066215
0.0273521
0.0358989
0.0414866
0.0465337
0.0435616
0.0392905
0.034317
0.0283272
0.0341388
0.0256656
0.0334744
0.0365364
0.0509806
0.0310684
0.0393839
0.026518
0.0390014
0.037192
0.0330293
0.0412341
0.0523442
0.0442682
0.0337325
0.0376095
0.0428252
0.0334554
0.0312879
0.0540075
0.0448806
0.0407448
0.0329753
0.0352374
0.0453327
0.0369095
0.0419735
0.0458236
0.0300586
0.0290346
0.0324993
0.0335364
0.0289402
0.0290029
0.0421524
0.0313534
0.0283861
0.0335939
0.0395684
0.0338625
0.0419641
0.0370282
0.03186
0.0416727
0.0431963
0.0282826
0.0375746
0.0379649
0.0403734
0.0350653
0.0354016
0.0367686
0.0361073
0.0364386
0.037592
0.046642
0.0296568
0.0391537
0.0318147
0.0361902
0.0411415
0.0267676
0.0304975
0.0307599
0.0387569
0.028189
0.0422811
0.0447658
0.0328174
0.0385928
0.041089
0.0372481
0.0309828
0.04243
0.040131
0.0375026
0.0355026
0.0359519
0.0414299
0.0382565
0.0370904
0.0371753
0.0487348
0.0278487
0.027088
0.0321083
0.0366923
0.0351188
0.0351962
0.0292702
0.0348242
0.0346412
0.0346463
0.031862
0.0301866
0.0301844
0.0307245
0.0279361
0.038282
0.0288919
0.0376287
0.0460462
0.0349828
0.0330273
0.037237
0.0343093
0.0289997
0.0319474
0.032516
0.03539
0.0475168
0.0347022
0.0349468
0.0419081
0.033144
0.0367891
0.032993
0.0357353
0.0623443
0.037332
0.033604
0.0360778
0.0346199
0.0351693
0.0319414
0.0339983
0.0343328
0.0365009
0.034278
0.0371928
0.0369383
0.0342691
0.0360897
0.0320451
0.03303
0.0397284
0.0369893
0.0363436
0.0377428
0.0297428
0.0352202
0.0389572
0.0377864
0.0399107
0.0327636
0.0390968
0.0328816
0.0392429
0.0335648
0.0328542
0.0362055
0.0348669
0.0390608
0.0369274
0.0389426
0.0421986
0.0364819
0.0371656
0.0335097
0.0371987
0.0310387
0.0351973
0.0398622
0.0396143
0.0323135
0.0352793
0.0378929
0.0283463
0.039679
0.0261936
0.0292896
0.0288593
0.039198
0.050406
0.0303039
0.0436375
0.0427622
0.0332026
0.0346479
0.0285147
0.0335078
0.0378178
0.0310358
0.034792
0.0320331
0.0305942
0.0374865
0.038996
0.0383086
0.0314616
0.0325029
0.0303506
0.035665
0.0395584
0.0351672
0.0333035
0.0440232
0.0472593
0.0451846
0.0306081
0.0494653
0.0424546
0.0384934
0.044522
0.0521085
0.0437629
0.0535216
0.0475176
0.0364689
0.0366348
0.0492308
0.043917
0.0467553
0.0339197
0.0469399
0.0358803
0.0437345
0.0390913
0.0458909
0.0361729
0.044461
0.0568274
0.0406027
0.0365955
0.0416977
0.0386354
0.0400249
0.0445029
0.0381073
0.0380291
0.0334326
0.0396688
0.0293937
0.0418818
0.0393463
0.0364277
0.0323722
0.0480554
0.0358451
0.0419525
0.0416679
0.0399736
0.0389585
0.042774
0.0450147
0.0448266
0.0305393
0.0423196
0.0451987
0.057777
0.0413308
0.0524941
0.0408065
0.0392982
0.0359176
0.0413409
0.0346637
0.0380994
0.0302953
0.0433222
0.041213
0.0398607
0.0343007
0.04056
0.04941
0.0405458
0.0325258
0.0406433
0.0320453
0.0437486
0.0286811
0.03283
0.0438028
0.0402376
0.032566
0.040111
0.037988
0.0347822
0.0407294
0.0388587
0.0372728
0.0523916
0.0371893
0.0361302
0.0429586
0.039035
0.03881
0.0337533
0.0441319
0.0448482
0.0331928
0.0329977
0.0395967
0.0370752
0.0431042
0.0424524
0.039831
0.0468466
0.0292649
0.0354364
0.0336936
0.0270975
0.0469624
0.0343755
0.0407227
0.0424956
0.0390481
0.0383413
0.0395979
0.0403904
0.0376441
0.0338793
0.047783
0.0418184
0.0331988
0.0408116
0.0315659
0.0433587
0.0385132
0.0378044
0.0297155
0.0487717
0.0367319
0.037603
0.0424654
0.0374654
0.033421
0.0402803
0.0297352
0.042623
0.038457
0.042331
0.0400686
0.0502944
0.0334981
0.0344946
0.0356232
0.04072
0.034615
0.0373481
0.0271545
0.0341717
0.0317764
0.029783
0.0409521
0.0417744
0.0394499
0.0351606
0.0320955
0.0335177
0.0346903
0.0290099
0.0306173
0.0385796
0.0305699
0.0275802
0.025782
0.029148
0.0454955
0.0476011
0.0355327
0.0490833
0.0358334
0.0423662
0.0362543
0.0402285
0.0364139
0.0407135
0.0309914
0.0301219
0.0336017
0.0421843
0.0370632
0.0446861
0.0412092
0.0319764
0.0391353
0.032614
0.0381226
0.044074
0.0340039
0.025329
0.0289216
0.0385489
0.0312799
0.029535
0.0312834
0.0334502
0.0379212
0.0279379
0.0346007
0.0397065
0.0349758
0.0345456
0.0360724
0.0374572
0.0375357
0.0478428
0.0376337
0.035737
0.0317565
0.0420532
0.0331786
0.0455686
0.0494226
0.0353156
0.0367386
0.0449518
0.0429918
0.0369596
0.0331918
0.0384063
0.0359216
0.0326748
0.0338712
0.0402715
0.0361568
0.0358084
0.0392574
0.0292408
0.0353853
0.0402659
0.0260812
0.0283298
0.0340948
0.0252565
0.0263265
0.03014
0.0294554
0.0349062
0.0255224
0.0320468
0.0308526
0.0330592
0.0339978
0.0310767
0.0377762
0.0297638
0.032403
0.0344864
0.0400596
0.0321023
0.0386495
0.031339
0.0329866
0.0347435
0.0266049
0.0261998
0.0329854
0.0362434
0.0335314
0.0257079
0.0280994
0.0326897
0.0354501
0.0301809
0.0311562
0.0387668
0.0255771
0.0381061
0.0320398
0.0368939
0.0340935
0.0354803
0.0375475
0.0423443
0.0323485
0.0306681
0.0359458
0.0328656
0.0354485
0.033311
0.0325868
0.040405
0.048791
0.0378323
0.0434168
0.0348339
0.0313451
0.0339207
0.0329805
0.0376525
0.0458523
0.0315017
0.0408123
0.0393338
0.0339827
0.033624
0.0338581
0.0394166
0.0344631
0.0407521
0.0422241
0.0346575
0.031186
0.0401547
0.0467548
0.0374008
0.0304546
0.0390863
0.034604
0.0330326
0.0261221
0.0349135
0.0308258
0.0318866
0.0345374
0.0397119
0.0361885
0.0272898
0.0351073
0.035438
0.0456782
0.036239
0.0327527
0.0332058
0.0345165
0.0306403
0.0391354
0.036083
0.0379931
0.0365479
0.029843
0.0323682
0.0356158
0.0360716
0.0344882
0.035908
0.0276987
0.0378409
0.041643
0.0289094
0.0373591
0.0392506
0.0356409
0.0439517
0.0312816
0.0313444
0.0421695
0.0341809
0.0361126
0.0594292
0.0585125
0.0841698
0.0716942
0.0668397
0.0810581
0.0926704
0.0546677
0.0540529
0.0585548
0.0572338
0.0349526
0.0393242
0.038014
0.0443652
0.0331068
0.0462585
0.0450039
0.0399908
0.0388914
0.0360337
0.0381566
0.0332631
0.0317077
0.0389334
0.0386333
0.047365
0.031941
0.0403373
0.0418272
0.0369414
0.0401689
0.0405285
0.0383242
0.0348905
0.0436889
0.0388727
0.0449957
0.0385355
0.0497021
0.0385743
0.0348138
0.0347122
0.0378359
0.0414269
0.0337491
0.0368109
0.0496192
0.0384294
0.0400924
0.0347101
0.0398424
0.0371034
0.0369291
0.0283223
0.0480897
0.0299666
0.0377354
0.0316777
0.0266006
0.0340376
0.0375389
0.0444617
0.0359088
0.0311739
0.0287067
0.0309244
0.0384678
0.0350082
0.0383723
0.0314119
0.0431957
0.033534
0.0407969
0.0306707
0.0345397
0.032882
0.0405119
0.038278
0.0386501
0.0402639
0.0334611
0.0315372
0.0291565
0.0312464
0.0280055
0.028271
0.0274808
0.0299728
0.032305
0.0289449
0.0263263
0.0277618
0.0273098
0.0288822
0.0304936
0.031114
0.0257246
0.0288966
0.0271955
0.0308736
0.0318085
0.0293838
0.033141
0.0330675
0.0301842
0.032631
0.0314767
0.0355616
0.0428243
0.0366105
0.0419782
0.0346356
0.0324699
0.0378612
0.0344417
0.0396155
0.0336195
0.0331039
0.033945
0.0416565
0.0375821
0.0322678
0.0352214
0.0400622
0.0322424
0.037527
0.0350911
0.0391944
0.0351752
0.0346065
0.0302697
0.0355543
0.037951
0.0385602
0.0367407
0.0349946
0.0414349
0.0525084
0.0341833
0.0327543
0.0441498
0.0339686
0.037406
0.0403812
0.0355087
0.0387978
0.0380884
0.0387012
0.0394316
0.0384533
0.0365434
0.0387603
0.039506
0.0366341
0.0350432
0.0345229
0.0365813
0.0401638
0.0330451
0.0371956
0.0450861
0.0436545
0.0453483
0.0483056
0.0337662
0.0388804
0.0344889
0.0462494
0.0350145
0.0352023
0.0339252
0.0394041
0.0400575
0.0420296
0.0300558
0.0444569
0.0504559
0.0353847
0.0308552
0.0370975
0.038365
0.0386681
0.0350255
0.0336547
0.0427676
0.0457925
0.0322269
0.0468951
0.0487858
0.0290998
0.0302905
0.0438711
0.0447735
0.0333864
0.0321117
0.0399849
0.0323245
0.0371592
0.0295869
0.0354164
0.0401135
0.0319289
0.0371847
0.0317111
0.0366746
0.0320578
0.0421041
0.0356504
0.0339132
0.0443017
0.0278408
0.0324687
0.0377612
0.0362692
0.0369812
0.0325128
0.0297759
0.041894
0.0307269
0.0309819
0.0411722
0.0426834
0.0405519
0.0501591
0.0440817
0.040498
0.0337014
0.0295446
0.0378754
0.040173
0.0404054
0.040455
0.0436279
0.0292919
0.031035
0.0341435
0.0329853
0.0368409
0.0403801
0.0408497
0.0372329
0.0330394
0.0281861
0.0334146
0.0527909
0.0436542
0.035159
0.0564207
0.0363849
0.0354838
0.0369522
0.0368338
0.0309158
0.0436742
0.049996
0.0407317
0.0346121
0.0366608
0.0413592
0.0480367
0.0289971
0.0331116
0.0401392
0.0407261
0.0371011
0.0321819
0.0274123
0.0330699
0.0335746
0.0334113
0.0313184
0.0262474
0.0382053
0.0302937
0.0319325
0.0380602
0.040994
0.0416996
0.0347623
0.0345381
0.0373637
0.0336747
0.0363785
0.0408185
0.0370787
0.0398827
0.0389616
0.0392967
0.0386359
0.0300248
0.0345273
0.0419344
0.0486516
0.0386876
0.0300855
0.0371517
0.0441601
0.0289058
0.031778
0.0464357
0.0410156
0.0409921
0.0289379
0.0371025
0.0329937
0.0418317
0.0354753
0.0489725
0.0495913
0.0363797
0.0363416
0.0351211
0.0391043
0.0340073
0.0358197
0.0335983
0.0418729
0.0352824
0.0302675
0.0399186
0.0354961
0.0349217
0.0353494
0.0426195
0.0478724
0.0524422
0.0544077
0.0553954
0.0510565
0.0342814
0.035611
0.0514011
0.0433843
0.0459764
0.0443254
0.0296078
0.0330347
0.0359977
0.0369986
0.0375209
0.0311445
0.0351052
0.0310551
0.0371443
0.0313089
0.0331348
0.0319892
0.0320219
0.0347493
0.0357383
0.0351572
0.0400192
0.0464324
0.0462199
0.0347762
0.0323655
0.0340345
0.0373921
0.035705
0.034292
0.0378229
0.0322603
0.0316551
0.0433201
0.0490722
0.0362649
0.0336618
0.0307857
0.0393322
0.0310262
0.033833
0.038592
0.0313049
0.0411051
0.0294048
0.0396069
0.0389314
0.0361101
0.0349843
0.0450327
0.0350249
0.0383758
0.0368002
0.0370234
0.0375645
0.0319107
0.0373651
0.0380619
0.031072
0.0341504
0.037742
0.0410838
0.040367
0.0344237
0.0437423
0.0491022
0.0348093
0.0369119
0.0358805
0.0354739
0.0355307
0.0358885
0.0374446
0.0388711
0.0368057
0.0401105
0.0363041
0.0312695
0.043658
0.0288415
0.0391687
0.0353218
0.043401
0.0323045
0.0355011
0.0306481
0.0376015
0.0280696
0.0317094
0.0358152
0.0319154
0.0338875
0.03425
0.0369765
0.0330757
0.0380736
0.0385967
0.0425498
0.0647197
0.0377699
0.0350645
0.0386438
0.0479371
0.0461972
0.0414486
0.0451849
0.0442135
0.0542743
0.0459556
0.0410643
0.0411972
0.0428586
0.0393687
0.0511657
0.0337186
0.0393711
0.0440648
0.0390791
0.0542205
0.048127
0.039804
0.0465697
0.0443362
0.0436076
0.0448266
0.0384546
0.0370145
0.0457687
0.0378578
0.039466
0.0416394
0.0407102
0.0350909
0.0397043
0.0341292
0.0402085
0.0371891
0.0385935
0.030638
0.0448631
0.0410861
0.0432978
0.0407797
0.0445488
0.0348752
0.0340911
0.0392905
0.0364411
0.0411713
0.0463698
0.0388967
0.0412467
0.0427501
0.0488415
0.0512765
0.0395538
0.0525228
0.0629423
0.0517666
0.0425564
0.0420227
0.0476781
0.037769
0.0393317
0.045638
0.0422631
0.0413718
0.0390386
0.0530964
0.0398573
0.0355255
0.0412668
0.0342865
0.0348291
0.0416446
0.0414149
0.0446629
0.0367878
0.0339388
0.0422083
0.0294078
0.0394792
0.0292662
0.0389496
0.0392086
0.0393864
0.0449306
0.0501091
0.0351275
0.0424762
0.0352361
0.0390882
0.0383421
0.0269588
0.0377539
0.0408346
0.0327923
0.0246006
0.0388255
0.0363024
0.028655
0.0365118
0.0369402
0.0516529
0.0426445
0.0333179
0.0526658
0.0389714
0.0352484
0.0313381
0.0311164
0.0306464
0.0405908
0.0362429
0.0344315
0.0366013
0.045199
0.037395
0.0383142
0.0289721
0.053227
0.0309933
0.0442657
0.0318421
0.0381867
0.0423477
0.0498314
0.0394334
0.0479112
0.0411166
0.0341985
0.0384102
0.0404326
0.04944
0.0360564
0.0290948
0.0386362
0.0433586
0.0361346
0.0408534
0.0378588
0.0471497
0.0278288
0.0412866
0.0333604
0.0328436
0.0303554
0.0346347
0.039997
0.0377123
0.0370396
0.0279166
0.0328811
0.0362134
0.0321459
0.0348456
0.0322731
0.0334703
0.0293419
0.0438712
0.0355908
0.0345393
0.0263589
0.036641
0.0462487
0.0491659
0.0460077
0.0366174
0.0472221
0.0544947
0.0403079
0.040766
0.0382173
0.0372777
0.0458538
0.0301008
0.040356
0.0364508
0.0336339
0.0294198
0.04437
0.0296224
0.0339509
0.0368196
0.0350434
0.0353036
0.039112
0.0454063
0.0374766
0.0364274
0.0379224
0.0311101
0.0414874
0.0315758
0.0372131
0.0320149
0.0375038
0.0378938
0.0327944
0.0329725
0.0373382
0.0349696
0.034721
0.0635506
0.044684
0.0310765
0.0371
0.0366442
0.0411984
0.0322527
0.036962
0.0386214
0.0421649
0.0358342
0.042693
0.0456058
0.0360754
0.0317415
0.041875
0.0381409
0.0323236
0.0354424
0.0321742
0.0393962
0.0318279
0.0336342
0.0358043
0.0478331
0.0337083
0.0280278
0.0303217
0.0306412
0.0279004
0.0304439
0.0294265
0.0383433
0.036283
0.0328512
0.0281774
0.0362984
0.0284076
0.0315397
0.0260244
0.0270187
0.0443743
0.0324497
0.0399045
0.028422
0.0339694
0.0291512
0.0332663
0.034701
0.02984
0.0345075
0.0348315
0.0482171
0.0500385
0.0316862
0.0306007
0.0358508
0.0292725
0.0388042
0.0354127
0.0348304
0.0282565
0.0338533
0.0379059
0.0515398
0.0305353
0.0323871
0.0297822
0.0362445
0.0320915
0.0286112
0.0346901
0.0317803
0.0259724
0.0315837
0.0289663
0.0314308
0.0315051
0.0359702
0.0450535
0.0343047
0.0259754
0.034548
0.0313337
0.038632
0.0347169
0.0329065
0.0286992
0.0357311
0.0320304
0.0374206
0.0455937
0.0363945
0.0371364
0.0345386
0.0433795
0.0700441
0.0603676
0.0525082
0.0583846
0.0521897
0.0417488
0.0371723
0.0405968
0.0626639
0.0805163
0.0506051
0.0627954
0.0377951
0.0337203
0.0394918
0.036654
0.0359295
0.036104
0.0361195
0.0263199
0.0358228
0.0317564
0.0338736
0.036738
0.0379148
0.0375832
0.0373143
0.0413036
0.040762
0.036711
0.0343843
0.034331
0.0245081
0.0387382
0.0276377
0.0340601
0.0359288
0.0361189
0.0377865
0.0378874
0.0354206
0.0370233
0.0254784
0.0274357
0.0400439
0.0382073
0.0362769
0.0330827
0.0307138
0.0319048
0.0353209
0.0397784
0.0471115
0.0427944
0.0363257
0.0439407
0.0397231
0.0310883
0.0314326
0.033896
0.0331412
0.0376734
0.034295
0.0316489
0.0354228
0.034098
0.0342054
0.0427447
0.036502
0.0386564
0.0332511
0.0412332
0.0315569
0.0343005
0.0385195
0.0406793
0.0378739
0.0399052
0.0365469
0.0345862
0.0417192
0.0566437
0.036447
0.0399157
0.0358817
0.0420286
0.0302512
0.047106
0.0447335
0.0308574
0.048972
0.0426487
0.0306072
0.0409402
0.0396981
0.0423599
0.0365336
0.03376
0.027034
0.0350433
0.0339711
0.037013
0.0400603
0.0304105
0.0356409
0.0501376
0.0336696
0.0357791
0.0339159
0.0346611
0.0364421
0.0411964
0.0381334
0.0357239
0.034918
0.0442475
0.0371322
0.0329
0.0359057
0.036657
0.0299318
0.0400241
0.0455263
0.0346809
0.037801
0.0356358
0.0391552
0.0345239
0.0456316
0.0332039
0.0370526
0.0293048
0.0297323
0.0292479
0.0292671
0.0265217
0.0228249
0.0279129
0.0269893
0.032259
0.0290762
0.0258534
0.0355528
0.0275117
0.0287865
0.0310783
0.0303159
0.0321665
0.0281264
0.0368748
0.0297573
0.0324985
0.0338737
0.0335086
0.0321957
0.0350235
0.0342059
0.0287145
0.0317572
0.0365026
0.0402958
0.036701
0.0375529
0.0402552
0.0331168
0.0368875
0.0324718
0.0386377
0.0371474
0.0373105
0.033438
0.0356917
0.0350382
0.0400661
0.0358498
0.0447613
0.0573713
0.0330517
0.0342181
0.0585683
0.0558663
0.0538269
0.0467785
0.0341482
0.0354542
0.0375656
0.0370769
0.0285707
0.0385969
0.0320713
0.0484805
0.0318901
0.0359662
0.0371643
0.0354577
0.031981
0.0374054
0.0384462
0.0418338
0.0332908
0.0354988
0.0328317
0.0347835
0.0356114
0.0394594
0.0350643
0.0417716
0.043037
0.0505473
0.0424698
0.0331333
0.0341858
0.0409152
0.0388715
0.0322309
0.0365902
0.0367547
0.0380614
0.0442455
0.0273129
0.0363376
0.0367948
0.0389958
0.0449597
0.0556109
0.0402683
0.0431805
0.0447466
0.0307268
0.0376609
0.0410632
0.0439646
0.0398081
0.0341117
0.0422127
0.0391864
0.0346715
0.0317119
0.0511521
0.0360571
0.0418004
0.0365715
0.037027
0.03716
0.04185
0.0280598
0.0375243
0.036989
0.030687
0.0371394
0.0372612
0.0398894
0.0351032
0.0363418
0.0378271
0.0367813
0.042527
0.0272918
0.0313644
0.0330812
0.0379171
0.0360168
0.0367582
0.038736
0.0424013
0.0260616
0.0307217
0.0384308
0.0329501
0.0355703
0.0305221
0.0401498
0.0378641
0.0478648
0.0274614
0.0327323
0.0385554
0.0380685
0.0364344
0.054917
0.0313316
0.0311684
0.0261396
0.0390971
0.0479163
0.0444674
0.0308673
0.0290157
0.0385765
0.0354363
0.0298522
0.0334383
0.0345104
0.0352872
0.039126
0.0343547
0.0321705
0.0342243
0.042809
0.0344163
0.0307281
0.0391765
0.0375764
0.0303827
0.0274636
0.031078
0.0305953
0.0356972
0.0378628
0.0299146
0.035795
0.0327544
0.0357407
0.0276253
0.0333038
0.0440698
0.0267967
0.0254804
0.0364264
0.0341655
0.0248258
0.0326035
0.0299523
0.043504
0.0371884
0.029747
0.0300809
0.0359294
0.0336686
0.0298087
0.0321872
0.0256975
0.0313177
0.0537137
0.0400493
0.035596
0.0356127
0.0366185
0.032259
0.0380555
0.0430724
0.0405073
0.0402692
0.036641
0.0339541
0.032118
0.032542
0.0428628
0.0335258
0.0339179
0.0331914
0.0402582
0.0378366
0.0365849
0.0358685
0.045483
0.0329087
0.0372706
0.0381286
0.0349914
0.0410097
0.0426929
0.0287449
0.0361768
0.0430581
0.0450249
0.0355113
0.0388087
0.0374766
0.0380106
0.0406412
0.0444594
0.0308888
0.0339091
0.0276904
0.0335924
0.036763
0.0310863
0.0376038
0.0316877
0.0398238
0.0311695
0.0335381
0.033965
0.0347015
0.0340135
0.026796
0.0380738
0.0315852
0.0359181
0.030725
0.0315766
0.0289737
0.0298205
0.0395473
0.0373685
0.0463849
0.0327221
0.0431124
0.0351831
0.0347996
0.0370873
0.0349383
0.0307516
0.0408103
0.0348164
0.0392287
0.0297872
0.0466143
0.033831
0.0357457
0.036197
0.0364585
0.0423142
0.0374724
0.0385528
0.0348599
0.0402108
0.0351294
0.0335872
0.0427297
0.0384853
0.0366497
0.0374851
0.0422165
0.0348493
0.0354494
0.0418504
0.0369454
0.0396533
0.0316577
0.0394919
0.0352877
0.036985
0.0309479
0.0371023
0.0330159
0.0464488
0.035315
0.0395902
0.03524
0.0379546
0.0372227
0.0357632
0.036168
0.0352281
0.036739
0.0382558
0.0333123
0.0382474
0.0354573
0.0379512
0.032587
0.0403253
0.0375106
0.0344681
0.0298954
0.0372614
0.0530855
0.0464365
0.0342098
0.0351894
0.0393841
0.0323373
0.0360397
0.036563
0.0336777
0.0314891
0.0450405
0.0317306
0.0396772
0.0345396
0.0455699
0.0345839
0.0363121
0.0303607
0.0272522
0.0381445
0.0367625
0.0404056
0.0438831
0.0431355
0.0538099
0.0419275
0.0477356
0.0463865
0.0504048
0.0573705
0.0469537
0.0547508
0.042402
0.0369026
0.0710717
0.0416591
0.0458547
0.0527079
0.041779
0.0546325
0.0374172
0.0340172
0.049045
0.0397843
0.0412252
0.0452838
0.0410239
0.0357803
0.0490226
0.0361708
0.0458085
0.057062
0.0366371
0.0392574
0.0425478
0.0316761
0.0376274
0.0419622
0.0452817
0.0376245
0.0285496
0.0394187
0.0335742
0.0430522
0.0389664
0.0481907
0.045226
0.0322917
0.0311188
0.047318
0.048399
0.0406699
0.0439673
0.0474789
0.0438107
0.0474536
0.0463331
0.0406107
0.0281571
0.0424372
0.0477942
0.0499261
0.0365923
0.0393893
0.0419346
0.0395285
0.0289123
0.0398805
0.0443303
0.038082
0.0335832
0.032842
0.0374647
0.0330967
0.0371686
0.038941
0.0361802
0.0467359
0.0410239
0.0392771
0.0287379
0.0402615
0.0373864
0.0421198
0.0370859
0.0315075
0.0375743
0.036928
0.0381528
0.0291018
0.0366167
0.0334663
0.0347817
0.0429518
0.0403761
0.0488489
0.0376468
0.0333862
0.0402622
0.0399685
0.0387004
0.0373538
0.0463998
0.041375
0.0327162
0.0341308
0.0343292
0.033997
0.0364544
0.0401716
0.0463561
0.0500145
0.0376849
0.0445488
0.0344532
0.0426583
0.0272594
0.0366336
0.0429631
0.0478816
0.0396116
0.0350945
0.0366322
0.0348827
0.0316186
0.0385689
0.0400136
0.0496242
0.0340915
0.0384866
0.0349917
0.039307
0.0349378
0.0344121
0.0399424
0.0407623
0.0416075
0.0324572
0.0440083
0.0348798
0.0365396
0.0401581
0.0359586
0.0340057
0.040051
0.0332059
0.0366218
0.0335892
0.0408877
0.0388231
0.0416714
0.0267369
0.0373348
0.038111
0.0332838
0.031585
0.0383581
0.0283954
0.0385345
0.0344525
0.0303976
0.03501
0.0296088
0.0315487
0.0295102
0.0350031
0.0555384
0.0529464
0.039042
0.0364515
0.0415034
0.0482731
0.0320963
0.0363013
0.040824
0.0394961
0.0334312
0.0390146
0.0422587
0.0378221
0.0363195
0.036679
0.0406177
0.0369841
0.0370065
0.0352707
0.038681
0.0384272
0.0323103
0.030169
0.0436502
0.0426615
0.0361572
0.0266521
0.0405779
0.0377375
0.0273117
0.0352906
0.0298638
0.0403756
0.0385168
0.0374088
0.037376
0.0399755
0.0370655
0.040269
0.0441729
0.0552916
0.033805
0.0282014
0.0303696
0.0332848
0.0384782
0.0402143
0.0412698
0.0498796
0.0349893
0.0490159
0.0359163
0.0387989
0.0305612
0.039615
0.031334
0.0292634
0.0380658
0.0281256
0.0342899
0.0309782
0.0344084
0.0440113
0.0477137
0.0296507
0.0516908
0.0745135
0.0582811
0.0514935
0.0496283
0.045369
0.0307844
0.0371946
0.0285075
0.0268926
0.0327839
0.030074
0.0320195
0.0321549
0.0287577
0.0361536
0.0333732
0.037257
0.0293079
0.033035
0.0305463
0.028711
0.0367574
0.0332379
0.0318132
0.032988
0.0282707
0.0362215
0.0431343
0.0345636
0.0274861
0.031481
0.0355816
0.0358926
0.0298676
0.0385947
0.0296719
0.0346691
0.0306007
0.030379
0.0353986
0.0313853
0.0324216
0.0308808
0.0317031
0.0376894
0.0388106
0.0358536
0.0378238
0.0347872
0.0317924
0.0341738
0.0377092
0.042811
0.027727
0.0328645
0.0459222
0.0362306
0.0388347
0.0315293
0.0366497
0.041248
0.033714
0.0369252
0.0335027
0.0334094
0.0308535
0.0313286
0.047743
0.0333781
0.0300114
0.0342616
0.0347556
0.0386612
0.0356541
0.0327419
0.0381007
0.036464
0.0378126
0.0341181
0.0386417
0.0292913
0.0310188
0.0322314
0.034343
0.0382579
0.032815
0.0348112
0.0318419
0.0363046
0.035491
0.0282281
0.0296387
0.0376243
0.0401946
0.0311004
0.0339505
0.029919
0.0338356
0.0421055
0.0320885
0.0352214
0.0402341
0.0388567
0.041535
0.037332
0.0374761
0.034808
0.0288384
0.0458719
0.0380054
0.0344734
0.035694
0.0350802
0.0429226
0.0304705
0.0351856
0.0334058
0.0297296
0.0335314
0.034656
0.0468293
0.03464
0.0446151
0.0650493
0.072641
0.0483789
0.0558232
0.0612874
0.0532059
0.0541582
0.0638378
0.0431448
0.0393975
0.0629245
0.0453527
0.0367522
0.0413835
0.0476092
0.0431779
0.0322993
0.0435744
0.0281023
0.0354044
0.0329325
0.0352417
0.0507272
0.041178
0.0520285
0.0596412
0.0561503
0.0403991
0.0541282
0.0395686
0.035327
0.0289656
0.0339579
0.0262528
0.0349912
0.0393452
0.038142
0.0422217
0.0314861
0.0262331
0.0406164
0.0256271
0.0403809
0.0331903
0.0324031
0.0311625
0.0404812
0.0411771
0.0353562
0.0644339
0.0630393
0.0384216
0.0310349
0.0324192
0.0367654
0.0309689
0.0324168
0.0351223
0.0376102
0.0393041
0.036962
0.0402193
0.0344658
0.0396987
0.0357443
0.035461
0.0414755
0.0426767
0.0318776
0.0421911
0.0508189
0.0411844
0.0402112
0.038545
0.0346852
0.0252632
0.0328245
0.0284046
0.0263501
0.0285502
0.0271601
0.0273458
0.0301494
0.0296067
0.0321134
0.0302958
0.0277033
0.0272906
0.0340262
0.0294666
0.0241095
0.0307537
0.0281492
0.0291824
0.0304832
0.0321375
0.0305384
0.0302612
0.0308421
0.0345938
0.0348927
0.0328408
0.0360315
0.0335124
0.0287828
0.0338258
0.0275508
0.0317561
0.0363119
0.0302699
0.0352913
0.0293465
0.024618
0.0363693
0.0336467
0.0323515
0.0311615
0.0340787
0.032264
0.035115
0.0332375
0.0359237
0.0306053
0.0353939
0.0335785
0.0327762
0.0344746
0.0375052
0.0330849
0.0387462
0.0399319
0.03392
0.0345868
0.0322469
0.0434881
0.0385433
0.0359024
0.0306723
0.043109
0.0299711
0.0352402
0.0276761
0.03559
0.0434971
0.0322083
0.0305606
0.0364414
0.033243
0.0299229
0.0407537
0.0312072
0.0418787
0.0355034
0.0338905
0.0329179
0.0394969
0.0344975
0.034938
0.034238
0.0294747
0.0351343
0.0366113
0.0347496
0.0378562
0.0421101
0.035484
0.0302913
0.0362806
0.0333822
0.0307915
0.0350937
0.0368248
0.0365663
0.0293052
0.0328984
0.0376197
0.0370014
0.0372413
0.0380775
0.0390876
0.0340664
0.0301392
0.0365796
0.0388435
0.0352464
0.0349779
0.0335174
0.0292941
0.0319842
0.0287666
0.0380621
0.0341389
0.0357584
0.0327454
0.0305619
0.0313818
0.0310229
0.0268884
0.0255139
0.0380225
0.0270211
0.0357316
0.0345126
0.0329076
0.0281067
0.0387115
0.0326041
0.0342241
0.0308742
0.0368284
0.0340507
0.0356704
0.0249327
0.0341684
0.0335502
0.0342704
0.0301098
0.0327048
0.0341412
0.0336019
0.0341816
0.0419859
0.0360629
0.0415808
0.0276247
0.0302233
0.037098
0.029965
0.0437168
0.0417397
0.0378741
0.0319993
0.0394022
0.0382992
0.0368728
0.0418641
0.0343494
0.0421316
0.0348033
0.0225071
0.0317377
0.0302971
0.030442
0.0305785
0.0319375
0.0310385
0.0287293
0.0347362
0.0454445
0.0336392
0.0306145
0.0504519
0.0309212
0.0293267
0.0323124
0.0227024
0.0342076
0.0293024
0.026827
0.0264141
0.0347545
0.0263635
0.0246107
0.0286411
0.0271778
0.0279313
0.0325859
0.0307985
0.0290834
0.0301719
0.0326023
0.0248777
0.0373039
0.034309
0.0277159
0.0367259
0.0388368
0.0319511
0.0332739
0.0342946
0.0338942
0.0352537
0.0369187
0.0332644
0.0335173
0.0364453
0.0329668
0.0362532
0.0321497
0.0363712
0.0341771
0.0326887
0.0341585
0.0360058
0.0302003
0.0400587
0.0288876
0.0310533
0.0352732
0.0321974
0.0380851
0.0343835
0.0335368
0.0380927
0.031246
0.038952
0.0390564
0.0305126
0.0319646
0.0406454
0.0366115
0.0283612
0.0353438
0.0305048
0.0311789
0.0336992
0.0347753
0.0358048
0.031866
0.0296299
0.0355313
0.0288602
0.033474
0.0345623
0.0331399
0.0341894
0.0301088
0.0294315
0.0330634
0.0335547
0.0321667
0.0333904
0.0329411
0.0330199
0.032753
0.0335251
0.0332449
0.0330189
0.0328502
0.0327387
0.0305033
0.0388206
0.0313781
0.0331513
0.0322278
0.0343493
0.0335012
0.0369661
0.0356927
0.0331677
0.0312623
0.0369177
0.0336762
0.0316953
0.0345235
0.0284623
0.0331342
0.032232
0.0341425
0.0278579
0.0350536
0.0322168
0.0356561
0.033262
0.0311966
0.027471
0.0349945
0.0338047
0.0327966
0.0324161
0.0310977
0.0399049
0.0363249
0.0279617
0.0290296
0.034685
0.0356737
0.0302587
0.0333574
0.0300988
0.0357239
0.0337617
0.0338441
0.0272896
0.0341251
0.035023
0.0337237
0.0312501
0.0299703
0.0306121
0.0335867
0.0391427
0.0354597
0.0371009
0.0358735
0.034132
0.0377414
0.0283871
0.0355308
0.0388082
0.0291458
0.032895
0.0399077
0.0330276
0.0347878
0.0349559
0.030159
0.0348639
0.0357799
0.0320453
0.0319737
0.0313658
0.0306525
0.0260976
0.0284048
0.0258342
0.0295141
0.0351485
0.0332269
0.0305927
0.0351351
0.0409343
0.0368976
0.0324922
0.0345991
0.0376019
0.0393268
0.0421281
0.039187
0.0524105
0.0463696
0.0441787
0.0367172
0.0388775
0.0451617
0.03725
0.0424391
0.0471165
0.0440397
0.0412441
0.0489908
0.0359573
0.0396317
0.0390605
0.0419562
0.0443667
0.0411146
0.0402044
0.0332269
0.0359791
0.0308693
0.0367035
0.0426205
0.0362906
0.0371031
0.0371282
0.0343162
0.0333711
0.0343446
0.0392057
0.0377506
0.033014
0.0376135
0.0356734
0.0349228
0.0308568
0.0358378
0.0329992
0.03438
0.0328532
0.0345802
0.0402943
0.0441632
0.0371977
0.0380952
0.0298814
0.0365045
0.0399314
0.0595206
0.0327556
0.0328052
0.035066
0.0400841
0.0384656
0.036128
0.0435069
0.0405799
0.0423396
0.0373917
0.0389541
0.0394747
0.0387604
0.0444222
0.0300149
0.0359978
0.0330559
0.03121
0.030327
0.0317954
0.0335675
0.0361009
0.0350472
0.0364477
0.0342772
0.0377995
0.0324185
0.037803
0.0287518
0.0371224
0.0295357
0.0374851
0.0315768
0.0301732
0.0378722
0.034856
0.0354252
0.042608
0.0333949
0.0290323
0.0412779
0.0346148
0.0330331
0.0341598
0.0342834
0.0370087
0.0371196
0.0374471
0.0312203
0.0293355
0.0383428
0.0368729
0.0335647
0.0260007
0.0404219
0.041726
0.0359063
0.0308882
0.0374595
0.027146
0.035066
0.0357605
0.0357371
0.0385269
0.0370478
0.0272811
0.0368554
0.0320624
0.0328183
0.0400609
0.0424304
0.0351219
0.0392797
0.039962
0.0393494
0.0399053
0.0338212
0.0411164
0.0352615
0.0408478
0.0380858
0.0378113
0.028092
0.037425
0.0332014
0.0352944
0.034582
0.0356109
0.0383136
0.0353469
0.0321957
0.0309694
0.0317944
0.0281596
0.0339958
0.0268586
0.0356701
0.0284708
0.0256272
0.0265011
0.0328138
0.0283256
0.0294661
0.0288418
0.029892
0.0307498
0.0298753
0.0297185
0.0338794
0.0506109
0.0320491
0.0442709
0.0406492
0.0407902
0.0376658
0.0366385
0.0373533
0.0284467
0.0336836
0.0387934
0.033393
0.0258023
0.0297771
0.0348677
0.0345318
0.032417
0.0333012
0.0340664
0.0274988
0.0345629
0.0356148
0.0268619
0.0329871
0.0341117
0.0276477
0.0309095
0.032642
0.0322277
0.0280851
0.033874
0.0318574
0.0344543
0.0507474
0.0334321
0.0325308
0.0350882
0.03579
0.0323813
0.0395736
0.0362182
0.0358423
0.0322339
0.0392267
0.0365717
0.035091
0.0345809
0.035145
0.0448046
0.031856
0.039163
0.0392852
0.039434
0.0357864
0.0380776
0.0296226
0.033366
0.0316641
0.0321763
0.0290639
0.033677
0.0334639
0.0276384
0.0272639
0.0264816
0.0299943
0.036206
0.0228177
0.0269487
0.0284948
0.0248439
0.0316209
0.0270514
0.0362833
0.0283443
0.0279896
0.0269972
0.0321079
0.0310729
0.0320118
0.029753
0.0287971
0.0259803
0.0305574
0.0306695
0.025597
0.0289242
0.0289149
0.0316447
0.0260249
0.0288385
0.028093
0.0322305
0.0310523
0.0270531
0.0347193
0.0299076
0.0277693
0.0317169
0.0314465
0.0314875
0.0305557
0.0310789
0.030769
0.0285335
0.0310191
0.0254866
0.0293585
0.0273038
0.0316542
0.0334537
0.0297459
0.028791
0.0347148
0.030652
0.0301361
0.0358744
0.0306451
0.0340496
0.0328497
0.0308335
0.0438596
0.0367987
0.0335318
0.0307206
0.0356941
0.0374155
0.0330008
0.0344652
0.035323
0.029902
0.0343914
0.0327642
0.0329152
0.0316708
0.0310559
0.032173
0.0312546
0.0334586
0.0323261
0.0317456
0.0340938
0.0300576
0.0288784
0.0325985
0.0277901
0.0356671
0.0271365
0.0365743
0.0347932
0.0315689
0.0354972
0.0310178
0.0321029
0.0300695
0.0296737
0.0305429
0.0350817
0.0339504
0.0351067
0.0323891
0.0316354
0.0349351
0.0320608
0.032876
0.0289932
0.0351114
0.0302441
0.0312057
0.0338252
0.0290627
0.0468723
0.0324823
0.0325734
0.0304756
0.0294994
0.0248456
0.0344456
0.0262763
0.0322938
0.0327964
0.0288329
0.0357459
0.0324933
0.0290725
0.0279052
0.0333696
0.0304
0.0343574
0.0303626
0.0311364
0.0390594
0.0330773
0.0261628
0.032573
0.0341417
0.039412
0.0314281
0.0332114
0.0316314
0.0340085
0.0363185
0.0295084
0.0302149
0.0323115
0.0270245
0.0310753
0.032087
0.0326608
0.0396832
0.0314634
0.032739
0.0357556
0.0375448
0.0340474
0.0297346
0.0329776
0.0317417
0.0305586
0.0319601
0.0369294
0.0397334
0.0378155
0.0333247
0.0379832
0.0317381
0.0389162
0.0378346
0.0356684
0.0377033
0.0343321
0.0358663
0.0313374
0.034697
0.0364835
0.0321075
0.0272245
0.0252514
0.0316146
0.0341529
0.0341586
0.0377022
0.0357624
0.0495048
0.0408654
0.0376034
0.0326734
0.0364102
0.0372737
0.0340578
0.0362862
0.0336515
0.0397802
0.0268537
0.0286061
0.0337604
0.0373417
0.0299594
0.0411113
0.0342202
0.0299436
0.0327967
0.0362756
0.0292018
0.0362333
0.0315316
0.0310448
0.0295248
0.0275437
0.0253416
0.0248582
0.0259448
0.0267318
0.0295481
0.0295324
0.0281375
0.0308303
0.028499
0.028445
0.0304609
0.0287209
0.0326891
0.0309194
0.0298629
0.0266591
0.0318775
0.0320399
0.0300806
0.0315136
0.0306333
0.0309245
0.0341945
0.0361985
0.0325735
0.031718
0.0314698
0.0320798
0.0358796
0.0315832
0.0359361
0.034725
0.0454463
0.0328862
0.0326309
0.0319578
0.0287265
0.0314221
0.0369584
0.0382349
0.0363279
0.0337332
0.0356472
0.0322268
0.0358036
0.0332232
0.0408086
0.0389045
0.0333013
0.0336944
0.0289647
0.0363033
0.0379194
0.0342375
0.0376054
0.0337989
0.0415937
0.0349335
0.0320742
0.0382974
0.0389192
0.0321576
0.0323856
0.039202
0.0376345
0.0330905
0.0329285
0.0306064
0.0395585
0.0329751
0.0425883
0.0399704
0.0420986
0.0450471
0.0377598
0.0438616
0.0448615
0.0530718
0.039882
0.0294842
0.0446187
0.031461
0.0362045
0.0489206
0.0346099
0.0361695
0.0255401
0.0295086
0.0391369
0.0363444
0.0384709
0.0382411
0.0400625
0.0364763
0.031705
0.0305181
0.0455822
0.0340072
0.0383826
0.0340215
0.035164
0.0364009
0.03207
0.0278941
0.0326366
0.0392169
0.0355393
0.0318486
0.0340106
0.0409367
0.032427
0.0328983
0.0311537
0.0335835
0.0306425
0.0306395
0.0296692
0.0315173
0.0352412
0.0312993
0.029928
0.0344259
0.0305401
0.036465
0.036593
0.0360327
0.0340841
0.0311004
0.0297265
0.0277836
0.0300069
0.0316046
0.0352052
0.0368045
0.0348253
0.0401871
0.0456239
0.0282582
0.0360366
0.0302573
0.0257084
0.0244992
0.0327407
0.0381948
0.0312512
0.0343063
0.032889
0.0374253
0.0324763
0.0402315
0.0406204
0.0279974
0.0402493
0.029993
0.0308053
0.0266181
0.028887
0.0318666
0.031585
0.0322038
0.0327103
0.0333621
0.0311188
0.0357724
0.0337545
0.0396771
0.0283839
0.0342239
0.0294229
0.0419764
0.0386937
0.0483099
0.0397269
0.0356866
0.0369834
0.0288706
0.0308868
0.0342684
0.0312319
0.0306533
0.0281788
0.0320634
0.0284619
0.0320057
0.0274258
0.0268058
0.0310851
0.0311193
0.0327189
0.0319706
0.0372865
0.0347758
0.041873
0.0278088
0.0283556
0.0327924
0.0306344
0.0336077
0.0307425
0.0322378
0.0292435
0.0455939
0.0350298
0.0316735
0.0375061
0.0420133
0.0363565
0.0304369
0.0365315
0.0356281
0.0424441
0.0314099
0.0336882
0.0345736
0.0348188
0.0408379
0.0311999
0.0365926
0.0432221
0.0350491
0.0283296
0.0326114
0.0318548
0.0338446
0.0358176
0.0348833
0.0323962
0.0327144
0.0387591
0.0379622
0.0354314
0.0317411
0.0273163
0.0349043
0.0275222
0.0290315
0.0332308
0.0329163
0.0324486
0.0311354
0.0431604
0.0433056
0.04057
0.0337661
0.048241
0.0540565
0.062117
0.0525042
0.0618885
0.0500467
0.0329475
0.0319071
0.0327966
0.0350666
0.0297348
0.035045
0.0343408
0.0272971
0.0313547
0.0266843
0.0316984
0.0308709
0.0326273
0.0333591
0.0598955
0.0354944
0.0656335
0.0622198
0.0652994
0.0586992
0.0342709
0.0358783
0.0373361
0.0398506
0.0344604
0.0333705
0.0337709
0.0383025
0.033478
0.0312739
0.0348817
0.0309636
0.0363977
0.0353888
0.029558
0.0282621
0.0361898
0.0276995
0.0295624
0.036472
0.0340707
0.0317282
0.035897
0.0302092
0.0342357
0.0273381
0.0368406
0.0305849
0.0361647
0.0283823
0.0298231
0.0367821
0.0362373
0.0283885
0.0337903
0.0332976
0.0331816
0.0416654
0.0277878
0.0391005
0.0617676
0.0653021
0.0671649
0.0520175
0.0650112
0.0400943
0.0344242
0.0329917
0.0267343
0.0301452
0.0289142
0.0330829
0.031886
0.0320208
0.0317335
0.0369973
0.0297403
0.0361654
0.0267675
0.0314896
0.0289181
0.0269005
0.0331757
0.0262759
0.0356581
0.0318561
0.0248446
0.0360836
0.0291177
0.0351102
0.0365477
0.03872
0.0354935
0.0357997
0.037282
0.0358329
0.0381736
0.03922
0.0354591
0.0355025
0.038748
0.0418202
0.0385208
0.055796
0.0431855
0.0470544
0.0439258
0.0479314
0.0342942
0.035772
0.0373406
0.0391275
0.0385732
0.0454436
0.045991
0.0398443
0.0358167
0.0380272
0.0362388
0.0306259
0.0372918
0.0357383
0.0622779
0.0381091
0.0388811
0.0387057
0.0353865
0.0332275
0.0316143
0.0316834
0.0328817
0.0315809
0.05643
0.029738
0.0368036
0.0314808
0.0290845
0.0404985
0.0572818
0.0300253
0.0320952
0.0369832
0.0346654
0.0338242
0.0347843
0.033795
0.0332683
0.0438904
0.0416089
0.0380109
0.038777
0.0362444
0.0564748
0.0395793
0.0565917
0.0405824
0.0297462
0.0341155
0.0374536
0.0355619
0.0367962
0.0409529
0.0340074
0.0440285
0.0386568
0.0356292
0.03044
0.033512
0.0347714
0.0268041
0.0412903
0.0377835
0.0325229
0.0335394
0.0378404
0.0356424
0.0321946
0.0335132
0.0364011
0.0293633
0.031903
0.0408867
0.0333986
0.0462455
0.0471343
0.0341517
0.039988
0.0553029
0.0342266
0.0371524
0.0403811
0.0314066
0.0380875
0.0319571
0.0379549
0.0355457
0.0546034
0.0288926
0.0315891
0.0335559
0.0416708
0.0345222
0.0440393
0.0520904
0.0372341
0.0315458
0.0338919
0.0418315
0.035371
0.0316691
0.032843
0.0310066
0.0525277
0.0402675
0.0305383
0.027981
0.0353879
0.0433738
0.0406803
0.0346874
0.0355825
0.034668
0.0390028
0.0365653
0.0280558
0.0286185
0.0317941
0.0305555
0.0348082
0.0462673
0.0315077
0.0340027
0.0278929
0.0253071
0.0335552
0.0328365
0.0371942
0.0323145
0.0339484
0.0329676
0.0277802
0.0278811
0.0299058
0.0367667
0.0291487
0.032041
0.0301433
0.0309913
0.0356128
0.0338214
0.0320171
0.026597
0.0352812
0.030536
0.0303916
0.0478676
0.0250452
0.0318856
0.0334311
0.03422
0.0382094
0.0434545
0.0412294
0.0258362
0.03564
0.0445445
0.0336445
0.0393437
0.0337414
0.03095
0.0337626
0.0419092
0.0461983
0.0246706
0.0328714
0.0322989
0.0305271
0.0308839
0.0269978
0.0299247
0.0328351
0.0327053
0.0339684
0.0471589
0.0288479
0.0319159
0.033799
0.0320598
0.0258809
0.0470893
0.0395563
0.0354987
0.0317154
0.0378289
0.0325142
0.0320966
0.0393445
0.0360258
0.029516
0.0351176
0.0488874
0.0336249
0.0370857
0.0389481
0.0371137
0.0314212
0.0480817
0.0280558
0.0315441
0.0381221
0.0327083
0.0325681
0.0363574
0.0276317
0.0387701
0.0329344
0.0396209
0.0372284
0.0307021
0.0254332
0.02962
0.03121
0.0301295
0.0416431
0.04356
0.0306431
0.0292857
0.0248331
0.0255658
0.024076
0.0259979
0.0259055
0.0289473
0.0246379
0.0288987
0.0307541
0.0338295
0.0265355
0.0304076
0.0270323
0.0281783
0.0292251
0.0319423
0.039494
0.0341802
0.027124
0.0280828
0.0301669
0.0304346
0.0297453
0.0294926
0.0288724
0.0272998
0.0304961
0.0275838
0.0364644
0.0336997
0.028434
0.0293474
0.030899
0.0497655
0.058768
0.0543176
0.0567718
0.0522667
0.0518132
0.0445208
0.0441219
0.0481366
0.0461197
0.0459225
0.0465872
0.0512815
0.0486358
0.0463767
0.047509
0.0506092
0.0622042
0.0557646
0.0501997
0.0599051
0.0508138
0.0581916
0.0585948
0.0505152
0.0546155
0.0274309
0.0339333
0.0319424
0.0305639
0.0286224
0.0241809
0.0275635
0.0305704
0.0292441
0.0336302
0.0303
0.0318121
0.0306233
0.0362707
0.0243877
0.0337514
0.0334933
0.0238768
0.0520522
0.0281473
0.024354
0.0320036
0.0325331
0.0318703
0.032049
0.0292536
0.0319512
0.0263806
0.0327335
0.0348397
0.0230257
0.0253806
0.0315697
0.0297742
0.0293007
0.028222
0.0287526
0.0312512
0.0323264
0.0324327
0.0287699
0.0250646
0.0288917
0.0287287
0.0271394
0.0415958
0.0315358
0.0280137
0.0322488
0.0303937
0.0291648
0.0264323
0.0308138
0.0270047
0.025589
0.029226
0.0279443
0.0289882
0.0345496
0.0278048
0.0298374
0.027243
0.0308191
0.0275352
0.0316665
0.0334934
0.0327015
0.0287744
0.0270167
0.0317387
0.0312047
0.0306806
0.0250723
0.0317115
0.0319589
0.0269124
0.026108
0.0235118
0.0328803
0.0321757
0.0227692
0.0341113
0.0295655
0.0306025
0.037895
0.0362319
0.0342135
0.0365813
0.0436985
0.0430079
0.0414088
0.0388387
0.0454853
0.0567859
0.0416799
0.0325639
0.0325256
0.0328964
0.0410112
0.0470943
0.0343513
0.0356967
0.0357912
0.0337337
0.0314356
0.0387177
0.0421897
0.0400604
0.0397059
0.0356116
0.0252394
0.0434868
0.0321635
0.0338484
0.0322697
0.0366399
0.030606
0.032729
0.0245038
0.0322776
0.0218606
0.0311411
0.0400063
0.0314674
0.0250262
0.0318983
0.0302386
0.0338166
0.0272723
0.0322222
0.0344339
0.035314
0.0274717
0.0318591
0.0368252
0.0313703
0.0288038
0.0311506
0.0269473
0.0240424
0.0259953
0.026362
0.0248034
0.0388426
0.0230798
0.0251657
0.0251821
0.0239508
0.0255328
0.0268465
0.0278541
0.0347448
0.0259027
0.0271199
0.0271687
0.0268218
0.0277086
0.0232696
0.0265508
0.036098
0.0341032
0.0393893
0.0395369
0.0383251
0.0382928
0.0242223
0.0427307
0.036596
0.0400864
0.0436654
0.0353109
0.034821
0.0367556
0.0410072
0.0426023
0.037522
0.0341989
0.030078
0.0270423
0.0328275
0.0292034
0.030677
0.032714
0.0271728
0.0324463
0.0279352
0.032913
0.0286437
0.0301987
0.0332219
0.0332436
0.0359883
0.0329769
0.0313981
0.0260842
0.0410977
0.0378064
0.0381128
0.029181
0.0352008
0.0309979
0.0287756
0.0355882
0.0296803
0.02515
0.0266297
0.0277484
0.0279465
0.0361385
0.0287485
0.0281211
0.0307581
0.030893
0.0273536
0.0304537
0.0314577
0.0375079
0.0318681
0.0322328
0.050055
0.0394883
0.0389571
0.0370289
0.0354083
0.032819
0.030208
0.0358654
0.0318066
0.0337371
0.0318142
0.0329195
0.031918
0.0318712
0.0330862
0.0274155
0.0411255
0.0413893
0.0344153
0.0277383
0.0330191
0.0310086
0.0289532
0.0328853
0.0306187
0.026061
0.0308622
0.0284426
0.0302149
0.0281257
0.0322501
0.0316316
0.0279971
0.0295668
0.0325853
0.0276531
0.0263472
0.0358086
0.0361523
0.0310824
0.0304848
0.0372934
0.0387469
0.0274399
0.0434023
0.0430649
0.0306664
0.0205351
0.0365037
0.0284107
0.0242614
0.0280537
0.0268147
0.0295043
0.0308323
0.0294471
0.0355214
0.0327178
0.0291356
0.0442909
0.02954
0.0402064
0.0391193
0.0352018
0.0296583
0.0237682
0.0287292
0.0331234
0.0308293
0.0372617
0.0283091
0.0285024
0.0237721
0.0255623
0.0288587
0.035751
0.0387564
0.0320736
0.0264479
0.0370913
0.0297079
0.0338661
0.0287863
0.0312594
0.0325893
0.0243033
0.0330068
0.0351859
0.054135
0.0373414
0.0346038
0.0365629
0.0401079
0.0448915
0.0480514
0.0367846
0.0406326
0.0290303
0.0382387
0.0294973
0.0306797
0.0488337
0.0332394
0.0254455
0.0343129
0.0376027
0.0575247
0.042825
0.0275029
0.0289761
0.0292297
0.0286185
0.0284538
0.0278787
0.0254307
0.0404763
0.0400168
0.0284777
0.0300637
0.0299444
0.0328487
0.0251739
0.0280989
0.0310769
0.0293616
0.0326782
0.03266
0.0308849
0.0298933
0.0271462
0.0311792
0.0287717
0.0354282
0.027239
0.029123
0.0302725
0.0328883
0.0251127
0.027218
0.0307257
0.0390663
0.0322068
0.0441377
0.0314001
0.0382541
0.0357919
0.0460457
0.045605
0.0304876
0.0465631
0.0475012
0.0429167
0.0299407
0.0363465
0.0339851
0.0430486
0.0294201
0.0261092
0.0302354
0.0255645
0.0255259
0.0232249
0.0255003
0.0323509
0.026817
0.0266001
0.0282682
0.0236431
0.0317059
0.0244768
0.0226582
0.0242629
0.0283885
0.0240983
0.0290862
0.0252072
0.0268553
0.0266684
0.0390884
0.0278663
0.0235518
0.0306353
0.0287889
0.0277967
0.0272014
0.0311988
0.03626
0.0296346
0.02838
0.0324014
0.0251739
0.0295065
0.0305076
0.0300094
0.0309992
0.0273414
0.0267447
0.0342153
0.0367809
0.0333597
0.0297824
0.028803
0.0319114
0.0347077
0.0322936
0.0323552
0.0283134
0.0265626
0.0265929
0.0291829
0.0315398
0.0287952
0.0281584
0.0265775
0.0287558
0.0310079
0.0328163
0.0351751
0.0330866
0.0300847
0.0296463
0.0335563
0.031811
0.0313311
0.0323058
0.0497684
0.0297122
0.0327286
0.0294396
0.0302542
0.0371043
0.0305835
0.0319625
0.0344827
0.0261022
0.0311157
0.0320964
0.0366088
0.0359574
0.0283378
0.0335604
0.0310569
0.0255942
0.0333091
0.0408723
0.0439903
0.0663987
0.0505816
0.0456929
0.0330487
0.0336255
0.0333429
0.0300217
0.0358079
0.0341033
0.0330524
0.0296938
0.0305693
0.0298388
0.0400536
0.0339594
0.0289771
0.0313789
0.0272817
0.0355826
0.033051
0.0283504
0.0420936
0.041167
0.0436872
0.0419279
0.0385102
0.0434571
0.0453912
0.0356628
0.0421752
0.0275931
0.039963
0.047094
0.0340304
0.0256779
0.0355766
0.0338271
0.0393458
0.0295922
0.0543513
0.0456817
0.0487821
0.0507928
0.0438856
0.0307633
0.0389324
0.0356107
0.0345993
0.0508444
0.0500615
0.0399043
0.0409245
0.0361543
0.0361315
0.0358653
0.0288003
0.0438237
0.0457815
0.0352026
0.0332946
0.0345575
0.0278628
0.0315504
0.0480365
0.0400507
0.0378389
0.0357913
0.0354191
0.0416654
0.0373948
0.0370865
0.0354718
0.0529945
0.0382963
0.0434767
0.0338795
0.0375333
0.033589
0.0425343
0.0298874
0.0320334
0.0319998
0.0276953
0.0339022
0.0283064
0.0327968
0.0348442
0.0353149
0.0287794
0.032337
0.0293053
0.030824
0.0328501
0.0378158
0.0315089
0.0497643
0.0342568
0.0300277
0.0327863
0.0377046
0.0288468
0.0372091
0.0363938
0.0319406
0.0325703
0.0325696
0.0335946
0.0308373
0.033513
0.0352335
0.0280838
0.0291158
0.0374762
0.0380375
0.0368831
0.0309897
0.0277801
0.0334942
0.0309498
0.0391085
0.0627864
0.0564189
0.0495853
0.0365967
0.035501
0.0319055
0.0299742
0.0333465
0.0354153
0.0370218
0.0334312
0.0333774
0.0265426
0.0318621
0.0378864
0.031118
0.0253179
0.0305503
0.026927
0.0336791
0.0283155
0.0403554
0.0412171
0.0287264
0.0437371
0.0442386
0.033819
0.0493432
0.0335259
0.0461818
0.0513569
0.0414993
0.0334846
0.0420699
0.0371337
0.0344877
0.0369356
0.0316376
0.0415296
0.0444173
0.0305116
0.0426783
0.0374203
0.0387446
0.028405
0.0356198
0.0298081
0.027672
0.0297654
0.029454
0.0273099
0.0264833
0.0279543
0.0301579
0.0282194
0.0464587
0.0508949
0.0468902
0.0551965
0.0306935
0.0230266
0.0249712
0.0257061
0.0301131
0.0250486
