0.0186893
0.0985069
0.00867972
0.0140958
0.0135066
0.0466804
0.0071441
0.0450438
0.0642571
0.0179734
3.06807
0.0906284
0.0472387
0.023554
0.0154378
0.0232057
0.0791313
0.0177062
0.0530827
0.0103261
3.09615
0.055101
0.0622844
0.0046507
0.023243
0.0302495
0.0278918
0.0095086
0.0556125
0.0390062
0.0108421
0.119706
0.029873
0.087085
0.144062
0.0728133
0.0690316
0.00189867
0.0319688
0.0437976
0.0126811
0.144024
0.00647661
0.0233703
0.116813
0.000724464
0.0118072
2.99212
0.0727282
0.0771991
0.00025735
0.160277
0.0420558
0.0163738
0.0313146
0.00727092
0.0404956
0.0544855
0.00528631
0.00387485
0.0382344
0.0280115
0.0478826
0.0365611
0.0721299
0.00137014
0.0174528
0.0345004
0.000846918
0.0139222
0.00128509
0.0877063
0.000144888
0.0257301
0.0403242
0.0774408
0.0349792
0.011645
0.123378
0.0151306
0.0571375
0.0266567
0.0912155
0.0186539
0.109877
0.0183455
0.0674774
0.067687
0.00165715
0.016586
0.00688762
0.093622
0.139554
0.0524959
0.00617
0.0216985
0.00110956
0.0144103
0.0842408
3.13434
0.00629969
0.018728
0.0137901
0.00722021
3.12871
0.0331827
0.0399087
0.0601344
0.0149386
0.062119
0.00830827
0.128261
0.0345071
0.0106013
0.0130903
0.00682681
0.067369
0.112969
0.0028419
0.0727131
0.00739432
0.00814108
0.00423889
0.0666252
0.0298001
0.00339103
0.0245016
0.0998299
0.0872479
0.0187163
3.10941
0.0603755
0.025374
0.0907623
0.103954
0.0196298
0.04098
0.0272867
0.0108484
3.13594
0.0161521
0.0182151
0.0153356
0.0109435
0.0291552
0.00968477
0.0110417
0.0539379
0.00751989
0.0671366
0.0364515
0.0459614
0.0692769
0.00971172
0.0263499
0.0106172
0.040007
0.00645678
0.0336184
0.0168236
3.12463
0.0102489
0.0657389
0.0608585
0.0243426
0.0954547
0.0384517
0.0984947
0.00144263
0.0485985
0.0223718
0.0456337
0.0593628
0.00421995
0.0231773
0.015709
0.0068389
0.068337
0.0288267
0.0437655
0.0241206
0.0481037
0.0130504
0.0481806
0.0271836
0.0237553
0.055629
0.0432063
0.0407177
0.00304324
0.00858153
0.0413297
0.046045
0.0503271
0.00298868
0.00127435
0.012692
0.0314014
0.0366044
0.0209179
0.000138164
0.0489159
0.0148519
0.0300319
0.0388544
0.0265552
0.0336121
0.0153806
0.0567211
0.0028857
0.030344
0.00275499
0.0475425
0.00536281
0.0676916
0.00496693
0.019642
0.0455359
0.0248526
0.00478985
0.0671458
0.0671771
0.00243787
0.0703652
0.0639857
0.103256
0.00871998
0.0638914
0.0199806
0.0388023
0.00238887
0.00487249
0.0238511
0.018058
0.0240219
0.0131071
0.0495098
0.0937987
0.042676
0.0340917
0.000534104
0.0414429
0.100917
0.0434008
0.0400632
0.0220955
0.0543942
0.0221033
0.0378034
0.0190652
0.0196598
0.185659
0.070162
0.0638833
0.0563297
0.0414144
0.0113329
0.124448
0.0308366
0.0209696
0.0312185
0.0507438
0.0194481
0.0947469
0.0124463
0.0348154
0.00487542
0.0544096
0.0206319
0.0709537
0.084407
0.0754009
0.150126
0.0436729
0.0672272
0.019895
0.0241574
0.0696391
0.0483829
0.0104934
0.102565
3.0986
0.0259899
0.020596
0.0346797
0.0659753
0.108471
0.0628383
0.00838459
0.0111584
0.0895084
3.11245
0.019964
0.0311255
0.00843932
0.0121318
0.118027
0.0166747
0.091201
0.038901
0.0578174
0.125707
3.0428
0.0572728
0.00751199
0.033147
3.13155
0.0513708
0.0280109
0.0663478
0.0481451
0.117141
0.00222926
0.026415
0.0195013
0.0294886
3.12767
0.109458
0.00449049
0.0282662
0.000582284
0.0059027
0.00395239
0.092321
0.0463053
0.0200387
0.0254057
0.00616492
0.0825085
0.0919067
3.02029
0.0192486
0.00592737
0.0863247
0.134774
0.00761581
0.111353
0.122018
0.117888
3.13736
0.000242273
0.198409
0.0301606
0.0949299
0.0221588
0.197848
3.06142
0.0080927
0.0718216
0.068052
0.0393599
0.0203186
0.00680671
0.00668515
0.105833
0.116535
0.048797
0.103591
0.03035
0.036861
0.0427389
0.0475484
0.0650007
0.0757069
0.0190202
0.0117504
0.0102769
0.0188185
0.0214082
0.0354619
3.13646
0.0396346
0.0800269
0.0645485
0.0480569
0.0868361
0.483246
0.024175
0.00121998
0.00559223
0.011649
0.0276138
0.0981592
0.0339844
0.00205087
0.00702055
0.0634856
0.0118381
0.0690386
3.03981
0.00460677
0.0381424
0.0281815
0.0842264
0.044504
0.0355675
0.0545944
0.0118716
3.05129
0.0874989
0.0693945
0.0274562
0.0112755
0.00980785
0.108254
0.022228
0.0192593
0.0471196
0.0374969
3.13425
0.0833042
0.016606
0.0361759
0.0391554
3.02734
0.0212415
0.0270082
0.0285131
0.0725837
3.01268
0.0627682
0.00707412
0.112021
0.0424242
3.13555
0.00330296
0.133499
0.00670707
0.0344675
0.0651523
0.0562943
0.121142
0.00426342
0.0358073
0.0357825
0.0146285
0.0347872
0.142179
0.00563316
0.0680809
0.0963199
0.0455765
0.0780369
0.0351201
0.026723
0.012133
0.0399169
3.11012
0.0245437
0.0400058
0.0341429
0.0198288
0.018818
3.12018
0.112216
0.0643504
0.0152229
0.0117607
0.0477859
0.0662266
0.0462726
0.0517697
0.0186513
0.0572949
0.0970287
0.0173177
0.053597
0.0324697
0.108307
0.0607468
0.0564636
3.12304
0.00478837
0.0175025
3.06289
0.0523001
0.116003
0.0446434
0.0143487
0.104251
0.0847968
0.0526691
0.0226683
0.0322762
0.0173076
0.0232862
0.0629301
0.0318431
0.0546839
0.0101987
0.0158891
0.0834967
3.13111
0.0814638
0.0098438
0.0405229
0.104948
0.0943355
0.00770958
0.0903642
0.0494285
0.105465
0.0365234
0.0315707
0.0388968
0.0223185
0.00595994
0.0426465
0.0833929
0.0113136
0.0280205
3.10393
0.0895079
0.0299897
0.0499997
0.081642
0.102613
3.06487
0.145565
0.0673782
0.00705014
0.0140446
0.146033
0.030551
0.0216063
0.0731444
0.0277739
0.0108207
0.0464646
0.0614671
0.00461643
0.000749232
0.166684
0.103967
0.105768
0.106289
0.0800731
0.0451558
0.132421
0.0588836
3.0921
0.0677878
0.0973332
0.107912
0.0117451
0.0839219
0.0161202
0.143041
0.00681735
0.00541295
0.127556
0.080342
0.0364749
0.0188705
0.0659873
0.0225119
0.0109674
0.0128415
0.010562
0.0937782
0.00497768
0.00638834
0.146137
0.0323298
0.385807
0.0653648
0.0347965
0.0196194
0.0835123
0.0107949
0.00147083
0.0611519
0.0104663
0.017027
0.0268752
0.0505829
0.0333579
0.003123
0.0163659
0.0102104
0.139824
0.0216649
0.0421502
0.0710404
3.10417
0.00266614
0.0487974
0.0695706
0.062075
0.034011
0.0845178
0.0375346
0.0198667
0.0582572
0.0216151
0.0102212
0.135607
0.0332172
0.00116141
0.0207044
0.138023
0.067224
0.0370142
0.0675262
0.073578
0.176293
0.100495
0.0139132
0.0117991
0.0627625
0.0939998
0.0628041
0.0771696
0.089532
0.0506909
0.0124822
3.11705
0.0712221
0.0944245
0.00682476
0.00404034
0.090435
0.0355998
0.055469
0.0920539
0.0142247
0.00581708
0.0495626
0.111411
0.0116863
0.0217772
0.0572093
0.059286
0.00336451
0.106731
0.0191931
0.0716346
0.09793
0.0893735
0.0281553
0.0142266
0.0195759
0.069316
0.0136224
0.0438685
0.0889618
0.110314
0.0217422
0.0366588
0.00298923
0.034876
0.00725633
0.00969803
0.0732348
0.0715724
0.0385267
0.0285235
0.0668439
0.0150098
0.00560951
0.116945
0.023406
0.021159
0.00991428
0.0511492
0.00509876
0.0185231
0.0151319
0.0251944
3.06475
0.0479301
0.0627938
0.0646385
0.0143545
0.00778046
0.0662841
0.000187437
3.06689
0.0521944
0.0774692
3.10288
0.139375
0.0268348
0.0777277
0.0308702
0.118199
0.00273728
0.0875035
0.0436983
0.0745054
3.06742
0.0320493
0.00165824
0.046992
0.0840211
3.08873
0.0690766
0.105956
0.0987637
0.00786078
0.0894113
0.0991194
0.118907
0.0305319
0.0687158
0.00225997
0.0232937
0.0192192
0.0650121
0.0333117
0.0982528
3.11469
0.0715505
0.109577
0.0157466
0.00623506
0.0843282
0.089166
0.0655284
0.0131298
0.0717849
0.0841914
0.0822876
0.120442
0.0167647
0.106096
0.0689248
0.111951
0.0185522
0.0253994
0.0102959
0.0848624
0.0215776
0.0245049
0.00760727
0.0484351
0.0663666
0.00331767
0.0753876
0.0237389
0.124774
3.12993
0.0233081
0.0323997
0.0333083
0.095097
0.0815171
0.0730262
0.00218568
0.166093
0.00566468
0.0427447
0.0108393
0.0203401
0.0107644
0.119548
0.134112
0.0685388
0.021493
0.100971
3.04993
0.0811289
0.0112215
0.0954878
0.0367867
0.0382467
0.0629126
0.00543003
0.0259413
0.0739754
0.0549842
0.0651029
3.1361
0.030101
0.014908
3.0883
0.0505095
0.0862445
3.07549
0.03974
0.0828154
3.10321
0.0281992
0.0200997
0.0589519
0.100308
0.0985203
0.00953615
0.0600795
0.0642386
3.11266
0.129242
0.0118106
0.0319173
0.128956
0.104271
3.08782
0.0106591
0.0423613
0.0226122
3.06233
0.0406527
0.0235357
0.0122222
0.0901815
0.00564277
0.0575804
0.115241
0.0948194
0.086461
0.0226856
0.0561215
0.0246324
0.0610023
0.0197042
0.00744828
0.0127239
0.0355373
0.0304706
0.0805352
0.117321
0.0416587
0.036049
0.0161293
0.102871
0.116543
0.0622447
0.0329168
0.0327376
0.0538059
0.0812759
0.0319046
0.0176855
0.109458
0.0114005
0.150153
0.022687
0.204707
0.0718008
0.0153535
0.0945141
0.126545
0.019129
0.0812102
0.0630224
3.01312
0.0088792
0.0879965
0.112818
0.0556417
0.143481
3.0414
0.0045692
0.0762271
0.0245032
0.0149039
0.0296194
0.0921062
0.109468
0.058506
0.0076178
0.0489915
0.00702766
0.0468461
0.0560753
0.0222703
0.0963448
0.0181777
0.0242659
0.0797806
0.0360751
0.0932056
0.0372475
0.0499184
0.15238
0.0671761
0.0732231
0.0140957
0.119373
0.0253494
3.09379
0.144695
0.0832459
0.154898
0.0415519
0.0163887
0.0665186
0.0219896
0.0207954
0.106838
0.00905241
0.0719308
0.014659
0.0363512
0.0911474
0.0218177
0.0684739
3.06124
0.110191
0.0691673
0.00636565
0.0657288
0.128589
0.0107352
0.0671712
0.0916643
0.01514
0.0470228
3.08174
0.0141832
0.137131
0.051145
0.0537046
0.0303139
0.0457091
0.0650521
0.0720932
3.11309
0.0447198
0.00729725
3.08149
0.00769171
0.0350281
0.0844088
0.127161
0.048514
0.0295044
0.0105591
0.0109877
3.14128
0.0256105
0.0444039
0.00527795
0.00701943
0.00510004
0.108307
0.141729
3.0551
0.0353723
0.0842795
3.08593
0.0585302
0.0177838
0.12541
0.00721192
0.0906961
0.00941166
0.0138528
0.0229663
0.0216295
0.142766
0.123171
0.0662362
0.134016
0.0300437
0.108755
0.0289482
0.0102927
0.114937
0.0240026
0.121759
0.0473889
0.0443496
0.0478689
0.00682356
0.0792159
3.1348
0.0878802
0.0799831
0.0642709
3.12978
0.0411464
0.0168021
0.00474162
0.0204575
0.0104407
0.0643106
0.026656
0.00437343
0.0173886
0.0091083
0.0517798
0.00355559
0.0916382
0.117123
0.0407258
0.0110841
0.0179008
0.0253887
0.0790727
0.0474146
0.0209816
0.0416381
0.000736531
0.134661
0.00936297
0.00814369
0.0674473
0.0851466
0.0596856
3.12908
0.0571751
0.0136308
0.170866
0.0383014
0.0124907
0.0690648
0.0413586
3.12867
0.0672296
0.00699652
0.0838229
0.103079
0.0235821
0.000975135
0.0346732
0.000443186
0.0701145
0.139744
0.160105
0.0846137
0.0725807
0.0963163
0.0228835
0.0957916
0.0779208
0.0172542
0.05655
0.111605
0.0339448
0.0966337
0.102102
0.0837768
0.0416483
3.09606
0.0885056
0.0359857
0.10233
0.0420931
0.0200979
0.0839144
0.124489
0.241422
0.0352604
0.0248736
0.0327055
3.12448
0.0596363
0.0756376
0.0827615
0.0388151
0.0394147
0.0266191
0.0663028
0.119718
0.0553899
0.0921554
0.142592
0.0292145
0.01979
0.0929525
0.0246776
0.0774438
0.128874
0.111942
0.0850898
3.01878
0.00579151
0.11148
0.0342759
3.11061
0.125712
0.0395126
0.0867151
3.14022
3.13632
3.11981
0.100437
0.0401142
0.0595923
0.0372902
0.0564103
0.0345317
0.0379268
0.0577608
0.151617
0.129098
0.00474662
3.1159
0.169363
0.108468
0.0701736
0.0664001
0.081084
0.00352769
0.129416
0.0394988
0.0941834
0.060439
0.0696772
3.13366
0.0726747
0.0365883
3.07764
0.0100507
0.155362
0.00885814
2.96673
0.0355176
0.839013
0.0584646
0.0976286
0.169565
0.000136257
0.0040096
3.12531
0.00961787
0.013351
0.0624162
0.106506
0.0344022
0.0269848
0.0186205
0.0705926
0.00544645
0.232713
0.0838981
0.324286
0.0508503
0.0611701
0.0190925
0.0992922
0.00105584
0.0849613
0.00443291
3.02518
0.176038
0.193444
0.0233417
0.00255794
0.00774553
0.173783
0.134239
0.00397879
0.016026
0.143895
2.97276
3.04883
0.0280649
0.0691422
0.0421075
0.0140925
0.0417106
0.0398513
0.0999558
0.0262595
0.0426908
0.0535307
0.318372
0.0974355
3.02508
0.0991628
0.0097052
0.00109208
0.105725
0.034886
0.14203
0.0353885
0.00285008
0.0539614
0.0673303
0.0793056
0.00519378
0.103024
0.0947624
0.0394598
0.0526722
0.0328121
3.13394
0.145524
3.0878
0.129595
0.146447
0.0171065
0.0180138
3.13515
0.00286352
0.119212
0.100937
3.13908
0.136288
0.00137372
0.00346728
0.0167381
0.0711314
0.100174
0.0321872
0.0727236
0.018317
0.169826
0.0128902
0.0614183
0.0950086
0.0124729
3.13928
0.00255118
0.0131185
0.000275304
0.00360393
0.011382
0.08136
0.169127
0.0385943
0.0126737
0.097913
0.102264
0.048831
0.0689693
3.08916
0.137093
3.13278
0.0230209
0.0714477
0.109474
0.0315567
0.0695987
0.060148
0.0240995
0.0376956
0.00573183
0.0126222
0.103298
0.0318053
0.00915408
0.17623
0.0702537
0.0255816
0.0385764
0.0186563
0.0722882
0.0314926
0.0337656
0.0434786
0.0354113
0.0304641
0.101089
0.0404855
0.0582891
0.0154927
0.110972
0.049365
0.11418
3.10934
0.0266924
0.0123689
0.0318542
0.0892956
0.0664826
0.0105851
0.013532
0.0175769
0.0556963
0.083267
0.0579943
0.0832487
0.0871661
0.0501863
0.0285762
0.0257448
0.0385857
0.0764101
0.0967403
3.06733
0.0258698
0.0161606
0.0545878
0.0338949
0.00890014
0.000752229
0.0512336
0.009776
3.0447
0.0165191
0.0683212
0.0476389
0.00643221
0.0409838
0.0964917
0.0219126
0.0508738
0.00323185
0.074646
0.0934084
0.0563669
0.0414228
0.052252
0.0360913
3.09
0.0748098
0.00660517
3.13053
0.0936428
3.08964
0.00256629
3.11491
0.0893883
0.0340124
0.0121484
0.0252253
0.0308046
0.0181089
3.14143
0.0457211
0.0379759
0.103095
3.07255
0.0629813
0.0919162
0.102909
0.0233088
0.135393
0.0365577
0.00615219
3.10723
0.0797423
0.0827268
0.0357146
0.202367
0.0422658
0.026639
0.0106127
0.0998443
0.061633
0.104601
0.0139689
3.07097
0.028304
0.112569
0.0217379
0.111975
0.0533611
0.0250734
0.0219679
0.0432252
0.018153
0.0795324
0.01542
0.0980067
0.00541271
0.0231333
0.0953014
0.0231199
0.0469546
0.0350602
0.102409
0.0398131
0.0173474
0.00855743
0.0546638
0.000273679
0.0820527
0.0101085
0.0428136
0.0846635
0.0905563
0.0327549
0.104903
0.0796181
0.101132
0.00026561
0.0127157
0.0851811
0.0885069
0.0345712
0.0241128
0.0237537
0.0544423
0.0238859
0.0949024
0.0102013
0.102784
0.0091492
0.0281524
0.0151139
0.00563136
0.0160077
0.0256035
0.112235
0.0730672
0.0781581
0.0617159
0.0254211
0.0239455
0.0640096
0.0260579
3.12769
0.0376458
0.0245077
0.00665444
0.0494447
0.0510027
0.000929246
0.0737049
0.0427948
0.0847455
0.0736247
0.0168251
0.000317763
0.0662483
0.0823466
0.018895
0.0109619
0.079437
0.000376914
0.0120064
0.0224364
0.0527809
0.0307078
0.00491834
3.04851
0.110267
0.00386103
0.0426232
0.0618286
3.07682
0.0672848
0.00357935
0.0216075
0.014162
0.0451979
0.0774417
3.05061
0.0228939
0.0756353
0.0111743
0.0845863
0.018702
0.0311066
0.0636919
0.0271352
0.0452262
0.0408067
0.0210903
0.0831064
0.0086409
0.0590832
0.00438534
0.0143858
0.0693885
0.00943854
0.0246088
0.0826823
0.0348306
0.0876761
0.0516779
0.08648
0.0773988
0.0732478
3.10792
0.0939267
0.0180287
0.100629
0.0019553
0.00822752
0.0593807
0.00640992
0.0317227
0.0499834
0.00764462
0.0245575
0.00816824
0.0189498
0.103942
0.0772101
0.0378513
0.00613566
0.0440711
0.0571256
0.0180777
0.0784778
0.0301097
0.0755774
3.05633
0.0878427
0.0774013
3.09208
0.0287097
0.0689321
0.0969812
0.0248142
0.00711362
0.00677135
0.00806221
0.169555
0.0609565
0.0111627
0.0186887
0.0101415
0.0453771
0.0416823
0.115572
0.190365
0.0605801
0.00266262
0.0293923
0.0438955
0.156788
0.14045
0.126275
0.109873
0.00625975
0.0131079
0.135617
0.0019914
0.0822702
0.021098
6.9629e-05
0.0577723
0.011843
2.99202
0.0831123
0.0218143
0.0219496
0.030994
0.0341842
0.0182676
0.0399314
0.056678
0.0518727
0.190267
0.0396992
0.0855641
0.0911491
0.0655511
0.10834
0.0373865
0.0268423
0.0680118
0.0288868
0.0203389
0.0712005
0.00784522
0.111253
0.075283
0.0840247
0.0180747
0.0293304
0.0543807
0.0164337
0.0142998
0.0967313
0.0300774
0.127345
0.0896718
0.0252764
0.0921539
0.0129518
0.00748967
0.0930031
0.0212219
0.116555
0.131879
0.015578
0.0143661
0.0186597
0.0312755
0.0215501
0.107524
0.127553
0.044514
0.0110675
0.000799737
0.0639197
0.0384705
0.097949
0.0132636
0.0151595
3.11779
0.0239971
0.0244184
0.00731847
0.0794799
0.130958
0.00575425
0.0540435
0.0558185
3.13587
0.0496235
0.0429617
0.0753266
0.0145382
0.110174
0.0924051
0.00166761
0.073194
0.016711
0.00584395
0.00252944
3.12021
0.0605507
0.0722652
0.00926242
0.095873
0.00454216
0.0215432
0.165982
0.113009
0.0778646
0.0325067
0.0526854
0.0692122
0.00101753
3.12058
0.0230583
0.0372852
0.0736806
0.0979585
0.00763476
0.0391303
0.071033
0.0747172
0.0174309
3.13361
0.0321493
3.12706
0.146479
0.0587418
0.0390987
0.0967464
3.11351
0.0462643
0.000234583
0.0378393
0.00768542
0.0753823
0.154461
0.0132431
0.0416966
0.0606547
0.0832387
0.00507744
0.089866
0.0703418
0.060277
0.0112749
0.0305376
0.132198
0.0693835
0.0184867
0.0353308
0.0948545
0.0547757
0.000735488
0.105353
0.00728537
0.0202682
0.0499299
0.0497866
0.0026945
0.00389615
0.0487489
0.190779
0.0747202
0.0442873
0.089017
0.0468874
0.0183656
0.0896242
3.141
0.0105487
0.0444291
0.0425897
0.117911
0.3181
0.116166
0.0875415
0.0244343
0.109002
3.09698
0.0192551
0.0303126
0.0105102
0.00693231
0.0015163
0.00284686
0.0775564
0.0919888
0.0826473
0.0312247
0.0888031
0.132087
0.108099
0.0135678
0.0992735
0.0186782
0.000745394
0.0430244
0.0588752
0.0270636
0.0312321
0.0955414
0.027475
0.0190655
0.0174512
3.12499
3.12448
0.0117067
0.0943912
0.0371536
0.0377405
0.0624989
0.0124189
0.0174175
0.076077
0.0119359
0.0226055
0.0868938
0.113691
0.00702263
0.0556071
0.0495919
0.0702896
0.000674196
0.0659461
0.0818244
0.126705
0.0614375
0.0556267
0.0936424
0.120103
0.00699748
0.0253483
0.088157
0.0734299
0.125311
0.00734372
0.132028
0.0257548
0.0781882
0.00272184
0.0582109
0.00441046
0.0427435
0.0570387
0.0270772
0.0128399
0.0088552
0.103784
0.0955669
0.15289
0.154686
0.0831175
0.0857448
0.00349458
0.0332065
0.0856599
0.165167
0.0911331
0.120566
0.0609713
0.0197466
0.043042
0.0599379
0.1194
0.0929362
0.0463021
0.0722708
0.000225825
0.0580364
0.161699
0.0141839
0.0376821
0.0878443
0.0164096
0.0771011
0.0623405
0.0547482
0.0253545
0.0702499
0.000576708
0.00553449
0.120298
0.0222891
0.0697407
0.00723974
0.196385
0.205177
0.00791725
0.00905894
0.139569
0.0195907
0.123669
0.0691674
0.00600455
0.0520758
0.0362867
0.0598012
0.123348
0.0600195
0.0151575
0.0318636
0.0863036
0.155265
0.0203637
0.0183364
0.00707843
0.0100692
0.014518
0.0110162
0.0852152
0.102578
0.035127
0.0625299
0.0798856
0.0170024
0.0355287
0.0327009
0.0337149
0.0422231
0.00322768
0.00372478
0.0846912
0.0142187
3.13175
0.0115792
0.0320184
0.00838334
0.0147435
0.0735666
3.11731
0.139124
0.0372703
0.0402763
0.0721253
0.00637724
0.0297136
0.016685
0.0162382
0.0242133
0.109575
0.0196573
0.0455775
0.0263879
0.0415096
0.0195891
0.0549905
0.249714
0.0376898
0.0470424
0.0276889
0.0414293
0.0573047
0.00927293
0.0435912
0.0130383
0.0430049
0.0289907
0.0461696
0.0250742
0.0743491
0.0325738
0.00666718
0.00930481
0.0244019
0.0374799
0.0572275
0.0518581
0.0954384
0.0229912
0.0934263
0.0196021
0.0193962
0.0551979
0.0845509
0.0408145
0.0472489
0.0224572
0.00977912
0.178147
0.0101981
0.0168964
0.015987
0.0584208
0.0020693
0.0265045
0.0578271
0.0642967
0.00951804
0.0463414
0.1127
0.31318
0.0112509
0.0613173
0.0646459
0.0409477
0.0296811
0.0291522
0.0205492
0.013649
0.0507683
0.0165841
0.0383842
0.0182397
0.0978825
0.116017
0.0572169
0.0139578
0.0101886
0.018184
0.116582
0.040121
0.0529028
0.0161338
0.0113284
0.0168958
0.0715524
0.00394661
0.0273416
0.013762
0.0283897
0.0728609
0.0603838
0.000901195
0.00826804
0.0170668
0.0549446
0.0630672
0.0249451
0.10692
0.096557
0.0255741
0.0234999
0.09451
0.0482361
0.0115322
0.0127419
0.00415952
0.087096
0.035051
0.00977781
0.538874
0.00868409
0.069315
0.0545608
0.00143872
0.0368737
0.0526602
0.00686545
0.115297
0.0284803
3.12781
0.0173633
0.0639271
3.06223
0.0864859
0.0638757
0.0313475
0.0408524
0.00413845
0.0121854
0.0302738
0.066029
0.0331872
0.0230728
0.0608021
0.0759112
0.0415518
0.00386701
0.0627923
0.0878434
0.0113532
0.0306268
0.0121539
0.0194736
0.0775897
0.0806996
0.00190525
0.00150094
0.0775592
0.0309555
0.0564854
0.0426612
0.0310468
0.060355
0.00876506
0.0236511
0.0550013
0.0686221
0.0121408
0.0190863
0.000519882
0.0242656
0.0470544
0.0615795
0.0133962
0.0307138
0.0105465
0.0209965
0.0207212
0.0660627
0.0699525
0.0513052
0.0631221
0.0239767
0.0918033
0.0108666
0.0718621
0.00784851
0.0556215
0.0242012
0.00937303
3.12226
0.0583368
0.0451351
0.0377276
0.062012
0.000443004
0.0193501
0.0521673
0.118425
0.0980073
0.0483177
0.0706326
0.0488344
0.0494466
3.12686
0.0168211
0.051932
0.024939
0.045289
0.00655255
0.0622911
0.000249415
0.0219126
0.0142052
0.0900448
0.0454263
0.0321608
0.0877466
0.00549754
0.0275242
0.0620922
0.000736429
0.110613
0.0251029
0.00604572
0.0588865
0.0481242
0.0742199
0.0634193
0.0665774
0.0154483
0.0174057
0.00184482
0.0371215
0.00745362
0.0492672
0.0313263
0.0026306
0.0920239
0.00895693
0.00961651
0.029678
0.0386381
0.0183387
3.12
0.111468
0.0210996
0.00613734
0.115078
0.00905225
0.0131718
0.0564703
3.11345
0.0464986
0.07451
0.0237084
0.0586493
0.0450092
0.00717948
0.00592859
0.0177426
2.98544
0.058662
0.0793086
0.0397548
0.0231407
0.053602
0.0415717
0.0553613
0.0727298
0.0863697
0.00505445
0.075082
0.0568937
0.0303298
0.0134151
0.0276149
0.0159645
0.0742691
6.29904e-05
0.0977752
0.0838625
0.00734668
0.114984
0.00607531
0.0278918
0.049725
0.010325
0.0982029
0.0922434
0.155834
0.0371193
0.00769806
0.0717965
0.00522765
0.0105811
3.05236
0.0830357
0.0554961
0.0921694
0.060738
0.0091627
0.0126659
0.0577564
3.13708
0.00596799
0.0310839
0.0185661
0.0587182
0.00678701
0.0365605
0.0573949
0.0717822
0.019304
0.434253
0.0184773
0.0340185
0.0510594
0.0805472
0.00713577
0.0650821
0.0148976
0.0719668
0.00759436
0.0326404
0.126775
0.0450533
0.00832181
0.11107
0.0333705
0.0892898
0.101005
0.0563054
0.045096
0.0073321
0.00537096
0.0331693
0.00725769
0.0270666
0.0922278
0.0015745
0.054414
0.0266111
0.104416
0.056838
0.061686
0.00261182
0.0311572
0.0719291
0.169155
0.109901
0.0151921
0.0677222
0.0110883
0.0216458
0.0590906
0.0757049
0.0157709
0.0213011
3.14139
0.0671457
0.0301716
0.124836
0.0151588
0.0528891
0.0697302
3.13707
0.0763566
0.00897435
0.0469192
0.0225246
0.0219391
0.0523201
0.0839231
0.115883
0.0949274
0.160398
0.137436
0.00605101
3.0081
0.1265
0.104607
0.0833807
0.0462043
0.110646
0.0822179
0.0131489
0.0889891
0.099906
0.0362719
0.003918
0.0107939
0.0275533
0.138277
3.11169
0.126972
0.0124098
0.0221112
0.0337355
0.053576
0.0150074
0.0328641
0.0691438
0.0132314
0.0900388
0.0318419
0.120885
0.00656443
0.0815123
0.0501089
0.0659283
0.0203748
0.0439143
0.0618606
0.0617589
0.0540685
0.164781
0.0736446
0.039457
0.00621481
0.0224393
0.0464974
0.0439795
0.12966
0.109806
0.0899143
0.00542379
0.0173391
0.0133424
0.00138971
0.115068
0.0547448
0.0682538
0.0635193
0.00281816
0.0679474
0.00544542
0.0527467
0.0412738
0.00109099
0.0602494
0.0480197
0.148726
0.099812
0.0146168
0.00918626
0.0261119
0.0149008
0.0815021
0.0383291
0.0781746
0.0191669
0.0395589
0.0615527
0.00571991
0.0152103
0.0376744
0.0750414
0.0342158
0.0038209
0.0167153
0.0168876
0.0184908
0.140148
0.0296989
0.0542907
0.017266
0.042326
0.034911
0.0159337
0.0852387
0.0232735
0.0581071
0.0676914
0.0504856
0.0366977
0.0985482
0.023949
0.0655188
0.0570297
0.0881555
0.0278129
0.00497719
0.0154397
0.00167138
0.0566208
0.0758319
3.13382
0.0303408
0.0726832
0.0357994
0.000459978
0.0704554
0.0743883
0.0104548
0.0650216
0.0108965
0.0545222
0.0503367
0.0398072
0.142682
0.0899269
0.0100494
0.0176881
0.0594276
0.0381808
0.0405347
0.0108333
0.0396411
0.00027533
0.0560209
0.0100136
0.0278757
0.0558923
0.0513446
0.0433074
0.0640595
0.0306514
0.0720279
0.00390083
0.0425087
0.0701872
0.111909
0.0162476
0.0060246
0.0241315
0.0416999
0.0759329
0.0346173
0.00536366
0.0478763
0.0368199
0.00411266
0.0623604
0.0785907
0.0717354
0.0863222
0.0108568
0.0781495
0.0511907
0.0194414
0.0653325
0.0648784
0.0164993
0.0382662
0.0544692
0.0223178
0.00446167
0.0583641
0.0233395
0.053449
3.13456
0.00578909
0.00918627
0.0411089
0.0699388
0.0366439
0.0766623
0.00945697
0.0306142
0.0224795
0.00229333
0.049389
0.0016593
0.0479216
0.10302
0.0439335
0.000807593
0.0170109
0.14281
0.0126204
0.0169841
0.00834542
0.000777769
0.0103058
0.0534637
0.00436768
0.0739077
0.0216181
0.005367
0.0336723
0.0149222
0.0344492
0.0112343
0.030969
3.08478
0.00167693
0.0652578
0.0229037
0.0181632
0.145269
0.0787304
0.176826
0.0301102
0.0496051
0.0506897
0.0539467
0.0625197
0.0267082
0.0106566
0.0321691
0.0152824
0.0155877
0.0223181
0.00583188
0.0205158
0.0347058
0.0849826
0.0972419
0.0147626
0.00113567
0.00719397
0.0200755
0.00828167
0.0855334
0.0229761
0.0401512
0.141097
0.0141592
0.0753575
0.00670199
0.0611165
0.00425633
0.0134536
0.0285819
0.00455996
0.082175
0.0377664
0.0280033
0.0289101
0.0214242
0.0142892
0.0549197
0.01554
0.0517826
0.101213
0.00116085
0.010868
0.0152563
0.0220301
0.0222622
0.0109737
0.00353961
0.0132199
0.0226099
0.151435
0.0138506
0.00472108
0.0385649
0.0643605
0.0121101
0.016896
0.0814576
0.0147753
0.0324476
0.0139475
0.00737
0.0880457
0.0182648
3.09766
3.12627
3.07292
0.0916676
0.00265522
0.0894584
0.100751
0.0906424
0.0272035
0.0191396
0.107863
0.00453955
0.018724
0.0802733
0.0300163
0.0390491
0.0501635
3.12638
0.0557724
3.021
0.0222567
0.0789143
0.023861
0.0749428
0.114127
0.105733
0.0969249
0.103453
0.065769
0.138785
0.0540133
0.0654714
0.0494452
0.0345907
0.000649837
0.224963
0.0531632
0.137238
0.0939932
0.0518405
0.233575
0.0109353
0.133233
0.0791264
0.0293554
0.0754188
0.0540311
0.105659
0.0858709
0.0978371
0.118914
0.168473
0.0450647
0.0173515
0.188986
0.00595605
0.0115387
3.12318
0.0327791
0.0104635
0.215259
0.0137332
0.0123482
0.0860135
0.0443668
0.0776134
0.0299086
0.218415
0.177766
0.0169928
0.218281
0.000987604
0.0141175
0.0881678
3.04924
0.0257179
0.0195706
3.12566
0.0564028
3.06303
0.111997
0.0375106
3.13265
0.0956736
0.0162632
0.118067
0.0759595
0.16965
0.0714768
0.0228081
0.0901197
3.13193
0.0792351
0.0396603
0.123885
0.0605407
0.0988143
0.12694
3.11381
0.177205
0.148514
0.0158094
0.145046
0.020875
0.00168529
0.141826
3.0406
3.02734
2.98405
3.13505
3.13474
0.0362449
0.0564231
0.015305
0.0482061
0.0741848
0.128179
0.00997861
3.07248
0.0101556
0.249516
0.0592174
3.13892
0.0889901
0.00992528
0.0404254
0.0293104
0.124097
0.145681
0.0426282
0.0467776
0.0434979
0.0685124
0.199977
0.0244785
0.0658229
0.0253233
0.0153279
0.0213729
0.0199506
0.0312865
0.104823
0.258213
0.0464233
0.13998
0.0187343
3.08176
3.13856
0.0314279
0.0455952
0.0683622
0.0496863
3.02707
0.0184233
0.014532
0.0181384
0.042866
2.92009
0.165197
0.064887
0.0143892
3.04176
0.0546059
0.00956097
0.258847
0.0255973
3.09905
0.173602
0.0357032
0.0256593
0.0639626
0.0112073
0.119431
0.0911833
0.0563073
0.0980116
0.0910476
0.120935
0.0433617
0.0045094
0.0482765
0.0672134
0.0997875
0.109668
0.0792143
0.0028714
0.00324885
0.0563797
0.00317977
0.0397341
0.0355356
0.045096
0.032818
0.00319083
0.564084
0.0629827
3.10568
0.150408
0.0725997
0.122637
0.0306479
0.0230724
0.0434875
0.0772536
0.188193
0.0341881
0.0196217
0.10495
0.108203
0.0115824
0.0760737
0.111231
0.0535667
0.0479271
3.09116
0.00141148
0.0915491
0.130495
0.0772585
0.00398467
0.0322125
0.0577248
0.0760566
0.00317629
0.0585043
0.0662351
0.0236316
0.0482092
0.0945831
0.173081
0.0415628
0.0575912
0.0421289
0.102513
0.0151909
0.0882692
0.0411696
0.0327003
0.0329771
0.168136
0.00208072
0.0486602
0.04258
0.114623
0.00907179
0.00281787
0.0775926
0.00694187
0.0103515
0.0720199
0.0091949
0.117844
0.0737272
0.049608
0.108138
0.187822
0.0922796
0.0597542
0.0172042
0.0578542
0.107039
0.0125279
0.0496726
0.0485606
0.0927465
0.126181
0.0269477
0.00679781
0.123929
0.0282826
0.121037
0.0628942
0.0924249
0.0604787
0.0680954
0.0239707
0.00734228
0.000151689
0.0210087
0.285293
0.0776586
0.0052811
0.00960529
0.0721606
0.132647
0.0592296
0.0690045
0.108781
0.00460483
0.0351504
0.0336888
0.161178
0.0250288
0.0582453
2.99537
0.26947
0.00549033
0.0589942
0.125533
0.0602236
0.117021
0.0650256
0.0614631
1.55054
0.00970749
0.150657
0.00512695
0.0272669
0.0116963
0.111623
0.0228696
0.230329
0.0697931
0.0854971
2.20323
0.0379411
0.194934
0.144599
0.0470599
0.0339025
0.172047
0.00121152
0.0793792
0.191091
0.465565
2.65844
0.0262094
0.17813
0.0144592
0.0386348
0.0603353
0.0345831
0.0942762
0.110552
0.00448463
0.116564
0.0210625
0.129268
0.188239
0.172749
0.137591
0.00435072
0.044277
0.00899243
2.6132
0.183325
0.145654
0.00217362
0.0390592
0.115861
0.127852
0.383661
0.00794167
0.043111
0.134831
0.202066
0.179341
0.00116779
0.0790553
0.0327394
0.294487
0.00107421
0.198825
0.11436
0.123603
0.132553
0.206342
0.0651821
0.179092
0.436869
0.0995714
0.0805752
0.00754906
0.00190228
0.0485659
0.125342
0.158527
0.239871
0.0325945
0.169014
0.0044429
0.136675
0.0121104
0.0205218
0.0330303
0.0665474
0.0525785
0.0171955
0.174128
0.107911
0.00386774
0.184449
0.25211
0.0394982
0.0278619
0.175813
0.194556
0.0257425
0.0612598
0.162106
0.00123198
0.0674081
0.0176928
0.188638
0.441697
0.101219
0.00504027
0.140452
0.0509296
0.107931
0.12796
0.0365548
0.181864
0.0111634
0.0600973
0.0477756
0.00688521
0.111067
0.00204849
0.00709667
0.146498
0.104539
0.0550066
2.99712
0.0553136
0.065785
0.00285652
0.086635
0.0693015
0.147296
0.190074
0.0807348
0.0388555
0.0211072
0.0832441
0.0119976
0.104205
0.0416112
0.0858998
0.167186
0.0311297
0.102486
0.00936691
0.0313355
0.182247
0.0248972
0.0102251
0.0391851
0.225318
0.00990628
0.0141199
0.121608
0.1248
0.238334
0.166946
0.0315537
0.0284503
0.182402
0.161203
0.0366124
0.142257
0.154792
0.184901
0.128569
0.0695886
0.0182599
0.0657774
0.0540211
0.0534142
0.0538831
0.144995
0.0451299
0.0317022
0.0792093
3.131
0.00742034
0.0030219
0.0357518
0.020598
0.0187572
0.0357729
0.126011
3.06549
0.0275
0.0250372
0.101781
0.0258187
0.010851
0.0213137
0.107457
0.143954
0.102448
0.0494027
0.0558079
0.00997656
0.0195561
3.12991
0.0889966
0.0426213
0.0245178
0.0122045
0.039321
0.0948061
0.0474536
0.0952454
0.0469461
0.0338753
0.0317099
0.0284793
0.0123927
0.00738588
0.0647076
0.00663371
0.029417
0.0997211
0.0828943
0.0731735
0.039397
0.033897
0.0534253
0.00965763
0.0509246
0.129085
0.00554703
0.083556
0.0495388
3.12456
0.0423547
0.0184109
0.00125135
0.00690085
0.0570782
0.0176638
0.14217
0.0531222
3.05057
0.0637332
0.0801363
0.113006
0.0181274
0.0821133
0.158029
0.0418667
3.07191
0.100628
0.0979978
0.0205273
0.00701729
0.027051
0.00161488
0.00652567
0.0379485
0.0702456
0.0932572
0.118238
0.00737193
0.0503918
0.11777
0.0918563
3.13473
0.0919018
0.0125146
0.0726866
0.0823965
3.08772
0.0654744
0.0257464
0.0272533
0.0149985
0.0533407
0.0333807
0.151686
3.12359
0.0060885
0.0564721
0.108406
0.0416079
0.105423
0.0225631
0.0659217
0.175819
0.0144442
0.0488472
0.0853097
0.0921903
0.0348164
0.00933822
0.00604558
3.03383
0.189295
0.0766892
0.0489951
0.0556564
0.0046753
0.00667604
0.0513836
0.111978
0.0131636
0.0503807
0.112621
0.0706511
3.14101
0.044982
0.124943
0.103652
0.0710848
3.06948
0.0556002
3.11459
0.079493
0.219806
0.0104059
0.0645144
0.0107581
0.081547
2.95219
0.00328795
0.0550264
0.00710102
0.0650753
0.0636089
0.0225952
0.015314
0.0175839
3.10466
0.116307
0.0133201
0.108096
0.0448665
0.21564
0.105888
0.0209109
0.14559
0.056568
0.0485885
0.124377
0.114902
3.02315
0.00275304
0.0112172
0.0356191
0.0809072
0.08454
0.0580132
3.00781
0.11677
0.0724114
0.131187
0.208063
3.12719
0.0172112
2.98669
0.00913907
3.09927
0.00395414
0.0211653
0.130596
0.153447
0.0800106
0.0580593
0.076276
0.0450372
0.125333
0.0226867
0.0490027
0.066993
0.00999858
0.0530954
0.163301
3.10048
0.00301642
0.0103951
0.0147957
0.00788404
0.10613
0.131832
0.00158855
0.0446218
0.0745088
0.0833557
3.13144
0.0220485
0.00650601
0.0693047
0.0361346
0.122364
0.00988027
0.00306728
0.0627224
0.131275
0.0570232
0.0246211
0.0487312
0.0449921
0.0491165
0.126959
0.0787562
0.00489007
0.0446328
0.00513625
0.183429
0.00894059
0.104901
0.0626544
0.144637
0.0576469
0.0146319
0.049957
0.068486
0.00470053
0.0765117
0.00709487
0.0763514
0.0039652
0.0360498
0.0471118
0.0201837
0.0184949
0.0213001
0.00752075
0.0825906
0.00610425
0.0597244
0.0987952
0.0410246
0.0733525
0.088092
0.094767
0.0930853
0.0186981
0.00933125
0.0444456
0.0626559
0.022607
0.00879494
0.0395618
0.0115916
0.0614818
0.0154373
0.0613589
0.0482671
0.03202
0.0190832
0.0158373
0.0147205
3.13197
0.0728558
0.0223243
0.0794214
0.0445107
0.0167755
0.00720216
0.0657874
0.0672011
0.0543557
0.11177
0.0498603
0.0766948
0.0602416
0.00997073
0.0522375
0.00348597
3.03536
0.0347213
0.0166862
0.08635
0.106857
0.0381774
0.0857977
0.0698482
0.0219206
0.0615347
0.0565205
0.107327
0.0404018
0.000950301
0.0602613
0.0690688
0.0347648
0.0105504
0.0542032
0.00929663
0.090701
0.0332896
0.00812786
0.0232301
0.0338513
0.0439661
0.0179078
0.0253576
0.114263
0.0304
0.00254586
0.0139569
0.00386252
0.0137214
0.0202198
0.477585
0.0773747
0.00995467
0.00698488
9.45226e-05
0.0323149
0.0343857
0.0250805
0.0937577
0.0796486
0.0370194
0.127547
0.00140913
0.108566
3.13956
0.102247
0.0175578
0.0258385
0.0833447
0.0761838
0.101614
0.115912
0.0582038
0.0175495
0.036558
0.0829788
0.0284392
0.0778714
0.00768311
0.0360613
0.102352
0.0339289
0.0295915
0.0664389
0.00931886
0.0857792
0.020194
0.0123185
0.0128169
0.00534285
0.0160838
0.00572804
0.0815934
0.0594639
0.0379831
0.0101404
0.0369271
0.0531159
0.0544336
0.171463
0.060138
0.076196
0.0396861
3.12552
0.0165267
0.0572429
0.198178
0.0261243
0.00807287
0.0499293
0.0128669
0.0271766
0.102899
0.0891407
0.0160473
0.0321939
0.0122237
0.000644642
0.0507419
0.0348317
0.00749476
0.143363
0.00758226
0.0101773
0.0237384
0.142265
0.006236
0.00836786
0.0112989
0.138308
0.018407
0.0473366
0.00740427
0.0571494
0.0563387
0.0109485
0.0241994
0.0744404
0.0858572
0.00155842
2.98083
0.0719353
0.0123711
0.00263451
0.0913903
0.0113158
0.0287951
0.0324294
0.0644021
0.00242257
0.0108332
0.0602371
0.0747104
0.0205196
0.0904408
0.0137669
0.00298402
0.123343
0.000931153
0.103128
0.0468683
0.0117941
0.0370754
0.0229195
0.0795657
0.0117606
0.0111813
0.0367176
0.00676616
0.0802406
0.0257224
0.0327
0.0457569
0.0228986
0.00418376
3.13099
0.00848714
0.134044
0.0655271
0.038389
0.00562653
0.105474
0.0783972
2.96994
0.113952
0.00355863
0.000941282
3.13948
0.0779375
0.0147501
0.0218781
0.0322344
0.0164889
0.00663547
0.00697407
2.94918
0.0568115
0.0704448
0.00924926
0.0927937
3.10164
0.0838724
0.0334002
0.0686946
0.0853436
0.0714527
0.0999019
2.9826
3.05281
0.0157482
0.0342177
0.10092
0.0045229
0.000461863
0.00632954
0.0195782
0.0969839
0.0150402
0.00742702
0.0930691
0.114933
0.0604481
0.0390486
0.0117336
0.00479248
0.114662
0.0360888
0.0313381
0.0485735
0.0549521
0.00660251
0.00772765
0.091873
0.0478045
0.108672
0.0258225
0.00830463
0.0735963
0.0625301
0.0945262
0.0250213
0.127142
0.0847072
0.0216145
0.0362617
0.0647463
0.0769127
0.101819
0.0685972
0.041001
0.0498492
0.0768512
0.0423312
0.112293
0.0639037
0.00432904
0.000716742
0.020222
0.0775092
0.0352962
0.0223743
0.0175273
0.0232905
0.0254536
3.10329
0.0921685
0.120417
0.0237603
3.02693
0.121668
0.0427032
0.0308112
0.0212503
3.12533
0.0124331
0.0570798
0.160743
0.00424767
0.0581153
0.0926982
0.0560127
0.119206
0.0580815
0.0871191
0.0105757
0.00676015
0.0952954
0.00881322
0.00240147
3.12177
0.128718
3.12453
0.0361066
0.0576818
0.113424
0.0635769
0.0415102
0.16168
0.0485609
0.0689564
0.00179762
0.0580979
3.1237
0.0379419
0.0025296
0.0589636
0.110489
0.0755946
0.0351555
0.103418
0.115063
0.00222703
0.00777669
0.0505177
0.0672335
0.0551247
0.0169349
0.0216329
0.0803902
0.0180001
0.0588177
0.054696
0.0634313
0.00673509
0.0240206
0.0384502
0.103405
3.05099
0.00769271
0.0286192
0.0227056
0.064378
0.0109529
0.0646393
0.0344327
0.0668479
0.0267329
0.04387
0.0684622
0.0699504
0.0918725
0.0223634
0.035501
3.1193
0.00866615
0.152471
0.0053329
0.0292094
0.00106852
0.0238989
0.0232594
0.115713
0.0330776
0.0141604
0.0273006
0.0527791
0.0979544
0.0680281
0.093324
0.0215687
0.129735
0.0619414
0.177437
0.0145895
0.027594
0.0341294
0.113794
0.0575128
0.0328626
0.0388063
0.00612288
0.0989962
0.0173356
0.0464578
0.0899081
0.113015
0.0182552
0.0733901
0.0386515
0.0299417
0.0178327
0.0515296
0.0407474
0.0116418
0.0640031
0.0642112
0.0188471
0.00274234
0.0202975
0.00762685
0.00856824
0.0247708
0.0134673
0.0868945
0.0300571
0.0297496
0.0483927
0.0265328
0.0272195
0.114047
0.106086
0.112261
0.0319443
0.0111699
0.0456102
0.106114
0.0130828
0.068147
0.170267
0.0657918
3.05931
0.00543403
0.0225848
0.129564
0.0679645
0.168473
0.0975054
0.0924055
0.065706
0.00791856
0.00761697
0.079306
0.0511121
0.102961
0.120145
0.123801
0.130656
0.0347559
0.128967
0.148348
0.00716003
0.100885
0.0170761
0.233827
0.0327329
0.102386
0.0967912
0.0478792
0.0101253
0.0564997
0.0573487
3.05811
0.0555459
0.00939052
0.0666249
0.0202016
0.135334
0.0419914
0.0721764
0.0360504
0.0218848
0.0261569
0.144262
0.00306527
0.013792
0.0966878
0.0148907
0.0155772
0.0261753
0.00669715
0.0901235
0.0519974
0.100541
0.0619944
0.112108
0.0360748
0.0706749
0.0276341
0.0322323
0.0736608
0.16633
0.165952
0.00975406
0.0466959
0.0104923
0.0299078
0.0106549
0.100385
0.00446109
0.00694766
0.00571534
0.0137553
0.0136015
0.0133304
0.043375
0.014653
0.933903
0.0115302
0.0169883
0.0718737
0.105882
0.00752075
0.0543672
0.0469576
0.088563
0.0898359
0.0153805
0.0799552
0.0121559
0.0890524
0.0369763
0.0978704
3.0725
0.0123338
0.092437
0.0202681
0.0600617
0.0713446
0.0881475
0.130768
0.106053
0.0269541
0.126328
0.035802
0.128773
0.00989007
0.0386994
0.00839493
0.0921254
3.13852
0.0564973
0.116899
3.13185
0.0780419
0.133695
0.0322033
0.110387
0.0713742
0.0370641
0.0064456
0.0640921
0.00714651
0.0757593
0.0963204
3.1247
0.149952
0.0319306
0.00502387
0.0188985
0.00481679
0.003486
0.0409039
0.127301
0.0529962
0.0283231
0.375898
0.0235983
0.126247
0.0160943
0.0138483
0.00810535
0.00310163
0.14551
0.0243068
0.00961874
0.0125497
0.0947388
0.0409463
3.09309
3.13485
0.0551065
0.0436707
0.03248
0.089461
3.13166
0.0609481
0.0100595
0.0540197
0.114375
0.135626
0.0113552
0.0389566
0.0466893
0.0133478
0.0327692
0.0608791
0.101141
0.0766226
0.00486359
0.167418
0.0357831
0.11404
0.0252291
3.1189
3.04246
0.00932908
0.0750804
0.0380158
2.95451
0.147996
0.0383505
0.129154
0.025039
0.0420647
0.0568829
0.0864143
3.08461
0.113254
0.0213258
0.00730028
0.0180423
0.0409885
0.00930305
0.106861
0.0539372
0.102158
0.0766992
0.0614433
0.103669
0.057241
0.125446
0.0104533
0.0535259
0.0907293
0.0620385
0.0940203
0.0145411
0.0487923
0.096969
0.0760569
0.00846612
0.173414
0.0164037
0.139245
0.147418
0.0287377
0.0158021
0.182828
0.0439514
0.0137671
0.0385419
0.0489284
0.0191641
0.00209179
0.054988
0.0853289
0.0824463
0.0162685
0.00350714
0.117698
0.107388
0.0514017
0.0033198
0.0260073
0.0791487
0.0948228
0.076264
0.127774
0.104595
0.0972444
0.101924
0.0179299
3.06977
0.0212537
0.045829
0.011086
0.0314987
3.13079
0.088732
0.0111728
0.0213576
0.00984025
0.081072
0.042627
3.12615
0.0744429
0.0469327
0.0836361
0.00806011
0.0133019
0.00562879
0.111791
0.0464724
0.0128648
0.122245
0.114325
0.108302
0.115243
0.0800464
0.00634849
0.0983665
3.1064
3.09517
0.0158074
0.0190318
0.0311051
0.0503917
0.00630096
0.0391365
0.0498669
0.00989505
0.0716819
0.000376785
0.0865777
3.1353
0.0165079
0.0590921
0.0284948
0.0194753
0.00476731
3.12849
0.0532103
0.0396708
0.0936514
0.0958594
0.0105481
0.0178502
0.102185
0.0224608
0.00359555
3.03086
0.0210762
0.0991456
0.132369
8.53143e-05
0.0573378
3.13857
0.119958
0.0554128
0.0693341
0.000346109
0.0275289
0.0619541
0.0605138
0.0131575
3.13887
0.112793
0.030748
0.0161109
0.0793796
0.0311065
3.03819
0.0282386
0.105688
0.0379423
0.0457928
0.107406
0.0833974
0.158991
0.0310175
0.0563209
0.0518324
0.0521764
0.0768573
0.0765878
0.0208568
3.03755
0.0240141
0.00148777
0.00246053
0.0230752
0.0125377
0.0127598
0.129957
0.0758253
0.0546075
0.111004
0.0433034
0.113833
0.0126283
3.13664
0.0425092
0.033567
0.0930198
0.056014
0.0724553
0.0396476
3.13956
0.042944
0.0797519
0.127373
0.121252
0.177974
0.147444
0.101653
0.000581809
0.0251973
0.0522663
0.00238275
0.093604
0.0410768
0.0242872
0.00796953
0.0413596
0.0133548
0.00224908
2.96092
0.0302753
0.0236962
0.0145605
0.124052
3.12176
0.00342551
2.99102
3.1323
0.0129794
0.0958746
0.0486511
0.0188506
0.00551075
0.110309
0.0276793
0.00946756
0.0101131
0.0573543
0.0280671
0.0409418
0.099143
0.00220862
3.04809
0.0655083
0.0399197
0.00525965
3.04423
0.0165045
0.0411225
0.00486062
0.0254294
0.054293
0.0204021
0.0850691
0.00374929
0.0754102
0.103956
0.0026242
0.104479
0.024594
0.0113784
0.0996678
0.00237559
0.0226531
0.0262762
0.0600067
0.00356173
0.00486724
0.0279055
0.120029
0.0739532
0.017556
0.00723137
0.00743576
0.0262966
0.0723837
0.0728319
0.00875971
0.0938544
0.0473824
0.0032095
0.0476078
0.0190722
3.07906
0.0280019
0.0942519
0.00195302
0.000431928
0.0326724
0.0152897
0.00105723
0.0282389
0.0854743
0.032742
0.000175818
0.0521385
0.0744684
0.0583373
0.0480652
0.0011715
0.0239737
0.00367446
0.00999613
0.000941782
0.0326584
0.0671423
0.0418212
0.0009816
0.0114011
0.0644149
0.0589377
0.00864863
3.07145
0.0289006
0.0554
0.0206966
0.00154735
0.0226096
3.13368
0.0375681
0.0162632
0.0805585
0.0117962
0.0308794
0.061534
0.0169012
0.0130398
0.0705601
3.1375
0.00470606
0.0671646
0.0394875
0.00819854
3.1341
0.0982923
0.0709517
0.0421642
0.033167
0.0103341
0.0865014
0.0925215
0.0222177
0.0414456
0.0783999
0.0200251
0.044641
0.0229654
0.0515162
0.0377655
3.12413
0.0279831
0.0231928
0.0748033
0.018765
0.0385108
0.0257869
0.0907681
0.00153228
0.0296756
0.0191698
0.0736408
0.00166091
0.0769239
0.0358108
0.00455283
3.09931
0.00141426
0.0304657
0.0669949
0.0724911
0.0830899
0.00319074
0.0485859
0.0207444
0.0955231
0.0558264
0.0173203
0.0124541
0.060256
0.00563362
0.050406
0.0622541
0.0758298
0.0192757
0.100914
0.0227522
0.11237
0.0640828
0.054625
0.0525481
0.0530044
0.121853
0.0186617
0.0860987
0.0217983
0.13314
0.0488027
0.0183506
0.0174864
0.0743777
0.0755356
0.00274853
0.0060189
0.0441928
0.00421297
0.0276753
0.0603624
0.0151486
0.00318463
0.00467917
0.00725123
0.0575516
0.00563981
0.0168697
0.0367657
0.056772
0.0370662
0.0181374
0.0906037
0.13347
0.0347849
0.0584426
0.0441457
0.00784945
0.0504116
0.129739
0.131319
0.0708336
0.0653844
0.0466462
0.0214267
0.00060494
0.0812119
0.028787
0.0948013
0.0850581
0.0199674
0.0404713
0.0174789
0.0207184
0.113942
0.0449192
0.0538926
0.0249464
0.0337071
0.0373909
0.0197765
3.09093
0.00958254
0.00996243
0.0270081
0.134635
0.0237398
0.045575
3.13718
0.00750517
0.00560406
0.106905
0.104525
0.0261531
0.113635
3.14003
0.0282285
0.0391277
0.0245595
0.0510193
0.01736
0.0163791
0.0395529
0.00980623
0.0491581
0.109383
0.0248967
0.0173217
0.0206569
0.10048
0.0332459
0.109036
3.04852
0.00862921
0.0310633
3.08793
0.00748353
0.0957936
0.029537
0.0186296
0.0303485
0.0379137
0.00330411
0.0914469
0.0359916
0.0213135
0.0525505
0.0363919
0.051541
0.0363098
0.103256
0.095736
3.09985
0.00962509
0.0360292
0.0368404
0.0414177
0.0247141
0.0859708
0.062734
0.0387212
0.0249567
0.0369515
0.0103559
3.11451
0.0343814
0.0354178
3.1293
0.0174471
0.0657772
0.00847361
0.0292305
0.0275613
0.0138529
0.00164726
0.0548446
0.0152714
0.017319
0.0720205
0.00612241
0.0575805
0.0318607
0.049812
0.0423545
0.0918422
0.00803836
0.0151748
0.0381217
0.0554466
0.0557405
0.00836015
0.0225849
0.0347802
0.00943019
0.000549002
0.0151859
0.00082719
0.0330894
0.0474512
0.00173238
0.0158603
0.0803529
0.0405568
0.015419
0.0548573
3.1054
0.00107712
0.0789344
0.0150879
0.0410342
0.00320829
0.0407532
0.049811
0.00552327
0.0404371
0.0104903
0.0164136
0.0710256
0.000727905
0.00114978
0.00552461
0.0214163
0.0657463
0.0241316
0.067859
0.0686718
0.022828
0.0191474
0.0638367
0.0290148
0.0487977
0.0142497
0.0579626
0.0376701
0.0626133
3.13902
0.00164064
0.00495649
0.0522707
0.0480977
0.0279757
0.0353943
0.0323747
0.0318313
0.0401469
0.0847837
0.0341209
0.0589147
0.0289207
0.0206266
0.071826
0.00681757
0.0069336
0.0461333
0.0282682
0.00516485
0.0340761
0.242713
0.0179359
0.0568997
0.0805768
0.018783
3.13706
0.0266187
0.0144035
0.0217461
0.0207478
0.0230805
0.0102055
0.0212795
3.03966
0.0302676
0.0118045
0.0648255
0.0175085
0.0233393
0.0147912
0.0253296
0.0386733
0.016286
0.0117072
0.00825568
0.0120643
0.0676167
0.0450424
3.11201
0.039496
0.0357002
0.10101
0.0222761
0.00339084
0.0303905
0.00605693
0.0159842
0.0587566
0.0136106
0.0170433
0.0412684
0.0167764
0.0921916
0.0595187
0.066266
0.0436026
0.0340274
0.065865
3.13544
0.00820038
0.0167781
0.0345236
0.0380105
0.0121111
0.000108162
0.00579489
0.000360178
0.0276168
0.0715799
0.0100507
0.0808545
0.0479019
0.00752277
0.0648102
0.0682526
0.0514975
0.0635187
3.12087
3.10949
0.00065534
0.000689049
0.00683348
0.0122886
0.00597588
0.08415
0.00358112
0.0174673
0.0127072
0.024026
0.0553853
0.0840387
0.0105795
0.0294398
0.0111606
0.0159701
0.0433376
0.0477304
0.0063052
0.00992131
0.0267855
0.00958604
0.0335743
0.070005
0.0645751
0.065478
0.0296461
0.0216657
0.00246672
0.030729
0.0615387
0.0113529
0.0418667
0.00445084
0.0354264
0.0123685
0.0509416
0.0388889
0.00531026
0.0285297
0.0579012
0.0436559
0.0720722
0.0224072
0.0371872
0.0219265
0.0175261
0.0177989
0.0280588
0.0506282
0.0104193
0.0115051
0.0220533
0.00283022
0.053933
0.00482115
0.00749401
0.00609068
0.0121659
0.00664351
0.00957622
0.0169152
0.040031
0.0328694
0.0303433
0.0603681
0.0143428
0.0813076
0.0108913
0.0237472
0.0532411
0.053079
0.0265244
0.0312108
0.0301777
0.0104874
0.0198441
3.12478
0.00945447
0.0240496
0.00754094
3.00295
0.0113435
0.0163962
0.0369993
0.000783152
0.0431757
0.0019942
0.0164634
0.08163
0.022403
0.00408291
0.00563825
0.044374
0.0314165
0.0181144
0.14374
0.0655957
0.0496207
0.00928189
0.0550291
0.0516416
0.042035
0.10586
0.00211571
0.0898789
0.0125466
0.0626821
0.00851421
0.0176654
0.00319169
0.210066
0.257331
0.0175261
0.0264126
0.0603889
0.00665984
0.0801891
0.0373282
0.0748106
0.0567153
0.0053767
0.0202277
0.00409106
0.0244152
0.00135503
0.0679994
0.0681914
0.0694787
0.0270443
0.0176131
0.0211133
0.275477
0.0138432
0.0397042
0.0398807
0.103903
0.00221524
0.0097513
0.0288744
0.0590925
0.0271497
0.0685242
0.00575891
0.00400714
0.0611949
0.0323137
0.0333388
0.0457828
0.00627792
0.00587935
0.00611387
0.0809598
0.0288169
0.0103971
0.0270012
0.0751779
0.00811761
0.00167549
0.0310846
0.0324316
0.0239539
0.00154497
0.00433925
0.0481802
0.0335736
0.00987452
3.0238
0.038777
0.00375801
0.005082
0.0793679
0.0334087
0.0322255
0.00956149
3.1031
0.00196535
0.0881685
0.0277213
0.0117359
0.0427615
0.0122662
0.000373429
0.0040752
0.0422073
0.0200282
0.00235403
0.0227085
0.000278869
0.0551151
0.0343929
3.11336
0.0031227
0.0469677
0.0294432
0.0128572
0.0149019
0.00369427
0.0368679
0.0311884
0.0233532
0.11473
0.0233722
0.0712372
0.0352917
0.0536817
0.00183522
0.00187434
0.0357076
0.0104177
0.0117359
0.0206464
0.00676691
0.00539307
0.0332542
0.0148992
0.0712128
0.0249471
0.0285285
0.0118903
0.0943715
0.0448844
0.0438423
0.0878606
0.0254457
0.00574336
0.0134685
0.00775895
0.0348285
0.0186005
0.0135531
0.0222324
0.0824143
0.037437
0.0429402
0.000696693
0.0416216
0.00177475
0.0183655
0.0215087
0.0919578
0.0189365
0.0903062
0.0789465
0.0134936
0.00949737
0.018268
0.00790553
0.0419628
0.023367
0.00655632
0.00658483
0.00429276
0.0353922
0.0185948
0.0416598
0.041595
0.0520458
0.0310407
0.0462154
0.0216819
0.04792
0.00058147
0.0011945
0.00939167
0.00300771
0.10697
0.0057847
0.00713267
0.0946283
0.03558
0.0308989
0.0421146
0.0314294
0.0379799
0.00175598
0.046634
0.0486009
0.0353973
0.063216
0.0145022
0.0315305
0.0353337
0.000344203
0.0108736
0.0328124
0.038797
0.0514215
0.0026241
0.0215404
0.0645375
0.109884
0.0508244
0.104957
0.03795
0.052556
0.0646935
0.0569972
0.0138063
0.00212311
0.0079587
0.0496038
0.00301896
0.0165902
0.012803
0.0154853
3.47536e-05
0.0270319
0.0158213
0.014407
0.0036413
0.060782
0.046944
0.0363039
0.0286991
0.010103
0.0329073
0.0640866
0.0129887
0.00373288
0.0115361
0.0344443
0.053014
0.0146094
0.0534869
0.00927252
0.0545302
0.00748809
0.0592615
0.0290204
0.0490368
0.039748
0.141877
0.0412535
0.0295813
0.00444763
0.0198287
0.0442788
0.0123089
0.0218872
3.13984
0.0120879
0.0409707
0.0142621
0.0272073
0.0744517
0.0307782
0.0176422
0.0396578
2.57643e-05
0.0227209
0.016626
0.0150232
0.00787674
0.00857761
0.0312898
0.0112465
0.00378702
0.0207361
0.00936196
0.0124715
0.0335077
0.0672737
0.00745251
0.0239705
0.0555478
0.0085508
0.0194114
0.0139012
0.0347071
0.0222458
0.0469513
0.000260218
0.00112247
0.00318686
0.0142298
0.0291894
0.000432321
0.0195808
0.0737428
0.000842932
0.040641
0.0192575
0.0181799
0.00170346
0.105204
0.0115056
0.0303139
0.0380757
0.0182292
0.00812494
0.0779391
0.123597
0.0113573
0.0386503
0.0168524
0.182781
0.0632312
0.0113073
0.0299771
0.0195247
0.0299735
0.0497771
0.00839196
0.0489082
0.0373759
0.0254236
0.033423
0.0418825
0.0545573
0.00965184
0.00558138
0.0265188
0.0290354
0.0342962
0.0140314
0.00492269
0.0434774
0.02043
0.0209124
0.005881
0.00187263
0.0108316
0.00969379
0.0144639
0.000506844
0.028188
0.0244742
0.0143418
0.0134169
0.0895673
0.0357608
0.0401905
0.0734411
0.0526144
0.0104701
0.00797606
0.0438326
0.0478714
0.128507
0.0131625
0.025553
0.0342208
0.160017
0.0116859
0.0134429
0.0346162
0.0390652
0.0228418
0.0441608
0.0179121
0.0144005
0.0386001
0.0214003
0.154268
0.0699499
0.038122
0.0116923
0.00589523
0.049526
0.0708864
2.82802
0.0773772
0.00527741
0.015557
0.119972
0.0733674
0.0175588
0.0107294
0.035501
0.0346972
0.0215728
3.11879
3.1313
0.00684077
0.00865573
0.00314332
0.0451318
0.00933417
0.0358992
0.00358514
0.0722709
0.00534039
0.0239204
0.0255858
0.00761651
0.0200536
0.0222596
0.0879672
0.0104539
0.109993
0.00879405
0.0718855
0.00460348
0.0269842
0.0328708
0.0357059
0.0710838
0.0640098
0.029983
0.0501584
0.151313
0.0645892
0.0166405
0.0757099
0.00103262
0.0127068
0.0088239
0.00187896
0.0433761
0.0504596
0.0942493
0.0116283
0.0200306
0.033404
0.0656458
0.0313623
0.0238112
0.0923866
0.0145262
0.114622
0.058353
0.0127496
0.0121204
0.038892
0.206653
0.0811794
0.110744
0.03085
0.21252
0.0363487
0.0227
0.011236
0.0448417
0.00951722
0.0417587
0.0173121
0.00132443
0.0296587
3.11901
0.0239076
0.00773462
0.0242595
0.0522447
0.040588
0.0114421
0.028699
0.0273866
0.0554217
0.0669647
0.0451256
0.0757922
0.00531289
0.0385376
0.10375
0.0222479
0.0263087
0.180776
0.01882
0.00745424
0.0149705
0.0837661
0.0090541
0.0307394
0.0339081
0.0515842
0.0310789
0.0170914
0.0139512
0.0858564
0.00642421
0.0530466
0.0132501
0.00121335
0.009219
0.0194373
0.114306
0.0678418
0.148136
0.0239567
0.0187741
0.0703517
0.0270633
0.0735537
3.13115
0.0334868
0.025695
0.0446222
0.0185427
0.0317256
0.0508976
0.00845753
0.00882374
0.0332992
0.202318
0.0141338
0.00467849
0.0651163
3.13745
0.0100271
0.0261142
0.0873009
0.0617978
0.00591858
0.0133562
0.00167888
0.00818547
0.00139408
0.00616243
0.0442628
0.0514837
0.0160846
0.0121551
0.0880505
0.0994346
0.0063238
0.0700447
0.00188205
0.00103228
0.0127776
0.0268658
0.0582638
0.00753829
0.0732293
0.0413438
0.0181343
0.0328367
0.066194
0.027191
0.0329441
0.0311201
0.041047
0.0261175
0.0309383
0.0719046
0.071048
0.0285064
0.00204657
0.027985
0.0548521
0.0419807
0.0723882
0.00545668
0.038722
0.0946416
0.00888442
3.08969
0.0253936
0.0172757
0.0419693
0.0160811
0.0157688
0.0768723
0.0326311
0.0136299
0.0650547
0.0217187
0.0251705
0.0529392
0.0115328
0.0199316
0.00745684
0.102793
0.0210158
0.0242716
0.00248696
0.0235141
0.0389528
0.0279979
0.108187
0.0326807
0.0153192
3.11057
0.00605281
0.0513332
0.00336141
0.0411321
0.00704367
0.0706497
0.0645645
0.037118
0.0517955
0.0269158
0.0310737
0.0108916
0.0315125
0.00811316
0.00461462
0.000516706
0.00822694
0.0560476
0.062319
0.112232
0.00479717
0.0334679
0.02642
0.026609
0.0121026
0.152915
0.00186986
0.0144472
0.00571791
0.0153594
0.00810273
0.0542177
0.0510637
0.0139724
0.00846296
0.035851
0.0565812
0.024819
0.0864732
0.00676988
0.00265205
0.0732887
0.0738495
0.01014
0.115094
0.0165573
0.105048
0.0699471
0.00391478
0.0610387
0.0260073
0.0663925
0.00629009
0.0168272
0.0471177
0.00549325
0.0519291
0.0122108
0.0880472
0.0343376
0.0515654
0.00653524
0.0290613
0.0841647
0.0321791
0.0166825
0.00120295
0.00447395
0.0531575
0.00372971
0.0676538
0.0401546
0.00512934
0.0104899
0.0513853
0.00490199
0.029952
0.0609012
0.013923
0.0423242
0.0161439
0.0172018
0.0106975
0.0146724
0.0575521
0.0185493
0.0018919
0.052111
0.00262485
0.0134429
0.0097132
0.0339469
0.0403572
0.00455346
0.0128887
0.0131131
0.0394983
0.00470871
0.0288731
0.0585645
0.0107262
0.0197961
0.0403271
0.0604487
0.0063494
0.0817415
0.00996825
0.0101795
0.037767
0.0276662
0.0391697
0.00822934
0.00550726
0.0155898
0.0204805
0.0535544
3.12154
0.0317967
0.00894535
0.0336896
0.0376315
3.01944
0.00337776
0.0983665
0.0262275
0.102957
0.00522492
1.36157e-05
0.0343798
0.013224
0.019091
0.17931
0.0375824
0.00420974
0.00033659
0.0190714
0.0885607
0.126231
0.0801102
0.00537421
0.0684923
0.0149008
0.00177808
0.0207103
0.0949785
0.0510866
0.0194379
0.0343834
0.0244233
0.00441655
0.0147956
0.0196998
0.00873524
0.0161247
0.00375452
0.00904911
0.0586552
0.0239014
0.0470745
0.00204029
0.0266093
0.0121572
0.0491005
0.149992
0.0298021
0.0384943
0.0490729
0.022109
0.0172118
0.0225334
0.023785
0.00217434
0.0109677
0.0278134
0.0330776
0.00676731
0.0497842
0.0382561
0.0175367
0.0146144
0.00981028
0.00818753
0.0132158
0.0541384
0.0242568
0.0295347
0.0242117
0.065679
0.00628202
0.0315296
0.00388073
0.00634373
0.00629619
0.00023733
0.0680624
0.0242578
0.0141978
0.0180104
0.0382461
0.0280242
0.0399675
0.0579292
0.0124698
0.0284373
0.021115
0.0354404
0.0094784
0.0365322
0.0530376
0.0632276
3.13548
0.00515536
0.00666068
0.000521661
0.0305963
0.00320807
0.0416275
0.085085
0.0139739
0.00677023
0.031506
0.0277792
0.00594443
0.0555134
0.0284313
0.03521
0.0042148
0.0091072
0.0714578
0.00219968
0.0159471
0.00940499
0.0109477
0.0579525
0.0426128
0.00539553
0.00705046
0.0277006
0.000500743
0.0871631
0.00587149
0.00776283
0.0363814
0.0126945
0.0678341
0.0131838
0.0323893
0.0216831
0.0245897
0.0216034
0.0372404
0.0925819
0.0129991
0.0605024
0.0203249
0.0468759
0.068352
0.00748567
0.162337
0.0199202
0.0299859
0.0238248
0.012447
0.00949108
0.00320292
0.0103728
0.010135
0.0645279
0.0602371
0.0329445
0.0214518
0.0673369
0.0119827
0.0345731
0.00815621
0.0525947
0.0653901
0.0207015
0.000467103
0.00374188
0.00557003
0.0196927
0.00278502
0.0755113
0.00501336
0.0404848
0.0424762
0.00862083
0.0728819
0.0321689
0.0278462
0.0456886
0.0223781
0.000473799
0.0158798
0.0375259
0.00111716
0.0201166
0.020164
0.036943
0.0175646
0.00322121
0.00302796
0.0450759
0.0944945
0.015227
0.00585297
0.0439582
0.0173062
0.0138593
0.0358269
0.0461826
0.011646
0.0727111
0.0354569
0.0309802
0.0350168
0.014693
0.0883481
0.00639647
0.000574698
0.0447479
0.115703
0.0722462
0.0057925
0.00432069
0.0421163
0.011193
0.0386928
0.0387972
0.0309586
0.0406895
0.0164416
0.0198521
0.00499585
0.00611217
0.00771621
0.0133469
0.00317617
0.0628672
0.00612896
0.0521803
0.0551493
0.00488931
0.00830102
0.00216434
0.000547699
0.0366869
0.015919
0.00774029
0.00999255
0.026881
0.0573215
0.0395506
0.00398814
0.00117096
0.0108168
0.00357008
0.00601221
0.0223574
0.0188299
0.0521316
0.0147043
0.0145343
0.0105402
0.00409658
0.0057026
0.0314871
0.0275435
0.00827482
0.0368708
0.0164134
0.00462743
0.0498896
0.0308703
0.0229709
0.00191076
0.0269487
0.039586
0.0182572
0.00187509
0.086277
0.0351968
0.0687222
0.0167188
0.00635178
0.0602645
0.0130276
0.0364189
3.04734
0.0723895
0.00128529
0.0231418
0.0567343
0.0442456
0.0602889
0.0142739
3.0947
0.0347001
0.0728866
0.0590381
0.0554078
0.000131258
0.0671464
0.00959187
9.26418e-05
0.0330552
0.0538435
0.0168108
3.11399
0.0737568
0.0378697
0.0936259
0.0166715
0.0142867
0.0400764
0.0203941
0.0220183
3.11341
0.0645015
0.0662624
0.0351328
0.0119928
0.00762488
0.0752744
0.0336025
0.00632438
0.0358517
0.0381528
0.066011
0.0170885
0.0435859
0.00798639
0.013839
0.0949425
0.0763814
0.0110926
0.0729473
0.0451851
0.0337966
0.0589413
0.0526828
0.00705163
0.149764
0.0027943
0.0171678
0.0879076
0.0111429
0.0311774
0.0139005
0.0242963
0.00682349
0.0788717
0.0252663
0.0475902
0.00836432
0.0352759
0.00706379
0.03704
0.0404952
0.0270269
0.032352
0.019993
0.0597616
0.00898403
0.0269226
0.0208611
0.0462577
0.00299136
0.0603094
0.0325494
0.0249964
0.00959681
0.0216614
0.0143395
0.0226887
0.0305416
0.0218807
0.0373939
0.00316396
0.00552919
0.0433847
0.0311368
0.00234845
0.0385653
0.00483605
0.025131
0.0212618
0.0315672
0.0131498
0.00552012
0.0525673
0.0682214
0.0376902
0.039883
0.0387246
0.0626712
0.0697158
0.0569428
0.0547287
0.0164697
0.0629088
0.0447642
0.0055892
0.0250656
0.00734803
0.020819
0.0570402
0.0846417
3.077
0.0706168
0.014411
0.0266116
0.023122
0.0454728
0.0597971
0.0124768
0.0147005
0.0131215
0.00570883
0.0103313
0.072449
0.00969906
0.0321178
0.00346138
0.100977
0.0230487
0.0136396
0.0308032
0.0165705
0.0967972
0.0362322
0.036288
0.0690297
0.0532722
0.0728546
0.0219811
0.0363039
0.0346848
0.146947
0.151402
0.0180325
0.0575779
0.0562388
0.00612876
0.00552657
0.0423662
0.00273085
0.0217983
0.0392467
0.051182
0.0213812
0.0263582
0.116655
0.0291297
0.0308853
0.106606
0.0137927
0.06175
0.0495935
0.0213081
0.0264543
0.034758
0.0369404
0.00502901
0.00453853
0.0908988
0.0855247
0.0348538
0.0837943
0.139084
0.0551249
0.109504
0.0020958
0.0457371
0.0113028
0.0229628
0.00930839
0.242209
0.118101
0.0746504
0.0014431
0.0104122
0.00117426
0.111642
0.00227829
0.0558828
0.0146603
0.07722
0.00314074
0.000223536
0.0535159
0.0179229
0.0293205
0.0898044
0.0721713
0.0415008
0.0262314
0.153026
0.0217002
0.085178
0.0411006
0.0671778
0.0569838
0.0868722
0.131474
0.0996678
0.108213
0.00068647
0.0501284
0.032011
0.10087
0.0478075
0.0377454
0.089471
0.0636118
2.96716
0.0517546
0.0571879
0.0164431
0.0230238
0.0214885
5.52756e-05
0.0738247
0.0179391
3.14146
0.0204485
0.0484347
0.05076
0.0214992
3.10407
0.0442415
0.0202277
0.00165097
3.09878
0.0614544
0.0235984
0.026887
0.064827
0.0819427
0.063265
0.0338456
0.042042
0.0512942
0.159192
0.156631
0.0588128
0.0739173
0.018776
0.0823552
0.00470458
0.057471
0.0766684
0.144059
0.0239085
0.0752577
0.046561
0.00466263
0.0205011
3.13079
0.017876
0.00493415
0.0635555
0.097927
0.0824731
0.101503
0.0745928
0.0285148
0.00873079
0.0460862
0.0586251
0.0170617
0.176195
0.0981036
0.0420994
0.129734
0.00283229
0.0242448
0.0354399
0.115926
0.0882725
3.125
0.0355946
0.0900746
0.0541204
0.00688599
0.000307265
0.0586979
0.0086383
0.0979022
0.131479
0.0735499
0.040401
0.0429486
0.0829934
3.01497
0.092343
0.0691484
3.1207
0.0506965
0.0915677
3.08184
0.00109727
0.081478
0.00534114
0.074913
0.140438
0.102938
0.0440075
0.0186638
0.0831786
0.0101195
2.95954
3.11217
0.0698781
0.0809322
2.98477
0.0334828
0.0354586
0.0201704
0.103645
0.070762
0.0130765
0.0218202
0.0630182
0.0259523
3.13039
0.0339383
0.0996058
0.116992
0.0153714
0.0682591
0.0206234
0.00624176
0.0455105
0.00121659
0.0765673
3.12487
3.12262
3.13688
0.120474
0.0607255
0.0579159
0.0138847
0.0502686
0.00405413
0.0641282
0.030121
0.0212433
0.0885478
0.0541394
0.00733933
0.109054
0.000229925
0.128632
0.0695529
0.0527112
0.167516
0.00745091
0.114915
0.0875086
0.0715462
0.0195039
0.0494309
0.0218862
0.26572
0.0737445
0.113008
0.129996
0.0117063
0.0438053
0.109424
0.0126507
0.014451
3.11024
3.09258
0.123114
0.105127
0.112012
0.0161238
3.12814
0.0517728
0.0546175
0.0660048
0.0192991
0.00334023
0.106416
0.0987411
0.0355901
0.0838401
0.0728823
0.0210927
0.00859545
0.00266481
0.0530484
0.0805333
0.0736517
0.0313596
0.0634172
0.0083076
3.06243
0.00427956
0.086558
0.0268509
0.000219409
0.0231388
0.00467018
0.0211912
3.07626
3.13333
0.0277784
0.00130013
0.0151135
0.0906798
0.0550757
0.0211422
0.156744
0.0169023
0.0215567
0.107564
0.0625262
0.0652888
0.0592126
0.0777797
0.007584
0.0586019
0.0325209
0.0179729
0.0403572
0.00625175
3.10368
0.0272255
0.0117087
0.0763112
0.0572827
0.0162821
0.0561031
0.0268043
0.0749596
0.00623943
0.0314553
0.0764283
0.0282522
0.0749458
0.0582324
0.0427708
0.0465719
0.057133
0.000267909
0.00332339
0.00981618
0.0121723
0.0114185
0.0581409
0.0393348
0.0121358
0.00343627
0.0368765
0.00899301
0.00998337
0.0279116
0.00757277
0.0225842
0.0105601
0.00937258
0.0626329
0.00720462
0.0281404
0.140874
0.0100406
0.0151013
0.0550146
0.0517855
0.0796268
0.0825604
0.0146138
0.00355242
0.0109371
0.0274691
0.0432276
0.0850957
0.029813
0.0721704
0.0385661
0.0252826
0.00923219
0.04072
0.0621742
0.0226179
0.0346037
0.00123691
0.0194867
0.0762065
0.00674748
0.105441
0.0660509
0.0332252
0.00801265
0.152392
0.0232162
0.00527374
0.0626837
0.0909439
0.0223008
0.00200866
0.00864774
0.0208526
0.00333032
0.0288094
0.00620264
0.00996029
0.00274616
0.0117882
0.0166073
0.0309898
0.00334169
0.0292515
0.0514175
0.034584
0.00415529
0.0511515
0.00606863
0.0208231
0.0120538
0.0955517
0.0114972
0.0288599
0.0207468
0.0210244
0.00134323
0.0186769
0.0219196
0.152468
0.0737463
0.0358537
0.0839352
0.0187008
0.0198158
0.00959211
0.0182912
0.00445533
0.0171539
0.0362795
0.060906
0.0325719
0.0217814
0.000551553
0.010508
0.0112239
0.0389854
0.0170383
0.0876278
0.0114929
0.0132193
0.0991116
0.0171689
0.0284407
0.0295877
0.0329559
0.00990216
0.0840566
0.0353861
0.00819558
0.00777033
0.0120303
0.00447185
0.0279829
0.00568787
0.00597763
0.0483602
0.0149832
0.0281438
0.0740818
0.0105071
0.0714628
0.00834674
0.0123811
2.73333e-05
0.00227855
3.13816
0.0175987
0.0159871
0.0352826
0.0365799
0.0654286
0.0249193
0.0148605
0.0198963
0.0119508
0.0273012
0.00343135
0.0897328
0.0164516
0.0572804
0.0527589
0.0427985
0.053094
0.0291243
0.0199439
0.0168251
0.0126287
0.0241394
0.073129
0.00326063
0.0229489
0.0658877
0.00935013
0.064357
0.00349514
0.0183114
0.0327845
0.0136789
0.00397919
0.00352679
0.00306182
0.0817659
0.0183802
0.0542391
0.00996822
0.0227028
0.0241688
0.0062967
0.0269498
0.0100344
0.0145695
0.0217743
0.0326473
0.0257482
0.0490383
0.0141471
0.0407854
0.0311733
0.0235286
0.0166603
0.0543203
0.00926081
0.0164696
0.0629669
0.0162849
0.0224835
0.00905764
0.00109407
0.0400866
0.0257772
0.0386812
0.0369938
3.07713
0.0598529
0.00925421
0.0203785
0.00766741
0.0246712
0.0140959
0.0256636
0.0112558
0.0585074
0.0274287
0.013349
0.0188779
0.0185376
0.0818825
0.0234489
0.0035715
0.0152552
0.0495316
0.0397816
0.0157495
0.0141694
0.020775
0.0360236
0.00872084
0.0251435
0.0739981
0.0289215
0.0220613
0.0200407
0.0186774
0.0134914
0.00235541
0.177384
0.0259624
0.0057593
0.025166
0.0523273
0.0294717
0.0164926
0.00234841
0.02242
0.00963451
0.0456584
0.00350983
0.0309057
0.0257409
0.0169592
0.00602937
3.05227
0.0189362
0.00846121
0.0533771
0.0257249
0.079423
0.0475545
0.0259945
0.000997819
0.0102264
0.0419098
0.0515148
0.00906833
0.0215184
0.0242407
0.00602907
0.0394079
0.0393344
0.007344
0.0130448
0.0205073
0.0531122
0.00595234
0.00295142
0.0253392
0.0188668
0.0318678
0.0270088
0.0143983
0.018615
0.00611208
0.00528849
0.0100115
0.00459751
0.0133541
0.0468122
0.0144569
0.026479
0.00792865
0.0662734
0.0402317
0.00344715
0.00175352
0.0373903
0.0329252
0.00907118
0.0153337
0.031532
0.0557262
0.0211994
0.0389731
0.0131585
0.0192734
0.0163699
0.0310993
0.0260333
0.0585657
0.0322074
0.00301108
0.0234303
0.0295547
0.011115
0.0103209
0.074232
0.0575732
0.0360861
0.0491009
0.0753678
0.0613036
0.0565461
0.00822635
0.00492272
0.0239912
0.0263059
0.00663339
0.0493004
0.0368869
0.0249542
0.0305346
0.00828307
0.0316587
0.0224552
0.0519021
0.00684734
0.0135618
0.0213386
0.00174353
0.0655796
0.017354
0.00111553
0.11934
0.00223472
0.00942934
0.00690863
0.117936
0.0503568
0.0595818
0.00791982
3.14032
0.0373644
0.0223137
0.117074
0.0656339
0.000320845
0.0436809
0.0476013
0.0207532
0.0188558
0.137424
0.00996148
0.0369486
0.00763535
0.0518725
0.00625189
0.0665889
0.000576563
0.00493188
0.041613
0.00990753
0.0438481
0.017638
0.0131547
0.0215349
0.0365036
0.00806053
0.045634
7.78034e-05
0.0476467
0.00426324
0.0144645
0.0452463
0.00801156
0.0280406
0.0315259
0.00654993
0.000199526
0.0529157
0.0399633
0.0256762
0.0594183
0.0357189
0.00671221
0.0310273
0.0238829
0.0417619
0.0491551
0.0254553
0.0262615
0.0103918
0.0058902
0.0097721
0.00229568
0.0616757
0.0884029
0.0156997
0.0475538
0.0755358
0.0401644
0.0581327
0.0303342
0.101836
0.0313097
0.120923
0.000333167
0.0430944
0.00404369
0.00896064
0.0298728
0.0379429
0.0080692
0.00261509
0.0499188
0.0587127
0.0970568
0.026437
0.025295
0.0397277
0.0402517
0.0123073
0.0263846
0.0567237
0.0188827
0.0110144
0.00033201
0.018438
0.00570631
0.0498049
0.012595
0.00869588
0.043428
0.0421682
0.00166073
0.0225845
0.0116636
0.0112062
0.0295689
0.0187827
0.000480785
0.00292112
0.0264874
0.0147741
0.041179
0.111031
0.02209
0.0129416
0.048551
0.0419047
0.057423
0.0637862
0.01152
0.0196946
0.00481678
0.0477789
0.0273559
0.0432455
0.123928
0.0343847
0.0107279
0.0157003
0.0195495
0.0373211
0.0219812
0.0651617
0.0480267
0.0803991
0.0840015
0.045533
0.0367819
0.00310889
0.0103431
0.0200714
0.060609
0.010276
0.00259372
0.0352186
0.0350234
0.063357
0.028207
0.00763522
0.00715921
0.08743
0.0636579
0.0139494
0.0446924
0.056215
0.0117199
0.00185574
0.00173265
0.0615752
0.125165
0.0632087
0.0335895
0.0208511
0.0293479
0.00791114
0.0594207
0.0246385
0.0515774
0.0119617
0.0453678
0.000157419
0.0323485
0.0584818
0.0978366
0.066593
0.0294368
0.00209248
0.00238836
0.0224688
0.0244053
0.0150247
0.0643107
0.0622056
0.0547953
0.0730166
0.0358372
0.0507778
0.00851614
0.148352
0.0174013
0.0123212
0.106511
0.00581106
0.0361085
0.01885
0.0765616
0.0153923
0.0372763
0.0983582
0.058957
0.0133811
0.059717
0.0407343
0.0299567
0.0267115
0.0198767
0.0128344
0.0161269
0.0250119
0.0352176
0.018765
0.0882809
0.0264126
0.0889356
0.127546
0.00955863
0.0175422
0.0770222
0.0302274
0.020107
0.0416857
0.105021
0.00505224
0.03565
0.0365329
0.0908347
0.0314633
0.040946
0.0171417
0.0124657
0.00935097
0.0374913
0.0484473
0.00846556
0.0223466
0.00583833
0.0234802
0.031008
0.0347178
0.0367366
0.103446
0.0543129
0.0616951
0.0317513
3.08602
0.114059
0.0499502
0.0302103
0.0357089
0.0399974
0.0346213
0.0019242
0.0350915
0.0152954
0.0391911
0.00890652
0.0479732
0.0439537
0.0554988
0.0274332
0.0188009
0.0109152
0.0352214
0.0176367
0.0618979
0.0466552
0.0975177
0.0466822
0.0109769
0.0457016
0.0227852
0.0281292
0.000861389
0.074728
0.0146498
0.0447284
0.0507079
0.00939035
0.050375
0.096636
0.0120294
0.0280385
0.0039027
0.053399
0.037538
0.00300484
0.00785879
0.0770528
0.114245
0.0603697
0.0556818
0.000573876
0.0459479
0.0327233
0.0334813
0.273717
0.0753104
0.0544887
0.0596138
0.0127567
7.81917e-05
0.0409279
0.0337519
0.0295837
0.0185221
0.00492361
0.00245761
0.0925518
0.000312715
0.0204831
0.0227208
0.117398
0.0280377
0.0977506
0.0741142
0.0729602
0.0959017
0.0384304
0.178921
0.0180326
0.0102461
0.0187555
0.111399
0.0602026
0.0192837
0.0680263
0.00792103
0.0220037
0.0203319
0.110735
0.0469882
0.0487089
0.0710459
0.0212581
0.107698
0.0437948
0.0231203
0.112084
0.0289079
0.0414185
0.0293848
0.00308222
0.0327441
0.0151155
0.0567788
0.0129134
0.00952121
0.0139015
0.248408
0.0457997
0.0481264
0.0438504
0.0448121
0.0241264
0.00027488
0.0235028
0.0287576
0.10631
0.0298348
0.010258
0.0282726
0.0225685
0.0660479
0.034958
0.0248711
0.0696906
0.00460783
0.00251287
0.00535778
0.11238
0.044055
0.0820464
0.0833677
0.0571634
0.0638897
0.0045731
0.0865306
0.0568771
0.061881
0.0656614
0.136584
0.0679821
0.0246223
0.0864089
0.0387851
0.115066
0.108392
0.150944
0.00955733
0.00933331
0.101285
0.131889
0.110623
0.0308448
0.222267
0.00136251
0.133923
0.0185662
0.0873871
0.0690566
0.0158178
0.00130842
0.0155061
0.0232717
0.0638728
0.0697402
0.0151527
0.090803
0.055727
0.0817758
0.0959926
0.0929656
0.0132734
0.110321
0.0132841
0.0897664
0.0100392
0.0602471
2.99733
0.0131131
0.0334567
0.020034
0.106232
0.135957
0.0625541
0.0741719
0.00875646
0.0862857
0.0852794
3.09706
0.08712
0.0341999
0.0974434
0.00698246
0.104122
0.0170614
0.055597
0.0971881
0.0328458
0.0862637
0.0097201
0.10364
0.00116367
0.00462755
0.00950699
0.0289579
0.0112308
0.0734858
0.0240462
0.0569473
0.0996553
0.012936
0.0248661
0.120769
0.00950137
0.0773528
0.0262578
0.0521307
0.142062
0.0860704
0.0867311
0.130079
0.0119184
0.110001
0.103709
0.0909918
0.0573392
0.0101737
0.130475
0.00811316
0.0378957
0.0167287
0.130884
0.116441
0.038811
0.0821107
0.0653313
0.0349269
0.0130959
0.00840246
0.13096
0.00267734
0.0132533
0.0942238
0.0859255
0.0253185
0.00631284
0.0138546
0.0460386
0.00783999
0.0071986
0.0188344
0.050916
0.00922708
0.00959154
0.104024
2.99021
0.00514582
0.031468
0.0451175
0.111531
0.0309946
0.0560291
0.196767
3.10674
0.0783075
0.0362035
0.127118
0.0452476
0.0442897
0.129416
0.0309713
0.141953
3.10586
3.13382
0.0160279
0.0493459
0.00335749
0.00918497
0.0514543
0.00875643
0.0164206
3.08101
0.0207268
0.0724349
0.024644
0.0579614
0.0190693
3.11786
3.13754
0.00482514
0.034444
3.04068
0.00477859
0.00624063
0.00870258
0.0446314
0.122545
0.0750928
0.128705
0.00432931
0.0480125
2.99593
0.0405133
0.0549813
0.0173268
0.0148127
0.0250302
0.0932293
0.0199047
0.00792165
0.0655906
0.0374082
0.0801944
0.053164
0.0687362
0.0058423
0.0610318
0.0165084
0.00447119
0.0447181
0.134114
0.00130722
0.0272766
0.0573449
0.0273151
0.161101
0.0516355
0.0426293
0.00849588
0.123525
0.137694
0.11214
0.00801806
0.102898
0.0152165
0.0730763
0.0216862
0.0194408
0.0114483
3.03941
0.0192058
0.00624985
0.142639
3.09579
0.0430954
0.022241
0.0667226
0.0468079
0.0114542
0.0129842
3.12867
0.114097
0.00407982
0.00667205
0.0359967
0.00355733
0.0861503
0.0137386
0.00321908
0.00573882
3.1122
0.0165864
0.0361027
0.0136996
0.0399675
0.0112209
0.0188773
0.0356846
0.0263773
0.0508916
0.0022902
0.00497089
0.0446568
0.00969409
0.0189911
3.10298
0.0186875
0.00519968
3.11595
0.0358292
0.0370131
0.303848
0.0588553
0.0332042
0.00691225
0.0481948
0.0228496
0.012036
3.09929
0.0267428
0.00456403
0.0219685
0.0295986
0.0618197
0.00235298
0.00602865
0.0206515
0.00321731
3.10721
0.069249
0.0147706
0.0205615
0.0570608
0.0709488
0.0658057
0.00976754
0.053601
3.11224
0.0104968
0.102895
0.00282778
0.0591552
3.10003
0.0517167
0.0301439
0.0205406
0.0748571
0.0329995
0.00839279
0.013397
0.0455685
0.00629056
0.0412039
0.0192222
0.00798476
0.0250805
0.0369501
0.0199723
0.0699989
0.0515127
0.0742193
0.00428008
0.00329016
0.00752853
0.0669316
0.00244405
0.0101449
0.0308187
0.0417406
0.0662564
0.0304334
0.0829075
0.098789
0.0563851
0.0357767
0.127946
0.017629
0.039574
0.00241407
0.00087724
0.00906701
0.00552568
0.0161934
0.0142618
0.0886641
0.110997
0.004827
0.0243737
0.00805123
0.0753974
0.0133706
0.0200589
0.0275862
0.0756524
0.0807473
0.108154
0.104528
0.0771695
0.0381942
0.00780764
0.0528439
0.00313659
0.0290561
0.0805438
0.0517288
0.0298959
0.0190601
0.00668611
0.040708
0.0349804
0.0803849
0.0247008
0.0429179
0.0219479
0.0168661
0.0126576
0.00893464
0.0212506
0.0690624
0.0195537
0.0295399
0.0182472
0.0087269
0.0495083
0.0025815
0.0799909
0.0703305
0.0263066
0.0638419
0.00644021
0.0504489
0.0234091
0.013631
0.0782369
0.0485346
0.032464
0.0793982
0.107234
0.180179
0.0653117
0.0541872
0.0308329
0.00921224
0.00356167
3.0249
0.00851584
0.0155773
0.0802262
0.0650442
0.00580435
0.0187406
0.0631661
0.0142277
0.0231884
0.0143837
0.0512535
0.0382106
0.0887538
0.0110198
0.00411633
0.0259735
0.0271584
0.0142285
0.019503
0.00731908
0.0673424
0.000626229
0.0927045
0.0269588
0.098058
0.0151444
3.12146
0.0157474
0.046366
0.0915101
0.0216749
0.0171752
0.00533495
0.00846628
0.0594966
0.00298857
0.0594545
0.0317342
0.0452491
0.0515504
0.00427485
0.0425512
0.0144737
0.0301738
0.0167665
0.00551882
0.00122528
0.0395231
0.0055624
0.00399226
0.00726762
0.0185992
0.0853735
0.00168458
0.00476654
0.00799834
0.0238359
0.00677104
0.109074
0.0164037
0.0190919
0.0401572
0.00400359
0.0103484
0.0213008
0.085072
0.0237244
0.00495282
0.0154342
3.10869
0.0713481
0.00403232
0.0219778
0.0453122
0.0206412
0.00743163
0.00390051
0.0378046
0.0156162
0.00900979
0.0174224
0.0236278
0.00680699
0.0361299
0.150728
0.0337689
0.018886
0.0152695
0.052955
0.00399816
0.0176034
0.0754046
0.00767177
0.0474333
0.0169571
0.0562178
0.0360355
0.0781047
0.00384146
0.0826261
0.0286611
0.0626924
0.00747728
0.0816777
0.000103739
0.0186038
0.00358019
0.0118853
0.0115457
0.0285572
0.00562043
0.0346135
0.0241708
0.0318341
0.0157057
0.0223321
0.11402
0.107786
0.138151
0.119094
0.0856306
0.0176675
0.00412757
0.0502759
0.050271
0.0112076
0.113858
0.023757
0.00104483
0.0724924
0.0211888
0.0170678
0.0603338
0.00846472
0.044159
0.0303357
0.044049
0.00216248
0.0467005
0.00429261
0.033203
0.0130844
0.0168146
0.0500419
3.1176
0.00760981
3.09775
0.0298656
0.0218833
0.0427347
0.0490864
0.067035
0.0362375
0.0823551
0.0138584
0.0159151
0.0254871
0.0126094
0.0129514
0.0284387
0.0505603
0.0394617
0.00470878
0.0460977
0.01645
0.015141
0.077767
0.0174056
0.00792739
0.0105602
0.0167816
0.0297584
0.0148947
0.0216678
0.0141968
0.0151843
3.13002
0.124796
0.0891546
0.0108593
0.0202667
0.00634381
0.0250395
0.0544578
0.0249765
0.00660441
0.0839245
0.00783513
0.000325103
0.00111581
0.0268727
0.021428
0.00192615
0.00810343
0.0265257
0.0132802
3.11261
0.017868
0.0354512
0.00277049
0.00669203
0.211651
0.00361149
0.0614873
0.0585077
0.00178399
0.00746849
0.0016051
0.00236762
0.0385034
0.0366489
0.0164469
0.0377315
0.00899538
0.0288811
0.0204484
0.00895986
0.0103598
0.070109
0.129115
0.0215034
0.0584923
0.0492924
0.00198591
0.0188329
3.06904
0.00693183
0.00911276
0.0667726
0.00494728
3.06124
0.0411606
0.178888
0.020835
0.076209
0.0180974
0.023039
0.00523753
0.045246
0.0810926
0.0270339
0.0207798
0.0287744
0.0576046
0.0263471
0.00465079
0.0159505
0.0661833
0.0653923
0.00863864
0.0769736
0.031235
0.0118268
0.050872
0.0337238
0.00424126
0.0492383
0.0046224
0.00288949
0.0795059
0.0236101
3.1316
0.0179905
0.00988804
0.0463604
0.000161437
3.0902
0.0677091
0.0103438
0.00940983
0.0730188
0.00199896
0.00895784
0.00419569
0.00673602
0.093732
0.00730854
0.0176523
0.0180574
0.0118624
0.0110806
0.00502316
0.00775599
0.0308892
0.058825
0.0179324
0.00913449
0.0207226
0.0277098
0.0686827
0.00757284
0.00837717
0.00889985
