0.000863724
0.00274015
0.0049947
0.00541231
0.00525714
0.00374207
0.00368288
0.490348
0.00472468
0.0477275
0.00981788
0.000133796
0.000176079
0.00945702
0.000372299
0.00782082
0.00719866
0.00285151
0.00603423
0.00171076
0.00474981
0.520927
0.00219004
0.00843626
0.0364078
0.00124987
0.00335748
0.00728163
0.00711057
0.00135565
0.00561731
0.0466178
0.00565635
0.00100026
0.00205555
0.0451519
0.00139207
0.0107742
0.00177994
0.00248122
0.00456336
0.0138403
0.0129118
0.0087328
0.0056928
0.00935261
0.00218009
0.00100017
0.0115271
0.00769041
1.13371
0.000414771
0.00302719
0.0121208
0.0196466
0.4984
0.0110492
0.00903639
0.000159667
0.0131448
0.00193437
0.00378928
0.00191397
0.000834576
0.479961
0.0144909
0.000580915
0.0178837
0.0015585
0.00637852
0.00276686
0.00324588
0.000653716
0.000846544
0.00501921
0.000742923
0.000619188
0.00246887
0.00176302
0.000255997
0.00732886
0.000460915
0.00126489
0.00161854
0.000977015
0.000660179
0.00134149
0.0235397
0.00399321
0.000804088
0.00175478
0.00624664
0.00244761
0.00914231
0.00447796
0.0121707
0.0065205
0.00767201
0.00844793
0.000660047
0.68447
0.0132776
0.000409136
0.00377686
0.0278506
0.0028666
0.02521
0.000349185
0.00702777
0.00423096
0.00157816
0.00513389
0.00106109
0.227884
0.00911416
0.0182216
0.017155
0.0127132
0.00154559
0.00217787
0.000201738
0.00874851
0.0396179
0.014337
0.0296638
0.00435805
0.00817353
0.00275642
0.00691238
0.00431639
0.000428177
0.00806721
0.00358816
0.00330271
0.00137494
0.000988109
0.00107253
0.000245551
0.00654554
0.0242177
0.00880723
0.00114405
0.652538
0.00508287
0.0292067
3.12846
0.00744645
0.000967291
0.00763734
0.00305737
0.0248353
0.008583
0.000786875
0.00431036
0.00263719
0.00229288
0.0017088
0.00043101
0.00347521
0.0038968
0.0100556
0.0056353
0.00149808
0.00343006
0.00626656
0.0044979
0.00406969
0.000241283
0.0170617
0.000834756
2.17e-06
0.00191398
0.00361597
0.00482174
0.0186089
0.000698575
0.000998197
0.00746439
0.002713
0.00170816
0.00790243
0.00634201
0.000688807
0.00172424
0.00475994
0.620313
0.000694441
0.00155687
0.042806
0.00656182
0.00239422
0.00854095
0.0031537
0.000773094
0.00193467
0.000703344
0.0146726
0.000731785
0.0099198
0.00354223
0.00731019
0.00101599
0.00171665
0.00221538
0.000301345
0.00232704
0.00928342
0.000768497
3.97753e-05
0.0015456
0.000261071
0.00341663
0.00781058
0.00115957
0.00465311
0.000665958
0.00288154
0.0049629
0.000400403
0.0153527
0.000489624
0.00210428
0.00322973
0.000592529
0.0028167
0.00047878
0.00174323
0.00349957
0.0042873
0.00613722
0.00717296
0.0188902
0.00158889
0.00209078
0.00420437
0.00325141
0.00175151
0.00198068
0.00745135
0.00411443
0.00937057
0.0115721
0.0131153
0.0229935
0.00300356
0.00531859
0.00569776
0.000740679
0.0131567
0.00209775
0.00691072
0.0103806
0.642873
0.00779942
0.00475629
0.00697189
0.00558049
0.00102728
0.414911
0.00522667
0.00247473
0.00609202
0.00559751
0.0178146
0.002624
0.00927193
0.000574271
0.00374992
0.00381185
0.0259456
0.0146825
0.464202
0.000164427
0.000762274
0.00453995
0.484476
0.00719864
0.00272135
0.739455
0.885438
0.00402208
0.00618131
0.00507365
5.88563e-05
0.00659873
0.00896466
0.0135703
0.00655562
0.00513926
0.000194961
0.00583714
0.00247859
0.00205679
0.0190259
0.00230761
0.00184279
0.00454497
0.00276178
0.00617213
0.00513019
0.0309609
0.00442909
0.0053171
0.0202697
0.00524507
0.00839929
0.00354051
0.00179594
0.0010063
0.0300234
0.0103047
0.0092723
0.00395173
0.000671134
0.018139
0.00940772
0.0021047
0.00359907
0.00736662
0.000870353
3.69646e-05
0.00242029
0.00138165
3.06718
0.00086331
0.00107897
0.000512347
0.00372196
0.00051002
0.00107917
0.00793128
0.00550929
1.01543
0.0138919
0.00591819
0.00979421
0.000962091
0.0431684
0.00864382
0.00235174
0.00752078
0.0175492
0.00646134
0.000440165
0.00732017
0.000519435
0.0203271
0.0120197
0.00186838
0.00164065
0.00702648
0.00147204
0.00620169
0.0265311
0.0112335
0.00972394
0.00401834
0.00709395
0.00575512
0.0132532
0.00369843
0.00356389
0.0320419
0.000206056
0.00466761
0.0100535
0.00101888
0.00226606
0.0158338
0.0161463
0.00363859
0.0042013
0.0143912
0.00678672
0.0107725
0.00585977
0.00171623
0.00196452
0.000561469
0.025252
0.00147281
0.000751821
0.00483421
0.00590357
0.0109919
0.00234661
0.00505339
0.00859347
0.000724127
0.00239438
0.000321644
0.000833316
0.00069988
0.0265488
0.00171218
0.0144665
0.0214594
0.0151832
0.00509281
0.00367655
0.0139325
0.00257411
0.00282038
0.00714537
0.014922
0.000373822
0.0016641
0.0154729
0.00924749
0.00340512
0.00904692
0.0288347
0.0074526
0.0185664
0.0305275
0.0171147
0.00450649
0.038363
0.00695911
0.00348816
0.0109682
0.0414017
0.00600693
0.00706586
0.004335
0.00109448
0.00209045
0.00358031
0.00778579
0.00789271
0.0033095
0.00199297
0.00916798
0.00102316
0.00392749
0.0131938
0.00119957
0.00220642
0.00115379
0.0119569
0.00168896
0.00567277
0.00725477
0.00522965
0.00554923
0.000362079
0.00570262
0.0844456
0.00989886
0.00215355
0.00932269
0.00677721
0.0139656
0.0123771
0.0100726
0.0150456
0.00868003
0.00366574
0.0255285
0.0155063
0.0142517
0.00642544
0.00698742
0.0503006
0.0187519
0.00535493
0.0127811
0.00505382
0.027391
0.00101233
0.032503
0.0756624
0.000946165
0.00146022
0.00439609
0.0114548
0.00756695
0.00208103
0.00886045
0.0234974
0.00275862
0.00193939
0.0131405
0.00613971
0.00408934
0.012435
0.00720277
0.0163083
0.00162661
0.0180321
0.0107134
0.00429894
0.0082756
0.0461303
0.0165983
0.00309848
0.014737
0.00330033
0.00391513
0.0167761
0.00167234
0.0010265
0.00344877
0.0105759
0.00614813
0.0076359
0.00657769
0.0267601
0.00845233
0.0147574
0.00183565
0.0119855
0.00152085
0.00954797
0.122121
0.00726382
0.00200784
0.0105657
0.0247689
0.00943236
0.00399091
0.0139674
0.0052106
0.0429598
0.00257609
0.0367963
0.0379203
0.00309832
0.0143378
0.0100916
0.0058598
0.00919941
0.000442395
0.00649764
0.0158325
0.000368881
0.00180038
0.608549
0.00718485
0.011243
0.0182801
0.00752984
0.00632648
0.016256
0.000478553
0.0155205
0.012571
0.00427878
0.0258012
0.00726823
0.00303527
0.0268061
0.0113377
0.00730515
0.0297239
0.000465531
0.00851112
0.0114266
0.0199484
0.00550545
0.0220787
0.0211405
0.00548021
0.00989665
0.00325696
0.00613563
0.000755111
0.00633623
0.0644991
0.00576704
0.00275431
0.0152628
0.0253483
0.00504164
0.0057334
0.000609223
0.0212516
0.0304291
0.0150974
0.00814654
0.00996281
0.010269
0.00527431
0.0199928
0.00494162
0.0287266
0.00548559
0.0119451
0.0130952
0.0196141
0.0213925
0.00340849
0.0158531
0.00534212
0.024505
0.00477383
0.0012269
0.00241829
0.0170235
0.0252747
0.00586631
0.00132223
0.0129358
0.00560587
0.0149001
0.00593793
0.00821529
0.00343737
0.0325897
0.00650287
0.00721738
0.0127138
0.00641332
0.00921748
0.00320074
0.0503661
0.0182595
0.0268565
0.0154631
0.0131908
0.0033944
0.00834361
0.835853
0.0062775
0.00476499
0.0434559
0.0104723
0.0356331
0.0113148
0.035805
0.00481567
0.0215491
0.0428666
0.000979549
0.463607
0.910865
0.0134692
0.0447213
0.014241
0.00392378
0.0122438
0.00625347
0.013021
0.0392812
0.000279155
0.00977702
0.0017918
0.0099673
0.015654
0.00416566
0.0188468
0.00042734
0.0209573
0.00126163
0.00797649
0.05311
0.00454525
0.0077461
0.00466335
0.00727553
0.00783921
0.0167314
0.0141084
0.00689444
0.00398288
0.00377695
0.0062813
0.00411466
0.0100833
0.0178947
0.00991701
0.0125313
0.00513135
0.00509244
0.0231729
0.00945799
0.0117376
0.00507924
0.0469883
0.000399079
0.00613965
0.0070061
0.00585122
0.00914999
0.00558259
0.0150867
0.00559504
0.000564887
0.00655831
0.00592565
0.0347519
0.0432213
0.00563884
0.00214549
0.00890884
0.0386701
0.00215853
0.00550448
0.00336107
0.0143941
0.0031515
0.0298107
0.00990478
0.00290051
0.000633747
0.0155644
2.9491e-05
0.00968148
0.0134728
0.00139297
0.0210838
0.00551791
0.028897
0.0324665
0.0327345
0.0143068
0.0072766
0.00594257
0.00173505
0.00749379
0.00551654
0.0185699
0.0220315
0.0160477
0.00844785
0.00819913
0.0065645
0.00701557
0.00141846
0.0215546
0.000648491
0.0327521
0.00236952
0.010112
0.0155258
0.00274698
0.00365365
0.00460751
0.0361394
0.0111586
0.0056644
0.026372
0.00214954
0.0241966
0.0369619
0.00189599
0.0580261
0.00121325
0.00299896
0.000977986
0.00821429
0.0074714
0.00176312
0.0125543
0.0394844
0.00401185
0.00212782
0.00468442
0.0321066
0.0101972
0.00601724
0.000758144
0.0101183
0.0120065
0.016267
0.0104317
0.00866563
0.0111991
0.416367
0.00401353
0.0102734
0.003189
0.00868237
0.00321702
0.0542604
0.00805445
0.00478605
0.00652665
0.000620009
0.00087339
0.0299273
0.0255342
0.00504798
0.0093489
0.0186066
0.0142769
0.00937119
0.0504648
0.000389854
0.00459302
0.00463187
0.00573804
0.00714297
0.034049
0.0262743
0.00939758
0.00510523
0.0057684
0.00354584
0.0140814
0.0181773
0.00302088
0.0151471
0.00634908
0.0011907
0.866221
0.000582392
0.000297193
0.00012548
0.00140288
0.0116334
0.00248698
0.0316112
0.0323356
0.000972171
0.00611034
0.00233835
0.0128071
0.00806569
0.00896502
0.00734579
0.00469002
0.0101913
0.0137891
9.69223e-05
0.00425153
0.0157271
0.00104089
0.0150166
0.000563938
0.0407982
0.00924065
0.0273644
0.00949042
0.0088969
0.0245309
0.00740903
0.233563
0.0216998
0.000577713
0.0037128
0.0234935
0.0162233
0.00354452
0.0184469
0.00704778
0.0108344
0.0065133
0.0113133
0.0153152
0.0125091
0.00285884
0.0296056
0.02714
0.0028009
0.0113637
0.0044741
0.00189869
0.011791
0.0424519
0.000113498
0.00925169
0.00153768
0.0014864
0.000576623
0.0307325
0.0239939
0.018525
0.000438447
0.00924297
0.00658138
0.0254545
0.00166132
0.0214027
0.0143243
0.0241149
0.00534316
0.0145401
0.0192524
0.000714222
0.0152519
0.01014
0.0235397
0.00300404
0.0174859
0.00506313
0.0496297
0.0132809
0.0241739
0.00262809
0.0055442
0.028801
0.00422739
0.0790436
0.00552462
0.0126268
0.00906219
0.0122183
0.000956209
0.00492842
0.020552
0.00480234
0.000171971
0.000662092
0.00457075
0.00275652
0.00978501
0.0051924
0.0174434
0.0318618
0.00670905
0.00325606
0.00816616
0.0022035
0.00638949
0.000139082
0.0166526
0.00572759
0.00113477
0.0186864
0.00514887
0.0105679
0.0127686
0.000653316
0.0126176
0.000833588
0.00238431
0.00826098
0.00262973
0.0155166
0.0148374
0.00788673
0.00407089
0.00766577
0.00029318
0.0341707
0.00646496
0.0368606
5.95951e-05
0.00311839
0.0342872
0.00330603
0.0197632
0.001197
0.0103022
0.00904052
0.00258554
0.00269636
0.0229403
0.0137492
0.00293383
0.00190587
0.00935995
0.0127554
0.0265154
0.00542575
0.000356623
0.0192937
0.00910189
0.0123498
0.00333058
0.00278724
0.0112369
5.71813e-05
0.00774729
0.035998
0.0119874
0.00795972
0.0128018
0.00901089
0.023118
0.0132504
0.0117917
0.011375
0.00344213
0.00452093
0.0491396
0.0149692
0.0371444
0.00290709
0.0166905
0.000789035
0.00882641
0.0034437
0.00656623
0.00060622
0.00186184
0.0170189
0.0162019
0.00258593
0.00466861
0.0200383
0.0763337
0.227799
0.00824008
0.00430429
0.0188395
0.0138482
0.00554763
0.00556228
0.0118731
0.0273212
0.0203033
0.0128298
0.00527065
0.0226322
0.0130314
0.00722331
0.0037222
0.00139263
0.0153529
0.00427338
0.0287367
0.0211804
0.000443311
0.00342416
0.0158962
0.758082
0.0127076
0.00682631
0.00464808
0.0195875
0.0013284
0.00463405
0.021875
0.0366613
0.00591373
0.00251403
0.0208383
0.00800044
0.019126
0.0134918
0.0110036
0.0103702
0.0334933
0.0136568
0.0133713
0.0299068
0.0112968
0.00130411
0.0145016
0.0116588
0.0030253
0.0263142
0.0375125
0.000891405
0.018686
0.000684827
0.0121756
0.00821233
0.00605526
0.613871
0.00354119
0.0219549
0.0114593
0.0263556
0.00109407
0.0512316
0.0185845
0.0312183
0.0016704
0.00742596
0.00257528
0.00180812
0.0296538
0.00461924
0.00423417
0.0104852
0.00261488
0.0294615
0.00200228
0.0134038
0.0199752
0.0085041
0.0174582
0.0163217
0.0401002
0.00644311
0.0294994
0.000644022
0.0581205
0.0126939
0.00380633
0.00942694
0.00235286
0.0086434
0.0441791
0.00566426
0.0052311
0.0288679
0.0155836
0.0010003
0.000643397
0.0183865
0.0117656
0.0192298
0.037179
0.000408021
0.010121
0.00279827
0.0180065
0.017594
0.010382
0.0105888
0.0473383
0.0143577
0.00177241
0.00262047
0.0243324
0.00799409
0.0206226
0.0406261
0.00486007
0.00264023
0.0180085
0.000683218
0.0055196
0.00407584
0.00509146
0.010395
0.0120694
0.00307505
0.0545307
0.0208421
0.00840713
0.0371281
0.0244339
0.0330074
0.0513236
0.0521846
0.41144
0.000532105
0.00477204
0.00665099
0.00377076
0.00106957
0.616044
0.0213079
0.0174322
0.320825
0.0049246
0.0237804
0.0541814
0.00433641
0.00939138
0.00544799
0.0200825
0.0111656
0.0107651
0.0116164
0.0165908
0.00849997
0.00176337
0.0116996
0.00631476
0.0148274
0.000437165
0.0181928
0.0209278
0.00078121
0.00629
0.00268043
0.000997901
0.00403437
0.0119335
0.0525683
0.0228793
0.00928213
0.0274849
0.00725569
0.00623793
0.00209895
0.00901346
0.0123262
0.0202629
0.00530908
0.00397429
0.00676215
0.00663115
0.0131183
3.10656
3.11479
0.0110083
0.00238986
0.00143881
0.00823768
0.00851525
0.0523645
0.000893807
0.251097
0.00490374
0.00204633
0.0117213
0.000144676
0.0109544
0.00516786
0.0266219
0.0123105
0.00279816
0.00224758
0.00470193
0.0228794
0.00824643
0.00239391
0.0109239
0.0113027
4.25149e-05
0.0032813
0.00871581
3.47165e-05
0.00373904
0.00469794
0.0121125
0.00641459
0.00763925
0.00745102
0.00132095
0.0192982
0.0439161
0.0156733
0.00675157
0.000511648
3.06619
0.0048663
0.00257906
0.0418236
0.0047302
0.000479324
0.00103467
0.00472774
0.00214662
0.00678248
0.00809668
0.00286043
0.00284378
0.00133058
0.00027926
0.00162209
0.00140221
0.00527275
0.0121729
0.0192857
0.0128455
0.0144241
0.00846972
0.00087726
0.0135666
0.0111444
0.000538842
0.00532494
0.00667274
0.00694113
0.00133236
0.362937
0.00558106
0.00120621
0.00052711
0.000896
0.0223293
0.00975329
0.00423712
0.00735826
0.0058748
0.000357925
0.00714293
0.000301681
0.0141634
0.00595013
0.00462533
0.00518618
0.00628239
0.00676407
0.00369355
0.00533153
0.00222758
0.00342207
0.000538333
0.00159171
0.0174148
0.00271498
0.00707569
0.0335127
0.0250915
0.00142376
0.00891675
0.00510935
0.000377715
0.00590945
0.00662934
0.0100436
0.000364648
0.010004
0.00904093
0.0035295
0.0300263
0.0256727
0.0177562
0.00212171
0.00153229
0.00286607
0.00527658
0.00503139
0.0247619
0.00424557
0.00196286
0.0119273
0.000598422
0.00191412
0.00381409
0.00578695
0.0186512
0.00584613
0.00173973
0.0124619
0.0085753
0.0299284
0.00369108
0.00566291
0.00365681
0.00278295
0.00169504
0.00126129
0.00377662
0.0269638
0.0024432
0.00719448
0.0258913
0.00233255
0.00427288
0.001343
0.00116319
0.010044
0.00265757
0.0249158
0.320146
0.0101753
0.00361501
0.0021876
0.00244216
0.776128
0.00237714
0.0248841
0.00125295
0.00251071
0.000584398
0.000340137
0.00221602
0.0161153
0.00311153
0.00380237
0.00305961
0.00699041
0.00037667
0.0116247
0.0016545
0.000821678
0.00310114
0.000838975
0.0281209
0.465829
0.00967806
0.00205675
0.00252843
3.08967e-05
0.0174361
0.00209017
0.009478
0.00401905
0.00759363
0.00294524
0.00345323
0.00167388
0.000671291
0.506417
0.00292963
0.000719401
0.00430387
0.000396566
0.00836568
0.000105601
0.00599203
0.0141496
0.00264272
0.00498596
0.0107774
0.00446355
0.000942931
0.00991625
0.0120862
0.0104331
0.00189452
0.00206063
0.00138276
0.00500382
6.74822e-05
0.0019942
0.00180257
0.000422659
0.00245222
0.0150015
0.00415482
0.00955106
0.00437005
0.013166
0.00900896
0.000837892
0.00121314
0.004545
0.00332362
0.000925002
0.00891288
0.00204103
0.0132756
0.00298075
0.00986758
0.0128099
0.00573373
0.0012517
0.00660548
0.00662431
0.0294646
0.00775586
0.0228642
0.00722754
0.00184876
0.00314602
0.000360138
0.0029042
0.00341208
0.0139957
0.00442607
0.0106992
0.00628442
0.00020368
0.000728144
0.0265013
0.00115795
0.00421335
0.0276209
0.00671087
0.00700401
0.000879366
6.95813e-05
0.00237548
0.0112931
0.00144118
0.00988123
0.00298962
0.00747402
0.00517321
0.00181457
0.00960978
0.00386244
0.00481944
0.00420393
0.00647173
0.0291951
0.000893756
0.000383459
0.00428961
0.00788303
0.00918084
0.00199754
0.000625714
0.00464012
0.000898149
0.00321243
0.607572
0.00661958
0.00709554
0.000238997
0.00335704
0.00276004
0.00596002
8.2261e-05
0.0045597
0.00214999
0.00211767
0.0103886
0.0548128
0.00152904
0.00238989
0.00190614
0.000168491
0.00166167
0.000926208
0.00700097
0.0111276
0.00517646
0.0125203
0.00878139
0.771351
0.00157447
0.00983188
0.000954479
0.0033312
0.00284264
0.0235488
0.020734
0.00167645
0.00437372
0.0127309
0.0209793
0.0110244
0.0246527
0.00882698
0.018845
0.00378687
0.0188434
0.0616481
0.03919
0.000517007
0.00182543
0.00332449
0.00525503
0.00230621
0.00689021
0.0038235
5.11406e-05
0.0128934
0.0070589
0.0144569
0.261687
0.00277093
0.00062448
0.00269819
0.00383339
0.00207388
0.00265479
0.00220493
0.00336484
0.00077407
0.00456346
0.00140261
0.00142774
0.0154739
0.027489
0.00455813
0.00102242
0.000154915
0.00224937
0.0213659
0.00318562
0.00788842
0.00335652
0.00253324
0.0312696
0.00641905
0.0363788
0.00392384
0.000754914
0.0254655
0.00403887
0.00209228
0.00997021
0.0256615
0.00599185
0.00219051
0.0109636
0.00616921
0.00424066
0.00613673
0.00788318
0.0229166
0.01349
0.00553727
0.00220695
0.00311033
0.00172954
0.0103998
0.0032808
0.00977217
0.00730062
0.0158516
0.00476857
0.0154033
0.0195032
0.0232898
0.00484868
0.0140617
0.0186264
0.00515122
0.00119745
0.00244253
0.00871763
0.00475968
0.000526783
0.0155395
0.0149672
0.00148902
0.00905093
0.0017798
0.00116175
0.00440203
0.0106004
0.00136959
0.0440288
0.000183405
0.00370683
0.00458648
0.005825
0.0120312
0.00974532
0.00642382
0.0015946
0.0157486
0.00457294
0.00634069
0.027132
0.017477
0.000290536
0.00498259
0.00267758
0.0046523
0.00924517
0.0163476
0.0194252
0.0236253
0.012458
0.00321842
0.00366946
0.034494
0.0304192
0.0238239
0.000508179
0.0190676
0.000345505
0.00508911
0.00659298
0.00794997
0.00434763
0.00426522
0.0157258
0.00698947
0.000459428
0.00582645
0.00935181
0.0108654
0.000373136
0.00611439
0.00284821
0.00133211
0.00288822
0.00234553
0.00618501
0.00285514
0.00114007
0.000156929
0.0314296
0.0225854
0.0185304
0.0112905
0.0132143
0.0117821
0.0155403
0.0102492
0.00422798
0.00164613
0.0103426
0.00101579
0.0124268
0.0137497
0.0184728
0.598828
0.0144853
0.0103523
0.00284077
0.0035388
0.00539861
0.00407922
0.0108729
0.010656
0.0173608
0.0556733
0.0466041
0.00637558
0.000227741
0.00678762
0.00952183
0.00181147
0.00174463
0.017411
0.0079426
0.00203815
0.227815
0.0157257
0.00465811
0.00785914
0.00705081
0.00110441
0.0186212
0.163301
0.00842536
0.00986263
0.0164951
0.00107076
0.0141368
0.0444033
0.000815611
0.0168821
0.000650382
0.0121234
0.00196174
0.0164884
0.007747
0.0272285
0.000743853
0.00073353
0.00394191
0.0251618
0.486297
0.00222551
0.0154383
0.0168333
0.0122781
0.0218824
0.0125414
0.0142805
0.0145255
0.0108291
0.0157582
0.0372953
0.0045931
0.0103945
0.0165608
0.00521572
0.00274828
0.00109192
0.00913009
0.0267974
0.0154983
0.0279448
0.000165645
0.0138447
0.137466
0.000523121
0.0440239
0.000845099
0.00634876
0.0132157
0.00524253
0.0047233
0.00355527
0.00940517
0.00336477
0.00916938
0.0313061
0.0138037
0.0205617
0.0119174
0.0088003
0.00639458
0.0139806
0.00335023
0.00365497
0.0191241
0.00595013
3.11761
0.00276845
0.00245996
0.0198571
0.0177113
0.0382076
0.0152431
0.0215965
0.00664241
0.0336164
0.00233143
0.00605838
0.0197151
0.0126727
0.000339507
0.743564
0.0110662
0.00826644
0.0173051
0.00713641
0.0123165
0.00203426
0.0218016
0.000780998
0.0197682
0.00979577
0.0188019
0.0192339
0.00810613
0.00591188
0.014842
3.011
0.0141329
0.0131099
3.10335
0.00510184
0.00848387
0.0138164
0.00599589
0.031194
0.00298844
0.0103455
0.0106047
0.0119014
0.00865035
0.00407031
0.00248681
0.00408569
0.0127955
0.00265517
0.00477394
0.00342791
0.0090398
0.006746
0.0248708
0.00785132
0.00384106
0.00746593
0.00335361
0.00230568
0.0125704
0.00355636
0.596007
0.000130521
0.0040673
0.00352836
0.00394706
0.0020431
0.0114347
0.000320533
0.00595023
0.000981614
0.00229012
0.00545066
0.0099946
0.0165662
0.00368534
0.016984
0.0353918
0.000139085
0.00025197
0.0189301
0.427012
0.00997672
0.000339074
0.0207919
0.0112308
0.00357011
0.00316039
0.00747378
0.00802584
0.00130324
0.00506388
0.00381069
0.000234718
0.0031429
0.0105155
0.00510203
0.00213875
0.00969174
0.00392695
0.00513156
0.00281946
0.00414124
0.015492
0.0232428
0.00468556
0.000952813
0.00394285
0.0128927
0.00929027
0.00254007
0.0129723
0.011054
0.00806594
0.0201832
0.0069509
0.00870788
0.000515811
0.0136469
0.000720809
0.0299051
0.00993223
0.412432
0.00616341
0.000454335
0.00262763
0.000465488
0.0106052
0.0120304
0.00472763
0.0122091
0.00353496
0.011994
0.00844255
0.000960385
0.0200948
0.00010097
0.00558452
0.0185976
0.000586903
0.000577746
0.00182598
0.00133762
0.00166475
0.166411
0.00634496
0.0080067
0.579094
0.0111342
0.00178813
0.0111492
0.00309531
0.596256
0.00754392
0.434711
0.00132898
0.00701011
0.00123496
0.0157032
5.39703e-05
0.0100128
0.00150115
0.00228074
0.0104211
0.0133165
0.00592054
0.00869805
0.00561373
0.442124
0.0065629
0.677762
0.00987304
0.000404448
0.000903873
0.00202782
0.551241
0.00139859
0.0110646
0.0115959
0.0125516
0.00952452
0.0105042
0.0110518
0.362557
9.22882e-05
0.00360676
0.0186309
0.50873
0.00237256
0.00251095
0.00483969
0.0232819
0.0096377
0.0155696
0.0148832
0.00302972
0.00830961
0.000479377
0.00711108
3.11941e-05
0.00865678
0.00622353
0.0127565
0.00280477
0.00127506
0.00663378
0.00624136
0.00422566
0.00224349
0.00482723
0.00627778
0.007246
0.0145901
0.526264
0.00179892
0.00165628
0.00200741
0.00545286
0.0182683
0.0491442
0.547283
0.0114915
0.00536445
0.00241806
0.00526493
0.00186648
0.000691443
0.0223735
0.00974283
0.0163703
0.008626
0.001293
0.000111798
0.286271
0.0219224
0.0257582
0.00789763
0.00455271
0.00406635
0.00576847
0.003513
0.00957582
0.00688924
0.0043442
0.0181062
0.00792857
0.00222805
0.00037684
0.0146264
0.030854
0.888394
0.000850963
0.00162985
0.00310406
0.000493335
0.00257601
0.00798354
0.00493503
0.010633
0.00247735
0.380441
0.00325253
0.0130798
0.00291993
0.0188608
0.00295597
0.00396432
0.0028519
0.00203134
0.0126576
0.00166957
0.0310887
0.0397456
0.00636707
0.0108864
0.0145363
0.00381159
0.0124147
0.013347
0.00660822
0.00636683
0.0201761
0.00309481
0.0354204
0.00293309
0.00465136
0.000458039
0.00529592
0.543233
3.0722
0.0040049
0.0111844
0.038504
0.00381536
8.85665e-05
0.0210571
0.0116597
0.0113588
0.00468598
0.956633
0.00632681
0.02323
0.0128484
0.0125914
0.0191199
0.300551
0.00377065
0.498576
0.00357447
0.00910206
2.91665
0.0133841
0.00907513
0.0169236
0.0152028
0.013879
0.00278265
0.0360336
0.0120485
0.710896
0.00014684
0.310198
0.000563757
0.0113656
0.000185784
0.508323
0.0131633
0.016452
0.000196498
0.00467637
0.0130758
0.00865795
0.0196668
0.00599131
0.018404
0.00128784
0.00704134
0.00103829
0.0043138
0.000382633
0.00809753
0.0103035
0.00699971
0.0565688
0.0116057
0.0126982
0.0132464
0.0020369
0.0153695
0.00265824
0.0116645
0.00923562
0.016228
0.00820595
0.0171239
0.00834259
0.0164915
0.000821431
0.00885853
0.00383928
0.014441
0.00251324
0.00380098
0.000249352
0.0121273
0.00270039
0.00152739
0.0108333
0.0225685
0.0228773
0.00215012
0.003458
0.00261136
0.000948663
0.0038616
0.0072968
0.00824215
2.86875e-05
0.00766795
0.00823801
0.00229028
0.00636262
0.0164588
0.00190382
0.264383
0.00221881
0.0137172
0.000548317
0.00257801
0.00478331
0.000194266
0.01782
0.01759
0.00723267
0.0107504
0.00416035
0.0546008
0.00762171
0.00224183
0.0102056
0.00354344
0.00833184
0.0107779
0.00179258
0.00966226
0.0046626
0.0228406
0.00262113
0.00440028
0.00167906
0.23945
0.045596
0.00443133
0.000403265
0.00166037
0.00717601
0.00723658
0.0111456
0.00423728
0.0122215
0.00480752
0.00937965
0.00776125
0.0250437
0.0021151
0.0111172
0.0123983
0.00334893
0.845264
0.0051659
0.0178831
0.0279863
0.00104573
3.12268
0.0232222
0.0068297
0.0110395
0.0437435
0.0216095
0.00607763
0.0165049
0.00178143
0.0024275
0.00151158
0.00232737
0.00407402
0.0019251
0.0132511
0.656205
0.00437509
0.00184472
0.000829034
0.0384262
0.000583179
0.0166371
0.0208751
0.0151824
0.00480576
0.0052873
0.00874355
0.00357256
0.0065216
0.0235686
0.00192213
0.00360367
0.030555
0.00200507
0.0322265
0.0143073
0.0128991
0.0107449
0.0113318
0.0189701
0.0119845
0.0320204
0.0266433
0.0146924
0.00336433
0.0133217
0.00481104
0.00651506
0.00427515
0.00476464
0.00327278
0.0116569
0.00287914
0.00998342
0.0173952
0.0260836
0.00721009
8.87388e-05
0.0131566
0.0126846
0.0138037
0.0102989
0.0337735
0.0150844
0.0411811
0.0149647
0.00742024
0.000735399
6.68603e-05
0.00324107
0.0124194
0.013454
0.00088579
0.0068071
0.025511
0.00252952
0.00208147
0.0117182
0.00662957
0.000896361
0.0152946
0.00511752
0.0215059
0.00946508
0.0117436
0.000722336
0.00160926
0.00157229
0.0014094
0.625359
0.00243387
0.0185061
0.774776
0.00436241
0.00344092
0.00393013
0.00557163
0.00254874
0.00125795
0.0157148
0.0107176
3.75646e-05
0.00589786
0.669741
0.00611767
0.00310492
0.00482061
0.00677744
0.0261096
0.00524288
0.00242387
0.0109526
0.0162696
0.00100287
0.008997
0.0259173
0.00132784
0.0027972
0.00616252
0.00477844
0.00193307
0.00784633
0.00044263
0.00963885
0.00154936
0.000386871
0.000985968
0.00372015
0.00358314
0.00348513
0.000137156
0.0123244
0.0147872
0.00356834
0.0107761
0.013483
0.00926694
0.373452
0.00683637
0.00509631
1.07345
0.00325388
0.00753362
0.015962
0.00452263
0.0155533
0.00976656
0.0145651
0.00866272
0.675746
0.00402641
0.00659407
0.0125813
0.00901147
0.0226326
0.00455449
0.00339962
0.00363407
0.00747431
0.00441493
0.00365309
0.00253254
0.00122756
0.0160193
0.00435787
0.00214637
0.00155327
0.000814189
0.00488133
0.0128935
0.0087047
0.00751716
0.000772597
0.0283663
0.013194
0.00315732
0.0220087
0.0154213
0.0276052
0.0165123
0.578339
0.0248367
0.00989389
0.0102133
0.00310649
0.00545214
0.0162262
0.00951901
0.00103868
0.039586
0.00200214
0.000926731
0.011013
0.00844935
0.0055678
0.0179523
0.0701374
0.900899
0.000425986
0.0173628
0.0137806
0.00364895
0.0126709
0.00142335
0.0147026
0.00578371
0.00710684
2.8575
0.00836188
0.962561
0.00451841
0.0043836
0.00743611
0.0105712
0.00117166
0.0125246
0.0204376
0.014286
0.0064331
0.00553185
0.000873963
0.0127884
0.0173571
0.00475556
0.00617049
0.00818817
0.00399811
0.00129331
0.000676407
0.00671775
0.00439998
0.00392919
0.0366532
0.00108392
0.00252087
0.397328
2.96365
0.00710868
0.00444164
0.0171724
0.000336618
0.0166855
0.0177078
0.000362054
0.000967437
0.015809
0.00675258
0.0158557
0.0167451
0.00703314
0.0023288
0.00803775
0.00460206
0.0132329
0.628857
0.0172826
0.00166749
0.00527512
0.00511257
0.00894496
0.00344563
0.000845371
0.296048
0.00859123
0.00567326
0.00467873
0.0147163
0.00169602
0.00795237
0.00322169
0.00902084
0.00818999
0.00160967
0.00760029
0.0115048
0.0128522
0.00463763
0.019562
0.237066
0.000163301
0.655844
0.00915641
0.00519519
0.00247441
0.0306333
0.0255964
0.00738071
0.0077451
0.0198036
0.0541881
0.0409719
0.0111195
0.00936883
0.0289725
0.0118679
0.0171887
0.00363417
0.00837261
0.00377737
0.00102885
0.012104
0.0245819
0.00885198
0.0055774
0.0439608
0.00198628
0.00612153
0.0654057
0.00122317
0.0161307
1.21793
0.00223228
0.00197261
0.00579324
0.00338729
0.015091
0.0111732
0.00428708
0.00178847
0.0170957
0.0115096
0.00127827
0.0151251
0.402948
0.00516033
0.00784529
0.0123964
0.00962277
0.00546538
0.00340283
0.000606174
0.0226742
0.00314953
0.00719702
0.00476565
0.00442234
0.0136335
0.0325517
0.00199697
0.0203224
0.0209391
0.000708635
0.003583
0.0588211
0.00122794
0.0048959
0.0245431
0.00176551
0.00978046
0.0124024
0.00431053
0.00185367
0.00905429
0.00768169
0.0210511
0.00104729
0.0247157
0.00572252
0.00443531
0.024631
0.0105433
0.0228804
0.00315316
0.00129539
0.0123749
0.00498657
0.0788944
0.0231851
0.00924971
0.012346
0.00306201
0.598872
0.0174435
0.0335775
0.0101015
0.0559021
0.00337978
0.000594456
0.00167268
0.0181812
0.000899406
0.0144554
0.00051926
0.00713143
0.0154952
0.0191248
0.0866637
0.0135471
0.00504867
0.000845529
0.00549465
0.0120896
8.47655e-05
0.00497207
0.0271998
0.00113528
0.00615652
0.0135749
0.00390479
0.0170311
0.0103976
0.00914459
0.00623629
0.00535772
0.00231918
0.00340772
0.0408732
0.00945074
0.0293143
0.00404876
0.0208178
0.00345714
0.0180518
0.0213972
0.000995243
0.0157484
0.000867227
0.0167553
0.0322245
0.00797591
0.00717398
0.00114402
0.00945519
0.00591145
0.0241525
0.00338582
0.00830338
0.00311412
0.0128659
0.028438
0.00332469
0.000838569
0.00286708
0.0164717
0.00150077
0.0344611
0.000704
0.0103727
0.01266
0.0133379
0.00773329
0.00367134
0.023246
0.00944063
0.0247695
0.000241546
0.00227494
0.00339191
0.722553
0.00275448
0.00326599
0.0656259
0.0101607
0.00810764
0.0055671
0.00496556
0.00884271
0.00237465
0.00434456
0.000783955
0.0234259
0.00536856
0.00179781
0.00565691
0.00212816
0.0025847
0.0125722
0.0014998
0.0258167
0.00300936
0.00106477
0.00251303
0.0012165
0.0155693
0.0442099
0.0154482
0.00586017
0.0182724
0.00712366
0.0126813
0.0153895
0.00488412
8.18405e-05
8.94957e-05
0.0143756
0.0181923
0.0470729
0.00209324
0.00217606
0.00182875
0.00818439
0.0155905
0.000217347
0.0258279
0.0348415
0.00105935
0.00586126
0.0318565
0.164486
0.0617037
0.0556036
0.00468315
0.000906214
0.0064437
0.0151465
0.00812034
0.00932402
0.0479414
0.000195612
0.00136929
0.00411025
0.00765491
0.00384647
0.0133009
0.017735
0.00127865
0.0408982
0.00862235
0.00212239
0.0149725
0.00230621
0.000173106
0.0466873
0.0021248
0.00426406
0.00827956
0.0195866
0.00325156
0.0200907
0.00711373
0.0118513
0.00427452
0.00493025
0.00737951
0.00298425
0.00383867
0.00611343
0.000939371
0.000559212
0.0373566
0.00706954
0.0040842
0.026347
0.0333413
0.0126373
0.729718
0.0345272
0.00746583
0.0153361
0.00137084
0.00934144
0.0134772
0.0171236
0.0189989
0.0153596
0.00615696
0.00152124
0.00783578
0.36129
0.00193445
0.0304124
0.0106845
0.00406382
0.00738041
0.00104388
0.0115134
0.0152014
0.0125149
0.000624822
0.000398515
0.0030429
0.00195259
0.0162523
0.0188538
0.00268196
0.0133725
0.00172378
0.00134908
3.97771e-05
0.00267319
0.00135205
0.00111846
0.00141084
0.00539007
0.00238905
0.00832613
0.00927731
0.0186557
0.0158214
0.0648146
0.0630854
0.00146703
0.0527034
0.148954
0.0114686
0.000211031
0.00288019
0.0209559
0.00384222
0.041476
0.00503725
0.00506011
0.0109773
0.0158574
0.0119511
0.0982082
0.0218504
0.0164516
0.00645391
0.00576045
0.00124721
0.0153346
0.0353545
0.0171099
0.00211809
0.0131178
0.0312531
0.00737854
0.00866385
0.00219988
0.00408069
0.0189542
0.00614541
0.0165612
0.058765
0.00417354
0.0182165
0.00582613
0.0194745
0.022373
0.0123146
0.000559372
0.00577324
0.00441287
0.0093246
0.00375109
0.00899526
0.00401756
0.0160167
0.00137108
0.00905249
0.00994234
0.00517368
0.00881872
0.0122781
0.0106322
0.00164852
0.0123496
0.0133587
0.00333184
0.023907
0.0142072
0.00335615
0.0214554
0.00570668
0.0107223
0.0154036
0.0117868
0.0127239
0.0174084
0.0180962
0.0625887
0.0294443
0.00980767
0.0100667
0.00363756
0.00575319
0.00155274
0.00240191
0.00208935
0.0143736
0.0104228
0.00666233
0.0343452
0.0277943
0.0224523
0.00148181
0.0341525
0.00857608
0.00694253
0.0238836
0.0398106
0.0143569
0.0058215
0.0334157
0.00384831
0.00584415
0.0428273
0.0040604
0.0162302
0.00279156
0.0167154
0.025569
0.00587697
0.021041
0.0044488
0.00860982
0.0137342
0.010953
0.00443881
0.0135538
0.0344941
0.00494211
0.0451652
0.00390712
0.00267517
0.00996962
0.0322338
0.0406563
0.0845758
0.00634743
0.00348113
0.00445603
0.00719928
0.000281458
0.00940867
0.0114624
0.00949369
0.0243025
0.0170542
0.0074985
0.0307734
0.00415734
0.0147792
0.0170847
0.028813
0.018871
0.00418111
0.0135955
0.00354511
0.00721866
0.0151255
0.00315806
0.0122041
0.0035903
0.0144619
0.0172961
3.02502
0.0136314
0.00175057
0.0327073
0.0392797
0.000811425
0.860417
0.0185468
0.021097
0.00430258
0.00837517
2.81533
0.0152204
0.00951895
0.00168789
0.0063634
0.00232994
2.29985e-06
0.00308817
0.0139279
0.00150205
0.0275425
0.00146074
0.000459474
0.000614249
0.0113043
0.00160721
0.0215627
0.0147844
0.000515672
0.00145818
0.010611
0.0206746
0.0280143
0.00536967
0.0152247
0.00609903
0.000685629
0.0127226
0.00015789
0.00247529
0.00446476
0.00815839
0.00210399
0.00896157
0.0304011
0.0166227
0.00378979
0.0229408
0.0104192
0.0245887
0.00925749
0.00400777
0.0115035
0.00607172
0.00313009
0.0192264
0.0126031
0.0088557
0.00810568
0.00730788
0.00489141
0.0692552
0.0205348
0.0259602
0.0197344
0.0267767
0.0271352
0.00028313
0.00952001
9.09975e-05
0.00142112
0.0239326
0.011662
0.00208111
0.0126694
0.00820733
0.00280288
0.005083
0.00434551
0.00295997
0.0600271
0.00504521
0.0154497
0.0613965
0.0302985
0.0176257
0.0141825
0.00470307
0.0105528
0.00262907
0.0324476
0.00451316
0.0207711
0.00139125
0.00386496
0.00313944
0.002452
0.000317487
0.00650921
0.000253249
0.0271935
0.641632
0.000393478
0.00852825
0.00103347
0.00170937
0.519185
0.00191698
0.0208271
0.000937801
0.0144898
0.00609128
0.00512089
0.000433159
0.0212095
0.00186198
0.00465248
0.0119108
0.0138952
0.021125
0.0056788
0.0013902
0.0183578
0.00870613
0.0403129
0.00109008
0.00543719
0.00597659
0.00582492
0.0202904
0.0271667
0.0301779
0.061957
0.0016436
0.00117386
0.00652844
0.0126009
0.00147256
0.0100417
0.0333174
0.00494996
0.000803581
0.00307513
0.00288709
0.0109555
0.0101114
0.00478472
0.00239186
0.0428604
1.9406e-06
0.00304249
0.0164217
0.00532531
0.00835182
0.00473691
0.00138982
0.00349255
0.00524823
0.00528966
0.00834066
0.00437001
0.00726412
0.00348447
0.00889332
0.0185809
0.0036428
0.0234533
0.016455
0.0118697
0.0019314
0.0138945
0.00808538
0.00117212
0.0320875
0.017916
0.000148722
0.0101038
0.00142034
0.00566907
0.000412447
0.0353178
0.000678051
0.000109221
0.0228258
0.0194136
0.0215128
0.00285418
0.000805144
0.00424194
0.00174037
0.00481756
0.010627
0.00931716
0.00122274
0.0054229
0.0050914
0.000151881
0.000677948
0.00734731
0.00601792
0.00291798
0.0059934
0.0088493
0.00235061
0.000589935
0.00292766
0.00208692
0.0071589
0.000915664
0.00137512
0.00302199
0.0022345
0.0105825
0.00163489
0.00147733
0.00127701
0.00223363
0.00259689
0.000799579
0.00501417
0.0010103
0.00798585
0.0144497
0.00401569
0.00564745
0.0243388
0.00828755
0.00443461
0.0102105
0.00975198
0.00155937
0.00985528
0.0136861
0.00527076
0.0155564
0.0056516
0.002031
0.0140763
0.01907
0.0158452
0.00380648
0.00455193
0.021679
0.00685408
0.0218571
0.00688189
0.00320587
0.00541644
0.001098
0.00198111
0.00045571
0.00156948
0.0277282
0.018232
0.00386549
0.014021
0.563574
0.00065456
0.00977849
0.00712439
0.000261806
0.00643218
0.00807393
0.0164882
0.00559081
0.00719441
0.0198293
0.00943734
0.00155839
0.674725
0.0117395
0.00857898
0.00240083
0.00799979
0.000829257
0.00308139
0.00430824
0.00126631
0.00328072
0.00129977
0.00216131
0.000369495
0.00312613
0.000617932
0.00290754
0.0019522
0.00728519
0.00561093
0.00204053
0.00336582
0.000741562
0.0023995
0.0017285
0.00224405
0.00217149
0.000559656
0.000867689
0.00182506
0.000986119
0.00196853
0.0112069
0.00120473
0.00122589
0.00300787
0.00136119
0.00593141
0.00537003
5.51154e-05
0.00127408
0.0166194
0.00114818
0.00113014
0.000143549
0.0032336
0.00553868
0.0062487
0.00203726
0.00285874
0.00222807
0.00160219
0.000920066
0.000971412
0.0001349
0.00150292
0.00495325
0.00130329
0.0193507
0.000458665
0.00203689
0.00831348
0.000710404
0.00479304
0.00346218
0.0159924
0.287857
0.0205837
0.00547578
0.599694
0.307439
0.0120241
0.0168821
0.0112263
0.00133039
0.0387199
0.00222726
0.0331611
0.00477087
0.00545537
0.00756603
0.0130565
0.00433343
0.00481029
0.0149134
0.505493
0.690378
0.00420226
0.00269207
0.00231011
0.00521132
0.0177639
0.00119577
0.013746
0.025594
0.0129828
0.0264921
0.013839
0.0101346
0.0376336
0.00175866
0.000888925
0.00498891
0.0124816
0.00694695
0.0176476
0.00695428
0.00476271
0.00146341
0.00127028
0.000391086
5.78522e-05
0.0050695
0.0181065
0.0124113
0.00330387
0.010041
0.00382162
0.0135121
0.000317268
0.00203461
0.0122675
0.00854768
0.0048574
0.00367807
0.000760161
0.00483262
0.0112219
0.00307678
0.0017833
0.00196102
0.000518648
0.00113228
0.00238472
0.000211295
0.559992
0.00055229
0.474662
0.00550977
0.00208412
0.00278609
0.757852
0.0107074
0.0035942
0.00992413
0.00152352
0.00523952
0.62637
0.530427
0.533582
0.0136675
0.00139163
0.0146295
0.00427093
0.00264942
0.00153378
0.00748538
0.0102473
0.00131008
0.00144265
0.272913
0.00385897
0.00198497
0.0263693
0.00623403
0.00734636
0.00381617
0.00947051
0.00378524
0.000147153
0.00332356
0.000745565
0.448193
0.00864095
0.000596513
0.719122
0.543425
0.0108555
0.000754881
0.000347528
0.00763301
0.00266982
0.00104534
0.00566756
0.00198313
0.00057279
0.00697195
0.0302515
2.17141
0.00455145
0.0041385
0.00621933
0.00148448
0.00541648
7.74899e-05
0.0147014
0.00333505
0.0242357
0.725844
0.0111189
0.00468344
0.00156201
0.000294929
0.0011295
0.00324419
0.00599912
0.0153862
0.00195759
0.00452256
0.0059
0.470278
0.000831322
0.00357208
0.00205633
0.000924598
0.0035546
0.622851
0.00408898
0.0149881
0.00688436
0.00213336
0.607459
0.00853007
0.00825251
0.00685326
0.546597
0.00285148
0.0126903
0.0124854
0.0206294
0.0149605
0.0104975
0.0253143
0.00255647
0.0019341
0.000817392
0.000364667
0.00213758
0.000166824
0.00555888
0.000384915
0.000732539
0.00288172
0.000263071
0.00395036
0.0088102
0.0116683
0.0187845
0.00357617
0.0324726
0.00105901
0.000630873
0.0284989
0.00950584
0.00643444
0.0125664
0.00236463
0.0106789
0.00702088
0.0175596
3.1399
0.012223
0.0306459
0.00512592
0.0255799
0.0030903
0.071532
0.00825944
0.00237293
0.000518249
0.00731574
0.00484956
0.0109504
0.0119211
0.0144192
0.00771334
6.05807e-05
0.00377275
0.00357048
0.0113183
0.0175244
0.00664714
0.0184979
0.024634
0.00139125
0.0138843
0.00224186
0.00784486
0.0257787
0.00878024
0.00191445
0.00746544
0.0114973
0.0504761
0.0111733
0.000626246
0.0444539
0.0104802
0.00878991
0.00884706
0.0260187
0.0049509
0.0116067
0.00933557
0.0118822
0.00328316
0.0201424
0.000280875
0.0056996
0.00557769
0.000822408
0.00138269
0.0242948
0.00238808
0.00333194
0.00125804
0.0308291
0.00669839
0.0161248
0.0691193
0.0433664
0.604282
0.00891114
0.0302987
0.0122744
0.00780594
0.0145721
0.00125455
0.0310984
0.0133248
0.00234787
0.00614676
0.00187197
0.000817717
0.020128
0.00998343
0.0120662
0.0039079
0.0141609
0.00360629
0.0141549
0.0320209
0.00184336
0.00787899
0.00905365
0.00869196
0.00781369
0.00586292
0.00125
0.000546464
0.0338727
0.0246503
0.0197487
0.0433056
0.0168222
0.0175677
0.0108277
0.0228595
0.000302259
0.0245668
0.0113624
0.0117615
0.000662023
0.00530166
0.0191255
0.00492997
0.00791958
0.0032912
0.00195869
0.0154703
0.0568308
0.000533047
0.0116626
0.00977342
0.0137197
0.00948976
0.00732174
0.0075884
0.0169411
0.000251919
0.0177964
0.0332838
0.00229497
0.00605568
3.07887
0.00405006
0.0201239
0.015042
0.00308677
0.00713143
0.00105793
0.0506507
0.00987013
0.00857131
0.0210555
0.0237016
0.0168455
0.00900289
0.0135027
0.00657667
0.0305972
0.0432767
0.00655884
0.013359
0.0058418
0.0043131
0.00100794
0.0093854
0.00927356
0.0189502
0.00263369
0.000123302
0.0236374
0.00619
0.00436015
0.00589798
0.0152933
0.00163862
0.0388871
0.00960289
0.0122484
0.00982492
0.00612443
0.00481263
0.00928474
0.00817385
0.867046
0.005111
0.0258763
0.0244356
0.00619161
0.665414
0.0113343
0.00848809
0.0204983
0.0011845
0.759237
0.00157785
0.00539253
0.0019786
2.65552
1.16547
0.00412141
0.00384147
0.00389277
0.00253232
0.00858742
0.010265
0.0110398
0.0161466
2.77588
0.0054831
0.00582279
0.0128487
0.00247446
0.00944987
0.0254207
0.0324202
0.0136569
2.20327
0.0281262
0.00706463
0.00540946
0.00533915
0.00493607
0.0198991
0.00485769
0.0122969
0.00623808
0.00146601
0.00180748
0.00109912
0.00409144
0.00557634
0.00061159
0.00555458
0.0395973
0.00467482
0.0100164
0.0136327
0.723206
0.0220687
0.000430372
0.0191175
0.000836068
0.00350197
0.0126562
0.0108022
0.00297679
0.00594925
0.00865158
0.00387229
0.00702778
0.00126583
0.0133753
0.00326429
0.00319701
0.0200253
0.00186156
0.00624447
0.00219408
0.00274803
0.00597104
0.006121
0.00297204
0.00102714
0.000573973
0.00824492
0.013367
0.0108652
0.000872489
0.0128742
0.000266102
0.00552825
0.00246706
0.0424823
0.00881606
0.38454
0.00541934
0.001104
0.00653918
0.0084507
0.004218
0.0104963
0.000505664
0.0179079
6.04318e-05
0.0184626
0.00316218
0.00308147
0.0188981
0.000842312
0.000549939
0.000346559
0.0165703
0.0114716
0.00689453
0.00439785
0.00226517
0.0194019
0.0020076
0.00106526
0.00227964
0.00624933
0.00143518
0.00548452
0.0650546
0.00151625
0.00126764
0.00487466
0.00578835
0.00104726
0.00334274
0.0162689
0.00163887
0.00371405
0.0121278
0.00784395
0.00714388
0.0435682
0.0258861
0.000876869
0.00649872
0.0141932
0.0129351
0.414825
0.000418841
0.00230359
0.00194362
0.751613
0.00910373
0.0380586
0.000181658
0.00238044
0.000258647
0.00353739
0.3761
0.0214819
0.00141947
0.000806671
0.00453696
0.00114474
0.0176316
0.0150565
0.00135815
0.00305915
0.00214813
0.00190113
0.0134694
0.000761571
0.0023842
0.0118067
0.000162444
0.00549862
0.00135528
0.00820624
0.00937407
0.0100911
0.000502915
0.00444197
0.000279572
0.319715
0.00300595
0.0130752
0.00370129
0.00507023
0.3957
0.731605
0.00560577
0.00131089
0.000328497
0.000838641
0.0219034
0.00176314
0.0228853
0.00128119
0.00188538
0.594332
0.000714924
0.00301543
0.00246832
0.00273403
0.000714454
0.00185689
0.00324023
0.000108622
0.00032379
0.00392237
0.0110237
0.000143206
0.00404609
0.00282421
0.572383
0.00573124
0.00978638
0.0379834
0.000270515
0.0194755
0.00152182
0.00610392
0.0059903
0.0017175
0.00357777
0.00844569
0.0145447
0.011904
0.00218104
0.00120283
0.0249635
0.000783523
0.0130331
0.0045072
0.0223549
0.0256991
0.0184282
0.00405445
0.00386843
0.0153204
0.0306071
0.0158114
0.024866
0.000767484
0.01453
0.0222486
0.00488934
0.00739021
0.00439137
0.000109573
0.0304632
0.00611521
0.0142071
0.0049697
0.0396101
0.00645159
0.0126525
0.00535137
0.00350472
0.00972713
0.00638942
0.00357548
0.0119324
0.00134901
0.00435985
0.00132562
0.0141318
0.00148503
0.00319233
0.00060335
0.00380919
0.00469409
0.00164609
0.00262143
0.00508669
0.00128236
0.00563405
0.0024628
0.000452777
0.00310186
0.000960071
0.0110912
0.0030636
0.00116953
0.00139428
0.0149934
0.00017615
0.0297504
0.0046279
0.00489346
0.0105016
0.00158407
0.00524874
0.0016335
0.00398772
0.00539608
0.0171734
0.00867901
0.00297437
0.0011533
0.00410601
0.00490462
0.0047694
0.0167012
0.000823902
0.0264081
0.0299868
0.0093439
0.0102606
0.00149827
0.00507305
0.0044923
0.0135966
0.000429606
0.00482561
0.00399286
3.03023
0.0125856
0.00826137
0.0103359
0.00177165
0.00278275
0.000960876
0.0157944
0.0011787
0.00284641
0.00143506
0.00310978
0.0141447
0.0148007
0.00110278
0.00260417
0.00311776
0.00737617
0.0204223
0.0314794
0.00141417
0.00731188
0.00401912
0.00257782
0.00573174
0.000103502
0.00222236
0.0127437
0.00327674
0.0608953
0.00361228
0.00196418
0.00205307
0.0271537
0.00549222
0.00734449
0.00257311
0.00399007
0.0174857
0.00826239
0.015419
0.00554857
0.000546822
0.00546394
0.00324301
0.00162012
0.00222303
0.0209286
0.00607742
4.76562e-05
0.00382044
0.0021628
0.010583
0.00311444
0.0163136
0.014355
0.000929908
0.041501
0.0176832
0.00465802
0.0136155
0.0304988
0.000488268
0.000913885
0.00772837
0.0440006
0.00262316
0.076983
0.0109758
0.00690294
0.00634865
0.000399319
0.0128483
0.00353678
0.0240869
0.00636934
0.0032854
0.0097316
0.000792746
0.00696601
0.00808635
0.00808211
0.00377128
0.00176334
0.0218951
0.00941882
0.00115363
0.00332673
0.00791156
0.000450991
0.000917644
0.0156347
0.00101976
0.00227421
0.0027977
0.00633026
0.0050418
0.00494417
0.00986669
0.00266282
0.00174723
0.000350639
0.000884563
0.00455701
0.0164007
0.000400071
0.00983142
0.000592651
0.00300881
0.0059
0.0178187
0.00188316
0.0125955
0.00222392
0.00559366
0.00787591
0.00872851
0.00413676
0.00429193
0.00601004
0.0029805
0.00355112
9.08148e-05
0.0210984
0.00102697
0.00548952
0.00535453
0.00745127
0.00497553
0.00364867
0.000281274
0.00906408
0.00581998
0.000598387
0.000892134
0.0180588
0.0105838
0.00650086
0.00645851
0.00311464
0.000836592
0.00019642
0.00637393
0.00375034
0.000263969
0.00106845
0.00137454
0.00474752
0.00675389
0.0111981
0.00271617
0.00564783
0.132042
0.0104418
0.0002754
0.00413933
0.00258832
0.00558789
0.00715585
0.00487077
0.00408138
0.010255
0.0130027
0.00127846
0.0033018
0.0407945
0.0114602
0.00020379
0.00139368
0.00447586
0.000114678
0.00263015
0.000871155
0.00285909
0.0105981
0.00471279
0.00500644
0.019092
0.00101823
0.00524925
0.0037982
0.000210648
0.00790257
0.0050505
0.00463702
0.0133834
0.00358888
0.00177472
3.1162
0.00298194
0.000449011
0.00137715
0.0155122
0.000827862
0.00590554
0.00331578
0.0137125
0.0095806
0.0193864
0.00338501
0.00110474
0.020574
0.00185458
0.00191527
0.000177731
0.0150984
0.00183074
0.00183318
0.449737
0.00720253
0.00158589
5.50462e-05
0.00177562
0.0114356
0.0124358
0.00482675
0.00554756
0.0285132
0.00147625
0.00311911
0.0172243
0.0174545
0.000385714
0.586841
0.00435668
0.0064231
0.0101435
0.00671871
0.00716798
0.00275792
0.00679794
0.00653544
0.000926565
0.0239778
0.00430707
0.0063415
0.000620847
0.0459743
0.00620658
0.00254161
0.000844218
0.00355675
0.0414343
0.00126245
0.00373938
0.00456278
0.000743078
0.0236356
0.0357123
0.00608707
0.0058263
0.000723079
0.00165314
0.00168371
0.00123612
0.00299917
0.032261
0.00532332
0.0152939
0.00523427
0.0180934
0.00195326
0.00390016
0.00403998
0.000554208
0.00169809
0.00575191
0.726272
0.000878123
0.00343557
0.682423
0.0013118
0.0134677
0.00769411
0.00171347
0.0055755
0.011286
0.00178907
0.0309517
0.0270927
0.669296
0.00218
0.00148994
0.000139153
0.000319649
0.00315832
6.92572e-05
0.000573445
0.00264926
1.00137
0.00863781
0.0333104
0.0125517
0.0155259
0.0161939
0.0061593
0.00384018
0.00861649
0.000893255
0.0124281
0.00492427
0.00409219
0.00457636
0.00195505
0.0241336
0.00436233
0.00576564
0.00542704
0.00389096
0.00195114
0.00633036
0.00463178
0.0137921
0.00811774
0.00457482
0.00162268
0.000481556
0.0243889
0.0116076
0.00666686
0.00525076
0.00684325
0.000136645
0.004725
0.0080764
0.00501834
0.00113654
0.00456397
0.010269
0.00614892
0.00450197
0.00649187
0.0010913
0.00343417
0.00892986
0.00781256
0.00224135
0.00266871
0.00519931
0.00124849
0.00341552
0.0237436
0.00372396
0.00641273
0.00169305
0.0029901
0.00222283
0.00576714
0.00091082
0.00415056
0.00312946
0.00115459
0.00254207
0.00333172
0.00117788
0.0106143
0.396317
0.00501012
0.00394179
0.00282607
0.000333866
0.000481613
0.00308365
0.0195043
0.00152178
0.0287864
0.00592674
8.33799e-05
0.00203897
0.00150239
0.0103246
0.00405827
0.00211996
0.00240989
0.00501968
0.00609274
0.00230312
0.0121252
0.00805607
0.000612761
0.00188722
0.00362885
0.00201583
0.00980001
0.00871669
0.00304071
0.00143079
0.010666
0.015438
0.000922194
0.00174818
0.00188246
0.000922238
0.00141161
0.00838596
0.000554738
0.00249954
0.002235
0.00417191
0.0048542
0.000923981
0.000550506
0.000430343
0.00367901
0.0112896
0.00101333
0.000776286
0.0253412
0.00241153
0.171744
0.00390667
0.0005903
0.00292173
0.00804599
0.000646225
0.000444253
0.000311311
0.000284423
0.000987512
0.00299185
0.000758094
0.00288076
0.00178998
0.00460537
0.000245963
0.00381843
0.00190764
0.000376135
3.12238
0.0167636
0.00205345
0.0043086
0.00145024
0.000479214
0.00251627
0.00832018
0.59776
0.00615501
0.00559844
0.000377805
0.0094748
0.000138561
0.0142057
0.00729555
0.00248347
0.0130895
0.000336091
0.00220723
0.00137425
0.000619914
0.00137914
0.0299839
0.0013291
0.00026855
0.0036603
0.00224375
0.00190241
0.00013276
0.00408744
0.000378217
0.00868677
0.00944377
0.000472985
0.0309688
0.0993247
0.003686
0.00167564
0.00476263
0.012085
0.0221473
0.000281089
0.000721853
0.00336431
0.00204729
0.0262879
0.0263597
0.00122364
0.0024061
2.74679e-06
0.000595945
0.0010142
0.00277453
0.418899
0.0114721
0.00177869
0.00266732
0.00153129
0.00722671
0.0089349
0.0371079
0.0105712
0.00496248
0.00965518
0.313963
0.677853
0.0249407
0.0065542
0.0013737
0.00593382
0.0170772
0.0101381
0.000922388
0.000143933
0.00259595
0.00178793
0.00197171
0.0067188
0.00287641
0.00503969
0.00239199
0.00268696
0.987868
0.00455569
0.00249421
0.00170875
0.00751914
0.00480157
0.00984517
0.009562
0.0141248
0.00165713
0.000930653
0.000218661
0.0028928
0.0050308
0.0111687
0.659781
0.0220671
0.0187781
0.00467842
0.00531431
0.0153641
0.00411628
0.00545131
0.00372974
0.00112478
0.00226766
0.00831749
0.00111595
0.00312607
0.0121136
0.0249287
0.00888672
0.000224876
0.00143046
0.00159674
0.000747952
0.000705023
0.000767817
0.00209201
0.000124421
0.00326219
0.00086025
0.000978493
0.0214415
0.00125142
0.00625783
0.0143868
0.00234327
0.00128571
0.0121029
0.00237884
4.94855e-05
0.00357289
0.0121087
0.0145914
0.00149262
0.000718235
9.87045e-05
0.00430356
0.00663556
0.00287737
0.000576669
0.00239312
0.00347921
0.00516389
0.498204
0.00312216
0.000684239
0.00335452
0.0017572
0.0156142
0.00330789
0.000500981
0.000274894
0.00359294
0.00518567
0.004224
0.000941727
0.00937298
0.00414133
0.00255644
1.11526
0.0232063
0.00258937
0.00924062
0.00247791
0.0111616
1.0312
0.00326523
0.00792345
0.00271087
0.00120697
0.00492779
0.000550286
0.0138363
0.0333384
0.00260453
0.584614
0.00662759
4.0867e-05
0.00215514
0.529437
0.0120823
0.0126323
0.00412534
0.00563997
0.0041079
0.00692268
0.00157926
0.00249774
0.00578758
0.0149261
0.00536542
0.00685893
0.00560403
0.00316746
0.000152864
0.00769602
0.00324846
0.0022125
0.0144377
0.00954994
0.0057591
0.00508122
0.00522511
0.00348042
0.0154051
0.00463568
0.149875
0.0130885
0.0260349
0.000806405
0.00944497
0.00468704
0.00588824
0.0186078
0.000582113
0.580995
1.12121
0.0143952
0.00183022
0.00407381
0.0190469
0.00796828
0.00473515
0.00571332
0.00203313
0.0136014
0.0095966
0.0122192
0.0283015
0.00271187
8.95678e-05
0.00863905
0.867914
0.000495724
0.0136416
0.00355392
0.0106733
0.0148715
0.00724259
0.023281
0.0208324
0.010802
0.0156931
0.000264877
0.0139635
0.00126392
0.00239515
0.00306681
0.0023159
0.000726815
0.000975395
0.000913624
0.0196618
0.00308839
0.0249113
0.00057524
0.00432955
0.000270694
0.00533323
0.00101768
0.000308004
1.30502
0.000240042
0.728981
0.542657
0.00177854
0.000748229
0.00525803
0.00683922
0.00189667
0.00583087
0.00704479
0.00599094
0.570557
0.436571
0.00164425
0.0059128
0.00209182
0.0140613
0.012175
0.00628204
0.531177
0.420712
0.00684866
0.000661859
0.00337104
0.15265
0.00415264
0.00640726
0.0106059
0.000188553
0.660423
0.408798
0.012004
0.0033267
0.0143813
0.00493953
0.00118477
0.000529234
0.0139523
0.00324883
0.329082
0.00179867
0.00131869
0.549444
0.00385731
0.000468593
0.00955798
0.000610799
0.169254
0.0207339
0.176102
0.00406498
0.00402809
0.0132
0.00675651
0.00469929
0.00214975
0.000209552
0.144643
0.713509
0.501807
0.246401
0.0195781
0.0141923
0.00609289
0.0016273
0.00133911
0.0070501
0.000890825
0.403515
0.00195516
0.00603323
0.000109888
0.638124
0.270079
0.00143674
0.0070758
0.00409366
0.0014186
0.00366892
0.00279648
0.35676
0.00797703
0.00389494
0.00776918
0.0031442
0.0103327
0.493007
0.00691686
0.0224621
0.00224954
3.38206e-05
0.574863
0.00835815
0.00276525
0.745805
0.0109276
0.335943
0.0045797
0.142396
0.0115054
0.000915174
0.000172911
0.0153014
0.0913003
0.00236348
0.00297682
0.0341127
0.186782
0.207672
0.0113666
0.00330026
0.00203733
0.0130796
0.460115
0.00203915
0.00258025
0.0152545
0.000610128
0.00435464
0.00313655
0.00285004
0.00547609
0.00701362
0.450428
0.00234502
0.00929187
0.00319324
0.00189258
0.000717952
0.00429954
0.00185935
0.00605777
0.00371062
0.0219575
0.000839854
0.00836045
0.531651
0.00269221
0.00596931
0.024717
0.293945
0.0401877
0.0196681
0.346777
0.000731168
0.0237222
0.0236613
0.0398072
0.0106864
0.0050167
0.00637669
0.00108494
0.0122177
0.00090307
0.00475548
0.0057745
0.0092676
0.0068522
0.0284609
0.00192037
0.004128
0.0279222
0.00928592
0.0107427
0.0565365
0.00358495
0.0125667
0.00506687
0.013891
0.0074301
0.0429268
0.00671003
0.0278438
0.00706276
0.00983399
0.0224747
0.00215184
0.000323308
3.66027e-05
0.00843781
0.000581411
0.00318198
0.00930872
0.0123361
0.00240675
0.0240214
0.0285063
0.00195069
0.00646616
0.00139418
0.00138743
0.00129125
0.0182745
0.00487272
0.00208898
0.0127381
0.0015123
0.0070289
0.526292
0.00837642
0.0210552
0.0036298
0.0125758
0.00588014
0.0231418
0.012669
0.0165063
0.00895258
0.000421173
0.00296055
0.00263966
0.0533048
0.00774823
0.0224493
0.0217881
0.0123869
0.00727698
0.000414191
0.0107794
0.0197505
0.00918942
0.00129957
0.00289649
0.00536562
0.0447376
0.00930819
0.0220034
0.020116
0.00787937
0.00548173
0.00113169
0.011497
0.0039434
0.00134948
0.00326341
0.547031
0.00728451
0.000627987
0.00680109
1.14679
0.0218179
0.0086911
0.0162512
0.00206867
0.0250488
0.00571807
0.00414183
0.00318915
0.019254
0.0148355
0.00959995
0.0140574
0.000760877
0.0137579
0.00852742
0.00645991
0.00436659
0.00016759
0.00766652
0.0105314
0.00520341
0.00389108
0.00375265
0.00575093
0.523318
0.00534987
0.0126212
0.00811464
0.00590013
0.000699787
0.00554283
0.00101771
0.0176798
0.0140989
0.00339689
0.00679666
0.0166938
0.00495206
0.00360924
0.000237749
0.00127315
0.00921778
0.00302497
0.00268557
0.000847969
0.79904
0.0125808
0.00225414
0.0145808
0.00767848
0.0139277
0.0235507
0.00175306
0.0174295
0.00629847
0.0120516
0.00214977
0.00575841
0.00668704
0.0163478
0.00550562
0.0143598
0.0016612
0.00435661
0.0331183
0.000442597
0.68692
0.419277
0.381009
0.00664701
0.0059507
0.0197891
0.0186408
0.0144475
0.00589944
0.00395895
0.00208099
0.00071471
0.00128224
0.0229984
0.0123247
0.00381727
0.511679
0.00496532
0.000160087
0.529778
0.0100347
0.478166
0.0140341
0.0084101
0.455484
0.00385749
0.024904
0.000465664
0.0107037
0.0160902
0.75666
0.00274385
0.0120986
0.00953888
0.508195
0.00371459
0.0129678
0.00177331
0.00905921
0.000797419
0.0128037
0.00901605
0.00474074
0.0153412
0.00992485
0.00366555
0.638736
0.0425681
0.018117
0.00708991
0.00477938
0.00307235
0.00831168
0.0125306
0.58425
0.00263781
0.0063511
0.0227961
0.00997287
1.3117
0.013267
0.00616979
0.00474651
0.00963161
0.00759684
0.0257359
0.00217122
0.00105013
0.0157044
0.608469
0.0118777
0.00279081
0.00331581
0.0330829
0.000648624
0.0127031
0.00621965
0.0130205
0.00836868
0.00045584
0.0207363
0.0117571
0.0122029
8.84055e-05
0.00349568
0.0172301
0.00621071
2.45327
0.0135612
0.00637016
0.00697253
0.00503522
0.220912
0.019904
0.0281808
0.00752182
0.00926654
0.0111264
0.00309253
0.605263
0.00858981
0.00723433
0.00132367
0.0117277
0.0230453
0.450514
0.00747135
0.013533
0.0150214
0.00330885
0.0092308
0.0111799
0.000361893
0.00920001
0.0271486
0.00203607
0.0255334
0.00846669
0.00539949
0.0150482
0.00903894
0.480094
0.00610628
0.00150009
0.00255933
0.0122171
4.34975e-05
0.00376694
0.0132669
0.000988932
0.00152626
0.0156037
0.00386896
0.00571431
0.00184757
0.00746534
0.0129206
0.00677408
0.0476398
0.0085217
0.0162463
0.00125964
0.00257484
0.00601765
0.012369
0.0004028
0.00768945
0.00257993
0.00139878
0.000881871
0.00492748
0.396693
0.00393257
0.0194522
0.0109147
0.00485146
0.00520575
0.00172156
0.00139863
0.00451668
0.000459566
0.00624036
0.00779096
0.0210772
0.00146726
0.00352895
0.00359856
0.0120626
0.00788522
0.00235002
0.0188931
0.000457401
0.0321142
0.015849
0.000428202
0.00228537
0.03421
0.0049368
0.00558191
0.00112049
0.000930819
0.0205548
0.0027744
0.00110843
0.000484349
0.00663823
0.000459304
0.00523804
0.000364223
0.00518581
0.017227
0.00192647
0.0132649
0.00385716
0.0144385
0.0136626
0.0120134
0.0229581
0.0334709
0.00789494
0.00174841
0.0206841
0.00348894
0.00572858
0.00129566
0.00683018
0.00553973
0.00860644
0.0111555
0.0114042
0.00154822
0.00204319
0.00215212
0.0030458
0.00273172
0.000107108
0.0132437
0.00837087
0.00492689
0.00640166
0.000978302
0.00334149
0.352268
0.0042422
0.00157051
0.00967788
0.000692259
0.000297541
0.00748107
0.00200983
0.00814538
0.00773934
0.000167828
0.00332793
0.017254
0.00370286
0.00902735
0.100954
0.00417358
0.629808
0.0287056
0.000233794
0.015636
0.000686652
0.0021791
0.00281408
0.00742688
0.000906059
0.00778948
0.00392447
0.00064555
0.00329736
0.00434146
0.000856521
0.0017841
0.00144822
0.00532172
0.0139229
0.00158073
0.000203143
0.00463016
0.00423031
0.00441065
0.00206595
0.00550289
0.00872843
0.010384
0.00737014
0.00283145
0.00259874
0.00782637
0.00910177
6.35454e-05
0.0177633
0.633213
0.0147228
0.0067887
0.000659245
0.00749652
0.00104061
0.00909005
0.00836076
0.00486673
3.12031
0.0124786
0.0172293
0.00501832
0.0143525
0.0119091
0.00204847
0.00494436
0.0228322
0.00866031
0.00472324
0.0061793
0.00257468
0.00164442
0.00255644
0.00202759
0.00116652
0.00900352
7.87892e-05
0.00483761
0.00745355
0.0159955
0.00456034
0.00692485
0.00987113
0.00659905
0.0108766
0.00546096
0.00449577
0.0109381
0.00211648
0.00560943
0.00172531
0.0030811
0.0045971
0.00355026
0.00798509
0.0061104
0.00064603
0.0119736
0.00281838
0.000710773
0.022188
0.00266647
0.00416999
0.00116835
0.00403425
0.0168082
0.00886975
0.00454244
0.0163271
9.90226e-05
0.000473393
0.00228762
0.000246092
0.00210921
0.00205816
0.00552754
0.01661
0.00745729
0.00018189
0.0104896
0.0046349
0.00126488
0.0256002
0.00522993
0.014119
0.00677699
2.45967
0.000666172
0.00888323
0.00210112
0.00264916
0.0129478
0.000836062
0.00097434
0.010111
0.0126239
0.0162594
0.0204455
0.00854843
0.0105496
0.0099448
0.00523552
0.0125981
0.00320079
0.00516319
0.0141892
0.000191108
0.516468
0.0136497
0.00260555
0.000305381
0.00502439
0.00299934
0.0104012
0.000317491
0.802309
0.0201328
0.00186567
0.0193211
0.00610174
0.0238486
0.0280897
0.387827
0.0115198
0.00243684
0.00391678
0.0161336
0.00685874
0.00257438
0.00240226
0.00240502
0.00457535
0.00803492
0.0109533
0.00210162
0.00459826
0.000449665
0.00356269
0.00937647
0.012328
0.0021434
0.475186
0.00192567
0.00553182
0.0068747
0.00852194
0.00198659
0.000571862
0.00176749
0.000850761
0.449568
0.00358971
0.0107421
0.000951614
0.000290543
0.00314005
0.000278882
0.00250705
0.00322054
0.00707723
0.00340978
0.00606809
0.45646
0.00517046
0.000533851
0.00949826
0.00167635
0.236836
0.00252402
0.0031616
0.00962938
0.00155543
0.00145604
0.240882
0.00503435
0.00157893
0.469165
0.00295481
0.635942
0.00287598
0.0041339
0.002204
0.007506
0.00175764
0.0134113
0.00895693
0.0052028
0.00559144
0.00136785
0.00722639
0.00278656
0.0181361
0.0073441
0.00174661
0.343706
0.00300121
0.0554793
0.00612722
0.00699117
0.000919961
0.0107578
0.00573308
0.00225782
0.00431438
0.0111375
0.00377144
0.0028881
0.00909473
0.00764174
0.00969062
0.0225607
0.00150046
0.0037189
0.000906798
0.0106362
1.49011
0.00586266
0.00259666
0.010071
0.00870258
0.00429371
0.00104686
0.00355
0.0047831
0.218137
0.0151869
0.204029
0.286464
0.00164826
0.00697196
0.000949742
0.366176
0.00540959
0.0122226
0.416517
0.531213
0.00318331
0.00090374
0.00969448
0.00148989
0.00405844
0.00343458
0.0125748
0.0118021
0.00272947
0.0175164
0.00710439
0.00592966
0.0180395
0.00854358
0.0168706
0.686806
0.0102642
0.00177438
0.255186
0.000112707
0.00458125
0.00451045
0.00588542
0.00361427
0.0258507
0.000646288
0.0105721
0.00393197
0.00764866
0.00077518
0.00332309
0.00359688
0.00583984
0.0157615
0.0103976
0.016709
0.00625935
0.00927593
0.00410249
0.00279319
0.00306303
0.537251
0.498276
0.00360065
0.00403221
0.0131535
0.0106398
0.00803834
0.00518901
0.00543223
0.00671646
0.0153522
0.00361835
0.0108027
0.0370268
0.014302
0.00709716
0.00958419
0.0181091
0.00042556
0.0044002
0.00419977
0.0131017
2.16494e-06
0.544978
0.0160216
0.00359051
0.00645598
0.00489344
0.00143468
0.727715
0.00480905
0.480107
0.826075
0.00084081
0.013452
0.0657409
0.0142263
0.00547198
0.00940069
0.00680015
0.0203875
0.00950575
0.0193194
0.00726373
0.00229957
0.0334036
0.0145202
0.0064737
0.0108173
0.00473821
0.000709722
0.0040489
0.0122005
0.0184495
0.00880843
0.00564815
0.000195604
0.099848
0.0351927
0.00851245
0.0182413
0.0149115
0.0100565
0.052231
0.0147305
0.0074667
0.053657
0.00373695
0.0223603
0.00260082
0.00647296
0.012326
0.0136493
0.00811917
0.00889758
0.0199477
0.0248056
8.49155e-05
0.000871625
0.0103905
0.00527303
0.00919469
0.0107026
0.00260749
0.0444562
0.0131733
0.00119672
0.0164774
0.0106042
0.0324671
0.0184588
0.0130074
0.00508316
0.00182248
0.011138
0.00846173
0.0194489
0.00804781
0.00705455
0.00541948
0.023588
0.0104007
0.00652554
0.0113388
0.00232654
0.0330746
0.00169341
0.000646024
0.00666562
0.0156758
0.0180509
0.0127093
0.00657308
0.00377467
0.0146023
0.00753883
0.00871252
5.00452e-05
0.0153106
0.00768949
0.012796
0.0293376
0.00268525
0.0111701
0.000671522
0.0108835
0.0121751
0.0107138
0.00146373
0.0226732
0.00750305
0.00512532
0.0297363
0.0144297
0.0186598
0.00242483
0.0491593
0.0201204
0.0224257
0.00305094
0.0114373
0.0260007
0.0188924
0.0187567
0.00142662
0.00769203
0.00778191
0.00546627
0.0261763
0.00231519
0.00775095
5.56535e-06
0.00754114
0.0275296
0.00895012
0.0999608
0.0085953
0.0100821
0.0299563
0.00227131
0.00771323
0.0011557
0.033256
0.0461667
0.00976766
0.0101697
0.0310992
0.000943257
0.00750371
0.0441415
0.000783621
0.00415075
0.0358827
0.0128281
0.0812795
0.00710219
0.00573992
0.0115465
0.0117461
0.0189171
0.00380609
0.00311203
0.00646422
0.0623637
0.00819626
0.01696
0.0128818
0.00836539
0.00902455
0.00730717
0.00248295
0.0121821
0.00910845
4.84173e-05
0.000812891
0.00391439
0.0195479
0.0085797
0.0163202
0.0068856
0.0205901
0.0320643
0.00148943
0.0225602
0.000103809
0.0131701
0.00545146
0.00686155
0.0169639
0.522074
0.00262578
0.000433391
0.00731841
0.000346163
0.00579283
0.015033
0.00432151
0.0153516
0.00440213
0.00912076
0.00295471
0.0023916
0.0249128
0.00556198
0.0168559
0.0202293
0.0332608
0.00625748
0.0115615
0.00648418
0.000557112
0.00320541
0.00868671
0.00549239
0.00300629
0.00826141
0.00621877
0.00611592
0.00590512
0.00208557
0.0188006
0.000160966
1.75454
0.00218975
0.0141494
0.000265083
0.000405993
0.00419865
0.00272669
0.00167063
0.00539318
0.0113365
0.00775401
0.0122534
0.00918781
0.0194071
0.00613812
0.0153663
0.00604073
0.00768481
0.00641784
0.00745164
0.00482092
1.06084
0.00801147
0.010336
0.0167169
0.00323758
0.00712216
0.0118577
9.5638e-05
0.00328107
0.0150445
0.00105645
0.00252097
0.00399491
8.17053e-05
0.000700282
0.000203914
0.00456517
0.000147771
0.00209474
0.0135719
1.8123e-05
0.00138228
0.00883627
0.0176781
5.63192e-05
0.00213787
5.89437e-05
0.00104563
0.00866211
0.0029963
0.000399429
0.00341016
0.000317936
0.000590175
0.0163389
0.00750664
0.00643093
0.621344
0.0106853
0.00496392
0.00469951
0.0138734
0.00995577
0.0020343
0.00700618
0.00503914
0.00276708
0.00455507
0.00307155
0.0217909
0.00926768
0.00287177
0.00423813
0.0183595
0.00679748
3.14047
0.0015591
0.00345795
0.00300245
0.000696565
0.00154073
0.000657828
0.00393346
0.0105754
0.00170336
0.00115543
0.00859625
0.000436565
0.00414328
0.00190703
0.000362292
0.0102267
0.00567609
0.000335899
0.0130835
0.00206514
0.00273144
0.0106272
0.000261866
0.00216438
0.000204744
0.000429899
0.00123282
0.0109693
0.00109688
0.00392408
0.0017494
0.00574689
0.0248979
0.00121425
0.000637052
0.0123
0.000494072
0.00200956
0.00130899
0.00412737
0.0013657
0.00595581
0.695364
0.00102901
0.00698284
0.00848554
0.00256287
0.0123847
0.00731497
0.00220844
0.002364
0.0378261
0.00026171
0.00250512
0.000844538
0.00165409
0.000706768
0.00182102
0.0018198
0.00472205
0.015103
0.00257029
0.0147049
0.00174176
0.00150805
0.0157748
0.000486844
0.00978916
0.00124903
0.000771573
0.00292179
0.00352516
0.00343593
0.599056
0.0127647
1.81697e-05
0.00602669
0.000551107
0.000487541
0.000198174
0.00140491
0.000917103
0.0104325
0.0102847
0.0113339
0.00816867
0.305933
0.0044714
0.00012413
5.80962e-05
0.00043013
7.95585e-05
0.0130968
0.000381477
0.00826415
0.000356688
0.000410531
0.000408367
0.00502245
0.0026991
0.00446232
0.00391556
0.0146988
0.00390502
0.00501807
0.00576519
0.000529735
0.00125677
0.00980285
0.00114897
0.00135337
0.0132616
0.000338221
0.000631957
0.0195537
0.00287252
0.00654757
0.000763096
0.00907493
0.00258788
0.002664
0.00386511
0.00384749
0.00464299
0.00249949
0.0116775
0.0137518
0.00524989
0.00189527
0.000338082
0.00465566
0.0065085
0.0115028
0.00410226
0.00267098
0.00524487
0.00280492
0.000102113
0.00394995
0.0181778
0.0107313
0.00263501
0.0135777
0.000486558
0.0092579
0.00367857
0.00678923
0.00387973
0.046469
0.00283053
0.00625321
0.000120555
0.00155936
0.00815438
0.00494131
0.00108348
0.000222146
0.00505436
0.0180764
0.0024027
0.006654
0.0065095
0.0030059
0.00344829
0.00282029
0.00900035
0.0064024
0.00803508
0.0012527
0.00143956
0.0225424
0.00614797
0.00575941
0.00600142
0.000582219
0.00126003
0.03861
0.0144947
0.00317387
0.00875788
0.00680436
0.0161819
0.00022039
0.0131688
0.00319618
0.00532638
0.00202668
0.0150526
0.00401444
0.00208349
0.00225503
0.00387997
0.0205365
0.0173127
0.294802
0.0018605
0.000735569
0.0032206
0.0227006
0.0056481
0.0269457
0.00832767
0.00886189
0.00314797
0.00105247
0.0026908
0.00160609
0.00481705
0.00062396
0.00441331
0.00647144
0.0253239
0.0201078
0.00175038
0.0117139
0.0133628
0.00505356
0.00742103
0.015608
0.00138073
0.00479467
0.00302102
0.00245126
0.0045039
0.0199445
0.0063156
0.00495172
0.0212468
0.00539765
0.00700818
0.00078814
7.27119e-05
0.0024999
0.00135226
0.00534733
0.0116699
0.00742534
0.00351702
0.00449103
0.00297972
0.00296503
0.00775171
0.00157278
0.00307095
0.00450133
0.0109995
0.00399853
0.0114001
0.00595029
0.0109577
0.0819764
0.0145454
0.0053847
0.00105784
0.000270832
0.00394517
0.00523682
0.00734986
0.00548951
0.00182683
0.0101021
0.000890046
0.00790557
0.00487299
0.000120538
0.00294732
0.0040101
0.000350084
0.00396863
0.000662118
0.0150237
0.000326688
0.00627849
0.00115007
0.000359831
0.000365788
0.00347227
0.00618793
0.000123969
0.00180729
0.00281979
0.00373908
0.00897603
0.00799199
0.00110445
0.0104293
0.00301417
0.0142241
0.006934
0.000956557
0.0039432
0.0027471
0.0184502
0.00767763
0.00411114
0.00308309
0.00432257
0.00309676
0.0036936
0.00564595
0.00885006
0.000677206
0.0200411
0.00986284
0.00257826
0.00325035
0.00292964
0.00653745
1.15677
0.0054954
0.000405242
0.00585872
0.0029963
0.00232418
0.0130081
0.00373003
0.0035243
0.00209942
0.640473
0.019153
0.00163961
0.0082971
0.0198021
0.0112382
0.00885497
0.00421154
0.00147415
0.0105563
0.00239802
0.0120618
0.0370944
1.07234
0.00208942
0.00299672
0.0067372
0.0329242
0.00995826
0.0123133
0.00556014
0.0342421
0.00147588
0.00376641
0.00605012
0.00494106
0.010962
0.00935037
0.00714458
0.0031624
0.00284969
0.000514709
0.00635973
0.00085753
0.0226607
0.00272492
0.00655298
0.00647802
0.00642049
0.00341505
0.00344505
0.00225184
0.0103169
0.000412764
0.038136
0.00829551
0.000729171
0.000266332
0.00602069
0.00772876
0.00760466
0.00166602
0.00217607
0.00973445
0.00571539
0.00637751
0.00154363
0.00357814
0.00624111
0.00879334
0.020321
0.249767
0.00391302
0.00771598
0.0080748
0.0048089
0.00339663
0.5415
0.489017
0.00346105
0.0167416
0.00151878
0.407834
0.00420907
0.413891
0.534436
0.0326256
1.43667
1.18861e-05
0.000503139
0.00534005
0.940532
0.00672391
0.0119423
0.0064746
0.00461273
0.000637507
0.000586801
0.00369964
0.534589
0.00358865
0.00689996
0.00882304
0.0106695
0.772309
0.763556
0.00443555
9.60626e-05
0.0106238
0.0123198
0.0141376
0.00458715
0.0029887
1.36977
0.00252101
0.0111458
0.0032781
0.0091447
0.00310686
0.00216081
0.000617232
0.308035
0.00828858
0.0129895
0.0253502
0.00663204
0.00217724
0.00410249
0.000762897
0.0114346
0.00641091
0.0083586
0.518725
0.00311092
0.0116798
0.0071707
0.0031537
0.0102472
0.001341
0.00643771
0.0101426
0.00598529
0.00661737
0.0108977
0.199186
0.000593691
0.0079055
0.00729392
0.00268916
0.00217264
0.0246379
0.314741
0.00776164
0.00509184
0.000158818
0.0152622
0.0142644
0.00478477
0.00522781
0.00734765
0.0126257
0.00046937
0.00727718
0.00427962
0.0111639
0.00845809
0.0135626
0.863543
0.0161739
1.48449
0.000315152
0.0032698
0.00956686
0.000557522
0.15648
0.00437986
0.00232132
0.00117604
0.00227916
0.00572521
0.286984
0.00395947
0.755233
0.565325
0.00707641
0.00975575
0.0236309
0.0025709
0.00974304
0.00348116
1.40803e-05
0.00414604
0.00981898
0.000893877
0.00393735
0.00107735
0.0930943
0.00634148
0.0305125
0.00888149
0.00406113
0.00284058
0.0400717
0.0155139
0.00731987
0.000593365
0.0196499
0.045706
0.00220708
0.00779322
0.0209412
0.000342708
0.0140409
0.00794843
0.0108753
0.0362249
0.0129621
0.0217316
0.0149932
0.0207855
0.0109306
0.00922879
0.00914586
0.00919479
0.000878966
0.00675991
0.00642055
0.000565373
0.00663254
0.00955137
0.00362567
0.0126477
0.00426792
0.0042274
0.00165697
0.0325833
0.00591718
0.00364588
0.0354455
0.0291022
0.0053109
0.00623822
0.00177362
0.00304637
0.012053
0.00671538
0.00160622
0.0105471
0.0172531
0.00551726
0.0160475
0.0230715
0.0124156
0.00512415
0.000478952
0.00735582
0.000699742
0.0232397
0.00562178
0.00089646
0.000232405
0.0103252
0.0196118
0.00150818
0.39185
0.000842839
0.0401764
0.0126338
0.00120109
0.0133545
0.0186284
0.00542652
0.0115933
0.0210516
0.0165158
0.00648422
0.000445594
0.0103725
0.0066473
0.00180848
0.0266421
0.00511972
0.0199427
0.00768563
0.00361379
0.00412366
0.0082901
0.0348921
0.00909271
0.02047
0.00978692
0.00105136
0.0257807
0.0384873
0.00259
0.00443792
0.00163373
0.00638977
0.0031085
0.00213981
0.782843
0.0024149
0.0139468
0.00935129
0.00584993
0.00546773
0.00830456
0.000952822
0.0170011
0.000215605
0.00168665
0.00278278
0.00444016
0.000701692
0.0204407
0.000375223
0.000611096
0.0224198
0.00732362
1.35314
0.00558261
0.802329
0.0158709
0.0159365
0.00280913
0.000708611
0.00287267
0.00833793
0.000410268
0.00605696
0.00091438
0.0177055
0.00311053
0.000672835
0.541204
0.0126115
0.0057576
0.61408
0.00913432
0.0007826
0.000948051
0.00428112
0.00738402
0.00233901
0.226611
0.00651732
0.00119583
0.0113189
0.000491647
0.00552094
0.00591537
0.00154043
0.327222
0.0069239
0.0198502
0.00466248
0.175534
0.00831977
0.00262401
0.00369033
0.0272967
0.00497634
3.11561
0.000102819
0.00187663
0.00315443
0.00787873
0.00969155
0.0093355
0.0140958
0.0103561
0.00633947
0.00473546
0.0204103
0.00124885
0.0100052
0.00697097
0.0025982
0.000434821
0.0206322
0.00425344
0.0132751
0.0114663
0.00348768
0.0655303
0.000363971
0.00383086
0.00177763
0.0135509
0.00918612
0.00891517
0.847564
0.00201633
0.0232873
0.0272933
0.000248162
0.00933728
0.0061348
0.00759649
0.00582286
0.00874516
0.00637904
0.000981295
0.0139887
0.004631
0.0144339
0.00867539
0.00294093
0.0563093
0.0027735
0.0357483
0.00139363
0.0101692
0.00285512
0.00678842
0.0202159
0.00367161
0.018128
0.00519394
0.0209265
0.0201981
0.000658252
0.00444792
0.03239
0.00717335
0.0118835
0.00207744
0.0102578
0.034742
0.00568722
0.00634935
0.0247612
0.010277
0.00447166
0.00373866
0.00773853
0.00050403
0.0122132
0.0142776
0.003567
0.000232664
0.00681489
0.0248261
0.0106071
0.0203499
0.000454938
0.0236705
0.00236183
0.0202346
0.00468585
0.00596456
0.00771326
0.045968
0.0142465
0.0165276
0.0067739
0.00761039
0.00522506
0.000538936
0.0192341
0.00175421
0.00716546
0.0144947
0.00595715
0.00712294
0.00115218
0.00214473
0.0193702
0.00486057
0.0151998
0.410386
0.00375121
0.00871707
0.0104755
0.00331514
0.0207893
0.00818657
0.00690129
0.0166052
0.0217216
0.00813847
0.010612
0.00361164
0.0249202
0.00847402
0.00312342
0.0340459
0.00167573
0.0288752
0.00434
0.0111378
0.0185437
0.000829131
0.00567137
0.0145281
0.0100673
0.0153024
0.0243003
0.00826397
0.0326083
0.0120394
0.00931652
0.014623
0.0260214
0.0018034
0.0873842
0.0116891
0.000419789
0.00204961
0.0149812
0.00190993
1.54035
0.0125078
0.311202
0.00999675
0.0367124
3.11451
0.0377155
0.431885
0.0158765
0.0109183
0.0438931
0.000256165
0.00770428
0.046775
0.0178622
0.0106176
0.0175205
0.00338919
0.00766738
0.00427419
0.00798766
0.00923068
0.0179442
0.0046312
0.0131972
0.0100744
0.00981058
0.0134796
0.02643
0.0161148
0.00166467
0.00329804
0.000945345
0.0169993
0.0141738
0.0165374
0.0042782
0.0201709
0.022722
0.0204486
0.00980375
0.0153641
0.173248
0.0256299
0.00661938
0.00774323
0.00877666
0.0017202
0.00425831
0.0051753
0.0121035
0.00890207
0.0126067
0.0100589
0.00289936
0.00510942
0.00318555
0.00327775
0.00496228
0.000213867
0.0101371
0.0236476
0.0166105
0.00700988
0.0164017
0.0102311
0.00367986
0.0155418
0.00079589
0.0129778
0.233152
0.0178463
0.0082127
0.00801732
0.0139373
0.00174404
0.0047317
0.00310895
2.24288e-05
0.00217169
0.0126455
0.00622394
0.0018138
0.00920033
0.0261184
0.00435928
0.011567
0.00127782
0.0104846
0.0195698
0.0199256
0.0189213
0.00657183
0.0837575
0.0267925
0.0057817
0.00942979
0.000115777
0.0121706
0.0178901
0.00820825
0.0380655
0.00426784
0.0154693
0.0266927
0.00737992
0.0298745
0.0069369
0.00484327
0.0188689
0.0140066
0.0017175
0.00724776
0.00727565
0.0116458
0.00551991
0.00854371
0.00445171
0.657112
0.00702719
0.0399057
0.000615124
0.00399344
0.0120416
0.0134226
0.00893373
0.0183221
0.00521165
0.00316352
0.00851247
0.0134307
0.00219645
0.001747
0.00788088
0.0185514
0.00583828
0.003796
0.00231976
0.00250402
0.0028312
0.00984996
0.00123687
0.00382588
0.00296014
0.00254714
0.0198405
0.00628107
0.00942646
0.0015444
0.00400701
0.0119593
0.00691364
0.0153837
0.00753418
0.00352563
0.00420672
0.0053899
0.0200028
4.14508e-05
0.00149034
0.00446768
3.18462e-05
0.0356669
0.00389337
0.00123994
0.00375745
0.000481435
0.0222772
0.0056663
0.00640465
0.00287573
0.00155181
0.00835159
0.022392
0.00553766
2.4108e-05
0.00419279
0.00904532
0.0142416
0.00113353
0.00667509
0.00270133
0.00999973
1.49496
0.000554494
0.00774406
0.00229309
0.0784897
0.0203004
0.00235205
0.00608245
0.00523294
0.0158816
0.0043216
0.0143744
0.0215511
0.00361511
0.000822674
0.00168365
0.0240303
0.0106746
0.0159734
0.012844
0.0067004
0.01055
0.00699895
0.0232237
0.00243573
0.0111523
0.0093128
0.0146747
0.00123381
6.1148e-05
0.00504624
0.000756483
0.00549336
3.99088e-07
0.0040092
0.0156445
0.00536769
0.0151605
0.00320684
0.0049147
0.545357
0.00221079
0.00989767
0.000930066
0.0106615
0.00727564
0.00527015
0.00698157
0.00158644
0.00714515
0.0242029
0.0010488
0.000821816
0.0235065
0.00207481
0.0046596
0.00400312
0.00433672
0.00233621
0.00719707
0.0132878
0.544379
0.000296066
0.0023914
0.0533985
0.016823
0.00414171
0.00123075
0.00121243
0.00641282
0.00012412
0.011801
0.00563215
0.00598836
0.0151028
0.000747684
0.00818701
0.00486741
0.00267603
0.00550844
0.0226268
0.00343084
0.0126173
0.000663262
0.00456014
0.00283876
0.0152661
0.00808633
0.00753378
0.019325
0.00123146
0.00788051
0.00431735
0.00490319
0.0192776
0.453422
0.00444306
0.00744449
0.000626133
0.00822628
0.00771954
0.00479524
0.00768669
0.00318347
0.0219376
0.00532274
0.00147501
0.0080242
0.0168019
0.00138713
0.00954847
0.00746223
0.0127298
0.017314
0.0253652
0.0115046
0.0048816
0.00487389
0.000407043
0.000736767
0.00336362
0.013282
0.00439944
0.00614053
0.00565394
0.00799909
0.00084951
0.00216909
0.00150681
0.00217285
0.00896977
0.00232559
0.0508544
0.000831544
0.00366738
0.0014814
0.0107637
0.00313497
0.000436122
0.003861
0.0312316
0.00194853
0.0162412
0.00327656
0.00653399
0.018384
0.00186565
0.00329153
0.000322191
0.00147557
0.00129121
0.0453042
0.0102674
0.00661267
0.015025
0.00154525
0.00647739
0.00146068
0.00753823
0.00624737
0.000998698
0.00595956
0.000376438
0.00300296
0.00296562
0.00172203
0.008856
0.00338989
0.00637987
0.00590639
0.00262996
0.00676505
0.00534928
0.0191929
0.00812502
0.00212785
0.00048319
0.00185842
0.00311438
0.00251238
0.00849286
0.00231231
0.00115807
0.00621153
0.00349176
0.0243879
0.00405021
0.0016458
0.0112485
3.41087e-05
0.0150166
0.0095794
0.000121208
0.00876563
0.0137324
0.0382937
0.0146964
0.0154488
0.000982574
0.00378021
0.0159564
0.00428535
0.0128142
0.00180402
0.0312225
0.00852021
0.00222783
0.00859648
0.0155802
0.00258208
0.00650511
0.00738276
0.00071854
0.00262682
0.00342914
0.00135591
0.00817445
0.0115338
0.011839
0.00107884
0.00273153
0.00212228
0.00150572
0.00737525
0.0866083
0.0173733
0.0076777
0.0345764
0.00687838
0.00496278
0.000605843
0.00427954
0.00023692
0.004249
0.00802453
0.0109057
0.0018298
0.00305792
0.000261822
0.00278583
0.000490624
0.00202055
0.00319419
0.00470902
0.000163237
0.0011843
0.000258439
0.00430618
0.00216046
0.0218687
0.0164826
0.00276441
0.0170375
0.00291911
0.0177371
0.053733
0.00915988
0.00392967
0.0125726
0.000869442
0.00454018
0.0077483
0.00300387
0.0100363
0.00388145
7.94679e-05
0.0136174
0.0014162
0.0138303
0.00573417
0.00381373
0.00284562
0.014637
8.78804e-06
0.0140484
0.00895193
0.0175463
0.00307362
0.00116556
0.00410504
0.00216568
0.00347188
0.0155125
0.0245423
0.00772364
0.00233667
0.0299987
0.00164933
0.0035252
0.00819974
0.0034588
0.00651855
0.00915054
0.000977436
0.00427544
0.00650082
0.00180271
0.00402818
0.00179647
0.00565377
0.000942428
0.0421946
0.00783484
0.00423249
0.00758725
0.00814797
0.00681196
0.00406817
0.00197765
0.00678097
0.00210897
0.00352756
0.00660598
0.00662671
0.0101903
0.0133501
0.0238463
0.00932832
0.0122201
0.00317229
0.00598688
0.00113037
0.00927021
0.00217434
0.00327743
0.00382622
0.00708062
7.85732e-05
0.00764293
0.00944602
0.00165176
0.00334374
0.0051088
0.00549736
0.00270691
0.0147908
0.000859925
0.000153882
0.00827542
3.10206
0.00167281
0.000628484
0.00116305
0.00117884
0.00159433
0.00247407
0.00948255
0.0382299
0.01049
0.000727854
0.0101514
0.0107466
0.000449589
0.00249673
0.011608
0.0183446
6.48639e-05
0.00438214
0.00309385
0.001188
0.00219567
0.0139834
0.0193441
0.000772714
0.0106077
0.00179949
0.0041083
0.00567105
0.00264487
0.0123088
0.00343953
0.0115857
0.00686443
0.00301937
0.00154536
0.0156301
0.00912878
0.00434264
0.0199808
0.0136736
0.00796524
0.000193272
0.020425
0.00849458
0.00690463
0.00745833
0.00682877
0.00425077
0.00539156
0.000365911
0.00995523
0.00583244
0.00823511
0.0162029
0.00233086
0.00766285
0.00629984
0.00113816
0.0129203
0.0149201
0.00371612
0.00746478
0.000811876
0.00428883
0.000898023
0.00738352
0.0129552
0.00032113
0.0169327
0.290949
0.0014234
0.0129073
0.000338093
0.0030352
0.00259241
0.0186505
0.00127951
0.00222891
0.000821941
0.00236625
0.00186779
0.00416871
0.00856114
0.0144098
0.0166575
0.00179885
0.00568951
0.00605759
0.00026427
0.000662088
0.00177005
0.00500595
0.00508557
0.00464521
0.0158307
0.000637824
0.00133
0.000379121
0.000128343
0.0063216
0.00188667
0.00709949
0.00133883
0.00940519
0.000175759
0.00372626
0.0103224
0.00578358
0.001297
0.00644931
0.00682974
0.0054919
0.00862532
0.00980231
0.0198297
0.00379279
0.00702834
0.0027194
0.00400562
0.0011301
0.00409423
0.00607914
0.00372652
0.030567
0.00176164
0.00493423
0.00413559
0.00304124
0.00157828
0.0013407
0.00667428
0.00706448
0.0159094
0.00346695
0.003094
9.51855e-05
0.0038126
0.00184589
0.00193896
0.00720935
0.00526652
0.000102276
0.00296467
0.0242605
0.00458146
0.00317466
0.0033021
0.00426025
0.0122408
0.478447
0.00811618
0.00160351
0.00180444
0.0284461
0.00361626
0.010676
0.00310355
0.00627014
0.00861578
0.00299542
0.0022279
0.00299583
3.10989
0.00178345
0.00161206
0.00311846
0.00222129
0.000251548
0.000562293
0.00815751
0.000582297
0.000661944
0.00397509
0.00286143
0.0110379
0.000143482
0.000945068
0.0184057
0.000277214
0.00812742
0.0169465
0.00300707
0.0025285
0.0133377
0.00293564
0.00024719
0.00221542
8.37059e-05
0.000263873
0.0109028
0.00320091
0.00251361
0.00233489
0.00403045
0.00234282
0.00719833
5.59545e-05
0.00751827
0.0103075
0.00254217
0.0121079
0.000603445
0.0149447
0.00507235
0.0133009
0.000621001
0.00320254
0.0140301
0.00735242
0.00135694
0.00520931
0.00442343
0.00280636
0.00588012
0.003608
0.00935833
0.00458845
0.00164597
0.00768527
5.72334e-05
0.00287742
0.0041507
0.00659476
0.011789
0.000901079
0.00112992
0.00224306
0.0151251
0.00705461
9.39195e-05
0.000627649
0.00709041
0.0039312
0.000919379
0.000732242
0.00642704
0.00509692
0.00116185
