0.052218
0.529554
0.225032
0.00606961
0.00778168
0.027213
0.0359544
0.772216
1.83173
0.884652
0.097676
0.0234227
0.0169507
0.176696
0.0329096
0.0171379
0.305132
0.397501
0.0301989
0.17092
0.104939
0.663044
0.684138
0.0235779
0.162824
0.62648
0.399103
0.166348
0.0297198
1.04189
0.0428111
0.0689607
0.102382
1.73245
0.0240959
0.145435
0.0198857
0.0563842
0.129348
0.0676039
0.217147
0.0811159
0.0135075
1.29003
0.234231
0.459921
0.676396
0.0572734
0.0439975
0.497909
1.84316
0.348805
0.170289
1.01354
0.0627538
0.782003
0.0388548
0.0229702
0.0608603
0.0180745
0.00686724
0.00783585
0.160359
0.0141339
0.776029
0.889353
0.146271
0.0667806
0.715031
0.0656944
0.58798
0.0143234
0.00207926
0.0351408
0.0352921
0.615329
0.364216
0.0799939
0.00353265
0.230934
0.0376702
0.0331174
0.117216
0.0800564
0.0598233
0.619384
0.343808
0.311487
1.19822
0.155287
0.642337
0.00820183
0.0609486
0.0673333
0.0993145
1.43101
0.131114
0.0686121
0.0351806
0.0839744
0.778217
0.107409
0.0348546
0.0261061
0.0481486
0.380509
0.0538568
0.386953
0.592399
0.165605
0.00667709
0.0105562
0.0523224
0.321768
0.0161872
0.0505087
0.0186467
0.0229147
0.046702
0.108531
2.29674
0.381698
0.066194
3.34372
0.0570429
0.347049
0.0463491
0.0417585
0.0857073
1.02475
0.0792124
0.0894509
0.0910034
0.249257
0.141903
1.41218
0.0432591
0.259609
0.04187
0.763718
0.0292662
1.18174
0.692197
0.812967
0.0429806
3.52108
0.611748
0.445059
0.015811
0.690222
0.091148
0.0224825
0.0457536
0.050196
0.0656245
0.128768
0.0644265
1.31975
1.52215
0.0124182
0.0420718
2.95905
1.45914
0.357487
0.0535548
0.0766826
0.0191644
1.58035
0.0431742
0.0550599
0.124059
0.630394
0.493693
0.0447264
0.0350986
1.35018
1.44055
0.0144086
0.0594795
0.306101
0.396179
0.0729596
0.0298271
0.0448999
0.0914849
4.02496
0.0429561
0.0194255
0.0570089
0.0275719
0.0332147
0.0321056
1.42548
2.77276
0.00687781
1.16143
0.0486502
2.24995
0.0101467
0.451908
1.92504
2.51773
1.68959
2.52769
0.0121532
0.496307
1.05492
1.25727
1.59381
0.837412
0.100572
0.606692
0.0317132
2.97858
0.5692
0.0110364
0.10831
0.95605
0.907326
0.0915716
0.0220009
0.307065
1.28199
0.437468
0.00373679
4.09773
2.47815
0.00640721
0.0483362
0.0305163
0.0416692
0.0322968
0.0602771
1.0403
0.310855
0.04802
0.379376
0.0437365
0.0515838
0.566086
0.0140985
0.0349177
0.697143
0.143932
0.0219992
0.0511148
0.0247832
0.0309885
0.0414041
0.0187636
0.0392571
0.0275919
1.34522
0.0293556
0.0179329
0.029019
0.00945807
0.0152284
0.852343
0.0592244
0.0224328
0.0167831
0.0257456
0.0619975
0.645707
0.0195474
0.754884
0.0119354
0.0110124
0.0436343
0.0246826
0.558911
0.0145352
0.0194164
0.0170863
0.624256
0.0159377
0.00360572
0.774571
1.05211
0.137995
0.017861
0.0416024
2.59005
0.0442222
0.248926
0.024402
0.167495
0.0200161
0.0869144
0.495076
0.428263
0.265907
0.425438
1.20824
0.487069
0.0622382
0.854133
0.899934
0.106577
0.80079
0.100328
0.0291087
0.079359
1.17771
0.0423909
0.0330342
0.0130201
0.113871
0.0384211
0.432262
0.0716283
0.209128
0.0142625
0.437198
0.0484292
0.0249685
0.00600852
0.0303282
0.0551041
1.0222
0.210028
1.45254
3.0872
0.554201
0.424846
0.0319656
0.0266557
0.600169
1.03789
0.0276029
0.430752
1.33136
0.50797
0.849962
0.264413
0.114242
0.766962
0.498575
0.504221
0.162501
0.213903
0.171266
0.277038
0.035002
1.71222
0.0609871
0.0874044
2.38277
1.26686
0.332902
0.309773
0.0440719
0.675378
0.0270326
0.421945
0.0268562
0.821718
0.0383054
0.0387825
0.0466092
0.164728
0.0610268
0.116616
1.25244
1.61715
0.0192827
0.461254
0.17928
0.0203421
3.55012
0.371469
0.0246531
0.169287
0.0109688
0.0245012
0.685527
2.0675
0.1615
0.0329317
1.46407
0.228801
3.42648
0.0850919
0.0754724
1.97699
0.587619
2.58868
0.0176987
0.0635561
0.935654
0.220284
1.63367
1.43736
0.349139
1.0045
0.880272
0.853426
0.745074
0.0409496
0.480193
0.00642572
1.3562
0.0313182
0.200516
0.0537224
0.489962
0.220414
0.0156626
0.629231
1.19249
0.0498118
0.026726
0.0264966
0.0739559
0.0313318
0.276608
0.593808
0.00871268
1.6392
0.854897
1.07057
0.0243137
0.277336
0.021228
0.429086
0.0428585
0.0156054
0.271635
0.0647223
0.0214747
0.0168121
0.0121381
0.680511
1.47192
0.081589
0.0278537
0.0335884
0.543785
0.0299103
0.0175801
0.696152
0.510424
0.082132
1.11485
0.0671465
0.0068752
0.312262
0.0352057
0.0197498
0.140249
0.253864
0.0200596
0.237618
0.0429447
1.14481
0.452996
0.0720951
0.037744
0.0808803
0.823051
0.0321723
0.119222
0.641949
0.0771253
0.0149735
0.0290797
0.0331744
0.685621
0.217168
1.29995
0.104114
0.226711
0.599734
0.110399
0.254179
0.0372197
0.789822
0.0882889
0.0668196
0.199576
0.067438
0.0800789
0.899203
0.0847382
0.031838
0.0825681
0.144583
0.041528
0.0387302
0.0612055
0.0185433
0.248327
0.0729288
0.104756
0.0971376
0.142987
0.0167456
0.0125243
0.0436474
0.0252805
0.383584
0.747375
0.0174058
0.356681
0.116716
0.0607778
1.25482
0.0465922
0.0192963
0.044205
0.582333
0.37766
0.0722713
3.02034
0.0304915
0.452874
0.0454855
0.084561
0.022281
0.0208889
0.11653
0.0846005
0.0458266
0.0526388
0.413446
0.18973
0.373981
0.103361
0.0534195
0.0241054
0.0621699
0.0263504
0.7491
0.0292331
0.209933
2.99559
0.756616
0.0263777
0.0259335
0.129969
0.0490798
0.0138217
0.0541735
0.0499564
0.0299694
0.451371
0.534439
1.2176
0.0232849
0.0369568
0.0309674
0.139866
0.0482462
0.748782
0.0588662
0.04637
0.227179
0.0627889
0.857678
0.191187
0.363489
0.0520428
0.609894
0.338281
0.0276126
0.100956
0.0137421
0.847475
0.0442607
0.243326
0.367204
0.269164
0.0336637
0.0327933
0.00805455
0.150854
0.618392
0.0336871
0.0269709
0.0406708
0.0166779
0.00911022
0.05299
0.0896118
0.0669692
0.0300596
0.0667745
0.0206012
0.320614
0.037092
0.0662315
0.072192
0.0204369
0.0374647
0.0581903
0.037237
0.0345687
0.0301153
1.04679
0.0304649
0.0323502
0.0575339
0.172471
0.0322771
0.0438386
0.0104464
0.0338871
0.0930601
0.0220504
0.14925
0.642375
0.0320561
0.0232833
0.0518379
0.157422
0.0518789
0.571634
0.0251381
0.0382122
0.0438092
0.030285
2.39729
0.0457885
0.0408852
0.0456112
0.0193022
0.343156
0.0398219
0.0448362
0.0265464
0.0258981
1.64931
0.0400614
0.773337
0.973552
0.0205273
0.107685
0.0581825
0.0154049
0.0279559
0.041919
0.03027
0.223659
0.0879678
0.017722
0.0386891
0.0107679
0.0241492
0.0087891
0.027775
0.00393367
0.0261665
0.0381788
0.0795443
0.063514
0.0361035
0.0240523
0.0397433
0.0490048
0.0150807
0.0245536
0.0195199
0.014276
0.114121
3.20417
0.0559737
0.0199189
0.0392052
0.06733
0.931557
0.040849
0.236323
0.00741465
1.36437
0.456712
0.0749581
0.610431
0.0850993
1.42613
0.183469
0.148996
0.455716
0.0158936
0.0309083
0.0330324
0.0105638
0.452964
0.00932733
1.06096
0.0789083
0.0536839
0.0187491
1.1074
1.97179
0.187402
1.49312
0.0120157
0.702265
2.50122
0.201658
0.0428578
0.0221424
0.449862
0.78751
0.344742
0.802853
1.19203
0.160811
0.0659744
0.396708
0.0487014
0.114733
0.0811109
0.0378045
0.038945
0.301163
0.0388272
0.482856
1.26399
2.03281
0.0485597
0.762477
0.408746
0.0463875
0.0257954
0.327104
0.0298096
0.18204
0.0614283
1.77023
0.0715621
0.530373
0.369683
0.132138
0.0450359
0.0344683
0.701864
0.0448039
0.0142154
0.0130074
0.0617699
0.0140498
0.204018
0.203239
0.964113
0.0938097
0.539248
0.0112675
0.270973
0.0264912
0.0317659
0.0244013
0.0313302
0.0532473
0.00995721
0.0279433
1.43095
0.0459901
0.641331
0.0119709
0.0264166
0.0217284
0.0206643
0.0265074
0.260663
1.45396
0.0193529
0.514829
0.0317552
0.0112045
0.0154318
0.0149556
0.035918
0.0694799
0.0256869
0.0302873
1.76643
0.0164517
1.31829
0.259648
0.0261782
0.0221487
0.400492
0.0230437
0.0774928
0.0193667
0.0532214
0.149313
1.89886
0.0093584
0.0257944
0.0209525
0.0832066
0.029217
0.0822281
0.0222109
1.34584
0.744102
0.83211
0.0271741
0.448362
0.0277472
0.616128
0.811692
0.93889
0.1886
0.20835
0.460852
0.141361
0.0136052
0.3696
0.0528528
0.054599
0.270724
0.0227157
2.09391
0.634156
0.0230722
1.39718
0.34898
0.21489
0.0650181
0.0292874
0.523602
0.0050829
0.564702
0.0570603
0.0270169
0.0389901
0.485206
0.0209752
0.05589
0.645977
0.0452952
0.0266819
0.0786908
3.06882
0.0419991
0.044886
0.0259676
0.0670806
0.136645
0.0314689
0.0284698
0.047025
0.0453907
0.0235081
0.318225
2.49307
0.0250537
0.0427631
0.973385
0.0521416
1.16866
0.0156971
0.767179
0.0118959
0.0166578
0.536283
0.563029
0.0269105
0.0167236
1.3608
0.152248
0.0503751
0.087063
0.772494
0.018947
0.838739
1.64587
0.0287337
1.18541
0.257282
0.411369
0.583679
0.0597123
0.0672355
0.0294465
3.21028
0.0301801
1.10908
0.063182
0.0832393
0.0352305
0.0126891
0.0812721
0.732727
0.0558995
0.488262
0.0168954
0.0358683
0.418118
0.114855
0.0173682
0.305205
0.0543683
0.0295861
0.0214012
0.0802476
0.0340745
0.135959
0.360709
0.0315026
0.025006
0.0129895
0.0117953
0.0626433
1.04443
0.0375025
0.00783673
0.636547
0.0955033
0.300183
0.0257712
0.452734
0.037521
0.0200003
0.561641
1.15481
0.0390368
1.06342
0.0505271
0.0197942
0.126084
0.0249918
0.060099
0.0253926
0.125575
0.0494062
0.56084
0.0694389
0.0268586
1.59694
0.204112
0.64161
0.0918347
0.0643736
2.7889
0.678166
0.494442
1.44337
0.242919
2.2203
1.03063
0.302261
0.0186925
1.77308
0.215344
0.168687
0.252069
0.0761012
0.301498
0.93692
0.0717864
0.409006
1.7271
0.803577
0.0123029
0.0235326
1.33607
0.05221
0.0436379
2.04811
0.26477
0.127892
0.03725
0.781434
0.109976
0.0349518
0.0687954
0.0410266
0.237846
0.0537236
0.63849
0.344999
0.0601156
0.0921091
2.04842
0.294085
0.0190153
1.97815
0.339459
0.263031
0.0207134
2.7198
0.0581931
0.022038
0.0236401
0.542139
0.0427029
0.0937119
0.0911006
0.257946
0.456598
0.00880751
0.363704
0.398291
0.010474
0.20462
0.126963
0.655626
0.592494
0.361575
0.0782856
0.107559
0.249014
0.0565745
0.365232
0.0269299
0.0198693
0.0996554
0.502037
0.540219
0.958409
0.011217
0.887595
0.802892
0.804096
0.357261
0.152102
0.410702
0.539244
0.0342231
0.179217
1.17357
0.725246
0.407248
0.371249
0.45862
0.0537201
0.0228252
0.588388
0.040795
0.954011
0.0220863
0.852764
1.01059
0.402019
0.0378811
0.750593
0.265331
0.459736
0.211828
1.47901
1.47822
0.0464555
0.118492
0.243413
0.0355287
0.19327
1.07641
0.02788
0.0763379
0.0691309
0.564886
0.161559
0.114131
0.0448377
0.0585132
0.0585551
0.00979636
0.167754
0.153318
0.133122
0.426783
0.0248221
0.452347
0.116924
0.0308766
0.0803579
0.0412298
0.0351469
1.464
0.0723075
0.0185391
0.888625
0.148773
0.122423
0.024748
1.18218
0.0646823
0.034024
0.164421
0.0479258
0.028037
0.230902
0.0165611
0.0676431
0.110762
0.0746252
0.0321253
0.0197418
0.0437472
0.0312365
0.0231795
0.0694467
0.0307881
0.018548
0.0247064
0.0297139
0.0250589
0.0132384
0.0237879
0.119807
0.029795
0.00855695
0.0226097
0.0502835
0.0206372
0.0321377
0.0413566
0.634575
0.17388
0.0461747
0.0470756
0.198447
0.0227815
0.0170759
0.0308029
0.0559409
0.0153949
0.469053
0.0582153
0.022534
0.225792
0.0287741
1.26506
0.557743
0.0661525
0.439098
0.0325391
0.0138652
0.0110539
0.00970701
0.0329221
0.641905
0.0295727
0.0460125
0.356338
0.0284617
0.0351433
2.67859
0.0218979
0.15727
0.366818
0.0264192
0.0251145
0.100141
0.0196594
0.0254734
0.155621
0.0438396
0.086883
1.86032
0.0794055
1.12992
0.0295583
0.032506
0.0217452
2.19381
0.26668
0.885219
2.47765
0.0483692
0.0671493
0.20118
0.392563
0.0582193
0.882289
0.0690293
0.276495
0.0683042
0.164695
0.020868
1.36093
0.136764
0.153016
0.335407
0.0870218
5.14976
3.1244
0.0989446
1.60368
2.05102
0.0371435
0.0564953
0.0543879
0.581978
2.75738
0.158763
0.651596
0.0284885
0.781125
0.186476
0.0433851
0.0880199
0.0180813
0.0501814
0.586609
0.0160761
0.0526557
0.118383
0.0150873
0.0167417
1.30214
0.276851
0.0216929
1.21713
0.0532786
0.0992851
0.0434893
0.0364739
0.11457
0.100254
0.00943934
0.460003
0.0352841
0.0587449
0.256096
0.128731
0.524839
3.10737
0.0242781
0.196385
0.144923
0.482572
0.730498
0.644509
2.20602
0.0442939
0.618933
0.0447336
0.0642538
0.0341436
0.0827439
0.316825
0.0735428
1.02393
0.206976
0.438349
0.0590561
0.0291245
0.263157
0.966038
0.0353857
1.14748
0.0165031
0.511081
0.0140433
0.0248794
0.710928
2.39129
0.40563
0.548171
0.316363
0.96652
1.94449
0.484013
0.21846
0.0359149
0.805071
4.00418
0.0137673
0.0334917
0.329692
0.629436
0.0355111
2.01451
0.503412
0.2034
0.101388
0.0851394
0.0401476
1.85214
0.05206
0.530765
1.80193
0.236897
0.0685719
0.148493
0.0353017
0.124328
1.02217
0.808594
0.0326584
0.611672
0.631125
0.248966
0.13374
1.01007
0.11379
0.318823
0.0154232
0.0557804
0.111184
0.025641
0.187599
0.367714
0.334756
1.57433
0.650758
0.061667
0.0193731
1.33026
0.0677788
0.71225
0.891805
0.37979
0.032954
0.39808
0.397871
0.973262
2.64601
0.661422
0.215605
0.914391
0.619716
0.112165
1.55264
1.83623
0.03519
0.055408
0.089014
0.650905
0.026347
0.0588188
0.0144518
0.0223664
2.48162
0.336406
0.0205948
0.0658099
0.032086
0.357031
0.285534
0.0878683
1.54915
0.0466524
1.00688
0.667507
0.0615916
0.13221
0.829353
0.0825966
0.0315508
1.22254
0.0174554
0.0640653
0.447686
0.0252057
0.0895157
0.0329785
0.0244564
0.110693
0.0132877
0.0712855
2.20363
0.121652
0.535536
0.00972996
0.311427
0.193119
0.404993
0.0269178
1.30723
0.0208459
0.0201303
0.0124989
0.0396176
0.920242
0.136278
0.683413
0.595517
0.492459
0.0385151
0.0289712
0.014338
0.0136224
0.0650574
0.591362
0.0181134
0.49366
0.446498
0.154336
0.0195998
0.0614731
0.466209
0.0313764
0.100851
0.300414
1.09009
0.0271337
0.42609
1.72205
0.0373305
0.113601
0.329881
1.19419
0.0284113
1.29228
0.533601
0.0194969
0.0313183
1.8017
1.01884
0.622981
0.0191263
0.183971
0.0695689
0.221328
0.0294874
0.121592
4.52845
0.0166532
0.16182
0.0621974
0.502143
0.148933
0.045881
0.298864
0.0236858
0.623327
1.95238
0.230787
0.890808
0.429495
1.79526
0.0625908
1.66355
0.577873
1.80234
0.179149
0.3276
0.414829
0.126442
0.370577
0.040883
0.215241
0.779765
1.63186
0.0421905
1.17929
0.199061
0.0256878
1.04408
0.0165379
0.019199
0.00896357
0.384641
0.111449
0.0223485
0.00554877
0.0425627
0.0336953
0.301221
0.0320192
0.782555
2.0144
0.420034
0.0533794
0.0541811
1.08395
0.0951148
2.71062
2.01595
0.0213903
0.678891
0.466692
0.381384
0.189233
5.19915
1.88115
2.03603
0.352715
0.221296
0.823404
0.624299
0.587557
0.0723111
0.039855
0.663917
1.92851
1.02551
0.0121735
0.401912
0.0360527
0.0197829
0.0240085
0.0234188
0.0322891
0.885897
0.0131742
0.0280871
0.0118606
0.0279433
0.0126426
0.0329334
0.0294661
0.0276274
0.0212901
0.0316061
0.0363299
0.0447707
0.0450174
0.0139199
0.0350942
0.0388381
0.0198437
0.142523
0.0579204
0.0318931
0.0484698
1.64661
0.143835
1.75037
0.114727
0.381043
0.23581
0.161213
0.814541
0.149725
2.51754
0.556306
0.759131
1.31125
0.323409
0.0896175
0.0712707
0.332195
0.434532
0.629364
0.0714759
0.00811002
0.0291183
0.402633
0.0296977
0.648547
0.318528
0.0429009
0.0448688
0.0313019
0.186215
0.0241816
0.243103
0.389359
0.0497092
1.33387
0.316054
0.109892
0.0147739
0.785112
0.650364
0.0408128
0.0176405
0.287054
0.0148952
0.424769
0.717413
0.030758
0.0512514
0.098258
0.0372056
0.603412
0.0477765
0.0201387
0.414988
0.838707
0.0300678
0.0541431
0.11847
0.0512898
0.581596
0.0561462
0.441994
0.0386555
0.0211808
0.0401202
0.212381
0.23471
0.0903823
0.437474
0.0305808
0.404814
0.265772
0.0114424
0.367654
0.223714
0.0839692
2.63872
0.0405515
0.852333
0.251103
0.455511
0.0480943
0.41981
0.166109
0.0702171
0.0373437
0.27559
0.0148691
0.0209224
1.03033
0.504555
0.031326
0.0788322
1.61539
0.0344279
0.183178
0.0846032
0.124993
0.0259989
0.0644357
0.0455093
0.0529252
0.0595912
1.59486
0.163839
0.720719
0.0157541
0.0341215
0.0856505
0.0879825
0.0344167
0.244124
0.433511
0.0480105
0.643807
0.37311
0.0575978
0.0103014
0.0397391
0.028785
0.0487682
0.0150537
0.0263697
0.0572214
0.800619
2.51754
0.0466913
0.0140338
0.00573803
0.72219
0.0719399
0.0571091
0.501743
0.022313
0.103236
0.185412
0.0525499
0.0377148
0.770391
0.0242254
0.0210429
0.0179665
0.19369
0.0428336
0.0133319
0.239875
0.0365881
0.47289
0.0143355
0.0475781
0.686443
0.0587099
0.0580977
2.32018
0.0304107
0.0300657
0.0629109
0.0492987
0.0363631
0.201235
0.149416
0.268755
0.0414309
0.0723384
0.0143649
0.176679
0.00497804
0.794155
0.0354942
0.0227737
0.026857
1.15021
1.22617
0.0406281
0.0236894
0.0457162
0.285302
0.021445
1.81781
0.0296864
0.0851092
0.0658527
0.0213973
0.0222831
1.41445
0.0860311
0.0233454
0.566099
0.0187444
0.0799177
0.0501689
0.0285223
0.0379089
0.0407585
0.0329459
0.0283762
0.126802
1.49772
0.0187951
0.0168968
0.581838
0.0423264
0.0457071
0.478328
0.225133
0.0409837
0.012249
0.0379581
0.0583022
0.0668181
1.62774
0.0284971
0.990571
0.101787
1.28594
0.0281163
0.030274
0.0461558
0.783746
0.628047
0.170204
1.7506
0.140224
0.0679705
0.0328371
0.0291197
0.0234584
0.0231406
0.17809
0.0480066
0.0288574
0.0232047
0.0175598
0.0559722
0.0770477
0.0761739
0.0234715
0.0343257
0.0161544
0.0541559
0.0341299
0.0218738
0.0303793
0.0285817
3.24862
0.0360062
0.00611312
0.0591255
0.0226622
0.0491468
0.0159094
0.0234886
0.0106653
0.0809888
0.00917984
0.0108142
0.0438449
0.0243928
0.000950203
0.839125
0.0276866
0.0168318
0.024169
0.173871
0.0290383
0.0143427
0.0780263
0.032403
0.0649519
0.0292714
0.0528674
0.0801887
0.0584973
0.0168085
0.0348823
4.09523
0.0627031
0.0347726
3.13083
0.0172969
0.0161533
0.772081
0.0307501
0.084496
0.37296
0.02461
0.0913162
0.0242139
0.0633957
0.0233232
0.031661
0.0483311
0.0378325
0.039653
0.0181461
0.0754109
0.114208
0.0140962
0.0354044
0.0437281
0.0134328
0.0168528
0.0400707
0.0371375
0.0181964
0.0688831
0.608834
0.0250724
0.0211245
0.0161682
0.019397
0.0404925
0.0570575
0.0166455
0.0139008
0.023087
0.0465933
0.0810651
0.0163039
0.048208
0.0498987
0.0414264
0.0572462
0.0213561
0.0114133
0.0452665
1.3107
0.0175552
0.00956668
0.0763415
0.0178441
0.0650742
0.0145716
0.0179418
0.0373849
0.0237602
0.01425
0.252971
0.0139616
0.352436
0.0174934
0.0400776
0.017656
0.021409
0.0676435
0.587576
0.230659
0.0559208
0.0265301
0.0280149
0.479427
0.41774
0.0274242
0.0323041
0.0271351
0.0427464
0.373602
0.0325838
0.030441
0.336783
0.149472
0.114904
0.273773
0.0628374
0.09518
0.0663879
0.0326191
0.747824
0.0121909
1.03626
0.0438374
0.0123772
2.13301
0.0270473
1.48601
0.0132466
0.10272
0.0342241
0.0531961
0.134288
0.0323201
0.0368792
2.51751
0.234876
0.0301511
0.0776134
1.08163
0.0971918
0.0137801
1.68903
0.0932345
0.0207529
0.678103
0.0435046
0.247883
0.0284448
0.0348017
0.788401
0.0196558
0.624694
0.0229457
0.00718401
0.00753387
0.0237363
0.01653
0.0159128
0.100001
0.158779
0.0147213
0.0395558
0.108836
0.0301545
0.0561082
0.637944
0.0213656
1.28739
0.0311001
0.0269488
0.00241933
0.234846
0.591213
0.0192459
0.0146087
0.0201813
0.0459391
0.232489
0.0278611
0.0209839
0.439386
0.0140424
0.0148991
0.0254216
0.616992
0.633247
0.215092
0.721615
0.220629
0.0106597
0.0463323
0.0336061
0.00937622
0.0195381
0.0663619
0.0201276
0.00539919
0.0219381
0.166116
0.122046
0.78076
0.0255061
0.0166598
0.0646645
0.0533139
0.0545083
1.07821
0.0436522
0.345826
0.0373815
0.616594
0.0429486
0.0369503
0.700059
0.021834
0.0267077
0.109164
1.33021
0.137275
0.018985
0.210518
0.0224694
0.169942
0.519851
0.0333552
0.0357261
0.161871
0.0191129
0.0171686
0.0611509
0.371646
0.182938
0.0625407
0.71513
0.299164
0.227441
0.361745
0.0110361
1.20856
0.00947952
0.0156293
0.0391766
0.152513
0.123837
0.356444
0.160774
0.0521451
1.03678
0.405164
1.03658
0.0738548
0.0428347
0.579948
0.0179115
1.14013
0.0264199
0.627738
0.462784
0.0518396
0.0354756
0.238384
0.0207905
0.0538929
0.221602
0.0478879
0.400437
0.0308567
0.0952482
0.0889834
0.10736
0.145694
1.06284
0.0147035
1.91482
0.301276
2.83319
0.0268715
0.198444
0.0632711
0.598856
0.0370299
0.0212178
0.0539227
0.0015314
0.0314737
1.02509
3.27977
0.0744226
0.0897019
0.0540288
0.374776
0.454305
0.171376
0.0120938
0.0325389
0.757783
1.4474
0.0653686
0.113968
0.0319682
0.0225872
0.0649431
1.54286
0.0221314
1.27187
0.0467619
0.0199095
3.0087
0.440762
0.0497717
0.0807794
0.0661797
0.123375
0.0265389
0.879514
0.0338428
1.0072
0.0143665
0.364963
0.0784251
0.0333868
0.0547535
0.755447
0.0444033
1.6764
0.0300007
0.0290462
0.0300486
0.0241662
0.43898
0.0483199
2.10758
0.02909
0.0425069
0.215357
0.214042
0.0395601
0.394717
0.217783
0.0292212
0.349129
0.043392
0.0229515
0.905787
0.470312
0.0910576
1.13169
3.331
0.200228
0.616211
0.0191173
0.0329817
0.321035
0.485658
1.52703
0.0383619
0.0331548
0.371848
0.0188229
0.575364
2.49247
0.242615
0.0160089
1.5371
0.200727
0.0257373
0.0283254
0.0500551
0.824459
0.581459
0.818459
1.00168
0.0120696
0.0396109
0.146946
0.512699
0.902203
0.507643
0.0551483
0.839467
2.82995
1.54744
0.0318376
0.0262994
1.64978
0.714766
0.776972
1.02564
0.265246
0.618672
0.00763401
0.491961
0.95263
0.059339
0.427989
0.0102264
0.031793
0.0376825
0.361018
0.150773
0.212615
0.686387
0.224372
0.115224
0.289669
0.0361709
0.894084
0.327258
0.106154
1.13111
0.57391
0.181458
0.274416
0.146641
0.128671
0.0331001
0.341066
0.0632793
0.0370628
0.143264
0.0271387
0.0651926
0.0264523
0.73693
0.495221
0.87635
0.118235
0.47606
0.798751
1.42489
4.32695
0.111192
0.828613
0.631001
0.0590153
0.207501
0.0441023
0.656044
0.981802
0.743432
0.115409
0.0270094
0.0176092
0.234645
0.0392599
0.774141
0.0197933
0.023707
0.00886408
0.0490733
0.0222528
0.0191246
0.0495303
0.0187641
1.85218
0.0200876
0.127975
1.97214
1.72106
0.0621591
0.00562391
0.11965
0.138378
0.0449034
0.12601
0.276624
1.49165
0.0187176
0.0668441
0.147058
0.0165563
0.2899
0.0273799
0.103658
0.093831
0.140203
0.0314729
0.155394
0.051021
0.0734975
0.0298541
0.0988786
0.0721505
0.16057
0.129886
0.0401711
0.0534957
0.07221
0.133321
0.0429873
0.0622701
0.0320926
0.138658
0.0303583
0.0559542
0.0566617
0.0261851
0.578787
0.0130926
0.030221
0.0618063
0.0563073
0.0269762
0.016541
0.0533108
0.0249426
0.171898
0.0591532
0.44714
0.00190745
1.00188
0.0702398
0.0261773
0.0255455
0.629533
0.240815
0.0583934
1.03651
1.82236
0.854478
0.0194963
0.0543121
1.12855
1.16019
0.64113
0.0151653
0.0187458
2.33878
0.0762634
2.08171
0.0209271
2.35299
0.0139694
0.686371
3.32507
0.0163206
1.93651
0.106301
0.0723532
0.0129716
0.301555
0.095503
0.163147
2.77385
0.0528579
0.102247
0.00775892
0.586686
0.101853
0.0420179
0.619194
0.0164665
0.0189633
0.0330574
0.072633
0.0399199
0.052043
0.0317847
0.0392535
0.0161745
0.0559301
0.0289158
0.0233457
0.0557886
0.0469125
0.0541325
0.0176557
0.545712
0.0417928
0.684223
1.38397
0.0284074
0.0243915
0.0529031
0.0780506
0.0293369
0.026625
0.0173094
0.0499211
0.886053
0.0194809
0.0325133
0.0442173
0.213484
0.0384856
0.0272233
0.0111389
0.0221748
0.0393443
0.0850672
0.0115142
0.0291056
0.0574544
0.113153
0.0728812
0.0122028
4.66951
0.0636693
0.560912
0.0321034
0.0258243
0.0488291
0.0243935
0.355455
0.0769648
0.0110075
0.109005
0.0267712
0.108819
0.0446687
0.882385
0.526521
0.903249
0.0772714
0.0396112
0.47508
0.555151
1.21353
0.0576562
0.597613
0.0399048
0.056038
0.0321258
0.381212
0.0597233
0.0566004
0.0802619
1.43416
0.00903046
0.0678551
0.0330856
0.0228336
0.0379132
2.1794
0.0604566
0.052723
0.0111845
3.03529
0.0206759
1.15581
0.010125
0.00495199
0.0363511
0.0855483
0.0117094
0.0807919
0.0650001
0.20411
0.0333673
0.00795325
0.0178687
0.0387746
0.0508434
0.377831
0.0270014
0.0988501
0.0327993
0.100372
0.0117112
0.416197
0.0454588
0.0987083
3.59614
1.19473
0.0402573
0.674596
4.17547
0.0176362
0.732417
0.0232858
0.168505
0.0191198
0.0207457
0.044555
0.00656975
0.0200309
0.0143889
0.0958373
0.0371486
0.021116
0.0199561
0.0265148
0.0206694
0.0411496
0.95439
0.0773124
0.0109926
0.00813856
0.0196609
0.0199947
0.0770595
0.0253408
0.476322
0.0218523
0.35436
0.0197873
0.0268976
0.0126945
0.0164726
0.123263
0.150404
0.0599513
0.0142891
0.022831
0.0469866
0.0142247
0.0163977
0.0247186
0.34075
0.015479
0.741338
0.0247822
0.106308
0.112683
0.146593
0.566925
0.0401635
0.0377331
0.0941377
0.100279
0.0601457
0.0321578
0.643713
0.036915
0.55189
0.0276033
0.0395288
0.0316102
1.70008
0.0187521
0.017048
0.284099
0.0255855
0.0551366
0.0836851
0.0575458
0.0323377
0.105361
0.00524252
0.02582
1.22899
0.0128136
0.335532
1.01965
0.055997
0.026959
0.0157481
0.0301221
0.0196021
0.035897
0.0241927
0.067673
0.0243797
1.04069
0.903835
0.011194
0.0373041
0.0612643
0.0121056
0.999372
0.0790174
0.0606185
0.0698044
0.025795
0.0569326
0.325594
0.0162683
0.0346536
0.00677771
0.168888
0.0278766
0.186869
0.661797
0.104969
2.35818
0.0362762
0.126886
0.122258
0.666552
0.0248971
3.68486
0.0329778
0.0594665
0.385705
0.0301122
0.973162
0.134982
0.0132418
0.0758639
0.0483273
0.903984
0.0919808
0.0586529
0.375329
0.0144619
0.674466
0.271424
0.0284173
0.732557
0.019857
0.0313116
0.809993
0.04
0.0486272
0.0122753
2.34651
0.00711226
0.0167822
0.818684
0.299583
0.0520277
0.0399266
0.0382666
0.133062
0.606014
0.554773
0.302232
0.0340235
0.0451546
0.0117694
0.807902
1.58843
0.285995
0.276987
0.0280559
0.0746487
0.0158383
0.0214644
0.018815
0.0239181
0.0219373
0.0290247
0.076238
0.386118
0.0638208
0.581744
0.0654793
0.198209
0.138976
0.0742566
0.02691
0.0292322
0.0601776
0.438796
0.0459898
0.0523738
0.0486769
0.0824567
0.764286
0.126691
0.00733696
0.0175394
0.599792
0.139173
0.0320261
0.161523
0.395036
0.185378
0.0583333
0.0698992
0.658783
0.0261176
0.318756
0.893318
0.019831
0.0397327
0.271996
0.0195816
0.0356434
0.142276
0.686652
0.364847
0.0305784
0.729932
0.0766405
0.315878
0.51337
0.145552
0.798772
0.0359666
0.906525
0.355351
0.0116612
0.0157771
0.0507527
0.0736672
0.229035
0.286879
0.045413
0.0411269
0.082038
0.0199195
0.106262
0.0487005
0.0524694
0.287543
0.300524
0.0644472
0.361613
0.116346
0.15724
0.0710289
0.0130922
0.0630112
0.146297
0.0765319
0.0727148
0.100185
0.148989
0.068939
0.0857132
0.194073
0.434665
0.0530941
0.205877
0.0410985
0.120932
0.129968
0.0329709
0.132525
0.0369185
0.0265745
0.289015
0.136027
0.0429918
0.0301773
0.0491822
0.0496069
1.37526
0.0730882
0.0880339
0.0303112
0.0731152
0.259825
0.515281
0.0205431
0.040246
0.0697661
0.0909018
0.124295
0.0429508
0.0380808
0.122408
0.0196957
0.0331703
0.0650663
0.0432749
0.0704442
0.032886
0.0476281
0.021693
0.00701333
0.110723
0.0367375
0.0163856
0.0799112
0.0335429
0.0400947
0.026975
0.0153577
0.040009
0.0137958
0.0209751
0.0909868
0.0693686
0.113441
0.0384343
0.0106344
0.0215516
0.037956
0.0172708
0.033896
0.0973684
0.0352845
0.035981
0.783677
0.204342
0.00911794
0.0211478
0.0382315
0.0488395
0.0546417
0.0329704
0.0416854
0.0582224
0.0224174
0.0547943
0.0247204
0.688664
0.00884223
0.0460948
0.035361
0.0191122
0.0391411
0.020096
0.0166181
0.0242613
0.0127869
0.020771
0.0234602
0.031406
0.035589
0.0203123
0.0545788
0.0338054
0.0202616
0.0164093
0.24877
3.14169
0.217403
1.44319
0.0393786
0.0472899
0.0201728
0.0258974
0.021261
0.0170935
0.0289888
0.0272864
0.0731328
0.0714472
0.0241507
0.0619606
0.155511
0.0281815
0.00252363
0.0205872
0.0300391
0.190855
0.0515324
0.0292765
0.00913585
0.0135702
0.0345446
0.0417619
0.105044
0.0260763
0.023228
0.0226085
0.0893388
0.0275549
0.0165313
0.0695621
0.035651
0.0354669
0.0255326
0.0378091
0.0560481
0.0179008
0.0659878
0.0149839
0.0505197
0.0243008
0.0184425
0.0610717
0.00592526
0.110266
0.0102916
0.0228426
0.023064
0.030962
0.203067
0.0231972
0.0640891
0.0711242
0.0808851
0.0657482
0.0117911
0.0462707
0.0078117
0.0547072
0.0156565
0.0198006
0.0114848
0.175379
0.0184842
0.0409151
0.571062
0.0147304
0.0487515
0.0328903
0.0263753
0.011348
0.0532759
0.0180583
0.0965628
0.0463151
0.058907
0.0269762
0.157475
0.0574815
0.0694296
0.0658038
0.0379017
0.0130634
0.0145563
0.019105
0.034846
0.0277466
0.00742575
0.0301834
0.0453058
0.0310435
0.12421
0.0336259
0.0834169
0.0131585
0.0422389
0.0202282
0.0787522
0.0333351
0.0514647
0.0189344
0.0692802
0.202732
0.0897643
0.0417399
0.0476831
0.011253
0.104322
0.0868912
0.0253322
0.0873965
0.0762361
0.022452
0.011011
0.0970968
0.0729617
0.0292507
0.0471907
0.0193815
0.0914451
0.0157001
0.0531397
0.00734981
0.0904496
0.0756204
0.147624
0.0533738
0.0884442
0.0144445
0.0108938
0.0268728
0.104145
0.0571677
0.0339328
0.0994832
0.0194766
0.0435727
0.0192731
0.0633391
0.0517392
0.0158446
0.0243578
0.0343663
0.121201
0.0855493
0.0585463
0.0340884
0.0221386
0.0174458
0.0716876
0.0264997
0.0235316
0.0291716
0.166044
0.152135
3.06623
0.0606279
0.0477537
0.102218
0.0505971
0.0163599
1.61626
0.0712257
0.328127
0.0618512
0.0304345
2.9447
0.0398332
0.0212317
0.0218886
0.545292
0.0204794
0.805276
0.116328
0.0324977
1.34452
0.0517884
0.848994
0.0656394
0.0148837
0.905125
1.10795
0.093847
0.029143
1.71065
0.0279154
0.0249905
0.274823
0.456269
0.347495
1.34364
0.131746
2.86904
0.226471
0.0225731
0.0716153
0.536512
0.373002
0.0142004
0.72293
0.0776605
0.0311681
0.0240088
0.0334128
0.0433321
0.0370804
0.0450341
0.0143854
0.0586752
0.0225787
0.802653
0.0331477
1.15111
0.020041
0.0500954
0.314227
0.0237633
2.28152
0.0321089
0.0323647
0.0868674
0.044498
0.128736
2.06005
0.030183
0.461204
0.0493058
0.109449
0.0897737
0.246197
0.589563
0.710559
0.0374541
0.988359
2.05874
0.0247586
0.0717475
0.0371582
0.044959
0.642368
0.40296
0.0397383
0.0150103
0.066893
2.23226
0.983947
0.0382073
0.0380818
0.0767526
0.235568
0.956818
0.0309064
1.07338
0.639819
0.0149955
0.184329
0.759806
0.705334
0.213857
0.930096
0.0147046
0.393405
0.583976
0.00945485
0.384029
0.373661
0.0400976
0.595782
0.492388
0.228844
0.0213354
0.3162
0.816809
0.439172
0.325646
0.0296937
0.0516234
1.40403
0.263441
0.0336454
0.0897969
0.0322154
0.238763
0.294187
2.2536
0.27604
0.190216
0.0489212
0.539542
1.87399
0.195246
0.0256001
0.028624
0.274695
0.298047
0.257289
0.00710559
0.0211817
0.59099
0.0229174
0.0558115
0.0263369
0.0363157
0.482503
0.0445975
0.0295727
0.0115526
0.0183411
0.0399728
0.0798111
0.762522
0.0162798
0.037484
0.0165604
0.0497863
0.0182405
0.366347
0.0438722
0.0342268
0.0142041
0.111091
0.0381006
0.0722239
0.0468289
0.0224071
0.466974
0.0516158
0.00876801
0.886778
0.0695808
0.0500943
0.0553714
0.0139141
0.269558
2.14016
1.87309
0.549461
0.0362239
0.458038
0.268195
0.0218926
0.0448854
0.241426
0.0288219
0.102927
0.0267806
0.036958
0.246958
0.028052
0.457587
0.04565
0.650561
0.637577
0.177375
0.385425
0.306627
0.0975881
0.168696
0.116797
0.0957019
0.809701
1.20488
0.0312904
1.47209
0.0257201
0.0138945
0.0608925
2.5427
0.0192457
1.06694
0.634586
0.782811
0.627474
0.318212
0.0990115
0.101511
2.83257
0.0259293
0.0637074
0.0181819
0.795759
0.921983
2.00476
0.0463206
0.251874
0.637587
0.139796
0.217681
0.120098
0.0172078
0.0316321
0.0515241
0.0182559
0.0672284
0.0758765
0.0366211
0.208709
0.191374
0.0588147
0.115252
0.0550386
0.256983
0.223737
0.00666274
0.631068
0.0428954
0.386116
0.0605766
0.822973
0.0606688
0.0238382
0.0285886
0.755752
5.11776
0.0828861
2.91875
0.481389
0.0214924
0.043857
0.0845817
0.102176
0.0638467
0.0289192
0.0515225
0.0228986
0.698789
0.0313907
0.010812
0.0751334
0.0380267
1.56639
0.676789
0.0412992
0.021998
0.0346657
0.0596448
0.685302
1.74017
0.0358874
0.252802
0.68268
0.0189699
1.88805
1.59224
0.0514696
0.0535241
0.262435
0.0675804
0.204254
0.474358
2.16561
1.21125
0.0611453
0.0618674
0.587803
0.0220125
0.374094
0.241
0.0548547
1.57972
0.65825
0.0460728
2.64939
1.48866
0.02832
0.452569
0.0911595
0.586685
0.0330298
0.239804
0.872197
0.271097
1.9391
0.031156
0.356251
0.0880999
0.286888
1.48124
0.124402
0.108996
0.00589038
0.0527029
0.0230271
0.0120767
0.0221157
0.038803
0.0159835
0.0440088
0.010748
0.0275038
0.352664
0.0296609
0.019063
0.830829
0.425535
0.0437881
0.0261105
0.0148003
0.0148583
0.065924
0.0210505
0.0567446
0.0190258
0.0385786
0.017553
0.0446976
0.00782015
0.0130602
0.0212645
0.67025
0.762056
0.00508582
0.016785
0.0375838
0.0106469
0.0271225
0.350754
0.020443
0.176106
0.0134516
0.0439362
0.0240271
0.880987
0.185651
0.381354
1.24657
2.9765
0.0131795
1.44314
0.25727
2.33913
0.0355226
0.344412
0.937753
0.037762
0.107965
0.514192
0.46105
1.20236
0.0326894
1.40544
0.422725
0.511013
1.1416
0.0103857
0.459927
0.922258
0.646556
2.16783
0.0105205
0.0516124
0.0220426
0.737425
0.0922831
1.45974
2.05926
0.641348
0.00679287
0.00617918
0.713994
0.0147402
0.605914
0.0121112
1.18414
0.0302804
0.908554
0.503009
0.0401753
0.0236072
0.0289797
0.0228774
0.73304
0.601031
0.605497
0.96209
0.0099312
0.0552867
0.0116101
0.0262918
0.0102198
2.587
0.488889
0.0413003
0.62045
0.372393
1.96807
0.214018
1.22027
0.0090778
0.0141944
0.0295988
0.0142889
0.835918
0.723274
0.0237404
0.87108
1.01971
0.0284027
0.812757
1.18177
0.69855
0.013161
0.694871
0.0499892
0.0140078
0.00860367
1.26166
0.0124033
0.0313599
0.023869
0.0196051
1.7463
2.28158
0.126423
0.090595
0.0231699
0.733609
0.030277
0.231578
0.601684
0.0891882
0.0243002
1.02771
0.169324
0.697145
0.342402
0.12978
2.41983
0.0226784
0.0248804
0.0209757
0.0170483
0.614392
0.0121402
0.563254
0.214866
0.0255877
0.0121335
0.381213
0.418107
0.786371
0.00885954
0.0217597
0.549269
0.012893
0.872804
0.16279
0.847711
0.00780313
0.606411
0.0110998
0.0203728
0.0206171
0.0452186
0.0173763
0.0156935
0.0397936
0.0905726
0.41041
0.514554
1.28354
2.18104
1.21552
1.9034
0.753113
1.02174
0.0997635
0.276709
0.15302
0.427398
0.0522678
1.28976
0.0559014
0.126732
0.0112816
0.0856219
0.885063
0.0756559
0.0284981
0.652874
0.0181009
0.19336
0.0328132
0.491924
3.18481
0.0253096
0.0517367
3.27766
0.428101
0.428486
0.221543
0.13467
0.0282301
0.0281437
0.668983
0.176962
1.35108
0.0723491
0.129631
0.442752
0.0546079
0.0646008
0.01898
0.0330822
0.303835
0.0255444
0.866314
1.73841
0.0855136
0.0179858
1.1548
0.194745
0.194768
0.0712954
0.864179
0.128667
0.0489677
0.0928309
0.052098
0.0417698
0.306569
1.20697
0.486318
0.0415804
0.0695534
0.00744605
0.0667873
0.079022
0.0230162
0.0253538
0.0371315
0.0379612
0.98371
1.523
0.80016
0.047055
0.0839308
0.407616
0.0385215
0.256316
0.357234
2.23973
0.0256818
0.489307
0.0659471
0.954122
0.959821
0.0512139
0.313602
0.0659914
0.0580619
0.397488
0.0320435
0.0808478
0.202575
0.129359
0.249108
0.0190051
1.20188
0.0521129
0.0309582
0.0302155
0.0448703
0.015999
0.0528393
0.649287
0.979524
0.020394
2.0095
0.030119
0.0160418
0.0307956
0.0164769
0.0278873
0.0617977
0.0708566
0.0288761
0.117805
0.266191
0.577522
0.303286
0.32456
0.00886245
0.191342
0.0174843
0.524277
0.0181779
0.0479853
0.0304535
0.0868046
0.0634784
0.0318405
0.00328922
0.0648169
0.0833898
0.0195909
0.0263542
0.0186127
0.0233774
0.0337651
0.00789253
0.0433173
0.0477625
0.0217164
0.0290793
0.0733706
0.0161704
0.0307405
3.08246
0.0383058
0.0573174
0.0192316
0.00824635
0.028441
0.0249448
0.0571578
0.339868
0.0124749
0.0242044
0.0595742
0.0271619
0.0892153
0.0498682
0.0154124
0.0345831
0.807337
0.136073
0.0185056
0.029808
0.0241909
0.0219889
0.379093
0.0262029
0.0614685
0.0386508
0.04898
0.0605565
0.0958021
0.029696
0.0234208
0.0302216
0.00299207
1.09153
0.0231427
0.0433403
0.0146294
0.0309517
0.00977462
0.063082
0.0299094
0.924195
0.174103
0.0273837
0.0266696
0.0582035
0.81596
0.014322
0.013448
0.0233097
0.0218648
0.855126
0.0339498
0.0319358
0.016354
2.81822
1.39761
0.0301085
0.0739117
0.0304764
0.0433389
0.0409416
0.0187148
0.036737
0.0176687
3.1327
0.040166
0.00611569
0.0228413
0.0306495
0.0256648
0.0392571
0.0437079
0.0280709
2.425
0.0381007
0.0405489
0.0132922
0.0483918
0.0936109
0.0409176
0.0332719
0.0311492
0.0235158
0.0166071
0.00477446
0.0826543
0.0464568
0.287242
0.033981
0.32821
0.540817
0.0213743
0.0213695
0.0251672
0.786212
0.0229341
1.16998
0.0269937
0.0189204
0.410259
0.0421477
0.0478953
0.0124899
0.0279392
0.0280798
0.0125118
0.0309721
0.110465
0.058523
0.014469
0.0236254
0.107918
0.0355133
0.00912938
0.0100063
0.282226
0.271518
0.0360953
0.0127189
0.0139006
0.0726313
0.0122427
0.0178553
0.0163117
0.00356935
0.0168741
0.198673
0.0124382
0.0118671
0.224617
0.0317232
0.477605
0.359312
0.0145964
0.0904772
2.89602
0.254086
0.353629
2.21721
0.748815
0.146487
0.0436055
0.278029
0.202916
0.122002
0.787806
0.17576
0.0405286
0.0494129
0.0577164
1.04844
0.709624
0.660374
0.0965147
0.463479
0.284648
0.0260099
0.8183
0.407686
0.973512
0.22024
0.0912631
0.676703
0.194654
0.663086
2.35207
0.852367
0.958653
1.98287
0.023393
0.0504899
1.00972
0.0332102
0.0600754
0.129742
0.265548
0.0424146
0.957059
2.42822
0.454933
0.0105058
0.0158285
0.0437594
0.808781
0.0227112
0.141111
0.00227602
0.00920096
0.0419722
0.0420143
0.42578
0.030128
0.963963
0.0333981
2.39676
0.0471367
0.0184174
0.043564
1.53668
0.19804
0.453819
0.0308718
0.0293973
0.0259006
0.325762
0.0191324
0.572732
0.00773703
2.48727
0.0458464
2.10461
0.0210682
0.257158
0.0226299
0.0121257
0.366862
0.151684
2.16672
0.358398
0.0769974
0.435146
0.775242
0.0183196
0.0363412
0.0106718
2.00593
0.0243441
0.0727433
0.0269151
0.0523958
0.0274746
0.670019
0.00840178
0.303034
0.127603
0.0201568
0.065362
0.105213
0.213148
0.0557563
0.274293
0.506938
0.0174354
0.892971
0.229223
0.100655
0.632564
0.0215882
0.0332438
1.28228
0.0942335
1.6854
0.0748621
0.0187184
0.0888959
0.0159343
0.308556
0.0745403
0.0196546
0.0216715
0.333178
0.388127
0.0337074
0.200085
2.06622
2.66676
0.031744
0.0545057
0.446375
1.45314
0.224878
0.0704605
0.0344785
0.0216414
0.19613
0.0338364
2.85581
0.581516
0.167836
0.193378
0.40168
0.897113
0.717222
0.428598
0.0624628
0.648955
0.0480495
0.0694604
0.0219101
0.0330058
0.216645
0.0920585
0.116628
0.352797
0.0369204
0.146169
0.412566
0.196235
0.0222495
2.47292
0.319337
0.726567
0.0855397
1.35902
0.0318513
0.40098
0.186652
2.2319
1.70574
0.031378
1.71192
0.0871179
2.22136
3.65559
0.166535
0.426048
0.0889955
0.0356473
0.179122
0.499663
0.106386
0.0912695
0.656586
0.0165689
0.0340774
0.0421731
0.153215
0.0486268
0.205498
0.0661796
0.727853
2.66129
0.340069
0.0711437
0.058883
0.83193
0.100272
0.0758134
1.17008
1.12459
0.0353959
0.293265
0.337326
1.90649
0.270783
0.16329
1.19792
0.828352
3.25526
0.850841
1.44575
0.0228963
1.7121
1.48461
0.90742
0.772027
1.02726
0.342841
1.24931
0.714858
0.0362675
0.0564624
0.100724
1.13319
0.352018
0.264868
0.353116
0.10287
1.73557
0.290601
0.745869
1.01521
0.383899
0.85904
0.41294
0.067134
0.0234776
1.68591
0.0954381
0.332334
1.13697
0.910484
2.64677
0.025786
0.225133
0.111111
1.13111
0.631218
0.931977
0.0581952
2.46968
0.0152903
0.658845
0.161067
0.0609771
0.0780893
0.0480987
0.0303648
2.41549
2.09324
0.61095
0.0320701
0.0334596
0.05788
0.463631
0.427772
0.0240954
0.183605
0.434255
0.0628839
0.320209
0.0907289
0.0649879
0.115723
1.6355
0.0887555
0.03264
0.549393
0.0354096
0.0122032
0.0192021
0.390474
0.115817
0.492672
0.195924
0.114605
0.0400048
0.0388346
0.0325679
0.0929915
0.0334624
1.56713
0.439337
0.276879
0.981458
0.0514221
2.58151
2.37634
0.103449
0.366588
0.111666
0.0520943
1.17106
0.0257261
0.836644
0.0154122
2.67194
0.0800499
0.198948
1.98693
1.38321
0.0703808
0.0304683
2.29501
0.0264383
0.875109
0.186448
0.373965
0.0269986
0.0954536
0.0292079
0.120981
0.0436632
0.0372225
0.0180953
0.0143798
0.0370011
0.0482295
0.54397
0.773598
0.248573
0.0285245
0.357003
0.100111
1.43774
0.00882022
0.0930828
1.48693
1.1328
0.180871
0.0520243
0.0585776
0.178778
0.165077
0.0431733
0.0225592
0.0428186
0.0246251
1.04893
0.589741
0.686432
0.0552656
1.07518
0.284836
0.0385868
0.013648
0.0201019
0.580957
0.721894
1.59534
1.38829
0.0387634
0.0132235
0.047509
1.07517
0.013645
0.0382666
0.480495
0.0594098
0.0503665
0.029101
0.253638
0.977377
0.0580811
0.120476
0.79119
0.766368
0.00612776
0.0416867
0.0366751
0.0251415
0.0315666
0.0225322
0.0363275
1.02229
0.42438
0.0624836
0.496952
0.439959
0.273227
0.00886524
2.26795
0.0681619
0.187035
1.61962
1.92005
3.15016
2.02834
0.339376
0.478281
0.0997346
0.132565
0.0275978
0.494761
0.048613
0.0313475
0.0976252
0.0212603
0.356239
0.119073
2.17473
1.09805
2.6086
4.15047
0.0106597
0.150113
0.487244
1.47689
2.087
0.0759901
0.125986
0.598315
0.0161662
0.0404754
0.0316922
0.16018
0.0230649
0.105279
0.0954672
0.0458253
0.0172037
0.950243
1.77051
1.68461
0.332877
0.0411025
0.0459096
0.0301697
2.82661
0.0300791
0.224197
0.631156
2.83093
0.334604
0.202633
0.699096
0.798548
0.194936
1.94128
0.0110673
0.45867
1.78935
0.0341756
0.31954
0.844952
0.0561193
1.00644
0.811196
0.0844065
0.158929
1.45137
1.47741
1.74709
1.85466
0.811626
0.146237
0.0261436
0.00826568
0.038903
0.17033
0.055789
1.34083
0.913482
0.518383
0.128635
1.22656
1.40834
0.247563
0.90183
0.0263448
0.0168446
0.0161571
0.067009
0.0259463
0.0264398
0.0404265
0.104298
0.0538927
1.37227
0.0212188
0.0128514
0.0116851
0.0147516
0.0151423
0.011659
0.00894186
0.0642928
1.06093
0.0623698
0.122275
0.219773
0.025945
0.0461694
0.0394171
0.16292
0.377566
0.0127698
0.0324676
0.0371318
0.0880752
0.262283
1.77274
0.0761593
0.0260454
0.0656754
0.845353
1.55068
1.63931
0.0351082
0.0781596
0.0278568
0.492826
0.702696
0.0922888
0.0401112
0.112609
0.0193837
0.127636
0.600274
0.040333
0.0156163
1.03767
0.237527
2.5091
0.441999
0.151782
0.142381
0.0337062
0.654805
0.882491
0.3397
2.13892
3.09168
1.85168
0.438105
0.161329
0.17203
0.117328
0.0126569
0.0660799
0.0270169
0.0163529
0.0538875
0.0106585
0.0105436
2.29871
0.0356509
0.04631
0.0283599
0.289177
0.681158
0.0164855
0.684825
0.0672315
0.60493
0.341562
0.0308934
0.598006
0.00394474
0.5772
1.13469
0.0840909
0.0401604
0.62281
0.469682
0.0145553
0.244819
0.0143669
1.08503
0.888011
0.234245
0.62307
0.58882
0.0190435
1.99103
0.741776
0.142655
0.0608011
0.0230388
0.0287583
0.104688
0.0175818
0.135686
2.1416
0.0136921
0.0188566
0.123699
0.0711153
0.239662
0.719425
0.0199021
1.14223
0.01801
1.90111
1.34766
0.424737
0.962594
0.107007
0.048256
1.05191
0.026407
0.292096
0.044712
2.37328
0.694483
0.0652321
1.10558
0.216082
0.0396264
0.605741
1.34412
0.0463739
0.284318
3.44365
0.016893
1.95523
1.00319
1.05575
0.0695157
0.860914
1.22538
0.037306
0.347937
2.08745
0.0214129
0.135698
3.68029
0.458391
0.160644
0.0742355
1.71773
3.41098
2.69114
0.0960109
0.733871
0.370725
0.159936
1.62582
0.0417526
1.2208
0.615622
0.0341079
0.522921
0.473691
0.0666095
0.0362848
1.52156
3.20138
0.149905
0.0830968
0.753226
3.75566
0.862201
0.00503513
0.455432
3.04734
0.0137802
0.850172
0.035979
0.0699188
0.0173924
0.0538253
0.431184
0.0481392
2.4844
0.0492852
0.0584895
0.0533714
0.418356
0.235513
0.373741
0.049007
0.0693841
4.39042
2.26424
0.115017
0.140784
1.71434
0.391227
0.0825012
0.510712
0.0391538
0.0144578
0.748607
0.138821
0.0185549
0.0121863
0.0583174
0.115956
0.0181594
0.0165009
5.8452
0.89181
0.0768178
0.0162424
0.430435
0.0638036
0.028198
0.0109452
0.541212
0.658138
2.08714
0.0837431
0.94632
0.00799621
0.332464
0.227318
0.108851
0.0149667
2.13074
0.0186553
0.64877
0.994375
0.0512827
0.0254834
0.0261056
0.0519048
0.0525564
0.00876081
0.0767169
0.204462
1.23354
1.24697
0.295887
1.32115
0.036877
0.0368015
0.247627
0.254827
0.0275802
0.591884
0.0621066
0.404116
0.927227
0.868752
0.0185642
0.158916
0.159689
0.234437
0.516913
0.124582
0.0300744
0.187387
0.227851
0.661411
1.34121
0.946749
0.731513
0.599342
0.335675
0.47906
0.697198
0.0687485
0.111552
0.0540878
0.0209935
2.51111
0.713917
0.217999
0.705454
1.03586
0.0156041
0.417257
0.0244326
0.289514
0.353395
0.840352
1.18491
0.0822422
0.479726
0.279027
0.23812
1.49923
0.0663354
0.809991
0.806053
0.0820829
0.039324
0.569291
0.059062
0.0773527
0.711022
1.67633
0.187413
0.0699488
0.0396508
0.723886
0.0647402
0.0978642
0.019076
1.71848
0.0268464
0.195381
2.54178
0.0511013
0.0575774
1.93549
0.120082
0.085053
0.970902
0.00570057
0.290007
0.0368715
0.0275994
0.731669
0.0628852
1.60847
0.0129736
0.0401984
0.670234
0.698645
0.039541
0.0160534
1.06356
0.0258463
0.288051
0.0585769
0.0561929
1.01779
0.0464538
0.0851731
0.415218
0.457951
0.0287701
0.0135878
0.0256776
0.0206362
0.608428
0.350813
0.0468907
0.0166366
0.0727975
0.487716
0.845466
0.158921
0.0176082
0.0303193
0.45978
0.0328423
0.0482461
0.433168
0.0303305
0.0419007
0.0431722
0.0407471
0.0638901
0.670232
1.12815
0.0291327
0.120447
0.0283488
0.0470676
0.0429239
0.0310599
0.119186
0.0615314
0.0608372
0.0588082
0.018689
0.0499466
0.0396741
0.0537995
0.0355646
1.42206
0.0328362
0.0197888
0.013964
0.0795735
0.0178781
0.0604662
0.0897777
0.0381406
0.0341581
0.0453451
0.0145197
0.0394108
0.266918
0.250636
0.282075
0.736404
0.790209
1.50599
0.0642993
0.0202605
0.0605636
0.0829016
0.0268214
0.894504
0.0526417
0.641852
0.100078
0.0186958
1.3466
0.0215553
0.898064
0.760716
0.0357223
0.0183272
0.0236417
0.00840652
0.0236727
0.64827
0.0273278
0.0323907
1.04447
1.30612
0.264405
0.0276092
0.305519
0.0540877
0.0189349
0.225658
0.697862
0.963017
0.502173
0.0322337
1.50314
0.428759
0.0190286
0.013479
0.0282745
0.0238672
1.68854
0.927735
0.0178368
0.0255643
0.0393573
1.16697
0.0212219
0.0652461
0.414743
0.0892124
0.603818
0.0086326
0.549721
1.58751
0.0242954
0.0131877
0.0251913
0.00985271
0.443771
0.0514967
0.403493
0.0207812
0.0213294
0.0915342
0.040873
0.0234471
0.0178998
0.0376233
0.330349
1.74501
1.46704
0.774494
0.0610808
0.0233221
0.0169798
0.0233909
0.0286169
0.0330014
0.930628
2.89094
0.437182
0.0146971
0.0422165
1.23566
0.710672
0.0931607
0.0263455
0.0265141
0.0275892
0.0105087
0.0828188
0.793927
0.0397404
0.168749
0.0229594
0.0925271
1.19034
1.81574
0.212606
0.0657359
0.00818779
0.217564
0.696697
0.458766
0.0147246
0.90787
0.0568016
0.684915
0.0205521
2.83082
0.0359643
0.396261
0.542595
0.246801
0.190735
0.018414
0.615149
0.115814
0.575315
0.445181
0.0224827
0.0482595
0.0124657
0.024491
0.959884
0.625805
0.681968
0.0415463
0.0106415
0.877765
0.0541141
0.0082838
0.0187993
1.26455
0.652872
0.225835
0.0165805
0.735993
0.411923
0.454224
0.0223506
0.0583835
0.0166744
0.00996146
0.0794324
0.451633
0.212455
1.34485
0.47004
1.9263
0.0309364
0.799855
0.107653
1.34155
0.542548
0.260894
0.216288
0.0264721
0.0569561
0.0168903
0.98951
1.29096
0.00976019
0.0611098
0.211716
0.0125124
0.0599017
0.0564142
0.0130211
6.21795
1.33204
0.118916
0.0340323
0.383378
0.124349
0.0732439
0.146764
0.0769012
0.0204164
4.77765
0.261472
0.42495
0.163825
0.117648
0.0586499
0.146263
1.2602
0.0908102
1.02183
0.0332956
1.22696
0.465513
0.047042
0.0346704
0.0163756
1.25074
0.0580166
0.824958
1.64399
0.00688555
0.215103
0.361695
0.0712853
0.768817
0.934749
0.677113
0.0299746
0.0182069
0.290688
0.688102
0.0195005
3.17162
0.859297
0.271048
0.753379
0.186294
0.439728
1.14911
0.870562
0.919082
0.0192559
0.0373874
3.62331
0.0208745
0.685517
0.122588
0.672538
0.0165325
0.0116931
0.694648
0.0243219
1.19555
0.0370246
0.00629603
0.013844
0.0937955
0.0307967
0.0262935
0.617876
0.0377779
0.00674464
0.0312807
0.0258716
0.0507536
0.0182904
0.081671
0.791122
0.0109839
0.024041
0.0203108
1.51787
0.155356
0.0215115
0.0309847
0.0262457
0.0362985
0.0176329
0.0520526
0.0212834
0.0886444
0.0359583
0.0553558
0.0495456
0.00542178
0.0229223
0.092237
0.026377
0.032466
0.0193796
0.00890027
0.0549667
0.0158914
0.0639303
0.0221525
0.0141337
0.64154
0.0589571
0.0711217
0.0546118
0.029633
0.0251135
0.0447748
0.216421
0.0463735
0.0215134
0.0114015
0.0190928
0.0687361
0.0490697
0.0118641
0.0239734
0.0401746
0.026881
0.386909
0.0268942
0.0112998
0.998639
0.151762
0.726952
0.0345296
0.0108813
0.0581041
0.0280616
0.00662789
0.0841284
0.0236221
0.0501385
0.00732593
0.0373391
0.011559
0.0199974
0.112028
0.0208548
0.822064
0.0159173
0.0909944
0.0407668
0.756488
0.595162
3.38394
0.011092
0.057188
0.0667568
0.0249208
0.0177339
0.0577875
0.0243524
0.0520856
0.715395
0.0619222
0.0423703
0.290701
0.0546626
0.590295
0.00998852
0.0821212
0.853997
0.0955738
0.889357
0.0538782
0.081754
2.75862
0.595619
0.051667
0.0115319
0.018808
0.0273486
0.949849
0.0159745
0.0167196
0.109358
1.6466
0.145442
0.0442165
0.0355731
0.0127439
0.0114096
0.0207284
0.0278788
0.0363621
0.0157435
0.0113301
0.00684127
0.740832
0.16977
0.290545
0.104968
0.776355
0.180921
0.0225318
0.0176046
0.999079
0.0217001
0.0397779
2.01899
0.0647772
3.02088
0.0263866
0.0676364
0.323558
0.0127183
0.0391479
0.0315617
0.0152019
0.196873
0.117409
0.838026
0.054071
0.0328246
0.0489314
0.215939
0.676835
0.0220857
0.313672
1.15276
0.0234547
0.0603768
0.107556
0.0231018
0.107364
0.019709
0.0667046
0.038125
0.0171584
3.47854
0.0150313
0.0403635
0.0201697
0.0200711
0.281196
0.04915
0.144883
0.0137983
0.0392768
0.0283193
0.0227744
3.58993
0.0106304
0.0532746
0.00949131
0.0275492
0.0406176
3.92505
0.149278
0.106614
0.0425968
0.0707184
0.0118884
0.0619145
0.0367498
0.0579508
0.0533607
0.0201879
0.0332499
0.0297514
0.0303732
0.193015
0.0319832
0.544729
0.0133683
0.0123179
0.00452467
0.022857
0.443329
0.021458
0.0599682
0.0221497
0.159679
0.0626998
0.471649
0.0586395
0.13364
0.206956
0.224986
0.177484
1.35295
0.0175594
0.0406605
2.99458
0.0232997
0.777146
0.0187979
0.834669
0.0305099
0.112302
1.02328
0.581051
0.0468312
2.38805
0.0577876
0.24821
0.0362823
0.273698
0.256229
0.754116
0.36392
0.0362111
0.0266036
0.080977
0.09734
0.191492
0.0679664
0.55945
0.500536
0.0211071
0.0409076
3.22932
0.0250042
3.85547
0.132678
4.58514
1.05682
2.70659
0.23318
1.85413
1.25863
0.0936968
1.50666
0.0860112
1.10994
0.0844112
0.024727
0.0109842
1.42625
0.503494
0.527975
1.0136
0.0360521
2.20804
0.24765
0.48728
0.124377
0.119378
0.90661
0.0956749
0.0953378
0.716059
0.565955
0.0603174
0.00717737
0.0423709
0.0113882
0.0183539
0.351129
0.0376589
0.996537
0.0821965
0.256133
0.511127
2.52093
0.223044
0.0343796
0.052928
0.0478275
0.0171861
0.830376
0.0321151
0.174692
0.546858
1.51103
0.0499821
0.0303399
0.143262
0.00578244
0.0111059
0.50202
0.0295101
0.0368361
0.610901
0.0459373
0.0355712
0.0483353
0.0506154
0.790661
0.137768
1.09306
0.920231
0.0707419
0.0491511
0.016245
0.203052
0.0471548
0.66167
0.768552
0.10948
0.0318336
0.571542
0.794342
0.37269
0.0442674
0.0219478
0.274378
0.437872
0.279764
1.41636
0.0187211
0.0239511
0.0139885
0.0818912
0.367544
0.0141899
0.0190945
0.087093
0.246973
0.0499324
0.445904
0.089977
0.0744475
0.0599239
0.0120435
0.182576
1.44314
0.042806
0.574092
0.275654
0.0218646
0.00575121
0.0278747
0.119667
1.76917
3.25065
0.361552
0.763199
0.489542
0.0851511
0.0426238
1.517
1.13846
0.0404184
0.0792061
1.13328
0.215774
0.0627715
0.857287
0.192322
0.475715
0.206698
0.109049
0.11919
0.695362
1.38421
0.0172443
0.0318434
0.0264044
0.0451392
0.0361112
0.0663765
0.0460241
0.0124511
0.484008
0.719116
0.0263041
0.949392
0.0326336
0.0544632
0.0606226
0.231411
0.0418363
0.0702981
0.028737
0.0902924
0.020561
0.0942863
0.384841
0.0317098
0.0958962
0.137351
1.35655
0.0366489
0.215295
0.282527
0.259142
0.343068
0.0522588
0.957253
1.76401
0.232905
0.666987
0.0951483
0.0230439
0.0308797
0.0216959
0.0181637
0.0719341
0.1446
0.0955946
0.0190598
0.0283903
2.55944
0.0412105
0.116053
0.0354197
0.00985628
0.0394275
0.0334551
0.835491
0.0392993
0.0131685
0.0325856
0.0803441
0.0291502
0.447014
0.0158806
0.0778946
0.0360724
0.172735
0.0717665
0.0148578
0.0267838
0.529149
0.0654753
0.0150006
0.0336497
0.0390892
0.022133
0.0361993
0.0333654
1.93662
0.0249301
0.0424138
0.029576
0.0188248
0.303642
0.0467441
0.628482
0.0137236
0.0543701
0.0561205
0.0620927
0.0339479
0.00610024
0.0117483
0.00625735
0.0175273
0.0325848
0.0197935
0.0629848
0.0134222
0.0285151
0.0154888
0.0421596
0.0492844
0.274967
0.801297
0.010229
0.0155315
0.161214
0.345282
0.0191602
0.022825
0.50884
0.508407
0.671292
0.115201
0.0181226
2.3841
0.00696607
2.18529
0.00422664
0.00713927
0.0246834
0.245769
0.0279156
0.0151513
0.66873
0.0652025
0.0347666
0.0202934
0.338912
0.424783
0.100839
0.517266
0.0121243
0.0792384
0.495076
0.708329
0.0092982
0.64324
0.83961
0.0114331
1.25928
0.0760575
0.0253362
0.00892248
0.0401411
0.0967987
0.0279514
0.0168106
0.15138
0.0962378
0.0961256
0.0542707
0.338196
0.148203
0.026629
2.32382
1.01838
0.0139318
0.0627193
0.79967
0.0247184
0.0344533
0.546727
0.093562
0.0298523
0.0121153
0.0237823
4.63563
0.0248829
0.145686
0.083621
0.0659228
0.0295743
0.510375
0.0178782
0.0187665
0.0420512
3.93627
0.494147
0.0107021
0.0186243
0.00911614
0.024483
3.69466
0.0169394
0.0856573
0.37582
0.0196252
0.415826
0.840057
0.0268736
0.109686
0.0395934
1.31247
0.175608
0.333325
1.02666
0.693703
0.0744365
2.92042
0.0311364
0.924921
0.0165166
0.022199
0.0485237
0.0279383
0.0488903
0.0427521
3.1638
0.0171195
0.266013
0.026723
0.0507529
1.19343
0.0157764
0.0123661
0.902348
0.466959
0.0296975
0.0978761
0.0302048
0.0425313
0.127895
0.345937
0.0957456
0.0104658
0.0211753
0.00925736
0.0570319
0.354948
4.24864
1.27361
0.0707138
0.0671193
0.0098084
0.24821
0.0161747
0.403891
0.0497135
0.756602
2.01732
0.0112753
0.0390758
0.0152484
0.392612
1.11811
0.0856961
0.0128907
0.0328904
0.0786215
2.25565
0.0313616
2.39751
0.0697727
0.0248368
0.0366142
0.0317666
0.030993
0.0222284
0.0332608
0.196204
0.18305
1.1738
0.0160974
0.734118
0.0241064
0.174115
0.722552
1.37852
0.0472354
0.962472
1.3183
0.00791836
0.032716
0.960523
0.0207812
0.055711
0.0432898
0.325931
0.0406326
0.039562
0.0374284
0.170172
0.0113978
0.127022
0.0345654
0.0317364
0.0307721
0.0398975
0.0636489
0.00539163
0.0782738
0.031508
0.0124278
0.0178438
0.0277892
0.151069
1.06714
0.046275
0.106228
0.0232687
0.513207
1.2877
0.0605317
0.0128273
0.294647
0.0248069
0.0693478
0.0579914
0.030467
0.0758838
0.515502
0.015997
0.0125692
0.250473
0.033588
0.0474197
0.0526292
0.0725103
0.0205365
0.0164334
0.0262176
0.0511754
0.821726
0.0164675
0.0229189
0.0381459
0.0323382
1.27093
0.0459013
0.0655155
0.0178471
0.0265187
0.0394363
0.0194157
0.0589475
0.0165188
0.0139303
0.0315589
0.105797
1.27595
0.0621489
0.0396734
0.162469
1.31455
0.0263701
0.529009
0.0246854
0.651735
1.08105
0.0247667
0.804794
0.106079
0.0661509
0.0539336
0.304765
0.788222
0.0225144
0.0288504
0.0406635
0.89404
0.00496421
0.0350344
0.0118149
0.0344697
0.0214641
0.0398226
0.019095
0.0750248
0.0445904
0.033483
0.0437462
0.0151539
0.0304777
0.0417233
0.0713492
0.0745457
0.0790008
0.888044
0.047693
0.0535256
0.0401631
0.0218512
0.0402161
0.0415326
0.040726
0.0279742
0.0457327
0.0362491
0.0440641
0.0770082
0.202474
0.099996
0.00961653
0.189931
0.0306491
0.026026
0.0552637
0.0149564
0.0381162
0.0262026
1.55479
0.0624227
0.0328311
0.0264125
0.0578323
0.0197875
0.0380489
0.0676098
0.201859
0.305577
0.0421302
0.0461371
0.0958523
0.0209541
0.0254626
0.0259869
0.0371604
0.022283
0.0278914
0.799762
0.0512285
1.78174
0.0203284
0.0351915
0.0197242
0.0106256
0.0554224
0.0142411
0.0144702
0.0181346
0.0157807
0.0231497
0.00306306
1.17234
0.0271472
0.046705
0.0620737
0.0347229
0.0310991
0.0590347
0.0290725
0.0385919
0.00701622
0.0191253
0.053095
0.0432451
0.0412254
0.645803
0.0301381
0.0237199
0.0198715
0.0222088
0.00955731
0.0417532
0.0203874
0.0729669
0.0531332
0.0287174
0.018391
0.0103018
0.0365523
0.0247856
0.060931
1.5721
0.0540463
0.0181178
0.0445986
0.0412726
0.0173159
0.00956205
0.0212046
0.0484976
0.0163475
0.014716
0.0343964
0.0161738
0.0334355
0.0353652
0.056152
0.0103702
1.87635
0.0209771
0.0202597
0.0142066
0.017138
0.00713327
0.0284845
0.0684215
0.0198156
0.0212208
0.0477107
0.0226276
0.0158198
0.0210448
0.00837952
0.0953839
0.0275319
0.0287226
0.0365999
0.0404363
0.0160416
1.26587
0.0141408
0.0369
0.042678
0.034093
0.0141823
0.0208555
1.92937
0.018754
0.0155307
0.0464573
0.955609
0.538194
0.060523
0.375158
0.599491
0.0158101
0.678235
1.32653
0.022863
1.43878
0.129952
0.0352163
0.030968
0.0198003
0.363585
1.38268
1.47535
0.0552443
0.0251605
0.0726146
0.0478413
0.0198814
0.942772
0.0283127
0.125075
0.0174207
0.725077
2.13808
2.38716
2.3137
0.0373072
0.0120284
0.0191575
0.425846
0.0672866
0.279826
0.757103
0.823467
0.0400503
0.051629
0.331886
0.279004
0.409235
0.179603
3.16118
2.91131
0.889397
0.0933255
0.0480377
0.278078
0.234006
0.385372
0.579332
0.0547
0.0325492
0.0702894
0.337719
0.363931
0.285984
1.76374
0.0371739
0.0574012
1.54642
0.15265
0.0741779
0.101181
0.0161211
3.02355
0.139759
3.20102
0.423434
0.116361
0.0114669
0.0308475
0.0321376
0.00571102
1.59674
0.360156
3.67647
0.0330927
0.15667
0.0603739
0.236456
0.0557405
0.0633333
0.131604
0.0145046
0.925761
0.106795
0.0372693
0.0118003
0.430676
0.0238369
0.0194581
2.22845
0.0956284
0.222497
0.139765
0.0484377
0.618585
0.381634
0.421016
0.195978
0.0139129
0.535218
0.615948
0.0441311
0.022922
0.376376
1.50006
0.132738
1.48779
0.652322
3.293
2.34209
1.03285
0.160329
1.50969
0.730522
0.0831856
0.12797
0.0498303
0.392793
0.189926
1.11861
0.804705
1.10467
0.0187995
0.0941833
1.16177
0.0180491
0.357273
0.161501
0.228952
1.51255
0.227307
0.764804
0.0279402
0.0503886
0.0791544
0.0569323
0.74958
0.409698
0.131718
1.50954
2.66652
0.266006
0.0790552
0.0195427
0.0291399
0.0434386
0.091287
0.0562733
0.225919
0.144234
0.259258
0.196975
0.0109878
1.50017
0.488047
0.516403
0.0279828
2.45344
0.0129386
0.36209
0.693146
1.05692
0.0298749
1.65116
0.20115
0.0824881
0.369398
0.0120789
0.433979
0.258882
0.106741
0.119047
0.340954
0.145626
0.0680989
0.133713
0.302055
1.12032
0.196718
1.33458
0.0317453
0.0583859
0.918778
1.17554
0.0448889
2.08465
0.202808
0.265598
0.110133
0.69226
0.0357919
1.11085
0.174177
0.0247527
3.85466
0.0160272
0.779236
0.292987
0.0644624
1.33395
0.297458
0.0483577
1.46575
0.0507913
0.0597867
0.947059
0.16215
0.680239
3.66618
0.510794
0.0640282
0.608914
0.432583
0.0331543
1.24728
0.00861845
0.973516
1.58995
0.178747
1.30586
0.0535928
0.51958
1.16907
0.114973
0.140029
0.027021
1.08633
1.51194
0.61569
0.435448
0.128884
0.517185
0.0709954
0.0405089
0.333069
0.375049
0.77555
0.407307
0.444315
0.853382
0.159269
0.0800127
0.326613
0.0131722
0.464625
0.876711
0.0656616
3.8388
0.420818
0.00545773
0.0660403
0.198373
0.337163
0.537854
0.100753
0.0911581
0.649551
0.748018
1.00698
0.194322
1.97071
0.530575
0.0132943
0.241531
0.0214024
0.0136902
0.94178
0.288829
0.0175715
0.331575
0.378282
0.0775403
0.169193
0.0272508
0.171501
0.708505
0.936314
0.460161
0.0134678
0.148937
1.20886
0.243793
0.073531
0.0810302
0.0706933
0.0378907
0.0443466
0.28197
0.037594
0.0426306
0.0922848
0.214104
0.196721
0.263692
0.199443
0.541464
0.224515
0.0161942
0.16011
0.0303047
0.805152
0.0327614
0.2551
0.0490236
0.360231
0.373759
0.0879071
0.0230224
0.873524
0.28351
0.0861334
0.0365813
0.0791582
0.0648879
1.73487
0.0207648
0.971145
0.0588126
0.327007
0.106943
0.879261
0.36541
0.0153257
0.249132
0.0676213
0.0150211
0.513049
0.0194686
0.0650564
0.0139153
0.0144798
0.288926
0.0745275
0.0614102
0.591647
0.131975
0.0469289
0.0885537
0.129115
1.06612
0.0295454
0.76391
0.11043
0.0123198
0.477403
0.0604566
0.0411393
0.0372172
2.07473
0.0135687
0.0189107
0.0371736
0.0308967
0.0225871
0.0512245
0.0119326
0.0463967
0.124698
0.759271
0.0458591
0.0456371
0.753359
0.077762
0.0392333
0.364464
0.045792
0.0462535
0.0346805
0.0238329
0.0859924
0.0665119
3.92822
0.0312877
0.0484443
0.0203955
0.634065
0.0146439
0.0330885
0.0107585
0.0784075
0.0275433
0.110116
0.0370234
0.0764249
0.0150143
0.0254764
0.0556358
0.0205205
0.00540832
0.00987162
1.18321
0.0168375
0.0691977
0.0284073
0.0202351
0.596902
0.0285126
0.100775
0.0572603
0.0126238
0.0249265
0.0298877
0.0475067
0.0262168
0.0220012
0.0905623
0.0232938
1.77285
1.04537
0.102521
0.0326457
0.0521431
0.0544377
0.0267482
0.00503308
2.13379
0.416952
0.507439
0.0536914
0.691938
0.0522964
0.0762086
0.0404507
0.093817
0.890131
1.13478
0.989271
0.0719873
1.81847
0.0393756
1.2258
0.117668
0.991282
0.915357
1.07469
1.74736
1.04088
0.457509
0.0100059
2.70869
0.00896098
0.11163
0.0851119
0.031681
0.00656528
0.595207
0.289013
0.794315
0.0314425
0.0393511
0.0416283
0.117747
0.80124
1.50395
0.0190865
0.0189053
0.780017
0.133229
0.0936757
0.09554
0.883421
1.58003
0.00898082
0.0171319
0.0205389
0.011633
0.0132839
0.0625311
0.00825854
0.584582
0.0107874
0.0857765
1.33665
0.017597
0.0150545
0.0422443
0.00563857
0.0333635
0.403669
0.0280271
0.748201
0.0354755
0.624305
0.369907
0.0667966
0.0475871
0.0473819
1.8534
0.0229201
0.0188363
0.0100953
0.0436145
0.36417
0.022412
0.224531
0.0117997
0.00751097
0.012884
0.0970196
0.384487
0.100095
0.0593982
0.0453921
0.0250537
0.0672021
0.0271906
0.453383
0.011283
1.21464
0.244297
0.715421
0.0820499
0.0399827
0.051589
3.20614
1.74071
0.0451926
2.86397
0.0168514
0.0174925
0.026553
0.0882653
0.398824
0.129291
0.032562
0.0317225
0.0209846
0.0236675
0.892468
0.0327873
1.70556
1.0605
0.0534285
0.0503195
0.0600747
0.244776
0.0433081
0.0100348
0.772755
0.0157852
0.0303415
0.0105185
0.943293
0.191962
0.297413
0.047261
0.048113
0.765306
0.0302528
0.32703
0.782894
0.890945
0.745103
0.0267345
1.51693
0.08584
0.448704
0.0333935
0.335365
0.0149191
0.42395
0.0602861
0.0500293
0.0494445
0.855071
0.51532
0.0268074
0.923048
0.483966
0.292229
0.674908
0.267306
0.0251029
0.0399536
0.0704501
0.103691
1.96258
0.210705
0.556851
0.0479847
0.766142
0.0207552
1.12356
1.42523
0.0656983
0.130698
0.291987
0.110451
0.171681
0.910776
0.47436
0.962624
0.557988
0.0473298
0.0489629
0.88754
0.0345263
0.205744
0.0438604
0.131484
0.045903
1.51115
0.994317
0.136923
0.0390836
0.116929
1.28009
0.615557
0.0464412
0.580495
0.866602
0.472678
2.81029
0.541886
0.139401
0.18581
2.53751
0.0672319
0.246904
0.890267
0.211405
0.111488
0.916008
0.0402718
0.710795
0.0355844
1.03834
1.12021
0.452605
0.891892
0.136303
0.173781
0.384555
0.648814
0.141948
0.295955
0.163438
0.116139
0.0879964
0.0266747
0.0387134
0.0681593
0.145863
0.0721438
0.117295
0.0283127
0.0413017
0.0596199
5.33678
0.0873918
0.0349198
0.90471
0.0477166
0.607311
0.0366186
0.0297917
0.406103
0.0191975
0.0249393
0.285589
0.0288235
0.0611154
0.022763
0.0451037
0.0262099
0.0636634
0.0277161
2.60233
0.426042
1.25096
0.0654059
0.155917
0.0639866
0.0237796
0.0652426
0.126114
0.119356
0.0272854
0.0508435
0.0701996
0.171189
0.0141794
0.584644
0.0446115
0.0877268
0.976998
0.842926
0.0161564
0.056799
0.41741
0.0256402
0.0429648
0.438449
0.531335
0.0126961
1.44654
0.0922458
0.0200209
0.360046
0.0378298
0.445012
1.30954
0.180895
0.555371
1.4479
0.0727009
0.00857557
0.30253
0.453265
0.0259346
3.33511
0.489289
0.199479
0.292503
0.0173208
0.0492309
0.378867
0.0620325
0.0557665
0.0587519
0.084093
0.023694
0.440907
0.0315723
0.0219866
0.0410496
0.0147166
1.15892
0.864914
0.0486197
0.16008
0.0150003
1.93153
0.575597
0.0658951
0.0353781
0.0636808
0.0249305
0.285067
1.01191
0.0820421
0.201026
0.64656
0.184268
0.0453891
0.0331764
0.0675986
0.0743564
0.0318608
0.0332391
0.0282869
0.0826419
0.364518
0.23782
0.46615
0.383096
0.181807
0.0373141
0.480063
0.0299557
0.0286646
0.843915
0.0392239
0.283216
0.0710084
0.0345189
0.0345132
0.0235965
0.115802
0.415155
0.208664
0.13012
0.102699
0.180383
0.158983
0.0905074
0.784562
0.102121
0.0605066
0.032841
0.426968
0.105716
1.07297
0.0230697
0.0187989
0.0359259
0.112234
0.216381
0.0208091
0.57905
0.0260155
0.0188677
0.155628
0.078797
0.130105
0.00533564
0.115527
0.038139
0.0271886
0.0392709
0.0960395
0.0171915
0.783613
0.030552
0.0348949
0.052229
0.0211154
0.0791523
0.0198803
0.134066
0.0372702
0.0189103
0.0212393
1.10407
0.131812
0.0380189
0.0714662
0.0156456
0.465884
0.0142147
0.0247681
0.0279043
0.0195587
0.0514842
0.0985974
0.0142345
0.050075
0.0383342
0.0145253
0.553633
0.0157291
0.0529495
0.0120254
0.0542728
0.0786457
0.0153552
0.0545772
0.0280503
0.0230717
0.0442547
0.0342868
0.0192588
0.0605639
0.192766
0.0418058
0.0687362
0.0420158
0.0939337
0.0419151
0.0331995
0.0708419
0.116045
0.00296266
0.106905
0.0332455
0.0135001
0.00486448
0.0233911
0.0129401
1.79759
0.0223043
0.402081
0.0345137
0.0435363
3.86722
0.0867685
0.548846
0.0204503
0.0221413
0.0445774
0.0206842
0.0113773
2.4923
0.0338705
1.79317
0.0219415
0.0211833
0.00789207
0.0155743
0.0471437
0.0494375
0.0244226
0.0370781
0.0156566
0.0277649
0.0447158
0.652607
0.045192
0.0382804
0.0356304
0.0560148
0.036778
0.0529204
0.0246711
0.0189286
0.0251649
0.0367519
0.0269204
0.0379206
0.0285022
0.0941933
0.189708
0.0609595
0.0243407
1.56921
0.0152082
0.00635798
0.0233895
0.0216893
0.0211198
0.0159494
0.0263776
0.0240188
0.00838958
0.0131408
0.0274
0.0162931
0.0310395
0.0121815
0.0284153
0.0355429
0.023558
0.0226259
0.0411129
0.0245415
0.00956661
0.0173361
0.0418286
0.0149569
3.6708
0.0286983
0.0306037
0.0286859
0.0347495
0.0187053
0.0123642
0.0178984
0.0166138
0.0214441
0.0531494
0.0434716
0.0128565
0.023149
0.059655
0.00671229
0.0393736
0.02328
0.0216303
0.0218682
0.0264268
0.024031
0.0285886
0.122031
0.0325055
0.0366129
0.0191893
0.0152311
0.0247493
0.024147
0.00865557
0.0623587
0.0242088
0.0200403
0.0790303
0.0404831
0.0508563
0.0161941
0.0304695
0.0283409
0.0553319
0.0390667
0.0277442
0.0215614
0.0251962
0.0336138
0.0350136
0.0121739
0.717807
0.00921819
0.157417
0.116988
0.0142332
0.0285858
0.0180117
0.0447101
0.0333547
0.440315
1.88752
0.0649343
0.0482948
0.0188534
0.0443944
0.15576
0.0571281
0.221094
0.306076
0.0181808
0.736944
0.0787828
0.0255721
0.105806
0.958121
0.0195821
0.739179
0.0419517
0.0369441
0.133895
0.0828766
0.0355113
0.0681599
0.32677
0.0437886
0.357903
1.15584
0.679218
0.0266402
0.0317502
0.0357636
0.493083
1.16586
0.463411
0.718327
0.333865
0.00468148
0.434853
0.0838481
0.076794
0.155084
0.0357089
0.0378943
1.52654
0.0181653
0.0299483
1.3995
0.188971
0.082477
0.736827
0.0262822
0.0521254
0.802003
0.0405478
0.0510312
1.9006
0.0206116
0.0139371
1.06341
0.154963
0.103756
0.0324866
0.0670865
0.0208112
0.0257859
0.0207812
0.0173606
0.033048
0.0200045
0.0502829
0.079088
0.0247813
0.426579
0.0311821
0.572926
0.48786
0.021315
0.00888277
0.0494782
0.0132436
0.829219
0.781899
0.0318832
0.204708
0.0171481
0.0292185
0.618964
0.0288753
0.414145
0.00606409
0.0411464
1.02995
0.957588
0.0194777
0.310096
0.648763
0.280888
0.0147045
0.0364913
0.305993
0.0209285
1.01474
0.950177
0.0472602
0.0493046
0.0504189
0.261221
0.01586
0.0302482
0.348206
0.022724
0.0248235
0.0322802
1.05109
0.0108138
1.2643
0.619278
0.0089836
0.415257
0.204245
0.0184707
0.0239163
0.0914047
0.0434858
0.0188774
0.231554
0.581752
0.3904
0.0281751
0.553627
0.448192
0.0114994
0.0120184
0.030046
0.100972
0.0884799
0.0105497
0.0422189
0.0102611
0.0535292
0.917155
0.828863
0.0354692
0.140144
0.045813
0.048926
0.174275
0.0115637
0.0122228
1.62968
0.542329
0.0313985
0.0144088
0.18668
0.0144648
0.198653
0.546293
0.0297946
0.738473
0.0261969
0.0208952
0.0152616
0.0258289
0.691418
0.00613194
0.0111484
0.233824
0.0359254
0.249322
0.651531
0.0315104
0.104896
0.0237913
0.00833929
0.0035694
0.0154035
0.0335199
0.0160794
0.00812753
0.0149927
0.0187459
0.0299763
0.00554107
0.416031
0.0151236
0.0511241
0.414269
0.068029
0.0199471
0.0367506
0.0490005
0.0659933
0.646251
0.0320611
0.0990633
0.0651706
0.268491
0.043125
1.37446
0.0191676
0.0303826
0.0177281
0.00683396
1.26673
0.0806302
0.0183557
0.0615852
0.0279644
0.00875095
0.287458
0.140794
0.0364154
0.178785
0.0408972
0.459333
0.21429
1.20827
1.72841
0.368061
0.349906
0.973855
0.0386311
0.196616
0.257347
0.0985135
0.773714
0.899866
0.0885409
1.10998
0.173497
2.06978
0.0191158
0.082762
0.0261375
1.09891
0.0891497
1.03858
0.186969
0.145383
4.25132
0.0611809
2.98511
0.699876
0.159452
2.01257
1.05937
0.508096
2.84459
0.755183
0.0253605
0.0425746
0.320903
0.2391
0.0716012
0.0204248
2.70858
2.76125
0.346808
0.458851
0.607047
0.314428
0.470777
0.0276067
1.01926
2.36973
0.268448
1.23999
0.746607
0.147331
0.215977
0.624353
0.0533905
0.618263
0.111266
0.275707
0.857642
0.0967804
1.04362
1.69527
0.638065
0.939919
0.895134
2.89904
0.114033
0.246376
1.39329
0.0559909
0.635769
0.0365078
0.565745
0.302079
0.267748
0.106472
0.95856
0.0297466
0.433368
1.54782
0.473776
0.353661
0.210805
0.176984
0.0968825
0.0661356
0.0485587
0.358279
0.232058
1.87579
0.0228298
0.130592
0.02317
1.25482
0.0465793
0.012259
0.202306
1.59269
0.133995
0.016642
0.0434068
0.0342993
2.73418
0.15278
0.028315
0.0568818
0.027581
1.69373
1.25779
1.90971
0.157858
0.0572499
0.0568852
1.13272
0.0187751
0.0877933
1.66996
0.0830832
0.972264
0.148157
1.17782
0.106314
1.07162
1.66278
0.182772
0.0255156
0.74652
0.00885928
0.112791
0.0236118
0.0533391
0.272372
0.276211
0.722843
0.517738
0.0202359
0.0361008
0.0943922
0.0510767
0.101874
0.024071
0.724339
0.0547458
0.293018
0.0407383
1.01515
0.0750199
0.273687
0.894388
0.693361
0.695089
0.0486512
0.0442463
0.0292661
0.0385151
0.627947
0.215942
0.0414639
0.0659897
0.525751
0.0773709
0.315436
0.195124
0.592642
0.249706
0.12393
0.200876
0.0496935
0.402189
0.0316523
0.0196884
0.0507983
0.158473
0.0248222
0.0160879
0.0286778
0.202235
3.26503
0.49085
1.38831
0.0592932
0.164638
0.129193
0.63757
0.024971
0.0931462
0.165134
0.814089
0.0753127
0.0436735
0.0500026
0.193186
0.0146503
0.495765
0.0343342
0.133394
1.27706
0.0760164
0.289827
0.191421
0.626137
0.364898
0.0554161
0.0163092
0.870462
1.93707
0.264872
0.0243357
0.126644
0.34961
0.512808
0.675115
0.0574415
1.94783
0.17903
0.452582
0.023946
0.104813
0.0966221
0.0538816
0.0519195
0.265203
1.32388
0.0456833
0.0496333
0.0256794
0.190378
0.0369026
0.102447
0.0698625
0.0403428
0.594991
0.741
0.153382
0.00729313
0.152511
0.0362547
0.0620188
0.0440544
0.0647111
0.0731439
0.0088748
0.622389
0.0452114
0.513515
0.113942
0.0885534
1.85065
0.0273263
0.0415654
0.241755
0.0368632
0.343298
0.0654251
0.017745
0.0229888
1.2876
0.154882
0.590711
0.0345823
0.130988
0.0417368
0.0195874
0.0151264
0.0185206
0.045717
1.92288
0.333815
1.53074
0.197178
0.991727
0.164423
0.0675971
1.23073
0.0276092
0.0261631
0.322842
0.021602
0.0854496
0.0877093
0.0721791
0.0233786
1.54831
0.00373293
0.0411147
0.00684033
0.923754
0.0589081
0.0471534
0.0700953
0.0105414
0.0597192
0.177357
0.0776514
0.0430008
0.00625043
0.0292112
0.402715
0.0233644
0.325122
0.0521403
0.0579248
0.400858
0.206167
0.529921
0.0754585
0.0613917
0.0276599
0.340574
0.0657286
0.0541875
0.108066
3.21493
0.603083
2.26826
0.00255306
0.0318569
0.438699
0.0130424
0.0778222
0.0204462
0.0418184
0.019707
1.0305
0.0558049
0.497154
0.130738
0.925051
0.459206
0.0944543
0.0777279
0.301133
0.0970092
0.0236061
0.0749534
0.0243522
0.0637749
0.0562399
2.78368
0.0107197
3.18787
2.20318
1.50849
1.35212
0.402325
0.0460108
0.907595
0.0492238
0.0867705
0.0380348
0.0658427
0.0185466
0.0565189
0.83673
0.16704
0.247568
0.0284727
0.668149
0.128803
0.0378881
1.47885
0.0371441
0.0101111
0.0435296
0.205161
0.0390137
0.306494
0.0807728
1.4115
0.0670921
0.0179737
0.385331
3.34406
0.0428802
0.527973
0.169328
0.0979567
0.650397
0.633885
0.0335609
0.0667274
0.0401892
0.0214643
0.999373
0.0551927
0.0349345
0.0746755
0.684354
0.719558
0.00938804
0.0625219
0.0418348
0.0140266
0.0754886
0.0541637
0.0579464
0.398255
0.0310687
0.0147064
0.012656
0.0271728
0.0316281
0.0825271
0.0201845
0.0443923
0.855826
0.0150718
0.223425
0.0634585
0.115795
0.473767
0.0604895
1.88179
0.056098
0.777216
0.550867
