0.00949626
0.0782176
0.00154637
0.0282067
0.112314
3.10498
0.00731891
0.00604168
0.055944
0.0351284
0.464504
0.0787209
0.0212909
0.00153511
0.0177365
0.00602793
0.108391
0.056104
0.00819331
0.0050983
0.0393677
0.00226653
0.710614
0.297456
0.00256167
0.0298253
0.000490017
0.0351828
0.0015823
0.0131671
0.0504042
0.00983113
0.016458
0.00145483
0.000917808
0.0114538
0.031541
0.00814691
0.000555564
0.0274353
0.0113556
0.0160692
0.0425783
0.0251959
0.0185798
0.00692203
9.77813e-05
0.0204863
0.0101304
0.0179585
0.0168455
0.0175351
0.0123009
2.98975
0.0101709
0.026281
0.734363
0.00422302
0.3767
0.0238781
0.00538138
0.537694
1.21142
0.000459081
0.00393113
0.004743
0.00881143
0.00591408
0.673233
0.00246447
0.557293
0.0139976
0.33741
0.0249132
0.0226955
0.0128868
0.242718
0.00694672
0.00533737
0.00840026
0.00572552
0.011675
0.0111096
0.00741554
0.0178507
8.88672e-06
0.0270958
0.0153619
0.740198
0.00344306
0.00824281
0.00641945
0.00323817
0.0131008
0.367654
0.0297421
0.290967
0.00743075
0.0118892
0.0136752
0.00677527
0.0266804
0.0826036
0.000376594
0.00432824
0.00641237
0.00225923
0.0142555
0.0169539
0.0124908
0.00119961
0.00370376
0.00666086
0.00612871
0.0196843
0.00257923
0.00639313
0.0188666
0.0218328
0.00651248
0.0277575
0.0124395
0.00289169
0.0128984
0.0193219
0.0107156
0.00825656
0.0130335
0.0295704
0.0160335
0.00304728
0.00173716
0.0195319
0.00251793
0.000881382
0.00808677
0.00744089
0.0223745
0.00138849
0.0553144
0.018535
0.0379164
0.0101607
0.020159
0.356449
0.00358419
0.00462815
0.0108847
0.00876288
0.00437863
0.00657138
0.100172
0.0206534
0.00215479
0.00377202
0.0448529
0.00215701
0.0627497
0.00535592
0.00810083
0.00974539
0.00486608
0.00734233
0.052984
0.0376327
0.0128706
0.00133209
0.00866834
0.00625066
0.00922286
0.00581568
0.00227832
0.0362433
0.0185651
0.0555778
0.00948866
0.0244432
0.0123155
0.0135848
0.0289082
0.705961
0.00927366
0.0402266
0.0294254
0.00340226
0.00815304
0.0795416
0.589817
0.00658394
0.0194197
0.0146939
0.00438755
0.00393384
0.00221397
0.0321782
0.00142884
0.00135736
0.0239176
0.00131414
0.0164041
0.0120501
0.00953663
0.0126288
0.00723034
0.00896354
0.000418446
0.00269233
0.0586952
0.00263529
0.0245556
0.00166496
0.00226748
0.0225419
0.0572121
0.00610541
0.000622159
0.0239969
0.0340934
0.118709
0.0109064
0.0011284
0.00019218
0.00411305
0.0159125
0.0288935
0.00635865
0.00780702
0.00335055
0.00981073
0.0221861
0.000451697
0.000114675
0.00143987
0.0211554
0.000530263
0.00778312
0.015873
0.0227829
0.00378685
0.0304419
0.021883
0.0173322
0.0166722
0.00500675
0.00654803
0.00249473
0.0192079
0.0292121
0.00399754
0.00541056
0.0232025
0.0567854
0.00115075
0.00355428
0.303849
0.0090691
0.0493472
0.00765308
0.0414795
0.000554608
0.00443538
0.00133781
0.0116261
3.5838e-05
0.00529846
0.00436502
0.00912696
0.00190618
0.000290608
0.0082744
0.0026016
0.0120109
0.00235874
0.900234
0.0498571
0.014081
0.00418191
0.0241804
0.0145548
0.000240705
0.0040161
0.00329924
0.00373373
0.00274665
0.00307934
0.0290794
0.0112433
0.000431605
0.0258525
0.00866539
0.0206889
0.0124698
0.000933529
0.0165023
0.0152969
0.011868
0.00738093
0.0251118
0.0244557
0.0342916
0.030794
0.0118897
0.000836027
0.00403323
0.0669939
0.00162421
0.118071
0.0045773
0.00938726
0.00231521
0.00390545
0.00804671
0.00205247
0.0445133
0.0126156
0.00157187
0.0179615
0.0321049
0.0539724
0.0101652
0.00488194
0.0226469
0.0094295
0.0147614
0.00589333
0.0237631
0.0170372
0.026026
0.0441466
0.002897
1.54104
0.00686919
0.151218
0.0289779
0.00728642
0.0296316
0.00119582
0.00039299
0.00645791
0.0015662
0.0018069
0.629175
0.00494449
0.010369
0.0209014
0.000440384
0.00164304
0.00326162
0.00637596
0.465593
0.0151558
0.0326258
0.00811884
0.0104091
0.445836
0.0128913
0.0085998
0.0074179
0.0170182
0.00896098
0.00456052
0.00635079
0.0836597
0.0100003
0.0105136
0.00284447
0.0234165
0.0222688
0.00906298
0.0344495
0.0488703
0.00991172
0.00643052
0.0136253
0.00508364
0.00759382
0.0668292
0.000777818
0.00630176
0.00309339
0.0182763
0.00989326
0.00898976
0.0217198
0.00831862
0.00942935
0.00697446
0.00295074
0.0111175
0.0448322
0.00323948
0.0162984
0.760696
0.014558
0.00182956
0.00747403
0.00895784
0.0212962
0.00627466
0.0455657
0.00828688
0.00473615
0.0509646
0.822938
0.0335671
0.000196394
0.00703747
0.033483
0.716922
0.0962725
0.221311
0.00566569
0.0165349
0.0165518
0.0263262
0.0190808
0.760262
0.0052994
0.00230617
0.0110382
0.0081327
3.10911
0.0051174
0.00121057
0.0533061
0.00544736
0.00146591
0.0131001
0.000369884
0.00706279
0.627719
0.00529896
0.00563223
0.000496768
0.0266162
0.00228755
0.0262933
0.00402017
0.0239509
0.0246999
0.484355
0.00317131
1.73634
0.0114156
0.0163979
0.507624
0.0183852
1.73479
0.00706358
0.000910497
0.0182076
0.0286621
0.487205
0.00292482
0.00629248
0.0014231
0.00027469
0.00146699
0.00237209
8.03057e-05
0.000124948
0.00729341
0.0217605
0.510029
0.00470062
0.0126179
0.00380154
0.00615048
0.0386292
0.00111509
0.0164111
0.00850575
0.000548805
0.356274
0.00445746
0.000719728
0.00385669
0.00399306
0.648954
0.0293115
0.0343613
2.32284
0.00332706
0.0141928
0.00910218
0.00322698
0.0229161
0.0159728
0.0045577
0.0372472
0.0306322
0.0166256
0.0649042
0.0646762
0.00973402
0.0186289
0.0847157
0.00581847
0.0034245
0.00119926
0.00147268
0.0130237
0.000746177
0.0114717
0.0182346
0.073572
0.0250191
0.00542544
0.0181211
0.0185282
0.00174845
0.00448956
0.000219821
0.00140135
0.0343999
0.00200516
0.00306279
0.00314318
0.025735
0.00744025
0.0128225
0.0383598
0.228502
0.0110935
0.00889055
0.0102392
0.00848696
0.0115626
0.0157871
0.298318
0.00101899
0.00177199
0.0509507
0.00555713
0.00972344
0.00190041
0.395312
0.0822987
0.00459619
0.00658572
0.00184017
0.549193
0.000468616
0.0245346
8.84042e-05
0.000241385
0.00133048
0.0110087
0.00120337
0.00136637
0.001696
0.0155589
0.0446255
0.00779945
0.000961066
0.00958216
0.0147733
0.0102866
0.0197553
0.00733028
0.776803
0.00130095
0.000608803
0.0122893
0.00314098
0.00174033
0.133852
0.0144091
0.0122576
0.00107597
0.00483656
0.00110017
0.7306
0.00925321
0.371295
0.0110633
0.00129537
0.041765
0.00433804
0.00370969
0.00175512
0.0126361
0.014525
7.0405e-05
0.0110546
3.131
0.00500722
0.1216
0.00507083
0.0183507
0.0062354
0.0452987
0.00603508
0.00731646
0.00827983
0.934426
0.00260112
0.00228128
0.00680383
0.00422663
0.000619455
0.0179023
0.0110848
0.705272
0.00914512
0.00372221
0.00096631
0.00983284
0.000259108
0.0128808
0.00180963
0.00535781
0.0634339
0.00430278
0.00592031
0.77757
0.00163294
0.0016426
0.543246
0.0278014
0.000358698
0.00151303
0.00270252
0.0044048
0.00989158
0.000764736
2.38423
0.00687583
0.0013627
0.00456182
0.0266277
0.00711541
0.00945259
0.0197164
0.0132032
0.0285803
0.0273486
0.0128936
0.0116982
0.0282003
0.02651
0.038241
0.0285783
0.000516197
0.000194364
0.00149949
0.00234815
0.0264442
0.00171543
0.000371996
0.000868356
0.000325107
0.0120347
0.00054315
0.0222661
0.000964196
0.000401294
0.00048564
0.000395078
0.00257795
0.00118524
0.00542547
0.0310532
0.040965
0.545229
0.00803414
0.00665759
0.00291561
0.0195491
0.462319
0.000558808
0.00141794
0.000216479
0.00140531
0.00132041
0.000279316
0.000536247
0.0011247
0.00136262
0.742554
0.000287946
0.000453361
0.000218501
0.000729382
0.000295748
0.0142007
0.00057696
0.000692112
0.000104269
0.00889333
0.00476776
0.00152904
9.18837e-05
0.0004732
0.000232628
2.0286
0.000400106
0.000627895
0.000421355
0.000458833
0.000109711
0.000132525
0.0195996
0.702749
0.677807
0.0263241
0.0149136
0.0305768
0.0124559
0.00169545
0.0168156
0.000127948
0.00569397
0.696947
0.00046037
0.00511142
0.000207348
0.00108502
0.00245876
6.06642e-05
0.00631519
0.00299021
0.016619
0.0124629
0.0225119
0.000457977
3.55827e-06
0.922404
0.0648104
0.163252
0.0284305
0.0197345
0.0133653
2.50049
0.00833428
0.0288479
0.289278
0.0912634
0.000767451
0.00129791
0.0205283
0.00515377
0.0160011
0.00302189
0.00285775
0.024618
0.0127199
0.00520699
0.0288385
0.000588021
0.000295608
0.000716574
0.0361754
0.0191543
0.0088193
0.474672
0.0193752
0.0414115
0.057923
0.0512782
0.0290748
0.0245965
0.0101109
0.0317581
0.453677
0.0362017
0.0164631
0.000884718
0.000639736
0.00026476
0.000117522
0.000606048
0.000960708
0.000661523
0.00017157
5.58788e-05
0.0419605
0.0492827
0.0113707
0.114427
0.0200046
0.0226957
0.0509141
0.0133467
0.0203112
0.00299797
0.00740814
0.418856
0.00396355
1.33991
0.0173075
0.00084857
0.00340589
0.0219321
0.0146325
0.0137285
0.023598
0.0240312
0.00172289
0.0017428
0.0329899
0.0178106
0.0109081
0.27023
0.0131212
0.000285209
0.012491
0.00173366
0.404673
0.0272496
0.842221
0.0113616
0.0331857
0.0247371
0.031318
0.0288308
0.0294989
0.0449386
0.000419854
0.00207133
0.00104905
0.00012694
0.00105049
0.000908794
0.00177763
0.00107377
0.000318224
0.00109276
0.000451098
0.0127183
0.00186476
0.000651296
0.0443592
0.000358466
0.00083544
0.000236857
0.000533713
0.0255717
0.00357802
0.0128358
0.481235
0.637666
0.0120127
0.000558003
0.000632114
0.0141087
0.0384779
0.00179153
0.00493274
0.000497622
0.000506868
0.000289104
0.00147932
0.000964372
0.00164025
0.00106873
0.00023662
0.000704766
0.00382664
0.00572707
2.45291
0.00389988
0.00879032
0.0431565
0.0121213
0.0166575
0.0107035
0.00853295
0.00696726
0.0180361
0.00815606
0.789775
0.0180184
0.0307091
0.00856661
0.019418
0.0103709
0.0138642
0.0421317
0.000258325
0.000816656
0.00150888
0.000288359
0.000289134
0.00112581
0.0233261
0.00117512
0.495036
0.000989652
0.00891295
0.0003486
0.0304504
0.0386491
0.0124259
0.0329469
0.00109879
0.0135461
0.017046
0.000507964
0.0211411
0.024561
0.0111365
0.0186075
0.812663
0.000156911
0.0131212
0.0130741
0.0235149
0.0582225
0.00996258
0.0300849
0.0285287
0.0121578
2.66544e-05
0.00152662
0.000647317
0.00160046
0.00160269
0.00138185
0.00638577
0.000855956
0.00018557
0.000404599
0.000246189
0.000780232
0.00315017
0.00066508
0.0407863
0.00139927
0.00102458
8.44012e-05
0.035836
0.0187203
0.0431103
0.0395372
0.0130861
0.000493234
0.00166825
0.000264754
0.000631278
0.000366859
0.000189302
0.000559471
3.23182e-05
9.82879e-05
0.00070023
0.0248782
0.0192079
0.766504
0.70401
0.0157319
0.0253469
0.033298
0.0398206
0.025702
0.00126404
0.680683
0.0109442
0.00516712
0.0305808
0.0157503
0.0139204
0.00331452
0.00116721
0.000946378
0.0016759
1.44921e-05
6.40169e-05
5.64098e-05
0.000855109
0.000433657
0.0107698
0.00166147
0.00192124
0.000483137
0.00151383
0.0573479
0.00425952
0.0693612
0.0225699
0.0163583
0.0316702
0.0006955
0.00558154
0.013556
0.0254313
0.0307664
0.013721
2.07131
0.0681566
0.00629219
0.00768344
0.000582875
0.00778313
0.00386323
0.0291028
0.00768942
0.00345527
0.0251892
0.00894718
0.568698
0.0179659
0.00313739
0.000281595
0.627942
0.00145882
0.0141813
0.00521292
0.0363971
0.0198845
0.00566343
0.0159032
0.000599335
0.0121877
0.0231614
0.927831
1.34057
0.0347216
0.451773
0.00795787
0.0143064
0.0209329
0.00333885
0.00308167
0.0271712
0.0179679
0.00729972
0.011571
3.13049
0.510162
0.00670152
0.588941
0.00088414
0.00511164
0.000402721
0.0120699
0.0165203
0.565112
0.00766765
0.0712162
0.0290283
0.0766298
0.0308188
0.00651312
0.0618916
0.00339733
0.00583254
0.255754
0.0243889
0.014055
0.018928
0.00338814
0.00623417
0.00057161
0.019726
0.00532509
1.57383
0.0108226
0.0114955
0.0232065
0.0262607
0.033932
0.00700965
0.00644244
0.0015246
0.0151365
0.0227203
0.0233712
1.04158
0.00549072
0.0153392
0.0393669
0.00104563
0.0766015
0.0123521
0.240958
0.0882932
0.0278574
0.330127
0.0292223
0.0106337
0.00172292
0.00500004
0.00359122
0.012719
0.00741783
0.710094
0.64729
0.00285346
0.0275628
0.0319396
0.0113181
0.000685502
0.0269472
5.10636e-05
0.00133246
0.0129888
0.127507
0.0161238
0.00605914
0.471208
0.0250482
0.0106287
0.0154997
0.00881199
0.0162351
0.026555
0.00681554
1.38336
0.00862358
0.0478741
0.0250334
0.00112462
0.000553147
4.07945e-05
0.00171785
0.00107549
0.000988997
0.0023882
0.000183176
0.000708883
0.000185178
0.00135906
1.97111e-05
0.0977135
0.0104249
0.00107563
0.000589556
0.0322281
0.00016573
0.000669667
0.000609425
0.000462065
0.000890055
0.0231209
0.0314526
0.0176242
0.0255791
0.0246405
0.0144698
0.0200282
0.0183995
0.0988277
0.0855332
0.318281
0.0178496
0.0023384
0.00347433
0.0477446
0.0687368
0.00606564
0.000471284
0.00122641
0.000514264
0.00101029
0.0354446
0.000164573
0.000520123
0.000502038
0.000852765
0.0124691
0.0640021
0.444742
0.0629804
0.0100433
0.000396511
0.00102653
0.00495093
0.000988945
0.000742474
0.000305284
0.00197815
0.402925
0.000681231
0.000410634
0.000164157
0.00099421
0.0336985
0.0120096
0.00039231
6.5604e-05
0.000393104
0.000397817
0.000144634
1.96566e-05
0.000601334
0.00106328
2.8101
0.00115711
0.000399535
0.00136536
0.00107082
0.000200643
0.00144734
0.000268852
0.00025183
0.0270033
0.000242583
0.000219007
0.000520854
0.000836492
0.000169074
0.000163093
0.000461046
0.000217087
0.0332192
0.00112175
5.2934e-05
0.00146681
0.000514674
0.000123126
0.00101927
0.000918063
0.000147416
7.90411e-05
0.00107616
0.000869338
0.0011173
0.00254217
0.0118142
0.000586884
0.0082873
0.00585694
0.00760056
0.00387443
0.00199391
3.08782
0.00691804
0.000507913
0.0119127
0.000693064
0.00027001
0.000909913
0.000640202
0.000376745
0.000911354
0.000442211
0.000780669
0.000767943
0.000907593
0.520397
0.00780215
1.26654
0.00297283
0.0363295
0.0308304
0.000263961
0.000944197
0.011635
0.000422144
0.0175018
0.00642573
0.0240898
0.00772382
0.00205984
0.00144677
0.0108198
0.00119324
0.0183233
0.0138824
0.00785529
0.0102882
0.805255
0.0103112
0.00548187
0.0116238
0.00791309
0.000119628
0.00166865
0.0198605
0.04204
0.00509861
0.00119175
0.0299785
0.0124252
0.019562
0.00968944
0.0119453
0.0183494
0.00214298
0.00157408
0.00107657
0.00247813
5.41788e-05
0.530108
0.0164318
0.00299668
0.00346815
0.00180847
0.034683
0.00122354
0.00796044
0.00464801
0.0254031
0.0218318
0.00623618
0.0246389
0.00394362
0.697548
0.0358088
0.0347484
0.00934889
0.0197932
0.0464135
0.00131653
0.0126205
0.0369476
0.0131306
0.0858922
0.411152
0.0127482
0.761559
0.0617443
0.0349746
0.589257
0.426875
0.0359352
0.0260363
0.0321125
0.0163922
0.592183
0.0288553
0.00386813
0.0065108
0.0591819
0.0453248
0.0518301
0.118007
0.0347912
0.0105193
0.00650645
0.017524
0.00971657
0.0264746
0.0288659
0.0235284
0.0166172
0.120531
0.041442
0.032373
0.040391
0.0055111
0.0363152
0.0345164
0.00416595
0.525447
0.00911848
0.0263564
0.000256001
0.0346013
0.0111877
0.00526167
0.0110009
0.00154078
0.808381
0.00746321
0.000660853
0.026845
0.00282325
0.0051167
0.00272302
0.0109992
0.00277238
0.00413179
0.00218107
0.0169602
0.0152722
0.00461603
0.00872859
0.0143317
0.0155787
0.001331
0.000165362
0.000948507
0.000319345
7.40337e-05
0.00196278
0.000153096
0.00143766
4.98041e-05
0.000247646
0.000487049
3.6781e-05
0.000930944
0.083142
0.0179757
0.0245894
0.00659574
0.0222974
0.0874701
0.000102883
0.000212382
0.000482166
0.000921113
0.00779375
0.000102468
0.706082
0.000849571
0.00127747
0.00988985
0.537265
0.00115911
0.00947411
0.00171793
0.0456337
0.42029
0.000535264
0.438284
0.00178553
0.00229311
0.0236548
0.0026561
0.000122741
0.000730503
0.00115304
0.000601122
0.00130504
0.00810739
0.000516037
0.000560781
0.0109337
0.0236747
0.00739574
0.0126239
0.0155249
0.00154768
0.0182438
0.000502576
0.649816
0.00254949
0.00120936
0.0105554
0.000734338
0.0229108
0.0101217
0.0103415
0.000367076
0.0122155
0.0150629
0.231405
0.0153625
0.00586157
0.0018751
0.00513636
0.0102977
0.00597413
0.0625823
0.00013428
0.00721884
0.00203608
0.000206227
0.0027907
0.00067795
0.0417544
0.00546726
0.00127615
0.00144205
0.00130397
0.000983267
0.000231508
0.0160145
0.00766623
0.0548662
0.0506902
0.153244
0.00560179
0.0233804
0.00775263
0.0557985
0.0733315
0.0174127
0.00117417
0.365359
0.0174664
0.0136068
0.00161087
0.00488751
0.0104721
0.0100576
0.0232175
0.00141648
0.0296698
0.0162927
0.425809
0.0173945
0.0100266
0.0227834
0.00336524
0.0074921
0.327849
0.14415
0.0355587
0.00482548
0.0102904
0.00125187
0.00624597
0.00195407
0.00593393
0.000342214
0.000552758
0.000144863
0.00174384
0.000113519
0.000567738
0.462991
0.0015111
0.000441021
0.000107417
0.00048168
0.0198572
0.0020733
0.0201767
0.00582286
0.000926881
0.00815891
0.00813663
0.00194993
0.00208668
0.00479634
0.000199257
0.0732663
0.007915
0.00349873
0.456531
0.05867
0.0166705
0.000588294
0.0433526
0.000537085
0.00362379
0.0185989
0.00278192
0.00662573
0.00771377
0.00861355
3.13735
0.00578509
0.0304068
0.037929
0.00366005
0.00710635
0.564177
0.0115086
0.0115727
0.00425519
0.00377493
0.024668
0.050818
0.0244762
0.00616159
0.0401098
0.011076
0.00652604
0.00385451
0.00722259
0.017262
0.0210695
0.0312
0.000434355
0.0235688
0.0231492
0.0305789
0.00392794
0.05839
0.0203289
0.0282569
0.00522223
0.740502
0.00933599
0.00445845
0.00221783
0.000512939
0.00556499
0.0115497
0.025719
0.0622995
0.00428427
0.0150822
0.380258
0.00952287
0.00767341
0.00305985
0.0176634
0.00456206
0.393244
0.000848345
0.00118947
0.000839253
0.000651933
0.000846603
0.00143847
0.0464262
0.000367573
0.000513242
0.000489232
0.000773446
0.000970068
0.00116284
0.0133572
0.000469923
0.000123958
0.000314644
0.000591455
0.00745177
0.0401419
0.0010884
0.000961801
0.000297711
0.0347013
0.0342852
0.0757195
0.0569976
0.0145913
0.0338202
0.018067
0.000670687
0.000201291
1.63517e-05
0.000141462
0.0494942
0.00421281
0.000622131
0.000751029
0.000280093
0.074757
0.0104867
0.00842328
0.00115359
0.000300781
0.0218089
0.00591739
0.000855211
0.000442606
0.000365167
0.00294946
0.000895573
0.0161543
6.15035e-05
0.000779463
0.000631079
0.000588625
0.00090974
0.00134663
0.00124871
0.0175282
0.011676
0.00171251
1.82099
0.000453729
0.00961075
0.0208608
0.00685967
0.568733
0.0177418
0.0168086
0.00526402
0.0157812
0.0209294
0.0376913
0.0156519
0.00638131
0.0394638
0.0350346
1.267
0.0246705
0.036119
0.0223343
0.0195356
0.0117543
0.0242479
0.0246609
0.302898
0.00960111
0.00587949
0.000488988
0.00171911
0.0187739
2.92775
0.00638046
0.0315672
0.00299185
0.017545
0.819893
0.0145501
0.0244808
6.23668e-05
0.0191904
9.57194e-05
0.614139
0.00082853
0.0240344
0.0148712
0.0124464
0.00448331
0.00238801
0.0397537
0.00461884
0.0189557
0.00277995
0.0256016
0.000981877
0.0103183
0.0187723
0.00262283
0.0704193
0.615368
0.000321941
0.00156667
0.00718381
0.00336511
0.00370896
0.00564023
0.415362
0.00248699
0.0419794
0.00387399
0.0053336
0.00324134
0.000651306
0.00356297
0.00311048
0.0130497
0.00415094
0.0266707
0.00411085
0.00875108
0.0205963
0.014187
0.0484402
0.00764694
0.0211714
0.0369115
0.393748
0.0187436
0.0537716
0.00882021
0.2833
0.000620015
0.00956952
0.00825228
0.0173886
0.0149829
0.0070068
0.00155732
0.00174032
0.012083
0.00855698
0.0283717
0.0124935
0.0142865
0.00018799
0.00240296
0.000938209
0.0163478
0.0130043
0.0301144
0.0278435
0.0200533
0.0375962
0.000113021
0.000646103
0.000472455
0.00189549
0.00164152
0.000133482
0.00101469
0.000313596
0.00140192
9.34468e-05
9.05071e-05
0.000720861
0.000395257
0.0035889
0.0189587
0.0176884
1.08363
0.0332028
0.546584
0.00525772
0.0191009
0.0148839
0.0121876
0.00787908
0.019841
0.117082
0.00416837
0.0181304
0.00319135
0.0172082
0.00273523
0.000673218
0.000435811
0.000908661
0.00159522
0.000220251
0.000316938
0.00165072
0.000453842
0.000724103
0.00127196
0.000685812
0.00022643
2.31573e-05
0.00104948
0.00292741
0.000609911
0.000274705
0.000347416
0.000298202
0.000602009
0.000914253
0.000277475
0.00105408
0.00106728
0.000640732
0.0170412
0.000155472
0.000711644
0.019236
0.00091071
4.11809e-06
0.000394609
0.012257
0.573829
0.912158
0.403376
0.0026884
0.000256255
0.000467151
0.0199938
0.478625
0.00294277
0.00893095
0.00231228
0.00776366
0.0170409
0.0044678
0.522746
0.000232396
0.0491555
0.00112009
0.000922944
4.30116e-05
0.000433035
6.5282e-05
0.000253326
0.000927
0.0149416
0.00798128
0.0101626
0.00156347
0.00662212
0.0145977
0.0296115
0.000340011
0.00139216
0.529627
0.0167174
0.0276624
0.00213464
0.000671659
0.000307864
0.0179717
0.000653857
0.0113586
0.0140832
0.0122838
0.00855131
0.408184
0.0087078
0.881777
0.0079048
0.00229689
0.05396
0.00742413
0.0177367
0.00403512
0.0387606
0.0210461
0.877736
0.0221734
0.0518719
0.00388914
0.00871753
0.00797783
0.269813
0.000244481
0.0168554
0.00759025
0.0378674
0.01822
0.00409938
0.00184556
0.00339238
0.00664254
0.0121782
0.0271442
0.0390224
0.0117733
0.00709704
0.00334335
0.00630345
0.0392073
0.0196919
0.00763608
0.000306771
0.0164529
0.0146454
0.00998521
0.00671692
1.92665
0.00695808
0.00120116
0.588734
0.00514437
1.325
0.0495469
0.00690232
0.237016
0.00649115
0.0274684
0.00197222
0.00228413
0.00787685
0.0199415
0.00760417
0.944968
0.00273119
0.00437694
0.00464775
0.0141301
0.000955987
0.0311565
0.00442803
0.00356681
0.0484302
0.00653325
0.0703375
0.00978822
0.851549
0.0519429
0.00130965
0.0103116
0.0155954
0.00359657
0.023555
0.0122334
0.00178337
0.0592906
0.0149043
0.000159185
0.00397749
0.00571684
0.000800433
0.0122414
0.00116841
0.521074
0.00195327
0.144314
0.0130188
0.0211419
0.00751968
0.0859228
0.0555052
0.0202167
0.0518055
0.0145587
0.000657157
1.58772
0.00493906
0.282955
0.812111
0.529721
3.07656
0.00698489
0.0250743
0.00638862
0.0212138
0.0341816
0.0158495
0.0299425
0.00989684
0.0234347
0.0185472
0.792543
0.000919523
0.0132766
0.0418713
0.0822773
0.0158906
0.0532423
0.0174735
0.0534358
0.0777734
0.0107233
0.0259218
0.001512
0.00896831
0.292399
0.0120807
0.00240338
0.0133992
0.00428105
0.00466558
0.00125249
0.612662
0.00059085
0.0158525
0.00567086
0.00441542
0.00278711
0.0116939
0.505716
0.0302016
7.0921e-05
0.00308018
0.00360803
0.00124502
0.000922259
0.001681
0.000285897
0.00250102
0.00185696
0.0116762
0.0226807
0.00298342
0.0045728
0.0235511
0.0203815
0.454414
0.0143626
0.0157008
0.0069549
0.00617139
0.0019533
0.00213653
0.0068664
0.0161736
0.00822526
0.00308979
0.000209084
0.00524921
2.3358
0.00202852
0.00130384
0.0517431
0.00646029
0.0447048
0.592311
0.0389479
0.416416
0.00047653
0.02352
0.000518552
0.00253706
0.000735273
1.90848
0.000524143
0.0166266
0.0164355
0.000299781
0.779914
0.000473069
0.000255288
0.0168637
0.00877811
0.00205387
0.00116778
0.803133
0.0147299
0.00781236
0.000660413
0.589334
0.676464
0.00138034
0.00481827
0.010914
0.000679402
0.0318843
0.697919
0.000971516
0.00050235
0.0049149
0.0258677
0.00683152
0.00147044
0.000361627
0.000197051
0.000924444
0.000325159
0.000849417
0.00147882
0.00113628
3.03659e-05
3.78662e-05
0.00143066
0.000102803
0.000147146
0.000686613
4.01735e-05
0.000203352
0.000787674
0.000673119
0.000570355
0.00171092
0.0729864
3.49384e-05
0.000389703
0.000653801
0.000298796
0.0125118
0.00276088
0.016489
0.639005
0.47258
0.0188147
0.0178484
0.00819411
0.0114117
0.383195
0.0204071
0.778943
0.00193607
0.0143436
0.00977156
0.610701
0.00101521
0.627055
0.0365193
0.0302865
0.71124
0.0120809
0.0083102
0.0107419
0.224482
0.00087061
0.012293
0.025109
0.00343329
0.0309856
0.0384318
0.00745022
0.00666133
0.0223191
0.00592572
0.00968381
0.00205303
0.660682
0.00692275
0.000792215
0.00430562
0.00257098
0.00729539
0.012809
0.0286776
0.0497575
0.00422081
0.00229856
0.00937908
0.00631198
0.0295096
0.00328077
0.00373294
0.00286923
0.00201929
0.00868124
0.0190493
0.00917246
0.0133949
0.0144311
0.0301065
0.0132776
0.0168542
0.0247788
0.0671104
0.0133436
0.0197991
0.037976
0.00156918
0.0811845
0.00646409
0.00502683
0.00611769
0.00998522
0.0188549
0.0114068
0.012818
0.000675509
0.00318843
0.00973936
0.0172482
0.225401
0.0011916
0.0175601
0.0153693
0.0164404
0.0309419
0.00747337
0.00399522
0.0104599
0.0235578
0.0124742
0.0706155
0.335779
0.0122443
0.0229866
0.0253449
0.0163296
0.0134775
0.186529
0.0113179
0.0287373
0.00294117
0.0154681
0.00187047
0.0122954
0.0185117
0.00344753
0.0331975
0.835991
0.0177905
0.00433994
0.00447122
0.00970476
3.10246
0.00142951
0.00736683
0.0010871
0.0927322
0.544581
0.000950779
0.0582191
0.000818544
0.00960973
0.0258107
0.0201123
0.0373413
0.0197451
0.0950495
0.0366925
0.00245099
0.00323851
0.000435701
1.73866
0.0211903
0.0103294
0.0372266
0.00173151
0.00434432
0.0363876
0.034758
0.655596
0.000714532
0.00728105
0.028744
0.0405166
0.00049362
0.037862
0.00611078
0.0103686
0.0197543
0.0131008
0.00805593
0.576798
0.00598708
0.0197602
0.020304
0.607396
0.0187072
0.0207287
0.0488058
0.982419
0.0182012
0.0171645
0.00017538
0.000211006
0.000311706
0.000541729
0.000485147
6.73716e-05
0.000976512
0.000134138
0.000144203
0.000924238
0.0284547
0.000168141
0.000802143
0.000182882
0.0016464
0.000373467
0.000366381
3.7456e-05
0.00120606
0.00149563
0.00029192
0.00206219
0.000964016
0.00192141
0.000497929
0.000103828
0.000766625
0.00072256
0.00134665
0.000417672
0.000297227
8.79579e-06
0.00246974
0.00120342
2.54626e-05
0.055886
0.00353182
0.00171871
0.0307763
0.0526299
0.0159146
0.0139143
0.00223701
0.0154543
0.0199441
0.0185701
0.00189572
0.0105351
0.00979018
0.015932
0.00293603
0.0112695
0.0100256
0.000617389
0.00456222
0.00830799
0.000351001
0.0120295
0.000328061
0.000135033
0.0023793
0.00131933
0.000211963
0.00219482
0.00128606
0.000315293
0.000818112
0.000447326
0.000367533
4.64834e-05
0.000725956
0.000301006
0.0243588
0.000503699
0.000364889
0.000585319
0.00248896
0.000922568
0.00229261
0.000155793
0.000579128
8.29316e-05
0.000625221
0.000662195
0.00104945
0.000546641
0.000231874
0.00104763
0.000439617
0.00108289
0.00142348
0.000614904
6.58553e-05
0.00078029
3.69142e-05
0.000319943
0.000347378
0.000143818
0.000378443
0.000599029
1.39738e-05
0.000456296
0.00139514
0.00213538
0.000379427
5.38048e-05
9.62141e-05
0.000669986
0.000635137
0.00122241
0.000593382
0.000623884
0.000856674
0.000248842
0.00150072
0.000750701
0.000353073
0.000343418
0.00122279
8.2239e-05
0.000619605
0.000146775
0.00231178
8.10379e-05
0.000911854
0.00103774
0.0810939
0.00139271
0.000344751
0.00145983
0.000797657
1.31554e-05
1.62151
2.18599e-05
0.0197299
2.9225
0.0138726
0.0160889
0.00942997
0.0131799
0.000431991
0.0260917
0.0336885
0.0163848
0.0109206
0.00660227
0.00416579
0.0133817
0.0516896
0.0171236
0.0255561
0.329916
0.0506418
0.00102902
0.00955485
0.00702535
0.0544997
0.00436926
0.0216254
0.00407616
0.0047942
0.00995949
0.0203643
0.0646961
0.000175948
0.000259468
4.32981e-05
0.00942178
0.764677
0.0199927
0.00166606
0.015968
0.00442975
0.0191118
0.00719177
2.25746
0.000966852
0.299585
0.00106295
0.0129842
0.0156312
0.0146299
0.0197827
0.00273839
0.431659
0.592308
0.0234356
0.00194682
0.0164007
0.00094721
0.00813796
0.00320664
0.00572195
0.00921562
0.468875
0.00924947
0.0115862
0.0125617
0.43704
0.0301914
0.0236092
2.25741
6.15555e-05
0.0353759
0.00219216
0.0131006
0.00328221
0.128071
0.00247018
0.0116697
0.00642902
0.000792016
0.0018365
0.00432202
0.0076428
0.0154077
0.0767571
3.119
0.0107227
0.00271004
0.0498949
0.000675196
0.0280068
0.0136004
0.0183337
2.63924
0.00716554
0.00313058
0.0599029
0.00631422
0.00338223
3.05136
0.00611117
0.0344836
0.0301262
0.0055354
0.00559896
0.0123503
0.00505753
0.005979
0.000991175
0.00289518
0.0215639
0.0227865
0.589663
0.0435167
0.0356222
0.033204
0.00693938
0.029241
0.0110246
0.0505566
0.120834
0.00693132
0.640604
0.0242481
0.00018166
0.00711765
0.00236036
0.00510932
0.00456597
0.348164
1.05137
0.000408121
0.00433065
0.019547
0.030232
0.648563
1.34591
3.1254
0.0010735
0.0141131
0.0232378
0.0162266
0.00872144
0.0361631
0.0165102
0.0379016
0.00328207
0.0024414
0.00829937
0.0025749
1.999
0.00731717
0.023294
0.0155024
0.0160495
0.00121997
0.00911008
0.00292819
0.0377511
1.28891
5.92122e-05
0.00161843
0.000399674
0.000634794
0.000284216
0.000408769
8.05366e-05
0.0153553
0.0644095
0.0154173
0.0121425
0.0089595
0.0161344
0.0395211
0.000143263
0.000247941
0.000401281
0.0256574
1.61787
0.000926032
0.00101184
0.00131649
0.000247006
0.000301375
0.000213477
0.00122106
0.00074096
0.617871
0.696603
1.02321
1.158
0.146773
0.077707
0.0229107
0.0787845
0.680189
2.7476
0.277568
0.0818902
0.00822762
3.74271e-05
0.107519
0.00103522
0.00128587
0.000864064
0.000316346
9.66912e-05
0.0522282
0.000634215
0.000212656
0.000334574
0.00012788
0.00160012
0.00085369
1.66802
0.000603162
0.000140715
0.00115017
7.95395e-05
0.00140198
0.054192
0.000505171
1.58996
1.20068e-05
0.00198779
0.000234237
0.00028925
0.011758
0.000181785
0.000579983
0.00104024
0.000246189
0.000988248
0.00121595
0.000241162
0.000326985
0.0132175
0.00155594
0.000730748
0.00199711
0.0186573
0.000813546
0.000671309
0.000253435
0.00014137
0.0408111
0.0279766
0.00653377
1.12537e-05
0.00185088
0.00151413
1.78325e-05
0.00110974
0.000456097
0.000107404
0.000180974
0.000200485
0.0015841
0.0013433
0.000322042
0.00820793
0.0346549
0.011389
9.18353e-05
0.00139155
0.00807685
0.00916341
9.55527e-05
0.000849586
0.000288026
9.77897e-05
0.0621381
0.0149413
0.0164793
0.00556845
0.00404989
0.0169648
0.00484428
0.0110423
0.00690307
0.00899949
0.0125339
0.021289
0.00859087
0.000401623
0.27499
0.0143547
0.0134048
0.00804079
0.0127193
0.00169464
0.0115505
0.012573
0.00242559
0.00750019
0.0471603
0.00283793
0.0104098
0.00906583
0.00938743
0.00854955
0.00704576
0.0207388
0.00105745
0.0103084
0.0134069
0.00419444
0.0419556
0.639032
0.00608206
0.00758945
0.0204754
0.593946
0.0142843
0.00846477
0.000592345
0.00666592
0.0259614
0.0104942
0.00822511
0.00766783
0.000917632
0.675638
0.0120343
0.237872
0.579964
0.00583924
0.000541518
0.22919
0.0484045
0.0169298
0.000957458
0.0363321
0.00406521
0.00301684
0.0051705
0.0168885
0.00810558
0.00803141
0.00538388
0.143652
0.014697
0.00152235
0.04194
0.00324129
0.00544501
0.0172628
0.0106367
0.00817536
0.0203056
0.0124398
0.0291896
0.210056
0.0189959
0.00495814
0.000784369
0.0468283
0.00415922
0.000249919
0.113929
0.0134886
0.000767909
0.0378526
0.00759219
0.0336042
0.0104631
0.0228597
0.0470979
0.000744716
0.00641897
0.0602372
0.00138684
0.00794099
0.715102
0.00101471
0.060708
0.0084072
0.0185358
0.0196191
0.357806
0.0276835
0.0379816
0.0498361
0.018875
0.000638726
0.032512
0.00242141
0.00951339
0.0140186
0.00571527
0.0237083
0.162934
0.0268012
0.000494162
0.00541113
0.0127697
0.0176354
0.0020079
0.00781069
0.0396363
0.0208924
0.024788
0.0118956
0.0162996
0.00290257
0.129596
2.41197
0.0100745
0.0121018
0.0529455
0.0227042
0.689228
0.000627544
0.000291681
0.000725803
0.000409884
0.000415813
0.000361053
0.00143851
1.58687
0.000766859
0.000462016
0.000627919
0.0013025
0.000159472
0.0012234
0.00150213
0.000379402
0.00859719
0.00101177
9.18173e-05
0.000355054
0.00030494
0.0729911
0.552693
0.740055
0.00687614
0.00591928
0.0406817
5.81107e-05
0.000732777
0.000867695
0.00159053
0.000249782
0.00109137
0.00105212
0.0244466
0.0270578
0.0220297
0.0834042
0.0105523
0.0188195
0.0411868
0.0498334
0.000709786
0.000311015
5.62907e-05
0.000846617
0.00287442
0.000350883
0.00075631
1.65203
0.00117241
4.9494e-05
0.000213619
0.00071305
0.000153895
0.000658982
5.8824e-05
0.000971731
0.0170957
0.00399579
0.0168918
0.00373376
0.0107588
0.000648375
0.00021953
0.000110207
0.0534417
0.0295471
0.00137419
0.000434182
0.00149533
0.00135037
0.00133348
0.00579422
0.000456898
0.000108483
0.000369087
0.000154384
0.00284651
0.00117595
0.00180563
0.00157776
0.000760557
0.00122652
1.65214
0.00161062
0.000603195
0.000205613
0.0098058
0.021249
0.00200018
0.0572244
0.0367204
0.0039212
0.00646689
0.000742113
0.0011027
0.00174844
0.000394796
0.000991124
0.000230025
0.00100782
0.0144124
0.000742005
1.68442
0.0116994
0.00709241
0.0172888
0.00399004
0.0168085
0.0120812
0.02337
0.0220544
0.883545
0.0215829
0.0388793
0.00675878
0.0642343
0.00121073
0.0140454
0.00845508
0.144384
0.0177586
0.0138123
0.0290531
0.0132432
0.00263705
0.00913208
0.0223343
0.0234809
0.00390623
0.0192538
0.0333731
0.00688793
0.0344578
0.0138958
0.000115516
0.00804055
0.016763
0.460014
0.0348926
0.0170055
0.0166764
0.00275589
0.0145352
0.00380332
0.00438818
0.0307862
0.00874484
0.00132538
0.00548416
0.576321
0.00232455
0.0213572
0.161211
0.00332882
0.00175262
0.0083948
0.569301
0.0121714
0.0154464
0.00399588
0.776182
0.0254239
0.0118133
0.00793925
0.00337932
0.00604563
1.51346
0.00704983
0.00266092
0.0090895
0.00352526
0.00505267
0.00128607
0.00468654
0.00211061
0.018251
0.00544528
0.0166595
0.00948725
0.00334642
0.000435359
0.0156247
0.00367306
0.000457629
0.0212665
0.0133959
0.0140239
0.00755794
0.0606786
0.00730171
0.0299094
0.0389873
0.0265171
0.00663064
0.0205279
0.0343336
0.0632288
0.0126046
0.0160332
0.0159292
0.407432
0.0182222
0.0108882
0.000877651
0.010662
0.0318569
0.0029848
0.00055247
0.00262284
0.00317233
0.344367
0.0209076
0.0112605
0.0679904
0.0458199
0.116535
0.00694048
0.3634
0.00881358
0.00893848
0.00228275
0.0264032
0.0171305
0.0201353
0.225665
0.00695354
0.0293646
0.00591865
0.00557489
0.0580815
0.0341574
0.0172998
0.891482
0.000280543
0.00411622
0.0158154
0.000935613
0.0186158
0.45854
0.000571247
1.22113
0.0253841
0.00218301
0.00427875
0.0102893
0.00359966
0.0136683
0.00655459
0.535765
0.0184197
0.0081911
0.000182342
0.041735
0.0456629
7.94468e-05
0.000561539
0.000212837
0.0423034
0.00709845
5.78485e-05
0.000289564
0.000364317
9.32979e-05
0.000951586
0.000720099
0.000530584
0.00014118
0.000261583
0.0014081
0.0275241
0.00242186
0.0212991
0.0174912
0.00221984
6.09699e-05
0.000412676
0.00160628
0.000403857
0.000259426
1.62402
0.000675368
0.000333886
0.00101414
0.479739
0.0147334
0.0214775
0.00346452
0.164618
0.0123158
0.0201357
0.000538544
0.0124691
0.644051
0.00748102
0.0133693
0.0115362
0.00426391
0.425931
0.0492688
0.00708798
0.00329471
0.00650686
0.0201686
0.793308
0.0108721
0.00756443
0.000293406
0.0130398
0.0370165
0.520487
0.00280767
0.00689743
0.0062621
9.7355e-05
0.0162119
0.0106342
0.00451316
0.632848
0.00962586
0.0272271
0.0219989
0.00656945
0.0180451
0.0201198
0.00400329
0.0100417
0.00548734
0.00914988
0.000543122
0.00943735
0.00110262
0.00185808
0.00285549
0.00936088
0.0416831
0.0386994
0.0638424
0.00899494
0.00372046
0.0267757
0.00709053
0.00626587
0.001821
0.0107506
0.0375184
0.0517438
0.0402231
0.00441813
0.0054173
0.0151076
0.0343854
0.0367596
0.000246329
0.0685619
0.0248052
0.00731462
0.0171288
1.76496
0.0281954
0.00815696
0.0101701
0.00626891
0.0177122
0.0118304
0.0136089
0.0300113
0.0068622
0.0150983
0.00626714
0.051361
0.000199918
0.00170759
0.00974908
0.0241265
0.0421277
0.00875101
0.0286015
2.01013
0.011704
0.0627339
0.0151
0.0255993
0.04816
0.00191332
0.00874621
0.0192425
0.00407416
0.0354525
0.0115614
0.0026879
0.0127904
0.00740981
0.0461254
0.022773
0.0208684
0.0431489
0.0105153
0.00622167
0.00124452
0.00495492
0.00095851
0.0067707
0.0229302
0.0143462
0.00176831
0.0468827
0.00809136
0.00873873
0.0311925
0.0107514
0.0164322
0.0116381
0.00709307
0.010048
0.016687
2.75303
0.0130058
0.0493829
0.0203203
0.570513
0.0197583
0.0107988
0.0345607
0.0041991
0.00757785
0.0141275
0.00657034
0.0206157
0.00786119
0.0619564
0.0163303
0.0350208
0.00366891
0.0190168
0.787498
0.0146304
0.00993266
0.775865
0.014702
0.0265761
0.00543828
0.736243
0.00177332
0.00513281
0.000856161
0.000422149
0.030265
0.00807485
0.344456
0.0400033
0.0023774
0.00151532
0.0113908
0.00301205
0.00552457
0.0251035
0.0224554
0.00616841
0.0325587
0.0535765
0.0156485
0.0190748
0.00978856
0.0273417
0.0113243
0.00257331
0.00341815
0.00837994
0.00482278
0.0368133
0.0406445
0.0412575
0.663424
0.0144754
0.0964778
0.0691258
0.0594162
0.0057505
0.0606755
0.000532474
0.018113
0.0545672
1.69683
2.6485
0.00963391
0.0286932
0.0101034
0.867235
0.04183
0.014485
0.00246984
0.00822121
1.58062
0.0244125
0.0192861
0.00390729
0.00145615
0.0116659
0.424917
0.012931
0.0110589
0.0173568
0.00289922
0.00142004
0.0128796
0.0279296
0.000556431
0.00581825
0.774597
0.0100989
0.0211367
0.0164566
0.0251133
0.00647675
0.00311711
0.000748969
0.0229759
0.00172519
0.00114298
0.0139808
0.0165197
0.0142282
0.0273156
0.00259669
0.00404701
0.0240771
0.00413121
0.0150785
0.0330539
0.00100331
0.0114347
0.0117788
0.00415166
0.0164377
0.00666268
0.00262837
0.00134983
0.0492394
0.0993591
0.065455
0.304676
0.616812
0.00309907
0.0217321
0.00144917
0.07946
0.0231098
0.00474814
0.00329769
0.0360864
0.00534373
0.0165169
0.0036096
0.00839635
0.00191612
0.00518751
0.0380346
0.878253
0.00620597
1.2483
0.0219754
0.981505
0.00546363
0.00492961
0.000116923
0.0164757
0.822169
0.00398899
0.015604
0.0106029
0.0333554
0.577608
0.00708554
0.0438494
0.0231255
0.000530024
1.27427
0.0100475
0.00864878
0.0125466
0.00449896
0.68817
2.69205
0.00977749
0.0296723
0.117803
0.00879471
0.0108866
0.018419
0.00710426
0.0203275
0.00687619
0.0254668
0.00393011
0.00811571
0.00322918
0.00778898
0.649389
0.0122278
0.0390595
0.0169102
0.00661627
0.0117106
0.0109868
0.135562
0.00923092
0.000932029
0.011858
0.0055379
0.00555814
0.00265088
0.0133258
3.12733
0.00775824
0.0303887
0.0103616
0.00619898
0.00118661
0.0460766
0.00381022
0.0101566
7.93928e-05
0.00251448
0.000304564
0.000595362
0.00109471
9.0368e-05
1.10054
0.0634239
0.00461472
0.000123413
3.62575e-05
0.000195092
0.0140781
0.00537867
0.00224558
0.769929
0.015593
0.0179943
0.0350938
0.00685084
0.0149542
0.00761215
0.00976949
0.0270401
0.00729022
0.0121604
0.0171751
0.0378241
0.760817
0.00105533
0.0134986
0.00498863
0.00241925
0.000982344
0.00373939
0.00742722
0.0126867
0.0012866
0.00608465
0.198042
0.00859233
0.00948519
0.00319022
0.0107059
0.0213237
0.0232088
0.00545614
0.0668697
0.0147157
0.0957832
0.0224182
0.259899
0.032089
0.816879
0.0194648
0.0407859
0.000800006
0.0276914
0.073519
0.00258086
0.00281731
0.125601
0.017082
0.0146869
0.00534547
0.0202051
0.015708
0.0106908
0.00382407
0.0416419
0.0196058
0.0533161
0.0136787
0.00254336
0.0174748
0.00617055
0.0976792
0.0100234
0.0186098
0.0138568
0.436216
0.00909967
0.0135596
0.0113864
0.0281242
0.0114136
0.0102937
0.00604424
0.00998119
0.00697264
0.0391521
0.00313986
0.0023997
0.0252172
0.0249059
0.0587823
0.0129333
0.00490721
0.00676752
0.0403838
0.0196619
0.576545
0.0118637
0.824503
0.0813541
0.000771104
0.00599123
0.026172
0.0253855
0.0544754
0.0203765
0.0484064
0.0296842
0.0202895
0.0501627
0.00105173
0.0439512
0.0330012
0.00708739
0.0196998
0.0264462
0.0992993
0.0286365
0.0114068
0.0291837
0.0492961
0.0191194
0.0435237
0.0477904
0.0161264
0.00501487
0.00423497
0.00537788
0.0110767
0.018289
0.0439747
0.0243342
0.0350493
0.00445542
0.0202075
0.0300721
0.0309431
2.71678
0.0105956
0.0225725
0.00158489
0.0121288
0.0283204
0.00374104
0.00597164
0.0152137
0.00636093
0.00967119
0.0108595
0.0131696
0.0417721
2.2308
0.00348176
0.0134563
0.0031419
0.0061458
0.00261078
0.303931
0.0110819
0.0132919
0.006136
0.690138
0.00986226
0.0436714
0.0294134
0.0265254
0.0119333
0.00869966
0.431003
0.00910092
0.0134059
0.00592026
0.0151832
0.0108993
0.0208155
0.0619212
0.28218
0.0195443
0.0613056
0.0090196
0.0347831
0.0794797
0.0341707
0.00216779
0.000155859
0.0023863
0.0157554
0.00702413
0.23975
0.0049579
0.00639513
0.000274068
0.00762556
0.0373757
0.512031
0.00605727
0.00848286
0.0832516
0.0931755
0.0149461
0.0372503
0.0201316
0.013336
0.369463
0.0529852
0.00153325
0.0400234
0.0081583
0.0633199
0.00072258
3.1348
0.0225673
0.0172145
0.0254281
0.00050798
0.0120962
0.0225676
0.0104045
0.00746538
0.00142198
0.00334542
0.00551555
0.0268601
0.000106512
0.00468365
0.000118417
0.108685
0.00249587
0.00867554
0.000167546
0.000265365
0.81
0.250453
0.00154155
0.00248381
0.00250633
0.00743165
0.122296
0.00930462
0.0106777
0.00775718
0.00171007
0.00132337
0.00302268
0.000476883
0.0119355
0.00083834
0.00459717
0.00193496
0.00174094
0.0449111
0.0315378
0.074318
0.0378936
0.00124023
0.0186304
0.0046617
0.0288211
0.294239
0.0614294
0.0108427
0.00714287
0.0117143
0.00672609
0.0171085
0.00377669
0.0287134
2.6213
0.00825209
0.757497
0.0082261
0.048338
0.00994195
0.0244304
0.0199642
0.0225898
0.0388269
0.0196276
0.0109473
0.0281803
0.02844
0.0139564
0.00365742
0.00576765
0.0192872
0.642099
0.0120695
0.0283889
0.00128885
0.00304342
0.002805
0.0134447
0.0153993
0.0539727
0.0141728
0.0274119
0.00524597
0.0330174
0.0015662
0.00485925
0.0552668
0.000143517
0.000418623
0.000232704
0.00022321
0.000693809
0.000143429
0.000653343
0.000440102
0.00145037
0.000880033
0.000483052
0.000347476
6.02179e-05
0.000118751
0.000645118
0.00140653
0.00107342
0.000567079
0.000759944
0.000310534
0.000126542
2.88685e-05
0.00174242
0.000200755
0.000124908
0.00128415
0.00184927
0.00128778
0.00114127
0.000570422
0.00147802
9.86213e-05
0.00183556
0.00152613
0.000218193
0.000130395
0.000339553
0.00115459
0.0429292
0.0580078
0.00043651
0.043876
0.0113268
0.0215921
0.0897435
0.098468
0.1139
0.0108571
0.00525814
0.645313
0.149712
0.857167
0.162284
0.0245188
0.00119293
0.212231
0.00952943
0.0256662
0.286931
0.190297
0.0914733
0.0566617
0.189072
0.0426852
0.0389572
0.0304136
0.0853334
0.190799
0.0217344
0.00721728
0.177747
0.025135
0.00741882
0.0377821
0.202667
0.014394
0.0113632
0.0117047
0.000344459
0.161154
0.0957793
0.0388804
2.73605
0.0205818
0.0116081
0.0252859
0.0202978
0.882732
0.00677697
0.00802605
0.0121531
0.0533694
0.0243856
0.00075547
0.403625
0.0304267
0.00619908
0.0114358
0.00205747
0.000230319
0.00990939
1.52835
4.86153e-05
0.0140651
0.0216724
0.000425933
0.00299829
0.00555296
0.00340493
0.0188945
0.0106454
0.00491339
0.013236
0.0161132
0.0186493
0.0232183
0.016893
0.0148946
0.0123248
3.06467
0.000398725
0.0155271
0.0844832
0.00520688
0.0100538
0.0105751
0.0275563
0.0165366
0.367536
0.0409538
0.00299815
0.000785634
0.00343084
0.000993613
0.00581801
0.0153736
0.00374253
0.0159154
0.0021486
0.725697
0.038462
0.058544
0.000950172
0.00675802
0.491106
0.0117495
0.0239288
0.0151426
0.0137485
0.0140427
0.000639385
0.00773981
2.19045
0.00671906
0.00839762
2.43909
0.0173119
0.0143422
0.0391789
0.0146024
0.00849795
0.00861654
0.0148523
0.0089107
0.0325416
0.0162643
0.00636876
0.0034561
0.00859315
0.000496958
0.0063967
0.00235491
0.00164386
0.00661618
0.0117057
3.13632
0.00100704
0.00145824
0.000297337
0.0178005
0.00012916
0.0208258
0.0112628
0.000161599
0.0121769
0.00992872
0.010042
0.00343564
0.0115043
0.00771805
0.00855592
2.71103
0.023473
0.00817065
0.0159312
0.0523619
0.0296896
0.00586637
0.0603119
0.0286573
0.00496577
0.00675762
0.0588609
0.00537416
0.00155314
0.00283845
0.0189639
0.0118813
0.000697563
0.000404799
0.000853791
0.00896302
0.00386082
0.0060724
0.0296922
1.84391
0.439864
0.00267264
0.453652
0.000487076
0.000903763
1.58709
0.0459848
0.588434
0.0341873
0.00368081
0.010499
0.000883282
0.0419282
0.407113
0.00172292
0.0192484
0.00713503
0.00643239
0.0159058
0.0293614
0.0087661
0.0710258
0.0102507
0.0182046
0.0406655
0.5167
0.00560824
0.00526454
0.0555963
0.0313513
0.0205672
0.00508499
0.00128699
0.602289
0.000625798
0.0220711
0.0179404
0.0117218
0.0240025
0.668955
0.00859307
0.0403361
0.0178013
0.0512443
0.00372504
0.0064373
0.407708
0.0327261
0.0311111
0.0188099
0.0105423
0.00521662
2.05973
0.196724
0.00775987
0.00167084
0.00274197
0.00917498
0.00745419
0.0195024
0.0106024
0.00705932
0.0519979
0.000737895
0.00835317
0.421179
0.0976786
0.00897481
0.0150401
0.107515
0.0133694
0.0335973
0.0123055
0.02931
0.00995375
0.055691
0.000509783
0.048238
0.000219567
0.022526
0.0270306
0.0127248
0.103059
0.00637997
0.00101951
0.00314729
0.0196803
0.0109162
0.00457321
0.000873019
3.03786
0.00830232
0.00721847
0.00531483
0.799572
0.603967
0.00938494
0.0704397
0.00480694
0.0226499
0.0280774
0.00554667
0.000890462
0.536137
0.00229781
0.00140559
0.630915
0.00538618
0.365231
0.00238396
0.448837
0.00222303
0.00722859
0.0111629
0.00106909
0.00209415
0.00945698
0.00968042
0.784236
0.00477576
0.000277896
0.0185484
0.00508206
0.017236
0.0109893
0.0385369
0.422014
0.00183943
0.00164098
0.0127473
0.013218
0.0126241
0.0211585
0.00561589
0.0082422
0.393578
0.00053003
0.00255283
1.07962
0.0143428
0.0110116
0.010815
0.00406512
0.00586613
0.00662194
0.00151053
0.0129851
0.0168493
2.47447
0.0111339
0.0130081
2.04905
0.0189829
0.000674041
0.000914799
0.0126795
0.00220721
0.00113451
0.023757
0.0299392
0.00100981
0.00935219
7.92509e-05
0.00134863
0.000821506
0.000451211
0.00021387
0.0308951
0.00852985
0.0289897
0.0247666
0.00608875
0.0112638
0.0430733
0.019815
0.0479879
0.00441394
0.00934469
0.00698207
0.00883587
0.00337529
0.00436724
0.00140778
0.000200158
6.17007e-05
0.00141582
0.0125572
0.000148967
0.00128275
0.000482196
0.00111334
0.00193337
0.00119819
0.00051981
0.000728767
0.000633161
0.000880864
1.54561
0.000109393
0.000989746
0.00104971
0.000686732
0.00109384
0.206448
0.0228963
0.612088
0.0424547
0.0137592
0.0671807
0.0252431
0.00515823
0.00079194
0.000562977
0.0189323
0.0175246
0.0129875
0.00609174
0.00689818
0.044786
0.00606351
0.383909
0.00413882
0.0138454
0.0110281
0.592756
0.00585844
0.00834119
0.0181314
0.0203964
0.0503601
0.59614
0.0257948
0.482419
0.500867
0.0688497
0.024928
0.0500685
0.00305712
0.0139755
0.00631124
0.0370807
0.016571
0.017954
0.00755375
0.00165021
0.0176494
0.0027829
0.0191117
0.0193525
0.000587665
0.0176261
0.000254397
0.000805913
0.00885618
0.000789436
0.813432
0.00473947
0.802155
0.0166649
0.00778685
0.00254408
0.000184982
0.802004
0.0018323
0.000425032
0.0414498
0.0266358
0.000756967
0.00025941
0.018262
0.000280787
0.0248573
0.0344373
0.00164911
0.0114574
0.0321953
0.000899383
0.00135818
0.791761
0.0247141
0.00137841
0.0018236
0.32898
0.0127526
0.00845335
0.647286
0.0118212
0.000957214
0.00312737
0.00062153
0.000734507
0.0123576
0.0221371
0.0225379
0.00980265
0.000642134
0.0215216
0.00940667
0.0201816
0.0116971
0.00169008
0.0142472
0.0110284
0.0335929
0.00598398
0.000350779
0.0521434
0.0129963
0.480138
0.009062
0.00126311
0.0170175
0.0372925
0.00946546
0.0223791
0.0107797
0.0254591
0.00863639
0.00122527
0.0479293
0.0271395
0.00229606
0.00979903
0.0313955
0.0248927
0.00109743
0.0470429
0.0405514
0.0111412
0.0103424
0.0131986
0.311676
0.0174267
0.0114672
0.00390077
0.00786186
0.023427
0.05116
0.0144627
0.0695096
0.00491037
0.0122973
0.0111541
0.0343984
0.0275655
0.0185181
0.0466154
0.0158
0.00819001
0.0058375
0.596695
0.001455
0.000187747
0.00117769
0.0185994
0.0181773
0.0171333
0.0114678
0.0125274
0.00207487
0.00497938
0.00283148
0.00238447
0.61505
0.701228
0.00169949
0.0281202
0.00714859
0.00069758
0.00128388
0.00103701
0.000551849
0.000114518
0.00098932
0.000627667
0.0118559
0.000240058
0.00146321
0.00051778
0.000447329
0.000691245
2.31408
0.000683051
0.0001562
0.00123122
0.00071885
0.000430344
0.000549343
0.0180044
0.00310585
0.0176075
0.00839945
0.0027048
0.0207597
0.054801
0.0325208
0.0186407
0.000113154
0.00136359
0.000646941
0.000194283
0.00137932
0.000247317
0.000130458
0.000816913
0.000738618
0.000631399
0.000303344
0.000601848
0.00289709
0.000883532
0.00189676
0.000258077
0.000308045
0.000997527
0.0015858
0.000128135
0.00108865
0.00054324
0.000138938
0.00200412
0.000162764
0.000555484
0.000316113
8.52602e-05
0.000550222
0.0488294
0.000193963
0.000207149
0.0104593
0.0115038
0.112101
0.0127021
0.0260291
0.0826877
1.00562
0.00898331
0.021778
2.60954
0.00591576
0.0050675
0.00699447
0.002397
0.0172463
0.0109773
0.00411354
0.0321359
0.00944624
0.0177236
0.00703166
4.51189e-05
0.0126303
0.0615524
0.0193084
0.00255717
0.00242277
0.00806324
0.00872214
0.0124656
2.97167
0.0153121
0.00149215
0.000284461
0.00219028
0.19076
0.0158101
0.00580474
0.006121
0.00343306
0.0176224
0.0106413
0.000936062
0.00175735
0.000278589
0.000496303
0.000115069
0.00129778
0.000992455
0.000969349
0.000401395
0.00026972
0.000968239
6.28716e-05
0.00137745
0.00364803
0.000709096
0.0057747
0.0274174
0.000306344
0.000262911
0.0124408
1.20152e-06
0.000597325
0.00235704
0.0260081
0.0254457
0.0430684
0.198416
0.00777393
0.0100741
0.00226782
0.00860357
0.00257958
0.0130916
0.00970554
0.0318169
0.0189396
0.0146019
0.0110401
0.0274068
0.0025016
0.00522437
0.00526527
0.00235797
0.0523374
0.0222146
0.00430919
0.0399697
0.0342348
0.00680238
0.0100735
0.00707709
0.00578955
0.0129655
0.0158988
0.0015571
0.0112077
0.00501343
0.0102115
0.00890071
0.0221161
0.00738017
0.0154961
0.000724651
0.0132567
0.0309379
0.452501
0.0085701
0.00280853
0.00180476
0.0503482
0.0122341
0.0280748
0.0609525
0.0157812
0.0288376
0.00766136
0.00708413
0.004304
0.00810803
0.038701
0.000457199
0.000123895
0.0163784
0.0695054
0.0214666
0.00862505
0.0409119
0.000595981
0.0198971
2.13365
0.00421492
0.0250234
0.0016671
0.0114354
0.0296236
0.000457369
0.00886818
0.0243003
0.00329273
0.0371946
0.0338713
0.0258561
0.00867185
0.0291597
0.0248143
0.00977066
0.0321358
0.343623
0.014842
0.0114116
2.20979
0.0133712
0.026397
0.00393489
0.00605334
0.0106895
0.00624347
0.0180705
3.0525
0.00937653
0.0168159
0.016767
0.0223539
0.0160366
0.00785094
0.0114324
0.0621552
0.0166889
0.047849
0.000698667
0.000269142
0.00080603
0.00273456
0.023752
0.0383141
0.0650755
0.0395859
0.0249498
0.00114541
0.00597112
0.0106607
0.0176963
0.0239181
0.0269489
0.0614331
0.0193483
0.0294788
0.0181222
0.00620999
0.0431671
0.0264732
0.00770002
0.10126
0.00587585
0.0221031
0.00179326
0.000194532
0.000611537
0.0285593
0.0605056
0.0112541
0.0239221
0.00839039
0.00599487
0.0228182
0.00426778
0.00172291
0.0170403
0.00284992
0.00155796
0.0147649
0.625666
0.00632732
0.00995946
0.0209106
0.0111494
0.0586284
0.00157073
0.0255583
0.00714962
0.0162233
0.0540408
0.00224293
0.0289432
0.0592228
0.0070375
0.0186328
0.0941912
0.0154047
0.0408181
0.0480221
0.00417661
0.0236533
0.0584388
0.000836629
0.0428775
0.0013243
0.0480058
0.161527
2.52047
0.00621379
0.0122632
0.0316717
0.0637252
0.00797668
0.0618511
0.0221665
0.00617177
0.0373353
0.0010228
0.00481752
0.00720496
0.00599151
0.0144453
0.00160986
0.033772
0.00920253
0.0236922
0.0557112
0.00482811
0.00424525
0.00496831
0.00584232
0.0126669
0.0182044
0.000148628
0.00147029
0.00984989
0.039112
0.000197402
0.0251306
0.00399815
0.00130756
0.017895
0.0101767
0.00425369
0.0305064
0.00115762
0.00345466
0.0199424
0.038507
0.00701123
0.00923917
0.372943
0.0018152
0.00173519
0.00563623
0.0124196
0.00210885
0.00122634
0.00932654
0.174735
0.00182465
0.0097083
0.0118692
0.00197944
0.00297323
0.00152245
0.570621
4.64506e-05
0.764304
0.32833
0.00187535
0.0079432
0.0561205
0.015961
0.0514903
0.0332187
0.0288719
0.234505
0.0349875
0.0332393
0.00383263
0.0307283
0.00580727
0.0112838
0.0110465
0.0299166
0.0379754
0.0241975
0.0424571
0.0280257
0.0257046
0.0907659
0.15863
0.0243894
0.00509004
0.0106398
0.000605804
0.00136175
0.00452567
0.000615269
0.000354136
0.00151805
0.00022524
4.61225e-05
0.000413208
0.371421
0.000135615
0.000363667
0.000944996
0.000746729
0.0177313
0.00295413
0.0131331
0.0158654
0.0153112
0.00590023
0.0161574
0.0105801
0.00291026
0.0070779
0.639042
0.00431715
0.00458332
0.00144609
0.0055724
2.59277
0.001614
0.0118541
0.00369498
0.0813545
0.0401107
0.0149515
0.00529187
0.0227508
0.0120199
0.00185196
0.0118133
0.0225885
0.000159867
0.0172558
0.0338869
0.000701128
0.0254916
0.0279219
0.00144972
0.00468046
0.0206911
0.0210642
0.0331309
0.00105205
0.0067498
0.0194119
0.021069
0.00902321
0.00482746
0.660775
0.180939
0.00916095
0.245248
0.00252409
0.00891861
0.117554
0.00217431
0.00323318
0.0106914
0.0398173
0.00188603
0.0122228
0.0125398
0.0137917
0.0138284
0.0027578
0.0099566
0.000837124
0.00957368
0.00723202
0.112438
0.0881669
0.00166023
0.00363034
0.00232552
0.0675669
0.0382158
0.00602186
0.13182
0.0138152
0.0640129
0.0111002
0.0726184
0.0133858
0.0260213
0.0722953
0.190367
0.0316705
0.0646807
0.00650675
0.0188666
0.0055194
0.0380569
0.0047824
0.0273679
0.000591055
0.00220408
0.00223568
0.578428
0.000760666
0.004459
0.00567515
0.0373347
1.30984
0.0158781
0.00965607
0.00143043
0.008569
0.00363723
0.0317263
0.68565
0.00205545
2.64071
0.00412564
0.000923319
3.1023
0.0163187
0.00233607
0.473091
0.013717
0.0122268
0.004214
0.0128059
0.0036386
0.0159955
0.00622227
0.0357373
0.0129265
0.0352892
0.0369507
0.0136633
0.00819544
0.0135858
3.09845
0.0264065
0.00126946
0.0185505
0.0208769
0.00202753
0.909179
0.00120779
0.00874014
0.00930908
0.001492
0.00118045
0.0249746
0.00608192
0.00361237
0.0160279
0.00080642
0.00208971
0.0111038
0.000826117
0.00214575
0.00940662
0.00119457
0.00830893
0.00148924
0.000355031
0.00230909
0.00239139
0.00126408
0.00618465
0.00146197
0.00719787
0.0132243
0.00883858
0.000632386
0.00170876
0.00165672
0.00399507
0.0229492
0.00181418
0.00581146
0.0067802
0.0180113
0.00224582
0.000860785
0.00205434
0.00671024
0.00461975
0.00197121
0.00301139
0.00496431
0.00726888
0.00211336
0.00317439
0.00868702
0.000732774
0.00409938
0.0186812
0.00313624
0.00223158
0.00162327
0.0102568
0.00291941
0.00571908
0.000644904
0.00735358
0.00245731
0.00344505
