0.0320085
0.146247
0.0310363
0.0693681
0.138754
1.91782
0.0372736
0.0382392
1.15189
0.164671
0.192317
0.138847
0.0268339
0.0268248
0.0297711
0.0146937
3.67029
0.465287
0.0617767
0.0292625
0.022343
0.011623
0.7787
0.13966
0.023836
4.61298
0.0307874
1.91604
0.0155595
0.0438062
0.0915024
0.0366863
0.00966879
0.0232842
0.557329
0.0143807
0.0361711
0.0861866
0.0199777
0.0682627
0.497751
0.707976
0.0451458
0.0237378
0.0416797
0.0270457
0.0497991
0.014738
0.0184313
0.0455168
0.0134757
0.047067
0.0345109
2.84433
0.0434202
0.0433301
1.78006
0.0253602
1.87318
0.0362955
0.0423251
0.612612
0.404583
0.0173936
0.00487819
0.0275072
0.00854923
0.0179507
0.202853
0.0131757
0.657682
0.0432087
0.404233
0.0202511
0.041541
0.0151638
0.265944
0.00577821
0.0253951
0.0226754
0.113383
0.0159534
0.0235372
0.0387537
0.00698251
0.0334982
0.0510719
0.0137644
0.483345
0.119183
0.0127
0.0357562
0.0249745
0.031153
0.39785
0.0555771
0.183768
0.0459599
0.020239
0.0320524
0.0847589
0.0360139
0.0850965
0.0109436
0.0270145
0.0521739
0.0453001
0.0434257
0.0515476
0.0708101
0.0184662
0.00518795
0.0208636
0.0604431
0.0509155
0.0211606
0.0460612
0.0192146
0.0337929
0.0474151
0.0656834
0.0523037
0.135438
0.0288445
0.075384
0.018044
0.01856
0.0425717
0.232949
0.129438
0.127787
0.55373
0.0270763
0.120316
1.21998
0.602516
0.824462
0.0382766
0.194398
0.0889308
0.641996
0.107019
0.459589
1.59382
9.17467
0.802325
1.07807
0.0969856
0.0353359
0.0527903
0.0302752
0.194002
0.123725
0.0640131
0.0173718
0.168991
0.00412907
0.0666966
0.60955
0.120975
0.246575
0.119671
0.0400922
0.116862
0.0650191
0.117048
0.0576032
0.0281426
0.874222
0.69105
0.0572936
0.0230688
0.123459
0.135604
0.143955
0.0811886
0.0401239
0.0156174
0.248005
0.668483
0.782279
0.852454
0.0167928
0.093986
0.0218902
0.0242848
0.618203
0.540411
0.0468268
0.0323461
0.227053
0.23439
1.40824
0.399616
0.0183837
0.041093
1.74125
0.084699
0.0795265
0.301669
0.0313544
0.0935829
0.0121158
0.00604214
0.0510047
0.132443
0.0240733
1.72999
0.0489031
0.189944
0.00800351
1.09254
0.0471456
1.60051
0.0377152
0.918283
2.26777
0.081384
1.35257
0.040297
0.743987
0.0532626
0.70707
0.0515744
0.0769504
0.0739119
0.143767
0.114432
0.0619515
0.0129271
0.0478885
0.0788941
0.100103
0.0227185
0.0379762
0.0104531
0.693785
0.0389858
0.188691
0.0107514
0.0516333
0.124557
0.0646642
0.209162
0.0422718
0.162903
0.0384475
0.0214522
0.323875
0.76105
0.0251899
0.0860345
0.16531
0.382218
0.571219
0.0161386
0.0666739
0.414496
0.0278875
0.018176
0.0978238
0.326206
0.0742577
0.0292275
0.994456
0.3341
0.039416
0.908367
0.403028
0.19125
0.0150629
0.102091
0.035486
1.29365
0.501162
0.240833
0.155822
0.185235
0.0351876
0.483879
0.0564028
1.05014
0.510172
0.284552
0.290457
0.0337658
0.0962021
0.118844
0.385877
0.39764
0.772258
0.110752
0.0265913
0.47739
0.578279
0.608346
0.0221153
0.0685842
0.230029
0.0172976
1.81258
0.710569
0.0351432
0.354193
0.315738
0.116986
0.200105
0.69791
0.0589437
0.813516
0.0600708
0.0334831
0.0443911
0.766742
0.922253
0.0184868
0.0599585
0.0173625
0.133636
0.0553244
0.00897393
0.0444387
0.0291479
0.00564054
0.2915
0.076195
0.00841908
0.0621993
0.0787168
0.24033
1.59217
0.069379
5.61097
0.0782886
0.041886
0.308722
0.0210357
0.123051
0.0282095
0.0641714
0.0179469
0.285991
0.0277707
0.0373384
0.052855
0.0694591
0.54125
0.00632516
0.039363
0.332176
0.0298215
0.0839157
0.0450663
0.0795036
0.84071
0.0192954
0.0395867
0.512609
0.079258
0.0372516
0.00268717
0.147884
0.804674
0.0612821
0.0221051
0.0908255
0.0517594
0.0554736
0.0221103
0.167727
0.333352
0.101766
0.0595248
0.0548685
0.0381237
0.0181841
0.148758
0.0297878
0.0231559
0.0149243
0.0205876
0.0247544
0.0652534
0.0313831
0.0327381
0.0377271
0.0261727
0.02022
0.137109
0.0101862
0.02641
0.106799
0.3932
0.0195272
0.0514471
0.0163339
0.0280214
0.0975981
0.281337
0.0936859
0.0587237
0.012832
0.350086
0.308278
0.064227
0.0224484
0.0509081
0.933068
1.05753
0.0532144
0.497796
0.0157027
0.0153344
0.0470372
0.0381885
0.0384568
0.603599
0.0024625
0.0540758
0.275128
0.0161443
1.11645
0.010645
0.0265935
0.0589857
0.0150769
0.075544
0.0210532
0.046456
0.0367381
0.413822
0.0246467
0.0945758
0.417781
0.0297584
0.0218319
0.0632711
0.0289648
0.0447535
0.0316703
0.248244
0.0342384
1.00597
0.0420922
0.0249405
0.447861
0.0411863
0.55383
0.0298533
0.0041688
0.034152
0.0153517
1.14226
0.0100725
0.026733
0.284541
0.580864
0.799399
0.0776278
0.450709
0.117693
0.0455598
0.014303
0.30394
0.00319674
0.0143582
0.0198991
0.0254353
0.0316676
0.0200448
0.00709982
0.00844575
0.0387323
0.397115
0.0304226
0.0220424
0.0329568
0.0292914
0.370917
0.0117414
0.0145196
1.25673
0.0150145
0.034624
0.00868926
0.0131981
0.00104465
0.0219402
0.00941416
0.0155041
0.0367974
0.0249892
0.0380032
0.0739443
0.00904502
0.00376147
0.0145666
0.00786619
0.127724
0.0414418
0.585643
0.0898083
0.0224045
0.13807
0.383149
4.16509
0.398306
0.159717
1.27918
0.0367505
1.39344
0.0875436
0.372946
0.275601
0.0344934
0.82407
0.0388451
0.455429
0.0250358
0.0822657
0.0622459
0.0458719
2.43052
0.00550879
0.863619
0.872554
0.757319
0.22294
0.0357505
0.967862
0.9421
0.080316
0.115716
0.0427093
0.0104721
0.0448513
0.97441
0.261901
0.035828
0.363056
0.395247
0.338038
0.570712
0.047511
0.293476
0.873399
0.0453152
0.364601
0.0440342
0.107048
1.13249
3.47899
0.110295
0.0314766
0.0616108
0.266323
0.0243917
0.695163
0.0874572
0.300229
2.11588
0.0285922
0.0670858
0.0610005
0.0153015
0.044813
0.894895
0.0755555
0.0346588
0.0703164
0.0341973
0.0409728
0.519994
0.133113
0.226742
0.0926283
0.229922
0.0663282
0.0760752
0.0673845
0.240641
0.0425177
0.208265
0.0607467
0.0819494
1.32014
0.0252944
0.0314797
0.312136
0.0248826
0.244079
0.0875825
0.0290352
1.22731
0.274463
0.775876
0.703101
0.0280783
0.0196592
0.0596548
0.0486702
0.010485
1.04032
0.370181
0.0468122
0.0322712
0.028935
1.1939
0.225085
0.52352
1.11169
0.0776375
2.99377
0.0771299
0.00341644
0.79171
0.745845
0.618999
0.124978
0.0284994
0.0995122
0.463937
0.0288112
0.502617
0.0938192
0.0438422
2.01694
0.0491371
0.246712
0.035264
0.0402149
0.0172794
0.0383937
0.985806
0.0629624
0.0695217
0.0424465
0.0226015
0.013556
0.0450353
1.10246
0.070046
0.0315261
0.384496
0.240843
0.027192
0.0206987
0.0432402
1.22768
0.544086
0.339929
0.689965
0.0186634
0.472003
0.0499828
0.0328779
0.284322
1.89824
0.343428
0.0803285
0.201819
0.038969
0.0642334
0.0380133
0.265745
0.00889027
0.0420408
0.0245252
0.0395524
0.218298
0.45378
0.833687
0.0523553
0.555947
0.0778638
1.83881
0.120211
0.065688
0.0249712
2.829
1.4005
0.839516
0.125795
0.0105657
0.702637
0.140495
7.06481
0.17343
0.202839
0.329108
8.15415
2.03228
0.656828
0.131567
1.22229
0.97613
0.26515
0.47938
0.336419
0.0689127
0.250798
4.33162
0.0863279
0.1058
0.458497
0.0537077
0.0130947
0.0285588
0.0375847
0.025546
0.12159
0.0440071
0.00710845
0.600103
0.0753124
0.0863909
0.550467
1.26564
0.122501
0.587405
0.041642
0.0608208
0.0466926
0.130178
0.118546
0.0331826
0.028123
0.499892
0.0346631
0.204804
0.0296206
0.0406348
0.0558433
1.53533
0.25316
0.0406865
0.43491
0.134014
0.0357157
0.143206
0.0446048
0.0918828
0.0656378
0.066379
0.272202
0.0192482
0.0261125
0.0323877
0.0272402
0.857244
1.19687
0.341341
0.0179005
0.0363098
0.081478
0.352331
0.0201383
0.0449922
0.10771
0.0775709
0.0705932
0.0670388
0.0356055
0.0725902
0.707841
0.0233637
0.0824212
0.598809
3.22298
0.360428
0.0151545
0.318219
0.0545578
0.127583
0.446801
0.493505
0.0215821
0.0398316
0.0280497
0.0291895
0.0134588
0.0669057
0.0684491
0.052031
0.0687743
0.111735
0.069556
0.453037
0.0253061
0.788061
0.0998687
0.0555428
0.0626474
0.0866378
0.0343864
0.286302
0.0480259
0.013022
0.0238222
0.0760622
0.0479169
0.0598848
0.0506315
0.491528
0.0433444
0.048768
0.0208932
0.0691756
0.606845
0.0436819
0.696531
0.0506465
0.0325943
0.0749844
0.0447579
0.0553872
0.0487782
0.0700093
0.829915
0.283515
0.953631
0.246978
1.98024
0.488988
0.79615
0.176202
1.30395
0.730647
0.245046
0.305369
0.140617
0.0774493
0.9218
0.146871
1.18619
0.168434
0.169416
0.0374084
0.0493148
0.0299952
0.204646
0.199012
0.0127721
0.0114444
0.750877
0.0180698
0.0109439
0.559879
0.0263648
0.215044
0.498019
0.214972
2.18707
1.96706
0.0979522
0.519767
0.312028
0.208954
0.0612613
0.0234504
0.396976
0.0267635
0.00612287
0.0787962
0.0138923
0.0808613
0.0240996
0.0179356
0.00962671
0.0263542
0.102773
0.94189
0.0514079
0.0362889
0.00759321
0.0183799
0.0209019
0.0115765
0.0332598
0.0818598
0.19291
0.0732712
0.205133
0.370558
0.0776858
0.106852
0.0284311
0.0493622
1.18818
1.16253
0.170866
0.0230337
0.0432629
0.0262671
0.137354
0.0312104
0.0627462
0.0866703
0.203674
0.0474319
0.00692758
0.028217
0.0437281
0.43957
0.0258004
0.0404198
0.059287
0.0418425
0.0433798
0.0279278
0.0326464
0.0249957
0.024899
0.361753
0.295914
0.0889134
0.727316
0.198052
0.258621
0.0195524
0.53836
1.00951
0.983019
0.53223
0.0216699
0.0532015
0.123892
0.0544773
0.28222
0.885609
0.278015
0.0121963
0.038519
0.041202
0.0462726
0.0174191
0.412083
0.481242
1.41441
0.783814
1.77201
0.348296
0.501086
0.406147
0.0195904
1.37904
0.0385201
0.0276118
0.550774
0.526919
0.0212486
0.666837
0.173063
0.0406803
0.0548603
0.0126562
0.532898
0.0641134
0.0163172
0.162696
0.132128
0.00365001
0.0566951
2.3762
0.157404
0.633253
1.18783
0.341832
0.0326169
0.0663462
0.0664643
0.0671368
0.948347
0.0983695
0.245855
0.0470074
0.0350829
0.0407452
0.0430497
0.00844968
0.0739163
0.0371609
0.0989885
0.0285596
0.0411321
0.0253325
0.013534
0.0348806
0.972112
0.0672695
0.00744094
0.00735714
0.0413604
0.0370763
0.0657472
0.0400648
0.0251792
0.0145768
0.145679
0.0139258
0.329059
0.0278686
0.0327374
0.0311549
0.343737
0.0260413
0.0306393
0.0397409
0.263379
0.0523169
0.125566
0.0333204
0.889133
0.0443644
0.0699396
0.326392
2.25839
0.0136651
0.166498
0.0173678
0.0275267
0.120832
0.96968
0.0475495
0.134857
0.0981679
0.0389617
0.0997786
0.574088
0.412906
0.036024
0.292395
0.0362507
0.00816333
0.0690139
0.163091
0.0501212
0.278742
0.0196276
0.111869
1.26875
0.0958318
0.014039
0.0106557
0.367998
0.035533
0.0369717
2.45295
0.0906365
0.829816
0.0303899
0.0190612
0.0623944
0.159938
0.0594859
0.0177598
1.53554
0.12888
0.145386
0.0294003
0.0443744
0.0370768
0.0453505
0.0188067
0.0369978
0.389779
0.0323093
0.223287
0.554571
0.0476165
0.0657367
1.36505
0.0186318
0.112617
0.0185148
0.157991
0.905406
0.0500499
0.637869
0.0246781
0.0317787
0.0481276
0.0156656
0.0380742
0.0354591
0.0402728
1.20764
0.349346
0.038412
0.0449686
0.53378
0.0446704
0.61667
0.0279044
0.140919
0.0245277
0.024351
0.062585
0.0156694
0.0286974
1.60554
0.044419
0.00806651
0.0303948
0.0456877
0.0303642
0.0529811
0.0316079
0.58891
0.0170114
0.966362
0.0548491
0.0220759
0.0261804
0.389124
0.704458
0.175462
0.497981
0.108559
0.57672
0.0942449
0.704991
1.15767
0.128441
0.120466
0.104031
0.175076
0.0126192
0.0262831
0.0862981
0.594101
0.448411
0.0754301
0.0288793
0.0658026
0.0968209
0.0517689
0.0888277
0.0803455
0.0852291
0.125717
0.307765
0.133913
0.389506
0.898168
0.0586087
0.0242348
0.0372498
0.0275486
0.0770269
0.064356
0.731091
0.0832011
0.151318
0.491565
2.92556
0.0108101
1.21124
0.28682
0.97271
0.0579267
0.101916
0.652799
0.0353888
0.105777
0.138662
1.08122
0.39365
1.5873
0.0534492
0.00748244
0.0154394
0.325762
0.0619295
0.546713
0.0304918
0.0531808
0.0212047
0.03316
2.49336
0.242716
0.264644
0.462767
1.55893
0.794468
0.0888633
0.556702
9.31744
1.04907
0.0450862
0.133248
0.536817
0.414644
0.465221
0.0256824
0.170722
0.399065
0.115457
2.17756
0.122893
0.100577
0.332018
0.16582
0.294287
0.0659311
2.52223
0.0604597
0.0627946
0.476232
0.558398
0.111894
0.102754
0.569224
0.812034
0.0257385
0.215509
0.40514
0.506402
0.00941837
0.00464358
0.693714
0.0408613
0.0149691
0.0401691
0.052479
0.415452
0.194192
0.0523924
0.0492693
0.0450313
0.0437006
0.37079
0.79891
0.382014
0.456903
0.650927
0.0936227
0.707972
0.52969
0.177783
0.422599
0.0577445
0.451473
0.0226063
0.0371759
0.124233
0.429159
0.745606
0.0315307
0.24448
0.181075
0.0204274
0.0183709
0.0906799
0.101232
0.00510236
0.0118267
0.0331573
0.0604322
0.0421993
0.0458628
0.023584
0.21581
0.0276774
0.0510437
0.0322864
0.0495504
0.0326302
0.0344644
0.0101101
0.0705835
0.0144184
0.0240145
0.0518805
0.049862
0.0238037
0.0255296
0.0521302
0.0600873
0.0161079
0.335924
1.10433
0.0698442
4.98833
0.247111
0.0139591
0.0099377
0.0303961
0.0066647
0.0587217
0.00319119
0.018461
0.0171253
0.0199916
0.0172711
0.0145999
0.0281121
0.0144268
0.583056
0.0205489
0.0331013
0.0537087
0.0256258
0.0277725
0.00802544
0.0121717
0.0171054
0.0190473
0.043692
0.131984
0.0503399
0.198835
0.0510605
0.0278077
0.180426
0.104564
0.0133366
0.0153753
0.030011
0.0330534
0.157111
0.0232419
0.0175576
0.0266646
0.0397923
0.0096824
0.0185701
0.0165237
0.0642664
0.0314163
0.0134166
0.0353044
0.0050963
0.024359
0.0426881
0.0175012
0.0289184
0.0429692
0.0223246
0.01856
0.0412839
0.0133417
0.0149642
0.050888
0.0241502
0.227619
0.0383117
0.0334846
0.0695485
0.043043
0.0382892
0.149316
0.0564312
0.793125
0.196958
0.169598
0.198155
0.0525555
0.0861553
0.0754428
0.135162
0.156733
0.135408
0.0556845
0.0364062
0.0250642
0.0260838
0.0615273
0.0174758
0.015648
0.00446996
0.0353732
0.15138
0.0555519
0.55807
1.97763
0.920058
1.07706
0.39643
2.13477
0.629224
0.529245
0.766688
1.1131
0.0330847
0.018983
0.00471945
0.040119
0.0569347
0.00798522
0.890118
0.613672
0.391225
0.39224
0.0399786
0.103534
8.97293
0.329849
0.214179
0.323012
0.122047
0.0281017
0.0671354
0.309429
1.02472
0.0109866
1.07084
0.0932186
2.82906
11.2786
0.260222
0.542177
0.546838
0.452557
0.40985
0.411294
0.268838
0.0390895
1.19526
1.20541
0.00818044
0.00503211
0.0271557
0.0300872
0.0264331
0.0156716
0.023477
0.297796
0.609463
0.587292
0.106338
0.0779864
0.278608
0.0828891
0.0790318
0.1232
0.601033
0.365618
0.251665
0.141665
1.02042
0.145707
0.315256
0.68836
0.0233701
0.168516
2.63473
0.205764
0.0667074
0.969356
0.572288
0.0173327
0.158191
0.208499
0.266269
0.0164443
0.133555
0.0995299
0.0477693
0.253027
0.0243405
0.678987
0.103971
0.343597
1.95001
0.297008
0.348311
0.180322
0.0618853
0.103327
0.0196773
0.0622223
8.19751
0.0326236
0.012701
0.0206494
0.779311
0.0168141
0.187283
0.0170699
0.5914
0.036705
0.528503
0.608151
0.118179
0.344473
0.122696
0.0246519
0.0464636
2.0749
3.76005
0.111755
0.064991
0.0545709
0.0523027
0.0172262
0.103815
0.177811
0.0465118
1.14142
0.122277
1.08587
0.0642035
0.782917
0.540889
0.0579587
0.0300537
0.247555
0.671127
0.0680906
0.0143534
0.200924
0.0438283
1.42688
0.154416
0.0324923
0.666067
0.0267743
0.00953227
0.0291788
0.428216
0.0143148
1.15029
1.42868
0.0263352
0.0280169
0.159406
0.0535289
0.0134504
0.0735942
0.053534
0.0137795
0.934423
0.0572677
0.019913
3.00954
0.0143666
0.0866971
0.123857
0.20907
0.0789987
0.926043
0.0373045
0.0589637
1.53135
0.100377
0.0762779
0.0630914
0.0321543
0.0187026
0.0951661
0.0265255
0.0323946
0.0327703
0.0768043
0.0882491
0.152442
0.0292799
0.0661023
0.0583561
0.0804376
0.0161027
0.02194
0.105231
0.00785971
0.11913
0.0443006
0.774301
0.0350234
0.0603783
0.0224916
0.0166398
0.0172833
0.00877046
0.132087
0.0965888
0.00369375
0.0304643
0.466694
0.0348917
0.0595745
0.059567
0.0516692
0.0174234
0.197421
0.0719213
0.112617
0.293366
0.345585
2.14179
0.358531
0.0185061
0.674871
1.04005
0.244971
0.0848394
0.367939
0.0496435
0.0724464
0.316717
0.109613
1.52483
0.0982422
0.0332965
0.0661852
0.395041
0.10892
0.0817837
0.0552679
0.0368245
0.0482194
0.121676
0.0269444
0.0727901
0.0301444
1.34489
0.720585
0.589932
1.41746
0.0225509
0.0231575
0.0670202
0.227127
0.777942
0.0447881
0.0159154
0.0603049
0.435089
0.64605
0.00670035
0.047661
0.0209793
0.0235524
0.193178
0.0142999
0.279787
0.00891755
0.0425199
0.125781
0.0288824
0.0900649
0.232387
0.159451
0.037997
2.54288
0.04144
0.0277317
0.786477
0.182418
0.0336819
0.04027
0.0525987
0.161502
0.0349187
0.0456923
0.0193251
0.0399953
0.04149
0.099823
0.0600518
0.022848
0.0889466
0.0368606
0.549255
0.0557371
0.0490163
0.0360892
0.0726135
0.0246534
0.00443696
0.0539316
0.329642
0.0683618
0.144381
0.350251
0.308166
1.53939
2.21623
0.0568207
0.238113
0.126833
0.109281
0.13137
0.0440949
0.00647583
0.0201675
0.0322238
0.020392
9.13838
0.471755
0.0975015
0.016163
0.0314991
0.666229
0.0676844
0.107423
0.0134761
0.0439598
0.0192224
0.0118492
0.761524
0.529372
0.033295
0.330215
0.0478249
0.339387
0.162007
0.172495
0.00601002
0.861294
0.463226
0.0302409
0.0753127
0.279979
0.0336365
0.152718
0.266211
0.349562
0.555921
0.205469
0.0515549
0.100962
0.0775235
0.412633
0.130334
0.0400923
0.108161
0.0127574
0.145608
0.00429937
0.0516656
0.0443571
0.69391
0.0444816
0.0230133
0.0591312
1.56552
0.0712241
0.051909
0.034061
0.0405174
0.0343266
0.0390797
0.024915
0.0374026
0.0606802
0.0305784
0.0299823
0.0166503
0.0442211
0.0182039
0.0340158
0.0456536
0.10502
0.0424838
0.104444
0.0742858
0.0188903
0.112025
0.428307
0.048999
0.136087
0.325833
1.57699
0.356885
0.719335
0.780411
0.0470474
0.039531
0.147768
0.0711545
0.0409058
0.0226022
0.135084
0.0645161
0.515453
0.0826335
0.210476
0.0261315
0.0735937
0.00929858
0.00871685
0.0319686
0.0333534
0.0745274
0.0358844
0.035135
0.0153672
0.018814
0.0504709
0.289563
0.00553403
0.029774
0.0669382
0.190666
0.215917
0.116882
0.591533
0.00303262
0.0769898
0.00959872
0.100483
2.03156
0.350821
0.0729533
1.86774
0.289357
0.417027
0.133171
0.250816
0.0499243
0.0710624
0.733175
0.106879
1.7165
0.0375783
0.755882
0.282901
0.250338
0.0554312
1.5558
0.373283
0.0471848
0.160496
0.391542
0.12153
0.0203459
0.443899
0.644493
0.0287523
0.293615
0.0346093
0.0622211
0.0441051
0.0516155
0.0438946
0.0621621
0.298121
0.0765193
0.0317301
0.451834
0.468866
0.0152344
0.523717
0.0366372
0.243945
0.369283
0.0814871
0.044192
0.0177968
0.0298145
0.030459
0.0024249
0.0623409
0.277172
0.323505
0.159275
0.0112871
0.0364351
0.0330135
0.242258
0.335926
0.0320746
0.140183
0.0226254
0.0111507
0.0384824
0.00650327
0.277744
0.281143
0.688106
1.11615
0.060783
0.0430402
0.0224671
0.0203952
0.0528653
0.0405797
0.0336402
0.190277
0.0478589
0.0333232
0.0355474
0.0152854
0.049151
0.650338
0.0113459
0.0210446
0.0369014
0.020482
0.040456
0.0102235
0.0246287
0.0213195
0.00345266
0.0310968
0.0560406
0.0294507
0.00544048
0.0157551
0.0256099
0.0438823
0.027422
0.0160311
0.0496006
0.0217616
0.0381174
0.0497442
0.293225
0.0267524
0.191251
0.049081
0.0269187
1.2257
0.0201505
2.18427
1.86105
0.0225927
0.1428
0.0267264
0.0301742
0.674567
0.804848
0.0148829
0.0665328
0.305766
0.680389
0.0263219
0.0816533
0.88784
0.0297931
0.06155
0.0312091
0.36061
0.0284433
0.0645392
0.0505048
0.00688603
0.0171989
0.441666
0.069811
0.0676732
0.192289
0.0523656
0.029994
0.0847645
0.0181318
0.0197776
0.0437209
0.240261
0.0887952
0.0382577
0.0518341
0.0190089
0.142007
0.00642907
1.01996
0.0475085
0.0220329
0.0769902
0.0864646
0.0132705
1.55317
0.0336398
0.107119
0.114494
0.0503766
0.180612
0.485872
0.0355787
0.720708
0.243465
0.776234
2.21861
0.0305439
0.0955747
0.0252947
0.29342
0.050421
0.0178492
0.0622811
0.00370714
0.0930686
0.0218479
0.483309
0.0191081
0.244061
0.0522706
0.106978
0.0157172
0.0308864
0.0817162
0.113782
2.31954
0.0432745
0.232229
0.0291008
0.0984586
0.187427
0.0289676
0.00858432
0.479773
0.132608
0.0115258
0.0107487
0.112492
0.154657
0.770047
0.285558
0.321324
0.0418484
0.0461818
0.152437
0.0538729
0.199064
0.22496
0.363626
0.0253923
0.0571195
0.443413
0.156882
0.130234
0.12715
0.0345582
0.0160429
0.0813031
0.373217
0.0868706
0.829384
0.38091
0.0492146
0.00756083
0.068967
0.0119694
0.0639778
0.0945919
0.335274
0.656832
0.0266699
0.0904922
1.14176
0.55462
2.49911
0.418876
0.216173
0.0479569
0.0208759
0.149139
0.351072
0.0928104
2.00019
1.36899
0.0442959
0.0561179
0.232753
0.982723
1.18255
0.0573956
0.0212385
0.0612667
0.0548124
1.24581
0.176727
0.143318
0.0183652
0.0316805
0.0269808
0.0279213
0.39749
0.0192987
0.022196
0.0359532
0.234323
0.268376
0.234999
0.021036
0.0152885
0.00595384
0.0328841
0.767702
0.0975784
0.469686
0.0222245
0.0370939
0.0374606
0.0154164
0.270614
1.11856
0.391201
0.0704808
0.121875
0.917945
0.183826
0.0305708
0.00824806
0.425347
0.071818
0.279264
0.0247476
0.217904
0.0242222
0.161792
0.195738
0.0948902
0.0648426
0.163152
0.0250292
0.236742
0.841833
0.912602
0.0282141
0.0376297
0.0395961
0.26136
0.666151
0.0225701
0.0357402
0.0197472
0.0290883
0.233043
0.00915793
0.528825
0.00973879
0.00837542
0.0280707
0.361972
0.00828705
0.282101
0.121343
0.0263383
0.532565
0.0114457
0.0526491
0.0832088
1.23485
0.0369388
1.00159
0.0538511
0.0319625
0.0333861
0.195939
0.0139907
0.379314
0.0448398
0.111006
0.0132859
0.0719736
0.622199
0.0382586
0.022848
0.395527
0.171406
0.564478
0.105622
0.270434
0.416935
0.0196738
0.0118063
0.240078
0.0548864
0.212924
0.995195
0.207636
0.968908
0.0890472
0.107356
0.15155
0.293114
0.0422118
0.0292057
0.0971289
0.195472
0.0469436
0.260001
0.0728706
0.035038
4.58613
0.545299
0.0426494
0.120771
0.44046
0.0446837
0.121411
0.0189827
0.0737755
0.676596
0.0818265
0.497932
0.506361
0.105609
0.217412
1.98417
0.526483
0.115527
0.0912644
0.014724
0.0931732
0.140678
0.0316245
0.268373
0.195676
0.021796
3.89096
0.101154
0.0279427
1.53391
0.0315517
0.0454728
0.00323824
2.61409
0.144746
0.262744
0.0551861
0.113164
0.142062
0.0693309
0.0228838
0.0200246
0.0452917
0.361217
0.0152605
0.293133
0.0286023
0.0319996
1.16938
0.00732458
0.0155214
0.0133877
0.0941699
0.613985
0.0764451
0.133355
0.0464607
0.0564199
0.419136
0.0690782
0.848839
0.0377107
0.148584
0.05004
0.0977412
0.0289056
0.0123624
10.165
0.129561
0.0825149
0.370507
0.0178395
0.0696321
0.0522125
0.0845698
0.0256498
0.0207253
0.0228293
0.0614754
0.0482918
0.00546269
0.0555163
0.0312261
0.0208362
0.0532129
0.0341734
0.0272616
0.301658
0.0218591
0.0599412
0.0866223
0.433571
0.031831
0.0102246
0.110885
0.754523
0.0347711
0.0724748
0.0480854
0.649255
0.690164
0.361328
0.112654
1.72417
0.769424
0.193367
0.265225
0.300233
0.0176522
0.0564375
0.332097
0.78441
0.0488661
0.316103
0.041943
0.820633
1.93366
0.342948
0.401169
2.49895
0.415527
0.262873
0.174887
3.06633
0.160566
0.149542
0.896031
0.252539
0.340432
0.0329763
0.129885
0.0957471
1.01075
0.0689864
0.00451469
0.0460697
0.0583978
0.0482531
0.0186938
0.0285171
0.0714532
0.0631056
0.0389145
0.0727139
0.0269941
0.0501305
0.07757
0.0396775
0.00173065
0.0270001
0.0266126
0.00565992
0.0315522
0.0230379
0.0534415
0.0261393
2.60831
0.0632276
0.0155941
1.35739
0.331057
0.334912
0.445706
0.5324
1.23912
0.055736
0.132393
0.360394
0.45119
0.19178
0.664931
0.351119
0.0953575
0.10409
0.0680421
0.144362
0.402152
0.336524
0.48997
0.430573
0.193784
0.608473
0.177927
0.0227427
0.123473
0.606486
0.214546
0.208725
0.120618
0.138266
0.13894
0.396668
0.278415
0.0252827
0.510847
0.276517
0.174833
0.270077
0.266097
1.20184
0.566068
0.128103
0.37939
0.0591217
0.16568
0.260766
0.117474
0.514324
0.588977
0.0211238
0.401226
0.506878
0.47077
0.559665
0.211365
0.0317777
0.131116
0.108364
0.0168281
0.572838
0.162121
0.0500817
0.207071
0.384621
0.306867
0.182405
2.69944
0.0501144
0.550199
0.886971
1.86149
0.404348
0.0173244
0.316811
0.0125679
0.0394268
0.0457054
0.0243773
0.0439944
0.0300344
0.0369814
0.0386678
0.00455983
0.0655655
0.0229501
0.0415461
0.0825583
0.0422617
0.123168
4.50894
0.0668275
0.0967342
0.0440195
0.0592291
0.0306135
0.00351258
0.0527992
0.0775326
0.0529569
0.0309959
0.0244881
0.0374407
0.404411
0.0344658
0.0383164
0.0321699
0.569069
0.0163305
0.0198391
0.0494422
0.0228197
0.032802
0.0414509
0.332912
0.0243705
0.627629
0.00721253
0.0217557
0.0193769
0.0225991
0.0387751
0.0364877
0.232513
0.265994
0.0234121
0.0149592
0.0340281
0.0423427
0.0326503
0.0240235
0.0269902
0.0237475
0.163154
0.0191598
0.0268448
0.0597962
0.157054
0.0438561
0.0713365
0.67041
0.0168515
0.0244406
0.0433241
0.0451237
0.0387488
1.27993
0.0146553
0.0646071
0.0168837
0.233653
0.0317237
0.0162032
0.0391947
0.873638
0.310435
3.63321
0.0314731
0.0362958
7.21164
0.276432
1.52864
0.400092
0.017999
1.33849
0.309022
0.332099
0.0530609
0.0669444
0.201985
6.47863
0.031054
0.076306
0.0247534
0.0228337
0.299055
0.0195325
0.0953233
0.0951802
0.0818548
0.014278
0.0720311
0.469003
1.4618
0.0987114
0.466917
0.0610421
0.0482718
0.0727635
0.139191
2.12576
0.202724
0.0393457
0.30235
0.129723
1.2224
0.0286855
0.0421358
0.0528116
0.0246753
1.54877
0.362594
0.0237983
0.0300119
0.0977512
0.0688161
2.377
0.270486
1.61362
0.0456027
0.0178668
0.030065
0.048035
0.019988
0.0592478
0.0580125
0.0736072
0.0650696
0.0378087
0.0565817
0.0304188
1.33816
0.0123463
0.0254436
0.0570622
0.0900554
0.0180636
0.0290846
0.0321725
0.0303458
0.293496
0.743857
0.0670683
3.89685
3.41162
0.103007
1.18175
0.145515
0.0257787
0.0678713
0.00606385
0.0506639
0.0566796
0.0764839
0.0190301
0.84388
0.0590782
0.0344629
0.369666
4.4958
0.0584358
0.446672
0.170915
1.67828
0.0130819
0.763316
0.265344
2.19626
0.042768
0.250514
0.24273
0.197051
0.113446
0.0866212
0.101185
0.0791039
0.214523
1.81234
0.111761
0.125426
0.0991072
0.039187
0.103785
0.0784049
0.206682
0.824314
0.0976867
0.710744
0.0629141
0.0681689
1.50547
1.12738
0.540901
0.0351081
0.943936
1.70825
1.24483
0.263286
1.46228
0.130643
0.242625
0.216098
0.102916
5.30204
0.0650633
0.288228
0.27859
0.0476639
0.0326205
1.41067
0.122065
0.327282
0.171316
1.03609
0.979996
0.0332809
0.0319028
0.00764157
0.110146
0.0960032
0.019124
0.0116055
0.208017
0.586646
0.619294
0.487325
0.00527174
0.0267497
0.0152464
0.0157555
0.241456
0.352193
2.51213
0.0794776
0.0596811
0.0292191
1.76881
0.437899
0.927399
0.207251
0.31714
0.145489
0.0802796
0.0384424
0.0223093
0.0136485
0.100586
0.0783751
0.117828
0.312743
0.167319
1.15582
0.0141629
0.0477523
0.0479626
0.0426303
0.0100376
0.0337811
0.0804851
0.0319922
0.014868
0.016814
0.0733138
0.0567203
0.0180507
0.0445365
2.16468
0.019883
0.0209038
0.0399523
0.0420206
0.0151994
0.0265225
0.0240688
0.0115274
0.0158325
0.0409812
0.0425848
0.0308876
0.0245598
0.0427136
0.0292647
0.0243862
0.0497605
0.018689
0.0370002
0.0264493
0.0863088
0.0614585
0.255615
0.0144836
0.0267126
0.0684862
0.38562
0.0190145
0.0254676
0.0606877
0.039035
0.131174
0.104967
0.0176932
0.0226984
0.875807
0.262434
0.0338389
1.34728
1.19949
0.316363
0.687836
1.07188
0.159027
0.361422
0.0573006
0.0498259
0.0659962
0.201596
0.860309
0.0325417
0.12435
0.330553
0.0212797
0.122932
0.309008
0.049284
0.151819
0.0455694
0.0387988
0.0714296
0.0223568
0.123568
0.0292274
0.0377086
0.0219147
0.303169
0.0382744
0.207506
0.200724
0.159081
0.0325918
0.150929
2.00516
0.0207417
0.0394851
0.0585882
0.0422417
1.47771
0.0736224
0.0256356
0.252332
0.147676
0.0210258
0.154024
0.0243572
0.0415268
0.812269
0.0514467
0.467239
0.149346
0.0215316
0.0324467
0.350779
0.0857909
0.300676
0.0577717
0.133948
0.0253102
0.0537975
0.0231602
0.0910554
0.109189
0.270256
0.256634
2.25086
0.0699879
0.117881
0.0331544
0.146753
0.0374651
0.0265027
0.0106074
0.141826
0.037356
0.121672
0.0430128
0.107169
0.0613759
0.110025
0.85869
0.0412459
0.0248872
0.0336538
0.0239819
0.097227
1.7923
0.241716
1.26133
0.418252
0.0873035
1.33928
0.156317
0.3013
0.902953
0.228585
0.104886
0.827521
0.309891
0.126118
0.286349
0.0392211
0.0199238
0.421107
0.330989
0.0639287
0.160243
0.0559251
0.20337
0.263363
0.0442057
0.0147754
0.078492
0.546084
0.164685
0.458485
0.0514953
0.558498
1.26697
0.216501
0.0479626
0.00894506
0.052879
0.0435139
0.020355
0.0357547
0.0348999
0.0181738
0.94711
0.0701432
0.583032
2.91835
0.0864124
0.947151
0.0353749
4.31025
1.59679
0.132444
0.0667113
0.448438
0.193162
0.273352
0.746091
0.550485
0.0630416
0.0137749
0.00483529
0.0500965
0.024196
0.976979
0.196118
0.755258
0.0355688
0.0279084
0.241122
0.273591
0.585894
0.0375745
1.07943
0.0202966
0.15584
0.100326
0.92991
0.055246
0.354208
0.220606
0.112897
0.905605
0.257712
0.0174527
3.58715
0.757571
0.250613
0.0463988
0.1834
0.198014
0.0465537
0.00796834
0.142749
0.0424937
0.031931
0.0789414
0.112795
2.60044
0.266079
0.419445
0.426748
1.02222
0.0840059
0.0449563
1.05133
0.340779
0.0481487
0.0153571
0.0426288
0.111789
1.27911
0.116949
0.0490826
0.439615
0.0358903
0.13236
0.0463824
0.0891229
0.5296
0.0476832
0.00718421
0.085459
0.195962
0.0525217
0.0741572
0.0320766
0.0158743
0.0173999
0.583369
0.0544761
0.0225026
1.27895
0.35655
0.0804701
0.0251812
0.0489553
0.00224559
0.00899513
0.0342289
0.284998
0.0440237
0.0306113
0.0264455
0.022375
0.0945496
0.0210155
0.0415579
2.38329
0.0172866
0.0509204
0.0113697
0.463764
0.0166769
0.0507923
1.90679
0.0386044
0.0344568
0.0521736
0.202771
0.0292615
0.00391556
0.0330872
0.607382
0.0453535
0.0339205
0.264187
0.0228793
0.0134149
0.582917
0.00903293
0.060697
0.0365786
0.00538892
0.0118856
0.0140382
0.0401115
0.0375213
0.0354201
0.0233147
0.00243028
0.00496615
0.0166013
0.0165969
0.0166675
0.0100426
0.0118112
0.011894
0.00564168
0.00976397
0.0304644
0.218049
0.0135553
0.0265562
0.0797277
0.0262958
0.0450375
0.101316
0.0021731
0.00894237
0.0348312
0.0363081
0.0377051
0.305234
0.1247
0.05114
0.100803
0.0790077
0.0820127
0.248796
0.0813759
0.0836525
0.195864
0.448378
0.115331
0.0654953
0.0703561
0.10111
2.34108
0.0503119
0.192649
0.0341329
0.0177449
0.0368827
0.0232516
0.0534289
0.0133336
0.432846
0.0377656
0.0842184
0.0137361
0.0176933
0.0464751
0.0637539
0.0210946
0.434572
0.0432082
0.0173115
0.0437092
0.03934
0.0239258
0.666841
0.00865599
0.565395
0.0618352
0.0607609
0.0304575
0.0271994
0.0200758
0.0701352
0.0237723
0.349709
0.0191865
0.00772213
0.0504443
0.037801
0.0388506
0.167309
0.118999
0.22207
0.0887263
0.0308641
1.08861
0.335517
1.27343
0.659596
0.245191
0.634398
0.485667
0.738535
0.466659
0.0213967
0.0176661
0.0389706
0.039497
0.0110127
0.0544752
0.0427361
0.645197
2.0509
0.0908597
0.358093
2.44448
0.0187196
0.263355
2.41796
0.656265
0.0245097
0.012605
0.0241939
1.21903
0.0237074
0.0605924
0.0210645
0.01223
0.832559
0.104159
0.0209937
0.0169883
0.0269902
0.426224
0.0682983
0.00638298
0.0116472
0.0641825
0.022456
0.84736
0.0166305
0.0229926
0.0234056
0.023521
0.0346243
0.595507
0.00988772
0.0350944
0.00874431
0.0359715
0.0257196
0.0272715
0.0557062
0.491558
0.0247563
0.0211694
0.0127024
0.028192
0.0356385
0.0227403
0.126665
0.0275826
0.159984
0.0215531
0.0176826
0.00778422
1.50058
0.0328421
0.0352511
0.0468648
0.397222
0.275019
0.0669879
0.229507
0.0584197
0.0224856
0.0112946
0.412406
0.093519
0.40731
0.103944
3.49298
1.70795
0.233099
0.0835704
0.0218456
3.87669
0.0990525
0.495995
0.0285419
0.962049
0.101507
0.460802
2.26357
0.0281868
0.0711779
0.0396672
0.259838
0.0488483
0.450089
0.0315077
0.0624397
0.484814
0.0833125
0.132546
0.236144
0.083934
0.0423661
0.0292279
0.175174
0.0508103
0.0275744
0.00702423
0.687903
0.0328825
1.06682
0.0263072
0.0218331
0.0557273
0.0489047
0.0139309
0.0177675
0.0541134
0.0124729
0.0264427
0.0315007
0.0294225
0.0160677
0.0535524
0.011793
0.0362851
0.0265335
0.0230529
0.00734471
0.0453871
0.0165909
0.0330026
0.0471038
0.0362517
0.0658385
0.195289
0.099201
0.0440768
0.0572356
0.0154594
0.03214
0.0461617
0.0889162
0.0352713
0.0552787
0.0642442
0.804126
0.0394765
0.0733699
0.0126051
1.5607
0.0179692
0.0292635
0.0523549
0.414785
0.0321857
0.0181236
0.0406197
0.0225735
0.019647
0.0748394
0.0140527
0.0230324
0.0681698
0.0280746
0.558637
0.0313787
0.0108546
0.106486
0.0243819
0.0219035
0.0332769
0.561015
0.0365601
0.0489317
1.54652
0.470414
0.0571019
0.0683944
0.269289
0.0254338
0.0375415
0.232802
0.0874107
0.0155693
0.0312335
0.122822
0.0514281
0.011135
0.086109
0.0965202
0.0364011
0.0634169
0.00239278
0.0296566
0.0571398
0.0586964
0.0131712
0.0689119
0.0505113
0.0242467
0.0756493
0.159738
0.142673
0.0334661
0.053822
0.0385674
0.0721369
0.0201873
0.0216757
0.0301831
0.0440807
0.0206861
0.255614
0.827697
0.0129497
0.0515189
0.0467542
0.072043
0.0511946
0.0286456
0.011389
0.0442744
0.620212
0.0244595
0.0316076
0.0712138
0.00638316
0.021597
0.293243
0.050975
0.0406354
0.0621539
0.0397706
0.0573772
0.00574207
0.090343
0.43749
0.0155615
0.389381
0.0180472
0.144185
0.06064
0.151349
0.822754
0.0128092
0.0545053
0.033588
0.0244804
0.106179
0.155507
0.0243645
0.0438659
0.0393548
0.0441857
0.0511005
0.00826107
0.0304054
0.0350246
0.0116224
0.0307184
0.0463089
0.0727321
0.00707019
0.100093
0.0398516
0.180297
0.00876644
0.0652976
0.301928
0.0371251
0.333345
0.259899
0.0404419
0.021407
0.00964763
0.105153
0.0934194
0.0422189
0.0198357
0.0469703
0.0285854
0.0122489
0.0878327
0.098484
0.0658455
0.0603826
0.0380988
0.060978
0.01193
1.18033
0.0519777
1.16169
0.0808049
0.165216
0.0305772
0.0431177
0.435619
0.051535
0.116918
0.0427753
0.0145997
0.383674
0.0446754
0.0374082
0.0234321
0.0702518
3.83878
0.0329383
0.020587
0.0227563
0.0438158
0.132877
0.602423
0.0533566
0.0141389
0.0330124
0.0559446
0.0874416
0.0181847
0.0414634
0.0143327
0.061974
0.0236105
0.0293105
0.03776
0.0236071
0.024367
0.182533
0.0196411
0.0342583
0.00527479
0.150014
0.0576124
0.00200986
0.103202
0.0498948
0.0529275
0.0337598
0.581144
0.0489398
0.0407577
0.0159911
0.403834
0.0317739
0.0621556
0.0359835
1.65625
0.0775475
0.0278536
0.0162982
0.0983504
0.0148481
0.0176221
0.0269472
0.837771
0.249549
0.559193
0.195722
0.0456085
0.0278564
0.683825
0.0943544
0.394644
0.0280219
0.0175151
0.0210005
0.492872
0.0156981
0.0322934
0.0304686
0.00936216
0.0138762
0.0128424
0.0245333
0.0225891
0.0408995
0.044323
0.00378533
0.017362
0.67755
0.0608649
0.0423564
0.0224065
0.0229348
0.281136
0.0572958
0.07738
0.00961798
0.818962
0.0287931
0.532391
0.0313468
0.0150277
0.00676478
0.0144487
0.0686235
0.0276289
0.0256972
1.61492
0.0826319
0.0817479
0.0279364
0.731702
0.0811493
0.20144
0.0164712
0.0450136
0.0436932
0.0181669
0.0206765
0.0726892
0.0562274
0.0594507
0.0333016
0.0354497
0.0528034
0.0576796
0.0341209
0.0892383
0.0749569
0.117262
0.0305709
0.0579835
0.0116228
0.0735634
0.0665247
0.0538241
0.0468489
0.0162292
0.633209
0.0307617
0.547676
0.0796309
0.0465677
0.0488805
0.0308476
0.0619161
0.0399368
0.0844334
0.0228747
0.00483281
0.0328252
0.00787375
0.0541795
0.0865455
0.00505444
0.0727427
0.0130201
0.0187084
0.0470606
0.0470662
0.0309096
0.375081
0.763153
0.415597
0.0419856
0.0162712
0.0175675
0.132031
0.0450299
0.0307726
0.0312742
0.0248748
0.00804418
0.0219726
0.0401654
0.0102196
0.0190736
0.0286987
0.00353533
0.0198287
0.0327553
0.0495574
0.0344915
0.0231653
0.0230186
0.0286166
0.0422057
0.00919335
0.0360946
0.012998
0.00950062
0.0343427
0.0593707
0.0150103
0.0376559
0.0339048
0.100076
0.131993
0.0293514
0.00380272
0.03276
0.0664729
0.146037
0.11365
0.0570234
0.0932875
0.0498734
0.0291301
0.051018
0.0763622
0.0220631
0.02962
1.29255
0.0314418
0.0629645
0.0301634
0.544612
0.0364335
0.0318897
0.0455033
0.0516553
0.0776145
0.528099
0.0467016
0.263004
0.425791
0.504094
0.890073
1.81279
0.0545485
0.176404
0.0326943
0.0812516
0.211549
1.76953
0.0191013
0.0620967
0.0242475
0.0148461
0.0582317
0.0804129
0.273168
0.168603
0.0725974
0.0887696
4.45702
0.659927
1.03278
0.0552589
0.394965
0.132849
0.045462
0.0447905
0.959307
0.175241
0.430167
0.279695
0.0435091
0.0988636
0.484077
0.0730677
0.0284265
0.241984
0.0599904
0.0193538
0.058353
0.0832294
0.31731
1.89008
0.118526
0.0482662
1.33007
0.00717619
0.137909
1.54152
2.75439
0.061312
0.0285983
0.114637
0.0102974
0.0479339
0.0282774
0.0155575
0.0442385
0.140828
0.397987
0.0315695
0.112182
0.0668446
0.0189025
0.0183396
0.299124
0.0699714
0.0199226
0.179783
0.0390709
0.449511
0.483501
0.102772
0.285091
0.0363441
0.0171666
1.36486
0.305251
0.0205725
1.23836
0.101043
1.23934
0.286383
0.300614
0.0274669
0.460877
0.0551587
0.240362
0.0979785
0.0416654
0.0616922
0.0468726
0.084664
1.21312
0.0899613
0.439348
0.0461414
1.71771
0.139321
0.0319451
0.0213858
0.00616305
0.0299462
0.00478977
0.0138485
0.0123503
0.643968
0.0419015
0.179228
0.0771769
0.0406681
0.0194129
0.190574
0.0346003
0.0217069
0.0557878
0.0286504
0.0275088
0.0307935
0.0274074
0.0454244
0.0587942
0.0249525
0.0474992
0.358201
0.0370474
0.0446163
0.0166842
0.0208537
0.0153635
0.00904104
0.0318987
0.033931
0.0274056
0.0383068
0.0360127
0.0201077
0.48188
0.0171891
0.00314917
0.0414488
0.919422
0.557996
0.0871526
0.278454
0.268832
0.308695
0.420066
0.338518
0.248856
1.09319
0.156478
0.144813
0.144207
3.13331
0.0150789
0.211286
0.246861
0.0684924
0.31632
0.118202
0.789816
0.697898
0.952397
0.141836
12.7887
1.28463
0.086826
0.0441752
0.0602262
1.58711
0.445559
0.381717
1.03946
0.246954
0.384595
0.0981658
0.173387
0.0412458
0.0617846
0.32927
0.0697524
0.015595
0.044774
0.0434561
0.041155
0.0229637
0.0216772
0.0296849
0.0714576
0.031153
0.0526023
0.0596099
0.010754
0.0532988
0.0250615
0.033175
0.0284394
0.0335853
0.0179207
0.0263991
0.0403278
0.0742256
0.0605459
0.0309489
0.0145728
0.0268341
0.0104318
0.0184006
0.0194667
0.021909
0.0196559
0.00859174
0.0173953
0.030189
0.0222691
0.0280917
0.0172368
0.0268955
0.0223473
2.69988
0.0460153
0.0839982
0.0669635
0.028228
0.11602
0.189229
1.26735
0.0632481
0.130543
0.0729081
0.0190309
0.02866
0.041257
0.185512
0.081441
0.0193666
0.0455715
0.0138285
0.0448781
0.0021295
0.937895
0.00153445
0.0625098
0.060929
0.0441189
0.0430489
0.0620051
0.0525449
0.0189043
0.0509548
0.028012
0.0952406
0.0371218
0.0388663
0.0912251
0.0168831
0.0254235
0.0771942
0.670602
0.0477643
0.0327722
0.0577588
0.0483826
0.0215018
0.0747052
0.0380348
0.0270998
0.627262
0.181951
0.0339633
0.0434204
0.011103
0.0232998
0.0218855
0.0604696
0.0329504
0.0369038
0.129689
0.475316
0.0372456
0.00783886
0.00938471
0.00730767
0.14115
0.100973
0.0725843
0.0869062
0.0703437
0.0656265
0.0188808
0.0396707
0.360743
0.0555111
0.0391803
0.633763
0.0886374
0.0111788
0.0243097
0.0163497
0.0651752
0.0592419
0.0139468
0.118415
0.0713432
0.0253931
0.13027
0.0464487
0.0126492
1.73234
0.0231518
0.428848
0.093579
0.0238896
0.0372812
0.602702
0.0213576
0.464536
0.392771
0.042461
0.232525
0.0916827
0.108585
0.259912
0.835374
0.0793112
0.57396
0.0347408
0.0893958
0.0428478
0.280298
1.47446
0.335618
0.123965
0.00939904
0.0722517
0.0310478
0.0230248
0.0665622
0.0207056
0.0145303
0.0378204
0.0593267
0.0583598
0.058571
0.0314323
0.0185777
0.0350954
0.0322863
1.08489
0.0207668
0.052903
0.0559612
0.0380925
0.0298559
1.99145
0.344981
0.237915
1.52482
0.0504369
0.301247
0.656548
0.0332103
0.356781
0.0944666
0.106619
0.051405
0.00268904
0.07204
0.261746
0.00401587
0.0181876
0.028232
0.0550183
0.0850837
0.0230725
0.0252348
0.0835289
0.0324366
0.0263469
0.0328911
0.240832
0.0478685
0.0247164
0.0287858
0.125864
0.0966013
0.0343673
1.00069
0.419377
0.0137077
0.0198266
0.437304
0.0173833
0.0116314
0.176915
0.0320428
0.0469304
0.04407
0.0563557
0.0259005
0.0641916
0.172832
0.0566749
0.0431744
0.0457778
0.0400526
0.0402403
0.719326
0.174515
0.025964
0.13558
0.194358
0.171245
0.120747
0.0875055
1.21578
0.0456943
0.0186203
0.0187752
0.0416631
0.265405
0.543265
0.0290428
0.149571
2.22012
0.0624535
0.128778
0.0810462
0.0636797
0.0111366
0.014681
0.0132828
0.790292
0.0200246
0.0159835
0.0172083
0.0389647
0.700124
0.0117907
0.0109498
0.0342594
0.072377
0.0545377
0.0239207
0.0397657
3.43557
0.0101947
0.0386038
1.09164
0.26052
0.271176
0.0325886
1.23469
0.0369623
0.0469569
0.0322823
0.0485831
0.0225085
0.427421
0.00863846
0.419634
0.725968
0.0237632
0.215459
0.0323087
0.166968
0.017077
0.0192036
0.00870361
0.0245868
0.00369889
0.0514044
0.0765477
0.403281
0.0926162
0.0291991
0.0399645
0.0487504
0.0312148
0.0445136
0.158353
1.13229
0.0366986
0.0146749
0.00501585
1.08371
0.0146971
0.00287772
0.0385719
0.0534346
0.152257
0.00173636
0.00411107
0.781292
0.0276742
0.0478414
0.00489627
0.0411806
0.0182781
0.0458434
0.0311772
0.0558442
0.281128
3.29458
0.0419993
0.0424954
0.58767
0.0143571
0.125035
0.0382555
0.0459549
0.0362113
0.0195102
0.0262882
0.041662
0.411742
0.0111491
0.916999
0.499072
0.514431
0.264594
0.389459
0.0546681
0.0318321
0.0786134
0.0212196
0.00723335
0.0207825
0.0696908
0.0279171
0.0467569
0.00522974
0.0132606
0.0287206
0.105342
0.0260468
0.0111048
0.0573166
0.386936
0.379191
0.0892608
0.0316281
0.44057
0.0438991
1.04533
0.0432256
0.655492
0.0675642
1.18275
0.624179
0.708752
0.0340693
1.76706
0.261175
1.26929
0.32318
0.0245622
0.0164637
0.202188
0.0169611
0.330579
0.0772137
0.0248024
0.0399315
0.0255002
0.0204471
1.28144
0.110266
0.010434
0.0221038
0.0448276
0.0446157
0.035655
0.0784865
0.0208849
0.434877
0.0137036
0.00993467
0.0549158
0.356199
0.00261669
0.0551507
0.0253701
0.0225216
0.0303347
0.897347
0.0599012
0.49473
0.41261
0.0253127
0.0598116
0.0378471
0.0345256
0.160857
0.0364196
0.0579792
0.0521381
0.0298555
0.0386264
0.00525617
0.012505
0.037921
0.0345582
0.0300968
0.0220305
0.0273195
0.445548
0.344813
0.0171076
0.0342009
0.294092
0.023733
0.139692
0.0275833
0.00785151
0.0411529
0.351101
0.269338
0.113441
0.114422
0.0226425
0.029681
1.31611
0.143046
0.0370332
0.00995091
0.0355125
0.0335868
0.935347
0.0042445
0.0274039
0.117089
0.658052
0.261547
0.012912
0.0225615
0.0303004
0.112039
0.0529509
0.012045
0.212711
0.0557435
0.0324393
0.0206502
0.392133
0.0665042
0.0389674
0.0309557
0.0109834
0.0511106
0.0334441
0.0186929
0.0332422
0.00875571
0.0223011
0.076805
0.0233643
0.0325686
0.0480005
0.0133517
0.0320997
0.0649874
0.0113184
0.914315
0.0452988
0.0664657
0.0537564
0.0415313
0.0488011
0.0158204
0.0268972
0.0609665
0.0321587
0.0167259
0.307654
0.21688
0.00640057
0.0447294
0.0200102
0.0498866
0.0236087
0.0500477
0.0263532
0.0331459
0.00997749
0.234763
0.163061
0.211237
0.0603812
0.0241331
0.00426391
0.0399431
0.0735987
0.0454523
0.064618
0.0111254
0.013616
0.0133268
0.130045
0.0308446
0.0375289
0.0599543
0.0279528
0.106579
0.0405174
0.597178
0.0620404
0.0498399
0.0499691
0.0656545
0.00305375
0.024587
0.0742851
0.032599
0.0317894
0.00925368
0.0140441
0.0236714
0.295555
0.130982
0.025996
0.0469036
0.0212968
0.00895465
0.110925
0.245411
0.818206
0.194388
1.20272
0.944743
0.0193583
1.06622
0.103736
0.432656
1.62569
0.536475
0.600108
0.213731
1.18977
0.20125
0.336709
0.535711
1.72417
0.0135271
0.0139377
0.01629
0.00649491
0.0435864
0.0115378
0.07217
0.0426583
0.0373534
0.0776902
0.134906
0.101981
0.497847
0.424726
0.442691
0.613073
0.0908834
0.307651
2.1895
0.260716
0.3653
0.0282985
0.278896
0.0343688
1.2652
0.39994
0.0699865
0.105306
0.159108
0.0811066
0.0743276
0.0585302
0.163424
0.0590217
0.656345
0.197104
0.539999
0.613797
0.0393106
0.515504
0.0651022
0.0244956
0.0239368
0.132634
0.0559985
0.012347
0.0720084
0.340634
0.0149299
0.0278232
0.955426
0.0251265
0.0181683
0.0864247
0.0258268
0.0203435
0.0416779
0.0182834
0.0241329
0.0162675
0.0300174
0.0779464
0.00783234
0.00709482
0.040133
0.0682009
0.0160515
0.00745554
0.0122369
0.0189285
0.0290957
0.525645
0.0569822
0.537758
0.0579994
0.0528089
0.421048
0.0129201
0.00508152
0.0724243
0.163717
0.0482734
0.0175252
2.53867
1.15001
0.219378
0.792851
1.03036
0.241481
0.332456
0.429165
0.087146
0.383256
0.197233
0.0129592
0.14706
0.0394652
0.0875534
0.0448595
0.0834791
0.262625
0.275864
0.0433256
0.929234
2.85142
0.140431
0.304168
0.0190716
0.0738908
0.200491
0.0918458
0.0310119
0.0327325
0.0134161
0.0239418
0.0391662
0.029054
0.0116441
0.0404025
0.0577831
0.00771227
0.0509653
0.0848372
0.0398738
0.0774054
0.0470773
0.0823949
0.0895746
0.0361395
0.181541
0.0812811
0.0277428
0.0314776
0.0378227
0.00893507
0.00461866
0.0361917
0.0149283
0.0161255
0.0436868
0.0136919
0.0463819
0.0407164
0.038914
0.0109849
0.0554697
0.0360433
0.0528731
0.185182
0.00740602
0.0318574
0.0296172
0.0500409
1.18197
0.228576
0.0121563
0.0294321
0.0305956
0.0485709
0.047626
0.184181
0.0196187
0.131581
0.0582573
0.462056
0.0702843
0.0547863
0.0436459
0.0502837
0.0672908
0.0346925
0.0362263
0.717163
0.0134495
0.0340034
0.0534564
0.0222536
0.0299786
0.0464487
0.0441069
0.0809783
0.0494351
0.00932609
0.0167387
0.0367883
0.0176406
0.0161312
0.0320098
0.0270563
0.0147133
0.0939081
0.0152103
0.0352364
0.88816
0.0440489
0.0091172
0.0305702
0.0248272
0.0398202
0.0446021
0.0245158
0.569647
0.0272396
0.0127919
0.0684593
0.0265901
0.0247504
0.0870805
0.0246869
0.106081
0.0392083
0.0418431
0.66996
0.0904088
0.0603663
0.0568965
0.0444588
0.0341936
0.123521
0.0399549
0.0525941
0.169291
0.0181537
0.0404668
0.0849437
0.0218367
0.0291347
0.0716911
0.0234267
0.0206062
0.0404717
0.037046
0.0404442
0.023987
0.022588
0.0398783
0.0270746
0.0192718
0.0223813
0.124095
0.00807762
0.017827
0.0543787
0.0402243
0.0428152
0.0201054
0.00993453
0.0268538
0.0230732
0.0297965
0.0474158
0.0237208
0.0358619
0.0488554
0.485752
0.0271394
0.00220546
0.023857
0.00837343
0.050628
0.00652704
0.0378634
0.0454478
0.0484327
0.101097
0.0337092
0.0943499
0.0521002
0.0304367
0.0159085
0.0993372
0.0380517
0.0596832
0.0203868
0.0436635
0.00625796
0.0371506
0.102137
0.142985
0.037605
0.0686016
0.0368906
0.315009
0.0328586
0.0360861
0.0610453
0.0279247
0.0413208
0.0573212
0.0424568
0.0852695
0.0748139
0.0288432
0.0250885
0.0487201
0.0409988
0.0565962
0.0627617
0.0363814
0.0263334
0.0239564
0.0581161
0.0158963
0.0319486
0.0266806
0.0107478
0.00553842
0.0250847
0.0092394
0.0157435
0.0277155
0.0448155
0.0131587
0.0297296
0.00807613
0.0271519
0.0249438
0.0159913
0.00766277
0.0402735
0.00772404
0.0455569
0.00679803
0.0570819
0.0105864
0.0182226
0.973982
0.0158747
0.0281517
0.00383853
0.0262912
0.0273766
0.0235553
0.00635676
0.441979
0.0233334
0.0418993
0.0305806
0.0110208
0.0112381
0.0114325
0.153898
0.0105742
0.163613
0.407892
0.00685225
0.039165
0.0172329
0.0267112
0.0826868
0.0310946
0.0674356
0.169868
0.0542015
0.0649077
0.0750961
0.0236923
0.00913855
0.0603153
0.0273005
0.0406439
0.0413602
0.0315248
0.0274088
0.0396891
0.0573362
0.00617353
0.0837207
0.0148064
0.0283917
0.0301591
0.575212
0.0544581
0.0421405
0.0478067
0.309145
0.00196626
0.294312
3.28022
0.175703
0.117375
1.90656
0.176507
0.0687979
0.837138
0.0665627
0.0153351
0.0390261
0.0301463
0.0469172
0.0210156
0.0319929
0.0258033
0.0377329
0.0531813
0.391258
0.0156486
0.0216035
0.00580533
0.0172411
0.786991
0.0109994
0.0259948
0.0254867
0.129965
0.00965623
0.195467
0.0162522
0.0217724
0.0120776
0.0505173
0.0305668
0.0849442
0.0386065
0.110842
0.0185569
0.0276136
0.0432342
0.0616044
0.02435
0.0530235
0.00834564
0.0451972
0.0139631
0.0267859
0.0349225
0.27918
0.0106044
0.024086
0.00341026
0.607115
1.26249
0.0129242
0.224847
3.38332
0.397653
0.865597
0.0364293
0.011744
0.0346142
0.0503975
0.220387
0.0435525
0.0383468
0.133543
0.172241
0.199322
0.292329
0.0311547
0.0891367
0.0889006
2.54679
0.912622
0.0448828
0.205783
0.0268334
0.257026
0.114723
0.0237195
1.18076
0.0223332
2.10495
0.201076
1.65722
0.0285412
0.114658
0.42224
1.47022
0.155324
1.44269
0.0512133
0.0390124
0.422242
1.73015
0.00395591
0.0275302
0.0603347
0.0349783
0.292348
0.243341
0.503769
0.0502759
0.457514
0.0461177
0.806318
0.0467396
0.0252942
1.40522
0.0225872
0.0266136
0.00329655
0.726831
0.49714
0.346624
0.0105552
0.094652
2.36201
0.0144957
0.0307876
0.76285
0.00386697
0.0267588
0.10235
0.0501092
1.98177
0.030748
0.0271703
0.10233
0.0299391
0.0458405
0.41105
0.0574821
0.0914954
0.0802345
3.77015
0.0603975
0.379378
0.119686
0.176044
0.825521
1.16662
0.0534898
0.0211104
0.0306545
0.144928
0.558167
0.143311
0.899612
0.472937
0.241695
0.808328
0.207947
0.487906
0.440571
0.544056
0.0173719
0.263888
0.80368
0.843435
0.0252337
0.0872524
1.01204
0.266902
0.180435
0.735041
0.289386
0.0794111
0.274182
3.22191
0.476458
0.0143338
0.31619
0.40168
0.0620091
0.477736
0.761746
0.0416443
0.0965992
0.721666
0.419832
0.0357756
0.44067
0.491564
0.416359
0.0278882
0.0990971
0.0149389
0.233212
0.019678
0.062648
0.205866
0.0779647
0.110298
0.14313
0.923943
0.0369162
0.0221142
0.389647
0.717327
0.405873
0.0797147
0.767982
