0.167362
0.147848
0.119143
0.110747
0.10461
0.108992
0.0912044
0.110871
0.134605
0.198813
0.150936
0.140994
0.119152
0.135981
0.150555
0.0798956
0.163044
0.127987
0.0846621
0.188418
0.660708
0.614677
0.0831286
0.0941913
0.679495
0.120432
0.121215
0.0931237
0.0940221
0.114862
0.107926
0.100746
0.1213
0.0946088
0.100443
0.100983
0.100443
0.108496
0.0945588
0.101007
0.109907
0.108478
0.138252
0.119751
0.131499
0.0911289
0.0892588
0.131846
0.128018
0.101063
0.146107
0.166741
0.087144
0.0845497
0.119299
0.10694
0.139589
0.222498
0.108046
0.11052
0.127141
0.129203
0.657218
0.0923995
0.09828
0.0967181
0.118777
0.141706
0.121105
0.0891838
0.0967461
0.111899
0.140959
0.126102
0.0987297
0.0785835
0.137506
0.10997
0.112784
0.0833741
0.088344
0.136177
0.10546
0.117651
0.0908472
0.0977813
0.0953866
0.085127
0.0862256
0.086705
0.086634
0.0942969
0.112001
0.112941
0.0839313
0.0847802
0.0931
0.117093
0.107847
0.0981298
0.0973722
0.126239
0.13236
0.089424
0.144791
0.0929587
0.108444
0.0883653
0.0811158
0.0830352
0.0818222
0.100724
0.122812
0.094366
0.124416
0.102275
0.0887278
0.0916955
0.62114
0.116329
0.107847
0.105011
0.148493
0.0882617
0.18807
0.123449
0.153294
0.116735
0.112171
0.0911443
0.0968997
0.0960393
0.124332
0.0807757
0.103366
0.144572
0.137079
0.106735
0.0945287
0.107466
0.0979488
0.145876
0.112039
0.147936
0.654663
0.100299
0.119495
0.100924
0.133478
0.0991818
0.125249
0.156386
0.0933268
0.685366
0.116775
0.124476
0.160616
0.108328
0.128699
0.110934
0.0823411
0.777465
0.149882
0.118099
0.138926
0.108902
0.1074
0.111469
0.091339
0.0831847
0.116215
0.10725
0.639654
0.0881192
0.0887178
0.0926039
0.152763
0.113092
0.110906
0.172018
0.0842438
0.0938251
0.146401
0.114787
0.104554
0.0879729
0.110952
0.100884
0.107463
0.135257
0.114508
0.0907514
0.108694
0.131868
0.102359
0.126062
0.155756
0.839786
0.180101
0.115833
0.151504
0.107973
0.165919
0.136655
0.130612
0.140692
0.134121
0.112705
0.131669
0.116972
0.141616
0.0951378
0.100819
0.102286
0.103657
0.0816304
0.109051
0.088466
0.125868
0.152193
0.106521
0.128377
0.0958948
0.114185
0.13658
0.101182
0.129477
0.138999
0.102867
0.110508
0.153749
0.10469
0.132427
0.176608
0.0976323
0.0831987
0.110567
0.100785
0.118298
0.0976595
0.128125
0.10604
0.143023
0.12416
0.149709
0.0967163
0.101863
0.15254
0.0943431
0.104142
0.162058
0.114265
0.097859
0.109181
0.0962753
0.09499
0.0858748
0.144022
0.100525
0.100606
0.0909567
0.104411
0.140575
0.120144
0.11193
0.0964875
0.0920517
0.0986546
0.0931804
0.63898
0.0676639
0.092886
0.0789307
0.101253
0.100458
0.0905321
0.134145
0.101888
0.0884711
0.105931
0.0851587
0.0868073
0.0931543
0.0889726
0.0985516
0.0891482
0.110088
0.146249
0.136311
0.118151
0.190589
0.141723
0.1299
0.127067
0.126898
0.099242
0.151606
0.101622
0.0947804
0.112115
0.0747227
0.137355
0.681715
0.111209
0.611452
0.106784
0.131644
0.117555
0.0927089
0.104638
0.101217
0.135555
0.124602
0.719816
0.111597
0.134504
0.653764
0.102189
0.0851005
0.122494
0.0923625
0.106461
0.133942
0.11454
0.109278
0.108808
0.109553
0.11684
0.132285
0.126355
0.135857
0.100405
0.157116
0.0921039
0.138483
0.131141
0.111632
0.104294
0.102261
0.0995714
0.118857
0.0931053
0.110962
0.0838536
0.116147
0.0977699
0.121495
0.0870665
0.104321
0.0981534
0.090544
0.0928464
0.0913168
0.0951806
0.618393
0.605637
0.107375
0.107785
0.103196
0.134664
0.0842355
0.151118
0.114588
0.0837949
0.104566
0.144111
0.151171
0.136184
0.130625
0.162791
0.133839
0.131895
0.13425
0.133394
0.17854
0.161915
0.17064
0.2139
0.122098
0.202628
0.60798
0.118307
0.101679
0.0871354
0.224444
0.109725
0.102817
0.0954933
0.659334
0.095457
0.087719
0.124766
0.621612
0.0822014
0.0931055
0.0958074
0.134173
0.218485
0.137915
0.11912
0.0888909
0.109035
0.0976456
0.0820966
0.100922
0.116795
0.121144
0.146333
0.622402
0.121676
0.0951671
0.106122
0.131232
0.67756
0.0953988
0.118906
0.122865
0.102509
0.09124
0.108159
0.115548
0.140729
0.660828
0.0902247
0.145455
0.0957877
0.119416
0.0862413
0.129857
0.120674
0.149311
0.113992
0.0968242
0.0963447
0.102785
0.151591
0.105919
0.115542
0.110253
0.0820078
0.103667
0.11138
0.118316
0.108568
0.112672
0.139641
0.104711
0.0994734
0.0970439
0.188374
0.162622
0.0898526
0.123974
0.100344
0.0909216
0.0856226
0.655575
0.0891748
0.136319
0.111141
0.107224
0.114974
0.133965
0.0931051
0.0908532
0.1122
0.0945385
0.1004
0.0793153
0.727843
0.110304
0.0942598
0.116865
0.0822001
0.113745
0.101635
0.102243
0.633792
0.101076
0.696541
0.0989491
0.106443
0.0775777
0.0731045
0.0945745
0.129974
0.108305
0.0967858
0.110743
0.090805
0.137728
0.171572
0.146458
0.0768097
0.0914509
0.117008
0.103196
0.105145
0.144828
0.106636
0.110149
0.0964001
0.100193
0.113365
0.107302
0.10786
0.174171
0.0930613
0.112778
0.128231
0.102855
0.111548
0.100198
0.113398
0.101509
0.109073
0.104131
0.101301
0.138154
0.0821476
0.713351
0.101289
0.0956706
0.105943
0.0941133
0.101166
0.142754
0.103867
0.119737
0.104038
0.116542
0.130268
0.113455
0.138932
0.0992891
0.102415
0.0996679
0.09489
0.0881569
0.0986233
0.130858
0.140079
0.112434
0.0899685
0.151621
0.138828
0.117654
0.148204
0.126627
0.121814
0.687524
0.0951142
0.107872
0.113304
0.145085
0.120666
0.0941758
0.123213
0.654107
0.127769
0.112185
0.675164
0.0971522
0.119382
0.100447
0.101433
0.0878046
0.0961632
0.112062
0.157873
0.0868601
0.108257
0.0958338
0.0906207
0.1093
0.12172
0.10349
0.11332
0.110338
0.0858376
0.0954706
0.123213
0.141729
0.11102
0.114647
0.0886143
0.119831
0.10754
0.105731
0.134805
0.10158
0.703098
0.0957756
0.0906889
0.112673
0.120433
0.0929845
0.124952
0.0933418
0.11713
0.110452
0.0831861
0.145405
0.108817
0.704008
0.0910969
0.0959165
0.113428
0.117084
0.0977496
0.0889108
0.139809
0.156604
0.125219
0.0921563
0.108871
0.132632
0.108905
0.147363
0.11459
0.100048
0.10743
0.141699
0.119903
0.160632
0.180253
0.0989505
0.153451
0.0886893
0.0992616
0.143198
0.10321
0.133885
0.0906765
0.128758
0.185904
0.115322
0.127154
0.152898
0.0938912
0.133513
0.117864
0.12466
0.118961
0.0880579
0.116336
0.119986
0.133838
0.101313
0.0989439
0.0923111
0.098505
0.163009
0.115343
0.110085
0.113194
0.144252
0.179424
0.178424
0.0937438
0.129532
0.0830593
0.0950904
0.184791
0.0722373
0.179565
0.135029
0.0955961
0.111232
0.107789
0.118593
0.213165
0.105828
0.103614
0.115602
0.144344
0.128742
0.621618
0.171377
0.0957868
0.105826
0.120042
0.161642
0.105437
0.0911513
0.11042
0.125291
0.674744
0.136916
0.185564
0.121461
0.11597
0.109279
0.103242
0.137549
0.0995714
0.174074
0.098588
0.145511
0.099024
0.105335
0.275672
0.12497
0.128924
0.675421
0.116804
0.141054
0.0999277
0.60303
0.076654
0.0894208
0.163817
0.0991708
0.145087
0.11157
0.0860727
0.210278
0.107588
0.141743
0.613332
0.103114
0.0978598
0.10006
0.114772
0.103178
0.120721
0.105574
0.108794
0.119337
0.0873714
0.101652
0.122638
0.129654
0.225277
0.0906133
0.120069
0.16761
0.0922171
0.139608
0.0920509
0.158924
0.690639
0.101458
0.0934498
0.116673
0.104482
0.110469
0.0871974
0.095567
0.125322
0.108144
0.117463
0.129745
0.0996866
0.100953
0.122883
0.0921327
0.108242
0.117782
0.111125
0.128907
0.0914685
0.0926093
0.109836
0.166992
0.147488
0.0887892
0.119282
0.141662
0.173934
0.915633
0.131106
0.120579
0.147225
0.131414
0.147697
0.115431
0.116738
0.103836
0.153315
0.128563
0.159599
0.701143
0.103747
0.0981075
0.128786
0.107642
0.152122
0.151669
0.129599
0.175197
0.193601
0.129748
0.109707
0.116098
0.10253
0.209288
0.106028
0.101475
0.0951516
0.0904122
0.1188
0.116415
0.112232
0.114496
0.0997451
0.0982064
0.0993654
0.111953
0.10252
0.119112
0.0977089
0.138411
0.165659
0.115461
0.0900305
0.118388
0.0920756
0.143091
0.0981229
0.137071
0.114102
0.107748
0.142571
0.124033
0.123671
0.111671
0.160634
0.113082
0.195709
0.116354
0.146345
0.116923
0.0948548
0.135034
0.640124
0.130851
0.100132
0.116307
0.100192
0.636693
0.089714
0.119212
0.115771
0.133534
0.105713
0.11013
0.716201
0.111586
0.116926
0.0815904
0.0800931
0.124945
0.126356
0.115403
0.112353
0.107375
0.0991401
0.11581
0.0885217
0.0831615
0.1083
0.0868283
0.119043
0.113582
0.100757
0.101492
0.113169
0.103959
0.122336
0.100667
0.100654
0.0994068
0.0886778
0.104209
0.0910368
0.0871629
0.0959933
0.0959131
0.0915714
0.134682
0.0860744
0.0873276
0.076121
0.113597
0.102759
0.108522
0.101013
0.0874962
0.1036
0.0926385
0.109201
0.0829819
0.0760751
0.0891703
0.0842184
0.634952
0.120929
0.599479
0.609444
0.0966219
0.105239
0.106542
0.0836264
0.14562
0.0971716
0.136416
0.101113
0.0999826
0.136051
0.10613
0.128709
0.0995272
0.158211
0.0936792
0.139835
0.114792
0.689151
0.104913
0.100558
0.117656
0.106183
0.0975952
0.112811
0.130191
0.123136
0.111984
0.129631
0.121578
0.115921
0.0879235
0.106376
0.0959533
0.102321
0.123858
0.109325
0.132009
0.112087
0.107647
0.0945097
0.0901325
0.163619
0.11906
0.0939754
0.107394
0.104754
0.152087
0.127189
0.0968799
0.0904287
0.110268
0.0854792
0.107858
0.117184
0.126226
0.0931947
0.153994
0.0944336
0.104025
0.115011
0.573788
0.107951
0.649295
0.109053
0.0989065
0.130275
0.679926
0.683171
0.0905847
0.617003
0.677962
0.120843
0.0917764
0.0969296
0.0863853
0.0865029
0.0909248
0.119096
0.109632
0.104383
0.206278
0.14628
0.110231
0.116366
0.117394
0.103634
0.146144
0.0919959
0.14518
0.127759
0.0795693
0.0801996
0.103883
0.0927781
0.129543
0.138649
0.108861
0.0959348
0.0828767
0.155278
0.100773
0.1063
0.0893491
0.11478
0.0962434
0.107135
0.0954206
0.116312
0.125432
0.0886101
0.165973
0.115228
0.11449
0.672885
0.0978057
0.108232
0.112813
0.110206
0.0862603
0.115668
0.0930971
0.122434
0.141676
0.105849
0.0991113
0.103933
0.0990033
0.095655
0.127648
0.14894
0.127531
0.099351
0.122618
0.0985109
0.121248
0.131379
0.13063
0.118163
0.127124
0.0861244
0.10283
0.149638
0.110153
0.118828
0.104822
0.09015
0.10966
0.134755
0.0854073
0.0889549
0.1117
0.135804
0.0931808
0.0916003
0.0883967
0.105961
0.0842777
0.0828971
0.099303
0.105353
0.0932106
0.0962641
0.0854136
0.0961175
0.116794
0.0952693
0.0879532
0.0896716
0.124756
0.144149
0.118422
0.112727
0.118832
0.146297
0.10757
0.0984535
0.14888
0.113495
0.101824
0.112088
0.0906217
0.11471
0.0976239
0.184198
0.0869726
0.113989
0.116993
0.122478
0.105777
0.091699
0.106932
0.107293
0.0969155
0.115759
0.131197
0.111896
0.111583
0.122763
0.095761
0.157575
0.0915878
0.181511
0.127435
0.139024
0.109908
0.121285
0.107487
0.756098
0.161667
0.11027
0.0993903
0.121815
0.0994604
0.0997085
0.10868
0.124886
0.12331
0.146603
0.121431
0.105762
0.112779
0.115359
0.0975635
0.0893179
0.125083
0.115628
0.0794669
0.164136
0.114688
0.0831035
0.0976667
0.0795334
0.0906928
0.686254
0.100231
0.0993286
0.0964537
0.143807
0.1099
0.0979914
0.0948911
0.0916935
0.0881365
0.095606
0.0873552
0.0915441
0.111886
0.0931587
0.0928585
0.128723
0.0928337
0.126028
0.106213
0.122623
0.10636
0.117404
0.0898401
0.139501
0.101517
0.108006
0.0850683
0.101183
0.209646
0.0955305
0.123495
0.106153
0.0897314
0.109694
0.106217
0.114892
0.118148
0.135527
0.141566
0.112003
0.132481
0.102278
0.167649
0.0885381
0.12444
0.114409
0.0800014
0.647505
0.297978
0.0986369
0.100363
0.0984692
0.094154
0.105646
0.162034
0.0883712
0.102906
0.0900779
0.10592
0.716546
0.105351
0.104872
0.10762
0.0694428
0.180113
0.119518
0.115375
0.0876222
0.121942
0.0821878
0.0986226
0.101002
0.14848
0.0980419
0.103663
0.118803
0.167732
0.100774
0.673133
0.116828
0.120054
0.122943
0.117032
0.0944382
0.0953297
0.11395
0.117962
0.110345
0.141351
0.147491
0.112239
0.125448
0.128696
0.129004
0.113229
0.120409
0.105575
0.114353
0.114674
0.0850227
0.101011
0.102141
0.116178
0.125211
0.108783
0.124666
0.0995778
0.108577
0.0990881
0.104893
0.107183
0.0967287
0.109331
0.101706
0.0957999
0.127875
0.136876
0.116859
0.10629
0.103867
0.104519
0.11179
0.12797
0.086784
0.0973901
0.105806
0.100042
0.0811774
0.0746207
0.103992
0.0852294
0.178068
0.100028
0.631997
0.0830485
0.0885005
0.191266
0.0793102
0.129253
0.0864959
0.107321
0.0912756
0.105988
0.108556
0.097921
0.0888471
0.108226
0.0812021
0.106595
0.125448
0.634511
0.13121
0.119427
0.145899
0.10891
0.0919186
0.138113
0.107627
0.130974
0.176516
0.0929076
0.111328
0.127211
0.102926
0.107669
0.104793
0.645298
0.132231
0.105919
0.123625
0.604059
0.0986774
0.111641
0.0890907
0.0800266
0.129767
0.108659
0.0943919
0.123082
0.091697
0.160202
0.116632
0.149009
0.0985267
0.0946672
0.101997
0.109408
0.125485
0.106567
0.137346
0.106322
0.106697
0.68339
0.100573
0.115759
0.114682
0.0905957
0.0874669
0.0946584
0.100968
0.651164
0.096197
0.112926
0.11232
0.10944
0.089874
0.0826132
0.66242
0.132533
0.121345
0.0883886
0.0966644
0.089197
0.0831956
0.67164
0.121144
0.106254
0.152536
0.0979891
0.0971818
0.0949683
0.0875821
0.109768
0.0875345
0.0960318
0.0884283
0.0988613
0.0821303
0.104752
0.142348
0.135909
0.147958
0.122711
0.157017
0.11455
0.0766007
0.076629
0.576404
0.0955506
0.627977
0.0999311
0.0846656
0.100621
0.0994916
0.0951159
0.147538
0.0926696
0.104688
0.0938024
0.106929
0.0881115
0.113693
0.092095
0.121197
0.0955183
0.0998759
0.0865295
0.128916
0.122557
0.110932
0.104829
0.112406
0.11273
0.0834839
0.128405
0.0968293
0.125823
0.126165
0.183977
0.156086
0.130895
0.118464
0.102191
0.17608
0.1789
0.0971477
0.101926
0.10413
0.150293
0.105611
0.0982481
0.158943
0.156905
0.126295
0.150362
0.104833
0.0929967
0.177592
0.12039
0.104235
0.11674
0.178272
0.100863
0.102484
0.0987789
0.0882974
0.0944663
0.0963842
0.102782
0.108242
0.107509
0.0969334
0.102394
0.140368
0.0838389
0.128401
0.154256
0.107548
0.199785
0.0920821
0.0802054
0.146874
0.0990553
0.0915256
0.109848
0.123965
0.0822096
0.176458
0.160499
0.109621
0.109423
0.153937
0.113058
0.0981822
0.0864588
0.147986
0.113334
0.160205
0.152095
0.0804162
0.079597
0.13579
0.0887106
0.12658
0.132219
0.0880248
0.115287
0.0945233
0.139564
0.117022
0.128581
0.150863
0.0850878
0.119068
0.0869483
0.0845305
0.109801
0.134549
0.09165
0.0875959
0.0820375
0.116336
0.120632
0.0950394
0.094515
0.173075
0.130481
0.10566
0.0951802
0.560468
0.118522
0.138879
0.122999
0.0953148
0.130366
0.0875638
0.0761843
0.112003
0.130596
0.123766
0.102361
0.113749
0.122761
0.0790122
0.0985447
0.0965345
0.113257
0.0963052
0.0922099
0.0864594
0.156016
0.10613
0.131581
0.13643
0.117945
0.0936389
0.126962
0.152203
0.0958468
0.139021
0.0995609
0.162541
0.10611
0.128805
0.110917
0.113259
0.0825462
0.100961
0.093617
0.102065
0.10424
0.170359
0.126892
0.0980967
0.0917811
0.111913
0.632543
0.0923086
0.0941292
0.10085
0.0922263
0.0945263
0.100728
0.16171
0.100872
0.108599
0.0854059
0.125206
0.111158
0.134474
0.0802134
0.0905545
0.278201
0.130381
0.23301
0.141928
0.68124
0.110447
0.104913
0.0910843
0.0940724
0.106237
0.160126
0.0780203
0.125674
0.133903
0.102847
0.133221
0.0918616
0.100345
0.137438
0.115986
0.114715
0.0875127
0.140594
0.101569
0.101364
0.128683
0.127263
0.139416
0.124237
0.106526
0.118606
0.0821426
0.113641
0.085763
0.0955795
0.102585
0.115504
0.100012
0.0963115
0.105378
0.101223
0.0951094
0.0999305
0.13595
0.110393
0.12093
0.107172
0.114549
0.186889
0.139237
0.104411
0.134649
0.114385
0.087888
0.106023
0.104639
0.100205
0.110034
0.083588
0.264591
0.15133
0.12949
0.120426
0.108552
0.651045
0.612735
0.0981607
0.103046
0.0954513
0.160238
0.0859485
0.0923539
0.126378
0.0919616
0.093496
0.0853249
0.0867009
0.119652
0.123066
0.109854
0.143266
0.0893732
0.0893999
0.107887
0.0897951
0.121411
0.0754094
0.075052
0.0952201
0.0831659
0.0829056
0.106386
0.0889604
0.123928
0.638658
0.086429
0.0913803
0.0988294
0.110066
0.0727237
0.0827008
0.0896316
0.0928668
0.0899386
0.103951
0.0845352
0.0957049
0.0773869
0.0879494
0.114466
0.106885
0.115874
0.0879438
0.079503
0.129951
0.0912844
0.118093
0.0908017
0.0969971
0.0814455
0.0890171
0.112044
0.0969604
0.094144
0.661822
0.0865458
0.109759
0.0870294
0.0848485
0.14377
0.108772
0.100384
0.102719
0.0987389
0.129729
0.107384
0.0943064
0.122216
0.105586
0.0985635
0.0989168
0.194527
0.153341
0.0994977
0.099508
0.132632
0.0872556
0.120138
0.0997935
0.0879024
0.0906619
0.0964456
0.0957828
0.090997
0.655673
0.10328
0.102376
0.136119
0.624634
0.0961844
0.139319
0.139952
0.103566
0.109189
0.101921
0.0867225
0.0985779
0.109414
0.133473
0.101925
0.100445
0.0825519
0.105796
0.108839
0.109267
0.103036
0.0974352
0.0817147
0.0808821
0.0989471
0.0931535
0.0866808
0.129674
0.175333
0.104991
0.0968937
0.0883025
0.110474
0.0923028
0.108752
0.0993191
0.0871694
0.102777
0.0737541
0.0937467
0.147301
0.107866
0.113329
0.137835
0.117037
0.097837
0.123114
0.109895
0.127014
0.108902
0.0902157
0.0961975
0.0996197
0.106419
0.0960806
0.117087
0.0802887
0.100013
0.0936094
0.0954033
0.0969017
0.105924
0.117935
0.102498
0.123109
0.127058
0.132342
0.108873
0.114855
0.0968717
0.09905
0.100619
0.0905784
0.0930807
0.125608
0.093123
0.0961241
0.0985116
0.0987975
0.0967231
0.168466
0.122873
0.0773553
0.107222
0.120746
0.0912165
0.10548
0.112079
0.110186
0.125471
0.658914
0.124693
0.0865873
0.0893012
0.117545
0.103923
0.0959366
0.0929829
0.113392
0.0880683
0.103951
0.131838
0.0935563
0.0996658
0.118438
0.147323
0.143518
0.174955
0.0897468
0.0850384
0.0988067
0.0896786
0.102495
0.684117
0.112786
0.112801
0.0958776
0.11437
0.119777
0.0807469
0.144877
0.115754
0.117652
0.0838323
0.0900167
0.104919
0.0889323
0.120842
0.0812737
0.117947
0.105782
0.101707
0.0837131
0.123074
0.0838795
0.0861721
0.153926
0.105299
0.123812
0.0754291
0.123181
0.113297
0.0888628
0.130463
0.0933474
0.124425
0.099325
0.682866
0.121095
0.135084
0.111643
0.103838
0.11505
0.104912
0.114458
0.11948
0.133234
0.117465
0.134426
0.101526
0.123299
0.115681
0.104697
0.111405
0.120571
0.151598
0.111394
0.132837
0.672403
0.122559
0.088371
0.0832276
0.103045
0.139476
0.104418
0.0893083
0.108123
0.127439
0.651074
0.129252
0.0929082
0.115358
0.106886
0.0901676
0.107374
0.122737
0.102937
0.0889626
0.118428
0.155577
0.129354
0.130221
0.0853116
0.108824
0.0760733
0.0874886
0.136096
0.121183
0.105011
0.102126
0.111488
0.0926756
0.103206
0.11063
0.105564
0.0871753
0.0877409
0.108464
0.0736535
0.108738
0.0931609
0.0884227
0.0978736
0.102522
0.103068
0.120167
0.165277
0.569471
0.147277
0.685265
0.108985
0.108985
0.0944077
0.593005
0.0914409
0.0927477
0.10534
0.113433
0.107163
0.106431
0.144534
0.0969432
0.0865559
0.0698713
0.657631
0.121175
0.165322
0.0954212
0.144543
0.0950765
0.11845
0.105278
0.128446
0.147238
0.109423
0.0681245
0.152493
0.0967401
0.0930988
0.0914085
0.147504
0.153762
0.12011
0.105448
0.157068
0.100033
0.109901
0.103923
0.11466
0.0848796
0.0989438
0.143317
0.127157
0.0829007
0.144454
0.10469
0.0813535
0.113302
0.113917
0.0860563
0.109911
0.145214
0.097535
0.113486
0.113953
0.112218
0.0875067
0.100211
0.112249
0.100539
0.0962311
0.0995169
0.133714
0.115986
0.128052
0.119642
0.182934
0.137983
0.111359
0.115361
0.156306
0.10173
0.104154
0.14036
0.100884
0.0891502
0.103509
0.680336
0.0764881
0.131401
0.0819175
0.098951
0.113166
0.0829118
0.103899
0.12509
0.114693
0.0810188
0.0860914
0.0950529
0.115431
0.117412
0.0933304
0.131314
0.108498
0.124987
0.127676
0.107683
0.123033
0.648434
0.0911169
0.124213
0.100119
0.086959
0.117464
0.0858161
0.102095
0.0925551
0.125221
0.0729052
0.106352
0.0976955
0.074257
0.0911045
0.0980451
0.139078
0.0963288
0.0983087
0.123676
0.097169
0.130692
0.0889709
0.0919342
0.11549
0.107477
0.163777
0.115573
0.116977
0.0849308
0.101857
0.103574
0.123441
0.0925384
0.100027
0.101683
0.0869826
0.111489
0.102677
0.150312
0.107706
0.10394
0.148318
0.106289
0.0920056
0.108914
0.132756
0.1115
0.122397
0.103754
0.659707
0.113425
0.0886088
0.115688
0.0880945
0.094643
0.104779
0.12068
0.114346
0.0925875
0.142456
0.122245
0.100096
0.097045
0.085883
0.107412
0.093679
0.132031
0.141026
0.0955015
0.106434
0.135363
0.118556
0.0951339
0.124488
0.104079
0.129343
0.149996
0.115982
0.0908204
0.124861
0.134456
0.0974253
0.103786
0.147752
0.14451
0.15726
0.0816274
0.0970255
0.106884
0.104379
0.0955643
0.0975179
0.128879
0.104726
0.127392
0.109881
0.101531
0.0954392
0.144458
0.12297
0.166602
0.115117
0.105562
0.104683
0.133203
0.109847
0.0971757
0.125479
0.105984
0.0849802
0.109316
0.103069
0.114473
0.120469
0.0872728
0.0824298
0.0797917
0.106571
0.0906328
0.086886
0.133131
0.0972136
0.0963392
0.596022
0.09636
0.0944962
0.0987885
0.0907424
0.117123
0.121688
0.158032
0.0957914
0.101277
0.107172
0.0931938
0.129915
0.0934154
0.0988343
0.0741468
0.0949768
0.126576
0.109564
0.116215
0.115925
0.0857771
0.105426
0.16932
0.0934856
0.118586
0.155623
0.146945
0.129071
0.129438
0.127409
0.141965
0.109508
0.114768
0.152644
0.149312
0.128144
0.133366
0.126183
0.0989083
0.104974
0.093119
0.101105
0.14092
0.123775
0.0897189
0.120583
0.123586
0.103811
0.119725
0.145838
0.128714
0.12266
0.120444
0.098238
0.101734
0.13499
0.137687
0.13245
0.126058
0.127682
0.0939981
0.171092
0.092787
0.10456
0.130031
0.130077
0.10206
0.105096
0.120076
0.14238
0.159927
0.122806
0.16629
0.0964423
0.127017
0.1214
0.122134
0.0901793
0.0887336
0.103909
0.159079
0.641907
0.0897436
0.111626
0.0851599
0.0890425
0.109504
0.164682
0.155931
0.104673
0.109656
0.110712
0.102323
0.15145
0.110314
0.190045
0.119359
0.0989923
0.125505
0.0853445
0.0875371
0.143009
0.0996693
0.153224
0.121747
0.137296
0.088768
0.12333
0.0856144
0.127087
0.132124
0.0675654
0.175986
0.133193
0.158785
0.176242
0.109331
0.0893809
0.15953
0.119202
0.0992061
0.124126
0.114671
0.116895
0.637044
0.0812263
0.115454
0.105936
0.105857
0.113223
0.0980505
0.0965347
0.0860045
0.0941809
0.637194
0.0948994
0.0961429
0.0936397
0.133891
0.14462
0.151537
0.166075
0.13125
0.125385
0.15122
0.185404
0.301178
0.179262
0.174416
0.168445
0.230387
0.123252
0.118457
0.118756
0.168338
0.0868651
0.127465
0.12156
0.113478
0.0933783
0.230394
0.0825873
0.106946
0.0896729
0.11373
0.114869
0.0913997
0.0890534
0.0914914
0.110796
0.13814
0.0995199
0.0981745
0.0788302
0.111848
0.109796
0.102214
0.119908
0.0998069
0.127401
0.113961
0.126389
0.0938845
0.136417
0.0930416
0.101058
0.0998579
0.0903684
0.129656
0.12946
0.62381
0.126809
0.157571
0.17533
0.0975052
0.126756
0.250244
0.114841
0.134734
0.0895067
0.119711
0.092083
0.0963736
0.0930718
0.117826
0.129013
0.104814
0.097834
0.120324
0.130308
0.100809
0.135799
0.104076
0.125343
0.0998645
0.0814648
0.141985
0.102767
0.0984347
0.131528
0.13058
0.0898721
0.112375
0.0968562
0.12442
0.126083
0.672815
0.0883384
0.133727
0.129701
0.183159
0.141096
0.170728
0.104037
0.14062
0.0893932
0.112474
0.10293
0.0956043
0.0915587
0.111789
0.0858399
0.128136
0.0806455
0.130062
0.101765
0.124243
0.102006
0.132556
0.163988
0.115316
0.0873031
0.0911408
0.0975045
0.0954347
0.0926215
0.0843071
0.0924294
0.122822
0.109171
0.0975199
0.103048
0.0886604
0.0958292
0.11336
0.0859281
0.0887154
0.0977659
0.0953319
0.0994804
0.0737026
0.095489
0.102357
0.119002
0.0845495
0.0892786
0.083512
0.0802633
0.0862939
0.0898613
0.0962112
0.1455
0.0962731
0.0885133
0.1088
0.104655
0.118673
0.0986552
0.0808373
0.0969864
0.714793
0.0967805
0.101861
0.0941119
0.108063
0.0954665
0.145269
0.112445
0.0893103
0.0996941
0.0999658
0.0988059
0.122173
0.630846
0.116672
0.09995
0.0999073
0.134042
0.0967799
0.145842
0.088092
0.103131
0.090983
0.0844827
0.617823
0.0895605
0.102789
0.0969792
0.142992
0.117795
0.0812888
0.105217
0.0880582
0.111355
0.121867
0.120553
0.253189
0.113062
0.0891632
0.192707
0.100682
0.140037
0.0977613
0.0968844
0.132756
0.161783
0.0840775
0.101382
0.119889
0.102122
0.66347
0.0798793
0.13107
0.137945
0.118181
0.116011
0.102527
0.109172
0.650665
0.0967155
0.0877899
0.0809587
0.114295
0.147608
0.613552
0.0964586
0.0905393
0.108849
0.0806085
0.173532
0.119538
0.0808874
0.0882079
0.122804
0.122601
0.102483
0.125315
0.0900226
0.0887372
0.121921
0.109909
0.0876278
0.143693
0.0967629
0.109712
0.140823
0.606465
0.0863653
0.111762
0.0907783
0.0943168
0.107961
0.086354
0.0848896
0.128273
0.387682
0.102301
0.11716
0.110872
0.104896
0.112572
0.0950105
0.0917691
0.10107
0.0825456
0.0963222
0.684247
0.114003
0.0946345
0.105404
0.0750268
0.0871344
0.104331
0.092074
0.165573
0.128117
0.131533
0.148887
0.139348
0.141528
0.136803
0.129335
0.951485
0.114789
0.0934372
0.141271
0.104224
0.123779
0.102064
0.0763764
0.0956918
0.122976
0.0983224
0.0920108
0.0981802
0.0745444
0.0815322
0.146652
0.107256
0.119991
0.0998046
0.0994948
0.128352
0.101864
0.112453
0.092146
0.159719
0.111585
0.0962767
0.103291
0.116057
0.141556
0.0959792
0.0994645
0.0776409
0.0754182
0.0957534
0.127705
0.150051
0.26021
0.133742
0.175656
0.0913296
0.102925
0.0981472
0.0787301
0.0724732
0.0975408
0.104978
0.119915
0.108516
0.0944
0.108902
0.105391
0.0975208
0.0759787
0.10213
0.136126
0.598758
0.0823115
0.0791211
0.109043
0.0727712
0.0911867
0.0893718
0.101827
0.106302
0.0993129
0.10605
0.116094
0.110839
0.128416
0.0848912
0.123463
0.124004
0.112027
0.140182
0.121299
0.0877903
0.0920577
0.126452
0.107428
0.111258
0.106306
0.123535
0.0864859
0.0968219
0.0929232
0.0877199
0.158888
0.10555
0.092383
0.0925275
0.128068
0.114893
0.0938596
0.108456
0.0920288
0.661287
0.125495
0.106717
0.098649
0.131575
0.156749
0.101574
0.0903891
0.146556
0.0800943
0.120791
0.095175
0.0920397
0.152659
0.0992271
0.101923
0.115119
0.0941275
0.096844
0.10681
0.0999822
0.0943903
0.0952345
0.0917445
0.136728
0.107784
0.070803
0.092628
0.0913847
0.104128
0.0998176
0.118755
0.0865344
0.145353
0.138952
0.0866247
0.654164
0.103714
0.180237
0.105684
0.0914195
0.113752
0.138407
0.0923624
0.0825418
0.104292
0.1396
0.0879694
0.104319
0.101371
0.0977705
0.104199
0.125573
0.700083
0.112624
0.134979
0.106801
0.121965
0.0771128
0.0895441
0.0901241
0.110583
0.114519
0.11162
0.107938
0.156991
0.113246
0.0969095
0.0895792
0.0883042
0.120088
0.12093
0.0927649
0.089096
0.0925195
0.103406
0.156814
0.118482
0.115065
0.120017
0.105678
0.0979823
0.10108
0.0910311
0.143869
0.107584
0.663684
0.0895803
0.205078
0.141068
0.118233
0.133869
0.142457
0.111029
0.114974
0.0917852
0.123655
0.116432
0.108572
0.103112
0.694174
0.0945378
0.0948297
0.46024
0.082537
0.0973063
0.124398
0.143919
0.0809235
0.127593
0.151036
0.124644
0.109694
0.12128
0.1111
0.149124
0.159746
0.101079
0.105894
0.102723
0.108922
0.111526
0.119036
0.109141
0.128047
0.0869288
0.0989718
0.107207
0.121322
0.0915089
0.0976609
0.079478
0.110677
0.0968875
0.114956
0.0932181
0.0841077
0.0940276
0.102124
0.0910395
0.0797988
0.109605
0.0775241
0.163284
0.101735
0.0948368
0.0994929
0.118454
0.0960711
0.0868419
0.0918766
0.0929506
0.0998909
0.0911343
0.0986689
0.0902917
0.101129
0.0948572
0.0794442
0.112706
0.095115
0.147057
0.133923
0.0906302
0.11023
0.105047
0.0980762
0.12084
0.0934387
0.0901216
0.111183
0.0941687
0.0969527
0.0868529
0.0931742
0.120479
0.109077
0.120123
0.837516
0.1249
0.159859
0.122646
0.161869
0.147428
0.150747
0.127466
0.123429
0.159984
0.161255
0.132996
0.154037
0.138981
0.119941
0.136031
0.104317
0.0964705
0.0959639
0.161898
0.63895
0.113244
0.0983576
0.0902647
0.114145
0.0948107
0.100827
0.0927147
0.100409
0.132593
0.105748
0.0942517
0.153515
0.0890188
0.648681
0.109126
0.111225
0.0900158
0.147521
0.0954162
0.111237
0.10537
0.121197
0.118361
0.128711
0.101478
0.092797
0.120067
0.10791
0.1036
0.108955
0.0983792
0.1006
0.119206
0.108808
0.0904002
0.127699
0.176802
0.145832
0.118073
0.109203
0.0852205
0.107928
0.105479
0.126872
0.102076
0.0854448
0.103371
0.11071
0.0879671
0.0882138
0.116558
0.0915344
0.109368
0.112905
0.0999209
0.101851
0.112698
0.0773223
0.0991611
0.112699
0.683675
0.58934
0.121656
0.113067
0.083637
0.112482
0.121389
0.109303
0.108757
0.136474
0.137235
0.0975418
0.107876
0.112045
0.0839927
0.601769
0.108172
0.108478
0.107577
0.110643
0.0881595
0.116149
0.142797
0.101845
0.0854878
0.123433
0.106068
0.0837821
0.143904
0.143889
0.102794
0.123892
0.129784
0.111249
0.162925
0.104395
0.20661
0.116984
0.201409
0.127189
0.159612
0.131237
0.0938928
0.107238
0.107138
0.137462
0.108684
0.10233
0.108989
0.0966385
0.175638
0.170169
0.121061
0.116894
0.110903
0.124167
0.151308
0.0895157
0.105169
0.10721
0.104176
0.121669
0.212636
0.0890942
0.130929
0.0796401
0.117235
0.0999418
0.185909
0.128766
0.0987269
0.157878
0.0995806
0.110749
0.133781
0.111833
0.100898
0.204215
0.128922
0.132839
0.0871128
0.112253
0.100258
0.114465
0.153182
0.130415
0.224089
0.098303
0.159865
0.13366
0.134674
0.151798
0.138344
0.110228
0.111437
0.121077
0.127211
0.634074
0.130713
0.113785
0.0882145
0.122031
0.120813
0.0983684
0.140618
0.109952
0.621944
0.134335
0.100856
0.118303
0.166189
0.133369
0.0928602
0.117632
0.102318
0.0838532
0.119239
0.116898
0.0820592
0.111078
0.0990173
0.0943585
0.116386
0.111658
0.120133
0.117978
0.609849
0.144138
0.149992
0.0990505
0.110051
0.0985077
0.110192
0.662869
0.151087
0.108283
0.134225
0.103437
0.138092
0.133076
0.0863758
0.11303
0.143735
0.0904353
0.0872127
0.12892
0.0975183
0.174568
0.137547
0.0943692
0.101532
0.101793
0.0934914
0.108259
0.0915801
0.122408
0.0975948
0.136822
0.102661
0.0936252
0.0916113
0.132212
0.0884154
0.118696
0.181523
0.0990823
0.0923113
0.121199
0.101848
0.114973
0.085303
0.117601
0.138675
0.105403
0.0795396
0.117822
0.113647
0.126678
0.100716
0.101812
0.0911667
0.10037
0.0896765
0.649169
0.133239
0.144989
0.127519
0.0774202
0.102457
0.111656
0.103268
0.168235
0.111626
0.160344
0.101375
0.154858
0.120206
0.15795
0.110497
0.114091
0.111257
0.107919
0.103127
0.104957
0.104624
0.128571
0.0909684
0.137447
0.128818
0.105692
0.104532
0.0924046
0.145635
0.132046
0.11066
0.121182
0.121753
0.627824
0.129293
0.114408
0.115882
0.103369
0.158644
0.110651
0.115018
0.0955591
0.158611
0.0981847
0.0985702
0.126492
0.0863198
0.0858591
0.104834
0.654576
0.094972
0.0925309
0.090085
0.167719
0.11685
0.117879
0.127381
0.100607
0.221831
0.0810741
0.0860189
0.113877
0.0962852
0.147164
0.0894508
0.109539
0.100334
0.0939599
0.0930233
0.0813269
0.107252
0.107703
0.104505
0.100927
0.089587
0.651341
0.0896884
0.0981966
0.0887123
0.10347
0.0907577
0.124035
0.111388
0.0929872
0.124566
0.0999085
0.0882523
0.0932975
0.0910314
0.0908193
0.0955233
0.619905
0.0897641
0.0771764
0.0875007
0.0827283
0.0811001
0.102097
0.0991267
0.0791287
0.0962836
0.131772
0.100068
0.115856
0.0921615
0.0874579
0.0907134
0.105116
0.0954801
0.0964267
0.115241
0.0990548
0.0949673
0.103856
0.100189
0.0903793
0.0828914
0.0933719
0.0914581
0.104712
0.0834822
0.0989878
0.143978
0.10197
0.115746
0.0852456
0.0894822
0.136591
0.162467
0.0896046
0.727926
0.082357
0.0778789
0.0800518
0.0930492
0.123556
0.0961386
0.13565
0.100897
0.127632
0.10325
0.0975401
0.0845489
0.630897
0.0881332
0.125329
0.105243
0.108306
0.156603
0.0989881
0.118519
0.110842
0.125137
0.132184
0.0945451
0.109357
0.12816
0.0984756
0.097718
0.716513
0.10005
0.109443
0.0979392
0.0960219
0.107521
0.123064
0.158581
0.106701
0.0852861
0.100309
0.140646
0.188992
0.138061
0.0983831
0.139604
0.110647
0.1469
0.103983
0.126714
0.2169
0.847414
0.192954
0.134482
0.116044
0.116112
0.153425
0.123184
0.0907845
0.154557
0.0845436
0.116371
0.102423
0.157238
0.104114
0.100683
0.160329
0.147355
0.0925933
0.0882278
0.0789651
0.1056
0.0881257
0.109409
0.0890325
0.632296
0.108753
0.120405
0.640759
0.124352
0.139573
0.107719
0.0837187
0.113863
0.124359
0.0863779
0.104417
0.101657
0.0965585
0.169746
0.0840086
0.116053
0.109877
0.0900219
0.109418
0.114623
0.0884448
0.103525
0.0935403
0.0878273
0.104546
0.623933
0.165911
0.115099
0.103572
0.129822
0.08636
0.0937868
0.0990284
0.149683
0.104318
0.0952624
0.11094
0.0922735
0.115496
0.0959166
0.0957021
0.0948438
0.122317
0.135015
0.071674
0.11521
0.104949
0.0803214
0.104893
0.157035
0.165403
0.140423
0.112038
0.104281
0.115862
0.12059
0.0834677
0.16195
0.100175
0.165174
0.127277
0.0866313
0.106783
0.119624
0.106231
0.102735
0.0863831
0.124354
0.0893243
0.0996471
0.145814
0.101907
0.0987523
0.0968853
0.0934036
0.11609
0.104971
0.0994898
0.126705
0.114667
0.112796
0.12795
0.0806256
0.161432
0.0859857
0.0999636
0.0790585
0.0777149
0.110001
0.151081
0.0948534
0.67175
0.173481
0.143113
0.140625
0.0928799
0.605409
0.105447
0.0986243
0.133048
0.105449
0.106212
0.0923832
0.116372
0.121685
0.106233
0.0846566
0.648948
0.0874016
0.100648
0.140789
0.122225
0.10438
0.0920398
0.121149
0.113376
0.107956
0.0994921
0.133482
0.103953
0.0880986
0.0962292
0.097965
0.110143
0.119164
0.102068
0.108907
0.112215
0.0958801
0.132787
0.142916
0.139175
0.110614
0.129356
0.128893
0.0942216
0.172395
0.0983039
0.13324
0.106851
0.0883383
0.825615
0.125797
0.128348
0.123533
0.138737
0.162386
0.178089
0.172903
0.135359
0.140647
0.133713
0.140809
0.10487
0.0869841
0.102105
0.0786764
0.0828254
0.170393
0.0848484
0.145296
0.0944759
0.158392
0.0880029
0.0995619
0.0878299
0.105953
0.100755
0.0996335
0.170801
0.0956745
0.0837493
0.076335
0.100748
0.0876885
0.120421
0.119003
0.103039
0.106418
0.708272
0.147178
0.124718
0.145088
0.106906
0.0919701
0.102054
0.106304
0.110998
0.0942778
0.0859605
0.0936484
0.134944
0.0985374
0.103942
0.114344
0.0937605
0.0814262
0.103275
0.116424
0.0960448
0.0767136
0.110524
0.104554
0.0818003
0.108572
0.1194
0.103191
0.0983765
0.0860888
0.0868934
0.10902
0.121741
0.147834
0.0838972
0.136134
0.0915549
0.119557
0.112135
0.667173
0.162243
0.125785
0.0913035
0.107145
0.110055
0.128863
0.134476
0.0963053
0.085431
0.0947439
0.0916641
0.110289
0.127362
0.115521
0.105067
0.085577
0.0986462
0.102436
0.129486
0.0975621
0.0815293
0.119137
0.146593
0.146713
0.133626
0.115308
0.10616
0.111273
0.105345
0.124612
0.166024
0.112421
0.144253
0.109129
0.105432
0.131928
0.0908545
0.11676
0.0903479
0.132364
0.0800935
0.0830075
0.0942337
0.0916641
0.0837979
0.176864
0.0887163
0.104601
0.0925935
0.0978533
0.108843
0.143761
0.138787
0.125931
0.0871671
0.681681
0.0869359
0.0865763
0.0982936
0.102858
0.662463
0.688524
0.0948892
0.128149
0.0938626
0.130418
0.111025
0.113283
0.101712
0.130556
0.0759533
0.0960363
0.100572
0.095559
0.0854977
0.125626
0.0855774
0.161581
0.125993
0.0880825
0.0969098
0.125044
0.0891728
0.1017
0.0950751
0.108774
0.0925595
0.117494
0.102886
0.0908194
0.133666
0.134725
0.0789769
0.110602
0.633799
0.116062
0.10467
0.225865
0.11646
0.118969
0.819385
0.200594
0.120132
0.122239
0.154813
0.126879
0.131685
0.139151
0.132613
0.116191
0.0855608
0.0670924
0.101104
0.166057
0.096917
0.108357
0.0897749
0.114941
0.0840204
0.101746
0.0795159
0.126159
0.102669
0.103757
0.1074
0.0891559
0.11069
0.128991
0.106286
0.0950682
0.107494
0.163776
0.115286
0.147526
0.101553
0.0998614
0.103371
0.113116
0.116016
0.120397
0.103282
0.099898
0.0854796
0.103656
0.130312
0.153427
0.0654084
0.147413
0.123965
0.0919526
0.108117
0.0905537
0.120319
0.150583
0.0989342
0.106497
0.116796
0.107064
0.0814542
0.144429
0.0836162
0.109661
0.0901899
0.104152
0.0988928
0.112492
0.112643
0.127266
0.100184
0.153598
0.115002
0.102704
0.0789001
0.104406
0.0903258
0.115567
0.0989166
0.0835503
0.644564
0.0818151
0.106243
0.11462
0.101878
0.0896321
0.0907681
0.139374
0.110729
0.0978619
0.148495
0.098435
0.0959866
0.114865
0.14349
0.131123
0.158093
0.168489
0.157088
0.129797
0.143926
0.122856
0.103574
0.148429
0.19818
0.15176
0.108512
0.174905
0.144418
0.15236
0.0783643
0.10477
0.153362
0.193121
0.108957
0.129625
0.173841
0.100501
0.156214
0.137944
0.0898227
0.112449
0.117816
0.116872
0.091936
0.127541
0.0966021
0.103357
0.105412
0.0915041
0.148718
0.117598
0.0914206
0.100195
0.0969722
0.13246
0.1079
0.124969
0.127981
0.142007
0.16311
0.123531
0.187242
0.12042
0.187538
0.101341
0.134241
0.217353
0.130326
0.106501
0.121735
0.0915601
0.152216
0.103676
0.127985
0.124122
0.18297
0.149221
0.109595
0.0957206
0.119232
0.100375
0.121248
0.174091
0.105047
0.0938052
0.171681
0.0920786
0.117141
0.11076
0.10628
0.102796
0.122975
0.109066
0.0952964
0.12945
0.100268
0.117526
0.16312
0.0869236
0.0980958
0.0941809
0.157008
0.148503
0.0816408
0.109658
0.157635
0.182948
0.116654
0.104175
0.134177
0.148852
0.105471
0.0969584
0.109975
0.0897397
0.102644
0.119547
0.614789
0.108051
0.126936
0.0951337
0.1264
0.133475
0.102808
0.105998
0.120559
0.100408
0.102506
0.125905
0.106803
0.0955572
0.119359
0.141313
0.133612
0.0916024
0.105958
0.126487
0.156435
0.125231
0.0995696
0.118935
0.099149
0.100873
0.141094
0.121726
0.104165
0.164815
0.0968433
0.1306
0.126334
0.0920951
0.112834
0.12408
0.137326
0.110151
0.116118
0.127287
0.136753
0.121112
0.108655
0.0948202
0.0895771
0.107451
0.0830928
0.0975146
0.125397
0.100521
0.110332
0.0882568
0.0963954
0.121631
0.0847272
0.0970553
0.0956555
0.0994719
0.0919285
0.11946
0.114092
0.093399
0.114969
0.105491
0.107096
0.267111
0.126088
0.114894
0.104988
0.178164
0.10101
0.108822
0.103489
0.127197
0.14648
0.604721
0.0965821
0.143876
0.193281
0.106563
0.140213
0.102969
0.110131
0.149726
0.136845
0.189129
0.118622
0.101151
0.155299
0.112169
0.105558
0.117694
0.102147
0.646467
0.10475
0.128367
0.0963297
0.136338
0.151255
0.108625
0.100543
0.639299
0.163972
0.0940362
0.0898642
0.103375
0.10424
0.0983161
0.107963
0.113335
0.189228
0.151843
0.222928
0.128828
0.0926566
0.0940277
0.0921428
0.129121
0.115378
0.602069
0.132124
0.106708
0.114867
0.0908631
0.165071
0.115742
0.0969134
0.0939772
0.100371
0.106465
0.0891702
0.0928547
0.119044
0.123076
0.116748
0.0964356
0.106165
0.0981946
0.0902333
0.100844
0.106662
0.0981573
0.127355
0.129967
0.0963981
0.125231
0.092316
0.114877
0.102923
0.0908852
0.120396
0.0990095
0.107067
0.106292
0.11634
0.108533
0.0905441
0.141271
0.084444
0.148663
0.0670086
0.12019
0.115933
0.139818
0.0943625
0.0922188
0.110083
0.0881106
0.11702
0.0978098
0.10778
0.10618
0.134998
0.150877
0.110517
0.137325
0.143435
0.123308
0.156686
0.108625
0.111408
0.145697
0.810094
0.151633
0.134825
0.60439
0.155195
0.164793
0.109136
0.124988
0.104053
0.104072
0.0943757
0.0978563
0.109757
0.113941
0.653146
0.107248
0.623522
0.0965395
0.0917897
0.648291
0.119823
0.0916156
0.121351
0.104736
0.0966237
0.125622
0.106658
0.0821885
0.143944
0.172911
0.0868541
0.107659
0.674488
0.119755
0.640618
0.100724
0.0913149
0.097568
0.0958057
0.10039
0.0716196
0.622326
0.139029
0.0968667
0.137812
0.0975237
0.134696
0.0922179
0.104038
0.112888
0.0997381
0.116809
0.116508
0.0978229
0.802398
0.149757
0.111233
0.876056
0.158712
0.138702
0.120815
0.117651
0.109806
0.0980742
0.138058
0.105988
0.604825
0.141176
0.110844
0.140191
0.0962931
0.101595
0.102518
0.126028
0.0976312
0.108807
0.111144
0.111109
0.105696
0.0891785
0.113904
0.110248
0.108108
0.120528
0.0910292
0.0848382
0.11431
0.0994654
0.106118
0.175435
0.153649
0.148248
0.16858
0.0955011
0.101749
0.098288
0.0966714
0.0892076
0.138035
0.103959
0.108852
0.0832888
0.106091
0.0871088
0.0781815
0.100118
0.0966607
0.131778
0.091293
0.203564
0.1811
0.147235
0.0860987
0.0963242
0.695366
0.134301
0.107489
0.123319
0.0914545
0.111263
0.141653
0.140947
0.104621
0.0924078
0.111586
0.110662
0.653225
0.115549
0.100671
0.131159
0.125865
0.165435
0.142102
0.135511
0.140578
0.182596
0.151822
0.153052
0.126549
0.134487
0.278549
0.136121
0.14946
0.178823
0.153461
0.105786
0.0928813
0.108248
0.097527
0.126568
0.149418
0.606355
0.0942838
0.0899354
0.0998347
0.0846909
0.0909446
0.0956619
0.0877976
0.112496
0.0856161
0.12254
0.154668
0.0734953
0.082205
0.10149
0.0837895
0.0818471
0.102586
0.104353
0.135219
0.0785792
0.170109
0.11067
0.132968
0.717071
0.10521
0.0991593
0.674878
0.109271
0.120358
0.111403
0.159192
0.0852416
0.106183
0.659039
0.130302
0.091192
0.0897768
0.0992659
0.18838
0.129672
0.64178
0.0942668
0.127844
0.100339
0.111884
0.1068
0.161239
0.0873635
0.101923
0.0864147
0.146976
0.0989756
0.107818
0.119743
0.105368
0.108558
0.103696
0.596547
0.168399
0.108847
0.0832821
0.0988348
0.101856
0.10008
0.0842107
0.106164
0.0989129
0.145285
0.0948896
0.115548
0.118044
0.121855
0.0883321
0.112155
0.0989503
0.0951923
0.132116
0.106406
0.67502
0.0916643
0.0984833
0.124988
0.135461
0.110968
0.130985
0.0929241
0.114237
0.0991845
0.109398
0.0983165
0.0991026
0.130984
0.109676
0.0807242
0.153926
0.147539
0.094612
0.119193
0.0969207
0.0928433
0.0874892
0.0895182
0.150109
0.0921527
0.0801633
0.132279
0.102314
0.0829218
0.139055
0.120676
0.142072
0.0909185
0.101562
0.108087
0.0840157
0.0888031
0.11225
0.104347
0.121688
0.0922473
0.0785987
0.0852916
0.107008
0.104499
0.121353
0.0945914
0.104514
0.139704
0.110824
0.100762
0.104692
0.0956644
0.107051
0.103691
0.10868
0.0971166
0.104698
0.10781
0.714088
0.12685
0.197862
0.150331
0.176289
0.154403
0.102142
0.123443
0.124261
0.102615
0.11045
0.12291
0.088014
0.120109
0.0973142
0.123132
0.11015
0.118405
0.127786
0.136666
0.106375
0.112784
0.12913
0.10652
0.0970809
0.110014
0.114631
0.119276
0.0945225
0.0927408
0.111504
0.117453
0.112786
0.087818
0.126682
0.11538
0.150261
0.0807041
0.120979
0.0861912
0.170981
0.119611
0.11097
0.126912
0.117841
0.694624
0.11852
0.0910511
0.101497
0.0968711
0.102056
0.100728
0.0883287
0.0912492
0.0981431
0.0936244
0.0982024
0.0910013
0.163955
0.088618
0.0878308
0.0850354
0.104261
0.0798971
0.105806
0.134501
0.0960082
0.0909825
0.0911172
0.104232
0.0858684
0.620309
0.0795091
0.123886
0.100696
0.0876354
0.1032
0.0974441
0.107527
0.106515
0.0951029
0.116214
0.111999
0.0950613
0.106726
0.0913292
0.13853
0.100389
0.106154
0.118227
0.112077
0.112124
0.12235
0.13925
0.107327
0.110465
0.15689
0.0933277
0.108326
0.121781
0.12731
0.121671
0.0931621
0.100647
0.177864
0.0989024
0.202355
0.156925
0.112511
0.0908353
0.117891
0.159368
0.101233
0.10477
0.12822
0.0997492
0.118068
0.0962348
0.0938317
0.116315
0.681087
0.678588
0.160991
0.0829597
0.103772
0.0966322
0.166931
0.124577
0.120819
0.147188
0.134269
0.0912576
0.10571
0.0967127
0.0812658
0.127793
0.0930299
0.114146
0.0953825
0.131351
0.110921
0.125341
0.135336
0.0902406
0.110214
0.0977823
0.115634
0.114475
0.676165
0.107754
0.11734
0.131466
0.0985049
0.205802
0.104777
0.114985
0.138211
0.103348
0.0716031
0.127864
0.101111
0.136169
0.113257
0.0992386
0.106605
0.12294
0.13353
0.113914
0.10336
0.0982434
0.0979111
0.0959426
0.0912886
0.110558
0.116159
0.117149
0.0993217
0.0919047
0.0988254
0.0909738
0.122691
0.0894478
0.13349
0.0955318
0.105261
0.0831221
0.103024
0.10372
0.0650087
0.625437
0.0867649
0.0962247
0.10442
0.0728411
0.108938
0.100187
0.122621
0.110755
0.0922554
0.107767
0.095592
0.116007
0.147348
0.109744
0.159417
0.0955077
0.130725
0.125677
0.139517
0.190353
0.135097
0.0939032
0.13629
0.10377
0.101284
0.109593
0.148167
0.147928
0.164785
0.179588
0.12575
0.100739
0.119055
0.0915605
0.230129
0.120857
0.110113
0.0929361
0.109104
0.0948376
0.125019
0.144462
0.0802664
0.104154
0.0866371
0.161148
0.137259
0.104645
0.0907357
0.105626
0.0936411
0.138694
0.154558
0.221523
0.142695
0.0852778
0.131656
0.10612
0.12913
0.101377
0.0941124
0.163423
0.0959639
0.090707
0.127879
0.13148
0.0972025
0.139284
0.0908991
0.141297
0.12312
0.1344
0.26096
0.157869
0.13869
0.133642
0.13285
0.156711
0.0770894
0.0893131
0.106778
0.105746
0.138677
0.1167
0.126792
0.0870729
0.0882099
0.143272
0.246723
0.125827
0.130175
0.0844647
0.077547
0.0983183
0.12699
0.16569
0.110129
0.0963918
0.0888489
0.0873936
0.0849112
0.098612
0.623521
0.0977414
0.111203
0.116774
0.0867301
0.102897
0.0981209
0.0706077
0.0977707
0.16367
0.121224
0.101035
0.102447
0.0849511
0.0975997
0.120864
0.0975511
0.0936797
0.112463
0.124005
0.142199
0.112728
0.0902635
0.0997897
0.117268
0.105347
0.139881
0.220921
0.159389
0.632501
0.110056
0.127435
0.0978982
0.126037
0.114649
0.095754
0.125567
0.0906914
0.0827813
0.189928
0.112367
0.131626
0.124319
0.111798
0.186184
0.180739
0.085803
0.14009
0.109285
0.11767
0.101308
0.0826369
0.0702172
0.0855928
0.0979968
0.0931462
0.0847659
0.0913248
0.114856
0.0932418
0.107001
0.121558
0.125305
0.110915
0.0993268
0.106272
0.0909531
0.0826741
0.0922125
0.0906636
0.0955683
0.080287
0.134952
0.129627
0.112519
0.0903791
0.134062
0.104286
0.122085
0.174468
0.0881334
0.104111
0.0978422
0.102997
0.168057
0.100126
0.0797686
0.674441
0.628863
0.123508
0.116666
0.0771181
0.0846406
0.16986
0.102274
0.269822
0.127698
0.0999913
0.0966598
0.143429
0.132838
0.13934
0.121785
0.105858
0.147591
0.112853
0.108158
0.112167
0.171255
0.0886354
0.127664
0.145125
0.105249
0.145559
0.0934198
0.106632
0.132734
0.0904356
0.113757
0.102071
0.155549
0.112124
0.0951879
0.102565
0.108725
0.102285
0.112195
0.151351
0.150727
0.139082
0.100933
0.0853168
0.128496
0.604299
0.0872254
0.105058
0.0804122
0.668331
0.0997558
0.105683
0.111647
0.109369
0.105932
0.131041
0.124939
0.0926872
0.103046
0.13321
0.135668
0.0791152
0.123517
0.119002
0.0867342
0.0961264
0.104157
0.114019
0.0847616
0.119538
0.101567
0.0868773
0.0897813
0.078807
0.0954741
0.124517
0.0885456
0.0928938
0.0926966
0.104322
0.085644
0.10274
0.100807
0.0945173
0.0935667
0.0946881
0.114315
0.0989975
0.166039
0.0949646
0.0988351
0.108496
0.0878599
0.085931
0.0902134
0.0966374
0.728013
0.128018
0.100443
0.0743524
0.0888266
0.106785
0.655638
0.647252
0.096554
0.0933601
0.106348
0.0826635
0.121422
0.100604
0.0898398
0.168083
0.075243
0.111441
0.596701
0.0971004
0.13476
0.143946
0.0974853
0.072006
0.120606
0.119635
0.101187
0.103727
0.09242
0.109358
0.602433
0.109238
0.0826628
0.110412
0.0917768
0.118307
0.099215
0.0872782
0.112808
0.0999013
0.117415
0.100658
0.0843751
0.127159
0.101619
0.104961
0.090561
0.0991503
0.101961
0.130136
0.112247
0.112479
0.644019
0.107657
0.0875267
0.611578
0.126948
0.114974
0.0960713
0.114506
0.0930267
0.161466
0.126909
0.681075
0.111302
0.111937
0.091257
0.148772
0.147222
0.112811
0.136805
0.106721
0.155338
0.146431
0.201241
0.837088
0.12641
0.186182
0.124123
0.120312
0.0919258
0.13635
0.0988472
0.0943306
0.0842837
0.120729
0.0874758
0.121803
0.104202
0.111894
0.106785
0.0896189
0.686918
0.0931915
0.632676
0.10659
0.105749
0.0867887
0.132724
0.0823447
0.11036
0.0989641
0.124829
0.12094
0.0834555
0.119147
0.0824965
0.0815443
0.0961662
0.640143
0.15617
0.130054
0.127619
0.0922984
0.154195
0.100874
0.0958949
0.0840832
0.0975431
0.0995462
0.116925
0.210552
0.0815121
0.10661
0.0975772
0.110738
0.133042
0.114997
0.124524
0.115746
0.0990486
0.662548
0.085418
0.152259
0.15998
0.107792
0.0870446
0.112607
0.139231
0.157719
0.132643
0.11415
0.124092
0.138871
0.114066
0.103407
0.1197
0.0870622
0.713959
0.108766
0.0877133
0.11573
0.10404
0.122866
0.0891041
0.117559
0.104763
0.0939648
0.140658
0.098502
0.0860119
0.104232
0.6198
0.168035
0.122495
0.102653
0.0748274
0.0950533
0.104771
0.120602
0.109726
0.113976
0.133566
0.125789
0.107905
0.112498
0.10132
0.0890897
0.0911607
0.0882259
0.0984313
0.107123
0.639197
0.0872403
0.0934266
0.622187
0.075635
0.107993
0.126684
0.126748
0.0780989
0.101681
0.10544
0.0857213
0.141863
0.104191
0.11574
0.120591
0.123921
0.115055
0.10149
0.089746
0.117761
0.0917451
0.100929
0.0936896
0.108679
0.68559
0.108393
0.111831
0.0983775
0.139239
0.153965
0.104087
0.106314
0.0958939
0.115011
0.0932454
0.116684
0.0828585
0.0883038
0.0886657
0.107356
0.10158
0.112896
0.101802
0.136425
0.126988
0.0907668
0.0997918
0.098092
0.13307
0.115687
0.100595
0.131441
0.0994728
0.0899439
0.102224
0.0877087
0.0980017
0.0902066
0.112186
0.14482
0.0962025
0.133568
0.0929294
0.0875121
0.0958353
0.099233
0.106191
0.112691
0.0988096
0.140928
0.0904237
0.0731578
0.0819942
0.119464
0.0951547
0.131658
0.100951
0.0908649
0.105667
0.135788
0.0925885
0.129425
0.0976617
0.0845148
0.161015
0.0995119
0.260122
0.107198
0.118439
0.131169
0.122573
0.111186
0.11376
0.142834
0.101174
0.201809
0.114671
0.173155
0.128364
0.110462
0.0867683
0.109088
0.0973617
0.699368
0.137427
0.091373
0.114827
0.126915
0.106678
0.118419
0.0786523
0.10813
0.103334
0.0943301
0.12314
0.0893788
0.078671
0.133211
0.0795584
0.0909934
0.15894
0.159907
0.0918621
0.591329
0.0852035
0.111498
0.115339
0.0991584
0.0925569
0.0961938
0.109292
0.103544
0.113284
0.110255
0.0981218
0.108189
0.119195
0.0882685
0.077314
0.0882976
0.127213
0.113119
0.103937
0.129155
0.178732
0.111153
0.115566
0.115684
0.0824665
0.0923357
0.140721
0.163491
0.18212
0.131357
0.102245
0.115146
0.180937
0.212021
0.13296
0.0918727
0.168634
0.154386
0.090601
0.0790436
0.105162
0.0924652
0.634407
0.133134
0.14487
0.129215
0.1281
0.0961318
0.117573
0.121787
0.0852742
0.121464
0.112526
0.109754
0.0850326
0.0950264
0.0994983
0.0867432
0.0856885
0.0830282
0.0911079
0.103564
0.0998215
0.0817934
0.13285
0.103712
0.0810314
0.124786
0.0923035
0.627134
0.0812187
0.090077
0.0775525
0.0984929
0.63408
0.224891
0.122665
0.125545
0.118655
0.112032
0.0948619
0.101738
0.106058
0.110208
0.150768
0.15564
0.157078
0.192321
0.0798827
0.0845645
0.14539
0.0935969
0.103402
0.138714
0.096961
0.096941
0.129747
0.614602
0.131693
0.10669
0.156456
0.143779
0.147791
0.150045
0.143028
0.16098
0.157544
0.127122
0.141488
0.165727
0.144709
0.138803
0.131908
0.215705
0.145715
0.14321
0.14124
0.102274
0.0974408
0.10311
0.0948738
0.110954
0.0978596
0.111044
0.0957506
0.120067
0.0976142
0.151175
0.0987791
0.107022
0.0962985
0.131838
0.116513
0.119331
0.0875735
0.108889
0.095152
0.0963436
0.110184
0.0878272
0.102642
0.124554
0.0952221
0.104418
0.0987419
0.127503
0.0972765
0.131018
0.0888253
0.105263
0.111733
0.114372
0.103758
0.102588
0.104777
0.0987519
0.163435
0.114083
0.121378
0.0766732
0.115113
0.119341
0.667647
0.105169
0.120561
0.0926642
0.108594
0.110575
0.0866268
0.103901
0.0809539
0.10734
0.0949376
0.135026
0.101132
0.114052
0.0840327
0.106793
0.127615
0.10918
0.102221
0.125618
0.0907782
0.0907002
0.120123
0.142816
0.0762656
0.117401
0.0953761
0.115176
0.0875084
0.125082
0.104979
0.0821051
0.0936002
0.117532
0.0967563
0.0883344
0.111585
0.106277
0.0968913
0.106237
0.103747
0.10919
0.131426
0.162674
0.101991
0.13059
0.142625
0.0788949
0.110008
0.0951799
0.0852514
0.113747
0.100247
0.108927
0.132583
0.114626
0.122636
0.103171
0.0864089
0.111811
0.316842
0.105378
0.109263
0.105043
0.124469
0.0963343
0.157173
0.123582
0.124566
0.115167
0.106306
0.134191
0.0927749
0.0967661
0.0853191
0.106778
0.0997886
0.088437
0.205713
0.147456
0.140637
0.167424
0.0878774
0.0902678
0.136556
0.106369
0.0965844
0.11763
0.173473
0.127933
0.0963285
0.121695
0.105647
0.125338
0.115006
0.110738
0.120977
0.619167
0.115653
0.119987
0.122703
0.102481
0.122778
0.0978365
0.0954371
0.112992
0.12558
0.166713
0.0958188
0.146356
0.132262
0.0944087
0.564797
0.143421
0.102648
0.0811238
0.104138
0.136354
0.11547
0.132961
0.100246
0.125129
0.131112
0.12498
0.146806
0.116708
0.175033
0.094298
0.0828425
0.0775691
0.0940123
0.101909
0.0959433
0.210533
0.143128
0.128438
0.616586
0.139283
0.137901
0.0986942
0.135968
0.107959
0.104169
0.13592
0.0991886
0.113606
0.124467
0.0964372
0.636335
0.0915557
0.14299
0.0718244
0.0796806
0.0882166
0.140086
0.663553
0.13654
0.151864
0.0952281
0.0948756
0.0961472
0.115865
0.110237
0.10869
0.103376
0.0854409
0.0913557
0.111736
0.149116
0.105925
0.124851
0.160838
0.107426
0.103797
0.132341
0.0904287
0.0889454
0.105136
0.156623
0.0876679
0.0887872
0.128327
0.0958464
0.132979
0.0934546
0.134953
0.127288
0.197589
0.119788
0.114775
0.66877
0.103928
0.104238
0.101871
0.0991012
0.0845274
0.133606
0.0911377
0.106708
0.0855668
0.0862429
0.1119
0.0972748
0.270407
0.098194
0.167858
0.186054
0.123317
0.0940474
0.130438
0.112089
0.110174
0.0857966
0.126383
0.217894
0.0872858
0.103018
0.128632
0.125189
0.100457
0.0958348
0.154785
0.117378
0.0997351
0.155281
0.132666
0.115938
0.145431
0.109183
0.128975
0.0901408
0.118732
0.108864
0.12896
0.12312
0.114152
0.0982419
0.161748
0.129099
0.0951955
0.0916571
0.17779
0.108077
0.108304
0.103845
0.139063
0.157063
0.0956249
0.12753
0.102626
0.212143
0.111161
0.139192
0.143891
0.160904
0.0949732
0.153411
0.086962
0.101143
0.0942516
0.11204
0.118339
0.0993603
0.109662
0.0923257
0.0953885
0.104549
0.107896
0.092416
0.130483
0.137114
0.126225
0.0935522
0.0971758
0.115787
0.105293
0.0910065
0.0849243
0.116402
0.135635
0.107656
0.0864396
0.0923396
0.099587
0.0893489
0.100385
0.10674
0.102242
0.104671
0.085095
0.089047
0.0944179
0.113292
0.104675
0.0950556
0.0865618
0.0789482
0.0946034
0.156007
0.101494
0.103294
0.083772
0.11122
0.100273
0.11983
0.0905832
0.090682
0.0978866
0.0909013
0.110751
0.0816149
0.156416
0.100768
0.0923489
0.0858902
0.180391
0.085533
0.790195
0.688752
0.124587
0.0947425
0.122452
0.11401
0.113185
0.100043
0.104856
0.130217
0.133517
0.110299
0.122186
0.103647
0.105219
0.0934926
0.105218
0.0760569
0.115065
0.137274
0.103874
0.0885855
0.117986
0.0818366
0.122233
0.146023
0.0928811
0.0942039
0.0829667
0.73076
0.136799
0.138412
0.672441
0.648419
0.107547
0.104708
0.121903
0.0818888
0.119872
0.0971657
0.114336
0.0974997
0.089798
0.138268
0.106643
0.0781285
0.132335
0.0926178
0.103879
0.114568
0.122645
0.110928
0.116363
0.121899
0.112549
0.116513
0.103966
0.141861
0.100304
0.0882779
0.106419
0.631217
0.127775
0.154232
0.0890141
0.110618
0.0780177
0.0921281
0.102961
0.0960084
0.0922598
0.0882976
0.111099
0.10008
0.122421
0.111787
0.102949
0.104599
0.835696
0.279683
0.132948
0.0945499
0.124298
0.201271
0.126372
0.124989
0.135132
0.113307
0.134316
0.111677
0.117702
0.223643
0.112081
0.0878524
0.124005
0.739634
0.0885073
0.104425
0.125214
0.104399
0.114938
0.0941666
0.215163
0.0978146
0.122374
0.0967557
0.0962443
0.134435
0.143935
0.109225
0.100718
0.11293
0.186931
0.113137
0.118623
0.101657
0.104456
0.109896
0.110868
0.0962164
0.0796046
0.0902994
0.107403
0.103055
0.103946
0.0950104
0.109361
0.0990668
0.0818743
0.132873
0.105606
0.0833298
0.0916751
0.121178
0.0936573
0.119474
0.138886
0.0838416
0.114457
0.103368
0.10092
0.126816
0.10263
0.123343
0.120355
0.106882
0.11125
0.122847
0.243735
0.0978741
0.086084
0.107695
0.0784453
0.113273
0.0680917
0.114364
0.0947726
0.0928069
0.105789
0.0994071
0.0913401
0.10555
0.100703
0.106253
0.676235
0.159399
0.0932806
0.101503
0.0912433
0.0962201
0.113185
0.11207
0.0852668
0.665881
0.095953
0.0939088
0.110543
0.112319
0.0844485
0.125066
0.120093
0.127016
0.0871939
0.128917
0.106064
0.149619
0.0991303
0.104799
0.0936146
0.0956019
0.110107
0.0761407
0.128942
0.104842
0.0874237
0.138846
0.0919225
0.126368
0.122056
0.0934294
0.0927205
0.105986
0.129942
0.0953094
0.0929615
0.0868368
0.111737
0.691195
0.570662
0.121638
0.128198
0.122216
0.145234
0.118611
0.103987
0.0988074
0.133263
0.105108
0.0996658
0.0875136
0.110028
0.125951
0.083975
0.107375
0.086427
0.108731
0.111642
0.111879
0.108171
0.0988857
0.0937626
0.113128
0.108196
0.10752
0.121426
0.105853
0.146651
0.086992
0.118715
0.103725
0.0848417
0.155353
0.109814
0.0841072
0.1179
0.0933059
0.105663
0.103828
0.121279
0.0881802
0.0985864
0.115384
0.0907956
0.114332
0.105722
0.113097
0.578011
0.111146
0.121827
0.10336
0.119376
0.127796
0.124956
0.124561
0.108953
0.165056
0.116031
0.0973492
0.083765
0.10012
0.112075
0.104726
0.0801087
0.0872428
0.0949343
0.139238
0.654159
0.0930097
0.120285
0.090617
0.100086
0.0866203
0.0801804
0.642843
0.105814
0.148219
0.119934
0.132481
0.0903198
0.120251
0.104151
0.099845
0.114916
0.104268
0.0897682
0.0770719
0.169201
0.114547
0.139817
0.223941
0.108025
0.0862659
0.112747
0.0869584
0.126317
0.101948
0.132157
0.103126
0.109897
0.125635
0.122573
0.149788
0.105585
0.11614
0.108983
0.0878696
0.112271
0.111424
0.124009
0.0927592
0.0921227
0.0961681
0.122019
0.117845
0.0867537
0.127056
0.0811597
0.185357
0.114775
0.0937701
0.0916526
0.123015
0.111709
0.116423
0.0954112
0.113766
0.112359
0.146926
0.114328
0.123228
0.110566
0.0917313
0.104524
0.0787346
0.090563
0.0944149
0.102282
0.0861439
0.095747
0.133877
0.106486
0.0890841
0.100198
0.0862297
0.111712
0.115223
0.127035
0.0916302
0.110991
0.100599
0.0977537
0.0887147
0.127807
0.0955384
0.114463
0.111104
0.10533
0.084874
0.113821
0.123178
0.105302
0.0824013
0.0823437
0.102476
0.0992911
0.109914
0.083748
0.0719676
0.126561
0.124463
0.102326
0.11181
0.110032
0.126976
0.110878
0.121331
0.11333
0.0988347
0.117027
0.120957
0.107148
0.129102
0.0935811
0.107236
0.0996705
0.672317
0.122912
0.137036
0.0994648
0.0881336
0.162591
0.117379
0.131776
0.1919
0.104353
0.0754749
0.0891573
0.122518
0.231612
0.156954
0.0966926
0.157859
0.108858
0.0986519
0.113027
0.124876
0.0846081
0.100682
0.0932756
0.0969676
0.0919676
0.102403
0.0934829
0.100317
0.0962404
0.173884
0.121398
0.12962
0.129043
0.10162
0.115377
0.104388
0.11706
0.0862106
0.104633
0.0977315
0.119455
0.119667
0.0922201
0.0951891
0.0988479
0.0948384
0.11932
0.102039
0.106037
0.0938705
0.102023
0.111328
0.158523
0.103873
0.123431
0.0960631
0.0896082
0.0984573
0.304274
0.0888564
0.100944
0.0985216
0.116201
0.0831708
0.0867545
0.119126
0.105661
0.103581
0.111501
0.112566
0.0838458
0.113667
0.120568
0.10058
0.0935707
0.110339
0.1035
0.136409
0.127219
0.0882186
0.0985511
0.0792853
0.110931
0.17952
0.133317
0.0865706
0.125336
0.0912028
0.136754
0.102643
0.121148
0.112198
0.622219
0.0991859
0.0872381
0.118775
0.109785
0.0922824
0.128073
0.086583
0.133245
0.0902662
0.106655
0.117891
0.151187
0.152796
0.172664
0.16982
0.0868112
0.0865496
0.0983135
0.131997
0.109788
0.578182
0.128705
0.107865
0.192118
0.108985
0.123508
0.165014
0.145196
0.10531
0.114853
0.107574
0.149133
0.113941
0.215882
0.116976
0.115056
0.0949518
0.117237
0.124071
0.100592
0.0911676
0.127414
0.106579
0.113572
0.117132
0.0883776
0.0918904
0.0965738
0.126411
0.0933675
0.0959439
0.0920843
0.133913
0.0950652
0.107831
0.103053
0.104241
0.132881
0.126203
0.0937458
0.118902
0.231431
0.100236
0.156022
0.117787
0.154775
0.101893
0.362845
0.13961
0.117358
0.0805327
0.161478
0.11902
0.169909
0.118731
0.133588
0.137967
0.620614
0.108611
0.0959867
0.0898577
0.107157
0.134411
0.0977372
0.207165
0.093407
0.120235
0.0971111
0.10058
0.112058
0.0912785
0.0903242
0.124979
0.0937367
0.0867769
0.178342
0.0928168
0.168388
0.110945
0.140479
0.095569
0.111169
0.0988996
0.100435
0.0876015
0.104742
0.14017
0.119989
0.142914
0.191454
0.125447
0.10554
0.139269
0.1085
0.194819
0.13609
0.182312
0.116038
0.086905
0.614679
0.61573
0.598652
0.124981
0.12383
0.102354
0.112303
0.0926019
0.608194
0.610824
0.084149
0.0981075
0.109552
0.0888029
0.0829583
0.0988813
0.153586
0.109193
0.109499
0.114502
0.147878
0.0803312
0.158871
0.12084
0.0937399
0.137849
0.124413
0.11026
0.100854
0.112836
0.133203
0.104829
0.111392
0.123576
0.106616
0.0992981
0.145003
0.123757
0.0980884
0.126757
0.0941923
0.0952455
0.094884
0.110832
0.0833473
0.19226
0.0952572
0.112616
0.0999483
0.0984177
0.0910543
0.0991039
0.103433
0.11139
0.67167
0.0874954
0.0871567
0.211207
0.105033
0.0710364
0.113008
0.126139
0.106887
0.116345
0.107576
0.109497
0.123907
0.113716
0.124101
0.086908
0.118508
0.0935001
0.124083
0.12276
0.113142
0.202284
0.116679
0.0864972
0.103942
0.102218
0.620524
0.157437
0.101834
0.0930791
0.0789067
0.10768
0.105978
0.105637
0.105753
0.147684
0.132163
0.0861364
0.107698
0.128179
0.102891
0.14547
0.0816095
0.097023
0.0845626
0.190273
0.0892591
0.0993278
0.153645
0.146251
0.102164
0.125412
0.67579
0.135729
0.137518
0.133433
0.121414
0.143429
0.121992
0.117649
0.0933705
0.0987019
0.111714
0.088588
0.659639
0.116482
0.0859893
0.110781
0.0842863
0.0877927
0.110752
0.11789
0.0903159
0.0906243
0.102114
0.151609
0.097523
0.101262
0.0988096
0.0864417
0.116906
0.0907215
0.100022
0.082822
0.0986997
0.116527
0.0844157
0.102382
0.102382
0.104028
0.10492
0.0952854
0.0893442
0.0777718
0.084562
0.106133
0.102191
0.0899233
0.102474
0.101507
0.0956447
0.0751989
0.0849558
0.0850829
0.111606
0.0840819
0.0874666
0.148904
0.0886394
0.0900643
0.0844763
0.0981762
0.112271
0.0900235
0.0988667
0.078241
0.102307
0.116445
0.0922884
0.0954745
0.10977
0.128623
0.126248
0.128165
0.10969
0.0997702
0.107418
0.0905097
0.111003
0.0963473
0.0835036
0.136353
0.111607
0.102509
0.60508
0.0864609
0.130424
0.107579
0.114926
0.607587
0.110113
0.0873554
0.103897
0.0913905
0.137068
0.124172
0.13406
0.0963277
0.116462
0.0885383
0.144563
0.0965377
0.143338
0.0907339
0.111109
0.098281
0.105567
0.097914
0.0918806
0.12426
0.147592
0.0897077
0.0913875
0.087172
0.115012
0.123276
0.123222
0.0861382
0.114621
0.0901942
0.0981925
0.130283
0.111025
0.102984
0.109878
0.0794597
0.0917578
0.174623
0.114909
0.110448
0.107975
0.679398
0.167082
0.667554
0.10405
0.161312
0.0942158
0.0821576
0.12087
0.0969938
0.0850919
0.0784197
0.11895
0.108251
0.153822
0.100098
0.149783
0.0881247
0.0952956
0.110368
0.10452
0.0830922
0.105085
0.0982495
0.101248
0.0994712
0.145667
0.0954896
0.0948769
0.106932
0.131114
0.11155
0.632829
0.0940805
0.11492
0.108913
0.172932
0.124997
0.120867
0.121856
0.14856
0.124656
0.107929
0.130255
0.108911
0.133857
0.101359
0.11697
0.104573
0.0908117
0.0860554
0.143272
0.0917988
0.113813
0.107465
0.160838
0.117712
0.0938958
0.130662
0.0951745
0.127394
0.717431
0.116679
0.0927474
0.100232
0.139722
0.10881
0.131936
0.0996197
0.0947025
0.0947276
0.665356
0.113116
0.13639
0.106783
0.102047
0.110683
0.0945745
0.11925
0.12457
0.111856
0.105753
0.0980652
0.114826
0.120008
0.0958031
0.109821
0.109193
0.100761
0.112273
0.101959
0.619284
0.611904
0.10361
0.0861205
0.0845693
0.108751
0.110119
0.117284
0.112895
0.0860441
0.104492
0.0841589
0.132837
0.0835046
0.0804785
0.0945398
0.0955985
0.11389
0.125658
0.0901667
0.0982043
0.101062
0.10378
0.117389
0.0827646
0.164972
0.169478
0.107339
0.697986
0.201239
0.114872
0.599889
0.118528
0.673203
0.0841935
0.109926
0.0895451
0.607393
0.106856
0.113157
0.0808302
0.102097
0.124058
0.110272
0.109076
0.0866663
0.126687
0.180435
0.0978669
0.102726
0.106596
0.092939
0.0981075
0.172105
0.139232
0.1055
0.0805517
0.118776
0.109216
0.11402
0.108916
0.152232
0.114348
0.101194
0.106017
0.116441
0.0952962
0.634207
0.123093
0.143514
0.119899
0.1284
0.0865401
0.104441
0.117208
0.625322
0.111064
0.111666
0.112972
0.111506
0.0958471
0.085532
0.0925199
0.143311
0.0969782
0.109278
0.0873636
0.109334
0.107786
0.0847504
0.638023
0.141934
0.136922
0.0860582
0.109495
0.126268
0.106739
0.11296
0.110509
0.104576
0.111735
0.101597
0.110292
0.107304
0.10058
0.0847981
0.13961
0.150512
0.123165
0.08604
0.12828
0.107088
0.138394
0.10082
0.119776
0.611477
0.155547
0.136283
0.0881297
0.127968
0.0890943
0.0946085
0.12534
0.0893908
0.105688
0.129333
0.150581
0.100155
0.110152
0.115411
0.0935928
0.146347
0.107511
0.0988552
0.700776
0.0937125
0.0930978
0.0927161
0.105327
0.163837
0.116303
0.0990681
0.0983906
0.154427
0.115772
0.10897
0.113871
0.114815
0.0952837
0.137574
0.105156
0.11843
0.11636
0.115127
0.135438
0.144368
0.107383
0.576054
0.103361
0.0986856
0.12042
0.0735496
0.104894
0.10307
0.125906
0.12133
0.10768
0.0949007
0.0958943
0.0957999
0.118036
0.136476
0.0872061
0.121639
0.136239
0.125368
0.0779523
0.147265
0.126504
0.127957
0.0991821
0.67468
0.104537
0.094762
0.1051
0.0963927
0.0825793
0.0964044
0.0928373
0.102754
0.0936852
0.0985298
0.0903382
0.0951604
0.115924
0.121767
0.0750989
0.121197
0.114415
0.0959056
0.0839226
0.0941453
0.144386
0.123058
0.141249
0.093918
0.101757
0.0952716
0.0892197
0.105779
0.152007
0.12502
0.100386
0.121222
0.124409
0.119051
0.0761622
0.101853
0.0826308
0.0952736
0.129347
0.0935351
0.0804371
0.0955704
0.127088
0.0824603
0.114072
0.0837164
0.146344
0.0997293
0.10117
0.0975458
0.0960783
0.106744
0.0954701
0.121028
0.117815
0.109096
0.0905806
0.0890511
0.109575
0.112198
0.102469
0.646267
0.163328
0.0993819
0.103449
0.119537
0.114116
0.116609
0.0863209
0.105257
0.0946239
0.0939075
0.078401
0.107072
0.150057
0.111772
0.104698
0.133025
0.0888303
0.144113
0.0995373
0.087578
0.10166
0.134586
0.106071
0.0996144
0.0942891
0.115483
0.11276
0.0851603
0.0894363
0.12478
0.108324
0.591746
0.117869
0.0951493
0.123428
0.111564
0.114764
0.132821
0.108094
0.104034
0.165746
0.11929
0.104435
0.116297
0.1607
0.103696
0.110768
0.150289
0.103312
0.135387
0.111231
0.094754
0.140268
0.180129
0.0955735
0.11914
0.095741
0.114619
0.145464
0.138887
0.137195
0.116709
0.0923406
0.098793
0.16336
0.103108
0.101354
0.114443
0.0905978
0.100049
0.125345
0.102283
0.152301
0.113037
0.0963895
0.103107
0.0999253
0.107273
0.169395
0.0890765
0.0862606
0.094775
0.121624
0.135417
0.171292
0.145077
0.0835999
0.103929
0.079299
0.11338
0.0966177
0.108377
0.120634
0.0949251
0.109964
0.101334
0.0951624
0.111491
0.108257
0.111286
0.163469
0.183132
0.164828
0.141075
0.12984
0.144657
0.0889129
0.19281
0.136101
0.157423
0.119755
0.110274
0.0956312
0.122475
0.206481
0.112939
0.0978569
0.183328
0.128337
0.0938887
0.127284
0.106041
0.089448
0.0763489
0.0995482
0.125675
0.598491
0.121949
0.0964755
0.124173
0.0860807
0.0883901
0.159006
0.103069
0.0996609
0.0865838
0.114842
0.134393
0.121239
0.120364
0.105374
0.090279
0.102335
0.125965
0.097888
0.638153
0.153921
0.0856777
0.094949
0.111623
0.163767
0.163095
0.148615
0.171276
0.117546
0.107551
0.106524
0.123672
0.126016
0.123707
0.120207
0.09931
0.127643
0.153834
0.111345
0.10403
0.179179
0.0800992
0.152077
0.162043
0.14512
0.630268
0.0936988
0.0862013
0.130331
0.130247
0.0964837
0.106434
0.102631
0.117522
0.15184
0.105926
0.119344
0.0932062
0.0887649
0.121258
0.177257
0.123081
0.128741
0.108761
0.147681
0.10991
0.102676
0.110425
0.12899
0.120151
0.100768
0.152537
0.133498
0.144112
0.0930011
0.190829
0.101921
0.0853644
0.14973
0.116421
0.20396
0.147081
0.142277
0.0844728
0.113522
0.0892506
0.104452
0.1524
0.089519
0.0861948
0.111076
0.136778
0.0906402
0.0976953
0.113327
0.157875
0.0968006
0.11004
0.151705
0.137574
0.114488
0.104504
0.0939601
0.134801
0.108656
0.0981229
0.0901831
0.0929512
0.0962365
0.0996765
0.145141
0.118741
0.0884206
0.117672
0.111544
0.146689
0.084282
0.0908988
0.121646
0.0857537
0.123049
0.110286
0.116113
0.136001
0.658641
0.116957
0.134648
0.104897
0.0795953
0.108175
0.0926309
0.0988639
0.102916
0.125348
0.118928
0.137836
0.0975026
0.109799
0.0887418
0.184135
0.125877
0.676704
0.114502
0.102066
0.140069
0.153786
0.095735
0.132659
0.116433
0.125127
0.145331
0.143791
0.139353
0.123426
0.146363
0.094893
0.113355
0.104886
0.107752
0.0933754
0.135694
0.122642
0.0982754
0.117344
0.119915
0.132208
0.100499
0.155338
0.105473
0.0946439
0.124887
0.128112
0.122767
0.099362
0.0814413
0.114328
0.106601
0.116912
0.125181
0.117121
0.0876238
0.100073
0.103583
0.129099
0.108855
0.111798
0.127184
0.12146
0.131641
0.127031
0.165072
0.124936
0.114708
0.110694
0.113547
0.153396
0.0877489
0.138761
0.11062
0.0926515
0.10378
0.0863206
0.144538
0.115345
0.0842523
0.106351
0.598516
0.0857061
0.0868135
0.105011
0.0866609
0.1081
0.104879
0.0983689
0.125325
0.122161
0.122214
0.0970403
0.0977432
0.0949864
0.124882
0.0935276
0.11928
0.106786
0.101585
0.0891338
0.0822565
0.120408
0.0913456
0.109118
0.0767509
0.0768176
0.0975068
0.106736
0.121649
0.104867
0.096228
0.109155
0.0906432
0.0965091
0.109561
0.0933473
0.0811991
0.100204
0.0826434
0.127082
0.0948394
0.111181
0.102637
0.0811321
0.168279
0.0933308
0.649299
0.130772
0.108168
0.0928186
0.0963395
0.118961
0.118503
0.112427
0.0865346
0.128948
0.101267
0.114891
0.154001
0.141157
0.155407
0.119145
0.132165
0.153614
0.138499
0.113184
0.122531
0.0971179
0.10223
0.10736
0.150144
0.100071
0.10299
0.0995199
0.135558
0.094661
0.1329
0.157881
0.110933
0.0996211
0.131371
0.105124
0.0967214
0.115248
0.122802
0.0890411
0.0918462
0.112227
0.173975
0.0905488
0.103723
0.182248
0.0853085
0.128277
0.610195
0.0995169
0.102777
0.0859185
0.106826
0.0866479
0.135754
0.133049
0.0963227
0.0993544
0.124578
0.133089
0.093152
0.0940335
0.112995
0.16598
0.0916874
0.131696
0.0991987
0.114188
0.10864
0.11186
0.100711
0.116549
0.143106
0.0879904
0.11722
0.106914
0.0763673
0.0976132
0.11187
0.0986161
0.13873
0.129948
0.0748889
0.0985014
0.0915314
0.109074
0.0862447
0.124926
0.136276
0.114733
0.653451
0.164041
0.167912
0.17078
0.110729
0.0911384
0.159709
0.120838
0.0866418
0.101669
0.076818
0.0865761
0.0990795
0.0973781
0.0830334
0.129929
0.105519
0.143899
0.170303
0.132442
0.136642
0.112288
0.087611
0.104667
0.108734
0.0838834
0.110436
0.0986751
0.668363
0.0996979
0.111021
0.1387
0.0928409
0.0986944
0.115687
0.119581
0.111356
0.132354
0.0827077
0.086414
0.164129
0.108837
0.101767
0.0839719
0.110523
0.159977
0.0989041
0.0935465
0.139986
0.125355
0.160744
0.0853125
0.122544
0.0980951
0.119902
0.122003
0.0854484
0.0810172
0.157278
0.107093
0.115565
0.114666
0.157929
0.10434
0.112822
0.140262
0.183099
0.0951185
0.103008
0.112051
0.0928122
0.096142
0.0901102
0.123605
0.114187
0.128087
0.0728465
0.107619
0.0907034
0.0794624
0.0796158
0.0996004
0.0954613
0.108801
0.664164
0.0975535
0.0827802
0.613954
0.104653
0.0978003
0.14885
0.106099
0.0989723
0.0925899
0.630734
0.125918
0.143986
0.0935982
0.101596
0.609691
0.123214
0.129306
0.129485
0.0925309
0.0946104
0.109264
0.107924
0.109959
0.0993532
0.128724
0.112739
0.0977565
0.139602
0.130765
0.0860983
0.0962406
0.0940976
0.0958402
0.132678
0.106346
0.117906
0.13808
0.0935276
0.142548
0.105069
0.153115
0.113405
0.100174
0.6824
0.0786335
0.120459
0.108328
0.114254
0.108391
0.131906
0.108811
0.191145
0.176537
0.09656
0.127536
0.147534
0.129023
0.0954486
0.0938857
0.116727
0.104104
0.0920842
0.100678
0.0912376
0.109558
0.626572
0.113735
0.100274
0.142102
0.126076
0.0818268
0.12194
0.106571
0.131479
0.571654
0.106929
0.100082
0.19549
0.0983294
0.144759
0.0916493
0.0985913
0.115768
0.100535
0.111556
0.161698
0.127716
0.167552
0.0964145
0.104745
0.116421
0.105654
0.10439
0.112621
0.121271
0.116204
0.13772
0.102121
0.105959
0.102917
0.0879369
0.0723763
0.128531
0.100024
0.114957
0.136935
0.079839
0.119647
0.0902896
0.130034
0.111658
0.141279
0.0816655
0.121735
0.107079
0.0754016
0.107403
0.102284
0.102657
0.105019
0.100833
0.140894
0.0945909
0.215176
0.106242
0.115159
0.0998263
0.110803
0.10118
0.0941442
0.127573
0.113178
0.110275
0.109515
0.093622
0.11159
0.10157
0.156937
0.0991957
0.0926099
0.143412
0.124906
0.148421
0.124496
0.1414
0.112611
0.0921569
0.107438
0.0985951
0.115898
0.117302
0.091357
0.0966468
0.0830424
0.100938
0.134845
0.144853
0.166031
0.113363
0.105785
0.111863
0.637418
0.0976763
0.0874581
0.096848
0.129913
0.0995557
0.0998935
0.10441
0.0893847
0.098015
0.094834
0.083052
0.0898547
0.0903737
0.100263
0.0792045
0.172031
0.110155
0.120451
0.103595
0.0939903
0.0917779
0.0971826
0.0978915
0.0984103
0.124097
0.0961441
0.124999
0.122485
0.0807756
0.0841073
0.0878919
0.0880663
0.104372
0.127572
0.0819839
0.127199
0.0869088
0.0894649
0.0831711
0.0965049
0.0986527
0.100486
0.123351
0.125993
0.128071
0.14805
0.101908
0.0980262
0.0903248
0.125805
0.0840827
0.118253
0.149364
0.0897638
0.107339
0.0892026
0.158312
0.100058
0.0996111
0.083428
0.128642
0.146021
0.117107
0.0927223
0.121824
0.158528
0.0911115
0.13412
0.126078
0.0874597
0.119648
0.128939
0.148159
0.0770233
0.118041
0.0869026
0.100803
0.0915426
0.092049
0.0879545
0.0769386
0.0978182
0.104732
0.136755
0.110056
0.104432
0.110183
0.113408
0.107646
0.134395
0.123925
0.0975062
0.125882
0.112403
0.11339
0.0920423
0.129772
0.109363
0.0997133
0.088874
0.0923912
0.104797
0.0769197
0.0872671
0.0951705
0.0915692
0.0888942
0.105029
0.697804
0.0994336
0.118302
0.154232
0.10996
0.165315
0.103371
0.710811
0.147954
0.12763
0.161235
0.131854
0.105017
0.117725
0.112168
0.0914562
0.0968617
0.0959312
0.0959409
0.125286
0.0960186
0.103397
0.161428
0.111229
0.116013
0.0836621
0.11292
0.112275
0.114011
0.107843
0.134971
0.10867
0.103006
0.104367
0.163595
0.0957023
0.121021
0.0845405
0.125655
0.145939
0.0944994
0.0874438
0.105155
0.104581
0.0982909
0.104959
0.0992814
0.107069
0.113362
0.107587
0.62041
0.0900243
0.0947858
0.0956676
0.0922107
0.11829
0.142499
0.120953
0.11208
0.22204
0.128591
0.119345
0.135127
0.224657
0.165455
0.100565
0.105587
0.0977029
0.106738
0.0939905
0.144718
0.11751
0.102338
0.124648
0.0875037
0.119276
0.115868
0.12075
0.137717
0.194557
0.107647
0.134959
0.14396
0.11725
0.119483
0.106902
0.166651
0.130093
0.12306
0.129671
0.106236
0.0933123
0.12026
0.110303
0.114868
0.104292
0.0992066
0.122009
0.145997
0.177303
0.12067
0.11598
0.122007
0.613882
0.124228
0.129567
0.126984
0.0952446
0.118573
0.130864
0.215586
0.185433
0.128346
0.106864
0.113518
0.103313
0.114614
0.113443
0.148444
0.132673
0.108745
0.659463
0.102977
0.116501
0.126865
0.0963206
0.156403
0.101156
0.135449
0.10446
0.138963
0.0942643
0.109284
0.145594
0.0755252
0.117767
0.120093
0.084515
0.0853939
0.112684
0.126751
0.122579
0.0898541
0.108834
0.215918
0.0894982
0.103744
0.107883
0.127949
0.0819351
0.156797
0.0934228
0.0987313
0.133821
0.105284
0.0906903
0.643354
0.0979923
0.128177
0.153998
0.102094
0.106
0.118571
0.146612
0.109361
0.170968
0.11066
0.109903
0.0949787
0.0893377
0.0872804
0.196683
0.104854
0.168308
0.0914509
0.0870155
0.123925
0.108867
0.0972276
0.0877428
0.100251
0.0937076
0.124846
0.0841419
0.119354
0.136816
0.0915276
0.101087
0.0985224
0.0909406
0.0734063
0.0960293
0.118794
0.0918834
0.0975153
0.153347
0.0914726
0.110385
0.0880524
0.106206
0.654324
0.114362
0.0885316
0.0862351
0.104066
0.145055
0.119095
0.110204
0.0868882
0.0974575
0.101027
0.095546
0.714214
0.166017
0.0834778
0.0958944
0.0927613
0.101367
0.083292
0.119404
