0.168948
0.0796867
0.0901606
0.0866531
0.127436
0.169019
0.147168
0.14481
0.13147
0.0675197
0.0996387
0.0495432
0.1974
0.193772
0.0732915
0.00964084
0.146495
0.113912
0.252741
0.0622822
0.217287
0.108417
0.126427
0.0851705
0.0378703
0.0524722
0.0345511
0.0788211
0.155198
0.144285
0.0592349
0.0770666
0.170687
0.14114
0.0848579
0.115213
0.105493
0.074753
0.145435
0.14066
0.0419406
0.0871881
0.137906
0.133061
0.0924472
0.0639621
0.104389
0.0927836
0.186739
0.0827681
0.120482
0.179547
0.150699
0.110274
0.0268467
0.0387419
0.12837
0.0784913
0.0043029
0.104495
0.126784
0.112131
0.132646
0.0527048
0.137314
0.132227
0.121078
0.104687
0.0951963
0.147502
0.174644
0.0632265
0.0733652
0.0635866
0.102707
0.103823
0.0493828
0.0774452
0.102141
0.128719
0.105201
0.120716
0.13874
0.0906481
0.0135893
0.102351
0.0614144
0.0179814
0.0313419
0.17123
0.103406
0.0370223
0.0520358
0.0146793
0.125055
0.116618
0.167804
0.120566
0.0504244
0.0702651
0.0787467
0.0288947
0.137452
0.0983151
0.0669529
0.111124
0.0885723
0.0386714
0.150343
0.156534
0.114748
0.125902
0.170405
0.0981911
0.0282813
0.0624322
0.0411397
0.127649
0.0941668
0.0811739
0.113836
0.218418
0.0945085
0.0887252
0.0500362
0.107455
0.118049
0.178288
0.0974557
0.0732364
0.145398
0.0879848
0.0739687
0.0296636
0.0725794
0.0137387
0.0973015
0.0321985
0.0814268
0.15151
0.103217
0.165579
0.10837
0.24282
0.184671
0.134099
0.225148
0.0280557
0.0461029
0.0858308
0.0533118
0.120615
0.10182
0.0340357
0.0338028
0.133762
0.146917
0.108848
0.0689359
0.187581
0.14863
0.156112
0.0193202
0.0339723
0.242485
0.0303777
0.0540875
0.127072
0.0498821
0.109392
0.109071
0.0189998
0.0540091
0.108789
0.045114
0.0557623
0.0991804
0.154316
0.196977
0.075885
0.0265092
0.0239563
0.0504335
0.331168
0.166639
0.0961362
0.072715
0.0280246
0.13872
0.0826793
0.0913816
0.0219158
0.1145
0.0500181
0.147888
0.0790096
0.00805305
0.112669
0.0295062
0.149822
0.0966505
0.144692
0.0836548
0.0961962
0.179966
0.0826994
0.0801062
0.107455
0.125166
0.0266246
0.133754
0.141984
0.106685
0.0525514
0.223002
0.0852652
0.102259
0.051214
0.0719123
0.133236
0.0341463
0.0490826
0.0578724
0.09628
0.0882299
0.112325
0.130699
0.115797
0.0323996
0.0673391
0.105373
0.093931
0.101125
0.0300402
0.126158
0.0725401
0.142159
0.170142
0.188087
0.165216
0.107049
0.0633728
0.0859423
0.11549
0.0775213
0.141502
0.0776814
0.117707
0.156193
0.152264
0.19628
0.116318
0.136526
0.0976712
0.047871
0.0998171
0.170232
0.112133
0.115069
0.240991
0.0502418
0.194729
0.0467844
0.068861
0.128521
0.10782
0.0960978
0.131367
0.0836204
0.0841513
0.143388
0.101786
0.169047
0.153423
0.035791
0.0158937
0.0341916
0.0950205
0.0298772
0.14949
0.193858
0.0954716
0.108743
0.0569335
0.143669
0.232992
0.102136
0.198442
0.0841015
0.11259
0.0870118
0.165564
0.12846
0.148948
0.135934
0.0969618
0.0350801
0.0548056
0.105448
0.0585734
0.0867428
0.129025
0.0442149
0.146679
0.137611
0.0587134
0.128781
0.0521097
0.128337
0.158229
0.153803
0.126964
0.115674
0.0775818
0.0444238
0.0544444
0.0616798
0.0395082
0.0536692
0.0970651
0.129142
0.0438382
0.170493
0.127495
0.0494883
0.431245
0.0296216
0.0606255
0.0984244
0.102282
0.194767
0.0824414
0.097139
0.135846
0.209129
0.0724435
0.151393
0.103646
0.124857
0.148857
0.0716305
0.0215794
0.0361804
0.0524606
0.192607
0.0376092
0.0474157
0.0522909
0.0872409
0.170289
0.171106
0.097759
0.157137
0.0980176
0.0123794
0.0610813
0.113574
0.083383
0.040163
0.0543394
0.143581
0.0154812
0.0109681
0.0849168
0.0698686
0.0816067
0.0285812
0.0957203
0.023674
0.113336
0.0333143
0.107461
0.100865
0.156254
0.0785862
0.182051
0.0863447
0.157624
0.107668
0.031999
0.129168
0.198663
0.163827
0.112827
0.187055
0.124349
0.170172
0.0175466
0.215579
0.166604
0.119889
0.0409392
0.12838
0.206418
0.0797465
0.0537164
0.089237
0.0782441
0.112052
0.094219
0.0329366
0.180229
0.0543483
0.084175
0.144224
0.0728005
0.0562825
0.181148
0.164957
0.0840787
0.179486
0.148845
0.13519
0.137115
0.0606739
0.0479863
0.0556141
0.148959
0.0978517
0.0787193
0.0935125
0.0886665
0.0830601
0.18196
0.12599
0.164335
0.122299
0.0531225
0.113363
0.109668
0.0901751
0.126082
0.0996039
0.0990338
0.0648014
0.105923
0.0962159
0.165283
0.0657229
0.0971018
0.141261
0.122164
0.0637817
0.120824
0.170341
0.023241
0.109796
0.100443
0.162621
0.150476
0.106893
0.0536165
0.142971
0.0191377
0.122492
0.0435356
0.0947595
0.0620066
0.139619
0.0977307
0.107481
0.0888484
0.101293
0.17378
0.107327
0.141379
0.111518
0.136507
0.08169
0.172208
0.0948672
0.130745
0.188408
0.0716237
0.0875576
0.0746889
0.123716
0.0199517
0.0334026
0.031843
0.0979062
0.122018
0.190635
0.0923022
0.126575
0.0844823
0.0737573
0.0923697
0.10351
0.132632
0.133826
0.0752111
0.135381
0.118367
0.0852235
0.063868
0.12168
0.0959692
0.0823914
0.0953996
0.16362
0.0206057
0.0946646
0.0400228
0.129102
0.0217043
0.0714458
0.0707281
0.094586
0.0593274
0.0974022
0.168235
0.110018
0.11898
0.0849952
0.0373633
0.147701
0.200283
0.233657
0.263485
0.0326935
0.047152
0.0913492
0.0623496
0.161569
0.0409168
0.178423
0.120267
0.158887
0.0654774
0.15593
0.0248273
0.0315043
0.00727373
0.125324
0.136939
0.264795
0.0696511
0.138406
0.109103
0.0553527
0.250279
0.170629
0.12812
0.160183
0.128282
0.174502
0.0295811
0.0909281
0.059576
0.0848448
0.035029
0.0738872
0.13648
0.0891388
0.171845
0.0700041
0.0426991
0.0431172
0.0483256
0.0778259
0.0794478
0.166942
0.0632209
0.116685
0.0432819
0.143281
0.168776
0.165614
0.215356
0.161581
0.0868362
0.11877
0.0535657
0.0570871
0.00775131
0.0929677
0.0686292
0.0767863
0.119278
0.055819
0.220962
0.121904
0.0517256
0.154403
0.10451
0.0249564
0.0379427
0.0881334
0.0193555
0.180021
0.020563
0.0583093
0.184929
0.130981
0.0172118
0.135279
0.0695816
0.0639713
0.0773835
0.0333297
0.113739
0.0931546
0.0962678
0.0324961
0.0556907
0.131244
0.091669
0.037256
0.0773566
0.144008
0.094924
0.0629872
0.102257
0.0120911
0.0541879
0.0913259
0.0756256
0.181586
0.125768
0.0606199
0.106734
0.0169461
0.209601
0.0532594
0.1941
0.0818464
0.188709
0.027549
0.0615745
0.128115
0.0407592
0.147758
0.206996
0.176132
0.097588
0.161432
0.0686999
0.180031
0.164155
0.0262531
0.203007
0.155385
0.112592
0.0580187
0.0317837
0.0841975
0.050093
0.0447722
0.087981
0.111255
0.0297136
0.0584376
0.0390627
0.0148373
0.102489
0.205766
0.136837
0.135723
0.129865
0.14864
0.0757307
0.0619243
0.0807325
0.0650181
0.0475823
0.115236
0.143957
0.189686
0.178193
0.0447327
0.16567
0.197285
0.0313147
0.060356
0.249909
0.119929
0.131923
0.146442
0.0605003
0.0816704
0.0326632
0.117683
0.027855
0.168641
0.0578858
0.176169
0.117331
0.163833
0.0460196
0.0896769
0.112207
0.0697666
0.0419643
0.0898594
0.0419554
0.079289
0.206557
0.115865
0.0154522
0.0877623
0.0547936
0.0846877
0.0942933
0.16217
0.0287236
0.0480481
0.0854467
0.000649268
0.0773194
0.0935968
0.141395
0.0835296
0.13106
0.0338324
0.129239
0.0604635
0.129129
0.111904
0.130249
0.0969603
0.0564633
0.0467768
0.117648
0.0731348
0.173747
0.241101
0.0767136
0.0964413
0.10135
0.0881245
0.0203633
0.114782
0.0541561
0.0846273
0.182856
0.137379
0.050559
0.108593
0.0958063
0.0788183
0.110624
0.107118
0.151965
0.186815
0.192794
0.0808684
0.137511
0.184689
0.229778
0.176572
0.0762022
0.141902
0.0880682
0.0674027
0.116964
0.222254
0.146266
0.075935
0.0733111
0.0857167
0.162341
0.110307
0.0826465
0.0597354
0.134596
0.0997596
0.0258678
0.150803
0.162899
0.114403
0.0795673
0.170929
0.0191631
0.0534271
0.0744668
0.0891387
0.046027
0.0464968
0.027918
0.0479475
0.0992374
0.0235133
0.0922729
0.0593901
0.122034
0.0987414
0.0878496
0.0897844
0.115967
0.0422204
0.0313892
0.121604
0.0979482
0.0883378
0.0583949
0.143995
0.0323472
0.0798279
0.0898894
0.053221
0.0445591
0.1535
0.0870527
0.0294071
0.114446
0.110407
0.238582
0.0942686
0.103838
0.139575
0.125112
0.0728579
0.152386
0.130396
0.0386721
0.106832
0.0403675
0.086006
0.0178008
0.044528
0.102816
0.0360689
0.0819087
0.078776
0.0625721
0.126961
0.185543
0.1259
0.17296
0.0965179
0.207094
0.110134
0.19734
0.0934978
0.142056
0.113658
0.0182254
0.11913
0.0765428
0.114782
0.129242
0.0349467
0.0382078
0.0595049
0.0909367
0.125235
0.177766
0.0924818
0.0688967
0.131669
0.0541533
0.0908651
0.122009
0.0625693
0.0587304
0.142078
0.115442
0.155768
0.0313943
0.110822
0.106348
0.0409791
0.0399958
0.18596
0.0124291
0.0741161
0.11931
0.0991684
0.0855553
0.162371
0.138184
0.0854204
0.129623
0.036168
0.164619
0.130275
0.0700592
0.0850535
0.12638
0.0391278
0.140482
0.103728
0.219824
0.0634859
0.0345385
0.132254
0.171099
0.0978861
0.110407
0.0430669
0.135255
0.107374
0.0577467
0.177745
0.0837906
0.0578657
0.146898
0.199123
0.108747
0.0862545
0.10412
0.0994129
0.0478524
0.0701703
0.181158
0.131764
0.202089
0.130524
0.117792
0.0584919
0.108284
0.0831416
0.121394
0.0892122
0.156241
0.227163
0.0105056
0.0709224
0.0942724
0.0873883
0.286501
0.117872
0.0483796
0.147299
0.108119
0.197487
0.175643
0.199919
0.0470734
0.0606791
0.160288
0.0410417
0.131871
0.0968023
0.0660809
0.0832473
0.0836527
0.0370104
0.247117
0.223258
0.0469104
0.0865084
0.130133
0.212571
0.202626
0.117083
0.0310606
0.126854
0.0376786
0.103237
0.111914
0.0593471
0.100318
0.107363
0.0926189
0.118934
0.101242
0.0150181
0.115219
0.0240942
0.0865103
0.148426
0.0407831
0.111741
0.0412226
0.142061
0.16655
0.203164
0.143118
0.143301
0.0493159
0.135247
0.1177
0.0766456
0.2324
0.0823775
0.0241764
0.173928
0.0990266
0.0872042
0.13484
0.137719
0.0905662
0.0992846
0.0995948
0.0748171
0.0458158
0.0920677
0.0579753
0.0923699
0.151176
0.0400784
0.0936745
0.218673
0.0945479
0.0920489
0.062273
0.143751
0.120112
0.0866142
0.129108
0.0783738
0.128377
0.176809
0.117127
0.122898
0.13516
0.0523059
0.117635
0.195106
0.0943739
0.15134
0.0458276
0.118369
0.114823
0.0782223
0.0728317
0.0379751
0.159644
0.134051
0.0265501
0.0939298
0.076615
0.133488
0.0478648
0.162339
0.0843425
0.127433
0.0914415
0.0650887
0.0187909
0.0442652
0.184518
0.0608278
0.172902
0.121583
0.0745557
0.114982
0.018314
0.198305
0.0740621
0.0728067
0.121764
0.146985
0.131082
0.0518609
0.159751
0.0532527
0.0405528
0.0591952
0.175524
0.0764793
0.0853671
0.0803155
0.10213
0.127665
0.175846
0.103969
0.0549743
0.104476
0.0863877
0.0719312
0.104846
0.0725696
0.0820294
0.0666148
0.0990373
0.0784633
0.0966293
0.0862254
0.165504
0.112357
0.0771661
0.129786
0.0976812
0.0513238
0.121563
0.109655
0.0807391
0.09807
0.117994
0.123942
0.102182
0.203243
0.0447283
0.175471
0.154712
0.145829
0.122048
0.127327
0.0675101
0.19889
0.114288
0.170489
0.147014
0.149287
0.0590423
0.067204
0.177395
0.151965
0.15385
0.108104
0.183948
0.0370951
0.16099
0.186269
0.201791
0.114063
0.165662
0.0623033
0.0665616
0.149874
0.042687
0.094845
0.0604178
0.100845
0.101315
0.0466955
0.180855
0.243322
0.143747
0.117692
0.0693574
0.0746251
0.110604
0.0609038
0.160948
0.205582
0.153433
0.0539969
0.079482
0.13591
0.119659
0.115506
0.11552
0.0791322
0.0999691
0.0839901
0.048336
0.16543
0.106928
0.136422
0.0259844
0.0160149
0.0484124
0.0946279
0.2173
0.145775
0.0233377
0.122876
0.0800055
0.0728925
0.0671408
0.067206
0.144347
0.0874279
0.228087
0.152596
0.0504013
0.101848
0.148907
0.080639
0.153359
0.0561071
0.077758
0.163365
0.21264
0.217072
0.228958
0.2179
0.0991969
0.0704678
0.0646551
0.0388879
0.0905173
0.142668
0.117613
0.135734
0.0290627
0.0627082
0.106311
0.00914626
0.053264
0.0593889
0.113415
0.0372028
0.0882476
0.12431
0.0280598
0.096488
0.0986843
0.158574
0.132143
0.165265
0.1175
0.100493
0.0192104
0.186953
0.0901663
0.0916999
0.134606
0.0542533
0.0537944
0.153527
0.0200287
0.179012
0.147181
0.0824955
0.220894
0.0423255
0.0152662
0.0385108
0.058805
0.0735904
0.0757056
0.0684288
0.0863405
0.129382
0.0724823
0.215072
0.0866289
0.061357
0.193406
0.0698103
0.158531
0.156388
0.115167
0.0956396
0.0599361
0.135649
0.0860252
0.0952189
0.111283
0.116417
0.0307145
0.0983826
0.178687
0.253619
0.0824414
0.113333
0.0170701
0.0919856
0.161209
0.0206937
0.141606
0.210361
0.0757429
0.103027
0.0359381
0.189702
0.046423
0.228516
0.0564306
0.215644
0.0131169
0.142332
0.117132
0.151668
0.234124
0.0754245
0.125936
0.0623512
0.0713482
0.140315
0.025856
0.0548466
0.0189821
0.12525
0.0870635
0.0696155
0.145532
0.0376232
0.0284369
0.0904355
0.0860461
0.0810835
0.176929
0.104059
0.0808322
0.147783
0.148881
0.0428269
0.140931
0.183659
0.0398901
0.0753558
0.0110131
0.136603
0.0744502
0.0403762
0.10564
0.141088
0.0656019
0.0900614
0.0523035
0.052578
0.0318488
0.153892
0.164402
0.0553815
0.0740253
0.112374
0.117743
0.112476
0.0945955
0.0807266
0.0811747
0.0472373
0.122612
0.0824755
0.109474
0.123702
0.0801489
0.132364
0.16074
0.122874
0.0991937
0.00993445
0.143823
0.0930796
0.0860461
0.0639031
0.116394
0.0719588
0.0962228
0.0616458
0.0481832
0.107648
0.0817759
0.113605
0.0980513
0.169442
0.178102
0.0258637
0.0742211
0.159731
0.0560256
0.109207
0.109699
0.115313
0.12927
0.0651041
0.091851
0.0719379
0.0636841
0.116314
0.105951
0.109762
0.166408
0.158868
0.0799246
0.0499169
0.036184
0.0641431
0.132519
0.0581624
0.153269
0.0577828
0.108499
0.175977
0.0752593
0.0715506
0.119462
0.0699399
0.0995573
0.0233135
0.067438
0.137479
0.086567
0.0196807
0.0881398
0.133554
0.0771625
0.0547953
0.0369598
0.160902
0.205621
0.1598
0.0422114
0.279659
0.0788665
0.0521959
0.258326
0.083711
0.0655794
0.0548278
0.0833168
0.0784128
0.0331825
0.0538173
0.131215
0.079764
0.169976
0.029404
0.0638777
0.0875867
0.0868896
0.0718848
0.200515
0.138429
0.128694
0.0849178
0.163854
0.016635
0.0795853
0.0773972
0.0967494
0.0628422
0.182723
0.208688
0.0832464
0.0688842
0.0600483
0.115239
0.0996356
0.0943299
0.092033
0.081775
0.0481221
0.0448721
0.0994783
0.0808149
0.101891
0.12252
0.0664604
0.0476429
0.147802
0.0917244
0.0726793
0.133107
0.104456
0.114212
0.0437357
0.0704617
0.173917
0.247126
0.182441
0.145433
0.0204359
0.0388639
0.23215
0.0286659
0.137024
0.0816171
0.176639
0.0907365
0.0426332
0.142247
0.0290303
0.0386836
0.224383
0.0920645
0.0339725
0.0598705
0.0739439
0.0293554
0.227124
0.0749194
0.0697096
0.129738
0.205092
0.0949963
0.0816817
0.111994
0.0816452
0.0408765
0.194837
0.0430378
0.225947
0.0806967
0.115408
0.0676061
0.143622
0.0838027
0.123039
0.0203649
0.073005
0.0499315
0.107803
0.145623
0.0924141
0.0336534
0.137295
0.141737
0.208202
0.0448166
0.0480875
0.102778
0.204004
0.103361
0.0463297
0.0726499
0.069231
0.138122
0.071993
0.121963
0.260377
0.172845
0.137185
0.179947
0.150264
0.166622
0.0363862
0.0480507
0.088066
0.0902781
0.0840723
0.179422
0.104301
0.171406
0.0809694
0.00440153
0.0743033
0.163078
0.0816541
0.0981394
0.0839701
0.135336
0.0964157
0.0272616
0.062975
0.032438
0.151066
0.12665
0.167223
0.142592
0.171295
0.0845967
0.125781
0.110313
0.119476
0.121505
0.0844284
0.0934203
0.149163
0.0980783
0.0617681
0.0761601
0.0622637
0.0709133
0.0542143
0.0662392
0.0816749
0.0435494
0.175303
0.18093
0.131845
0.0165356
0.18436
0.143024
0.177768
0.138999
0.116843
0.120327
0.0979964
0.0870282
0.104968
0.0294044
0.114094
0.0324089
0.0992315
0.0633085
0.201519
0.0569796
0.117603
0.180165
0.0613995
0.0819486
0.0813395
0.0698577
0.111269
0.147919
0.0909365
0.087577
0.0979191
0.101132
0.153054
0.141692
0.106176
0.141913
0.128502
0.0983525
0.0170795
0.0619811
0.0839421
0.0804442
0.00558613
0.220446
0.0309158
0.078564
0.154636
0.135488
0.147311
0.0416892
0.0211892
0.0343427
0.124262
0.201594
0.0687619
0.0699026
0.136672
0.0994454
0.073091
0.0770655
0.0606412
0.133677
0.239433
0.10795
0.0717187
0.100723
0.0630764
0.198978
0.151312
0.060056
0.197831
0.120971
0.190719
0.179145
0.0470825
0.0308129
0.207471
0.0261676
0.0597916
0.141087
0.099547
0.047853
0.0549083
0.0750051
0.0465904
0.155965
0.0826611
0.00131109
0.0123361
0.00752912
0.117055
0.155861
0.0789621
0.0692761
0.125784
0.1239
0.109908
0.0140052
0.162119
0.0766442
0.146935
0.0993951
0.034978
0.257902
0.0971716
0.105047
0.0487711
0.0840832
0.0131465
0.0700459
0.0812948
0.0553165
0.216496
0.134628
0.107724
0.0231911
0.115785
0.0723415
0.0264031
0.102701
0.113587
0.0283662
0.128574
0.0370505
0.0867252
0.0920895
0.149407
0.11297
0.134211
0.123133
0.139241
0.0891595
0.12322
0.0761247
0.0988303
0.107554
0.170442
0.0897591
0.110192
0.149916
0.0124027
0.157036
0.0156673
0.15153
0.155737
0.102883
0.145935
0.0341005
0.0313801
0.118239
0.215615
0.273664
0.0249679
0.0307372
0.108026
0.0882
0.02715
0.0883376
0.0374136
0.0292687
0.0916059
0.167908
0.0987788
0.123377
0.0139316
0.185078
0.17019
0.19433
0.0238158
0.0447073
0.140862
0.0928256
0.0568828
0.0335966
0.145165
0.137012
0.0237647
0.0515743
0.0444016
0.0740438
0.129147
0.14862
0.0781794
0.0826219
0.147566
0.112083
0.0694757
0.173026
0.0568551
0.0244427
0.0446402
0.144337
0.131283
0.0619198
0.197433
0.131234
0.125178
0.0677052
0.021466
0.119526
0.051034
0.167901
0.0661444
0.125692
0.0586471
0.0964629
0.153515
0.0184115
0.235991
0.120078
0.162381
0.048696
0.0834128
0.138858
0.0575173
0.24233
0.0342308
0.0433484
0.0395484
0.0487552
0.167846
0.143876
0.0113395
0.129441
0.129033
0.113154
0.102252
0.0543297
0.15077
0.176221
0.0490821
0.0811759
0.0863226
0.180759
0.126184
0.0513791
0.101982
0.141906
0.0755846
0.0827008
0.133083
0.132635
0.117575
0.0482492
0.128241
0.0421249
0.0971549
0.144794
0.244039
0.100296
0.149142
0.194151
0.14142
0.0758727
0.0767357
0.0832848
0.0708308
0.177164
0.188833
0.472021
0.0409429
0.167365
0.0868585
0.0509514
0.0773773
0.0398426
0.0671079
0.133774
0.0844803
0.0777342
0.111661
0.158646
0.188884
0.0780892
0.0863216
0.208966
0.0227051
0.143183
0.104083
0.0728254
0.0451143
0.0308613
0.0540148
0.0844426
0.11266
0.173055
0.0812795
0.102153
0.125079
0.195723
0.192162
0.0815684
0.180362
0.00433783
0.046415
0.183517
0.150699
0.167747
0.0933962
0.0990581
0.0594586
0.0264446
0.118997
0.129562
0.0217591
0.0458858
0.0392581
0.0555004
0.156822
0.0121307
0.143443
0.165299
0.143148
0.148109
0.0960822
0.0644254
0.114706
0.268061
0.111274
0.118173
0.0522972
0.123864
0.0167026
0.171352
0.130757
0.122792
0.132842
0.112011
0.0965415
0.0677391
0.126584
0.0512615
0.0230889
0.163371
0.0756706
0.0277244
0.0891571
0.165097
0.044347
0.0528289
0.0842427
0.12478
0.109121
0.140427
0.094272
0.0454343
0.0486019
0.0658378
0.140172
0.0601774
0.0731399
0.0361075
0.140232
0.0545392
0.0430573
0.143645
0.0769405
0.103453
0.107989
0.113194
0.0910957
0.181027
0.0925516
0.0243022
0.0857129
0.0695777
0.0379797
0.228263
0.0564863
0.0156988
0.0228314
0.187666
0.243219
0.122933
0.106855
0.0745936
0.0713575
0.0634807
0.0873544
0.0622366
0.156388
0.0742092
0.229494
0.0738565
0.101974
0.0496398
0.169318
0.0735572
0.180822
0.0834384
0.0131947
0.0942091
0.0265226
0.0588621
0.0739685
0.188019
0.109498
0.110294
0.0582768
0.04905
0.154844
0.0629942
0.097947
0.0506184
0.0624319
0.0300979
0.0379222
0.152421
0.104364
0.0156465
0.0929931
0.0701604
0.0344738
0.123253
0.113225
0.0447953
0.161008
0.0913928
0.134076
0.16223
0.172559
0.0816912
0.15977
0.0478908
0.0362466
0.117322
0.110512
0.164441
0.125077
0.0569727
0.0348461
0.164179
0.115262
0.175704
0.0510158
0.0772446
0.122657
0.156883
0.0463531
0.107922
0.0926726
0.118933
0.0576728
0.123475
0.0547841
0.0722887
0.188769
0.104231
0.0831692
0.0613219
0.006997
0.151318
0.108241
0.136606
0.093255
0.13603
0.0738309
0.0377163
0.101411
0.0861611
0.0191592
0.144561
0.144869
0.0504039
0.0611419
0.068804
0.0673804
0.102596
0.0967808
0.0821213
0.119532
0.0999058
0.0815243
0.103111
0.0715629
0.120087
0.116295
0.197393
0.0157383
0.142796
0.0728231
0.0440783
0.0445081
0.132968
0.0457642
0.103285
0.077617
0.0912968
0.0721999
0.145106
0.13168
0.0892828
0.122165
0.117115
0.0808183
0.120976
0.0370523
0.127033
0.0598077
0.0353245
0.0917326
0.0320305
0.154758
0.0308445
0.127084
0.014737
0.0787237
0.121429
0.0983921
0.124126
0.101784
0.0966519
0.231813
0.118904
0.0624866
0.102872
0.382827
0.153339
0.154321
0.078597
0.156486
0.186593
0.0166489
0.0985035
0.0793871
0.120068
0.0799667
0.13608
0.0890272
0.0455774
0.100612
0.0683615
0.124627
0.0519218
0.0898723
0.177177
0.122242
0.112516
0.146334
0.0356287
0.109431
0.0987822
0.045097
0.0330771
0.170878
0.0262683
0.0283767
0.126276
0.044147
0.052182
0.186869
0.113085
0.164837
0.127653
0.0572656
0.0362543
0.0387758
0.106693
0.193865
0.148582
0.0770282
0.224696
0.0657236
0.0400342
0.0707128
0.0463213
0.218587
0.0958233
0.083088
0.0824358
0.0218224
0.137597
0.138999
0.091989
0.115011
0.15064
0.0578103
0.117449
0.116155
0.0666151
0.135228
0.0916374
0.149879
0.104255
0.153627
0.0601072
0.00832587
0.144235
0.0696766
0.0324862
0.0810957
0.172732
0.100258
0.118711
0.0323187
0.0442286
0.164394
0.110596
0.0679097
0.185898
0.0949208
0.120925
0.068689
0.18548
0.145195
0.0906735
0.148604
0.14938
0.0823201
0.0888429
0.0760797
0.185681
0.0214416
0.095779
0.0590409
0.269509
0.137629
0.124685
0.148984
0.125589
0.193016
0.109179
0.183088
0.172425
0.0693179
0.116506
0.068694
0.112219
0.210711
0.142087
0.0640626
0.101363
0.119607
0.209895
0.131273
0.0858993
0.146308
0.153092
0.161832
0.0285865
0.0597809
0.200684
0.0776372
0.160486
0.0872186
0.148161
0.0949383
0.0585681
0.118785
0.0614501
0.145082
0.152895
0.147388
0.0638243
0.112653
0.0709751
0.0733149
0.0665944
0.0607095
0.0480908
0.190841
0.158595
0.129828
0.154132
0.0455897
0.152034
0.0705149
0.0720558
0.141623
0.0459626
0.106334
0.067819
0.10135
0.0689702
0.070399
0.00301791
0.143625
0.0714062
0.173951
0.192236
0.155868
0.140667
0.117175
0.0780444
0.0733689
0.121225
0.0905245
0.156304
0.159582
0.0242061
0.137937
0.0655584
0.165732
0.0369625
0.0556681
0.0856234
0.105128
0.10346
0.0814258
0.118636
0.124878
0.0526497
0.123533
0.160636
0.0848574
0.0654578
0.087776
0.111543
0.104299
0.0360818
0.152603
0.0580076
0.114731
0.13141
0.0225518
0.019833
0.0699855
0.114021
0.203333
0.0447391
0.121988
0.136093
0.147384
0.137822
0.0434021
0.0816999
0.133123
0.0749322
0.132596
0.0881946
0.107115
0.17684
0.0546057
0.154584
0.0623188
0.106368
0.164644
0.110147
0.147991
0.13472
0.252145
0.120837
0.0674325
0.0988927
0.0318081
0.189088
0.116451
0.0839909
0.0959394
0.0533826
0.157805
0.0814951
0.110091
0.0704454
0.182203
0.109998
0.0734308
0.0500591
0.208921
0.0886355
0.0950073
0.0493677
0.221008
0.12125
0.16548
0.0324237
0.13755
0.034595
0.0858938
0.0557911
0.0754093
0.120442
0.164827
0.0556928
0.13858
0.0683298
0.0887139
0.137924
0.132904
0.165306
0.0739502
0.0407134
0.0770992
0.0496131
0.165795
0.151635
0.122972
0.0706592
0.0670177
0.153528
0.161644
0.0511493
0.0867563
0.150107
0.138569
0.13011
0.10732
0.17565
0.00716508
0.0504521
0.0835286
0.0485558
0.0806378
0.146611
0.0638258
0.0874748
0.0942584
0.122506
0.105173
0.0632979
0.241513
0.16566
0.0197144
0.0663333
0.164463
0.0710415
0.0897204
0.109902
0.107751
0.210597
0.101063
0.0346194
0.0151679
0.0767185
0.0377243
0.0500431
0.0115156
0.0939472
0.030243
0.0187152
0.0723103
0.16097
0.234224
0.045183
0.0251152
0.150005
0.182633
0.0672269
0.101434
0.119899
0.0841542
0.0474198
0.281591
0.0838246
0.147073
0.161379
0.185687
0.0820187
0.0368678
0.104311
0.069204
0.233646
0.0759903
0.0707845
0.137649
0.0911406
0.0301162
0.077426
0.12155
0.166288
0.0933125
0.168998
0.183432
0.116739
0.142301
0.0687648
0.118507
0.118575
0.0437142
0.0836419
0.0239275
0.003083
0.108843
0.0767908
0.116366
0.17076
0.125419
0.0812777
0.115742
0.0402308
0.159663
0.0826567
0.0663399
0.0969138
0.0784585
0.15267
0.133684
0.113452
0.209116
0.0573483
0.0941086
0.0482344
0.139854
0.0802777
0.0819628
0.0517378
0.0483367
0.129879
0.0845226
0.111075
0.0546388
0.0708804
0.0982489
0.12291
0.115392
0.106797
0.0920552
0.0815646
0.13971
0.0824029
0.0464907
0.0945532
0.0493764
0.0360135
0.0948353
0.116934
0.0600284
0.0509931
0.0528381
0.0856395
0.106052
0.123078
0.0313542
0.107648
0.0668697
0.129229
0.0986929
0.106813
0.0518398
0.109822
0.118341
0.0733296
0.0431229
0.0402375
0.111265
0.0725222
0.11151
0.0183608
0.00212279
0.205095
0.0902027
0.0231318
0.0968157
0.0291672
0.0426708
0.0526948
0.066973
0.0399604
0.0308503
0.0955165
0.0311556
0.158131
0.169051
0.148249
0.0399201
0.0781221
0.202827
0.0229805
0.0804825
0.123691
0.157742
0.152467
0.0919252
0.0636017
0.0808734
0.0582044
0.0305228
0.0902591
0.177682
0.146816
0.0931056
0.0907722
0.109672
0.0741539
0.0690747
0.0417882
0.111186
0.0212686
0.0452042
0.0871858
0.130113
0.0499206
0.118059
0.0521784
0.0759763
0.0872038
0.174388
0.0456229
0.116299
0.0974332
0.0778195
0.127609
0.0776429
0.0893067
0.131842
0.111428
0.0469095
0.143322
0.0325838
0.041457
0.0973388
0.111877
0.0837425
0.0491743
0.079367
0.116264
0.166573
0.149723
0.111603
0.0888993
0.0452256
0.0776128
0.0515723
0.0647762
0.0792097
0.0869374
0.0998901
0.120988
0.0478598
0.139903
0.0789204
0.027251
0.133211
0.0596237
0.0176218
0.0212673
0.0296935
0.0941146
0.0942262
0.0103116
0.0548633
0.0380446
0.0835632
0.0570313
0.154094
0.0226325
0.116979
0.160811
0.176881
0.101539
0.089518
0.145493
0.0934602
0.0944055
0.0543777
0.0234364
0.127308
0.247501
0.153752
0.123828
0.1577
0.152356
0.117011
0.183423
0.117313
0.0998269
0.149729
0.129839
0.119016
0.157019
0.122359
0.149732
0.135588
0.0723499
0.121713
0.0991623
0.0562981
0.138445
0.155604
0.133571
0.139103
0.0707205
0.167852
0.135165
0.0115565
0.0414328
0.0441031
0.164064
0.022689
0.0542493
0.0606981
0.0430005
0.175455
0.0653573
0.0797478
0.121261
0.0684975
0.0157877
0.264945
0.247849
0.093755
0.106616
0.124469
0.153577
0.197317
0.0736714
0.134964
0.11033
0.0540143
0.0581314
0.0733194
0.0736716
0.0438493
0.0583552
0.111466
0.112639
0.0752234
0.0866918
0.0866523
0.157381
0.115089
0.15482
0.140823
0.0133171
0.0240372
0.0730799
0.236356
0.0852921
0.0760324
0.104715
0.0186957
0.106328
0.0466709
0.126378
0.049399
0.109021
0.172138
0.107685
0.180495
0.0658305
0.15486
0.0503058
0.081505
0.120395
0.0436298
0.121925
0.132318
0.0901205
0.124168
0.10143
0.0992253
0.0223046
0.0906233
0.0696431
0.133426
0.0810195
0.0999413
0.0526502
0.126358
0.0457614
0.043305
0.0869484
0.147745
0.0664749
0.106944
0.0974696
0.164723
0.200736
0.150942
0.0518108
0.152828
0.110068
0.119387
0.208381
0.0398306
0.0559714
0.136276
0.124643
0.143836
0.106666
0.113813
0.0820766
0.0658433
0.0929343
0.0757703
0.0958024
0.0540336
0.0307981
0.0812926
0.0603113
0.103319
0.0574139
0.0547406
0.0169288
0.0501638
0.154716
0.167163
0.059253
0.0973336
0.110001
0.0858753
0.184602
0.0287051
0.0771356
0.0929255
0.180318
0.0688831
0.0332064
0.0314981
0.167726
0.0620824
0.195485
0.23727
0.032088
0.0202712
0.0862569
0.187983
0.0897689
0.0538022
0.11371
0.0662032
0.152172
0.108706
0.0123356
0.13335
0.173165
0.143492
0.10196
0.0670942
0.0744912
0.0492912
0.0438236
0.140661
0.102996
0.131469
0.0306134
0.156113
0.106348
0.171182
0.146321
0.0870655
0.107834
0.0853785
0.186651
0.13635
0.0855037
0.138918
0.17785
0.0999516
0.112655
0.128841
0.0899216
0.0377752
0.125721
0.0976144
0.0633907
0.0372485
0.0863328
0.0493585
0.0294186
0.0299776
0.102113
0.107174
0.129877
0.0767383
0.022267
0.0877579
0.108708
0.0153154
0.0785055
0.0257933
0.0943281
0.0358793
0.0995043
0.0525064
0.155163
0.196069
0.114064
0.0813442
0.0680882
0.210799
0.170709
0.147476
0.0767696
0.101498
0.129072
0.0634757
0.0756183
0.0141399
0.086585
0.0751376
0.0711019
0.0881123
0.179016
0.0500185
0.128055
0.256736
0.0122068
0.0722265
0.101668
0.028939
0.06863
0.119464
0.241414
0.104191
0.0601098
0.0925453
0.113683
0.0815387
0.0962451
0.122542
0.148868
0.119989
0.0593653
0.0474779
0.03814
0.148022
0.120076
0.106502
0.178599
0.0913964
0.106152
0.107971
0.0850942
0.0947752
0.0929109
0.112722
0.110678
0.178508
0.107834
0.0356709
0.385564
0.249856
0.117245
0.153827
0.0395676
0.0237826
0.0801538
0.0417082
0.209005
0.146167
0.0385201
0.0386012
0.21638
0.10727
0.131993
0.0302942
0.0476705
0.0531561
0.132235
0.104156
0.0880757
0.128211
0.0186939
0.056585
0.0814024
0.0345012
0.164451
0.132051
0.0443247
0.0138741
0.162722
0.206564
0.0698182
0.121316
0.0599815
0.12509
0.223251
0.0368746
0.123241
0.27391
0.134033
0.11208
0.114683
0.058666
0.120235
0.0607535
0.104328
0.109806
0.158628
0.167659
0.205735
0.0663333
0.215823
0.101342
0.0809793
0.0809518
0.111807
0.0636391
0.153137
0.0646109
0.0364036
0.0869343
0.01439
0.0769865
0.0981971
0.014544
0.122234
0.0467617
0.133339
0.0396399
0.0857077
0.0957719
0.187185
0.0415148
0.135852
0.111645
0.0308853
0.143052
0.0937703
0.139403
0.0295535
0.0339891
0.150103
0.0976443
0.085719
0.0210472
0.0482097
0.0721602
0.0572868
0.0926719
0.070677
0.0409945
0.145747
0.153731
0.138316
0.0787814
0.205314
0.127523
0.0355555
0.0377876
0.140209
0.172602
0.211233
0.151535
0.0323393
0.0765258
0.0150238
0.0855454
0.166294
0.163692
0.0388459
0.0485657
0.0484626
0.0963754
0.122688
0.157703
0.139885
0.106665
0.11484
0.133298
0.0840378
0.211868
0.0551155
0.0799646
0.144162
0.0230262
0.154685
0.122955
0.15179
0.0481357
0.0904765
0.178217
0.09938
0.11686
0.11404
0.0240855
0.100828
0.0717931
0.124373
0.0989316
0.121875
0.064064
0.115997
0.109801
0.188452
0.143337
0.0889318
0.0765824
0.0235677
0.164025
0.0366584
0.0691152
0.0460234
0.092819
0.125516
0.0971911
0.128623
0.171294
0.0757351
0.206116
0.128942
0.0987392
0.0351012
0.0633298
0.0864844
0.104016
0.0447012
0.0875197
0.097178
0.189933
0.0332842
0.0932218
0.180712
0.156053
0.0951712
0.042693
0.0508135
0.06998
0.0500713
0.130332
0.0745875
0.100858
0.112226
0.0786171
0.102311
0.156422
0.0641493
0.0573309
0.0480466
0.133033
0.11954
0.102095
0.0781523
0.135931
0.115022
0.111703
0.0884586
0.143236
0.103003
0.0922014
0.0192392
0.121174
0.103259
0.132932
0.100989
0.128885
0.166208
0.0777587
0.0266917
0.0616665
0.128985
0.109448
0.0572791
0.218061
0.0900447
0.115614
0.0615842
0.16718
0.146362
0.0874396
0.0553922
0.0769954
0.154476
0.0443449
0.13457
0.0525271
0.0669623
0.183243
0.0465847
0.06369
0.196436
0.116958
0.15625
0.133265
0.0238301
0.210803
0.027962
0.230589
0.0329292
0.0694323
0.022602
0.0952783
0.17408
0.158062
0.134997
0.0355023
0.107918
0.103247
0.0496101
0.0630985
0.107135
0.152888
0.0582249
0.055656
0.0273733
0.131928
0.110559
0.070716
0.184092
0.0566074
0.0889423
0.0484839
0.0544336
0.142834
0.0410957
0.0951428
0.0923088
0.0558985
0.0869837
0.144613
0.119417
0.0556084
0.0582899
0.0699157
0.149344
0.0785695
0.148398
0.0717722
0.116711
0.0160343
0.0814261
0.0990511
0.152992
0.119233
0.0462822
0.201072
0.168927
0.115191
0.156655
0.0311048
0.100585
0.164261
0.0162657
0.0846453
0.0350653
0.0986743
0.181341
0.0271663
0.0173279
0.065547
0.120708
0.165966
0.126197
0.0640731
0.122728
0.00448185
0.144875
0.201579
0.0969068
0.127893
0.0585109
0.116579
0.0616365
0.0476911
0.234089
0.133653
0.0708902
0.0414596
0.178327
0.0637998
0.140516
0.049996
0.0354267
0.169546
0.0500011
0.0832305
0.120039
0.0777965
0.108619
0.117653
0.138932
0.141371
0.124585
0.0534763
0.147588
0.136427
0.0236802
0.0830672
0.17391
0.0700008
0.147568
0.0649538
0.104737
0.100988
0.0825345
0.0607921
0.119112
0.015384
0.14238
0.1075
0.06477
0.0782445
0.111583
0.090463
0.0889379
0.0698894
0.141293
0.0484546
0.0883717
0.0227095
0.115177
0.124857
0.145788
0.071406
0.0591165
0.0213508
0.117641
0.098443
0.0670792
0.059898
0.0900166
0.0681418
0.121229
0.13794
0.0572703
0.138773
0.0742688
0.0994877
0.0190389
0.111516
0.115286
0.116453
0.0989579
0.0981106
0.175429
0.172364
0.126562
0.138903
0.0902547
0.118583
0.130819
0.0712366
0.0894765
0.07709
0.13288
0.0596878
0.0793737
0.121611
0.175222
0.0638119
0.134948
0.0953011
0.0924956
0.132559
0.133352
0.106116
0.032056
0.0284482
0.0369549
0.0846495
0.158983
0.0945
0.0277166
0.0624338
0.119189
0.0268281
0.19632
0.152193
0.0975577
0.0950883
0.0922293
0.0381234
0.175994
0.101774
0.174064
0.0143987
0.0951275
0.0795139
0.123262
0.0929214
0.100003
0.083469
0.104299
0.0717194
0.0442426
0.142664
0.107378
0.109174
0.0847927
0.077887
0.159153
0.0670113
0.0183593
0.0609302
0.161244
0.134555
0.187643
0.130614
0.0711194
0.165826
0.0619924
0.122327
0.0314322
0.0536703
0.121509
0.115855
0.0887308
0.0328489
0.147612
0.145865
0.135952
0.0784892
0.15932
0.07684
0.130524
0.129831
0.0396845
0.0742879
0.096141
0.101762
0.0428871
0.141238
0.130134
0.0420123
0.104113
0.189166
0.111864
0.052519
0.130287
0.116454
0.0482326
0.0479767
0.128543
0.0525563
0.167834
0.0656035
0.116704
0.0774555
0.0874553
0.0820443
0.148657
0.0882006
0.143932
0.0785476
0.030148
0.10225
0.114188
0.109399
0.075863
0.0252278
0.0810509
0.058451
0.028676
0.0813302
0.125656
0.042889
0.0691675
0.0235342
0.125217
0.159857
0.154031
0.0919605
0.138234
0.0379924
0.108483
0.217388
0.0645348
0.157291
0.0578607
0.0602484
0.0739651
0.0684497
0.0952298
0.244664
0.0626991
0.0365059
0.0661819
0.0998241
0.0175876
0.112096
0.11966
0.126983
0.0665437
0.160135
0.0900979
0.0602276
0.0690848
0.0346373
0.124876
0.0573077
0.102842
0.221052
0.181401
0.109019
0.179825
0.0851963
0.152857
0.123083
0.123136
0.0833205
0.116269
0.16438
0.0696949
0.100766
0.172229
0.0156298
0.0287298
0.0947916
0.0657186
0.133687
0.117066
0.105153
0.0358013
0.164281
0.103149
0.126156
0.115696
0.169009
0.0266591
0.157274
0.101934
0.0612635
0.029585
0.0563135
0.0454142
0.094319
0.108304
0.12592
0.122636
0.129331
0.043535
0.147961
0.0915514
0.120947
0.171896
0.116513
0.0813188
0.119255
0.118713
0.12631
0.102113
0.101687
0.0864781
0.0828872
0.08763
0.0839252
0.0707529
0.164583
0.095009
0.0785769
0.121636
0.134332
0.138314
0.040842
0.0882858
0.0785378
0.196469
0.0370376
0.233104
0.138742
0.0169545
0.186813
0.150444
0.153175
0.0427574
0.0965838
0.166622
0.111655
0.1653
0.193005
0.067965
0.032466
0.134513
0.112622
0.13771
0.0589118
0.0233846
0.141675
0.090199
0.0961404
0.0821104
0.0520442
0.157957
0.0393778
0.158785
0.0826628
0.131078
0.0978603
0.0960517
0.139841
0.0843352
0.11004
0.077404
0.10766
0.100519
0.0758609
0.122838
0.0875993
0.0257651
0.0906163
0.0778101
0.0787153
0.127013
0.0913063
0.0436926
0.13347
0.0551183
0.0586274
0.152937
0.098657
0.105999
0.133447
0.127322
0.174944
0.0896958
0.0271705
0.0924121
0.0708537
0.095183
0.0131739
0.0995566
0.0388579
0.135741
0.0656038
0.135501
0.0750886
0.179085
0.0713531
0.0311589
0.133426
0.0499892
0.178779
0.106643
0.0467559
0.0648054
0.0249769
0.116245
0.07785
0.0639343
0.0659928
0.0373571
0.0825081
0.124024
0.0552988
0.162887
0.115478
0.106267
0.0500107
0.0861516
0.0810238
0.201499
0.255902
0.105087
0.0634348
0.0344258
0.0223727
0.132246
0.0309714
0.184881
0.19482
0.119914
0.121265
0.0576207
0.118691
0.13978
0.0839123
0.0435136
0.0504974
0.0966546
0.0756203
0.0785909
0.165825
0.0510219
0.158155
0.08121
0.0787634
0.0736972
0.128394
0.0231678
0.0302235
0.0656328
0.0707665
0.109108
0.055196
0.0892023
0.0550292
0.0272924
0.124819
0.251356
0.0786544
0.141522
0.0329898
0.282335
0.0632641
0.13645
0.0352105
0.104738
0.132225
0.154559
0.183945
0.100124
0.229863
0.22133
0.144997
0.0720231
0.187808
0.114303
0.0355639
0.104004
0.0494025
0.164493
0.0777542
0.124915
0.095193
0.115377
0.0496445
0.175707
0.167379
0.0549893
0.140877
0.056969
0.218451
0.0816565
0.129831
0.091988
0.0514352
0.14916
0.105135
0.120929
0.161828
0.0579771
0.0233355
0.0416723
0.084088
0.0558854
0.162608
0.0690631
0.17849
0.167446
0.0213609
0.030126
0.0727704
0.137892
0.117087
0.0951498
0.110285
0.0737154
0.0937528
0.136727
0.138136
0.123139
0.0337349
0.14329
0.136949
0.111429
0.0469882
0.0494805
0.26355
0.112104
0.139314
0.0404117
0.081675
0.0630292
0.0930324
0.0794546
0.0707773
0.121228
0.0395769
0.105374
0.0646467
0.0330459
0.240214
0.111448
0.186831
0.0857593
0.0795329
0.193526
0.178631
0.101074
0.0637533
0.0924856
0.128568
0.087543
0.116383
0.117104
0.0847129
0.155993
0.0838586
0.129921
0.137434
0.0379225
0.0973786
0.106793
0.108535
0.0358412
0.0544033
0.0724613
0.0870886
0.159465
0.0857949
0.123788
0.122989
0.0882488
0.126262
0.144053
0.0914475
0.0833454
0.0955087
0.160387
0.0541061
0.144891
0.138728
0.140346
0.105734
0.0687535
0.119663
0.0946094
0.173152
0.0650748
0.0592847
0.0725494
0.0911474
0.145203
0.108493
0.110563
0.120687
0.160623
0.0822225
0.0526085
0.156512
0.0869379
0.200205
0.0667509
0.0557915
0.0580127
0.189999
0.0880606
0.111754
0.0689653
0.215681
0.206284
0.100615
0.146129
0.0407238
0.0205678
0.0787559
0.114877
0.0492552
0.121792
0.0957514
0.259627
0.145186
0.0760842
0.156344
0.0952115
0.0550473
0.115209
0.0996117
0.169312
0.211023
0.0474619
0.153522
0.0707441
0.1582
0.0409472
0.101133
0.146079
0.167721
0.0775536
0.0731458
0.102952
0.164341
0.129044
0.073679
0.132202
0.0858086
0.254974
0.169349
0.145654
0.0205878
0.129618
0.0277633
0.100544
0.0211269
0.128313
0.513699
0.0940686
0.125847
0.169968
0.419437
0.108525
0.0827588
0.347945
0.129408
0.0420371
0.399919
0.20648
0.0577396
0.208053
0.0952517
0.767526
0.0360118
0.181353
0.095838
0.0985259
0.116101
0.101785
0.106056
0.132828
0.0777096
0.061836
0.107864
0.11612
0.169187
0.0506396
0.0343946
0.0597009
0.265668
0.019849
0.102763
0.0620377
0.108602
0.00957161
0.0325436
0.0839616
0.125816
0.0469431
0.0639287
0.0882616
0.0409723
0.163988
0.150502
0.0763682
0.129409
0.0830725
0.100776
0.0802565
0.0726846
0.0466182
0.146491
0.118768
0.0571551
0.116883
0.0472979
0.0956929
0.0810307
0.0386352
0.204616
0.128415
0.0961724
0.0595002
0.098301
0.069002
0.118641
0.0621956
0.0826554
0.0543453
0.115747
0.134462
0.0290881
0.0979298
0.104979
0.109151
0.0787607
0.133444
0.0700596
0.0586721
0.135108
0.127514
0.117141
0.0192737
0.0586019
0.0855477
0.146644
0.044089
0.0665433
0.063134
0.0853939
0.0760329
0.0890701
0.0518731
0.100448
0.177361
0.0253696
0.0169324
0.139226
0.146674
0.124054
0.0450296
0.0794396
0.117066
0.172707
0.00922386
0.132427
0.0570954
0.123434
0.0926557
0.0800664
0.0688906
0.228057
0.0360948
0.0385589
0.178712
0.0323821
0.131839
0.00852301
0.0732395
0.189794
0.0996888
0.0668396
0.135865
0.0271088
0.194476
0.126016
0.121119
0.0574814
0.172827
0.0503942
0.0917652
0.043518
0.10127
0.040761
0.121727
0.105206
0.104334
0.079769
0.105074
0.0713546
0.0682858
0.0381643
0.067675
0.0933083
0.114078
0.18401
0.155117
0.156711
0.142687
0.179409
0.0816049
0.154873
0.156665
0.112607
0.085906
0.0470744
0.146958
0.101387
0.0742454
0.060376
0.0609163
0.101803
0.0964215
0.00732244
0.0207704
0.0566322
0.136233
0.130558
0.00979007
0.0691956
0.0761663
0.106738
0.0471422
0.114382
0.0563168
0.136068
0.0503654
0.0849747
0.140395
0.100035
0.0952357
0.140191
0.140232
0.121622
0.0742518
0.102471
0.0846024
0.134701
0.108297
0.0627086
0.0866801
0.0750241
0.0496726
0.103691
0.103566
0.111704
0.0312001
0.0819204
0.0937588
0.0406717
0.092973
0.102566
0.052972
0.0962327
0.0637679
0.135085
0.123499
0.140728
0.0377781
0.146615
0.0186456
0.0364075
0.0637883
0.123593
0.112021
0.0596263
0.0940895
0.00895694
0.122167
0.0957736
0.169065
0.0884278
0.120985
0.117762
0.151428
0.0708419
0.084373
0.06389
0.0774792
0.0782172
0.0727547
0.0755699
0.0378493
0.109351
0.0578241
0.0921549
0.0324842
0.0656205
0.0172822
0.0343863
0.0571812
0.110304
0.108526
0.0497497
0.154008
0.109918
0.102204
0.109175
0.0731184
0.133763
0.102355
0.0523884
0.127939
0.0547685
0.138724
0.19693
0.122274
0.069471
0.0984874
0.0569115
0.0913018
0.0912566
0.165169
0.037073
0.189846
0.158587
0.134552
0.130817
0.161683
0.114725
0.117148
0.202457
0.123637
0.131296
0.0743237
0.105853
0.136171
0.151725
0.0431526
0.135622
0.0346518
0.0953386
0.0736083
0.101171
0.126734
0.0463261
0.0130513
0.0988296
0.0302159
0.051695
0.112762
0.0311853
0.138552
0.0934992
0.14576
0.136785
0.0905077
0.133732
0.149298
0.0380538
0.0720087
0.10079
0.0555428
0.104457
0.0373009
0.0515
0.105451
0.163637
0.0800056
0.0901293
0.161196
0.117684
0.046848
0.0602204
0.127427
0.13602
0.0806621
0.12845
0.103605
0.091729
0.0102859
0.184667
0.123912
0.13578
0.0316158
0.0874304
0.188472
0.194003
0.162276
0.127375
0.201698
0.0361731
0.0797375
0.0706149
0.123765
0.116045
0.120338
0.0674227
0.0928966
0.0761403
0.0709362
0.0925688
0.0545652
0.0763267
0.173925
0.0628536
0.152265
0.214602
0.0607715
0.11432
0.0775151
0.0621748
0.0379068
0.186158
0.0218963
0.092079
0.0865167
0.0255447
0.0916597
0.126756
0.117514
0.0172042
0.155991
0.177944
0.109865
0.157823
0.122065
0.0646004
0.189729
0.0377394
0.0239139
0.115031
0.0700819
0.0160776
0.0581324
0.0380533
0.157354
0.111361
0.0644136
0.0152442
0.12662
0.127588
0.160896
0.144644
0.154055
0.0507482
0.0941221
0.074516
0.110726
0.0989922
0.0682116
0.0954983
0.120475
0.173321
0.11529
0.0501976
0.171278
0.166302
0.0888017
0.111052
0.0775829
0.12004
0.124659
0.116837
0.0886335
0.149895
0.103348
0.0772955
0.0787072
0.120755
0.066536
0.0883437
0.108178
0.0304129
0.0939688
0.0863854
0.0693517
0.124899
0.0808546
0.21686
0.15978
0.0758053
0.0553662
0.139932
0.166949
0.0617867
0.160267
0.148341
0.0355946
0.120308
0.0488183
0.142568
0.105295
0.139654
0.181306
0.0448258
0.0132081
0.0395386
0.118764
0.0636964
0.0890992
0.108872
0.188933
0.0485417
0.0737577
0.0897495
0.133561
0.100807
0.0626594
0.0143837
0.169239
0.114805
0.0928105
0.0345193
0.103238
0.0845802
0.0939388
0.109074
0.032253
0.0981452
0.105385
0.118083
0.123189
0.165169
0.139238
0.0409071
0.0717661
0.11424
0.189875
0.158963
0.136529
0.0984712
0.130064
0.0750136
0.0927606
0.0731219
0.0356453
0.120566
0.152914
0.0925079
0.14535
0.103556
0.0699398
0.136229
0.072636
0.0187454
0.102988
0.0562909
0.0795371
0.129154
0.0943579
0.124165
0.123688
0.107701
0.0526386
0.174087
0.110563
0.0703296
0.106381
0.107214
0.109485
0.120499
0.0915627
0.107835
0.15941
0.0334054
0.124262
0.0922142
0.13302
0.0885023
0.132533
0.147916
0.0427051
0.169219
0.217364
0.0947537
0.118081
0.15978
0.116876
0.10249
0.116877
0.110394
0.0406585
0.13253
0.0957088
0.133466
0.152871
0.192013
0.0358124
0.0257757
0.0260744
0.0314446
0.22142
0.174126
0.0372041
0.0961311
0.0849143
0.0954465
0.0421768
0.0817534
0.104325
0.0920247
0.045355
0.156086
0.159613
0.0664529
0.0711659
0.0910621
0.0816013
0.175663
0.0585968
0.084864
0.133484
0.0697507
0.0866206
0.113035
0.103436
0.0210372
0.022832
0.128288
0.142574
0.136132
0.246307
0.0693986
0.0542379
0.0185108
0.0720233
0.144772
0.0781698
0.0181326
0.0665053
0.173528
0.0154141
0.119424
0.0158331
0.143416
0.158825
0.0564249
0.0619054
0.0632712
0.125134
0.0659998
0.171322
0.0698125
0.235932
0.0180799
0.0677598
0.0793841
0.0681625
0.0948415
0.0162062
0.102851
0.0539928
0.0764214
0.326054
0.129006
0.071443
0.0650145
0.13223
0.099684
0.117582
0.122356
0.125389
0.0691993
0.173141
0.0582225
0.0211568
0.107307
0.0883637
0.0635146
0.0585826
0.0922154
0.0835924
0.0809143
0.0720392
0.0683596
0.0718772
0.129166
0.152032
0.0960129
0.070451
0.113204
0.0225256
0.101917
0.1539
0.114257
0.0612315
0.140422
0.121751
0.0431038
0.200455
0.14865
0.0159825
0.127144
0.213298
0.136496
0.106261
0.122747
0.0629549
0.0326975
0.220561
0.0883312
0.108983
0.0911136
0.141083
0.109284
0.0729182
0.0490829
0.181061
0.10469
0.0757257
0.0740865
0.0933506
0.091567
0.0758989
0.204231
0.0841262
0.13825
0.0231852
0.0980525
0.0856958
0.0825679
0.119697
0.097814
0.141238
0.0524844
0.106771
0.0750317
0.0538478
0.113693
0.0450708
0.114354
0.153163
0.104216
0.0783211
0.144715
0.116899
0.0512532
0.134332
0.0519341
0.0825428
0.123932
0.10488
0.078822
0.0532637
0.0805177
0.0738208
0.0793056
0.0815175
0.0960536
0.0785981
0.0829227
0.124141
0.106647
0.0578562
0.0433053
0.100185
0.107346
0.0575015
0.131883
0.170655
0.0639549
0.0458532
0.082056
0.165896
0.0806233
0.120016
0.112342
0.130908
0.235371
0.0834306
0.100408
0.0951317
0.0868703
0.120942
0.10804
0.13971
0.104302
0.10524
0.11209
0.0497855
0.109685
0.0996776
0.0974193
0.0703489
0.149695
0.0569425
0.0640319
0.065517
0.058793
0.130968
0.154019
0.0687505
0.0724301
0.0511207
0.0966051
0.0692156
0.161093
0.0914091
0.0304843
0.077422
0.0636236
0.103437
0.12561
0.148996
0.0341861
0.0751663
0.111787
0.129057
0.148552
0.0962501
0.0687148
0.149919
0.160326
0.088707
0.107507
0.101313
0.031056
0.12224
0.0408414
0.0660348
0.0770882
0.149295
0.106238
0.128507
0.110497
0.0971308
0.170396
0.0174567
0.131179
0.139095
0.177751
0.0915496
0.125498
0.100037
0.116098
0.127362
0.191599
0.174585
0.0742946
0.0699249
0.110627
0.0526092
0.0685757
0.0484588
0.0892489
0.0861207
0.111609
0.0664592
0.0753745
0.149767
0.114464
0.0787592
0.0448143
0.0571583
0.0731813
0.145092
0.1172
0.077603
0.0828552
0.248326
0.0771813
0.188483
0.0918091
0.0375122
0.0853493
0.0698953
0.131604
0.123845
0.153546
0.0515946
0.142375
0.100632
0.0995219
0.0822555
0.10327
0.0456013
0.123209
0.13684
0.112572
0.189315
0.117622
0.0976239
0.161824
0.0462306
0.0790767
0.134838
0.120688
0.0370872
0.154037
0.0900143
0.103395
0.00956631
0.0677998
0.0170305
0.132241
0.0525067
0.0734882
0.0369919
0.090707
0.0336303
0.0393445
0.0488862
0.130965
0.178446
0.120638
0.0707286
0.0690819
0.154589
0.0135088
0.0992451
0.125476
0.0577224
0.0806858
0.178432
0.222717
0.108207
0.0241624
0.0703951
0.0209203
0.0473623
0.137147
0.157222
0.126808
0.108048
0.177963
0.243215
0.162478
0.0815536
0.155491
0.0802771
0.0412206
0.14117
0.0499321
0.131212
0.084936
0.0474618
0.0514993
0.019877
0.0471359
0.121123
0.017721
0.0447566
0.106536
0.0452491
0.133666
0.0564201
0.106931
0.020797
0.0694646
0.0726244
0.0950666
0.176043
0.134842
0.0308071
0.0431085
0.212106
0.268921
0.149963
0.0813894
0.145874
0.0960878
0.0721914
0.0749768
0.12219
0.142569
0.121683
0.0618138
0.0371105
0.0716067
0.0946791
0.0859031
0.196434
0.166609
0.13419
0.0843721
0.061418
0.165352
0.111323
0.0899296
0.0607126
0.223707
0.0386364
0.192127
0.145839
0.0450623
0.0907863
0.0734112
0.0994354
0.201958
0.204037
0.0197059
0.150948
0.0552162
0.108605
0.0866956
0.0172369
0.0900916
0.0353747
0.0956151
0.0916756
0.0732716
0.0907793
0.120248
0.0324847
0.122848
0.0223194
0.107571
0.0925013
0.118961
0.0963682
0.101795
0.126944
0.0474504
0.0367989
0.142598
0.122119
0.0260381
0.100734
0.0751185
0.0564938
0.116531
0.0843916
0.0518826
0.104849
0.0720464
0.141575
0.140695
0.111047
0.131847
0.155761
0.167112
0.0872778
0.0807082
0.0812775
0.104246
0.0242929
0.0678019
0.141227
0.0621335
0.046738
0.0944382
0.0327452
0.0951223
0.108175
0.17103
0.0763998
0.0829731
0.0598171
0.0501924
0.0875841
0.028149
0.0706875
0.0137029
0.0499422
0.191701
0.126695
0.0532087
0.225253
0.196854
0.0325716
0.0919801
0.100707
0.103791
0.193062
0.111122
0.161768
0.0379005
0.0798124
0.06148
0.245413
0.143212
0.0478948
0.121044
0.0463196
0.0445843
0.233861
0.0163865
0.092672
0.104189
0.175911
0.181725
0.14721
0.0916363
0.0168886
0.0974469
0.080104
0.0974718
0.0663373
0.0203692
0.0671931
0.0341865
0.0826595
0.129409
0.0677464
0.0307617
0.0773652
0.0490505
0.107013
0.0491429
0.152078
0.186522
0.155073
0.0836266
0.160466
0.0631699
0.064886
0.102706
0.132889
0.0458966
0.0564008
0.176286
0.100592
0.028332
0.0933825
0.042895
0.245527
0.213837
0.150412
0.162262
0.151413
0.128528
0.178979
0.0738271
0.0400938
0.117948
0.0581808
0.112624
0.08215
0.104586
0.102428
0.0958638
0.0931833
0.0250912
0.0352217
0.0733431
0.0162126
0.180416
0.138582
0.16325
0.0113242
0.0758272
0.0310331
0.0529171
0.0486189
0.072207
0.0469787
0.0532459
0.191719
0.0396098
0.0338351
0.201893
0.0790914
0.193632
0.0562254
0.178123
0.0673597
0.143649
0.211037
0.00437285
0.142951
0.207801
0.0485965
0.0595604
0.176343
0.188295
0.218292
0.152457
0.00899058
0.136595
0.0274128
0.100314
0.119258
0.120552
0.122234
0.191643
0.213353
0.0648663
0.142792
0.126601
0.152729
0.0685432
0.0240793
0.122278
0.0765531
0.172769
0.0726131
0.0974447
0.112582
