0.0653167
0.0683856
0.0854767
0.0468567
0.139567
0.101276
0.0984956
0.148005
0.148085
0.0755384
0.154389
0.147153
0.0791482
0.0397721
0.150739
0.0917253
0.106743
0.194604
0.145886
0.0889075
0.0258319
0.141691
0.0607697
0.128022
0.0210798
0.0895015
0.132687
0.109764
0.055748
0.0725577
0.121978
0.0894895
0.190347
0.114649
0.0267282
0.105332
0.10547
0.102776
0.113182
0.117115
0.147724
0.0641409
0.178706
0.165745
0.0605512
0.0765753
0.0732319
0.096823
0.0569012
0.168698
0.159894
0.139133
0.150593
0.0975104
0.0887873
0.145678
0.119514
0.176323
0.129697
0.0296419
0.162627
0.0697026
0.0990132
0.105458
0.118226
0.118194
0.0486748
0.122071
0.140028
0.0994675
0.121842
0.129816
0.1134
0.0720746
0.174552
0.155401
0.0884186
0.116331
0.144254
0.102978
0.0917034
0.109056
0.0779512
0.162864
0.101864
0.0547524
0.0856594
0.11587
0.0840307
0.0849264
0.0972186
0.128089
0.0465659
0.163777
0.0614585
0.070528
0.105351
0.137121
0.0857293
0.127806
0.114864
0.0665832
0.0735524
0.147144
0.183907
0.112085
0.157751
0.102585
0.140452
0.134556
0.181838
0.0823041
0.0946171
0.125851
0.168786
0.115406
0.11131
0.148822
0.0575113
0.116929
0.194059
0.0825512
0.089196
0.0433451
0.0814363
0.156135
0.130002
0.0702183
0.067105
0.0144808
0.0901536
0.0628518
0.144294
0.0576836
0.101776
0.180894
0.136058
0.108444
0.0958275
0.0922782
0.126725
0.111
0.104065
0.105632
0.100108
0.0809453
0.126242
0.13693
0.0539419
0.117963
0.101659
0.0905189
0.0667398
0.0823234
0.0913279
0.0546601
0.050576
0.0999464
0.106263
0.111679
0.0627335
0.115969
0.00594803
0.0212898
0.0791969
0.0995986
0.0328806
0.124913
0.168601
0.0627707
0.0734435
0.0757232
0.084224
0.0472157
0.0488202
0.111885
0.159188
0.0153796
0.0893689
0.0768833
0.076269
0.0972645
0.0891887
0.181934
0.0872876
0.0806699
0.08058
0.112721
0.0673596
0.0309962
0.122664
0.0737493
0.128701
0.158923
0.0183211
0.0882984
0.0769236
0.153071
0.158032
0.0909493
0.151318
0.077206
0.263888
0.11313
0.0864603
0.065813
0.0996278
0.11082
0.0623283
0.122016
0.127546
0.103085
0.0553895
0.0625243
0.151854
0.0996807
0.0424556
0.161893
0.071564
0.105588
0.112973
0.113309
0.10299
0.0813191
0.0602915
0.135312
0.132742
0.169405
0.102011
0.154209
0.0651648
0.129494
0.0576138
0.0520042
0.1755
0.105449
0.180322
0.0219004
3.14079
0.209973
0.153751
0.0322643
0.139657
0.104552
0.13122
0.00839641
0.158623
0.114026
0.114841
0.206547
0.0513429
0.11415
0.104988
0.0833542
0.123393
0.0309932
0.0992617
0.0948882
0.0943572
0.242198
0.117695
0.17831
0.0515971
0.188371
0.0409864
0.127211
0.0582099
0.154553
0.155566
2.91377
0.237288
0.169051
0.0996807
0.0836263
0.0558081
0.0400819
0.260805
0.109085
0.134006
0.0723988
0.131797
0.166645
0.189121
0.178017
0.0321073
0.309249
0.0300455
0.0218703
0.0421231
0.101084
0.189447
0.123749
0.071889
0.0797901
0.119774
0.0501351
0.196746
0.106049
0.184101
0.0957052
0.114625
0.0444235
0.133122
0.114312
0.0566409
0.0900361
0.00530395
0.0804365
0.106465
0.081929
0.133736
0.118083
0.0675279
0.0493792
0.0665388
0.0894156
0.0970665
0.135345
0.0155887
0.0906149
0.0247758
0.151911
0.0587658
0.0828357
0.0362491
0.0750739
0.136736
0.0569461
0.134595
0.129783
0.0850439
0.0649007
0.131656
0.187392
0.100466
0.155128
0.0723167
0.138699
0.163579
0.0516342
0.150579
0.143542
0.137808
0.0772093
0.0685374
0.187341
0.189344
0.127926
0.0533097
0.0761829
0.0726653
0.0474947
0.10879
0.0658596
0.0444333
0.0965663
0.0297497
0.163141
0.0242226
0.174799
0.0762845
0.0883861
0.0865393
0.140685
0.111007
0.133122
0.105771
0.0149177
0.0902583
0.011729
0.0305972
0.0964088
0.0508687
0.128101
0.106279
0.114357
0.058091
0.107627
0.043661
0.102058
0.0357906
0.0888339
0.191823
0.116453
0.100722
0.0785394
0.155367
0.0747059
0.117768
0.0998425
0.13538
0.105279
0.0854518
0.0919565
0.120504
0.108243
0.0594302
0.0660307
0.137342
0.134512
0.0447828
0.0851531
0.0574547
0.0567302
0.0658355
0.0375811
0.156993
0.13606
0.0452701
0.0881698
0.0360861
0.119615
0.107314
0.162566
0.108437
0.111553
0.119024
0.168081
0.0999056
0.0531275
0.167845
0.0479245
0.0944822
0.155041
0.0559479
0.145205
0.118222
0.108723
0.100309
0.0411952
0.0552032
0.0558192
0.120624
0.0357936
0.111465
0.173137
0.0844069
0.12003
0.0385081
0.121672
0.0824956
0.0914175
0.0710703
0.0960898
0.0529049
0.0891071
0.0798158
0.100821
0.0849856
0.0653952
0.18862
0.114341
0.137474
0.097021
0.0463022
0.0938399
0.129549
0.150914
0.0767204
0.097071
0.0801734
0.0188605
0.082754
0.113381
0.136749
0.133746
0.0986622
0.00846075
0.135241
0.0886947
0.0497542
0.0775351
0.0757829
0.0912687
0.10596
0.0232247
0.0477671
0.144989
0.125278
0.0990295
0.109895
0.131353
0.178821
0.100756
0.087076
0.0796094
0.127731
0.142236
0.0671019
0.121626
0.168105
0.123725
0.0981811
0.120665
0.0635199
0.0383155
0.155173
0.0581019
0.0813933
0.0861829
0.141609
0.0673384
0.0785492
0.092209
0.0931547
0.162956
0.044253
0.111052
0.0412276
0.137188
0.0969912
0.0922635
0.0239524
0.133924
0.124654
0.184994
0.112581
0.152974
0.129195
0.118323
0.102447
0.0888085
0.0945313
0.0993497
0.159981
0.103994
0.139489
0.0869239
0.138652
0.0637369
0.075626
0.0703679
0.13359
0.0590559
0.122105
0.0772517
0.0517603
0.0857586
0.0388568
0.145852
0.0694388
0.11498
0.0686253
0.131069
0.0816187
0.0873955
0.182767
0.106204
0.179709
0.164149
0.160679
0.0858131
0.121321
0.114303
0.0877606
0.108214
0.175345
0.132587
0.060467
0.0724698
0.0703505
0.0606535
0.0738519
0.042169
0.119602
0.0577708
0.137783
0.109705
0.025763
0.100259
0.12983
0.0592798
0.192892
0.142497
0.112959
0.0740558
0.0999196
0.125117
0.116252
0.0489712
0.0202355
0.0631049
0.113318
0.00913727
0.0736664
0.0953303
0.11756
0.114464
0.12262
0.107902
0.146446
0.0466575
0.113638
0.139572
0.206231
0.118425
0.119106
0.140635
0.116588
0.0719716
0.0775684
0.161492
0.122772
0.132812
0.0770067
0.0548116
0.135941
0.124333
0.101797
0.145418
0.0703385
0.0921847
0.110122
0.123488
0.0981875
0.116668
0.241684
0.206591
0.0641467
0.0828402
0.0736022
0.097132
0.125311
0.107094
0.0942272
0.131829
0.0526963
0.117568
0.0970548
0.160831
0.0231845
0.0665841
0.0398305
0.0618433
0.122883
0.0796569
0.122187
0.0576187
0.0262966
0.170444
0.0510717
0.073617
0.0795032
0.149448
0.132434
0.105221
0.132667
0.108054
0.0345129
0.0895039
0.0466765
0.0165721
0.125003
0.0751558
0.0865546
0.115907
0.0507109
0.0714801
0.128926
0.0752244
0.0690947
0.086972
0.108984
0.0979721
0.0485531
0.1454
0.153447
0.0679288
0.0736089
0.118394
0.0905778
0.0642057
0.0547022
0.0528823
0.0935612
0.152067
0.112547
0.0323013
0.12913
0.110417
0.106954
0.0665789
0.119255
0.0378587
0.0712668
0.150795
0.0970186
0.0790983
0.159042
0.0684597
0.21941
0.0426669
0.036071
0.0625844
0.0481409
0.141992
0.0969713
0.163911
0.189488
0.0853917
0.089873
0.139266
0.0861751
0.0713607
0.0988393
0.0714408
0.12243
0.105014
0.0947219
0.0943401
0.0700826
0.135751
0.124883
0.0272203
0.159938
0.0839998
0.0742561
0.129975
0.103784
0.0401442
0.0838674
0.150542
0.149813
0.121523
0.0326109
0.0726019
0.186056
0.0716406
0.0657454
0.0666443
0.105793
0.167383
0.176102
0.0824921
0.0626587
0.137871
0.0964042
0.0946259
0.181632
0.0385116
0.0355016
0.0315536
0.077659
0.0905543
0.103514
0.0611094
0.130099
0.0325506
0.0579619
0.0552296
0.115575
0.068995
0.0133532
0.137322
0.0844582
0.0513797
0.130623
0.0871211
0.0602496
0.120876
0.197751
0.115749
0.0714562
0.172285
0.112399
0.0812257
0.184654
0.0954111
0.0618527
0.114126
0.08022
0.178726
0.085033
0.178074
0.14173
0.01918
0.126543
0.0908664
