0.0389994
0.357859
0.00461602
0.0101741
0.0338267
0.65468
0.509384
0.0343321
0.0128387
0.00357093
2.35004
0.0124818
0.733716
0.0266441
0.00375758
5.64051
0.00294928
0.00739423
2.25581
0.618368
0.0158444
0.00957793
1.33438
1.06468
1.71488
0.00316693
0.0254158
0.937232
0.00966608
0.199135
0.346817
0.0361525
0.00302493
2.46348
0.00895132
0.00895805
0.012069
0.0024177
1.48441
0.00570777
2.10606
0.00791774
1.7314
0.00684188
0.00337151
0.00401518
0.00946163
0.0162273
0.01143
1.74368
0.00150148
3.00859
0.228601
0.00272084
0.00545523
0.0269628
0.820875
0.00253005
0.0234829
0.00960989
0.0194832
0.0235858
0.00673965
0.00288709
0.00496146
0.024388
0.0033144
0.0127901
0.0813339
0.0128682
0.0607799
0.00333979
0.135563
0.0177954
0.00146644
0.00299524
0.022018
2.14864
0.0214388
0.00337589
0.011251
0.0355651
0.0112548
0.00236978
0.0252953
0.00332942
1.23539
0.925279
0.00664763
0.0269005
0.00335643
0.00234391
0.0387651
0.0229215
0.0717971
0.0653295
0.0752585
0.0231087
0.00393718
0.189848
0.00576154
0.0126491
0.0693393
0.0308036
0.000448334
0.011531
0.00494649
0.0372076
0.311661
0.0233679
0.0837292
0.0165351
0.0228292
0.00193298
0.00681635
1.59108
0.0915887
0.119658
0.00637124
0.00552157
0.0335863
0.599917
0.0118729
0.00817295
0.00329513
1.62184
0.0535342
0.0561107
0.00737314
0.073187
0.0127875
1.15731
0.0207915
0.00929492
0.130142
0.0354559
0.0139932
0.0246276
0.0786174
0.0861373
0.00472502
0.0374671
0.0284198
0.009771
0.00296681
0.00443127
0.00707438
0.140992
0.012363
0.00257943
0.0104666
0.0277404
0.00659591
0.0628406
0.00242757
0.002145
0.00231453
0.0750311
0.00185035
0.00663914
0.0754236
0.0456981
0.00293491
0.0114069
0.0440232
0.0019109
0.00376178
0.0138187
0.0117415
0.861394
4.26103
0.0075026
0.0027136
0.0665022
4.6403
0.00499344
1.39633
0.00601006
0.00562462
0.00345799
0.00659208
0.0213764
0.0228147
0.0154824
0.526829
0.3191
0.0069859
0.0127926
0.0691934
0.00210396
0.0288484
0.00231218
0.00322573
0.0439328
0.0080608
0.00095145
0.0126776
0.0210267
0.00804365
0.00657409
0.0348295
0.00520823
0.00482388
0.00891377
0.0080416
0.005299
0.00448288
0.00156606
0.0878489
0.0193448
0.107323
0.0650926
0.0016265
0.00289393
0.0801575
0.00289624
0.00484062
0.0661393
0.0500906
0.0826693
0.0777991
0.00133123
0.00420498
0.00435666
0.492109
0.00567074
0.00220368
0.00399491
0.0135345
0.00566375
0.00812209
0.0056318
0.00757326
0.0109521
0.072827
0.0237137
0.0222727
1.00108
0.0149953
5.79103
0.530403
0.0157689
0.00700623
1.3659
0.00617939
0.00247318
0.262886
0.00762536
0.040911
0.0507407
0.0178806
0.0125588
0.00554066
0.0297107
0.0265112
0.808756
0.0710943
0.00502266
0.0711779
0.0676324
0.00134436
0.00615181
1.31163
0.00532716
0.00266618
0.00247543
0.00426764
0.00350569
0.00438304
0.00712946
0.043942
0.0982658
0.596024
0.00134456
0.0774846
0.0100647
0.0150541
0.0357143
0.0166667
0.00268722
0.00305476
0.00982555
0.01363
0.00296156
0.117
0.00578408
2.84564
0.0393595
0.024308
0.00509563
0.00507392
0.00219794
0.00668738
0.403163
0.00289107
0.00736565
0.00526012
0.875204
0.00639042
0.00270352
0.00749013
0.00367667
0.00448758
0.00220563
0.00821863
0.00716261
0.00539953
0.00468067
0.00225595
0.00424801
0.00948699
0.0138198
0.0245102
0.00218821
0.0706385
0.00200139
0.00251059
0.0193213
0.0124089
0.00301862
0.0036469
0.0393303
0.00541897
3.93257
0.0191618
0.0544909
0.00368772
0.00281322
0.00322214
0.0602188
0.0246957
0.0658236
0.0245673
0.00557749
0.0107393
0.0443621
2.18169
0.0762038
0.00736715
0.00350363
0.00840996
0.00501752
0.0052206
0.0817849
0.0165358
0.0074232
0.0314923
0.00725958
0.00229975
0.0182615
2.63173
0.0033534
0.0135103
0.00378704
0.00402938
0.0322681
0.0482467
0.721138
0.00354062
0.0178873
0.0108898
0.0111667
0.00111856
0.00325822
0.194946
0.00298743
0.0012771
0.0372025
0.0908572
0.00376731
0.028594
0.134686
0.00771427
2.9272
0.00565465
0.00214668
0.0114513
0.00123257
0.00374808
0.00851015
0.00350073
0.00335055
0.00185434
0.0057324
0.00574783
0.0953133
0.00437889
0.00125326
0.00249401
2.54147
0.010853
0.00175293
0.00307483
0.012555
0.00301064
0.00555142
0.00531265
0.00445865
0.0175452
0.00611183
0.00178128
0.000698135
0.00407435
0.0246075
0.0118793
0.00957135
0.0952821
0.018553
0.000412199
0.0153799
0.0117992
0.00780617
1.07306
0.00811462
0.00800455
0.00270297
1.81688
0.00351163
0.00377242
0.0272889
0.00133297
0.00900245
0.00564062
0.00818241
0.00836682
0.00406511
0.00327052
0.0151216
0.0122713
0.00579519
0.00613868
0.015637
0.00286082
0.00660373
0.00395683
3.58286
0.0116963
0.0279522
0.00698322
0.00591091
0.00308523
0.00280316
0.0141912
0.00548839
0.00254541
0.0156593
0.00577038
0.00608851
0.00845324
0.00121172
0.00351433
0.00270712
0.00753397
0.00458437
0.00276288
0.00386009
0.00588297
0.00242516
0.003971
0.00735614
1.04882
0.00188033
0.00403889
0.0102864
0.00515475
0.00367517
0.00904666
0.00172048
0.00093447
0.00462236
0.00508474
0.00922293
0.00265379
0.00459489
0.0107907
0.0114174
0.470004
0.00993902
0.0681561
0.0116447
0.0283441
0.0154061
0.00358231
0.00571818
0.00549516
0.00248568
0.00578526
0.00308942
0.00433137
0.00618499
0.0017641
0.00450549
0.0020971
0.0428283
0.018849
0.00419008
0.00755529
0.0178789
0.00280122
0.0133141
0.018502
0.00726128
0.00607832
0.00265065
0.0159892
0.00295894
0.00476685
0.00972567
0.00384928
0.00190957
0.00581789
0.0132863
0.00633397
0.00182568
0.00528072
0.00658466
0.00120827
0.00762675
0.0137903
0.00645759
0.0063906
1.51256
0.00184414
0.00925837
0.00532439
0.0061588
0.00798299
0.00307132
0.00404131
0.00837474
0.00461441
0.0145046
0.014194
0.00756174
0.0012386
0.00789973
0.0074323
0.0103969
0.00217073
0.00774725
0.0064286
0.0052763
0.00393712
0.00463302
0.00134392
0.00477921
0.00165704
0.00152308
0.00544087
0.00244788
0.00418943
0.00191683
0.00411713
0.00284353
0.00512269
0.00859879
0.00201488
0.00120922
0.00396942
0.00398663
0.0049679
0.00531366
0.00919317
0.00285948
0.00463541
0.00610265
0.00226289
0.00298661
0.00291526
0.47173
0.0036018
0.00294107
0.00781408
0.00345801
0.00506485
0.00445904
0.0264667
0.00489105
0.00798272
0.00338481
0.00344879
0.00544546
0.011363
0.115917
0.00134361
0.0192426
0.0519763
0.00587525
0.0082739
0.00883467
0.00429271
0.361235
0.00080653
0.00668354
0.0420362
0.0301732
0.0585192
0.00997934
0.0351117
0.00779639
0.0660183
0.00238655
0.0105934
0.0172985
0.0973195
0.0100984
0.00303684
0.218123
0.265227
0.129765
0.00464182
0.00201435
0.0028804
0.00722091
0.0221676
0.00864681
0.00888599
0.00378209
0.00433971
0.490717
0.00978655
0.369888
0.00421052
0.0128872
0.0135161
0.551977
2.66266
0.059765
0.272542
0.0152723
0.00722226
0.0164114
0.130768
0.00663471
0.00347898
0.00810768
0.0153515
0.0226034
0.00273264
0.00396971
0.00288116
0.00399258
0.00564488
0.00913244
0.00274102
0.00351485
0.00762365
0.00623933
0.00502552
0.000463659
0.0145159
0.00127055
0.00982433
0.00225996
0.00330897
0.0198391
0.0062006
0.0108684
0.00286423
0.0124113
0.00794297
0.0122602
0.00773085
0.0112758
0.00298325
0.01026
0.00628872
0.00406928
0.353039
0.00423888
0.0182742
0.00744152
0.00375403
0.00501218
0.0015865
0.00679511
0.00305281
0.0021071
0.00389542
0.00228714
0.00539189
0.00240586
0.00238961
0.00194885
0.00199999
0.00196294
0.00435762
0.760515
0.00149264
0.0014507
0.000993393
0.00234057
0.00575147
0.014483
0.00151777
0.00195762
0.00659727
0.00543977
0.00944324
0.00595129
0.00783035
0.00572254
0.00131005
0.00780854
0.00354359
0.00239203
0.00447411
0.00604538
0.00462468
0.00639243
0.00407178
0.00285197
0.00117804
0.00579498
0.00336605
0.00287477
0.00616605
1.11096
0.00183391
0.00817213
1.09526
0.00639316
0.0249183
0.0126479
0.00191752
0.00526116
0.00525361
0.00484051
0.00119736
0.00638708
0.00603202
0.00195494
0.00352806
0.00758663
0.00569822
0.00405063
0.206049
1.36593
0.00522723
0.00217409
0.0168272
0.00228801
0.140252
1.41872
0.00557806
0.0039738
0.00488279
0.0053171
0.00210508
0.00278577
0.00257423
0.00453233
0.00669137
0.00262083
0.180389
0.00412554
0.177049
0.0138358
0.00282961
0.00297718
0.00225696
0.00461352
0.00808946
0.00498502
0.00228677
0.00306549
0.00714521
1.5418
0.00362369
0.00161535
0.0679272
0.00756922
0.00374204
0.0064448
0.0386106
0.00301701
0.00698864
0.17252
0.0107749
0.0188459
0.376848
0.0028206
0.000968354
0.00679163
0.00155368
0.175775
0.00444451
0.00253994
0.0055208
0.0447692
0.624039
0.00954085
0.0120617
1.5793
0.076356
0.00503989
0.00988482
0.00680117
0.00372396
0.00384098
0.00487424
0.00389847
0.0282445
0.00361358
0.00271734
0.00978839
0.00684717
0.00852316
0.0782405
0.00324534
0.0115642
0.00260871
0.00228742
0.00531463
0.000848891
0.0117257
0.027469
0.00693433
0.0215019
0.578895
0.00831298
0.00678379
0.00212318
0.00616944
0.00240308
0.00922086
0.0111102
0.012604
0.00703715
0.0115759
0.00883181
0.00713556
0.0148874
0.00237622
0.00276131
0.00272608
0.00870756
0.0031866
0.00132478
0.0107649
0.00361557
0.00383127
0.00690261
0.0100804
0.00394007
0.00171557
0.00770648
0.00718545
0.00523071
0.00139261
0.00412372
0.0765589
0.131577
0.00818438
0.0205395
0.00877306
0.00392958
0.371287
0.00617074
0.0483412
0.0111411
0.00590256
0.00355741
0.00759217
0.00304032
0.00739473
0.00232022
0.00379
0.00566267
0.0141663
1.48443
0.00389374
0.00423576
0.000762489
0.00404757
0.0016977
0.00543185
0.00177363
0.00550939
0.0158154
0.00510054
0.00948056
0.057345
0.00654639
0.0118126
0.344887
0.0101487
0.0316459
0.0163879
0.0227921
3.01174
0.00347811
0.0999687
0.00885929
0.105386
0.0136002
0.0463376
0.0229018
0.00252025
0.00232481
0.00781781
0.0054369
0.0110722
0.031783
0.0120799
0.0105708
0.00379946
0.589826
0.00234544
0.00537498
0.0190058
0.00389102
0.00920185
0.00218245
0.0132339
0.0131558
0.0470711
0.0145551
0.00729303
0.0138411
0.00690736
0.00375082
1.42867
0.0108375
0.00916534
0.0170755
0.00373883
0.00946104
0.00157351
0.00453438
0.00909809
0.00675122
0.00346122
0.00430126
0.00197796
0.00268423
0.00873197
0.00347649
0.00947467
2.51114
0.00391442
0.00161075
0.00302924
0.00609082
0.00522325
0.00747781
0.00136937
0.00156455
1.94007
0.00348809
0.560642
0.00314683
0.00812938
0.108498
0.267009
0.0111336
0.00338288
0.00665631
0.0115917
0.00285957
0.00372972
0.00372797
0.0786595
0.0194183
0.00842729
0.0589088
0.0289036
14.0246
0.0715044
0.00439131
0.0765545
0.00630918
0.0059809
0.558505
0.0101338
0.0283202
0.00365023
0.00341413
0.0220993
0.00110307
0.00551168
0.0890958
0.0395163
0.00497426
0.00357325
0.087197
0.0192901
0.365233
0.0243227
0.0675264
0.00851024
0.00263316
0.00450068
0.0120717
0.06251
0.00479541
0.00177125
0.00242011
0.00536936
0.00131921
0.0118247
0.00468483
0.00497731
0.00673181
2.33036
0.793796
0.0067771
2.22574
0.0167127
0.0155285
0.785493
2.00007
0.0179223
0.00187714
0.00183276
0.00474437
0.00184437
0.000936182
0.00362218
0.00151418
0.00370606
0.00639992
0.00743165
0.00351326
0.00173186
0.00235081
0.0015503
0.00213477
1.28114
0.00435229
0.00262562
0.00235931
0.0029948
0.0040173
0.0752686
0.0035484
0.110189
0.00574411
0.0072994
0.0113443
0.734139
0.0371912
0.269462
0.0107951
0.0368486
0.00652903
0.00653683
0.0039249
0.0317597
0.358131
0.00940347
0.0120789
0.00513061
0.0111111
0.70875
0.44961
0.0302685
0.00830619
0.00260308
0.0245563
0.410012
0.200967
0.00740267
0.0166424
0.00945878
0.00232005
0.00970788
0.00552094
0.00229212
0.00598265
0.00194814
0.00593347
0.00828807
0.00235947
0.00340424
0.00247532
0.00843183
0.00506013
0.00354422
0.00395435
0.00236714
0.0022206
0.00328362
0.00420938
0.00661381
0.00577653
0.00957821
0.00547054
0.00493734
0.00137295
0.00428016
0.00280922
0.787362
0.00875817
0.00576655
0.00444636
0.00433193
0.00694566
0.00184306
0.00403611
0.00306173
0.00276845
0.00148455
0.00320803
0.0035646
0.00583096
0.00817999
0.00509286
0.00480632
0.0016739
0.00500615
0.0104361
0.00418835
0.0061886
0.0105309
0.00354829
0.00247429
0.0100853
0.00585828
0.000999772
0.0060705
0.0037203
0.0813404
0.623368
0.0272314
0.0442455
0.0127879
0.00780415
0.00484474
0.00133932
0.00751263
0.00161867
0.00936611
0.00897189
0.00815647
0.00109519
0.00735294
0.00954456
0.0053631
0.00901515
0.00744332
0.00202138
0.00203331
0.00164711
0.00493116
0.005194
0.00243317
0.00393106
0.199869
0.00605409
0.838991
0.0253911
0.00597166
0.00831524
0.0174346
0.0044943
0.00347739
0.00700563
0.826573
0.0919737
0.00210072
0.0041107
0.0086144
0.0064317
0.00380462
0.00481843
0.00329468
0.014991
0.00354241
0.00789444
0.00198793
0.0136824
0.00221584
0.00101186
0.00551613
0.00430912
1.98421
0.00432973
0.00367331
0.00526713
0.00456941
0.0032549
0.00279264
0.00234201
0.00151611
0.00677892
0.00509797
0.139199
0.415959
0.00717644
0.013506
0.692229
0.00950498
1.13965
0.0456048
0.00732957
0.00790868
1.92948
0.00172741
0.00286135
0.00212572
1.68999
0.0021285
0.00510149
0.00486898
0.00294957
0.00307034
0.00451809
0.00294591
0.0045769
0.0211691
0.00210447
0.0206002
0.0297452
0.00179909
0.00623199
0.00774487
0.00147764
0.0212834
0.00916789
0.00511638
0.00158558
0.00508776
0.00113899
0.00891188
0.00263897
0.00535211
0.00585888
0.00430891
0.00644836
0.00289673
0.00390911
0.00269976
0.00418326
0.00331702
0.206901
0.00318339
0.00619273
0.00507124
0.011596
0.00346093
0.00544433
0.00494753
0.811006
0.00260569
0.0333333
0.00165075
0.00482236
0.0307769
0.0175724
0.781573
0.507278
0.0208248
0.00486145
0.00737987
0.00185295
0.00271606
0.00660036
0.00330197
1.32672
0.00580396
0.00289434
0.00828663
0.0316094
0.0676708
0.0304167
2.2326
0.0193217
0.0779841
0.00250834
0.00336182
0.00658896
0.0119233
0.00519243
0.00175584
0.0344532
0.128959
0.0035328
0.010773
1.19214
0.00770499
0.00573106
0.00860509
0.00224061
0.003629
0.054833
0.271989
0.00437638
0.130858
0.00387682
0.0736341
0.000811206
0.00386855
0.00366309
0.00565589
0.00314198
0.797289
0.00386092
0.00841171
0.0057426
0.00400708
0.00407915
0.00212731
0.077318
0.0562221
0.00417849
0.23802
0.00224035
0.00466858
0.0254284
0.00428756
0.0050609
0.0106333
0.00656332
0.00558413
0.00774174
0.0132313
0.00731865
0.00300768
0.00349747
0.00152106
0.00535949
0.0100975
2.70463
0.00866625
0.00407012
0.0061523
0.00284731
0.00310739
0.087173
0.000657443
0.00252066
0.0023981
0.00548132
0.00794444
0.00769392
0.0130516
0.0845218
0.00329492
0.00836094
0.0056266
0.672385
1.68658
0.00117717
0.722379
0.0058132
0.73638
0.00121695
0.102727
0.594314
0.00603838
0.0037028
0.00341681
0.00465898
0.00709714
0.00716537
0.00357106
0.00445156
0.00179845
0.861587
1.21732
0.0442966
0.0475611
0.00379387
0.00133493
0.00384075
0.00128139
0.00180131
0.00170298
0.00790108
0.00286632
0.00778868
0.00124749
0.00126542
0.00878614
0.00202774
0.00429762
0.0017236
0.00615645
0.00935666
0.00261412
0.00283945
0.0063728
0.00363443
0.00801428
0.0014921
0.00195626
0.010012
0.00304328
0.00703061
0.0111177
0.0127356
0.00476045
0.00705526
0.00359977
0.00891075
0.00427265
0.00295865
0.00668512
0.00676495
0.00855838
0.00587407
0.00394826
0.00496283
0.00555977
0.00706976
0.00703402
0.00678311
0.002342
0.0076479
0.0155681
0.00344574
0.00469312
0.315274
0.00202068
0.00974491
0.0364317
2.66386
0.0837773
0.0063647
0.00416502
0.0137817
0.00348803
0.00207652
0.00220833
0.906655
0.0890132
0.00583837
0.00297203
0.0229812
0.0076356
0.890608
0.00907113
0.0075392
0.0055374
0.00781486
0.0014134
0.00380713
0.00332858
0.00331372
0.494625
0.00385864
0.0034413
0.00635726
0.00318168
0.0117615
0.00289007
0.00297417
0.129076
0.00178893
0.00262194
0.00411084
0.00668032
0.756565
1.66686
0.00714887
0.00502163
0.00341058
0.00376412
0.00472065
0.0114201
0.0180865
0.0071053
0.00445998
0.0124926
0.00576658
0.00695589
0.00760197
0.00245374
0.00765529
0.00236635
0.00627724
0.00742149
0.00240969
0.00305489
0.00754566
0.00422146
0.0025891
0.00236748
0.00612788
0.00679252
0.00379227
0.00857745
0.00464124
0.00381719
0.0016613
0.00378303
0.00218649
0.00768615
0.00360738
0.00376032
0.00182983
0.0165365
0.763379
0.804768
0.0105112
0.00370455
0.0110958
0.00721867
0.00295668
0.012059
0.00149106
0.00261198
0.0074968
0.00568537
0.00337229
0.00229739
0.00616767
0.00347453
0.00424076
0.0083292
0.0030859
0.00119255
0.00752337
0.00391857
0.00574152
0.00574703
0.00337483
0.00971062
0.00232186
0.00321223
0.00736763
0.0100552
0.00880734
0.0120414
0.0119371
0.00271998
0.0115989
0.00447838
0.00841521
1.5863
0.00144773
0.00109709
0.00100351
0.0135491
0.00232715
1.45412
0.00491993
0.00395298
0.00351404
0.00555151
0.00617694
0.00214202
0.00317795
0.0175066
0.00447287
0.00921908
0.00291839
0.000822534
0.00287044
0.00180477
0.00192507
0.00226131
0.00230585
0.00548179
0.00427707
0.00402886
0.00451289
0.0058947
0.00285825
0.0051191
0.00186915
0.00361287
0.00613179
0.00502001
0.206631
0.00975919
0.0467454
0.00195321
0.00528118
0.00160332
0.00481074
0.00860196
0.0127166
0.000865001
0.00780983
0.00463434
0.0403365
3.10709
3.32565
0.00345401
0.010125
0.0198043
1.13612
0.0100419
0.00422803
0.00390243
0.0251237
0.0119762
0.0151064
0.00947076
0.00671615
0.383474
0.00163357
0.0363375
0.00466303
0.329113
0.023198
0.00248658
0.00717134
0.00894157
0.00279689
0.00343628
0.697216
0.0212876
0.0103528
0.00784345
0.00367308
0.0242567
0.00766361
0.00201192
0.00576173
0.00535669
0.0031937
1.00742
0.408918
0.00724761
0.00877431
0.00723121
0.00347964
0.00157574
0.0131103
0.00523739
0.0163819
0.00516475
0.0097702
0.00690325
0.00201043
0.00327809
0.00600839
0.000417712
0.00897827
0.00331387
0.00365653
0.002697
0.00402588
0.00546468
0.0028753
0.00348969
0.00347014
0.00480181
0.00392763
0.00475257
0.00743445
0.00131042
0.0195193
0.00888332
0.0209198
0.0032829
0.00628324
0.0289063
0.0974927
0.0125559
0.520669
0.0012746
0.00424306
0.00529512
3.34175
0.0026511
0.0105168
0.00623904
0.00320678
0.000585993
0.00288744
0.00223938
0.00620607
1.19113
0.00311496
0.00893067
0.00329071
0.00531466
0.00489241
0.0103775
0.00645815
0.00513198
3.14633
0.00164585
0.00485893
0.00619139
0.00541052
0.00588849
0.00240839
0.00531783
0.00410922
0.00727621
0.00378618
0.00278451
0.0184629
0.00425491
0.0453796
0.00545588
0.00130546
0.0136051
0.141319
0.00242284
0.149535
0.513187
0.00853199
0.00199518
0.00107754
0.00652532
0.00373414
0.00469069
0.0036183
0.00321832
0.951939
0.0083066
0.00227373
0.00155174
0.951456
0.921611
0.00511395
0.00197946
0.00252749
0.0422823
0.0106128
0.00563423
0.00790253
0.00477729
0.00736196
0.00609522
1.18518
0.00415908
0.0103025
0.00353781
0.00268015
0.00387978
0.0019776
0.00387338
0.00402466
0.0029853
0.000313707
0.0054706
0.00165362
0.298625
0.00341197
0.0108042
0.00700378
0.00473184
0.0015933
0.00349503
0.00551853
0.00475021
3.30878
0.00300161
0.00434431
0.0113337
0.00276079
0.00786718
0.847559
0.00715591
0.0026538
0.00868733
0.732182
1.98392
0.00965919
0.0111409
0.119294
0.00650208
0.0348326
0.0169716
0.0567827
0.00384093
0.0182029
0.00341771
0.631973
6.03149
0.00414314
1.3091
0.00700164
0.00553671
0.00700028
0.00516675
1.10676
0.0038966
0.128667
0.00834825
0.00497181
0.0237319
0.0639054
0.0490761
0.0148429
1.07556
0.00361571
0.00279461
0.00150757
0.0136359
0.01881
0.0084052
0.0072188
0.00750304
0.00110692
0.0016489
0.0120698
0.0191273
0.0520693
0.0140854
3.48911
1.39543
0.00120637
0.553281
4.98763
0.0174607
0.0562686
0.102659
0.000909164
0.004741
0.0021193
0.00564919
0.00140344
0.00874017
0.00432722
0.000989606
0.00248438
0.00372201
0.00508446
0.00293028
0.00899248
0.00385522
0.0026675
0.0023519
0.391047
0.00260994
0.00329944
0.00389113
0.00403797
0.0044533
1.55338
1.26225
0.0051126
0.00237398
0.000914333
0.0044174
0.0108915
0.00462605
0.00392955
0.00107704
0.0154204
0.00474925
0.00281536
0.00421213
0.0309792
0.0217584
0.00723376
0.00622356
0.00495291
0.00445201
0.00291317
0.00662983
0.00227029
0.0105981
0.00167949
0.000755733
0.0647287
0.00520262
0.00418393
0.00301289
0.00354904
1.15354
0.00719231
0.00576496
0.220893
0.00982958
0.454097
0.00714837
0.0503615
2.51383
0.00188159
0.0439933
0.00219209
0.0292777
0.125958
0.201894
0.00300625
0.058873
0.147887
0.0429642
0.0559747
0.00909406
0.0185124
0.0574294
0.00915841
1.20698
0.454223
0.0209557
0.0268462
0.0145002
0.939569
0.0146013
0.0239935
0.00990502
0.0099273
0.00378473
0.00521818
0.106866
0.00174107
0.421301
0.00977941
0.0291495
0.00201536
0.175652
0.0313092
0.00235596
0.0182848
1.46513
0.0596527
0.00135742
0.0518605
0.007384
0.0105498
0.00582587
0.0048568
0.0689795
0.00236855
0.985733
0.00442251
0.0932081
0.0040423
0.00318275
0.00407165
0.00495776
0.00137878
0.00718865
0.00511281
0.0641615
0.00237484
0.00515207
0.00536625
0.516452
0.00355092
0.00321199
0.00451812
0.565155
0.00362914
0.00471061
0.884937
0.00132099
0.78113
0.0053654
0.00805317
0.00309942
0.00737345
0.00321764
0.902773
0.000349138
0.00228057
0.00347127
0.00531915
0.00727172
0.562727
0.00369262
0.00148336
0.00300857
0.846175
2.37632
0.0013254
0.00102825
0.00425083
0.0156907
0.00191662
0.00480981
0.00949056
0.0091718
0.913925
0.0039868
0.000386875
0.393943
0.00341378
0.00340632
0.00825909
0.00548431
0.00503442
0.00114936
1.6917
1.85283
0.0043371
0.0102135
0.0010136
0.00548584
0.00393176
0.842028
0.00487977
0.983293
0.0058645
0.00815976
0.00562232
0.346358
