0.0389762
0.357856
0.00425191
0.010156
0.0338054
0.654679
0.509384
0.0343101
0.0128383
0.00356905
2.35004
0.0124308
0.733716
0.0266403
0.00358958
5.64051
0.00294879
0.00727788
2.25581
0.618368
0.0158143
0.00956891
1.33438
1.06468
1.71488
0.00316273
0.0254126
0.937232
0.0096587
0.19913
0.346816
0.036134
0.00260318
2.46321
0.00894527
0.00895798
0.0118611
0.00241696
1.48441
0.00566058
2.10606
0.00762666
1.7314
0.00654747
0.00316941
0.00376577
0.00945636
0.0162263
0.0111913
0.698513
0.00150077
3.00835
0.228591
0.00272001
0.00545411
0.0269373
0.820874
0.0023203
0.0234631
0.00958327
0.0194264
0.0235854
0.00673129
0.00285729
0.00495284
0.0243864
0.00219953
0.0127836
0.081314
0.012868
0.0607787
0.00285677
0.135562
0.0177854
0.000561298
0.00250145
0.0220039
2.14864
0.0214386
0.00334573
0.0112509
0.0355612
0.0111672
0.00235865
0.0252928
0.00330842
0.610422
0.92424
0.00653247
0.0268994
0.00328172
0.00233889
0.0387647
0.0229215
0.0717751
0.0653271
0.0752532
0.0230793
0.00359052
0.189847
0.0056898
0.0126488
0.0693293
0.030777
0.000448287
0.0114497
0.0049312
0.0371111
0.311661
0.0233641
0.0837203
0.0165322
0.022829
0.00184457
0.00679684
1.37817
0.0915849
0.119636
0.00636859
0.00551319
0.0335796
0.599917
0.0118443
0.00817236
0.00324507
1.62184
0.0535138
0.0560966
0.00737126
0.0731869
0.0125395
1.1573
0.0207558
0.0092643
0.130139
0.0354459
0.0139879
0.0246217
0.0786168
0.0861274
0.00452089
0.0374671
0.0284075
0.00943181
0.0028465
0.00436455
0.00703059
0.140991
0.0122984
0.00239592
0.0104666
0.0277402
0.00659589
0.0628392
0.00242752
0.00161175
0.00108993
0.0750229
0.00146919
0.00657707
0.0754231
0.0456611
0.00282774
0.0112965
0.044013
0.00109272
0.0036531
0.0138154
0.0117398
0.861394
4.26064
0.00747201
0.00266582
0.0665019
3.47869
0.00493665
1.39633
0.00597798
0.00558372
0.00308002
0.00625822
0.0213116
0.0228055
0.0154707
0.5268
0.319099
0.00679937
0.0127764
0.0691934
0.00208396
0.0288427
0.00218169
0.00201401
0.0439328
0.00805992
0.000949618
0.0126632
0.0210246
0.00724453
0.00636945
0.0348287
0.00514936
0.00423352
0.00890456
0.00802473
0.00330315
0.0041845
0.00155532
0.087848
0.0193405
0.107318
0.0650896
0.00145111
0.00260933
0.0801452
0.00288162
0.00470874
0.066131
0.0500896
0.0826612
0.0777947
0.00102949
0.00419735
0.00427809
0.272754
0.00304794
0.00220368
0.0039938
0.0116466
0.00293827
0.00452044
0.0056159
0.0075143
0.00816982
0.0728268
0.0236951
0.0222238
1.00108
0.0149949
5.79103
0.466409
0.0157512
0.00700577
1.3659
0.00609249
0.00190227
0.262886
0.00760402
0.0409107
0.0507389
0.0178534
0.0125395
0.00552967
0.0297091
0.0264752
0.808756
0.0710937
0.00495779
0.071175
0.0676182
0.00101662
0.00592226
1.20426
0.00506707
0.00255891
0.00211593
0.00423918
0.00349052
0.00413278
0.00706711
0.0439411
0.0982603
0.348106
0.00133742
0.0774846
0.0100474
0.0150541
0.0357065
0.0166554
0.00257184
0.00294555
0.0098232
0.0136295
0.00294077
0.116999
0.00548691
2.76784
0.0393381
0.0243059
0.00509353
0.00493233
0.00173308
0.0064953
0.263844
0.00288519
0.00704813
0.00519349
0.66418
0.00545035
0.00267817
0.00745809
0.00364224
0.00344894
0.00220327
0.00816089
0.00663102
0.00539876
0.00439474
0.00212705
0.00421059
0.00747741
0.0138172
0.024491
0.00193932
0.0706372
0.00192541
0.00240427
0.0192919
0.0124076
0.00299715
0.00364657
0.0392871
0.0053489
3.56294
0.0191613
0.0544822
0.00317832
0.00276744
0.00284874
0.0602135
0.0246679
0.0658062
0.0245513
0.00557725
0.0107004
0.0443291
2.18168
0.076203
0.00384549
0.000644139
0.00345271
0.00501751
0.00502557
0.0817769
0.00721579
0.00735605
0.0314896
0.00725718
0.0022929
0.0182559
2.63173
0.0033319
0.0134893
0.00374587
0.00401111
0.032089
0.0482416
0.721136
0.00353996
0.0176667
0.0108873
0.0111029
0.000350194
0.00325037
0.194943
0.00278917
0.00127686
0.0372023
0.0908561
0.00372324
0.028594
0.134681
0.00765243
1.09672
0.00552371
0.00204594
0.0112824
0.000439134
0.00354479
0.0085049
0.00323718
0.00327868
0.00184946
0.00555112
0.0056715
0.095313
0.00437164
0.00125285
0.00184047
2.49016
0.0099861
0.00168398
0.00288196
0.0125126
0.0029524
0.00554954
0.00492502
0.00443569
0.0175442
0.00599896
0.001557
0.000685224
0.0040557
0.0246074
0.0117203
0.0094974
0.095282
0.0183216
0.000247063
0.0153791
0.0117343
0.00780322
0.660014
0.00769931
0.00797415
0.0021504
1.81319
0.00349667
0.00270923
0.0272854
0.000758808
0.00900149
0.00561327
0.00818016
0.00787777
0.00398083
0.00317149
0.0151216
0.0121853
0.0057824
0.00569052
0.0156204
0.00272396
0.00660343
0.00395211
1.72651
0.0116952
0.0279453
0.0069776
0.00573952
0.00303914
0.00245548
0.0141695
0.00548838
0.00247194
0.0155974
0.00576843
0.00607872
0.00844386
0.000925535
0.00258817
0.00255741
0.0075337
0.00447863
0.00160898
0.00385624
0.00588297
0.00103832
0.00359257
0.00734081
0.603
0.00136529
0.00399531
0.0101658
0.00515087
0.00340679
0.00903674
0.00163272
0.000917444
0.00418219
0.00498123
0.00901029
0.00233007
0.00396
0.00997135
0.0112451
0.241187
0.00991596
0.0681535
0.0115912
0.0283421
0.0154006
0.0034809
0.00570354
0.00526739
0.00189564
0.00575617
0.00308941
0.00407735
0.00617329
0.00122577
0.00435744
0.00206765
0.0427898
0.0188326
0.00391854
0.00755337
0.0178788
0.00236096
0.0133133
0.0185019
0.00720848
0.00548246
0.00254142
0.0159747
0.00295871
0.00455568
0.00950939
0.00373634
0.00186806
0.00580668
0.0132802
0.00620773
0.00128403
0.00527192
0.006558
0.00113282
0.00670912
0.0137845
0.00642514
0.00639017
1.51256
0.00165922
0.00921504
0.0053075
0.00600591
0.00797648
0.00303317
0.00352395
0.00836469
0.00457506
0.0144349
0.0141576
0.00746521
0.00120353
0.00748281
0.00735441
0.0103862
0.00190869
0.00745955
0.00642591
0.00453333
0.00335326
0.00461084
0.00113442
0.00398517
0.00157746
0.00131079
0.00543993
0.00237788
0.00418925
0.00185761
0.00409149
0.00282061
0.00427853
0.00742362
0.00198922
0.00118428
0.00389305
0.00384161
0.00496492
0.00527957
0.00843561
0.00276722
0.00416783
0.00606803
0.00191455
0.00257649
0.00171703
0.352287
0.00284255
0.0025917
0.00774067
0.00345169
0.00497283
0.00425846
0.0251552
0.00458491
0.00792008
0.00338468
0.00344812
0.00540449
0.0111727
0.115917
0.00121862
0.0192212
0.0519702
0.00580982
0.00827296
0.00870869
0.00428669
0.361233
0.000802976
0.00665912
0.0420361
0.0301672
0.0585182
0.00997918
0.0351116
0.00771331
0.0660158
0.00203487
0.0105469
0.0172934
0.0973064
0.010085
0.0030222
0.218122
0.265226
0.129764
0.00459481
0.00200598
0.00283036
0.00710763
0.0221227
0.00863226
0.00888357
0.00372949
0.00418723
0.490717
0.00977668
0.369888
0.00417656
0.0128832
0.0135053
0.551974
2.66266
0.0597648
0.272541
0.0152634
0.0071635
0.0163247
0.130765
0.00626545
0.00347809
0.00807469
0.0153133
0.0226032
0.0024598
0.00370694
0.00284257
0.00397275
0.00503215
0.00910785
0.00258939
0.00333144
0.00761773
0.00604421
0.00490168
0.000428608
0.0145148
0.00123221
0.0098235
0.0022342
0.00295665
0.0198325
0.00620025
0.0108354
0.00249018
0.0123638
0.00781376
0.0122352
0.0077306
0.0112463
0.00297538
0.010248
0.0062745
0.00396967
0.273903
0.00412069
0.0182349
0.00677546
0.00373818
0.00494185
0.00113729
0.0067887
0.0016276
0.00123294
0.00384002
0.00228438
0.00529451
0.00240009
0.00221287
0.00189665
0.00179351
0.00185518
0.0043247
0.434984
0.00143115
0.000558684
0.000896548
0.00225763
0.00565783
0.0144403
0.00146802
0.00071852
0.00657681
0.0052971
0.00942126
0.005949
0.00771077
0.00524355
0.00130553
0.0074638
0.00314573
0.00164103
0.00439684
0.0058182
0.00461439
0.00638741
0.00403897
0.00274286
0.000758824
0.00548193
0.00279937
0.00277712
0.0059739
0.89091
0.00183391
0.00816721
1.09524
0.00639282
0.0248502
0.0124765
0.00170292
0.00509745
0.00520092
0.00475822
0.00108597
0.00638623
0.0060217
0.00185862
0.00325505
0.00757616
0.00567393
0.00275858
0.206049
1.36555
0.00518244
0.00193238
0.0168264
0.00224736
0.14025
1.27547
0.00556548
0.00396616
0.00479045
0.00523212
0.00206968
0.0027846
0.00227486
0.00449381
0.00647561
0.00255398
0.180383
0.00411584
0.177048
0.013829
0.00261669
0.00276429
0.00224984
0.00388712
0.00793152
0.00479244
0.00152474
0.00301872
0.00680288
0.389345
0.00347907
0.00146982
0.0679217
0.00742188
0.00374003
0.00641584
0.0386074
0.00163346
0.00689029
0.172518
0.0107749
0.0188422
0.376848
0.00211649
0.000875941
0.00636419
0.00142835
0.175775
0.00443009
0.00247425
0.0054761
0.044769
0.624035
0.00953982
0.0120292
1.5793
0.0763528
0.00502952
0.00971676
0.00663701
0.00354371
0.00348244
0.00474298
0.00372296
0.0281753
0.00356919
0.00246688
0.00973201
0.00652182
0.00851021
0.0782329
0.00324382
0.0114933
0.00259638
0.00228631
0.00528238
0.000769439
0.0117064
0.0274672
0.00680971
0.0214925
0.578888
0.00822514
0.0067314
0.00185577
0.00614594
0.00198622
0.00922074
0.0111076
0.0125206
0.00703626
0.0115742
0.00865129
0.00713477
0.0148537
0.00215809
0.00276069
0.00108245
0.00866236
0.0029745
0.000653481
0.0107321
0.00330207
0.00374098
0.00687922
0.010056
0.00392726
0.00161724
0.00770314
0.00716997
0.00519667
0.00139261
0.00381707
0.0765526
0.131569
0.00818061
0.0205332
0.0086906
0.00392953
0.371285
0.0061347
0.0483048
0.0110923
0.00311056
0.00240387
0.0073324
0.00184519
0.00688728
0.0011439
0.00251312
0.00425113
0.0137123
0.840062
0.00311177
0.00418707
0.000727722
0.00390457
0.00149497
0.00412116
0.000893449
0.00456174
0.0157823
0.00507231
0.00942773
0.0573434
0.00644648
0.0118045
0.344884
0.0101487
0.0316436
0.016366
0.0227916
3.01174
0.0031105
0.0999686
0.0087624
0.10538
0.0135404
0.0463326
0.0228862
0.00248911
0.0021751
0.00781776
0.00517917
0.0110582
0.0317779
0.0120483
0.0105677
0.0037836
0.589826
0.00229157
0.00537417
0.0190006
0.00347485
0.00891071
0.00203425
0.0132332
0.0130574
0.0470322
0.0137878
0.00728888
0.0138185
0.00690149
0.00372285
1.33697
0.0108259
0.00909224
0.0170534
0.00302884
0.00946101
0.00157234
0.00452431
0.00861905
0.00605326
0.00345571
0.00430125
0.00197656
0.00267592
0.00872549
0.00346149
0.00945758
2.48643
0.00386437
0.00127683
0.00217392
0.00605918
0.005028
0.0074767
0.0013693
0.00141456
1.94006
0.00342694
0.560641
0.00303378
0.00809223
0.108495
0.267009
0.0111307
0.00331651
0.00610838
0.0115843
0.00284807
0.00340792
0.00327823
0.078658
0.0194137
0.00840625
0.0589088
0.0289005
14.0246
0.0714993
0.00437941
0.0765504
0.00626768
0.00597866
0.558502
0.0101331
0.0283202
0.00345578
0.00335351
0.0219698
0.000979294
0.00520152
0.0890935
0.0394999
0.00496647
0.00337196
0.0871693
0.0192644
0.365233
0.0243211
0.0675238
0.0081681
0.00263147
0.00443102
0.0118818
0.0625017
0.00424545
0.00167637
0.00236615
0.00521537
0.00127259
0.0114329
0.00457434
0.00494918
0.00673103
1.72595
0.445126
0.00661463
2.221
0.0166951
0.0155253
0.785492
2.00007
0.0179222
0.00184495
0.00182797
0.00454549
0.00184324
0.000752026
0.00333086
0.0015139
0.00366635
0.00639754
0.00720981
0.00288881
0.00158145
0.0023198
0.00149537
0.00187068
1.00388
0.00434487
0.0026234
0.00231802
0.00179761
0.00399974
0.075268
0.00341009
0.110188
0.00573925
0.0072994
0.0112693
0.734139
0.0371675
0.269461
0.010795
0.0368442
0.00652814
0.0065368
0.00391634
0.0317579
0.358131
0.00939629
0.0120075
0.00504088
0.0111105
0.708748
0.449609
0.0302655
0.00774883
0.00256962
0.024548
0.410008
0.200967
0.00673346
0.0165579
0.00878119
0.00191276
0.00966187
0.00530822
0.00206159
0.00580338
0.00133342
0.00592611
0.00801382
0.0023583
0.00337456
0.00213247
0.00841156
0.00487774
0.00146723
0.00395432
0.00177849
0.00141203
0.00260445
0.00404756
0.0054399
0.00515043
0.0091864
0.00540323
0.00426558
0.00131142
0.00406786
0.0028015
0.516042
0.00486377
0.00574711
0.00434957
0.00410501
0.00619735
0.00144595
0.00387226
0.00293298
0.00275779
0.00144019
0.00303748
0.00332135
0.00568482
0.00817656
0.00456934
0.00476944
0.00167328
0.0048822
0.0103417
0.00415697
0.00608861
0.0103735
0.00350814
0.00162566
0.0100838
0.00584863
0.000947821
0.00600813
0.003484
0.081339
0.373471
0.0272219
0.0442433
0.0127832
0.00777057
0.00418043
0.000722303
0.00715831
0.00155845
0.00850218
0.00887816
0.00786361
0.000906124
0.00689961
0.00876133
0.0010372
0.0079909
0.00596512
0.00156016
0.00196595
0.00164216
0.00481317
0.00466435
0.00162657
0.00392973
0.199869
0.00490906
0.412296
0.0253852
0.00588278
0.00828019
0.015016
0.00372981
0.00329628
0.00688706
0.567842
0.0919713
0.00168183
0.00406108
0.00768047
0.00626622
0.00353651
0.00479981
0.00311504
0.0147376
0.00286398
0.00788976
0.00123301
0.013599
0.00211092
0.000979758
0.0051935
0.00428367
1.98421
0.00425203
0.00298441
0.00518869
0.00256913
0.00180703
0.00271738
0.00226722
0.00140526
0.00617769
0.00164422
0.139198
0.41593
0.00703273
0.0134721
0.36628
0.00949105
0.916284
0.045602
0.00731892
0.00703505
1.82343
0.00147143
0.00252327
0.000576334
0.617933
0.00182042
0.00505839
0.00467869
0.00224334
0.003003
0.00419598
0.00293091
0.00445027
0.0211061
0.00210301
0.0205857
0.0296969
0.00178641
0.00622162
0.007398
0.00128166
0.0212833
0.00913807
0.00511507
0.000977539
0.00503332
0.00113715
0.00850612
0.00262983
0.00475098
0.00572416
0.00419193
0.00625297
0.00288749
0.00388609
0.00245393
0.00418324
0.0027917
0.206893
0.00318117
0.00604879
0.00489744
0.0112758
0.00272548
0.00544003
0.00486556
0.811004
0.00243138
0.0333228
0.00164401
0.00482146
0.0307746
0.0175466
0.781513
0.507276
0.0208206
0.00481514
0.00735753
0.00113414
0.00264077
0.00650503
0.00277951
1.17948
0.00558634
0.00270311
0.00828375
0.0316085
0.0676667
0.0304153
2.2326
0.0193028
0.0779803
0.00244503
0.00313885
0.00657686
0.0113688
0.00502792
0.0015989
0.0344265
0.128958
0.00344942
0.0107592
1.08655
0.00769455
0.00449097
0.00848519
0.00223632
0.00269963
0.0548327
0.271985
0.00414448
0.130857
0.00321012
0.0736312
0.000612949
0.00386657
0.00355834
0.00541577
0.00301969
0.436305
0.00366587
0.0076703
0.00522869
0.00353952
0.00390095
0.00104646
0.0773165
0.0562221
0.00417774
0.23802
0.00222997
0.00460039
0.0254247
0.00426352
0.00506064
0.0103777
0.00655907
0.00526437
0.00750248
0.0132281
0.00731092
0.00269698
0.0034692
0.00108959
0.00534915
0.009908
2.66567
0.00863941
0.00405553
0.00614966
0.00283619
0.00310732
0.0570466
0.000639746
0.00250647
0.00232613
0.00546709
0.00793083
0.00733837
0.0122278
0.0652794
0.00322065
0.00766387
0.00561322
0.557066
0.878903
0.00116601
0.41582
0.00580915
0.476712
0.000788041
0.102722
0.296648
0.00598001
0.00358663
0.00330511
0.00425342
0.00691689
0.00636837
0.0027329
0.00426964
0.00139165
0.196245
1.21732
0.0442872
0.0475451
0.00275991
0.00113546
0.00383429
0.000844238
0.00158442
0.000937461
0.00780777
0.00286181
0.00774371
0.00124471
0.00126345
0.00875608
0.00152035
0.00391539
0.0014398
0.00615607
0.0090723
0.0015293
0.00237154
0.00635307
0.00361881
0.00760367
0.00136046
0.00193474
0.00992203
0.0023635
0.00673261
0.0111146
0.0125517
0.00475743
0.00605997
0.00354188
0.00829428
0.00426163
0.00284769
0.00639066
0.00674085
0.0081755
0.00586795
0.00391149
0.00486862
0.00554534
0.00705278
0.00696306
0.00670283
0.00089794
0.00764724
0.0153757
0.00310105
0.00464513
0.31527
0.00195615
0.00969514
0.036427
1.77983
0.0837765
0.00634604
0.00386146
0.0137786
0.00122526
0.00200226
0.0022072
0.774104
0.0890129
0.00582065
0.00272958
0.0229716
0.00758076
0.670734
0.00903051
0.00732773
0.00547739
0.00760057
0.00118752
0.00380712
0.00331654
0.00324981
0.290184
0.00348233
0.0032792
0.00595507
0.00264675
0.0112596
0.00286978
0.00296838
0.129076
0.00178049
0.00243963
0.00403454
0.00667446
0.249155
0.350221
0.00676171
0.00502041
0.00335389
0.00325246
0.00469494
0.0113451
0.0180739
0.0069086
0.00438942
0.0124816
0.00453864
0.00681445
0.00742797
0.00245319
0.00745804
0.00136349
0.0060519
0.0071075
0.00157172
0.00164246
0.00726616
0.00391701
0.00252766
0.0023267
0.00506728
0.00608186
0.00375963
0.00682505
0.00431152
0.00120666
0.00147827
0.00375516
0.0021572
0.00754299
0.00356494
0.00351774
0.00180195
0.0165076
0.763376
0.478466
0.00985405
0.003538
0.0110952
0.00692048
0.00285448
0.0119307
0.00105201
0.00198866
0.00749672
0.00132943
0.00334475
0.00210342
0.00612798
0.0025363
0.00387497
0.00826726
0.00301962
0.00113549
0.00747171
0.00391476
0.00563273
0.00543124
0.00337092
0.00948094
0.00215256
0.00294666
0.00736173
0.0100271
0.0087864
0.0120318
0.0119345
0.00270996
0.0115984
0.00447804
0.00840107
1.5863
0.0013523
0.00083664
0.000997451
0.0135105
0.00229172
1.45412
0.00484704
0.00386592
0.0034451
0.00546028
0.00615478
0.00214191
0.00199702
0.0175032
0.00444897
0.00921661
0.00265981
0.000568628
0.00280078
0.00139283
0.00185533
0.00163135
0.00168402
0.00259296
0.00325696
0.0040288
0.0038732
0.00570795
0.00284557
0.00495396
0.000982912
0.00359637
0.00603172
0.00493657
0.206631
0.00975919
0.0467406
0.00190194
0.00526812
0.00140767
0.00481047
0.00860186
0.0127163
0.000426322
0.0077972
0.00458126
0.0403339
0.236549
1.17931
0.00344611
0.0101226
0.0197952
1.13611
0.00991968
0.00411744
0.00387699
0.0251084
0.0118886
0.0151064
0.00927372
0.00670895
0.38347
0.00157629
0.036331
0.00442389
0.329113
0.0231958
0.00247953
0.00716957
0.00892232
0.00246359
0.00302468
0.697216
0.0212563
0.00990718
0.00754865
0.00366405
0.0242541
0.00766284
0.00196754
0.00572735
0.0052733
0.00256614
1.00742
0.408918
0.00723751
0.00867673
0.00596667
0.00347762
0.00095997
0.0130896
0.00519636
0.0163273
0.00515895
0.00969378
0.00683525
0.00196087
0.00326678
0.00579153
0.000305833
0.00873543
0.00285015
0.00319282
0.00181786
0.0040154
0.00546349
0.00276281
0.00233738
0.00283557
0.00398957
0.0030799
0.00383763
0.0074235
0.00128004
0.0194293
0.00877264
0.0209178
0.00327119
0.00628312
0.0288883
0.0974585
0.0125469
0.22685
0.00110917
0.00299283
0.00199841
1.38767
0.00237944
0.010438
0.0062336
0.00308843
0.000563238
0.00286661
0.00218835
0.00606682
0.920763
0.00309385
0.00800635
0.00325967
0.00401225
0.00373876
0.0103585
0.00643513
0.00500473
2.62341
0.0016371
0.0033502
0.00608014
0.00536729
0.00530616
0.00236879
0.00531707
0.00271513
0.00628721
0.00333602
0.00278264
0.0184628
0.00398534
0.0453688
0.00525196
0.00039796
0.013596
0.141317
0.00242224
0.149534
0.255571
0.0085191
0.00183747
0.000729735
0.00648933
0.0037333
0.0045575
0.00340204
0.00317981
0.334691
0.00751026
0.00191485
0.00136874
0.64392
0.505793
0.00483426
0.00177632
0.00223892
0.0422754
0.0106123
0.00550858
0.00784941
0.00458303
0.00606777
0.00603791
0.753062
0.00368634
0.00988893
0.0032704
0.00093561
0.00350952
0.000525672
0.00382838
0.00399839
0.00190376
0.000217284
0.00487281
0.00138367
0.298625
0.00274467
0.0107915
0.00695947
0.00360327
0.00151476
0.00345178
0.0054757
0.00424852
1.24139
0.00298138
0.0042317
0.0111961
0.0026585
0.00785789
0.847558
0.0069951
0.00258334
0.00865957
0.73218
1.98392
0.00960631
0.0110146
0.119278
0.00636483
0.034831
0.0169672
0.0567825
0.00332906
0.0181245
0.00312592
0.631971
5.99267
0.00402717
1.3091
0.0069541
0.0055232
0.00696622
0.0043847
0.929037
0.00373289
0.128662
0.00669061
0.00496485
0.0237269
0.0639052
0.0490626
0.0148419
1.07556
0.00206213
0.00275218
0.0014942
0.0133841
0.0186344
0.00748937
0.00678058
0.00731878
0.000954719
0.0008159
0.0120064
0.0190343
0.0520678
0.0140197
3.40503
1.39543
0.00114905
0.553281
4.93201
0.0174459
0.0562626
0.102659
0.000770967
0.004741
0.00180219
0.00488328
0.000410605
0.00873001
0.00431166
0.000909552
0.00182375
0.0016164
0.00507935
0.0028226
0.00874401
0.00380046
0.00263605
0.00185637
0.32225
0.00207568
0.00328961
0.00385682
0.00380744
0.00361277
1.34817
1.24316
0.00499103
0.00222386
0.000869145
0.00441515
0.0108914
0.00372633
0.00387549
0.000628266
0.0151815
0.00457372
0.00263747
0.00256111
0.0309767
0.021752
0.00721167
0.00621354
0.00459113
0.00445124
0.00254973
0.00635313
0.00202577
0.0105742
0.0015095
0.000520196
0.0647284
0.00517534
0.00418291
0.00293087
0.00352029
1.15353
0.007192
0.00574903
0.220891
0.00982306
0.454096
0.00712119
0.0503568
2.51383
0.00158819
0.0439931
0.00173971
0.0292763
0.125953
0.201893
0.00290628
0.0588587
0.147887
0.0429635
0.0559745
0.0090585
0.0185011
0.0574269
0.00892025
1.20698
0.454221
0.0209545
0.0268457
0.0144988
0.939568
0.0145904
0.0239929
0.00989401
0.00951274
0.00370928
0.00509616
0.106866
0.00169623
0.421301
0.00958698
0.0291473
0.00199073
0.175652
0.031302
0.00231687
0.0182841
1.46513
0.0596517
0.00057484
0.0518587
0.00736442
0.0102282
0.00574024
0.00485384
0.0689764
0.0023124
0.985733
0.00424772
0.0931986
0.00401
0.00318274
0.00406653
0.00458043
0.00120182
0.00630463
0.0051054
0.0641522
0.00230284
0.00499351
0.00535914
0.348584
0.00355064
0.00221148
0.00419865
0.374878
0.00350844
0.00324303
0.330244
0.00132072
0.56981
0.00534267
0.00789564
0.00294847
0.00710774
0.00307407
0.57601
0.000275501
0.00169812
0.00289478
0.00527113
0.00687914
0.513386
0.00353337
0.00147654
0.00294443
0.579402
2.23997
0.00131427
0.00102783
0.00393291
0.0147641
0.00170475
0.00413815
0.00948981
0.00916909
0.672034
0.00398
0.000167872
0.249923
0.00311686
0.0033436
0.00773246
0.00547434
0.00492593
0.000838039
1.5404
1.24555
0.00382729
0.0101569
0.00101191
0.00535032
0.00389664
0.566622
0.00483068
0.712704
0.00585193
0.00808638
0.00553836
0.229714
