322
240
88
254
88
262
239
88
122
122
88
122
122
122
122
88
186
225
122
183
180
122
146
88
122
146
122
225
180
180
88
180
288
254
149
183
88
225
225
254
128
225
268
122
254
88
288
128
288
146
146
180
122
288
122
225
260
88
225
225
122
254
243
240
288
288
259
254
254
225
237
205
228
288
238
239
234
225
214
234
122
294
239
200
254
262
205
227
320
243
288
259
205
234
225
271
225
225
225
259
288
288
254
203
88
288
122
180
146
122
88
254
237
171
254
240
200
208
146
234
180
146
268
122
258
88
200
234
262
234
122
122
200
152
88
294
88
254
238
239
171
254
237
219
183
238
187
234
225
225
254
146
259
259
171
192
219
259
240
225
288
225
171
254
205
310
257
208
180
225
146
122
268
88
254
205
122
128
122
88
179
146
180
122
88
122
399
205
240
171
88
278
224
208
291
286
225
225
265
342
171
259
540
234
260
193
272
273
234
291
200
288
259
260
225
254
294
225
225
205
205
200
171
299
187
238
275
236
228
253
294
419
225
259
237
268
225
146
146
122
260
171
225
156
122
122
259
237
288
205
268
205
254
239
196
294
225
288
259
254
304
270
247
222
250
205
273
209
259
259
171
259
307
288
254
288
171
322
254
225
225
239
288
293
205
205
288
200
322
225
180
259
282
241
322
290
278
234
234
231
260
294
341
289
219
221
259
239
273
294
335
240
206
237
234
326
329
254
225
315
269
259
88
122
122
259
310
222
253
288
288
171
171
117
122
87
122
259
294
327
320
241
224
259
294
208
171
225
225
259
252
259
240
244
225
225
145
122
128
146
291
206
193
290
171
219
288
171
225
286
183
171
248
171
262
205
229
270
250
298
227
304
203
269
254
254
281
253
225
241
239
190
273
200
244
224
200
333
3501
208
174
225
254
205
260
234
259
171
225
174
225
174
288
200
225
259
219
200
222
171
225
288
234
200
205
259
171
254
234
294
171
183
257
237
205
208
200
288
234
310
291
171
295
237
253
205
304
252
304
259
219
318
242
228
266
212
208
187
273
291
237
225
284
297
288
275
235
322
443
243
284
215
205
288
174
203
228
239
241
304
234
288
269
200
203
211
259
234
225
208
254
206
262
205
200
200
200
205
257
245
208
262
225
259
200
171
257
200
225
203
205
200
259
262
254
228
203
257
259
275
203
271
171
257
291
205
205
225
291
259
174
257
200
240
244
205
203
225
234
288
228
259
304
234
257
200
228
232
257
259
278
294
174
171
275
212
267
259
229
222
234
338
237
199
234
273
231
446
316
232
245
193
224
299
174
325
288
225
219
183
259
290
200
225
259
225
171
254
225
190
260
225
268
206
259
225
288
294
217
225
200
174
237
266
200
288
234
237
234
259
205
260
225
171
205
259
288
225
259
206
234
259
239
225
171
200
203
288
205
262
200
200
225
171
225
234
171
200
200
225
240
270
225
228
230
228
288
171
216
200
225
225
225
200
228
174
234
165
171
225
171
174
254
200
254
200
234
234
288
228
228
225
253
304
244
225
307
208
285
253
334
216
225
174
200
289
291
253
219
284
241
208
206
291
241
271
240
288
241
286
228
298
288
235
278
228
322
205
234
270
748
187
244
254
297
225
221
174
208
278
205
200
253
234
174
234
240
278
279
329
208
225
263
254
515
190
259
174
254
262
206
193
278
294
203
254
300
292
251
300
224
310
206
288
200
218
225
205
200
281
252
224
216
304
225
236
240
240
262
254
288
254
288
171
170
225
259
225
146
146
122
254
225
205
234
260
200
234
225
122
122
146
259
88
225
122
259
300
203
234
225
273
203
254
219
294
259
254
259
225
208
205
254
268
241
259
288
306
291
252
240
250
253
294
171
200
228
240
206
256
205
270
254
243
288
291
259
171
259
200
320
259
287
259
218
311
308
203
327
262
203
206
219
254
234
146
234
180
146
146
200
228
273
203
398
314
318
367
275
304
256
337
259
345
296
240
256
190
288
205
205
234
205
171
259
268
171
200
259
259
288
183
225
146
122
180
243
234
225
206
288
225
291
200
171
270
259
173
254
225
200
225
280
240
200
240
254
262
171
216
205
288
200
205
234
250
288
262
237
288
222
224
171
200
203
187
200
232
281
205
262
288
174
171
320
250
206
295
232
279
263
288
259
254
234
225
225
238
259
418
212
288
225
259
254
225
88
117
146
146
271
234
254
88
200
234
294
263
200
222
319
268
171
240
216
259
263
171
259
234
221
221
241
221
254
259
219
208
279
171
205
205
262
190
203
225
200
200
253
180
180
88
179
288
237
216
254
254
288
262
200
276
241
224
200
208
228
274
234
198
187
208
282
205
234
254
194
234
205
259
205
234
234
200
200
234
203
254
174
225
225
268
254
242
237
206
288
171
225
254
267
1210
208
190
225
314
256
225
243
234
276
219
322
219
206
171
279
174
266
200
307
307
310
227
254
212
203
219
281
265
224
278
332
273
212
171
316
262
254
240
254
256
320
228
225
205
270
203
291
270
249
278
186
327
219
227
237
309
262
290
174
240
268
228
260
205
234
272
209
291
295
269
320
257
345
238
218
335
208
321
276
316
225
232
200
231
300
464
225
208
241
259
238
287
278
381
307
253
205
205
283
171
330
208
200
228
203
206
263
223
244
260
206
269
171
304
417
248
269
288
311
323
320
209
561
285
298
225
88
122
200
224
228
273
288
253
273
200
262
256
276
187
259
208
228
260
326
288
225
219
254
200
234
200
208
265
294
240
228
259
431
221
234
171
259
225
273
291
281
262
262
262
171
305
225
259
203
278
225
276
257
262
294
146
152
225
314
266
254
239
146
122
254
291
275
260
221
228
269
300
322
278
171
225
171
88
205
234
205
208
222
234
253
216
291
205
205
237
254
122
121
152
174
209
225
225
205
228
171
259
225
259
308
250
259
273
253
171
237
266
310
203
253
205
146
225
288
285
259
225
276
254
254
203
203
259
171
271
199
273
294
282
320
485
288
231
279
547
291
263
286
288
323
308
298
256
324
244
219
260
240
279
378
309
251
262
341
171
240
339
200
298
254
183
203
234
307
433
415
243
122
239
200
203
171
229
187
288
171
303
248
257
203
253
276
240
307
249
203
168
293
234
262
316
275
259
307
304
232
257
257
230
281
225
313
224
203
234
174
208
313
208
269
231
190
219
205
281
171
228
263
350
260
205
171
288
339
205
171
297
288
222
219
310
205
288
735
307
205
234
174
200
326
290
291
313
282
326
393
241
336
310
260
240
171
204
273
275
259
356
187
253
310
262
257
291
316
262
239
200
281
171
262
241
190
492
200
200
262
278
242
241
288
200
308
232
262
234
309
219
216
222
298
272
237
244
200
329
278
244
253
326
234
291
200
291
219
259
205
209
234
576
216
250
293
288
329
294
193
242
319
263
428
285
174
444
222
254
200
291
253
200
200
171
234
250
254
174
174
259
208
205
288
254
288
259
304
239
262
288
205
219
205
216
225
228
288
262
259
225
288
310
257
342
288
212
254
174
284
219
215
171
253
314
200
234
171
288
254
288
257
225
225
257
254
200
205
288
171
171
288
234
288
254
288
171
234
250
259
262
259
228
200
250
205
234
200
254
254
288
225
171
259
288
254
259
259
206
288
291
205
183
259
171
237
288
237
302
200
262
261
325
259
262
200
278
254
237
308
300
251
219
221
259
221
326
171
174
259
346
209
256
251
253
219
268
254
200
479
200
171
259
260
171
254
244
250
228
193
275
234
208
288
254
259
206
203
232
358
190
259
259
251
348
273
206
291
308
263
205
304
254
227
273
171
260
234
254
224
292
317
254
260
294
237
259
291
193
304
199
303
299
209
323
282
353
234
259
399
241
204
225
226
171
254
183
200
302
209
288
174
297
237
310
336
258
259
329
254
221
260
196
275
361
254
256
205
253
266
359
254
205
291
260
216
320
268
274
254
205
171
170
205
171
254
206
225
205
263
293
146
146
121
225
122
156
122
225
88
225
228
361
272
368
225
288
206
171
234
288
225
171
171
276
244
224
255
222
273
240
290
284
237
170
254
254
151
225
116
122
122
122
180
146
205
228
338
225
294
237
259
262
206
310
174
171
241
200
254
187
208
253
174
278
253
253
200
288
216
281
254
254
262
187
259
300
288
383
237
206
244
254
237
259
373
326
291
307
291
171
200
240
171
171
190
408
286
190
259
307
310
259
208
259
259
292
225
180
225
288
288
200
225
240
205
171
205
316
146
234
228
88
205
122
88
288
88
146
225
122
225
241
234
237
200
224
361
359
171
259
225
171
225
259
122
88
186
88
339
262
251
238
239
288
146
179
225
247
313
174
193
232
174
171
234
257
314
200
202
286
200
241
341
219
228
284
205
256
225
247
257
200
208
276
234
275
219
230
260
273
208
257
243
279
279
244
208
170
234
228
227
234
286
234
171
272
286
187
228
254
216
293
171
367
273
258
303
329
187
291
273
320
253
187
225
259
259
180
122
151
254
146
88
146
180
146
156
146
180
183
234
239
122
122
122
146
85
288
125
254
253
259
88
254
88
122
225
260
254
146
225
225
88
122
146
88
268
88
254
223
225
268
88
268
260
180
88
146
225
180
205
122
121
180
146
288
146
122
180
234
273
171
288
260
205
234
259
259
254
233
224
111
288
225
263
254
288
122
254
254
259
200
474
262
225
228
260
206
206
206
259
205
200
234
254
224
206
171
259
200
293
180
200
146
322
128
122
146
259
225
225
190
257
225
257
234
205
122
122
88
88
217
151
171
171
288
271
122
122
156
146
180
322
186
322
88
239
180
288
225
332
277
269
222
288
254
225
122
205
239
254
234
294
244
234
291
225
234
254
322
254
225
203
234
171
122
146
122
121
205
322
200
224
122
180
180
88
146
180
180
156
177
145
257
171
259
288
322
243
377
205
208
259
234
259
415
209
253
205
480
259
254
288
281
294
205
288
200
243
288
171
288
205
234
254
254
225
254
260
259
219
225
215
248
361
295
200
288
298
259
208
219
225
152
122
121
214
254
259
288
195
122
122
259
200
171
274
322
205
288
180
268
254
122
288
268
174
254
326
207
311
219
288
260
262
4870
259
171
259
323
259
171
205
171
268
186
205
234
271
225
239
225
287
311
234
239
225
239
293
273
297
221
227
205
260
254
254
270
262
207
301
276
236
225
216
272
244
310
259
183
288
225
368
244
200
200
344
270
200
180
146
225
259
437
308
345
260
205
171
200
122
122
225
180
205
243
266
256
322
282
171
279
234
288
206
239
122
205
200
205
237
323
206
88
180
120
259
254
291
174
250
268
205
225
225
205
212
200
200
234
259
303
190
219
275
310
257
311
262
259
247
254
224
288
259
208
254
206
270
222
221
273
244
387
205
225
171
310
208
238
254
239
294
254
254
288
200
297
171
203
288
254
234
288
225
259
259
200
254
257
225
200
225
254
205
259
259
234
225
225
208
247
225
174
239
171
205
262
257
225
228
200
282
203
250
208
253
262
257
205
228
259
556
208
259
225
232
200
238
253
220
259
237
171
222
294
225
254
306
225
249
397
224
193
260
225
225
263
171
228
344
234
462
262
174
288
257
270
205
741
231
288
234
288
171
254
203
225
225
225
171
225
288
288
203
234
307
174
240
291
257
254
228
234
262
307
193
243
225
296
276
234
171
234
225
257
205
234
288
171
288
200
206
187
268
205
259
224
259
228
174
278
259
229
265
228
245
283
174
234
244
291
206
221
254
256
273
304
230
209
209
278
288
273
235
291
287
190
208
224
248
285
171
209
202
265
171
171
222
200
225
259
288
200
259
171
262
200
205
288
205
171
291
234
200
288
200
254
234
288
200
254
225
257
259
205
205
205
288
288
171
171
260
217
288
200
254
234
259
171
262
278
259
297
260
225
254
234
174
288
234
206
171
254
174
174
205
225
254
259
205
259
334
240
296
171
259
203
203
200
208
234
291
288
174
171
206
200
205
208
171
243
266
254
203
187
203
289
304
174
257
234
257
221
273
208
244
171
244
270
203
171
235
228
257
203
278
273
228
227
205
275
238
193
234
170
292
237
237
262
285
317
266
311
238
243
256
300
225
228
289
254
200
257
307
288
203
288
171
234
174
253
229
251
205
288
239
225
225
203
190
307
259
234
205
257
259
304
234
206
237
215
225
237
236
418
171
288
276
239
257
252
242
225
203
200
262
273
276
283
544
291
283
379
238
285
205
234
200
234
254
288
206
122
146
186
254
180
268
259
294
171
234
171
254
146
122
122
146
234
88
254
294
302
260
365
276
432
237
259
288
254
254
171
234
225
225
234
174
225
240
254
171
288
259
288
257
225
174
259
346
257
253
174
225
254
200
257
174
171
225
271
208
234
205
228
282
237
237
228
252
228
262
225
234
253
248
262
259
254
121
254
146
122
180
122
268
169
254
238
265
240
266
273
287
285
292
359
212
333
222
283
238
227
244
171
254
200
288
171
208
254
259
234
205
171
171
162
225
88
146
88
177
200
237
254
287
208
225
225
200
234
171
225
205
259
268
205
208
225
288
225
200
202
225
208
259
176
216
361
206
237
260
171
291
187
234
259
200
228
254
254
233
307
294
193
259
259
203
307
205
208
253
257
193
190
261
171
234
234
254
326
234
333
243
171
288
275
288
171
233
254
225
254
225
259
293
259
225
88
180
200
235
234
221
244
262
260
234
288
259
171
171
205
294
260
237
225
247
250
234
208
225
254
174
244
221
225
237
225
259
254
216
203
200
254
294
228
122
122
146
288
257
293
234
256
291
254
254
224
200
225
244
234
244
288
353
262
171
288
259
183
200
259
260
171
291
259
171
200
251
259
205
254
205
206
234
200
254
288
294
254
288
259
260
288
273
247
206
263
234
171
312
189
270
288
289
174
225
287
200
307
221
244
187
259
250
259
281
287
313
326
287
228
206
203
262
265
273
342
307
246
174
240
288
288
278
234
291
307
260
275
259
171
234
273
205
312
224
278
254
260
307
205
254
288
190
206
307
228
253
171
171
205
203
254
206
286
286
272
190
249
307
399
336
263
257
257
254
294
225
263
228
300
279
254
178
291
225
319
227
244
280
310
300
193
205
203
273
286
350
177
316
292
244
269
367
291
276
310
309
344
228
269
203
204
244
279
203
356
313
323
278
319
259
152
122
206
237
368
174
171
190
224
187
237
227
206
241
244
193
358
171
193
228
241
298
171
208
288
200
206
313
222
219
262
205
291
174
262
259
304
275
262
171
339
292
262
205
661
183
193
288
256
232
254
212
353
187
254
121
88
146
295
257
174
254
196
239
225
324
270
233
304
278
205
190
335
260
171
259
200
206
254
225
260
246
174
203
224
254
259
171
200
234
259
122
122
180
202
228
222
225
288
256
288
273
259
224
235
257
237
278
225
256
241
260
263
304
272
171
146
225
234
235
288
257
224
275
308
171
221
262
291
240
377
329
275
316
203
273
225
228
208
228
296
203
289
272
301
291
276
348
237
240
279
273
257
266
200
224
311
294
224
380
268
228
279
291
208
343
241
659
282
521
251
249
122
304
282
253
237
234
239
225
271
200
234
291
254
231
332
256
174
234
225
242
253
174
228
254
174
237
203
174
320
339
291
282
319
270
253
270
332
273
276
289
237
288
266
254
171
281
254
171
174
219
174
272
254
225
174
406
234
225
240
288
205
263
254
205
171
235
323
224
342
171
294
214
225
259
326
244
243
278
244
294
228
219
234
200
187
291
257
281
171
225
477
473
177
263
253
225
174
270
234
327
225
290
237
282
262
317
282
342
228
262
262
254
296
203
320
298
265
253
227
250
237
370
273
228
269
171
278
174
205
294
259
288
216
307
205
239
228
310
228
262
250
339
259
338
217
304
289
200
301
238
193
278
323
272
254
219
275
322
259
208
262
174
288
200
234
234
174
171
288
254
253
171
200
171
200
228
234
197
205
253
219
225
234
200
225
282
205
262
228
288
241
261
286
224
294
225
276
257
259
222
263
275
270
271
262
200
259
259
171
171
294
217
257
171
262
257
259
240
200
234
288
174
262
225
288
254
171
205
262
234
254
254
304
200
279
275
231
208
237
254
183
203
225
200
288
203
208
174
259
243
237
254
271
259
205
307
268
225
250
203
200
316
237
171
259
250
291
259
370
174
250
205
263
228
260
379
275
313
216
252
275
340
313
227
321
205
225
253
234
183
203
200
754
200
260
298
299
239
174
260
273
234
225
224
205
259
219
203
200
303
241
262
278
200
270
250
279
208
227
326
216
200
235
282
234
332
406
171
225
268
171
234
286
288
200
171
225
291
278
463
234
206
222
253
250
262
276
407
297
227
348
259
223
171
225
288
225
281
224
247
222
286
338
342
333
170
262
281
254
259
262
310
273
240
234
253
262
224
228
190
291
190
323
360
220
247
208
232
205
225
200
171
294
234
200
288
205
171
225
234
88
254
180
180
122
122
122
122
180
152
228
309
329
276
254
205
200
259
288
294
200
288
259
203
281
262
279
276
190
260
276
291
295
217
239
180
146
156
122
156
146
122
88
174
225
225
336
257
171
260
203
310
294
271
278
173
259
246
309
224
224
216
316
259
250
174
229
355
224
273
275
239
174
243
317
253
286
292
208
190
290
200
205
291
278
257
321
174
269
291
244
322
366
200
364
208
228
270
193
205
240
200
329
254
146
259
234
293
225
180
259
200
200
205
200
234
322
288
293
225
237
180
145
122
122
259
180
122
225
234
200
234
322
254
234
269
257
385
225
217
259
171
88
268
122
205
205
260
222
289
358
171
268
205
205
223
268
225
171
310
297
193
387
259
307
270
297
171
190
344
298
365
273
262
225
251
320
369
288
241
423
242
298
293
307
171
217
332
310
272
221
247
224
240
222
253
300
339
200
278
255
446
225
200
335
171
329
205
310
237
288
267
257
224
289
177
273
250
193
306
225
234
247
247
273
316
257
128
122
122
122
122
293
180
183
259
122
225
180
88
288
288
122
156
122
225
180
322
254
180
146
140
122
151
122
253
88
180
88
180
121
162
254
180
122
254
122
111
180
88
146
146
146
180
293
144
259
180
88
254
180
122
254
122
122
180
146
146
259
171
273
259
200
171
254
242
225
288
205
237
171
257
322
205
254
225
88
288
122
268
234
260
386
208
307
237
225
200
225
200
205
234
288
205
183
259
234
254
288
268
259
225
322
180
180
180
88
122
225
200
262
259
205
171
200
152
259
259
122
268
122
225
180
205
291
254
259
122
122
179
180
239
146
259
122
234
163
254
205
254
254
345
219
257
234
171
88
322
259
205
197
171
291
234
225
325
199
288
180
288
268
288
406
234
254
288
138
122
122
234
88
206
200
122
122
122
205
268
254
88
122
122
122
431
237
234
146
180
235
317
259
320
253
205
234
292
278
234
171
250
361
228
259
254
174
243
234
288
225
205
288
174
254
171
259
168
171
205
205
259
286
288
259
205
259
297
169
316
244
292
174
254
146
257
122
88
88
146
237
239
122
122
122
254
200
259
237
322
225
171
88
87
259
146
205
171
200
291
281
228
817
266
206
286
203
174
206
200
208
210
254
234
254
234
171
88
259
239
200
254
293
254
225
171
234
239
222
228
88
244
256
260
259
272
322
205
293
200
238
260
235
276
202
270
366
288
256
326
171
254
217
206
206
257
262
225
253
272
171
122
122
122
294
253
553
256
225
231
260
171
180
122
122
189
259
275
287
256
246
323
205
266
206
225
254
239
224
205
259
205
316
228
171
178
122
122
180
217
205
203
200
225
200
171
335
225
239
254
272
171
225
340
224
240
292
283
242
317
234
238
225
259
200
222
234
248
205
238
276
240
253
240
284
368
205
208
307
208
262
228
256
200
254
171
276
234
205
288
174
208
171
253
286
205
259
216
282
288
205
259
433
259
238
259
245
205
200
225
200
254
257
257
291
262
203
203
206
228
288
262
256
275
288
206
228
205
171
259
190
254
259
221
270
205
313
291
243
337
250
216
352
208
189
203
279
205
219
237
222
389
331
231
174
212
298
310
234
200
171
200
288
200
225
253
208
288
259
259
288
228
200
171
268
200
237
200
234
259
228
253
206
241
234
254
203
276
231
234
254
268
242
203
205
208
240
259
234
171
294
333
263
205
203
259
234
288
288
171
257
174
260
171
225
268
200
171
171
262
171
169
262
222
171
257
286
241
276
174
225
247
254
199
262
208
231
257
309
258
288
219
225
285
224
274
262
190
187
295
237
169
281
278
239
282
291
222
260
250
237
260
171
259
262
200
208
288
259
259
288
205
171
288
171
205
171
240
200
208
259
234
234
260
171
254
200
205
171
228
250
254
259
174
225
208
206
288
203
205
234
227
225
171
200
259
225
260
205
200
291
205
254
259
257
225
259
234
603
378
228
171
221
211
247
220
225
356
225
240
228
288
200
200
254
228
228
288
205
259
228
225
234
205
240
205
234
237
232
288
254
208
288
174
205
294
306
225
307
224
243
254
197
250
205
291
326
288
187
253
190
254
225
219
266
254
227
279
257
260
190
263
266
270
294
278
225
263
259
203
187
244
259
200
203
219
307
254
228
270
234
174
285
250
291
171
239
254
245
234
234
259
187
236
840
254
270
216
225
471
219
254
288
208
171
200
467
253
288
200
227
225
237
288
171
200
225
240
288
298
237
352
428
282
209
260
205
193
225
234
234
294
259
254
180
288
183
122
122
122
225
288
225
254
234
225
259
259
122
122
88
259
122
259
314
237
291
301
171
291
171
288
174
259
241
216
288
225
205
171
253
171
234
225
205
171
234
259
254
205
241
171
205
262
254
205
234
257
262
237
234
254
254
205
407
200
254
225
270
288
174
200
208
228
203
205
293
241
266
288
200
222
122
268
146
180
180
146
254
259
291
241
222
263
222
231
256
225
193
334
254
270
272
325
327
205
307
225
225
200
259
171
259
225
205
294
200
200
200
259
146
180
122
146
183
205
205
205
259
225
205
205
259
254
288
240
291
263
259
171
254
205
262
254
254
254
304
351
216
291
174
288
273
254
225
234
205
254
254
228
254
300
322
363
259
216
257
277
257
237
254
257
254
171
270
447
171
171
288
225
237
200
171
294
200
200
171
217
263
285
254
225
270
259
274
225
180
152
146
259
225
146
225
205
225
254
254
288
332
276
259
200
268
237
259
259
171
200
171
205
307
260
254
225
209
262
228
234
234
320
250
174
278
171
203
190
174
259
186
122
180
146
288
291
256
225
299
295
259
274
225
174
260
259
205
254
295
290
257
203
225
288
254
234
259
234
171
234
225
205
288
234
259
205
225
288
254
254
171
288
234
228
234
225
200
259
200
259
171
205
171
174
268
222
253
341
224
216
291
273
313
244
352
203
289
200
330
257
237
253
237
171
294
250
305
203
187
205
272
281
219
225
365
270
256
208
171
288
237
254
225
349
313
221
257
317
257
190
259
333
183
174
281
282
299
308
204
239
203
312
200
254
240
225
225
288
227
222
190
253
351
802
262
312
276
237
316
273
262
310
275
301
243
224
174
316
193
288
246
259
292
171
257
259
346
349
244
208
259
237
262
237
293
278
307
298
190
205
307
288
278
326
329
345
352
409
244
200
308
281
285
174
286
381
196
329
200
122
122
205
256
292
219
225
224
205
273
244
333
282
245
260
294
270
266
219
222
174
257
234
288
239
205
205
216
257
291
264
288
250
229
339
200
190
254
321
254
253
326
370
292
307
220
257
171
185
263
288
203
208
288
310
254
122
268
275
307
208
171
254
259
88
332
174
314
244
362
327
262
277
306
288
254
205
168
200
200
234
273
247
256
282
171
367
237
171
240
254
88
122
259
304
275
234
254
200
273
206
317
205
241
460
273
260
259
316
222
219
289
225
278
171
170
271
225
205
237
259
259
254
171
205
205
174
326
291
317
269
308
225
200
228
320
294
292
259
259
329
417
250
200
250
299
216
376
308
282
241
237
438
931
413
368
317
278
542
343
254
256
244
263
225
278
320
240
257
237
310
203
288
288
220
259
268
187
356
262
208
290
174
246
250
237
229
273
205
289
276
174
291
237
240
291
304
282
190
227
291
225
234
257
339
295
237
190
257
278
276
208
342
257
259
259
287
244
317
235
221
313
237
287
205
200
171
200
257
234
259
203
235
266
254
241
190
225
206
262
260
294
288
225
317
255
400
240
216
200
221
291
285
328
205
278
262
403
281
601
225
362
272
275
221
250
219
250
309
234
253
294
234
287
228
244
203
345
257
208
288
208
254
288
237
241
304
307
294
237
238
257
174
278
206
253
205
288
226
272
225
291
232
328
257
200
342
253
256
234
241
200
240
187
278
227
327
297
269
234
326
304
278
273
235
262
205
335
247
171
203
234
171
275
259
254
262
253
258
174
237
171
254
288
228
234
228
228
228
208
174
205
259
203
200
225
257
234
253
224
242
321
221
228
247
254
206
241
262
244
294
245
206
208
276
279
171
254
254
288
254
200
259
207
256
234
225
171
288
225
288
234
257
219
234
205
205
225
254
288
205
234
254
257
171
257
234
288
200
240
291
203
171
310
205
254
254
259
225
259
234
259
203
174
203
174
240
254
316
326
237
312
208
228
228
242
225
228
271
253
254
237
355
254
208
287
200
244
200
307
171
255
377
260
225
235
256
262
205
288
270
200
291
291
240
171
190
174
276
199
205
256
316
200
297
224
171
510
312
244
254
225
200
250
234
237
259
224
270
377
262
227
219
203
225
297
237
247
354
234
244
254
219
288
288
353
259
254
332
269
269
278
291
386
364
266
209
310
270
294
311
323
240
205
251
288
268
200
288
221
276
243
272
200
205
286
225
244
315
241
257
273
251
219
260
275
205
228
447
327
209
259
234
373
251
291
204
247
286
190
180
174
288
200
204
254
259
259
225
225
259
322
180
293
122
180
122
122
225
156
122
146
257
257
349
235
208
217
238
260
308
254
205
171
234
216
275
307
288
307
291
307
428
324
243
208
165
122
122
122
88
122
122
122
199
254
231
336
288
200
225
253
241
203
294
254
205
273
228
171
444
275
208
259
227
279
225
205
208
171
190
333
329
282
171
206
442
187
259
291
368
274
225
205
288
270
292
228
240
250
256
304
250
227
275
288
219
221
203
244
187
193
275
171
271
254
293
205
288
225
171
180
200
259
205
288
225
183
205
234
268
144
263
259
171
180
180
88
122
122
180
268
254
224
259
255
171
375
208
276
259
260
259
205
88
205
121
259
88
146
238
310
300
244
117
254
254
205
146
234
241
174
190
359
332
234
288
247
273
254
234
234
571
200
269
239
253
275
216
240
243
278
221
259
208
254
304
241
211
307
282
238
222
200
257
262
177
291
170
265
273
269
361
246
346
277
411
288
235
270
273
270
225
326
266
371
307
378
227
193
262
305
261
342
235
254
240
203
202
125
122
180
225
275
122
128
180
122
225
225
174
122
88
180
259
122
146
225
180
288
180
234
88
186
294
146
254
225
180
288
88
180
117
288
122
146
180
205
122
288
122
288
146
122
122
180
180
88
293
145
122
180
180
180
88
122
88
205
128
122
117
203
272
200
171
240
254
171
254
259
254
254
237
288
171
268
180
171
288
293
225
146
234
225
288
237
241
281
237
200
259
254
171
171
200
239
259
171
234
288
205
293
146
259
151
234
122
122
268
259
234
234
234
234
171
206
225
122
171
225
254
122
122
146
259
288
234
259
200
146
88
259
288
122
146
259
225
322
152
88
259
171
323
295
273
270
205
205
146
225
259
146
260
206
199
257
278
297
275
205
254
91
88
288
252
171
322
180
122
122
180
239
222
200
208
239
122
146
259
198
122
122
122
122
146
272
173
205
225
180
277
280
225
254
254
234
171
291
278
234
259
237
254
183
254
283
307
294
288
205
171
200
171
203
205
225
240
205
254
205
234
225
218
266
313
350
275
235
242
257
259
349
228
237
180
180
88
88
180
171
234
145
122
156
171
205
234
205
200
146
208
200
122
183
259
122
206
225
254
287
228
295
228
237
288
257
222
403
205
200
206
170
171
288
254
234
171
288
225
205
146
293
146
200
225
171
254
293
171
288
171
232
262
288
200
254
183
290
263
276
363
250
278
284
171
223
222
205
219
288
288
225
288
200
215
227
237
234
241
309
294
146
88
271
288
278
248
297
225
268
234
254
146
88
87
259
225
190
228
203
312
275
237
272
254
225
225
225
268
205
200
259
253
288
253
88
122
180
88
254
276
168
294
281
171
237
237
240
225
200
171
254
243
290
342
257
283
222
310
293
169
228
288
205
171
262
295
250
293
247
171
441
329
228
258
356
232
288
287
219
200
288
234
291
254
205
200
216
234
225
259
304
254
313
171
234
234
268
259
234
174
262
216
171
237
225
205
254
205
202
225
174
225
240
270
234
259
311
200
174
254
268
254
288
263
228
295
263
217
219
254
221
256
263
225
259
291
200
278
316
260
254
227
291
257
250
225
257
222
291
270
391
364
279
372
228
666
259
205
225
259
288
168
171
205
288
288
289
216
204
203
171
288
228
173
288
205
234
234
205
342
259
262
237
228
239
291
260
205
351
225
254
244
228
279
259
285
221
316
245
448
225
225
307
228
225
225
254
257
259
254
200
200
205
200
205
171
302
333
203
257
254
254
221
342
200
208
262
337
255
228
171
307
257
203
228
228
250
282
281
279
317
412
344
305
244
228
273
227
190
272
253
203
237
224
224
256
257
240
241
243
225
200
174
174
243
171
237
288
171
207
200
225
234
254
171
234
234
254
171
257
205
183
200
262
288
259
225
203
228
259
234
208
259
254
206
254
225
225
234
257
228
259
257
200
208
254
200
234
208
171
259
288
214
174
273
173
171
254
259
208
250
292
225
227
171
200
205
221
270
288
171
205
254
200
205
262
225
234
205
259
216
259
205
225
234
288
288
211
254
254
168
259
259
254
174
289
288
259
288
203
436
253
260
250
205
222
241
311
171
200
275
217
203
216
294
298
200
203
205
225
249
254
278
326
288
259
253
173
697
256
225
262
278
372
262
206
221
266
251
297
259
240
225
200
254
225
259
254
228
257
224
190
193
261
248
250
225
279
225
263
234
972
228
171
247
225
225
205
231
203
361
183
171
254
254
225
200
237
292
241
379
427
345
279
349
219
289
171
259
234
288
200
200
180
122
288
180
146
125
146
208
259
200
208
225
288
254
180
122
146
239
122
225
287
239
278
291
205
216
241
288
287
208
263
231
259
254
200
171
428
225
288
225
259
174
253
228
259
200
268
200
174
200
200
237
200
171
205
254
174
234
200
262
228
303
171
262
313
205
291
225
203
205
216
234
208
208
208
234
271
234
270
146
146
122
271
88
122
206
260
292
266
323
389
326
436
238
222
256
202
266
288
208
241
221
239
216
268
288
234
225
234
225
205
200
205
262
259
258
146
180
122
122
180
259
225
225
234
259
171
205
259
234
288
225
254
254
200
205
257
259
262
200
171
288
259
231
174
262
278
316
171
208
236
208
288
200
270
259
250
259
259
200
257
253
240
244
200
254
225
224
171
174
329
241
228
309
434
250
234
259
288
171
232
234
310
287
281
276
205
193
217
200
237
225
171
183
254
234
200
254
146
310
254
294
262
275
244
313
225
288
171
225
225
249
200
268
268
225
200
288
225
206
281
208
237
255
237
312
234
291
228
254
237
257
288
315
80
146
122
122
171
254
205
254
171
225
171
221
237
174
346
225
205
325
291
262
271
259
223
205
171
288
200
205
240
259
171
171
250
171
205
200
237
200
200
254
205
254
214
206
225
262
263
217
254
174
259
200
254
174
630
171
291
352
315
286
224
431
237
244
278
281
291
273
193
335
272
310
289
281
347
254
205
253
262
240
275
307
359
320
325
203
237
200
203
225
359
208
234
200
225
394
254
262
171
288
208
228
227
257
404
312
382
221
326
281
225
313
313
205
203
171
174
205
458
279
259
324
395
240
273
270
215
240
250
240
262
341
365
227
393
269
294
241
279
217
319
221
205
287
402
610
244
354
350
269
205
296
288
242
281
171
336
254
225
234
288
263
262
291
225
240
224
269
301
283
253
417
374
225
324
275
344
288
288
122
122
254
253
243
208
174
313
257
262
257
272
219
254
219
270
269
256
257
253
285
289
205
259
254
174
288
216
259
238
287
237
254
208
268
244
311
200
237
288
190
282
270
262
357
254
253
217
323
251
270
276
211
257
257
180
239
204
225
311
259
88
180
121
180
288
331
237
221
199
223
183
171
301
225
288
225
205
225
225
171
225
225
228
225
257
228
171
259
225
146
88
88
146
228
228
205
254
254
232
254
484
254
202
253
306
304
374
297
257
278
253
310
418
310
225
268
288
259
237
234
259
291
234
171
288
247
208
259
319
254
269
260
222
278
203
254
240
292
279
447
254
273
219
288
256
257
244
450
377
221
232
295
228
288
330
253
205
437
294
234
171
259
298
257
183
376
254
288
200
225
257
151
288
208
263
190
219
246
225
205
396
190
239
307
257
290
254
245
219
219
228
259
200
282
240
325
203
257
301
254
224
171
174
219
239
259
224
276
262
263
288
254
171
288
196
200
474
320
310
237
190
228
329
171
200
259
254
279
225
171
225
259
225
779
228
225
361
259
401
234
253
205
285
286
375
288
275
272
216
281
216
502
298
209
208
262
319
227
440
200
269
338
286
288
204
259
288
276
291
239
174
234
225
208
203
208
288
208
219
208
228
257
262
254
224
183
224
253
232
278
282
375
374
257
244
228
241
295
224
275
340
307
225
174
211
259
231
203
402
288
282
250
276
319
200
377
288
259
323
203
247
288
260
334
303
171
301
269
208
316
200
228
205
206
174
259
234
288
205
254
200
228
203
200
262
200
237
287
228
262
273
203
282
177
208
200
239
225
174
205
259
345
291
289
240
211
266
324
219
311
284
219
208
289
322
219
205
225
225
291
171
234
254
205
240
225
225
254
171
200
234
216
171
288
254
234
214
294
234
225
254
225
171
200
225
174
259
208
225
205
259
225
257
259
208
237
205
254
206
171
205
262
254
254
254
279
228
174
288
288
254
272
285
228
174
174
242
288
225
291
253
259
253
208
272
200
226
278
314
286
200
297
253
261
190
251
208
171
174
225
317
254
231
234
171
211
190
276
187
219
254
211
259
225
356
262
254
257
281
278
273
216
270
243
389
208
304
277
187
206
225
200
269
225
257
288
278
171
254
349
259
259
254
237
206
259
343
206
242
304
222
246
311
237
224
199
203
228
378
267
262
248
225
260
205
146
200
288
254
262
259
203
275
252
317
286
238
225
261
329
203
322
273
190
262
234
291
282
232
279
266
262
247
205
187
205
208
257
286
205
291
205
171
237
171
288
171
205
259
200
293
268
259
122
122
122
122
122
88
88
268
183
282
454
221
171
171
387
171
254
171
171
200
225
228
322
271
250
278
282
278
219
190
304
171
268
156
206
242
122
190
156
122
180
122
171
228
279
288
303
329
200
234
303
190
275
262
239
313
304
219
316
203
244
298
209
225
208
221
234
200
292
171
325
346
393
346
269
339
257
171
297
288
171
310
310
254
251
225
332
288
269
246
310
225
237
222
235
174
259
291
256
205
171
205
259
225
174
288
146
122
268
237
254
260
200
294
239
225
239
259
171
122
225
122
186
288
180
122
225
152
288
174
225
200
171
278
234
257
234
254
225
225
225
225
87
268
234
171
342
312
203
232
293
206
171
254
225
171
209
259
219
284
320
259
205
190
269
254
273
256
291
257
292
263
247
543
219
292
203
171
228
288
233
220
187
316
221
314
260
193
300
216
314
259
244
262
472
291
286
310
348
205
224
208
241
326
203
174
208
320
234
390
200
250
259
207
605
190
352
216
241
228
237
298
435
310
171
180
225
180
225
225
288
146
239
322
196
162
146
180
182
88
146
254
140
254
146
122
293
117
180
151
151
146
254
88
225
122
180
146
122
122
180
146
288
122
186
186
254
156
257
288
122
121
180
151
122
87
225
122
180
88
171
180
88
258
152
146
225
294
203
200
288
225
228
262
234
225
205
200
205
288
146
205
259
254
293
322
186
259
240
254
253
351
263
272
225
205
205
225
259
225
288
199
254
237
237
288
259
322
259
200
254
259
122
88
225
121
225
171
288
225
225
225
225
288
200
259
254
180
88
186
146
288
240
254
288
180
122
122
180
254
122
180
186
239
171
152
169
171
193
256
212
305
200
225
235
88
259
88
240
288
260
247
254
364
171
234
260
146
254
288
269
234
200
146
122
205
122
268
146
237
259
122
288
122
146
180
122
128
156
122
180
301
217
200
146
259
225
323
171
355
259
259
237
288
313
268
259
260
259
288
263
239
329
240
174
288
270
259
225
259
205
171
259
225
237
254
171
254
331
260
327
309
205
291
347
209
270
452
313
254
253
122
122
151
122
122
254
200
180
156
171
259
171
294
225
311
259
171
146
154
116
205
254
259
205
248
433
232
553
275
200
241
414
273
237
205
237
257
259
225
171
288
288
288
254
239
186
239
234
171
259
288
386
322
268
268
239
244
285
288
263
203
294
274
310
217
288
273
323
292
541
280
253
297
271
278
225
205
171
225
259
291
200
234
228
291
254
122
122
180
254
266
254
259
268
171
239
257
254
122
180
162
217
462
336
310
275
262
200
319
254
200
254
200
254
234
268
200
276
292
288
180
122
122
180
225
183
234
209
225
234
219
225
260
288
225
234
313
254
239
257
220
254
343
246
263
257
257
254
293
200
200
290
264
272
240
311
227
215
319
292
336
329
171
171
281
307
206
288
234
171
254
171
288
262
259
205
225
228
259
276
262
234
171
206
170
225
288
242
203
288
237
234
224
254
234
262
205
225
206
259
262
234
259
203
254
234
205
262
200
262
262
205
239
317
234
257
235
448
259
228
240
270
259
279
244
237
174
279
238
244
228
254
317
190
386
616
241
241
241
239
200
252
229
205
298
205
200
268
228
259
258
205
259
200
250
225
205
234
190
241
259
279
288
174
237
218
174
288
276
254
174
234
205
171
228
250
253
228
261
288
259
312
297
322
283
234
194
208
276
268
278
203
268
200
234
200
205
200
262
259
225
279
237
262
216
204
225
254
228
282
254
200
307
203
205
234
174
273
302
225
320
327
278
238
259
257
171
237
261
320
337
203
186
304
211
171
251
241
307
225
202
281
171
314
304
219
254
174
205
217
200
254
254
174
171
234
225
254
254
254
174
205
200
237
200
259
225
200
291
254
259
171
234
234
234
165
225
288
234
288
225
288
288
246
259
225
225
259
256
200
205
200
234
205
234
254
259
259
221
259
203
254
225
205
231
304
171
205
205
205
259
208
225
200
257
253
288
171
200
262
242
200
288
259
205
268
237
257
171
225
291
291
208
244
234
201
288
342
200
224
288
333
205
259
187
354
244
241
171
257
241
244
260
187
187
243
306
285
200
286
273
234
250
288
208
205
275
193
171
171
254
193
205
244
187
259
280
219
307
270
262
200
237
228
274
262
228
294
316
254
237
235
262
282
227
293
187
228
200
470
200
200
276
254
234
256
171
225
205
259
170
203
254
247
259
262
238
234
225
254
225
171
228
270
317
225
238
232
303
289
246
256
294
259
234
234
288
225
294
254
259
259
88
122
234
200
291
265
200
254
200
254
259
121
156
122
288
259
293
122
225
209
291
225
283
345
205
171
205
205
254
200
200
234
257
234
228
234
205
225
171
259
225
242
171
262
237
242
225
200
237
243
275
234
288
171
268
203
224
262
257
171
288
254
270
237
282
200
260
288
222
257
203
203
225
254
200
234
322
152
233
180
146
288
234
244
278
273
288
228
222
266
289
311
206
243
260
258
237
337
257
220
253
171
254
225
171
200
171
171
288
206
237
200
234
180
146
144
293
254
254
202
225
288
258
231
254
259
205
171
225
205
237
174
205
225
259
225
273
259
205
234
237
225
234
304
205
200
254
317
259
308
291
204
237
254
291
225
200
270
190
234
237
237
234
259
171
254
273
203
247
294
259
254
256
253
205
254
361
288
228
262
260
217
342
259
288
254
288
293
237
259
180
225
234
254
180
171
254
259
200
298
254
278
272
307
205
254
234
254
206
234
259
200
263
317
309
283
254
205
225
261
254
310
254
225
202
241
225
283
225
278
225
254
88
116
122
259
174
228
253
291
259
205
200
278
187
225
247
307
174
221
208
254
247
225
325
225
288
200
259
259
259
200
205
288
259
370
225
259
228
183
171
237
288
200
291
200
205
205
205
200
284
227
288
205
329
205
462
319
259
241
256
273
268
203
310
262
307
190
224
349
203
292
244
224
219
278
247
244
316
241
208
237
260
193
243
281
200
380
254
205
208
257
332
208
283
258
279
237
259
260
320
173
254
203
286
253
211
318
174
225
237
313
208
355
224
210
288
205
288
260
278
200
251
286
206
346
241
234
224
535
276
228
241
331
266
525
224
324
345
171
171
345
326
254
247
174
270
323
257
292
247
234
228
409
228
237
316
237
237
278
205
190
224
222
293
244
275
228
284
348
242
292
190
333
215
246
314
202
228
171
180
122
200
225
262
262
288
203
320
190
174
274
246
197
171
237
219
205
219
234
294
219
171
200
225
200
205
241
225
310
342
203
216
283
282
307
237
225
247
328
285
304
222
434
206
348
270
260
253
205
276
337
278
352
222
254
196
128
234
310
171
204
88
122
259
228
221
273
276
234
282
184
311
283
171
171
200
239
205
199
205
253
241
234
289
174
308
225
288
200
225
122
122
122
244
262
240
254
259
316
200
228
171
225
259
171
363
288
257
208
307
230
275
273
279
254
225
240
254
273
197
236
288
171
278
288
362
291
257
307
208
316
216
262
271
557
237
310
229
193
273
257
241
298
294
267
288
203
286
389
208
253
405
365
310
559
208
171
215
290
208
275
278
234
228
205
234
283
257
326
229
276
180
180
237
228
225
228
288
225
254
272
286
244
294
262
291
200
205
244
342
208
288
262
349
262
310
260
200
256
221
257
257
263
266
224
323
340
266
205
221
244
323
297
270
254
234
216
234
237
254
259
295
351
228
205
237
174
206
288
298
291
307
190
431
200
259
171
262
240
254
234
241
219
272
330
190
256
307
305
487
340
237
253
243
256
387
416
228
294
288
289
228
221
341
287
225
262
288
239
216
225
237
307
255
343
174
375
289
279
270
242
244
200
237
224
228
270
224
253
263
298
219
328
246
316
225
224
206
317
224
205
225
288
291
273
225
197
307
228
317
332
225
259
234
237
234
228
326
418
273
355
335
339
2204
273
316
203
200
291
234
254
254
250
171
225
259
237
262
174
254
225
259
225
237
225
347
253
242
268
200
171
262
171
174
203
262
259
256
288
371
279
216
228
313
260
234
219
276
253
281
254
275
209
229
237
206
259
174
259
200
228
259
171
205
205
234
200
200
254
200
225
174
171
288
234
234
225
205
225
200
228
171
203
208
200
174
262
291
174
171
200
171
259
288
208
205
262
200
370
234
200
257
208
257
219
228
225
293
238
208
254
225
288
299
190
234
228
228
228
200
200
259
174
257
171
256
256
259
272
187
275
271
171
384
203
205
225
200
234
203
255
358
288
254
225
294
257
420
277
203
228
222
224
200
200
205
323
234
277
304
224
257
305
250
241
225
203
260
225
190
310
257
240
288
289
205
222
171
225
307
357
444
200
262
260
288
234
276
299
275
286
307
257
268
247
228
263
234
260
203
308
232
183
278
259
322
205
259
426
247
224
219
209
254
171
227
273
260
237
231
477
317
304
279
254
200
238
228
275
228
205
205
222
325
224
324
203
208
247
260
288
234
254
225
171
331
171
288
254
171
268
225
225
88
88
180
122
225
122
122
151
237
276
271
190
171
205
189
259
259
288
205
259
259
271
287
224
319
224
256
291
247
208
220
254
254
146
254
122
121
180
88
122
122
288
259
259
282
304
219
254
227
227
174
171
257
307
340
254
307
206
190
246
266
251
259
259
203
221
424
270
295
316
244
465
656
308
352
348
320
282
253
254
171
279
216
289
292
326
269
205
228
193
171
171
171
224
187
240
237
283
208
288
308
259
259
122
254
257
200
254
216
294
171
225
205
257
293
234
200
200
151
88
225
254
180
88
88
122
88
171
288
203
225
205
225
328
297
190
200
225
254
234
259
259
122
239
205
239
308
227
223
285
322
200
254
254
239
234
307
216
256
247
225
200
254
219
250
205
224
190
238
294
165
187
265
174
262
234
200
262
320
219
225
347
260
215
225
241
289
270
288
258
203
273
289
288
228
205
244
338
228
359
257
290
260
348
266
244
263
251
287
294
225
186
259
257
307
225
294
221
263
294
202
472
292
225
281
122
225
234
146
122
239
88
259
180
225
88
122
180
162
268
156
88
180
180
225
146
322
122
254
171
295
180
205
122
122
122
225
122
88
88
88
122
1320
254
122
294
225
88
146
254
259
122
180
180
146
88
122
146
88
146
208
225
146
122
180
122
268
200
203
219
254
259
288
883
259
200
259
288
288
254
293
234
171
205
206
259
254
254
268
288
168
259
247
263
200
280
234
254
234
237
288
171
260
234
200
322
288
239
293
200
288
171
171
122
234
88
322
288
234
225
254
254
240
293
225
254
180
180
205
88
88
200
225
88
254
180
88
87
146
88
268
171
116
254
171
322
240
254
225
209
280
222
259
288
225
225
288
205
268
171
329
247
225
244
206
205
293
268
225
259
293
259
259
88
122
225
88
268
239
288
171
88
91
180
146
122
122
138
180
122
180
278
254
234
239
225
282
388
254
329
205
225
200
329
278
259
171
241
234
200
272
295
256
288
254
225
234
205
288
234
200
171
259
237
234
294
225
225
244
253
174
234
205
228
288
257
295
238
426
254
205
180
180
122
122
122
205
205
122
122
180
288
259
205
225
225
276
171
146
259
322
117
205
288
237
193
752
224
289
241
171
237
295
203
202
199
225
225
257
254
171
259
233
225
206
254
288
268
268
259
288
294
254
254
225
88
225
203
255
247
237
256
206
361
270
265
377
262
218
253
314
243
200
307
257
259
254
205
234
225
349
302
217
259
262
232
225
180
254
205
234
278
338
203
254
239
200
288
88
180
88
225
260
358
209
237
225
235
254
279
234
225
205
254
287
288
288
288
259
254
293
88
122
122
88
240
253
224
316
259
225
330
234
225
224
291
200
219
180
266
309
237
239
344
294
187
228
332
294
183
234
257
354
200
254
278
250
363
257
282
417
192
232
288
190
211
225
171
205
221
174
225
206
203
205
259
171
200
294
228
288
250
174
225
268
268
250
205
288
200
225
205
200
237
200
254
205
190
171
203
259
174
225
171
171
302
254
174
257
205
291
225
254
224
171
174
262
228
259
291
225
244
234
288
243
310
375
205
320
278
193
229
254
205
570
309
590
288
259
218
288
346
323
262
288
259
171
225
237
200
259
228
171
268
259
257
279
291
288
234
200
200
287
273
208
204
225
206
199
271
234
203
234
254
262
208
259
171
206
225
266
276
225
268
225
289
253
259
174
200
259
383
271
200
225
205
265
237
228
273
225
254
219
205
234
262
270
259
171
302
278
237
224
225
239
294
254
225
260
225
203
254
177
253
278
227
307
275
307
311
225
398
272
190
256
205
243
190
190
270
174
171
219
243
287
298
276
250
205
259
254
205
259
234
228
259
234
288
205
291
171
170
200
288
208
254
225
234
288
288
254
259
200
225
240
205
260
288
288
259
189
273
200
257
237
257
294
263
239
234
288
259
208
171
208
234
259
225
259
288
259
205
200
259
270
200
254
225
203
205
221
187
205
206
259
234
257
200
288
225
288
237
268
259
225
205
287
228
227
239
239
288
288
200
174
254
253
240
324
187
259
200
278
349
275
288
275
167
174
262
304
234
174
276
190
313
224
224
225
262
200
225
283
229
418
278
254
281
221
240
285
203
281
272
205
353
300
219
206
335
268
453
203
225
228
228
259
209
262
203
187
187
228
270
259
187
279
225
296
310
279
278
322
304
243
307
262
234
203
298
225
237
199
193
308
222
224
304
171
288
209
206
206
171
286
225
174
244
266
241
265
273
275
352
171
254
200
171
203
200
288
88
180
254
177
183
254
254
240
200
208
260
225
239
121
122
122
200
146
322
122
225
332
253
259
288
350
208
262
259
200
174
304
200
288
259
174
174
205
205
215
171
254
289
254
171
228
288
537
183
288
197
291
234
205
237
254
203
237
259
262
237
227
171
200
274
270
259
200
268
219
291
291
288
295
203
259
225
322
253
223
146
122
288
88
254
219
305
206
287
297
278
285
262
244
393
269
266
231
222
313
240
189
216
240
259
200
254
294
288
200
225
288
288
171
288
259
145
122
179
122
234
205
259
225
206
200
219
228
288
225
259
254
288
225
288
225
205
259
258
259
171
171
288
208
242
251
259
291
205
205
259
205
288
322
205
187
220
288
211
240
294
237
227
171
241
200
370
219
200
241
240
341
171
270
259
219
254
225
210
206
225
240
234
260
244
288
259
240
288
268
294
122
322
225
174
288
122
180
234
288
307
288
171
234
211
260
234
234
258
225
200
170
254
259
248
225
224
278
171
219
237
294
200
340
171
259
270
259
304
171
219
234
234
88
122
88
304
239
208
263
254
240
259
275
261
174
203
250
238
288
220
215
303
301
254
262
200
225
259
254
288
200
205
205
234
205
171
291
254
171
288
205
240
259
228
208
200
200
234
225
256
234
234
225
203
200
208
174
271
339
256
225
504
224
248
250
283
338
355
223
227
276
241
268
272
254
241
272
289
336
289
273
208
190
253
335
273
216
237
236
234
291
219
225
215
349
270
231
258
257
187
237
200
219
171
291
237
278
237
209
259
376
219
208
203
288
254
200
225
288
370
350
247
366
276
216
266
364
384
262
292
272
234
257
232
320
338
243
313
273
247
348
200
259
297
234
234
225
202
262
527
219
323
254
203
225
216
203
275
229
254
228
247
205
354
307
221
221
296
270
232
405
209
171
262
238
243
337
282
276
305
205
122
88
200
327
171
205
225
203
200
257
234
200
257
259
187
237
237
278
174
171
247
270
254
259
288
259
171
273
205
262
227
271
219
271
228
288
273
259
402
241
273
374
368
219
335
280
253
194
301
387
171
254
171
259
241
181
180
122
225
259
205
239
225
122
225
318
225
240
291
304
234
257
256
235
254
171
234
259
205
202
225
345
171
289
205
262
291
234
205
225
200
88
122
88
228
256
339
200
171
258
234
345
234
253
224
311
209
307
234
254
250
234
263
208
313
288
174
259
254
254
288
225
285
171
174
171
282
171
237
262
174
270
215
257
343
237
369
311
240
313
314
206
190
264
260
288
219
310
273
219
244
256
305
203
307
316
238
268
209
288
205
193
171
254
329
254
275
234
254
266
259
279
225
88
234
279
190
237
288
187
205
200
171
200
316
234
237
228
189
295
221
295
288
292
171
273
237
253
333
313
247
203
219
174
330
307
234
208
273
395
225
174
361
273
294
171
270
317
190
288
278
171
279
237
235
259
171
225
275
234
205
200
256
240
254
291
234
247
200
171
282
234
259
205
225
276
456
345
288
243
345
235
307
271
348
225
225
313
317
352
205
253
256
254
291
291
237
208
490
279
174
174
237
284
342
263
228
171
208
262
208
351
208
257
288
208
232
325
205
253
253
193
323
326
244
294
205
237
273
232
228
202
301
262
256
306
254
234
216
277
275
227
426
228
205
251
337
297
225
244
276
203
205
392
372
316
225
417
253
171
259
225
228
291
237
262
268
208
234
254
225
510
225
257
239
259
242
200
291
235
254
286
234
205
307
473
183
273
189
174
291
238
244
316
291
321
289
302
262
212
311
190
200
281
276
200
288
271
254
200
171
205
225
259
237
225
288
259
208
237
174
171
254
259
253
206
254
234
262
234
205
254
225
205
288
257
216
294
208
200
288
231
200
257
316
171
259
165
254
200
259
225
200
271
237
205
259
171
262
254
228
171
208
219
279
240
237
200
268
205
333
244
256
219
288
285
228
259
291
376
246
225
294
484
237
496
237
234
239
288
234
304
288
334
237
171
224
257
225
276
276
174
205
272
259
317
254
500
987
270
254
291
200
265
203
200
225
254
276
260
171
247
254
259
288
293
288
240
316
259
234
254
323
288
288
288
171
225
294
273
247
276
212
208
294
235
238
302
356
269
225
311
219
294
234
294
200
171
205
255
224
282
171
206
311
250
276
278
193
193
278
203
276
437
240
244
225
205
270
254
241
417
297
257
301
284
237
411
273
299
254
259
205
225
288
288
228
259
288
225
259
171
293
274
180
122
171
138
122
122
122
259
349
211
225
281
254
200
366
260
253
171
237
225
288
342
291
256
237
333
282
212
320
278
225
225
225
234
170
225
88
122
88
122
125
225
205
398
248
291
269
271
245
203
427
200
282
307
254
316
219
193
275
228
259
171
216
170
254
329
220
391
292
228
224
224
297
276
228
282
273
219
224
225
288
253
318
486
232
240
297
295
269
295
330
206
257
576
266
216
222
174
198
288
241
260
224
186
200
180
122
128
259
171
259
171
259
183
239
200
268
225
200
254
180
171
180
225
122
146
88
146
200
208
293
234
321
190
228
221
225
168
259
200
88
171
293
146
225
88
222
216
363
329
268
234
146
259
225
200
234
272
257
246
257
254
171
228
234
240
238
237
322
275
199
200
435
289
358
190
205
271
311
260
485
267
250
245
193
234
250
232
308
400
225
263
291
288
316
326
345
187
427
304
262
456
301
259
307
259
273
232
257
414
206
259
262
208
253
225
225
260
365
208
278
200
327
276
174
180
146
180
122
88
268
146
236
122
254
196
87
88
146
88
122
180
122
88
288
225
180
122
254
180
677
122
146
260
293
146
125
239
151
88
180
122
91
180
180
239
180
150
196
288
180
225
225
180
180
288
180
180
122
179
180
288
122
217
196
179
122
254
269
171
234
171
200
206
171
254
171
225
200
146
146
225
225
234
270
180
234
254
234
234
244
234
171
298
200
259
205
200
205
210
200
239
205
200
234
288
200
207
268
122
200
122
122
88
180
122
225
240
205
260
171
254
288
152
268
146
146
88
88
254
121
288
322
288
205
225
125
122
146
183
122
288
254
322
282
225
200
288
171
237
266
234
259
171
239
180
88
293
255
240
263
237
225
219
173
171
225
122
205
200
205
254
254
179
88
122
122
234
254
225
268
146
179
325
122
122
122
122
122
122
121
263
306
254
293
259
319
246
205
319
259
200
200
238
347
254
288
286
259
217
266
222
244
225
224
254
225
171
254
206
254
206
205
171
171
234
205
171
326
259
259
253
200
323
257
768
295
256
288
205
288
254
122
121
200
122
254
128
122
88
234
171
237
288
183
254
254
205
180
146
304
225
171
171
200
205
206
292
266
254
205
373
433
329
254
288
234
308
259
205
205
259
239
268
288
225
225
254
117
171
200
225
171
268
268
239
146
223
291
221
200
222
200
218
220
288
296
244
262
240
200
224
243
278
237
232
225
205
259
254
270
412
250
171
276
281
234
201
180
122
171
311
284
193
200
268
234
260
254
146
122
122
171
311
297
281
221
417
171
257
205
225
240
205
225
260
254
171
274
225
88
179
122
122
146
225
225
222
225
171
171
312
225
205
253
225
205
244
237
222
222
203
241
345
298
273
237
228
205
163
205
193
171
259
234
426
228
313
209
416
200
438
222
251
398
304
275
225
205
171
200
259
254
259
262
171
294
294
205
225
200
200
288
262
234
240
234
288
259
257
208
288
268
200
259
288
234
234
259
259
205
171
208
225
310
304
171
208
234
250
333
291
254
253
234
254
247
313
357
470
275
276
234
200
243
241
203
262
270
323
253
205
235
244
244
225
252
174
285
271
205
259
273
288
205
250
262
273
200
205
262
200
205
250
225
250
362
273
228
208
205
267
253
225
259
257
288
205
174
259
239
263
234
237
228
234
259
171
207
203
234
205
222
282
304
205
291
313
208
254
291
200
275
288
216
254
259
174
288
208
254
206
171
225
208
225
208
254
228
244
285
260
250
228
193
264
234
238
288
302
304
323
289
241
219
227
255
244
241
270
254
278
289
174
190
291
305
208
222
237
269
316
244
244
222
200
237
200
288
259
225
200
254
225
228
225
259
234
240
203
205
254
208
174
225
225
205
225
225
205
234
205
204
174
203
254
225
205
206
260
278
254
171
254
200
254
237
288
205
216
259
268
208
259
237
288
225
225
291
234
288
206
240
254
259
200
174
266
171
358
200
269
259
220
234
200
221
234
225
208
262
288
205
260
208
174
171
208
205
259
294
241
225
200
270
174
234
237
263
205
315
288
287
228
228
281
232
292
259
209
225
321
232
262
203
253
326
243
200
257
257
222
259
193
219
319
304
221
205
291
222
308
304
828
203
213
222
190
234
256
237
278
254
253
225
273
227
288
224
203
279
228
247
173
228
205
288
224
200
254
268
270
200
205
253
259
241
232
234
225
206
261
256
225
174
209
266
228
205
225
256
200
205
205
232
223
307
225
272
266
487
257
288
281
233
200
234
171
260
234
146
88
180
151
180
87
259
288
205
259
200
225
171
225
88
146
122
208
186
322
180
200
285
317
244
205
300
225
200
234
259
288
288
257
225
234
234
203
205
171
254
205
171
266
288
268
257
262
225
278
257
259
273
228
237
256
254
254
257
262
171
234
254
200
234
208
254
288
270
259
224
207
246
200
275
237
206
225
171
234
253
196
183
180
242
254
204
254
247
273
279
351
190
238
286
212
257
219
294
205
336
174
259
253
208
259
171
288
259
250
288
254
205
171
171
205
225
122
122
122
180
254
248
225
361
171
225
208
171
205
225
288
225
228
171
171
259
225
174
237
224
249
237
288
205
200
200
259
171
257
207
234
254
222
259
254
291
260
259
225
234
225
219
225
200
254
259
225
250
171
203
304
282
260
171
311
232
260
288
259
234
255
251
205
240
297
234
234
254
208
146
254
122
180
200
171
259
88
122
205
266
254
234
254
221
273
225
225
262
194
205
288
202
254
205
262
219
309
174
225
200
259
257
266
208
208
270
206
171
278
237
259
165
254
225
122
124
122
322
221
190
254
225
225
259
262
307
273
221
171
279
288
259
225
206
200
224
205
225
205
234
171
205
200
225
259
237
254
294
183
205
228
254
225
171
234
234
259
288
259
294
259
174
234
322
288
200
225
193
207
288
234
267
264
370
274
292
203
273
219
253
222
332
174
293
288
257
263
190
234
283
247
319
206
219
225
203
323
240
262
205
268
257
171
254
283
396
237
237
283
291
259
225
282
262
320
208
259
224
257
234
291
254
323
265
340
433
254
318
254
205
278
299
310
259
222
212
231
228
237
379
200
241
351
279
265
315
225
294
223
269
237
183
288
417
192
171
205
225
237
324
288
171
326
206
225
218
219
228
208
244
250
234
275
190
243
276
310
271
332
259
338
300
277
259
234
579
345
250
319
272
171
205
146
88
288
281
237
219
234
262
187
221
259
253
237
260
219
275
174
272
284
225
270
203
171
200
224
170
248
225
225
225
308
258
239
273
174
187
208
205
225
272
232
224
262
295
203
199
247
225
291
337
261
320
203
225
281
268
239
151
254
254
205
254
254
122
88
361
208
205
260
297
262
222
280
320
170
200
200
322
254
231
205
228
240
214
219
262
187
234
225
260
253
146
122
180
259
190
262
205
225
256
171
193
200
194
276
260
206
228
241
256
254
558
268
270
240
205
171
234
234
366
206
288
289
288
276
208
174
259
279
174
234
310
228
253
283
262
200
254
492
254
227
224
306
266
287
295
254
222
247
260
235
241
396
751
276
266
188
330
303
284
234
291
306
256
228
254
200
257
424
262
262
390
122
225
259
256
276
288
257
291
171
237
253
228
291
190
234
244
257
221
240
313
203
262
278
203
326
208
314
234
291
177
289
291
302
310
278
276
273
291
305
462
247
224
253
307
216
378
205
205
291
399
209
266
187
206
205
254
252
234
225
234
288
200
316
259
281
288
200
235
297
309
284
278
241
479
257
259
234
174
260
187
243
248
253
203
225
444
471
348
200
248
237
1374
269
237
203
205
250
291
228
370
171
256
203
288
242
262
171
260
254
244
282
216
254
237
190
205
174
278
201
247
174
307
334
269
279
190
257
242
291
291
203
291
310
225
234
291
282
225
234
222
288
203
292
244
251
328
297
171
314
205
289
438
295
284
259
246
288
254
225
257
228
205
228
259
228
208
206
257
288
259
200
211
237
262
271
228
174
225
357
228
228
174
253
237
242
412
244
258
278
307
266
360
307
222
190
228
244
262
250
256
276
319
400
219
225
504
257
254
291
208
234
259
171
225
228
171
234
254
171
254
234
291
200
282
288
171
262
288
259
234
237
259
216
259
203
200
257
257
288
237
228
288
291
254
234
254
291
259
239
234
171
288
225
225
168
257
271
203
259
228
254
225
288
208
271
237
262
243
260
216
263
293
205
272
240
240
225
243
294
278
313
254
320
254
237
253
225
234
237
262
206
171
259
294
229
278
250
237
203
234
200
294
288
273
219
319
288
208
326
200
174
311
339
243
234
240
190
270
240
205
216
221
244
320
253
361
205
288
292
200
289
200
234
225
282
200
346
279
267
326
262
629
275
224
219
273
259
193
252
275
234
288
385
171
259
206
205
266
435
209
291
314
276
254
276
224
294
252
323
262
534
193
313
239
234
274
231
200
291
219
279
206
174
294
298
190
225
282
288
200
268
205
234
200
259
205
200
171
203
225
268
254
88
254
205
122
122
180
122
186
317
276
228
269
240
254
308
205
171
200
234
254
285
316
282
241
200
303
322
287
323
316
323
254
225
88
225
254
88
225
122
254
145
241
288
208
190
259
320
259
254
287
287
262
254
304
262
225
239
171
205
304
278
327
275
203
257
254
292
239
274
281
456
257
263
237
254
262
342
205
228
287
205
281
234
289
272
171
367
307
229
270
273
225
278
247
190
283
288
298
378
254
426
205
225
206
225
88
254
288
254
200
225
260
237
88
200
171
234
254
225
288
205
122
200
146
122
180
146
293
208
278
268
332
259
288
190
225
234
171
171
259
171
259
253
254
225
328
171
190
200
240
234
254
88
239
146
200
265
293
171
288
201
208
253
243
271
208
257
280
486
276
237
247
254
225
215
326
257
234
253
253
257
355
225
205
224
304
396
225
297
254
220
281
253
208
257
224
224
304
262
259
229
295
237
245
206
243
309
291
171
171
211
270
274
288
304
262
218
286
209
275
275
238
244
225
208
288
146
122
88
259
186
180
259
254
149
85
151
146
180
180
122
225
180
180
225
122
183
180
180
288
183
171
91
225
146
171
88
239
88
288
183
180
122
225
87
180
322
146
254
180
259
88
146
254
122
122
128
146
180
121
122
180
288
117
88
225
180
262
275
200
200
194
200
294
259
348
234
205
254
225
293
291
122
322
151
146
288
200
259
254
253
244
270
291
225
225
259
200
200
171
259
200
225
288
225
240
205
205
251
205
152
274
122
225
180
254
88
259
259
171
259
268
254
200
293
146
122
117
121
225
122
294
171
205
293
146
121
183
151
268
180
225
293
208
200
234
254
225
349
307
257
365
225
254
239
294
180
219
254
205
297
288
254
229
225
234
239
225
225
171
325
225
225
180
88
121
152
171
225
259
171
122
122
122
234
265
88
122
116
122
122
302
234
225
322
325
224
252
288
408
254
288
225
253
222
205
288
241
171
200
200
266
345
233
171
200
171
225
294
200
234
225
171
294
257
259
293
234
239
440
187
205
367
276
238
174
247
285
228
234
234
180
288
159
122
171
234
322
122
88
88
254
288
254
200
254
233
254
3122
162
88
122
254
288
205
368
229
270
231
266
200
374
224
283
171
254
200
259
200
174
254
217
259
180
254
225
165
239
239
268
259
171
200
488
288
122
322
318
228
323
240
488
208
304
260
237
244
457
278
301
225
258
206
242
243
250
171
234
254
171
384
206
259
225
222
276
171
183
122
259
294
174
423
209
259
205
254
205
88
140
171
146
171
285
310
273
294
292
200
451
254
225
171
293
254
294
259
254
234
266
239
239
180
88
254
259
205
246
219
205
205
276
234
254
276
294
259
228
225
291
219
241
254
244
348
238
243
222
200
88
288
239
257
259
257
307
399
291
288
237
252
550
187
203
174
304
362
187
171
228
254
200
260
234
211
259
225
208
291
237
288
288
203
171
257
254
214
240
174
234
254
200
234
237
174
262
291
254
288
257
206
259
174
278
244
174
257
225
234
240
259
314
227
206
208
205
259
240
266
200
225
276
323
223
289
174
257
224
289
260
224
203
203
463
444
291
200
253
275
310
310
253
237
225
288
279
225
225
174
288
254
259
203
259
288
208
268
171
259
234
225
288
205
228
276
206
225
234
206
171
255
260
228
173
294
171
253
224
228
257
259
254
222
200
270
334
323
206
217
259
205
288
288
174
282
259
205
234
356
259
291
228
208
200
208
329
171
187
257
259
200
203
279
225
288
292
257
223
293
291
194
200
253
242
200
254
200
307
289
200
286
171
307
277
273
297
266
216
307
256
254
496
262
254
310
259
211
288
240
259
225
200
254
174
254
205
262
234
225
288
288
254
171
205
200
309
259
174
240
259
205
259
254
254
208
288
171
294
259
248
225
200
228
200
259
675
205
288
225
291
288
259
225
171
203
262
228
208
288
291
200
225
291
225
225
225
234
205
262
263
302
224
254
288
234
205
288
288
205
171
254
228
254
288
234
257
203
202
259
225
234
171
257
254
282
200
225
228
250
221
262
228
244
228
254
253
288
171
199
251
206
208
203
266
259
231
203
286
278
231
291
219
234
275
262
304
329
278
228
259
208
171
209
263
238
393
225
190
241
208
272
171
228
294
239
291
354
244
203
244
273
347
259
225
286
228
291
253
257
228
308
171
234
254
262
234
225
340
225
254
240
317
275
234
285
263
241
292
287
225
255
288
205
225
278
261
206
289
238
228
329
254
288
291
234
288
205
200
259
205
122
274
88
180
180
259
239
254
254
225
205
186
254
271
116
122
121
146
146
268
146
288
278
225
205
219
531
254
254
190
387
228
234
262
203
200
288
270
208
203
205
205
222
170
240
262
205
200
251
200
222
254
200
254
296
169
174
208
307
288
171
254
240
283
259
171
291
253
257
288
200
291
268
273
270
221
288
234
122
239
122
149
196
225
268
259
294
342
281
259
314
283
279
206
332
217
288
342
275
294
263
244
251
265
254
225
240
206
259
259
171
259
225
254
225
225
268
146
122
122
225
259
200
259
254
288
240
171
228
171
205
225
205
200
205
291
254
225
171
259
270
259
237
171
200
225
205
336
203
174
225
323
288
250
200
223
225
237
300
237
174
205
288
238
257
253
288
205
222
203
273
288
314
288
291
257
225
200
214
205
200
291
225
268
259
263
199
200
254
225
259
180
88
180
205
240
171
122
145
232
323
278
234
254
270
288
171
199
259
171
254
259
205
294
193
260
221
216
384
259
200
234
259
254
240
216
190
205
307
171
208
275
221
234
180
88
122
171
322
239
208
254
188
225
205
225
234
234
254
241
257
174
291
244
249
228
205
288
200
234
237
228
200
239
171
288
254
200
200
288
240
257
225
205
254
205
288
288
205
200
225
205
240
321
171
289
225
244
356
190
317
225
339
406
247
257
200
203
294
219
254
273
337
278
259
288
276
270
273
209
259
348
319
269
259
257
221
292
325
309
237
203
299
259
250
319
259
387
171
244
228
254
205
200
259
203
220
376
171
244
278
254
390
219
235
322
337
237
241
205
292
171
225
206
276
276
190
257
440
500
302
208
269
369
251
349
273
241
254
329
247
171
262
260
173
263
171
307
270
272
260
316
249
517
260
219
282
169
224
275
269
206
345
190
303
235
297
275
365
291
319
287
244
202
276
237
343
237
589
329
225
240
288
122
122
200
278
224
266
237
291
203
183
245
283
237
273
259
250
256
241
205
244
212
171
268
200
171
205
296
263
294
270
225
216
296
358
289
336
174
205
306
208
336
257
227
307
273
288
276
323
247
294
254
304
407
260
291
180
180
254
228
237
200
268
122
122
254
171
216
323
323
247
228
204
298
200
288
205
259
171
225
260
305
322
254
208
208
278
234
225
234
225
146
156
138
146
200
176
319
237
206
301
234
304
200
254
310
297
298
249
193
234
304
208
266
257
240
288
288
259
288
316
225
288
276
174
225
200
197
309
171
244
211
237
291
294
234
346
200
317
450
227
349
262
430
216
313
295
270
252
360
225
268
203
200
240
190
285
219
256
415
308
259
200
174
205
316
205
227
257
270
345
276
291
122
146
234
291
262
208
174
288
259
203
174
348
225
317
257
316
292
234
279
225
336
273
275
228
239
171
174
225
286
234
273
247
222
310
296
259
381
244
348
290
222
254
234
237
294
289
253
265
304
272
200
291
291
288
219
200
335
288
235
234
266
224
203
234
217
205
257
250
304
254
221
203
234
263
203
228
262
288
237
225
330
231
243
190
241
234
325
272
205
349
224
223
264
208
225
171
174
456
225
253
326
234
288
227
171
253
253
234
262
366
237
257
203
200
171
205
234
293
190
219
223
303
242
234
266
224
254
228
253
262
256
291
463
259
200
228
298
240
286
329
221
290
316
201
244
295
273
205
190
244
200
325
272
190
262
233
288
216
237
254
203
228
288
234
257
288
371
259
205
225
200
291
262
200
254
208
200
316
291
208
262
205
270
219
257
208
227
273
307
247
242
259
259
291
295
266
297
276
289
329
206
301
257
174
225
171
254
234
254
294
200
225
288
288
225
259
228
288
259
237
206
171
200
174
402
225
205
225
248
225
294
234
339
288
225
268
171
288
253
254
288
291
200
171
262
254
200
240
259
171
288
203
205
174
254
174
273
282
208
549
171
197
208
313
332
225
257
288
190
225
253
278
254
250
235
234
390
206
222
307
307
219
364
357
349
239
240
174
288
254
291
203
254
234
459
190
203
278
294
203
289
237
276
225
259
242
190
187
225
234
341
170
237
220
234
224
302
241
244
234
246
305
291
209
288
173
205
208
228
200
342
254
234
254
200
200
273
361
308
199
235
275
298
448
273
234
220
264
423
341
257
200
260
259
322
225
205
337
248
288
292
257
327
235
470
257
294
295
414
257
247
237
451
171
234
301
177
313
324
227
270
279
228
317
224
261
276
221
259
259
288
254
207
225
259
200
171
225
288
146
225
259
146
180
88
122
122
122
88
288
535
364
327
331
234
254
278
200
441
234
205
254
205
247
316
310
203
253
240
239
300
263
187
171
254
88
122
138
122
225
122
122
151
88
259
300
242
200
237
216
232
234
275
308
275
251
205
244
205
262
343
206
286
227
259
253
281
228
244
310
272
276
203
270
453
276
257
253
275
237
288
291
254
219
243
190
219
248
257
291
221
254
290
200
203
206
289
295
352
208
297
307
171
205
180
208
293
122
322
146
146
254
203
294
260
288
259
171
259
171
288
88
260
180
180
225
88
180
122
338
282
332
200
171
310
390
200
288
259
200
200
200
146
234
122
288
146
268
271
387
307
219
171
205
152
288
259
259
281
356
253
284
294
254
254
279
234
270
389
234
534
288
200
271
241
314
256
253
250
260
295
236
267
294
254
371
185
283
286
279
339
219
225
313
199
343
261
228
228
225
209
273
304
336
203
257
295
193
263
288
208
304
330
221
246
231
300
221
303
271
355
228
200
254
264
174
243
122
268
122
171
122
183
88
122
338
304
180
260
180
259
180
259
122
88
225
146
225
122
225
146
122
239
268
122
151
146
146
122
122
180
88
239
180
122
88
88
225
145
239
122
151
88
180
293
122
122
180
254
180
88
149
150
225
122
225
225
88
151
171
278
228
288
254
171
254
288
171
288
277
254
262
225
254
288
205
82
171
225
225
225
225
254
206
310
224
259
259
254
237
294
200
205
205
217
171
171
200
203
239
117
180
200
225
259
146
122
171
234
225
171
239
259
259
205
171
234
180
200
88
180
225
225
259
225
254
171
288
122
180
122
152
293
180
293
146
225
325
225
288
205
351
307
187
254
200
260
151
225
205
234
254
225
257
259
341
241
206
183
225
180
234
237
254
259
122
122
122
122
288
288
225
237
88
234
122
195
259
138
122
122
121
88
275
200
165
254
287
277
235
205
282
225
288
206
353
254
171
259
225
254
225
300
310
289
288
205
237
200
205
225
288
200
254
268
268
254
268
171
225
536
275
203
300
425
297
252
257
395
292
237
254
288
239
180
122
121
122
171
225
121
122
122
260
259
219
225
146
171
254
200
128
259
180
254
208
200
330
205
208
259
234
253
296
228
329
200
205
254
288
288
234
200
254
225
87
205
259
87
268
322
260
288
254
286
322
186
254
259
323
348
200
171
319
262
304
279
170
259
177
187
310
357
241
293
238
323
228
294
171
171
234
526
427
259
259
232
262
259
180
88
171
200
273
361
308
205
263
171
254
122
87
122
224
288
228
328
227
291
240
254
256
174
171
234
234
322
254
225
171
209
228
234
288
122
162
88
171
254
276
225
171
183
231
288
205
249
237
171
222
259
190
243
244
292
323
292
237
284
263
241
88
288
224
262
187
187
225
253
279
209
250
187
256
174
265
341
258
262
222
174
254
234
259
254
200
234
200
288
257
200
171
262
228
205
200
259
234
345
203
288
247
288
221
245
211
247
259
225
234
257
237
208
259
259
291
225
204
310
254
228
294
200
291
294
262
225
250
270
270
257
244
244
244
219
208
206
224
244
254
272
225
257
309
238
244
244
209
228
316
194
269
231
203
234
225
200
171
171
262
174
270
208
200
171
323
203
205
234
174
234
262
291
225
254
244
205
259
183
228
225
200
254
259
205
257
234
234
242
208
237
291
171
228
224
205
281
225
1429
257
254
234
259
234
233
225
171
225
171
208
262
174
205
234
254
244
200
304
259
262
237
279
187
316
237
200
174
262
241
291
304
225
266
237
219
227
243
190
244
234
206
288
327
241
224
291
295
253
253
257
285
266
221
1084
276
288
234
234
200
203
237
174
288
288
254
268
234
259
254
225
206
200
288
216
216
259
205
237
254
205
199
262
259
225
171
171
200
200
234
259
288
205
254
228
214
234
171
174
171
254
254
291
259
228
174
288
288
254
294
262
171
291
234
228
171
205
234
174
200
257
288
342
273
313
171
234
171
254
259
262
262
234
288
259
288
206
288
228
171
254
259
219
291
254
208
237
222
288
200
259
216
171
278
225
307
295
219
187
205
208
278
200
200
171
257
278
187
187
379
254
228
313
254
259
313
317
285
285
314
197
276
257
298
254
193
244
281
208
262
205
209
260
283
291
270
266
254
205
291
187
227
288
229
282
288
187
329
275
200
208
228
205
206
259
259
205
259
294
262
208
174
203
279
246
326
254
334
270
327
332
225
205
171
171
206
234
227
250
337
361
276
238
251
233
282
269
288
254
200
254
205
225
288
143
122
146
180
122
322
200
259
259
254
234
183
225
180
121
225
259
225
259
171
234
570
275
205
260
171
259
205
288
225
254
205
293
282
234
257
262
288
259
183
203
242
288
262
171
225
208
308
234
275
225
254
273
171
197
256
263
260
288
228
234
225
208
259
171
202
228
254
262
291
205
165
332
281
225
200
200
205
325
254
180
88
293
239
171
325
268
256
260
237
292
260
306
282
295
253
297
303
221
209
189
224
224
205
205
260
206
294
288
259
240
234
205
171
259
288
88
180
180
128
225
262
222
228
205
225
183
205
200
205
257
200
288
171
294
208
171
288
288
228
228
234
234
216
288
171
171
208
216
279
225
208
187
205
225
239
307
240
225
225
259
367
205
277
234
203
240
225
273
271
225
257
205
254
246
200
225
260
259
225
244
251
225
234
300
254
205
171
268
254
259
146
293
146
254
234
122
180
240
200
200
203
254
262
203
243
259
254
206
259
240
200
171
205
200
262
225
291
171
203
234
263
234
254
304
208
267
304
268
216
299
268
234
88
88
88
122
322
253
244
254
287
171
273
263
357
270
225
205
278
222
190
232
254
253
250
254
183
288
200
234
259
288
254
259
288
291
200
288
171
205
203
225
200
234
208
255
171
205
174
200
257
262
171
614
259
274
206
174
262
200
171
286
256
307
228
275
193
294
339
320
244
290
281
276
257
260
227
253
316
296
203
325
324
234
266
234
209
241
259
254
228
234
254
221
251
253
237
174
228
302
205
244
352
262
253
270
187
260
234
228
257
416
405
205
275
254
266
288
225
254
205
250
225
266
311
209
641
289
507
303
288
526
289
287
339
280
380
257
273
336
575
259
228
310
200
219
165
223
241
308
291
259
254
282
237
253
277
307
253
224
225
171
206
234
254
419
340
254
288
206
327
310
320
253
282
273
311
259
311
246
234
156
122
288
208
230
250
288
187
219
241
253
234
273
200
278
216
292
190
329
294
200
190
234
260
171
205
288
171
228
200
291
211
314
239
237
171
254
225
200
260
263
254
276
366
257
573
202
288
329
273
275
257
266
248
216
322
288
180
219
257
217
180
288
122
152
231
254
312
224
273
203
203
269
210
225
205
237
200
205
288
262
304
337
253
200
291
254
345
171
200
225
125
122
122
282
228
193
171
260
304
234
288
240
292
203
206
228
467
344
290
288
235
302
240
225
259
234
254
288
260
260
259
291
254
260
171
203
291
273
342
228
308
282
341
294
260
234
271
305
345
296
251
232
183
205
254
326
219
244
278
307
222
346
234
259
347
320
219
227
294
171
279
278
219
228
219
444
198
368
279
251
304
143
88
254
257
254
332
228
265
200
253
291
232
288
254
257
260
262
259
253
203
234
278
422
257
242
291
304
286
190
224
247
228
209
289
259
234
228
203
190
259
241
360
278
228
263
171
257
254
220
260
222
241
200
244
206
259
291
240
234
257
254
205
288
222
273
275
270
225
243
234
193
200
288
288
401
277
238
187
234
248
174
292
205
206
307
253
278
265
288
279
312
250
225
171
208
200
259
174
294
307
200
194
225
208
275
203
237
286
244
190
257
208
200
259
276
219
305
190
241
304
254
275
276
292
330
336
206
325
254
174
368
186
290
260
202
216
288
171
239
307
283
305
293
232
171
273
224
254
278
321
327
292
241
276
205
219
189
296
293
200
288
288
206
257
225
225
268
203
294
208
228
257
259
262
295
208
254
254
285
306
203
219
304
273
259
200
259
268
313
234
251
240
253
320
203
310
219
254
270
205
225
222
273
313
171
171
288
288
225
259
206
257
294
254
200
234
200
288
291
234
208
234
288
234
225
254
313
257
237
171
241
200
205
231
225
254
174
234
205
262
288
259
171
257
200
234
257
237
208
225
174
234
174
228
271
174
234
237
254
273
200
259
228
291
239
356
322
316
171
279
228
174
208
211
281
261
269
231
294
254
293
240
345
203
244
287
216
257
262
171
285
203
333
200
169
326
266
302
288
225
244
225
259
228
205
231
225
259
205
327
231
259
187
473
282
234
205
225
228
292
256
171
259
348
205
257
276
234
281
234
262
225
254
205
307
294
369
190
327
229
317
240
292
378
204
323
309
346
610
203
219
294
257
217
322
205
254
283
171
262
272
263
326
320
276
281
253
256
332
262
361
203
203
244
205
259
209
256
174
292
295
266
229
501
320
243
302
221
254
254
254
205
205
225
234
234
171
205
259
234
205
322
146
125
205
121
146
225
122
293
302
304
190
270
288
205
291
200
234
200
171
234
288
225
317
219
260
227
253
203
276
224
257
259
152
88
146
322
122
121
121
88
237
225
225
278
286
200
283
234
205
316
234
237
225
241
200
295
253
199
219
352
237
290
263
205
203
223
244
284
208
489
346
291
278
281
292
262
266
302
209
205
254
205
238
219
224
254
259
244
257
256
300
254
244
237
287
232
266
276
169
234
294
174
288
234
268
200
259
88
200
225
234
225
171
239
254
200
94
180
322
239
122
161
122
88
88
146
146
288
234
278
200
218
288
292
237
276
205
259
171
259
239
171
122
171
237
88
307
304
190
348
143
205
203
254
200
243
283
326
240
330
259
286
171
242
200
203
240
256
346
253
216
266
243
263
263
203
171
224
324
174
296
171
370
208
307
173
307
332
219
347
286
317
232
174
244
291
228
288
259
253
288
222
253
208
234
216
243
347
222
283
206
244
171
313
339
257
307
259
171
305
203
234
291
207
329
205
336
180
322
225
122
268
122
117
179
287
288
288
122
259
254
121
88
225
180
225
122
180
293
254
225
122
146
151
88
117
146
259
88
122
122
225
122
122
122
146
224
122
225
122
288
122
288
146
180
122
205
180
180
225
180
180
225
259
180
121
180
171
251
234
288
225
288
200
234
200
206
254
205
268
293
205
200
225
225
88
268
200
254
294
171
266
225
205
200
254
225
171
205
171
171
268
288
268
171
259
205
225
259
128
259
88
208
88
122
180
205
225
200
288
201
205
254
254
239
225
180
122
122
183
180
200
239
122
88
259
122
239
122
180
205
205
151
88
268
88
225
170
260
291
283
225
205
254
254
259
225
254
225
260
262
1054
234
258
276
259
146
88
268
217
253
254
259
146
156
122
122
239
268
288
225
122
205
122
146
122
146
225
122
121
254
244
205
234
186
122
285
255
171
257
259
171
216
190
322
237
254
287
288
234
417
232
285
259
234
288
225
171
171
225
205
259
205
254
171
225
234
200
511
225
206
361
257
367
361
259
257
227
433
234
254
122
143
122
122
254
205
254
122
225
122
288
171
288
260
239
200
268
225
254
225
146
288
200
171
244
262
307
227
487
234
346
278
310
259
259
205
278
200
225
259
205
271
88
293
259
179
225
206
203
217
234
259
225
293
288
254
307
237
291
254
283
260
219
248
383
273
224
222
320
200
326
278
329
244
253
225
206
280
234
205
338
171
205
307
329
225
180
122
259
200
246
301
307
259
117
254
259
180
122
122
122
200
410
288
325
262
262
240
222
171
200
171
254
268
225
259
171
262
193
322
146
205
88
293
205
225
266
194
279
200
367
205
259
212
254
225
260
268
259
295
279
234
359
171
216
414
289
200
293
259
200
948
222
247
262
312
262
257
259
313
275
263
257
310
361
279
225
259
205
200
234
254
171
200
259
222
208
254
171
288
257
225
254
208
312
259
262
253
205
208
205
289
183
288
288
259
254
259
205
208
208
254
260
237
200
288
237
232
281
200
304
225
217
259
206
286
203
219
314
208
278
313
171
311
206
276
283
250
222
273
241
262
234
224
281
223
260
200
234
262
247
208
254
254
225
234
245
225
288
259
228
183
279
237
174
227
171
205
396
200
225
262
203
183
237
288
200
205
234
291
259
225
203
257
225
288
262
237
259
205
203
457
279
200
313
281
174
200
268
259
259
225
216
291
254
259
262
262
291
250
247
205
174
259
208
239
277
205
205
228
257
253
237
219
307
262
288
286
203
383
297
262
259
284
313
416
212
232
254
316
490
462
241
244
171
270
200
208
171
263
232
208
174
225
279
224
322
217
205
237
171
171
216
234
259
216
171
257
291
288
259
174
174
225
200
205
256
206
225
225
241
205
200
200
254
259
254
205
237
217
200
259
225
174
205
171
262
205
262
234
225
206
237
171
208
288
171
240
234
171
262
171
234
174
200
254
205
304
308
379
171
259
254
262
262
200
259
259
205
220
171
234
200
288
288
200
241
244
257
262
203
225
228
234
259
260
237
205
276
275
244
237
279
270
174
304
239
263
234
190
237
171
267
240
241
225
174
263
174
288
286
232
174
237
319
275
190
266
262
259
292
286
256
297
171
221
203
257
193
259
257
205
190
262
310
450
234
250
259
174
287
257
259
237
311
234
234
225
250
320
279
225
174
313
200
205
253
174
234
171
235
288
288
250
244
222
403
171
200
254
200
217
259
237
209
332
254
371
453
209
474
174
228
234
254
288
288
205
254
180
183
88
180
88
254
294
259
262
234
259
288
254
254
180
278
122
151
183
171
259
225
308
288
225
315
294
234
225
200
205
288
206
291
259
225
208
254
288
177
234
259
234
200
222
171
263
278
250
200
225
203
268
174
205
208
200
208
205
257
262
259
225
228
242
205
200
216
208
253
234
216
174
370
254
193
171
225
293
225
146
259
146
268
318
225
274
193
238
278
237
352
260
262
402
326
244
307
371
308
259
292
209
203
171
234
254
205
288
234
225
171
234
234
224
171
180
186
88
162
259
288
200
204
205
257
260
254
205
259
171
205
287
237
237
225
171
240
259
234
171
200
200
245
200
273
171
200
205
200
240
200
239
316
288
228
208
205
203
203
259
219
242
293
259
281
237
288
259
288
237
258
263
219
219
190
225
200
307
285
288
203
228
206
227
262
208
205
200
313
254
122
288
180
225
174
254
239
122
259
254
225
203
205
270
273
258
234
288
288
596
205
288
200
254
278
307
221
237
234
291
205
257
200
224
358
371
244
171
200
224
323
254
171
239
146
121
122
259
286
283
291
288
234
307
241
200
221
234
262
219
254
252
238
240
257
205
260
254
259
205
237
200
254
225
205
225
257
171
259
225
200
294
257
216
254
171
254
254
254
200
200
254
171
234
225
924
294
224
310
285
218
221
298
219
228
653
240
281
219
393
212
302
219
203
234
190
219
212
225
174
311
250
209
244
254
311
234
358
174
291
259
291
234
405
228
203
234
381
205
259
174
254
222
225
343
200
228
222
273
208
342
262
251
383
256
266
171
171
171
260
225
237
291
325
275
312
219
219
272
347
260
206
244
313
196
314
257
263
336
235
225
203
205
289
190
288
205
326
254
256
344
232
216
200
234
237
332
367
325
237
283
228
281
200
416
307
260
280
325
350
324
193
271
253
270
347
316
289
368
254
326
225
122
122
205
206
234
232
244
239
247
206
211
203
273
218
234
278
404
246
299
328
311
239
288
288
208
254
183
198
231
279
259
205
234
193
278
273
227
254
190
206
168
325
259
243
180
347
311
237
244
346
291
260
262
288
174
225
268
254
211
205
259
88
122
122
225
254
270
282
254
224
307
187
257
190
200
208
205
225
288
234
225
221
486
174
205
171
304
174
200
268
122
122
121
122
234
237
200
225
234
266
237
245
205
209
286
297
360
313
338
228
203
219
289
330
292
288
200
180
234
203
205
225
187
288
259
171
283
313
288
279
234
276
244
174
208
324
294
203
206
310
337
244
430
219
231
347
285
256
348
262
202
244
270
276
250
323
225
219
257
260
171
294
239
200
208
282
220
247
317
326
293
294
183
88
287
222
282
316
171
253
276
307
253
244
307
272
248
171
326
211
234
193
316
275
298
190
228
294
244
323
241
259
271
251
264
243
247
288
276
268
284
266
393
351
304
437
241
240
183
200
278
205
328
262
273
333
234
239
278
304
171
259
205
295
209
200
563
187
358
205
305
183
205
234
472
205
367
332
224
244
252
203
267
281
224
219
206
326
351
384
716
241
300
314
273
237
397
225
171
228
237
291
273
298
174
288
259
282
241
203
259
200
237
171
260
254
251
266
200
273
234
200
320
260
232
271
216
243
244
311
283
174
244
224
225
257
208
262
224
258
330
279
294
254
282
361
225
283
267
254
307
299
288
254
311
174
205
209
200
171
288
260
200
225
208
288
228
291
446
174
200
228
262
225
254
262
259
291
257
253
228
307
234
254
254
171
208
302
291
237
260
244
314
295
244
301
227
289
311
257
270
310
244
225
225
286
259
288
237
234
254
225
259
288
203
262
259
208
225
225
228
225
200
208
259
200
234
288
225
288
171
291
228
171
205
171
284
259
200
291
538
259
288
203
234
234
208
288
203
288
171
257
259
200
254
225
228
234
259
208
262
228
286
241
259
278
200
257
304
205
222
323
270
224
221
262
377
310
243
190
383
322
222
329
269
237
262
281
171
259
171
256
259
304
225
225
222
278
296
187
187
257
225
205
171
174
262
232
234
270
259
200
203
171
225
228
254
262
171
232
244
258
307
259
203
254
288
278
203
254
270
205
282
205
254
224
259
225
209
219
307
228
259
345
367
263
295
206
262
200
238
255
219
206
256
200
225
254
234
386
312
204
254
262
206
174
241
216
227
297
225
330
225
221
307
222
225
297
373
307
203
305
224
318
244
294
203
262
308
368
288
205
268
171
254
205
225
237
254
205
288
225
322
259
152
88
146
156
122
122
119
146
268
317
206
212
254
225
339
203
234
171
205
254
200
238
367
336
212
243
285
285
273
262
331
225
171
183
88
122
122
122
88
156
125
206
206
234
313
530
291
225
381
320
208
224
237
208
240
301
225
206
342
237
221
206
174
326
207
327
353
442
323
380
254
259
342
380
329
268
298
282
258
225
259
272
298
229
241
200
187
224
219
205
305
259
266
273
307
329
262
205
256
234
225
288
225
234
254
293
325
183
254
234
259
225
174
171
146
259
259
205
146
262
179
183
88
87
122
88
122
205
171
264
225
206
259
259
171
225
288
225
200
254
151
200
122
171
322
239
203
203
234
378
288
171
180
225
254
254
257
208
205
259
300
259
288
316
339
241
304
190
306
243
216
232
235
360
350
370
472
277
171
276
174
206
208
234
227
228
204
257
276
221
237
190
230
270
240
227
222
268
310
271
292
253
237
225
190
231
253
424
228
323
203
246
450
286
238
354
256
230
256
232
241
331
276
208
308
