0.00436684
0.00500645
0.00195767
0.00406252
0.0127519
0.0118644
0.00760849
0.00541855
0.258733
0.00269205
0.00747233
0.00524129
0.00349385
0.0025373
0.0122377
0.00725736
0.00356111
0.00682787
0.0016494
0.0131419
0.00458646
0.0087842
0.00482855
0.0100086
0.0051702
0.0104655
0.00563415
0.00395675
0.011669
0.00300575
0.00199816
0.00791774
0.0122813
0.0177217
0.00995375
0.00251369
0.00566713
0.00694766
0.755414
0.00886029
0.810127
0.00365647
0.0041116
0.00224232
0.00307828
0.00898277
0.00931026
0.00693935
0.205381
0.00174392
0.00261743
0.00206512
0.000550786
0.00371629
0.189876
0.00299424
0.00258034
0.00618721
0.0140135
0.237567
0.00584734
0.00804662
0.010858
0.00839869
1.42599
0.0062142
0.00669687
0.00243761
0.00598918
0.00341089
0.0058594
0.00195111
0.00510053
0.00815759
0.0076726
0.00356944
0.237278
0.00628244
0.00895502
0.00506453
0.00311561
0.00589959
0.231257
0.00160309
0.00907885
0.00739832
0.00415683
0.00703273
0.242115
0.0031977
0.0127853
0.323088
0.00648869
0.0114486
0.00719129
0.00770925
0.00465678
0.0031366
0.00621622
0.00314816
0.00286863
0.243601
0.00589975
0.00577347
0.00259696
0.00382402
0.00491892
0.0035375
0.00283986
0.00563187
0.00198681
0.00428125
0.0027532
0.00678527
0.00580463
0.00485309
0.00406695
0.01047
0.0100751
0.0205494
0.00622229
0.0262342
0.0123141
0.0171627
0.00822748
0.0265021
0.00191891
0.0126788
0.0129328
0.00163089
0.00485246
0.00358515
0.00765566
0.00249675
0.252754
0.00871204
0.232627
0.00419258
0.00393224
0.00502542
0.00981098
0.00741627
0.19918
0.00225553
0.0143085
0.0248162
0.00439083
0.00409751
0.00226086
0.0126025
0.0145313
0.00575708
0.233085
0.00122635
0.0148099
0.0128877
0.0155248
0.0038785
0.245146
0.219612
0.00485402
0.588812
0.0175105
0.255478
0.00156289
0.0225385
0.0158866
0.00668526
0.0196291
0.00698689
0.021799
0.00828018
0.0104209
0.00783544
0.0214248
0.00973761
0.0138756
0.00138546
0.00491083
0.0149892
0.0031244
0.0121591
0.0104559
0.0112296
0.00173381
0.00877758
0.00640539
0.00231313
0.208654
0.0109296
0.272935
0.0056988
0.00379879
0.00672847
0.0116048
0.00477123
0.00541507
0.00646946
0.00911734
0.00328068
0.0155267
0.00878443
0.00581214
0.00917407
0.00650427
0.0225375
0.00679518
0.00766969
0.0100245
0.00752439
0.00379038
0.00728231
0.00526895
0.249959
0.00690151
0.0190639
0.00992849
0.00422404
0.00392994
0.00700517
0.0170846
0.00448058
0.00826052
0.00633948
0.0074013
0.0119593
0.0066623
0.224788
0.00142261
0.260904
0.00511835
0.0118461
0.0101426
0.00514971
0.00694228
0.00487847
0.00738442
0.0016435
0.0100636
0.0614445
0.00548213
0.00700152
0.00982759
0.00428334
0.011903
0.0149951
0.012208
0.0144191
0.00774647
0.270629
0.302404
0.00388055
0.0051444
0.231302
0.00543968
0.00395764
0.011511
0.00853221
0.00726698
0.00506977
0.00647479
0.00791203
0.00905721
0.00322788
0.00580994
0.00346257
0.00914248
0.0104836
0.00550529
0.0389906
0.0242618
0.00459395
0.00339596
0.00296081
0.0127316
0.0032645
0.19836
0.00375412
0.214297
0.255003
0.00394197
0.00275413
0.00731399
0.00714514
0.00197263
0.00416413
0.00925642
0.00379687
0.00657095
0.0183691
0.018795
0.00539293
0.00584735
0.00897079
0.00709832
0.00219509
0.199941
0.00574497
0.0134296
0.00414887
0.00761052
0.00114648
0.00341277
0.00449507
0.0101569
0.00743529
0.00479015
0.00566084
0.00764469
0.234179
0.00410705
0.226286
0.00173105
0.00322907
0.00233303
0.0196046
0.00712907
0.223571
0.205215
0.00938534
0.0198956
0.00630164
0.0237219
0.00327241
0.199947
0.0102697
0.196226
0.0357221
0.00846066
0.000885869
0.00501996
0.231647
0.0222967
0.00482086
0.00225697
0.00378752
0.00308245
0.675204
0.00507264
0.00991796
0.0132707
0.22811
0.00228162
0.00306136
0.00802029
0.0128085
0.00600172
0.27601
0.00293555
0.00463616
0.00273996
0.00782672
0.00378584
0.0117159
1.23898
0.00431666
0.00269029
0.00521052
0.00626393
0.00230478
0.00402507
0.0110227
0.00576136
0.00242699
0.00575228
0.00649685
0.0139379
0.00986011
0.00398448
0.00816367
0.0161124
0.0137963
0.00744803
0.00371164
0.00250428
0.00345531
0.20951
0.00516565
0.00404005
0.183767
0.0068911
0.00833979
0.00402894
0.00610547
0.00901382
0.0111258
0.00393875
0.0127884
0.0146722
0.00413599
0.00474436
0.0106186
0.00447456
0.00383393
0.0104481
0.00628371
0.0126274
0.00613386
0.00246727
0.0133528
0.00736927
0.0132735
0.0123211
0.00273465
0.00360657
0.00409531
0.0101028
0.00329103
0.00585574
0.00442863
0.224335
0.00623735
0.00651881
0.219782
0.982163
0.0121885
0.00639555
0.003749
0.00539397
0.00549359
0.00578555
0.00524263
0.0101487
0.00442701
0.00787082
0.00428273
0.19802
0.918357
0.318076
0.0129351
0.174453
0.00191027
0.011046
0.00453247
0.00234179
0.00182208
0.00159388
0.00523022
0.00521383
0.00566265
0.00376682
1.33962
0.0027545
0.22243
0.0153868
0.0121249
0.993069
0.00607502
0.0136816
0.00651672
0.3177
0.00553957
0.00419162
0.311549
0.00355017
0.0207473
0.223229
1.34681
0.00262967
0.00344675
0.0124157
0.0118535
0.00739994
0.00373406
0.00643033
0.00807904
0.00680126
0.00383904
0.00873091
0.00558143
0.00466445
0.00236943
0.00997116
0.011691
0.253366
0.00494403
0.0142329
0.00715811
0.00703481
0.00564337
0.0183923
0.00532902
0.00966772
0.00564953
0.0485668
0.00240396
0.00877015
0.00153717
0.00504045
0.00366271
0.00110651
0.000601184
0.00337596
0.00663925
0.00364721
0.0129005
0.0092692
0.00373291
0.00403739
0.00446606
1.28067
0.00433491
0.0222133
0.0137453
0.0165662
0.00523436
0.00779075
0.003672
0.00560103
0.00116143
0.214966
0.00146609
0.00402769
0.00625366
0.00774529
0.00898295
0.00442267
0.0016422
0.00612097
0.00471806
0.00978508
0.211297
0.0113969
0.262406
0.00256892
0.750246
0.00760204
0.00355011
0.226418
0.00315368
0.00520031
0.751756
0.00847007
0.0027259
0.00672663
0.384183
0.26013
0.00470232
0.00137474
0.00540774
0.00221279
0.0108997
0.00298667
0.0158754
0.00511507
0.00170029
0.0087206
0.0055689
0.00370058
0.0107477
0.00337597
0.00691626
0.00705929
0.0089159
0.0132563
0.00280145
0.00382287
0.00818267
0.00887035
0.258048
0.00324912
0.00523879
0.010534
0.00326013
0.215872
0.00545553
0.00740098
0.195664
0.0099776
0.00911535
0.00330914
0.00195708
0.00476379
0.00306474
0.00231486
0.00429839
0.014658
0.0175651
0.00215498
0.00292675
0.00516909
0.00872674
0.0111176
0.00605287
0.00675908
0.0118144
0.00329816
0.00472022
0.00475691
0.00412911
0.0041385
0.00520884
0.00384607
0.00619492
0.00684526
0.00662713
0.00299653
0.0117892
0.00165673
0.00746368
0.0114889
0.00843349
0.254295
0.00251998
0.00512251
0.00313264
0.00328788
0.00397911
0.00497198
0.006582
0.0140194
0.000484956
0.00581091
0.0068818
0.0065002
0.00411161
0.0119405
0.00707849
0.00605576
0.249791
0.00582297
0.00389606
0.0024793
0.0175308
0.978776
0.00664336
0.00594579
0.0043513
0.197922
0.00198968
0.00505323
0.00826673
0.00487594
0.00332026
0.00521612
0.00135506
0.00293729
0.00433436
0.0019381
0.00306516
0.00358723
0.00573069
0.00522755
0.00130775
0.00248172
0.00433086
0.00490812
0.00546107
0.00546029
0.0100334
0.00487554
0.0100045
0.00488803
0.00606785
0.00758011
0.00347954
0.0058456
0.00562629
0.00732544
0.00463437
0.00359781
0.00639563
0.0146542
0.0102548
0.00640887
0.00366391
0.00400545
0.00610866
0.00729966
0.00404105
0.00365979
0.00643696
0.00506063
0.0029134
0.00248515
0.00354849
0.00288095
0.00697507
0.00181973
0.00574451
0.00364935
0.241669
0.00427564
0.00518077
0.0114043
0.00374595
0.00511058
0.00413896
0.00616772
0.00471273
0.00386628
0.00950805
0.0124412
0.00241032
0.00771868
0.00339616
0.00420808
0.00197641
0.0101967
0.00506427
0.00285989
0.00375923
0.0087065
0.00905025
0.00561242
0.00731362
0.00204141
0.00362164
0.00718433
0.000420655
0.00650134
0.00387822
0.00458237
0.00327835
0.00646849
0.006377
0.00457195
0.00147657
0.710254
1.18518
0.00872636
0.00840722
0.00507628
0.00980751
0.274705
0.00690604
0.973027
0.00211467
0.00370546
0.010162
0.00304196
0.00314382
0.0168304
0.00949462
0.00787203
0.00411864
0.0025431
0.00657001
0.00394061
0.263639
0.00526066
0.0021699
0.00393362
0.0174987
0.00994638
0.000600662
0.00283847
0.00773813
0.00227619
0.00353364
0.00332288
0.00536936
0.0195221
0.0172148
0.01139
0.00664391
0.00489487
0.0125069
0.00952465
0.0136099
0.00157573
0.0178531
0.0046899
0.00786804
0.0116206
0.00945466
0.00332924
0.00361464
0.007186
0.00134905
0.245552
0.00504133
0.00641414
0.00813841
0.00553721
0.00286789
0.00920134
0.22561
0.00692929
0.226924
0.00908447
0.0023077
0.00664083
0.200768
0.00236069
0.00732885
0.0147275
0.00996013
0.00452016
0.00279216
0.192175
0.00406711
0.00543142
0.00998414
0.00404774
0.293171
0.0223264
0.00433579
0.00946659
0.00520286
0.00508732
0.00572431
0.00654958
0.00365201
0.00746855
0.265457
0.00412835
0.00451036
0.00703748
0.00581186
0.00266415
0.00426547
0.0345758
0.00738435
0.00338428
0.832708
0.0038651
0.691482
0.00204167
0.00321945
0.253434
0.00771745
0.0162472
0.00332894
0.00940923
0.00501565
0.00949717
0.00436689
0.00708656
0.00244176
0.00628595
0.0077087
0.00625138
0.00507589
0.00564963
0.0121911
0.00117937
0.0129779
0.0130226
0.010929
0.00510044
0.00787447
0.0336865
0.00774123
0.0046381
0.805953
0.00204632
0.00841864
0.00302299
0.0056897
0.241391
0.00101901
0.288931
0.00768419
0.0053961
0.0034678
0.245048
0.00211605
0.00938907
0.00718994
0.00604466
0.0081318
0.011494
0.00576219
0.00646913
0.00728205
0.00269067
0.00566708
0.00176436
0.00270419
0.00315739
0.00457958
0.00390188
0.00752559
0.00245567
0.00646857
0.00618836
0.00238163
0.00162927
0.00741907
0.00540359
0.00715973
0.000929206
0.235959
0.00623468
0.00610785
0.00478264
0.00726459
0.00233506
0.0028803
0.00583797
0.00719737
0.00325768
0.00379427
0.00567214
0.254842
0.00897189
0.0011807
0.00550028
0.005341
0.00725369
0.822246
0.00386657
0.00361578
0.00614514
0.231061
0.00600721
0.0120011
0.0249481
0.00232428
0.0146246
0.00523689
0.00374005
0.00289614
0.229329
0.0182245
0.00548863
0.00288436
0.00679036
0.0112118
0.00571477
0.00827375
0.266266
0.00756881
0.24894
0.00497449
0.00937466
0.00715439
0.0153938
0.00763375
0.00229966
0.00587959
0.00996567
0.0130396
0.284259
0.00872886
0.010168
0.0193313
0.00891784
0.0072346
0.0037106
0.00116916
0.0141032
0.00811869
0.729924
0.0179578
0.0137194
0.0108769
0.00578924
0.00552716
0.0181972
0.0142807
0.00859953
0.00799621
0.0165019
0.00199353
0.0119921
0.0114143
0.00898642
0.85462
0.0218785
0.00681258
0.00664721
0.00264067
0.270746
0.297732
0.00288158
0.00463963
0.00701444
0.00498273
0.010154
0.303833
0.0100496
0.00918675
0.00407442
0.018429
0.00272508
0.00112614
0.00877417
0.0171812
0.224489
0.00744135
0.00559185
0.69656
0.0140186
0.00359483
0.00259202
0.00823751
0.000921393
0.00313648
0.0120864
0.0112429
0.0141058
0.0123742
0.0106813
0.0194948
0.0050416
0.00653278
0.0211721
0.71264
0.0076702
0.00281581
0.00728193
0.00655892
1.02779
0.0097427
0.00909389
0.198356
0.00894191
0.278525
0.0120707
0.00498537
0.0165938
0.00635076
0.00713401
0.269618
0.0133113
0.00905303
0.0218889
0.19853
0.223959
0.00414863
0.00861767
0.00966119
0.00589125
0.000674351
0.0077066
0.00502457
0.00455058
0.00819309
0.263721
0.249322
0.00643998
0.019877
0.0073388
0.921621
0.00903019
0.00847439
0.00631172
0.00348132
0.012758
0.748608
0.00465503
0.00364543
0.00885977
0.00255765
0.0180029
0.0570482
0.0169882
0.258237
0.00198076
0.00243384
0.00393028
0.00875558
0.010274
0.00648867
0.00652258
0.0143944
0.00362501
0.00164785
0.00677925
0.240081
0.00614281
0.00695999
0.00469342
0.00380576
0.00792732
0.00876004
0.261511
1.17219
0.00478167
0.00434081
0.00506707
0.00299393
0.00545929
0.0157716
0.00549307
0.00488812
0.0100422
0.00894651
0.00532816
0.0168117
0.00811372
0.00215933
0.00699812
0.00414352
0.00363435
0.0128555
0.00560818
0.00262371
0.0138771
0.00301515
0.0180293
0.0110022
0.011208
0.00779611
0.00452755
0.0111133
0.00824316
0.00415824
0.00171868
0.00450389
0.00373037
0.00741865
0.00309985
0.00363527
0.00995537
0.00432987
0.00565791
0.0137666
0.00357701
0.0159827
0.00711168
0.00418462
0.00763132
0.00661568
0.0203463
0.00366933
0.213386
0.00509489
1.0448
0.00288424
0.010277
0.814066
0.00856529
0.00565224
1.03496
0.00112602
0.00293401
0.240863
0.00273009
0.0109336
0.00447443
0.0155774
0.00247673
0.00532361
0.00151938
0.00891248
0.315809
0.00780105
0.00726606
0.228223
0.0130417
0.00195226
0.0130465
0.00526703
0.00692549
0.964875
0.011142
0.278057
0.00444585
0.00691935
0.00726242
0.0117409
0.0150721
0.000615355
0.00620109
0.00942128
0.00753617
0.214965
0.242523
0.0066488
0.228213
0.00365812
0.0106195
0.00970967
0.0122844
0.00221982
0.00557763
0.0120902
0.24962
0.0080786
0.0053975
0.239344
0.00411192
0.00616468
0.22425
0.00397428
0.00883639
0.231229
0.231407
0.00417605
0.00261424
0.000694021
0.00697251
0.0246469
0.00833312
0.00364058
0.00744161
0.00763904
0.00361994
0.00481964
0.00663337
0.00403369
0.00480131
0.00851305
0.0109898
0.00467263
0.00582054
0.00615366
0.00770407
0.00489288
0.01111
0.0074367
0.00949529
0.00417576
0.30311
0.00618061
0.00712047
0.0126921
0.00260324
0.000739407
0.00734525
0.683362
0.0183783
0.00758418
0.0111188
0.00696183
0.00720624
0.00698964
0.00133624
0.291502
0.00409513
0.00801838
0.0031482
0.00802736
0.00906785
0.00334415
0.00663785
0.208382
0.227374
0.211341
0.0138073
0.0129543
0.00624926
0.000821943
0.002644
0.00502033
0.00221733
0.00309914
0.00671308
0.0064963
0.219188
0.644805
0.00611515
0.0038078
0.206849
0.0141377
0.00628701
0.00609331
0.00342176
0.0100031
0.00783649
0.0176135
0.0109284
0.0214737
0.0190195
0.286116
1.00611
0.0194009
0.00827694
0.0113149
0.007616
0.0060205
0.014929
0.00513082
0.00516215
0.00731477
0.012242
0.00425027
0.00682894
0.00780781
0.00558446
0.00829791
0.00467843
0.00501455
0.00631035
0.0141564
0.0059964
0.00376917
0.00298316
0.0155957
0.00413072
0.00276681
0.00695413
0.00161081
0.00329544
0.225493
0.0119566
0.00458085
0.0072976
0.00753877
0.0122467
0.00488784
0.211171
0.28207
0.00149073
0.0192532
0.00287475
0.229243
0.262808
0.00767074
0.0076082
0.00774928
0.0136463
0.0136842
0.0020056
0.00187797
0.0112073
0.00675701
0.242514
0.00424903
0.00711138
0.00630319
0.00359333
0.0096541
0.00153893
0.00383168
0.00854518
0.000964266
0.00469293
0.0113463
0.0257238
0.00470404
0.00439834
0.00366512
0.00715906
0.00328455
0.0102137
0.0123465
0.00528792
0.00656855
0.00850062
0.013013
0.251289
0.00751184
0.00640161
0.0103002
0.00274337
0.226161
0.00541438
0.00653792
0.245609
0.00533854
0.00929216
0.0114995
0.00671423
0.00384059
0.00847635
0.00486147
0.00961724
0.00353026
0.2138
0.00525271
0.0152106
0.00752851
0.0100806
0.00770344
0.00443068
0.00998075
0.00561391
0.00112953
0.000372741
0.00587232
0.274939
0.0025993
0.215628
0.00773192
0.21964
0.00394079
0.00466087
0.00235807
0.00526172
0.00892296
0.00294351
0.00754624
0.00662546
0.0109708
0.00159663
0.00355084
0.00247557
0.00949901
0.00172542
0.00411107
0.00390388
0.0130638
0.00368904
0.00172232
0.0032105
0.0032302
0.0015345
0.00236204
0.00394555
0.878156
0.204124
0.00107756
0.00557961
0.00126781
0.00641736
0.00366214
0.00265552
0.00447043
0.00801442
0.00841247
0.0052344
0.00366339
0.0170505
0.0033202
0.00413004
0.0122889
0.00377795
0.0123898
0.0150675
0.00678443
0.00270886
0.0127651
0.00379394
0.00402295
0.00255997
0.00638933
0.00551163
0.176902
0.00457821
0.00698717
0.00325182
0.00664685
0.00582494
0.230863
0.00674779
0.00376441
0.254263
0.00339145
0.00562461
0.00537884
0.00821369
0.00578847
0.00470974
0.00210793
0.00337278
0.00302553
0.00270847
0.00374002
0.00469084
0.00239252
0.0116443
0.00293712
0.00391215
0.00143244
0.00890734
0.237712
0.00373772
0.00205271
0.00516733
0.0155625
0.00548181
0.217206
0.00408829
0.00507787
0.0213393
0.00179507
0.00390575
0.325476
0.0223765
0.220546
0.00614587
0.253408
0.00438567
0.009027
0.0038577
0.170195
0.00225362
0.00657211
0.00472626
0.00781713
0.00267619
0.00542157
1.53416
0.00163979
0.00468557
0.00820243
0.00627526
0.00613165
0.211836
0.0190012
0.00476897
0.00276492
0.0084945
0.00275576
0.0111204
0.0126321
0.00585048
0.00341172
0.0181861
0.0115691
0.00299304
0.00911451
0.00344248
0.00398668
0.00266861
0.00441369
0.00594359
0.283874
0.00589047
0.00448801
0.0169715
0.00796889
0.00774102
0.00657285
0.0028728
0.00370086
0.00340161
0.00282649
0.00357813
0.0112326
0.273232
0.650945
0.00707997
0.00507372
0.00121986
0.00647428
0.0167901
0.239213
0.0113564
0.00747764
0.0142989
0.00889263
0.00373685
0.00445341
0.00707143
0.00591551
0.2417
0.00288877
0.00826055
0.00444535
0.0145378
0.0051601
0.0051944
0.261908
0.00702953
0.00561879
0.00966639
0.00299983
0.00639942
0.00209448
0.00507038
0.232097
0.00138389
0.0058418
0.215117
0.252203
0.00343172
0.00863546
1.02016
0.00988388
0.0142651
0.239932
0.228257
0.00886516
1.09388
0.0210386
0.00410641
0.00459188
0.196832
0.220432
1.18761
0.00762918
0.00196836
0.00959108
0.00540583
0.0154265
0.00124407
0.00373676
0.292698
0.00439111
0.00834752
0.00378928
0.00464945
0.00312756
0.224593
0.0088169
0.00911477
0.00795408
0.00823279
0.00970142
0.0088325
0.00349118
0.00309325
0.0036141
0.0251313
0.838502
0.0194412
0.836943
0.0054405
0.00576704
0.00327591
0.00450563
0.0086789
0.00257391
0.00145724
0.0150872
0.00608184
0.192091
0.00653246
0.00757706
0.00258442
0.0137748
0.0114462
0.00396405
0.00383137
0.221673
0.002699
0.00537557
0.00356661
0.011704
0.00517968
0.00475382
0.0036627
0.0181651
0.00686403
0.00303576
0.007048
0.0056356
0.00447681
0.0109406
0.0145858
0.0091877
0.00596607
0.00555803
0.00434364
0.00879504
0.00844299
0.00455867
0.254754
0.00723092
0.00118919
0.00398638
0.00609429
0.232994
0.00410621
0.00296431
0.00371086
0.00441974
0.267458
0.00328264
0.0066054
0.00488909
0.00401478
0.00355106
0.0052288
0.00318376
0.00260593
0.00368903
0.00312517
0.00233691
0.0033593
0.00554736
0.224492
0.0010658
0.00946683
0.00730956
0.00641694
0.00477162
0.00451619
0.0110037
0.00317467
0.00702797
0.00420138
0.00536164
0.00901058
0.00230917
0.0037208
0.00402814
0.0190321
0.0028902
0.004493
0.0054294
0.0238025
0.0214865
0.0021354
0.00437322
0.0136796
0.0040375
0.00439839
0.0055495
0.00612811
0.0041777
0.00821496
0.00346172
0.00188481
0.00965527
0.00500742
0.332886
0.00553031
0.0262422
0.00673297
0.00941595
0.0300709
0.010612
0.00376975
0.0204659
0.0115001
0.00199252
0.0111071
0.00790186
0.0103873
0.0109504
0.00280782
0.00658004
0.011449
0.00844602
0.00566245
0.00485753
0.0218535
0.00749558
0.00158089
0.00905782
0.00561838
0.00625397
0.0141448
0.00460062
0.00991061
0.00376603
0.00486109
0.0111052
0.00485831
0.0121639
0.0127164
0.00542456
0.0110499
0.0059972
0.00708997
0.0151522
0.0195156
0.320004
0.00387471
0.00433647
0.00162451
0.00238558
0.00840163
0.207817
0.0206033
0.00198543
0.000601457
0.00764944
0.00189629
0.00733887
0.00486434
0.249926
0.00223443
0.0147343
0.00520832
0.23261
0.00375147
0.260585
0.231169
0.00810098
0.0227914
0.261978
1.26278
0.00193205
0.0032379
0.00197805
0.243827
0.215723
0.00450642
0.00298269
0.00754602
0.0106325
0.00376719
0.253646
0.00854669
0.626333
0.0162642
0.00833189
0.00263412
0.00922284
0.935201
0.00895025
0.00739972
0.743618
0.0104231
0.0101753
0.0100741
0.00420372
0.00267201
0.00749814
0.00833584
0.00686218
0.0178567
0.0038264
0.00176634
0.00778529
0.00321036
0.227192
0.00717052
0.00545132
0.00964059
0.00838198
0.00604772
0.00926699
0.00842944
0.00594038
0.0125344
0.00902273
0.00435354
0.0063101
0.00590967
0.018586
0.0156414
0.0141879
0.225339
0.00651589
0.267258
0.24067
0.0171376
1.26061
0.218344
0.00410317
0.00461567
0.00604308
0.00853637
0.00513253
0.0047039
0.00128299
0.012768
0.0105068
0.00725166
0.00337196
0.189888
0.00551896
0.00523589
0.235828
0.00276661
0.00470671
0.243027
0.00385115
0.00819121
0.00235801
0.00148692
0.00682692
0.262882
0.0102273
0.00486482
0.00381865
0.00730012
0.235454
0.00589575
0.033719
0.0027015
0.00900052
0.00443679
0.00460301
0.0071065
0.00480277
0.00510343
0.00746079
0.21183
0.00866273
0.0117099
0.00721419
0.0037686
0.00265734
0.0197851
0.00583264
0.224663
0.000799227
0.00554996
0.00353327
0.0111946
0.00906318
0.00481519
0.00868523
0.00498612
0.00450227
0.00562638
0.00243633
0.00401229
0.00683778
0.20978
0.00760883
0.00762303
0.00367591
0.0074615
0.0143428
0.011392
0.00836432
0.0034006
0.00960309
0.00500634
0.00454659
0.0065594
0.242111
0.00725486
0.00424432
0.00771576
0.00882449
0.831201
0.00813675
0.00319707
0.00235773
0.00914729
0.215123
0.673934
0.0108252
0.00243884
0.00286089
0.0175075
1.06171
0.0142246
0.00401232
0.0069007
0.222192
0.0041378
0.00577804
0.00723659
0.00831616
0.0168339
0.00367967
0.00449509
0.00851124
0.00932998
0.262804
0.00303346
0.916814
0.0088279
0.00891967
0.00717272
0.0039096
0.00612564
0.00609015
0.00631988
0.308957
0.00834894
0.00553746
0.00409931
0.00470207
0.236418
0.25578
0.00224276
0.00642428
0.00422523
0.0127325
0.00755555
0.228517
0.00610361
0.0023697
0.00274466
0.00814253
0.00409941
0.0219088
0.0035021
0.00858627
0.00695899
0.223387
0.00142112
0.00504325
0.237397
0.313054
0.00401416
0.0114807
0.00727452
0.00404719
0.00722735
0.821455
0.0024189
0.00313082
0.00619451
0.00946372
0.00788297
0.00458664
0.00403768
0.00172268
1.25408
0.00482606
0.00810172
0.0177897
0.278069
0.00800084
0.00963695
0.0143273
0.00507492
0.00623642
0.66473
0.928399
0.00761484
0.00431711
0.00183652
0.00649718
0.00998155
0.243191
0.00180239
0.230715
0.0102954
0.223879
0.22542
0.00703972
0.00514163
0.010659
0.00962883
0.00700033
0.00444519
0.00831789
0.00482515
0.0120275
0.0055693
0.00530547
0.0134126
0.0143965
0.00200612
0.00611982
0.319689
0.0266303
0.00444472
0.00522325
0.00636855
0.00230608
0.00442587
0.00745968
0.0119521
0.0162843
0.0147566
0.000724688
0.704113
0.0105842
0.0024595
0.00456985
0.00842564
0.00783758
0.013227
0.0041229
0.00634886
0.00831482
0.248465
0.0111272
0.00411104
0.0060981
0.00957718
0.00618458
0.00365029
0.00555712
0.00576792
0.00514825
0.00749429
0.00995938
0.00440965
0.0038328
0.00632687
0.00170448
0.00496462
0.013151
0.0130764
1.20572
0.286245
0.0188607
0.0150847
0.000333038
0.0120659
0.00751245
0.00121256
0.00768474
0.00229976
0.0101155
0.00942947
0.0129043
0.0132842
0.00844722
0.00130827
0.0202386
0.220895
0.0157284
0.00603102
0.00218376
0.0089669
0.0135949
0.00337752
0.00606096
0.00224199
0.0019091
0.021939
0.00157908
0.00334858
0.204739
0.00217584
0.010119
0.00688376
0.00609442
0.00493391
0.00055734
0.00616881
0.230782
0.00645981
0.00389049
0.00786166
0.0120922
0.0132932
0.00111117
0.00787268
0.00235128
0.00688208
0.00736778
0.00235495
0.0090922
0.00965719
0.287747
0.00409511
0.00668427
0.00478813
0.00325112
0.00651082
0.0110121
0.259347
0.0092003
0.00889597
0.321184
0.00699247
0.0190372
0.00649544
0.0150572
0.00447243
0.0019349
0.00937752
0.00517444
0.0039317
0.00562146
0.0112481
0.0114858
0.00292132
0.00844655
0.00251948
0.00677879
0.0180961
0.00298344
0.0114771
0.883356
0.00844082
0.00247453
0.00631285
0.00529262
0.00642712
0.00916296
0.00693963
0.0112393
0.00562715
0.00896809
0.00842748
0.0185152
0.202862
0.00174466
0.00432351
0.0033773
0.0120665
0.00931674
0.00631767
0.00206269
0.00160221
0.00997327
0.270815
0.23082
0.013324
0.00378344
0.00169675
0.243132
0.00505055
0.00961351
0.00447227
0.00273398
0.00632748
0.200824
0.00708672
0.00179517
0.20506
0.00471219
0.00734851
0.00743993
0.00346147
0.00212436
1.03412
0.0114431
0.00445253
0.00203006
0.00345579
0.00441653
0.00333042
0.00522803
0.00528387
0.00303381
0.00481176
0.00481486
0.00298777
0.00782605
0.00349735
0.00486356
0.00989705
0.0012305
0.00307945
0.00134193
0.00483562
0.00165755
0.00601008
0.00557163
0.00122229
0.00131924
0.00182231
0.00230444
0.00781905
0.00420202
0.0073861
0.00722545
0.00512505
0.258706
0.0140389
0.00514461
0.00647537
0.0209205
0.00360081
0.00391045
0.006063
0.00455066
0.00109544
0.00302911
0.00487513
0.000690673
0.00666711
0.00242589
0.00630239
0.63791
0.0120895
0.00272455
0.233882
0.305543
0.00427019
0.00882888
0.0060611
0.00815793
0.00495858
0.00408092
0.00838253
0.24233
0.0061138
0.00623597
0.0102882
0.00231336
0.0103428
0.0097833
0.237158
0.00236726
0.00929958
0.0176977
0.0100682
0.0141586
0.0029797
0.00355666
0.0119258
0.00270153
0.0107683
0.00443414
0.266677
0.00423195
0.00780918
0.284854
0.00146527
0.00918837
0.0224193
0.00673682
0.007414
0.915001
0.00512011
0.0171637
0.00583418
0.00675879
0.00519594
0.0137328
0.00562362
0.00347935
0.00191362
0.000661135
0.00743082
0.00672055
0.00748321
0.0124309
0.00406899
0.00206008
0.0056946
0.00791961
0.00065865
0.00672384
0.00251415
0.214647
0.226747
0.00354797
0.00283259
0.00808309
0.00459277
0.0278283
0.0219511
0.0131277
0.00670214
0.16747
0.00417707
0.015452
0.246291
0.00856446
0.00229067
0.00286962
0.00989726
0.00404845
0.00212051
0.00569147
0.00585678
0.00973919
0.00121383
0.208917
0.00691455
0.00375775
0.00440053
0.0109838
0.00573049
0.00167214
0.0044326
0.00109895
0.234318
0.00407087
0.00385968
0.00339197
0.00130823
0.256538
0.00521645
0.00919088
0.0105015
0.00333376
0.00567036
0.0221871
0.0109571
0.00212386
0.0120361
0.00500634
0.0100943
0.0140528
0.00573402
0.00802398
0.00692216
0.0046824
0.0128559
0.00268482
0.00708431
0.0160016
0.00498582
0.0106274
0.00355052
0.249405
0.00493737
0.0084307
0.00634199
0.00774796
0.00346627
0.00743111
0.00608943
0.00446924
0.00858969
0.00890651
0.009219
0.198954
0.259614
0.00754216
0.00325465
0.00298088
0.00414867
0.00801471
0.0114586
0.00634078
0.00729092
0.00586642
0.00855386
0.00475784
0.00557705
0.00828448
0.00404432
0.00323152
0.013248
1.07877
0.00985031
0.00463289
0.00246969
0.00977681
0.00681879
0.0083767
0.002996
0.0117933
0.193724
0.220849
0.00848268
0.00474039
0.00448399
0.00784558
1.18978
0.00570305
0.00406449
0.00747838
0.00313518
0.251101
0.0040599
0.0103052
0.0154667
0.00534035
0.0129188
0.0102042
0.00467357
0.00557224
0.0047369
0.0130384
0.220194
0.00265836
0.00251785
0.0030719
0.00277742
0.00736389
0.00648657
0.00400299
0.005486
0.274768
0.00326513
0.00348977
0.00861674
0.00527442
0.00632416
0.00568994
0.00281183
0.00836885
0.00989198
0.00544127
0.00573066
0.00686906
0.00429614
0.00420238
0.0041505
0.00415954
0.00803663
0.00287209
0.00356805
0.0113157
0.00386396
1.04114
0.00402418
0.00277498
0.00359677
0.00529645
0.00637873
0.0037508
0.00490613
0.000373673
0.00580249
0.00317859
0.00285858
0.00514341
0.0218042
0.00484055
0.271904
0.0065406
0.00720348
0.00275727
0.00424758
0.0049945
0.0187495
0.00415619
0.0247984
0.00510042
0.00517361
0.00302458
0.0109375
0.00346803
0.00335899
0.00408024
0.0199635
0.00106667
0.00592656
0.00562053
0.00792179
0.00381017
0.00438853
0.00528269
0.00896434
0.0132271
0.23213
0.0108059
0.0114706
0.00736251
0.00615919
0.00892566
0.0118656
0.0217558
0.0139131
0.00414671
0.00445304
0.00796895
0.0121964
0.00409126
0.00473345
0.00459133
0.00878985
0.00671191
0.0149103
0.00566521
0.00312351
0.00335098
0.0204542
0.0148655
0.00398986
0.00678536
0.00988825
0.00210665
0.00829329
0.0116903
0.0045859
0.00924187
0.00606913
0.00316461
0.00250406
0.00888541
0.0040285
0.0131188
0.00459399
0.00298835
0.00732531
0.0049206
0.00162974
0.00817894
0.203136
0.0165366
0.00445052
0.274854
0.00548773
0.00757586
0.0123753
0.278702
0.00888362
0.00372414
0.0126108
0.00679884
0.0061566
0.00289711
1.07328
0.00393972
0.00241101
0.0146795
0.00323365
0.0109807
0.0123578
0.00360032
0.00853886
1.28138
0.00956043
0.00603721
0.00631319
0.25368
0.00754603
0.00878076
0.00307134
0.00724562
0.00782896
0.011287
0.0137418
0.00666627
0.0070428
0.00751131
0.00655757
0.0153695
0.00770231
0.0099909
0.00827146
0.00566764
0.0212818
0.0078085
0.00697582
0.0122326
0.0126361
0.0148071
0.0084778
0.00716977
0.00952493
0.00360353
0.0104589
0.00234481
0.0120522
0.533124
0.00461602
0.00608362
0.00822705
0.02801
0.0237233
0.00946358
0.00979367
0.00447539
0.00758286
0.00415907
0.00787923
0.00450221
0.00403036
0.000721946
0.00201855
0.00445464
0.0161815
0.00284204
0.268467
0.0175208
0.00629789
0.017665
0.00444996
0.00670993
0.00734588
0.00389285
0.00296325
0.251395
0.00280317
0.00992992
0.00557303
0.00783087
0.00355872
0.205188
0.00127268
0.00428177
0.00212407
0.0115459
0.00789096
0.00793616
0.00226164
0.0028281
0.00619985
0.0075519
0.00537197
0.00700046
0.00583912
0.00577939
0.229726
0.0211955
0.0103592
0.233393
0.281723
0.00382604
0.00183075
0.00565767
0.00699769
0.00635641
0.00294604
0.279769
0.00627323
0.00413105
0.00651943
0.00489993
0.0107329
0.00424346
0.00270905
0.00392505
0.00807471
0.00548038
0.0035436
0.00451576
0.0107216
0.326851
0.00401651
0.00574674
0.00596106
0.0019114
0.00705916
0.00326658
0.00943303
0.00139332
0.00574041
0.00551203
0.00532063
0.00488862
0.00719522
0.00844692
0.00350312
0.00536806
0.00388089
0.00191072
0.792221
0.272619
0.0102229
0.0151521
0.0026417
0.0074325
0.00439993
0.00466428
0.0046277
0.0138085
0.00426254
0.00614307
0.0233018
0.00354964
0.00538704
0.00312795
0.0100213
0.00586374
0.192441
0.00389894
0.0100532
0.00429206
0.0110499
0.00212548
0.00513795
0.272463
0.0128878
0.00369353
0.00765392
0.0028466
0.0373908
0.00509348
0.00568036
0.00861474
0.00658669
0.00162586
0.00354627
0.00850022
0.00351269
0.00703107
0.00488703
0.0157391
0.0170265
0.224592
0.265114
0.00661912
0.00342352
0.00908578
0.00159348
0.000949713
0.00972484
0.00602694
0.00873919
0.010876
0.00673762
1.13111
0.00608414
0.00475521
0.00566517
0.0103568
0.00563437
0.0113085
0.00621389
0.0113382
0.0170133
0.00666159
0.00679216
0.012707
0.0076604
0.00856608
0.0105881
0.00270877
0.00443337
0.241963
0.22798
0.00917138
0.00408554
0.00374646
0.00692822
0.00982778
0.00574273
0.0126905
0.00294398
0.00323172
0.00281232
0.00249463
0.00635326
0.0100998
0.00415034
0.00770889
0.23731
0.00177075
0.275183
0.00309845
0.00360724
0.00257919
0.00359849
0.0124533
0.0122671
0.243404
0.0105981
0.00398793
0.00527597
0.00842959
0.00363555
0.00468538
0.00590528
0.00453549
0.289469
0.00342195
0.253561
0.00929622
0.00564908
0.253754
0.00497978
0.00965448
0.00289669
0.00113856
0.00650958
0.0111523
0.00566734
0.606261
0.00840169
0.00836988
0.0120139
0.00352118
0.00540835
0.0119386
0.00793683
0.0125249
0.00655068
0.237523
0.0132837
0.00846878
0.268405
0.0131637
0.00318171
0.00521127
0.015728
0.00806987
0.0210062
0.00640245
0.0119472
0.258943
0.00333478
0.00515821
0.00587999
0.0132691
0.00763534
0.00887947
0.00896691
0.00529658
0.00423843
0.0122883
0.00727614
0.00383662
0.00778564
0.733473
0.00371291
0.00919035
0.0115574
0.00596649
0.229085
1.0329
0.00273085
0.013728
0.00664096
0.00373519
0.007643
0.0022744
0.00203154
0.00338443
0.0016332
0.00433285
0.00179175
0.308083
0.00346337
0.0104654
0.00360092
0.00533974
0.00351669
0.00861411
0.00181491
0.0028881
0.00282137
0.00368075
0.00410698
0.0117293
0.00705683
0.0050922
0.00952698
0.00804132
0.00895526
0.0201554
0.00418988
0.00418769
0.00377935
0.00118151
0.00422765
0.00813128
0.00496294
0.0122533
0.0121585
0.0161737
0.00381567
0.0104989
0.00831821
0.00729753
0.00729031
0.0107606
0.00448891
0.00744669
0.00268838
0.0080514
0.221359
0.00322848
0.00270067
0.00858718
0.0103959
0.002829
0.00467444
0.00750447
0.0188492
0.00248983
0.00710169
0.00814753
0.00473087
0.00602385
0.0032085
0.00161967
0.00871776
0.0124986
0.00656204
0.004897
0.00527925
0.00949412
0.00750629
0.26727
0.00164128
0.00528429
0.00785682
0.00767656
0.0119075
0.256804
0.00193286
0.198338
0.00615197
0.00605266
0.00446607
0.0041779
0.00857703
0.0065246
0.18423
0.00355748
0.00503986
0.0178521
0.186756
0.0160629
0.00314448
0.00882952
0.0115893
0.00162882
0.00837742
0.00266557
0.00898566
0.00322267
0.0018908
0.00344194
0.00514447
0.00571439
0.00405927
0.00822685
0.00579755
0.000360092
0.00470847
0.0060568
0.0038199
0.00294381
0.00368462
0.00303377
0.00112577
0.779631
0.00324066
0.00755773
0.00464677
0.00950749
0.00573474
0.00338985
0.00445055
0.0164623
0.0121424
0.00667851
0.00273681
0.00276994
0.00340921
0.00448666
0.00435613
0.0028298
0.00261666
0.00463933
0.00749561
0.00467646
0.00925098
0.010241
0.00621164
0.000961104
0.00373823
0.00808616
0.00377382
0.00949668
0.00331555
0.00474096
0.00246774
0.0116552
0.293883
0.00770275
0.0141388
0.013707
0.00557414
0.00494438
0.00601229
0.00198997
0.0053417
0.00322207
0.00919835
0.0112826
0.00779295
0.0155721
0.00417658
0.00523208
0.0149006
0.208323
0.0107466
0.00826282
0.0104509
0.0125682
0.00222425
0.00281199
0.0053519
0.00377755
0.00400432
0.00861407
0.0072611
0.00181689
0.00691223
0.00350234
0.00574659
0.0126513
0.00566553
0.00368722
0.0042108
0.00344864
0.00658458
0.00372294
0.00632242
0.00438543
0.30295
0.00692413
0.00248733
0.0144462
0.00227839
0.00939151
0.0050584
0.0109308
0.00644792
0.00558995
0.00590229
0.00179457
0.0048054
0.00300993
0.00850423
0.0134034
0.00482649
0.00241668
0.0161918
0.00900041
0.00824581
0.00430596
0.00426043
0.00382556
0.0113834
0.00252067
0.00254699
0.0152335
0.00470089
0.278777
0.0146887
0.276677
0.00749367
0.0104226
0.00778027
0.00333294
0.00706713
0.0114963
0.00730509
0.00497463
0.000748815
0.0049699
0.792423
0.00392809
0.00265587
0.00524857
0.00512835
0.00395128
0.0069491
0.00128423
0.00345502
0.265234
0.00249668
0.00563083
0.00978041
0.00262708
0.00389266
0.0120676
0.00328982
0.00250572
0.00659193
0.22311
0.239545
0.0112345
0.00207899
0.00249936
0.00533149
0.0085801
0.00440164
0.0027963
0.00593978
0.00840209
0.0252035
0.00169375
0.198264
0.00698199
0.0127508
0.0140595
0.0066495
0.0021716
1.18935
0.0260248
0.00517406
0.0171946
0.00542394
0.0150271
0.00461674
0.00772137
0.297412
0.00388514
0.00221238
0.00499903
0.256613
0.00282821
0.00436499
0.00511166
0.0136457
0.00467535
0.00510195
0.00645657
0.00151586
0.00546473
0.00715443
0.00526505
0.0119563
0.00605041
0.00446288
0.00353253
0.00283603
0.00122168
0.00311768
0.00906501
0.00970454
0.00216263
0.00148376
0.00330239
0.904325
0.00784731
0.00523016
0.615908
0.00947534
0.00247353
0.00349651
0.00694788
0.195271
0.00382662
0.00351197
0.0492045
0.00295995
0.265072
0.242876
0.0119904
0.00449844
0.2718
0.0186882
0.0147459
0.0108344
0.279431
0.0138234
0.22234
0.00902179
0.00571669
0.0139738
0.301761
0.00627866
0.00256076
0.00533084
0.0114478
0.279069
0.00677804
0.0125465
0.00442629
0.241483
1.165
0.237576
0.00245571
0.00277246
0.00387651
0.00410889
0.00512102
0.00438951
0.00160858
0.00256013
0.00345961
0.0154076
0.00228661
0.233705
0.00557025
0.00319409
0.00410031
0.00407207
0.00245681
0.240327
0.00337918
0.00314569
0.0098574
0.0130783
0.00334319
0.00521397
0.00869904
0.00533998
0.00736455
0.00853506
0.00293737
0.236544
0.00307092
0.00845607
0.00100838
0.0109567
0.0094932
0.00147425
0.00172941
0.00693548
0.00311048
0.0074363
0.00587857
0.00232187
0.00381788
0.243644
0.00638729
0.0100786
0.00608427
0.03651
0.249505
0.271862
0.00159756
0.0056195
0.0151374
0.00532376
0.00695829
0.00883892
0.0163169
0.00352173
0.00617794
0.00649058
0.0088035
0.220843
0.0110348
0.0067303
0.00982858
0.00317631
0.00588983
0.00226989
0.00318031
0.00210582
0.00502884
0.00812935
0.00315513
0.00303933
0.0105875
0.0296932
0.00751799
0.00412663
0.209307
0.018624
0.0181731
0.00302804
0.00378265
0.00878262
0.00753708
0.235999
0.0012639
0.00730145
0.00302558
0.00657969
0.00191
0.00993074
0.268186
0.0115456
0.00285116
0.266015
0.00506727
0.002296
0.0107948
0.00323035
0.00661053
0.00492481
0.00362551
0.00935569
0.0111213
0.00743868
0.00362558
0.00254171
0.219789
0.0110062
0.756974
0.00142574
0.00734315
0.00888789
0.0212095
0.00436947
0.00485387
0.237157
0.0179315
0.00299551
0.00560413
0.014842
0.273612
0.00884716
0.0117787
0.00407881
0.00258126
0.00365291
0.00782311
0.00586385
0.208256
0.510774
0.00960737
0.00811605
0.00620843
0.0109137
0.00535004
0.00946276
0.208916
0.00373569
0.222627
0.00370025
0.00604405
0.00462049
0.00509787
0.00197171
0.00453981
0.00260758
0.00734994
0.00754827
0.00185931
0.0086773
0.00463497
0.00573099
0.00861418
0.00467764
0.0113073
0.00604057
0.00453743
0.00393668
0.00224532
0.212314
0.0154144
0.0174611
0.669522
0.211382
0.0139067
0.00958526
0.0117405
0.00769669
0.00577534
0.00142275
0.927001
0.0160583
0.0215294
0.0134396
0.00666198
0.00308214
0.00225088
0.0218101
0.0239471
0.00425316
0.00824625
0.0101352
0.495506
0.00291396
0.00907785
0.271711
0.00670251
0.0114381
0.00906489
0.00277839
0.00427061
0.0136045
0.0318662
0.00850478
0.00306711
0.00383515
0.00523076
0.00775156
0.0056412
0.00583295
0.00309064
0.0108099
0.00433629
0.0037817
0.00318261
0.257243
0.0109554
0.00677547
0.0024672
0.00872204
0.00406729
0.00685099
0.00860043
0.00218885
0.00309075
0.329376
0.0125597
0.0053003
0.0105743
0.00335732
0.00260922
0.0199915
0.00355284
0.00714714
0.00423278
0.00725026
0.00113209
0.0106189
0.00571297
0.00107689
0.0151438
0.0030226
0.0043027
0.00664661
0.00550971
0.00590762
0.00772024
0.187544
0.00441915
0.0308762
0.00474575
0.0058957
0.0073847
0.249492
0.0061178
0.00473544
0.00695213
0.00614982
0.00370367
0.00501651
0.00434874
0.00241228
0.00226351
0.0051345
0.00495026
0.759731
0.00470655
0.0150753
0.251165
0.00586672
0.00149312
0.00843364
0.00614707
0.00735128
0.0036505
0.0123624
0.00350723
0.00235061
0.00314002
0.00431224
0.0014444
1.07585
0.0128866
0.729276
0.00203829
0.00209717
0.00591629
0.00848347
0.0210536
0.221622
0.00806069
0.00419846
0.00296031
0.00479745
0.013868
0.00296019
0.00856585
0.247576
0.0037819
0.00585263
0.209402
0.00479915
0.00791614
0.00565917
0.00568198
0.00936095
0.00315935
0.00525091
0.008335
0.0136797
0.0064604
0.208237
0.0103651
0.00710728
0.209167
0.00765784
0.00853216
0.00717393
0.00790915
0.262203
0.0141565
1.61114
0.00624446
0.00422372
0.0193624
0.0145925
0.00252748
0.00646748
0.00832526
0.00308199
0.00843156
0.00940839
0.00133868
0.253608
1.16047
0.00595574
0.00338217
0.660711
0.00616466
0.0138416
0.00520163
0.0248113
0.00180693
0.00351775
0.00377981
0.00218545
0.00249494
0.00731567
0.00470909
0.00662543
0.00367854
0.00517247
0.002383
0.00571316
0.180834
0.00922075
0.0147785
0.00560408
0.00308778
0.25108
0.0135944
0.00933705
0.00193866
0.00423094
0.0108337
0.00583686
0.00482355
0.00484791
0.00796646
0.000853883
0.00532943
0.00562992
0.0170881
0.0089919
0.00880605
0.00779827
0.00882156
0.00256539
0.0158649
0.00382538
0.006585
0.211777
0.0139489
0.00521639
0.236133
0.0138147
0.00437493
0.00946505
0.268392
0.00861489
0.00280234
0.00314578
0.00601757
0.00270059
0.00539731
0.00262434
0.00744068
0.00330178
0.0222656
0.00343515
0.00598077
0.00542295
0.00715168
0.00715712
0.00352193
0.00576824
0.00400558
0.00220092
0.0038976
0.00690198
0.0131616
0.0191246
0.0168992
0.018049
0.0159652
0.00296273
0.00581077
0.268238
0.283832
0.0113754
0.00612209
0.00235518
0.00317119
0.00606908
0.00210538
0.00437812
0.00404721
0.00850246
0.0304262
0.00507191
0.00993666
0.00424239
0.00544051
0.00784303
0.0225218
0.00675357
0.0144722
0.00607331
0.014852
0.00297678
0.00669566
0.00769588
0.00798196
0.000790987
0.00444161
0.0043615
0.318362
0.00743792
0.00520778
0.00870215
0.00923325
0.00536297
0.00409308
0.00129105
0.00928
0.266667
0.00743685
0.206624
0.00411461
0.00292384
0.00844446
0.00793348
0.00509814
0.0208408
0.00352783
0.00522091
0.212441
1.10107
0.210713
0.0039192
0.00537642
0.00272947
0.00323392
0.00291664
0.00355972
0.197483
0.0116192
0.00439235
0.216817
0.00146764
0.0123166
0.00291948
0.0034318
0.00672295
0.0067258
0.290872
0.0101535
0.00333676
0.0030726
0.00277382
0.293327
0.00300619
0.00173236
0.00761322
0.00468078
0.00656642
0.00400064
0.0050739
0.206973
0.0266021
0.00969081
0.243716
0.00773533
0.0104842
0.00287141
0.00143509
0.000656857
0.00568559
0.00482247
0.00715016
0.00409635
0.236927
0.00521458
0.00634494
0.00313207
0.00591191
0.204737
0.00348745
0.00144754
0.00394091
0.00621174
0.015718
0.00860108
0.0110894
0.0167868
0.00279673
0.00264678
0.00251806
0.00242357
0.244562
0.00584174
0.00442529
0.0127724
0.00201029
0.0137098
0.00454404
0.222512
0.248473
0.00305733
0.00465949
0.00450765
0.00191885
0.00758484
0.00235182
0.00111978
0.00218037
0.00289442
0.00712461
0.00254269
0.00118389
0.00393929
0.00631716
0.00149774
0.00231173
0.00219007
0.00324608
0.00315275
0.674608
0.00430206
0.00168455
0.00937024
0.00486003
0.807173
0.00713239
0.00303664
0.00380504
0.00927446
0.0035157
0.0164049
0.00312113
0.00770375
0.00829062
0.00312491
0.00560797
0.00636029
0.00473736
0.00427301
0.00536964
0.0029209
0.00214236
0.00450959
0.00461098
0.0103565
0.00721726
0.22045
0.00436727
0.00261941
0.00792532
0.00262365
0.00276552
0.00358361
0.00408475
0.0043391
0.749289
0.0061135
0.00589232
0.00340307
0.00475448
0.001445
0.00157393
0.00342821
0.00241907
0.0078338
0.00612464
0.00460487
0.00496923
0.00335209
0.00257997
0.0262861
0.0116426
0.00449864
0.00267655
0.016906
0.00559868
0.00445924
0.00562989
0.00467031
0.0056368
0.00558174
0.219472
0.992115
0.00693809
0.0094344
0.00676873
0.0118271
0.0132129
0.00938645
0.00741281
0.00380433
0.0281401
0.00158023
0.000776603
0.00319454
0.00532277
0.00416028
0.00410132
0.00680765
0.000380201
0.00437854
0.00241322
0.00654205
0.00786088
0.00678101
0.0100889
0.0110635
0.010536
0.00520378
0.00478609
0.324006
0.0163539
0.00579207
0.00193464
0.00258409
0.00693727
0.00754299
0.220253
0.00607402
0.00466624
0.00365078
0.227251
0.00206906
0.0128825
0.00657723
0.00178778
0.0138325
0.00504288
0.00195589
0.00466287
0.00692844
0.00534979
0.00279362
0.00689907
0.00449769
0.0105237
0.010646
0.00729036
0.00524383
0.00322311
0.0121851
0.00495873
0.292536
0.253325
0.0170676
0.0237236
0.00594151
0.00598745
0.00246949
0.0137687
0.015595
0.00250885
0.00454579
0.270417
0.00511129
0.00196954
0.00294985
0.271509
0.00394426
0.00897195
0.0136326
0.00502709
0.0120165
0.00244587
0.00470278
0.00197889
0.0017396
0.0057687
0.0104166
0.0020537
0.001352
0.00254406
0.00311182
0.0138561
0.00395853
0.00678938
0.00254346
0.00512003
0.00736197
0.0103769
0.00248051
0.00950691
0.00213621
0.00781982
0.207005
0.198597
0.00922556
0.0104324
0.00241669
0.010672
0.002867
0.243023
0.0117348
0.00343231
0.00739693
0.00384015
0.00932629
0.304719
0.00427502
0.00274736
0.29812
0.00799722
0.226695
0.00730066
0.00673876
0.0021729
0.889593
0.00839119
0.00478129
0.00504957
0.00623882
0.00475891
0.00458455
0.00468715
0.00708274
0.00314247
0.00176085
0.0105846
0.00546099
0.00288889
0.00322702
0.00337021
0.0141344
0.00825163
0.0109874
0.00753348
0.210528
0.00321122
0.00691208
0.00155922
0.00568927
0.012444
0.0117018
0.00179348
0.240787
0.00454921
0.00710633
0.0048878
0.00253686
0.0100117
0.0154737
0.00580357
0.0143599
0.00834371
0.286776
0.223427
0.00793397
0.00540994
0.315358
0.00783836
0.261142
0.0039701
0.00970135
0.229021
0.0038497
0.00989822
0.00670696
0.00428862
0.00531003
0.00709599
0.00134283
0.00587866
0.0103394
0.0079254
0.00206121
0.00287062
0.239887
0.00257284
0.00487859
0.00378303
0.0029854
0.00240489
0.00141874
0.237278
0.00766595
0.00171336
0.00386736
0.0198898
0.00421324
0.00563402
0.00275808
0.0154998
0.00271333
0.00227442
0.230977
0.00601871
0.00398934
0.0032174
0.0082355
0.00853134
0.0169908
0.00488134
0.0193968
0.023068
0.0179122
0.002093
0.0156033
0.0111519
0.00278567
0.00676393
0.00167509
0.0104611
0.00792243
0.0048663
0.0077672
0.00643796
0.00508169
0.00604901
0.00122745
0.0119002
0.0098686
0.00323157
0.0105562
0.00544178
0.00152287
0.0140969
0.195544
0.00896705
0.246887
0.00842247
0.0158643
0.00542254
0.00622189
0.0068744
0.0119212
0.0190571
0.0017832
0.233444
0.00872733
0.00353615
0.017879
0.0093389
0.0129855
0.0188654
0.00309059
0.00878732
0.00981051
0.00849713
0.00614688
0.0056884
0.00053614
0.0045248
0.0268812
0.0169584
0.00446426
0.00399882
0.00449028
0.00790085
0.0384486
0.00456714
0.0074626
0.00572624
0.0139346
0.242531
0.017275
0.00295815
0.00254443
0.0116614
0.00667988
0.0071567
0.000586406
0.00314286
0.00917139
0.282615
0.0070909
0.00555033
0.000707506
0.0127268
0.00687712
0.00506803
0.00775466
0.00285482
0.00885779
0.00388708
0.00262407
0.00196513
0.0118276
0.0123084
0.00337586
0.00752479
0.00524556
0.0065839
0.0184523
0.290746
0.268636
0.00579529
1.42735
0.00278009
0.957643
0.00569791
0.00661691
0.0267387
0.0035
0.82788
0.232362
1.30832
0.00368908
1.12258
0.00743465
0.0123328
0.0119047
0.00870263
0.00610097
0.005821
0.00356666
0.00609509
0.0157744
0.324945
0.00521283
0.00935952
0.0169517
0.00918574
0.0037672
1.17686
0.00718747
0.00645022
0.00580362
0.00333535
0.00691343
0.0115406
0.00473745
0.00275555
0.00389233
0.0136299
0.00880306
0.00469985
0.0159369
0.00253664
0.00712273
0.00446288
0.00413808
0.00589367
0.00398394
0.0013857
0.00975451
0.00173008
0.00414197
0.00774317
0.00540369
0.00375039
0.00675136
0.00316148
0.0279854
0.271302
0.00547513
0.00247625
0.230966
0.00353979
0.00285262
0.0102322
0.914773
0.00474528
0.0085044
0.00261581
0.00308777
0.00499713
0.00572615
0.00771819
0.00307707
0.00776691
0.00829529
0.0046243
0.00666293
0.0116785
0.00257867
0.0083821
1.05268
0.00268864
0.00662542
0.00640025
0.00338852
0.214453
0.00550408
0.00195914
0.0306442
0.00478599
0.0125654
0.00531343
0.00263724
0.0028068
0.00966563
0.00336976
0.00213143
0.0102092
0.00397008
0.00898841
0.0125536
0.00894279
0.00879807
0.00898425
0.00465279
0.206493
0.247435
0.00623089
0.00628952
0.00625234
0.203112
0.0127173
0.205664
0.0173464
0.00726254
0.00528496
0.00419366
0.0122748
0.00431536
0.0141252
0.00874422
0.00570726
0.00787155
0.00169859
0.01038
0.285738
0.663536
0.00215531
0.00999158
0.00600571
0.00128254
0.717024
0.00146383
0.00710318
0.0051042
0.0157264
0.00478544
0.00373028
0.00347038
0.00541995
0.00239347
0.00610297
0.00614077
0.0122889
0.0056503
0.00377473
0.00458241
0.0156435
0.0136407
0.00930629
0.00779254
0.00358462
0.00689313
0.00323265
0.0043743
0.00285733
0.0162393
0.015194
0.00804608
0.0081695
0.21882
0.00742761
0.00257735
0.0061942
0.009378
0.00743273
0.00967274
0.00810878
0.00427761
0.00356622
0.00780241
0.0072604
0.00705209
0.00124831
0.0037096
0.00881518
0.0103846
0.0101833
0.00796892
0.00544776
0.0123986
0.0131703
0.270259
0.00581911
0.00798889
1.21116
0.306392
0.00255889
0.0144966
0.0101448
0.00437454
0.00391496
0.00632011
0.00826121
0.00553253
0.00483124
0.00912679
0.0143623
0.262718
0.0129756
0.00381655
0.00589565
0.0115112
0.011888
0.000946344
0.242612
0.00506602
0.00973954
0.00259094
0.00805234
0.0113685
0.193798
0.845759
0.00738187
0.00622244
0.00444492
0.00476994
0.00687433
0.010417
0.00272632
0.00436919
0.00271387
0.855498
0.00869659
0.00507738
0.00765608
0.00322701
0.00874186
0.00725733
0.0043413
0.0053588
0.184976
0.00903796
0.00461813
0.00758005
0.00619723
0.00307034
0.00501648
0.196282
0.00477465
0.00564055
0.0208854
0.287944
0.0120082
0.00908831
0.0137645
0.00577612
0.00536597
0.00622468
0.00652697
0.00251211
0.00522026
0.274532
0.00265761
0.00559925
0.248327
0.00751476
0.00616547
0.00857246
0.00407883
0.0220093
0.00581814
0.00929805
0.0211629
0.00441419
0.00933954
0.207837
0.005161
0.00450441
0.196125
0.0114345
0.00220794
0.013084
0.00546324
0.00482256
0.0103994
0.00423398
0.540998
0.00516969
0.189866
0.00470961
0.00910073
0.244897
0.00709468
0.00324051
0.00181127
0.00404127
0.00164934
0.350404
0.0136455
0.00395783
0.0121257
0.0101885
0.0129093
0.00286309
0.00447468
0.00491974
0.011332
0.00690189
0.00249685
0.00281214
0.00366405
0.00268104
0.00252065
0.229973
0.00743373
0.0134866
0.00629604
0.00420257
0.00381978
0.00389961
0.272874
0.0129419
0.00355123
0.196319
0.00333029
0.00306263
0.0109662
0.006011
0.022048
0.00765278
0.00586919
0.00480555
0.00342095
0.00735313
0.00199736
0.00787099
0.00778983
0.00657025
0.00271167
0.0177575
0.00537647
0.284528
0.0126883
0.00690369
0.0139544
0.281848
0.00523854
0.0279613
0.00138994
0.0125487
0.00877556
0.00792203
0.00724817
0.010546
0.00761094
0.00358419
0.00607369
0.00965821
0.00720335
0.00740631
0.00221266
0.000423984
0.00585947
0.00588912
0.00272682
0.00584946
0.0108152
0.21431
0.00832461
0.00582846
0.00582695
0.0109835
0.00507874
0.00333148
0.00792973
0.00396343
0.0101376
0.00149021
0.00824169
0.00295733
0.00203555
1.06288
0.00850373
0.0113995
0.0031737
0.00775258
0.0046558
0.00535567
0.00545317
0.0024138
0.00319389
0.0111477
0.00912786
0.00676337
0.00813888
0.00365833
0.00673868
0.0154838
0.00775656
0.00153709
0.00927058
0.00253067
0.226239
0.0074785
0.00433075
0.0118242
0.00650574
0.0132881
0.00243268
0.00138817
0.0133321
0.00343526
0.00716195
0.00240268
0.00374763
1.1362
1.37563
0.00154827
0.0274367
0.00264061
0.00236128
0.00646618
0.0093225
0.0111497
0.00267061
0.00400414
0.00200439
0.0048278
0.00165763
0.00749711
0.00224211
0.00220642
0.0024213
0.00150319
0.00436153
0.00150095
0.00313851
0.00285085
0.00346421
0.231976
0.00892262
0.00419379
0.0043665
0.00220774
0.00062542
0.00373648
0.00826264
0.00324736
0.00420078
0.00412525
0.00220706
0.00531339
0.241802
0.00436417
0.56388
0.196342
0.00667851
0.00900659
0.0136795
0.00963107
0.00885539
0.00520255
0.00520349
0.309769
0.00905843
0.244146
1.20591
0.012608
0.00310139
0.00510018
0.0102096
0.00188657
0.0115336
0.00844279
0.00589716
0.00498713
0.0128373
0.00576483
0.0195642
0.00964082
0.00465902
0.00545121
0.0127967
0.0125977
0.0017845
0.0184536
0.00194158
0.000813127
0.00533714
0.00665412
0.00727991
0.00686245
0.00336403
0.262648
0.00491268
0.00558289
0.0143285
0.00164979
0.00471635
0.00329974
0.00553395
0.00645621
0.00151067
0.00441851
0.00507068
0.00515913
0.00904143
0.00225085
0.00232989
0.0115677
0.00791857
0.219629
0.300107
0.00375852
0.0138882
0.00449356
0.00710004
0.00945727
0.241889
0.00398151
0.0112853
0.00501508
0.0191406
0.00908984
0.00437514
0.00426993
0.00586747
0.0112815
0.00550319
0.00182223
0.00427649
1.38713
0.00747672
0.012786
0.00376339
0.00445479
0.0068339
0.00907579
0.00701425
0.015081
0.215452
0.00439142
0.00116644
0.00376746
0.00536188
0.00626951
0.00213908
0.00306483
0.00166847
0.0052655
0.270776
0.0149631
0.0034408
0.288133
0.00397454
0.00952412
0.00436302
0.00530732
1.22859
0.28363
0.00464478
0.289278
0.217396
0.31487
0.228304
0.00203525
0.176015
0.00487813
0.0118598
0.00778935
0.00227452
0.00948031
0.0039214
0.00826552
0.00308272
0.00159249
0.00979318
0.00697702
0.00606252
0.00546083
0.00499715
0.0202212
0.00383294
0.0101659
0.0292854
0.0076845
0.00697627
0.00111925
0.00490303
0.00136431
0.00324496
0.00535866
0.234746
0.00772714
0.00607179
0.00607263
0.209973
0.00904107
0.00233286
0.00407771
0.00186471
0.00769422
0.00920181
0.00489865
0.010387
0.00460663
0.0177832
0.00644917
0.240312
0.0181772
0.00628864
0.0168573
0.00364863
1.16009
0.00954228
0.00547029
0.00498915
0.0205685
0.00425231
0.00351942
0.0046876
0.00247593
0.0021413
0.00312603
0.010107
0.256953
0.00857938
0.00507712
0.00254017
0.00511721
0.0037438
0.00574471
0.232348
0.0111707
0.010021
0.00494725
0.0184615
0.00778739
0.00935357
0.19568
0.00919707
0.243115
0.0149083
0.266536
0.0088223
0.00641505
0.208675
0.00607438
0.00432533
0.282435
0.0096181
0.00603887
0.00845179
0.00447828
0.0104734
0.218884
0.00526702
0.00963929
0.00206784
0.00357634
0.241542
0.00296569
0.00317208
0.00497712
0.00568586
0.00383214
0.00333424
0.00151009
0.00874904
0.00573385
0.00809566
0.00785627
0.00377723
0.00311644
0.00639179
0.00502384
0.00370936
0.0066757
0.00370526
0.00543196
0.00368511
0.271768
0.00567012
0.00459358
0.00443326
0.00288853
0.00417972
0.00355798
0.0120995
0.00965936
0.00501606
0.204718
0.00767974
0.0275457
0.00954409
0.299126
0.00933184
0.00407844
0.00260414
0.0115019
0.00295484
0.00331437
0.00715156
0.0224631
0.0189262
0.00378663
0.00659768
0.00218876
0.0182533
0.00646731
0.00938788
0.00586757
0.214478
0.00630024
0.26494
0.0241655
0.00865767
0.00638833
0.0179664
0.00927434
0.0185926
0.00204095
0.0102842
0.00510487
0.300449
0.00877155
0.00294438
0.31612
0.0123713
0.203861
0.00527207
0.00628307
0.0028621
0.0104512
1.53888
0.0050552
0.00800428
0.00894715
0.00353132
0.00209729
0.00537546
0.0204559
0.00774781
0.00808177
0.0118636
0.000836061
0.0125396
0.0171422
0.0069799
0.00578031
0.00252119
0.2374
0.00574421
0.00577187
0.00324172
0.0157403
0.00431428
0.00686844
0.00870451
0.00360136
0.00927076
0.00634051
0.00834136
0.00772762
0.016596
0.0011708
0.00502902
0.198431
0.00809981
0.00497739
0.00718094
0.00364625
0.00134671
0.00422926
0.0127619
0.222723
0.00388778
0.00703172
0.00752408
0.00468597
0.00616527
0.00833286
0.00527908
0.278308
0.00725369
0.0108561
0.00652325
0.0267952
0.0057431
0.0025074
0.00352492
0.251442
0.00277825
1.15322
0.00692696
0.00894612
0.00500624
0.00400713
0.00799551
0.840085
0.00509409
0.00788444
0.003135
0.00636274
0.00636923
0.00651491
0.00950124
0.0101883
0.0091682
0.00580384
1.02327
0.00732475
0.00255686
0.2261
0.00306307
0.00702623
1.0501
0.00580962
0.222882
0.00770144
0.0088027
0.254886
0.00763806
0.00353817
0.00593414
0.00321449
0.00716515
0.00375222
0.0101566
0.00570842
0.0146248
0.00620299
0.0182974
0.00459217
0.00993306
0.012642
0.00354369
0.00606737
0.2443
0.00910349
0.00672997
0.20948
0.0300801
0.00173046
0.00491763
0.0157285
0.00605623
0.00183336
0.00700741
0.00693506
0.00688598
0.239917
0.238127
0.274836
0.0100738
0.00698843
0.00780187
1.56344
0.0070947
0.00280325
0.00784602
0.00307293
0.00345526
0.00509537
0.0035905
0.00616202
0.0113021
0.00114355
0.00434166
0.00593935
0.00182824
0.223742
0.0159302
0.00399215
0.00909011
0.00726206
0.00411553
0.0106341
0.0125698
0.00469574
0.00611842
0.00315504
0.011368
0.0057662
0.00738717
0.00761649
0.00923346
0.00573646
0.0115744
0.0131171
0.00650361
0.23006
0.00336843
0.00854815
0.00512942
0.00834426
0.0163067
0.00834471
0.00770503
0.00757633
0.0112688
0.0204298
0.0153232
0.00583192
0.00522412
0.508032
0.0224229
0.0022148
0.0101053
0.591931
0.00494451
0.00156277
0.00980315
0.00601709
0.251692
0.00407874
0.00309655
0.00816025
1.05981
1.07132
0.00464594
0.21589
0.0134667
0.00389991
0.014442
0.239758
0.00467007
0.00571735
0.00376392
0.00715077
0.0124319
0.00564187
0.00479902
0.009664
0.00389094
0.0123709
0.0124394
0.00156381
0.00451975
0.00630785
0.21213
0.252857
0.228728
0.0138721
0.00503961
0.00778709
0.00721276
0.0098447
0.00436529
0.0101276
0.00937261
0.0030114
0.21452
0.00130789
0.00631916
0.00435125
0.0039544
0.00316905
0.260501
0.0222052
0.00345708
0.00344805
0.00459139
0.00538997
0.254305
0.00646853
0.0112018
0.012252
0.00389837
0.013267
0.00474438
0.213951
0.00910564
0.00462889
0.0191517
0.00292523
0.0055985
0.0041416
0.00902224
0.00632135
0.00945334
0.249688
0.00375687
0.0154947
0.01592
0.0118011
0.00668366
0.252899
0.00652357
0.00430058
0.00800492
0.00124292
0.00772776
0.00480862
0.00412733
1.00112
0.00297619
0.00558682
0.004084
0.00455779
0.6619
0.00258038
0.00496891
0.00224855
0.00257785
0.00937862
0.00605102
0.00740099
0.27666
0.00768816
0.00508247
0.00684268
0.00312274
0.00835188
0.00964805
0.00717082
0.00719685
0.00589451
0.0145681
0.00204889
0.00707275
0.00696495
0.0147097
0.0137616
0.00982908
0.0103798
0.00953826
0.00634271
0.0112194
0.00931605
0.00220054
0.00333173
0.0123281
0.006437
0.00226389
0.00567097
0.0059686
0.00623547
0.01093
0.0117394
0.0062024
0.725075
0.231704
0.00290562
0.00361389
0.00643456
0.00479812
0.0083201
0.0146541
0.00762549
0.0111531
0.00140987
0.00671363
0.00249021
0.00886867
0.00424186
0.00143153
0.0048214
0.00602308
0.00659382
0.015056
0.0118568
0.00418653
0.00531805
0.00451233
0.278877
0.00334635
0.0113905
0.0257464
0.0172204
0.011949
0.00447093
0.00432891
0.00552696
0.00348307
0.00802313
0.0096493
0.00591475
0.00354644
0.00167991
0.000941158
0.0149018
0.00342754
0.00917263
0.0109599
0.00512823
0.00484223
0.285196
0.00832848
0.272869
0.00476158
0.00412171
0.00372506
0.0304779
0.00982281
0.0139531
0.00485831
0.00300111
0.00541701
0.00543718
0.00380881
0.00861569
0.00985113
0.00395245
0.0155336
0.0112652
0.00346627
0.0129441
0.00711735
0.00363725
0.00266164
0.00614561
0.01065
0.00322662
0.00919651
0.00640131
0.00655842
0.00373063
0.0112789
0.0102551
0.00650227
0.209722
0.00956282
0.00226371
0.0100431
0.00458494
0.0060476
0.0129032
0.017818
0.00561145
0.00444048
0.00818898
0.00266869
0.0108725
0.0026511
0.00548241
0.0152235
0.0102569
0.00542037
0.0109343
0.00573191
0.0114733
0.00470789
0.0166591
0.00460485
0.00311682
0.00686616
0.00616773
0.00446651
0.00342935
0.00277943
0.00671499
0.0119613
0.00510406
0.00406671
0.0082227
0.00707073
0.0032918
0.00653764
0.00401989
0.005933
0.00710746
0.00630919
0.00811738
0.00222974
0.00956162
0.016576
0.0057559
0.00471131
0.0159373
0.00429109
0.00310387
0.00141262
0.0113129
0.00549117
0.0156246
0.0014032
0.00909189
0.00993831
0.00414054
0.0138569
0.240087
0.197366
0.00266208
0.0133875
0.00702489
0.00510749
0.00487889
0.00289979
0.000453499
0.00384917
0.0017889
0.000710702
0.00287294
0.00271939
0.643861
0.00384308
0.191611
0.615153
0.00359276
0.015392
0.00371052
0.00974931
0.00163014
0.00347557
0.00354183
0.00361273
0.000768312
0.00953759
0.00141724
0.759238
0.918308
0.0134432
0.00782781
0.00321719
0.00396993
0.00404613
0.00677336
0.00182556
0.00692876
0.00255722
0.00554689
0.0024384
0.00895927
0.00313865
0.0118233
0.00421406
0.00325537
0.00294061
0.0113334
0.266533
0.003168
0.0016244
0.00439059
0.00655357
0.0129792
0.230773
0.00222838
0.00584874
0.00150093
0.00610189
0.0105088
0.00812485
0.0130752
0.0176097
0.0042167
0.00570166
0.0100393
0.0204811
0.00315836
0.00332728
1.07084
1.01293
0.00502954
0.00439028
0.00142092
0.0082768
0.00765965
0.0063628
0.00778611
0.00608484
0.0222607
0.00486178
0.00244949
0.0109326
0.0144776
0.00171183
0.00925259
0.00745387
0.00326078
0.0103884
0.0086957
0.00665202
0.000650298
0.00354363
0.00468149
0.00672458
0.00587123
0.00318269
0.00625447
0.00879001
0.00639648
0.0014075
0.00308575
0.00964119
0.0143066
0.0131043
0.18848
0.00411465
0.00381499
0.00757173
0.00561266
0.00463382
0.00359914
0.00917608
0.00430155
0.00730638
0.00273204
0.00681325
0.278173
0.0131203
0.00472411
0.00405406
0.0104486
0.009887
0.00262661
0.00962708
0.00875731
0.00596917
0.00396106
0.0109901
0.320085
0.00803147
0.049035
0.0267221
0.00380151
0.0102134
0.00549567
0.00635654
0.00153717
0.00234679
0.00827058
0.00401784
0.020971
0.00514693
0.0182376
0.00773388
0.0165546
0.00349539
0.0115909
0.00712923
0.0135988
0.0066008
0.00652568
0.00266283
0.877803
0.0051715
0.00793481
0.00372281
0.00855523
0.00274398
0.00631163
0.0235338
0.00542804
0.00413301
0.00219533
0.00338496
0.00336739
0.199461
0.00547119
0.00193853
0.000650013
0.0503639
0.00255678
0.0133414
0.0228608
0.239532
0.616892
0.00302009
0.00431809
0.0179089
0.991283
0.0307974
0.00730732
0.00966296
0.00415473
0.0063594
0.00219318
0.00861254
0.00649164
0.0029756
0.0033809
0.00493056
0.00389035
0.0151459
0.00724453
0.0154039
0.00546126
0.314924
0.00564302
0.00176065
0.00541961
0.00400761
0.00412069
0.0080396
0.0100545
0.00413098
0.00199619
0.0120316
0.00580986
0.850126
0.00673822
0.00391877
0.00435547
0.0112827
0.00497234
0.806627
0.0068646
0.00291466
0.00436816
0.00599547
0.00302632
0.00946926
0.00625327
0.00646904
0.0133668
0.00900062
0.00521302
0.00436756
0.00301639
0.00495869
0.0095529
0.00419747
0.0109333
0.00453035
0.778014
0.00661973
0.00771293
0.0123842
0.00874608
0.00106137
0.00433274
0.00903558
0.00220796
0.00520693
0.00792834
0.00407919
0.00529552
0.251402
0.00594586
0.253605
0.0017472
0.00574454
0.00473564
0.00173392
0.00386426
0.00672834
0.00244328
0.00315995
0.00344852
0.264733
0.00204427
0.00563181
0.00506486
0.00349775
0.00298228
0.254836
0.00247154
0.00118858
0.264167
0.277831
0.00532684
0.00172768
0.00249662
0.227155
0.0106486
0.00311004
0.00567081
0.22339
0.0101723
0.0112186
0.00655354
0.00564002
0.00564383
0.00776909
0.00130352
0.00422825
0.0163507
0.0033413
0.0125346
0.0120083
0.000865165
0.0321625
0.0192573
0.00513658
0.0017083
0.020142
0.00999415
0.0292967
0.00233857
0.00655875
0.237363
0.0026463
0.218256
0.00772831
0.0164433
0.011147
0.00581533
0.0149078
0.00745712
0.255864
0.00904217
0.00452005
0.00953676
0.00402575
0.0131433
0.00359258
0.00643124
0.00773583
0.00365764
0.00220634
0.257363
0.0102975
0.00658306
0.0105203
0.24351
0.212124
0.00411281
0.248993
0.0023821
0.0042974
0.274952
0.0148756
0.00988731
0.00743239
0.0158305
0.0132358
0.0132233
0.00631042
0.00638078
0.00976497
0.0127274
0.00368754
0.0405703
0.00591302
0.0157828
0.00668538
0.00564466
0.0249252
0.00810145
0.0029079
0.0192976
0.00316377
0.00708793
0.229287
0.00477173
0.0125509
0.00172691
0.00574299
0.00205993
0.00192256
0.00257306
0.00538628
0.233962
0.00319097
0.938895
0.00792662
0.0164813
0.00436913
0.0238155
0.00238662
0.00583312
0.00332615
0.215759
0.0105553
0.00914448
0.0240997
0.00666075
0.00159669
0.240929
0.0125311
0.00518221
0.00940987
0.0223016
0.00793875
0.230723
0.238175
0.00979915
0.00679991
0.247215
0.0236012
0.0089427
0.0141356
0.00414862
0.00939987
0.285189
0.00643582
0.881316
0.00953565
0.0075798
1.037
0.00123943
0.226629
0.00365534
0.0106562
0.00738635
0.008114
0.0065312
0.00212588
0.00546213
0.214493
0.0315133
0.0121804
0.0112711
0.00689866
0.00649444
0.00228389
0.263415
0.0111803
0.00463222
0.00913328
0.240159
0.00893034
0.00400705
1.08104
0.0016147
0.0074144
0.00654896
0.00603139
0.00662219
0.0093977
1.30871
0.00469114
0.00912443
0.00566018
0.00469543
0.00463017
0.00455041
0.00820744
0.00686459
0.0025446
0.0357566
0.00352604
0.0140538
0.00835494
0.00478115
0.00168742
0.00296792
0.293115
0.00456503
0.00360465
0.0134566
0.0175087
0.00683067
0.00513941
0.00643283
0.261463
0.00188291
0.00314461
0.00928648
0.230927
0.266519
0.0145265
0.00391678
0.0271712
0.00328175
0.00359893
0.00795486
0.0069167
0.00957262
0.00239906
0.00792005
0.00310662
0.0123375
0.00621247
0.0119195
0.0195324
0.00338186
0.00315697
0.00553101
0.231502
0.239985
0.0127475
0.00521574
0.00407336
0.00705988
0.0146399
0.00250691
0.00656791
0.00248075
0.00901182
0.0120143
0.00530259
0.00316822
0.00394022
0.0021209
0.00915546
0.00517866
0.00546232
0.00691533
0.00293503
0.00240925
0.00355933
0.204996
0.0119543
0.0189801
0.250114
0.00201103
0.0147988
0.00454766
0.00262585
0.0038592
0.00387357
0.00278987
0.00354982
0.0112258
0.0101201
0.935553
1.19241
0.00317354
0.00618206
0.00857004
0.00542247
0.28645
0.00678994
0.013164
0.263292
0.00527699
0.0131571
0.0119798
0.00907451
0.00220233
0.00573061
0.0094033
0.00128714
0.00564118
0.0156038
0.0059997
0.00420527
0.00581442
0.0313492
0.00768993
0.00394153
0.00570478
0.00363652
0.00188796
0.24526
0.0147227
0.00215646
0.0123327
0.194616
0.227739
0.0154551
0.00745168
0.00310806
0.0059934
0.276482
0.0034671
0.00284277
0.00964938
0.00914252
0.00254498
0.00838279
0.011016
0.00290759
0.0079312
0.0109551
0.00295626
0.004339
0.00185535
0.00613801
0.00954757
0.00831864
0.00868988
0.00973464
0.00521236
0.0033375
0.0132814
0.00281306
0.0108127
0.00407452
0.0046666
0.004639
0.00351746
0.00420979
0.976638
0.00693664
0.273743
0.0123812
0.00946925
0.00273254
0.00501412
0.00646943
0.297586
0.00326818
0.0150387
0.012688
0.00533659
0.00450979
0.0151896
0.0120918
0.0029987
0.00716663
0.00589136
0.011109
0.00176594
0.00461419
0.00933571
0.208992
0.00783102
0.00278811
0.00395153
0.22729
0.0105996
0.00421812
0.002254
0.290871
0.241108
0.00579584
0.00750784
1.0166
0.0106074
0.00364002
0.00625804
0.00457606
0.232557
0.0175585
0.00506993
0.219468
0.00744861
0.00195093
0.00242607
0.0107976
0.00710757
0.0128462
0.217771
0.00364368
0.00358339
0.0079116
0.651954
0.0106453
0.00379865
0.00501478
0.00306827
0.00584257
0.0032925
0.00472479
0.00552621
0.00614649
0.949541
0.0297863
0.00540576
0.00841811
0.0135169
0.003746
0.00442132
0.00596968
0.0102697
0.00733598
0.00306279
0.274222
0.00311031
0.654006
0.0121363
0.189651
0.00986529
0.00731214
0.00533829
0.0054758
0.0037344
0.0035843
0.0170444
0.0021022
0.362366
0.00152744
0.00678409
0.00624383
0.00323841
0.0075141
0.194543
0.0051081
0.00512683
0.0115015
0.0108808
0.00645988
0.00194667
0.00315722
0.279079
0.0041562
0.00994443
0.00237258
0.258755
0.00361435
0.00592876
0.00889757
0.00475525
0.00991142
0.00684159
0.0049119
0.0111015
0.304726
0.00340857
0.00249336
0.0085568
0.00639971
0.00592084
0.0107343
0.00957251
0.000989548
0.819433
0.00473603
0.209369
0.214867
0.0122387
0.379396
0.00418814
0.001362
0.00586273
0.00504153
0.0053082
0.0134303
0.00435072
0.00909826
0.00401848
0.00672922
0.00298818
0.00117892
0.000264378
0.00613025
0.00395245
0.00481345
0.0181118
0.0126443
0.00373608
0.00435401
0.00895884
0.00623574
0.0102948
0.0122867
0.00721854
0.0113116
0.00774736
0.00758205
0.00646425
0.00405032
0.00878164
0.00612172
0.00111078
0.00601809
0.00702114
0.0060185
1.07764
0.00259022
0.00366818
0.00451867
0.00363384
0.00334375
0.00147043
0.214136
0.207943
0.0119227
0.0122101
0.00708466
0.00831884
0.711157
0.302031
0.00280136
0.00351401
0.0175275
0.00877662
0.00381434
0.00680512
0.0035444
0.00775463
0.00168216
0.00406813
0.00290782
0.0104085
0.00758893
0.00691853
0.00167293
0.00894909
0.00400578
0.00316119
0.00612371
0.00200546
0.00551499
0.00261389
0.0164742
0.00690302
0.613958
0.00706836
0.00457561
1.33432
0.00306378
0.00195295
0.00455433
0.00205736
0.00158598
0.00689915
0.0207567
0.0116184
0.00147186
0.00174879
0.0043196
0.00103743
0.00421382
0.176296
0.00650621
0.00805635
0.00687234
0.0054256
0.0046725
0.00414396
0.00802586
0.00662696
0.746416
0.00235985
0.00593489
0.00398357
0.00643371
0.00308541
0.255492
0.00690096
0.00380535
0.0105241
0.0136487
0.0017236
0.00323074
0.00412901
0.00124894
0.00282934
0.00864641
0.909908
1.25205
0.0163844
0.00570515
0.00519323
0.00327373
0.00354889
0.00551005
0.00467281
0.00807293
0.00355106
0.00950683
0.00273959
0.00506825
0.00492561
0.0173599
0.00598784
0.00347543
0.00231243
0.00275807
0.0070916
0.0141655
0.0155278
0.00664679
0.0092014
0.00202552
0.00424759
0.00422359
0.00542982
0.00581554
0.0026545
0.00986934
0.0155355
0.00195824
0.00234318
1.24486
0.00895792
0.00638951
0.00671371
0.00449384
0.00873559
0.0125767
0.0029359
1.73504
0.0221241
0.00761251
0.00509961
0.00409285
0.00672151
0.0301282
0.0054279
0.00832958
0.0114588
1.03614
0.00648813
0.00336094
0.00396632
0.00513704
0.00880918
0.00328747
0.00717821
0.00728944
0.234088
0.00516555
0.00787867
0.842685
0.0174475
0.00383158
0.00340857
0.00228786
0.00739775
0.00716165
0.00123893
0.00413981
0.260748
0.205892
0.00480133
0.00417077
0.00121691
0.0173058
0.0175274
0.00304274
0.00879243
0.0109899
0.009247
0.237258
0.00235343
0.00538152
0.00505257
0.00843692
0.00330237
0.264753
0.00740452
0.0021728
0.0102604
0.0115038
0.006058
0.00654751
0.00576649
0.252117
0.0068328
0.952145
0.00725345
0.00276336
0.00540005
0.0049553
0.229848
0.00175029
0.00401805
0.00567875
0.00367228
0.00371774
0.00942283
0.0086546
0.00455842
0.00377233
0.00679423
0.0169044
0.00236662
0.0131182
0.00888135
0.0016424
0.00536405
0.0162616
0.0347258
0.0114895
0.00850851
0.00190014
0.00273714
0.00410351
0.00234931
0.0120583
0.0107169
0.00426989
0.0202701
0.00352397
0.00619968
0.00596255
0.00464045
0.00530178
0.00225759
0.00564705
0.0102618
0.00581516
0.00217352
0.00624322
0.289401
0.00719351
0.00565597
0.00368033
0.0058257
0.00256824
0.00650366
0.00684837
0.00721104
0.00593515
0.00942713
0.00390345
0.00788843
0.536981
0.00392318
0.0211538
0.00245058
0.00183646
0.000685518
0.00522602
0.841453
0.00502281
0.00460276
0.00390208
0.0312837
0.00625463
0.0114298
0.00346999
0.0176969
0.00862335
0.00799938
0.0174226
0.00227793
0.00576129
0.00824425
0.00354009
0.00965901
0.00819543
0.259961
0.0053983
0.00378867
0.00167385
0.0066101
0.00670715
0.178272
0.0078022
0.232307
0.203685
0.00511401
0.22503
0.00334939
0.0025029
0.220679
0.275165
0.00935956
0.00689553
0.00493176
0.00916459
0.010121
0.00242183
0.00349925
0.00717588
0.00373886
0.00262332
0.00130451
0.00550662
0.00827134
0.00486179
0.00713422
0.00327534
0.00474775
0.283333
0.00330094
0.00487336
0.0047592
0.266055
0.00772357
0.00646207
0.00438582
0.00467686
0.00780106
0.257205
0.00638834
0.00361827
0.0041425
0.00297031
0.0142946
0.0121363
0.00137418
0.0133776
0.00728052
0.00202682
0.00161635
0.00884912
0.00792142
0.00490862
0.00739548
0.00715702
0.00149951
0.00293773
0.258006
0.234657
0.0213802
0.00379741
0.00708239
0.00787631
0.236236
0.0075815
0.0162701
0.00368043
0.00315598
0.022633
0.004416
0.0141744
0.00433681
0.0119295
0.00371674
0.275793
0.0123214
0.000923912
0.0108693
0.00952325
0.00297716
0.00381294
0.00694407
0.2373
0.0104384
0.0206049
0.0063028
0.00562062
0.00443283
0.00208921
0.289011
0.00191023
0.0115953
0.273554
0.883215
0.00617553
0.911287
0.00687818
0.0120488
0.0152181
1.37104
0.0109116
0.0140012
0.00180527
0.00999681
0.00780374
0.00710898
0.0187789
0.00930247
0.300512
0.00389886
0.0146001
0.0143989
0.00291065
0.00328538
0.00256117
0.00755714
0.00490367
0.0115024
0.00415861
0.00488104
0.00875696
0.000615264
0.00412325
0.011924
0.00220181
0.00442104
0.251159
0.00439647
0.0036108
0.00865213
0.00354022
0.0184944
0.0164759
0.00159145
0.00466531
0.0102331
0.00246922
0.00667349
0.00994316
0.00682976
0.016247
0.708772
0.693151
0.0161964
0.00864372
0.00733646
0.00156937
0.00492777
0.918164
0.0100916
0.00679836
0.00239608
0.0075079
0.217467
0.205679
0.00618412
0.00730926
0.00398182
0.0114832
0.0129134
0.196947
0.00869098
0.00792669
1.12385
0.0130343
0.0170278
0.0199215
0.00994504
0.239783
0.017423
0.00530516
0.0170333
0.0223638
0.596857
0.00607691
0.00892996
0.0147249
0.0152044
0.00575412
0.0178465
0.00911612
0.252827
0.00533764
0.278026
0.00662467
0.00678472
0.012001
1.16883
0.00488633
0.00764348
0.00726531
0.00489098
0.0107866
0.00269647
0.00730922
0.280691
0.00594208
0.0215214
0.00737737
0.0114367
0.00286346
0.0022966
0.00594717
0.257038
0.000776353
0.00599576
0.0077457
0.011797
0.00419247
0.00723568
0.0103332
0.00577474
0.00927119
0.0052689
0.0055458
0.00419897
0.00361502
0.0269608
0.00646965
0.00706293
0.0132859
0.00665712
0.21942
0.00421034
0.229904
0.00566743
0.00727677
1.2033
0.00201979
0.0203218
0.00921576
0.0149047
0.00570614
0.00644582
0.0144775
0.017037
0.0056093
0.00817183
0.00624052
0.00801934
0.00615659
0.00168155
0.00701218
0.00465649
0.00369265
0.00537123
0.00481422
0.272721
0.00397862
0.00333534
0.00511721
0.0036843
0.00355051
0.00360486
0.236954
0.0024124
0.00687858
0.00591171
0.00912736
0.00338107
0.00121804
0.174641
0.00461362
0.00171715
0.849481
0.00605908
0.00419831
0.260098
0.00236986
0.00550195
0.215551
0.00630022
0.00418905
0.00638094
0.00427715
1.04524
0.0028085
0.018183
0.00904563
0.678904
0.0012175
0.247219
0.005687
0.00441374
0.00566583
0.00324819
0.0065789
0.00459643
0.000671987
0.0161314
0.00164447
0.0318242
0.00816263
0.0239495
0.00364378
0.00875827
0.00483384
0.662133
0.00218723
0.00461764
0.00441883
0.00810277
0.00533678
0.00320559
0.00341474
0.0069591
0.0042488
0.277353
0.00107578
0.00463278
0.0094594
0.0263723
0.00889817
0.00722066
0.0136157
0.00823056
0.232863
0.00349217
0.0043219
0.0071037
0.00752665
0.233051
0.00615532
0.0105121
0.00108039
0.899275
0.00401722
0.22758
0.00638224
0.00270685
0.00911368
0.00371234
0.279452
0.0082597
0.00528744
0.00167025
0.317735
0.0106236
0.00866241
0.00541081
0.0079712
0.00981554
0.0089577
0.00625636
0.00651072
0.00231987
0.00561616
0.233135
0.00623102
0.00619631
0.00705491
0.00322074
0.00717737
0.210202
0.00478382
0.0119138
0.00382945
0.00450176
0.0103762
0.0150094
0.00869298
0.00161754
0.00263949
0.00699655
0.00588088
0.244775
0.981908
0.0054075
0.00663539
0.254893
0.223525
0.00273746
1.84818
0.00380769
0.00900215
0.00812738
0.0108329
0.00348654
0.00271034
0.0057296
0.00768002
0.235544
0.00632624
0.00922669
0.0050553
0.00704273
0.00441215
0.269118
0.00356043
0.012207
0.0109359
0.00546551
0.544488
0.73991
0.0142792
0.00323896
0.00988531
0.02026
0.00665295
0.00654579
0.245037
0.00711372
0.00475835
0.00444276
0.00769505
0.00460143
0.00208043
0.0088333
0.00964284
0.00676564
0.00315248
0.00771045
0.00769345
0.465145
0.00258466
0.2421
0.00220656
0.0135306
0.00305852
0.00559978
0.00726354
0.0162907
0.0159302
0.0052124
0.212983
0.0184861
0.0119898
0.00346434
0.00745166
0.00396879
0.0074499
0.021502
0.275236
0.00513365
0.00493773
0.0152489
0.0112267
0.00198126
0.00437014
0.00428157
0.0137576
0.00354247
0.239552
0.00210616
0.00897592
0.00364751
0.00676669
0.00501149
0.00209498
0.290486
0.0040004
0.0130034
0.00824395
0.0034262
0.0164612
0.00586163
0.205924
0.00411965
0.242202
0.00293338
0.00877459
0.0056268
0.00328899
0.00432024
0.007034
0.299852
0.00610888
0.00656838
0.0119572
0.00114701
0.00275188
0.0131818
0.0035957
0.267587
0.0109736
0.00914898
0.0163282
0.0019358
0.00711528
0.00245597
0.00802536
0.0114124
0.00495835
0.26076
0.0024988
0.0115938
0.0123977
0.00027763
0.0120696
0.0194689
0.00621778
0.243568
0.00584363
0.00319117
0.227411
0.0036508
0.00222761
0.0110122
0.00257506
0.0109525
0.00372342
0.00359717
0.0113083
0.00475296
0.0174941
0.00822999
0.00541319
0.00535519
0.00680227
0.0158089
0.00107864
0.00819515
0.19065
0.0121823
0.00466133
0.0109465
0.00953909
0.00783288
0.00478266
0.0115294
0.245433
0.00727985
0.0104512
0.00905138
0.00914256
0.0167189
0.00672977
0.00397768
0.00503951
0.00828444
0.002954
0.0037156
0.00223404
0.00304221
0.00704264
0.0046346
0.012997
0.00216951
0.00196901
0.00222524
0.00266003
0.00633307
0.00248361
0.00469585
0.00521028
0.00132245
0.001394
0.00522668
0.00259326
0.000923744
0.00344247
1.17311
0.00350886
0.00567984
0.00618368
0.00352526
0.00555485
0.0105916
0.000509972
0.00299585
0.00592887
0.00452548
0.00510867
0.0131913
0.00610766
0.00196465
0.00603753
0.0138588
0.00329879
0.010136
0.00610877
0.00473115
0.00423878
0.0111202
0.00717285
0.00885973
0.00516628
0.206432
0.00673796
0.897197
0.278346
0.00428273
0.00733712
0.00819399
0.00356249
0.00931519
0.0123473
0.00432925
0.0005922
0.00334265
0.00424715
0.000813988
0.00212643
0.00389577
0.206649
0.0125887
0.00308314
0.00740799
0.00863842
0.00603642
1.20841
0.00625101
0.0043192
0.00509873
1.37435
0.00757762
0.213953
0.00628169
0.00739713
0.0108749
0.00141891
0.00497498
0.00539978
0.00843297
0.00252788
0.205627
0.00256214
0.0152049
0.00577426
0.0040422
0.00742717
0.0162209
0.00819067
0.00437796
0.00582674
0.00276152
0.00590696
0.00635514
0.00379323
0.253053
0.00388607
0.00794566
0.00480474
0.00719312
0.0148918
0.00793375
0.00131573
0.00535389
0.00534678
0.00483293
0.00141668
0.0077783
0.201026
0.00731782
0.00305312
0.00511826
0.00990117
0.00377191
0.00442175
0.00844755
0.00981406
0.0159161
0.00897548
0.00708851
0.00465871
0.0114955
0.0112224
0.00405281
0.00568132
0.00498115
0.00433873
0.0086076
0.00448381
0.00479885
0.0149996
0.0067888
0.00405374
0.262239
0.0113735
0.00698113
0.00616893
0.00410319
0.00650435
0.0284816
0.00412154
0.00288229
0.00887705
0.00410419
0.0135071
0.00321922
0.00703946
0.0036184
0.00371112
0.013
0.00458681
0.00384098
0.23041
0.00400149
0.00944537
0.00204476
0.00320265
0.00416204
0.212652
0.00280827
0.00348003
0.00757571
0.00796691
0.00976743
0.0162061
0.00537003
0.00665162
0.00391551
0.00609795
0.00667792
0.00138012
0.0050009
0.0282427
0.0071629
0.00471429
0.00398709
0.00190206
0.0222244
0.0051414
0.0115732
0.00234175
0.29571
0.00589344
0.00851207
0.00696043
0.00496305
0.0020985
0.00457156
0.00666328
0.00786453
0.0044275
0.0126584
0.00534964
0.00749383
0.00514945
0.0074168
0.00542426
0.00569555
0.0184257
0.00804656
0.00290417
0.00812831
0.00938342
0.00105559
0.00155652
0.00642687
0.286649
0.00394722
0.00592689
0.0118358
0.0121832
0.0177395
0.00677561
0.0072374
0.00603191
0.00176246
0.00240664
0.00606848
0.252194
0.00553871
0.00291149
0.0111803
0.00412803
0.00457448
0.00566178
1.21021
0.0160478
0.208991
0.00446998
0.00229992
0.00867975
0.00400188
0.00550082
0.199051
0.00813432
0.0072911
0.0170619
0.00858044
0.00559962
0.00188361
0.0110344
0.00693112
0.0109347
0.00869824
0.00863247
0.00294844
0.00671899
0.0062542
0.010773
0.00818796
0.00551497
0.00287187
0.00337191
0.00615208
0.00440328
0.00606191
0.00638687
0.00350279
0.00297893
0.00519435
0.00598895
0.00337648
0.00237044
0.00167675
0.00275994
0.0109179
0.00265593
0.00556062
0.00472592
0.00476871
0.00271968
0.00203945
0.00706364
0.00493031
0.257148
0.00589619
0.00555684
0.00208674
0.00358717
0.00715867
0.00294263
0.00973226
0.000910158
0.00939587
0.0091863
0.00849628
0.00172988
0.00240892
0.00410395
0.645158
0.002502
0.225284
0.00185494
0.019807
0.216852
0.0145537
0.00563139
0.00817592
0.00328938
0.00988192
0.00561985
0.00817474
0.0067141
0.00379463
0.19913
0.00262915
0.0158336
0.00350773
0.00188982
0.00788198
0.0108145
0.00249276
0.0143134
0.00388216
0.275467
0.00385784
0.0213981
0.206747
0.00558414
0.00172573
0.00335988
0.00415677
0.00674904
0.00908013
0.0163544
0.00206681
0.294183
1.04574
0.236219
0.0244275
0.014475
0.00364747
0.206691
0.0258591
0.0103581
0.254581
0.195821
0.0043975
0.00368212
0.00756583
0.00593447
0.00436616
0.00550984
0.230068
0.00362481
0.0127017
0.249994
0.203408
0.011752
0.00640959
0.00233814
0.0171539
0.00753158
0.0197899
0.0119034
0.00838223
0.00281965
0.00338315
0.00179624
0.00433712
0.00677742
0.00377527
0.00402361
0.00058618
0.00819483
0.00175125
0.269405
0.00997735
0.00761328
0.0168371
0.00622886
0.0146459
0.00648744
0.00180508
0.0051474
0.00322167
0.0026312
0.00704122
0.00430188
0.0186591
0.00277622
0.00777964
0.72691
0.0014388
0.24399
0.00849706
0.0212431
0.251818
0.00903268
0.00808966
0.0111782
0.00716352
0.281971
0.0008141
0.0107916
0.0100377
0.00538983
0.00607318
0.00687265
0.00697363
0.00557522
0.00368317
0.00416768
0.00598351
0.0127076
0.00356441
0.00535683
0.00284569
0.00565233
0.017374
0.00573587
0.00936284
0.0123379
0.00271504
0.00731085
0.0103685
0.00481892
0.0154069
0.252707
0.00388838
0.00862921
0.00662662
0.00212994
0.00295257
0.00742797
0.00571061
0.00414561
0.0117612
0.00854675
0.218234
0.0123929
0.0052317
0.00128946
0.00696086
0.0112865
0.0160871
0.0318411
0.0135576
0.0124229
0.00506714
0.011347
0.0264354
0.291836
0.278071
0.00314907
0.256545
0.00435844
0.00702506
0.00367486
0.00809158
0.00537831
0.00754262
0.00684192
0.228722
0.252092
0.00633587
0.00505297
0.00300011
0.00495085
0.275897
0.254338
0.00634409
1.30179
0.0020611
0.00566133
0.00143025
0.311314
0.00342706
0.00452906
0.227105
0.00289587
0.00677372
0.00373039
0.00984276
0.0326232
0.00383722
0.0134083
0.00459193
0.000925688
0.00458837
0.00242411
0.0136987
0.00766629
0.275532
0.00777996
0.223157
0.0123894
0.00462396
0.00574832
0.0129873
0.224704
0.0147667
0.0100541
0.00962875
0.00338461
0.00412174
0.00486716
0.00641306
0.000967098
0.00369502
0.00551386
0.0085292
0.0185013
0.00518269
0.00265107
0.0119642
0.00692128
0.00870112
0.00152352
0.00792187
0.0030224
0.218513
0.00448137
0.00293778
0.00686507
0.0017017
0.0056659
0.00320497
0.00304171
0.0120171
0.00484399
0.0024887
0.00926274
0.0031325
0.240551
0.00306664
0.00676293
0.0062884
0.00590866
0.00598832
0.00479458
0.00755517
0.00584723
1.05335
0.00620301
0.00426299
0.0124686
0.691216
0.00802634
0.0042983
0.00583622
0.00341602
0.00554038
0.0204985
0.00180492
0.00524202
0.010335
0.00848923
0.0143676
0.00300308
0.0181861
0.00430899
0.00348276
0.219265
0.00753244
0.0141939
0.0156038
0.0104344
0.00824285
0.285118
0.27037
0.00269227
0.0036458
0.00457176
0.274248
0.00378699
0.00729017
0.231398
0.00412794
0.0107153
0.00218992
0.00806247
1.05086
0.223283
0.0433269
0.0189868
0.00552401
0.0065788
0.00465561
0.0023681
0.00398753
0.00610981
0.00431046
0.0178393
0.011127
0.00237004
0.0024356
0.00359275
0.00649439
1.40907
0.00632749
0.00228257
0.00977829
0.0104561
0.0028542
0.00237223
0.00394685
0.698884
0.00515584
0.203792
0.00753318
0.0028889
0.0102194
0.26576
0.00937816
0.0066886
0.0118333
0.00762838
0.00863417
0.0147303
0.912588
0.00866674
0.00168446
0.209932
1.02729
0.00207457
0.00406584
0.00581486
0.00245959
0.00280167
0.00451846
0.232251
0.00415283
0.00318546
0.00280059
0.248998
0.00954365
0.00285977
0.0142022
0.00594057
0.00715918
0.0104264
0.0134385
0.907592
0.00507456
0.00493438
0.223836
0.0065124
0.0033807
0.00713558
0.0105002
0.0112861
0.00408042
0.00428646
0.00926117
0.00774362
0.0115548
0.733223
0.00803664
0.00196919
0.00652887
0.0105268
0.0123293
0.203532
0.281398
0.0120695
0.010697
0.0222384
0.0240922
0.268717
0.0060155
0.0106312
0.244623
0.00572351
0.0162342
0.00561048
0.00348137
0.00731283
0.00643907
0.00641832
0.00807708
0.0132408
0.00512498
0.00498456
0.00535373
0.0169386
0.0186538
0.218664
0.00389801
0.00324909
0.00604055
0.0184362
0.0164913
0.317088
0.00339206
0.00881706
0.00202997
0.00248625
0.00433989
0.0035242
0.265918
0.00264665
0.00920453
0.00405194
0.00634476
0.0119873
0.0229208
0.00316402
0.00424223
0.240689
0.00166666
0.00316374
0.00409302
0.010557
0.00356646
0.00320565
0.00927918
0.00369356
0.00657626
0.00515243
0.965321
0.221017
0.0114362
0.00121509
0.00102467
0.00835513
0.00593714
0.00907962
0.00334714
0.00164457
0.010616
0.280665
0.00384648
0.0100619
0.0052709
0.00984538
0.00769558
0.00633889
0.00248902
0.00359001
0.00535034
0.213127
0.0044617
0.00569552
0.0119877
0.00600462
0.00535508
0.00755963
0.00281183
0.0042039
0.00537753
0.00715133
0.228797
0.015827
0.00773669
0.00282858
0.247153
0.00876584
0.0113617
0.0068149
0.0072744
0.00710301
0.0136862
0.202901
0.0158197
0.00309788
0.00180848
0.00461354
0.00975389
0.0112237
0.00398282
0.01846
0.00124524
0.00562855
0.00862365
0.000619927
0.00713686
0.0103309
0.00398532
0.00498089
0.0033546
0.0107967
0.00377333
0.0069411
0.254445
0.0046033
0.00552216
0.00403965
0.0138331
0.0012024
0.00398593
0.00368986
0.00525035
0.00585897
0.0126758
0.00271759
0.00820757
0.00205882
0.00272866
0.00294986
0.00507579
0.00406723
0.00311288
0.00546819
0.00788513
0.00693417
0.010308
0.00142468
0.00781263
0.00875251
0.781559
0.0115705
0.00232426
0.00336589
0.00619513
0.00792714
0.206776
0.0071525
0.00372956
0.0151299
0.00373694
0.248573
0.0092174
0.00750852
0.00203237
0.00628662
0.00240763
0.00252675
0.00128281
0.00291709
0.0070252
0.00172643
0.00386392
0.00249524
0.00454449
0.00560528
0.0128464
0.0140131
0.00705113
0.00281031
0.00466911
0.00387318
0.00225223
0.00502103
0.010357
0.00330152
0.00286157
0.00327685
0.00526054
0.00733521
0.00750426
0.288017
0.0133906
0.0045249
0.0143667
0.00387936
0.207133
0.00651202
0.0053651
0.00508552
0.00324621
0.003167
0.00359225
0.023373
0.00358584
0.002721
0.00824384
0.00462853
0.00368882
0.00566377
0.00605785
0.00200784
0.00540492
0.00433223
0.801455
0.00756777
0.00443815
0.00381885
0.283195
0.00534012
0.00575378
0.00518391
0.00445153
0.00477506
0.0106313
0.019131
0.00370069
0.00577162
0.00846474
0.00794934
0.00785774
0.00182901
0.00594824
0.00276977
0.0126922
0.00454402
0.00256215
0.0184158
0.00241431
0.226084
0.0033721
0.0054724
0.00592623
0.0236895
0.012313
0.00345246
0.00397872
0.0040444
0.00739825
0.00267488
0.00629974
0.00501218
0.00274041
0.00291692
0.0160529
0.00350099
0.00399661
0.00145717
0.0112314
0.0050196
0.00637421
0.00440857
0.0042875
0.00660284
0.00635962
0.329373
0.00467484
0.0251968
0.0027875
0.25232
0.00328446
1.12269
0.0114632
0.0089451
0.90212
0.220178
0.00463754
0.205477
0.00527058
0.00179888
0.0022326
0.00242685
0.0019452
0.0027061
0.00901286
0.00444582
0.00395584
0.00369104
0.0107354
0.00703194
0.0111309
0.0046881
0.00505611
0.00340814
0.00892726
0.00498685
0.0050194
0.199559
0.199482
0.00587606
