180
146
122
254
225
122
88
151
88
180
88
122
180
254
288
122
162
259
225
143
259
180
225
322
288
122
146
88
122
180
180
183
88
180
254
122
253
254
254
258
88
88
122
259
122
146
122
152
180
259
225
225
88
254
122
225
146
248
121
288
122
122
234
260
234
171
206
259
259
259
205
268
225
288
205
146
254
205
288
122
259
258
293
183
259
316
243
368
244
234
288
254
225
254
225
205
225
171
259
240
205
259
205
88
122
180
225
122
180
180
128
171
288
260
200
171
259
171
122
180
239
180
254
122
146
205
288
260
88
288
88
146
156
180
259
254
116
88
239
234
288
171
288
219
269
291
331
171
205
225
239
234
225
171
254
200
302
204
282
171
225
254
88
225
288
303
171
234
146
180
122
174
171
205
254
254
122
156
174
151
180
122
156
122
122
122
221
205
268
183
179
200
185
369
238
286
225
234
324
224
223
297
200
205
205
440
203
247
171
254
254
200
200
225
200
259
254
208
203
171
200
206
254
190
222
331
288
450
206
316
234
278
276
228
259
117
271
206
122
122
122
294
122
122
88
225
259
200
217
254
254
224
225
259
171
180
254
259
225
273
227
247
288
224
302
268
326
257
678
225
254
200
205
225
200
205
206
171
225
171
260
146
322
288
259
225
259
225
259
254
259
88
232
228
200
225
205
208
225
170
187
221
297
231
297
208
225
222
240
240
190
171
259
259
200
216
203
254
225
326
346
200
122
183
146
234
216
345
375
208
293
234
268
122
122
122
146
234
240
221
228
273
259
288
294
288
171
214
254
225
200
225
200
281
263
268
88
254
146
122
200
294
200
203
234
222
327
288
259
276
205
288
307
288
260
380
304
253
353
334
212
237
376
197
239
237
273
174
283
205
253
636
293
222
205
230
219
567
200
345
289
205
203
225
259
171
200
259
288
260
171
208
171
228
338
259
206
183
256
197
288
254
254
203
225
225
174
254
259
254
216
205
262
200
262
288
240
174
291
270
237
171
287
245
208
200
219
208
237
237
200
259
307
200
205
216
300
333
198
328
203
268
237
253
171
260
174
203
307
282
259
298
257
225
356
466
292
279
205
234
234
171
259
241
205
273
171
259
200
288
171
208
228
237
214
200
270
205
174
205
259
203
266
225
307
288
225
205
225
174
200
259
254
174
205
200
203
206
253
190
276
219
222
207
205
234
262
257
200
259
225
234
273
254
278
171
288
262
171
200
222
174
205
216
205
262
278
206
241
270
278
174
219
253
244
291
262
259
273
257
260
246
333
171
241
266
247
297
326
190
256
229
235
286
310
291
171
385
209
228
171
242
459
171
260
225
291
254
225
208
254
237
254
260
205
200
205
171
288
254
237
257
234
219
225
228
200
254
205
225
259
225
291
225
288
228
225
268
259
254
171
205
171
205
225
171
206
200
288
237
279
205
219
259
234
288
205
200
200
205
225
200
205
225
205
225
225
234
216
257
171
259
259
200
254
174
225
200
171
254
263
240
237
225
234
257
291
288
259
273
234
239
225
227
264
257
241
203
247
200
270
241
234
200
261
237
251
262
286
273
320
275
250
257
225
277
232
291
225
225
203
240
241
253
353
275
273
224
206
291
270
276
244
272
253
208
216
259
275
257
174
257
208
228
318
262
241
254
187
239
254
293
208
263
209
259
244
506
228
208
237
208
237
254
219
234
288
279
656
205
233
171
257
254
259
193
234
197
205
227
174
299
323
203
316
253
567
278
405
171
254
205
205
171
200
254
259
180
122
322
180
234
234
171
205
205
234
200
146
288
88
88
259
225
258
180
293
225
221
234
276
200
228
259
254
190
259
206
254
203
171
200
187
205
171
259
205
219
261
329
205
174
237
225
205
234
295
259
228
208
254
171
234
234
291
200
171
257
290
171
259
224
262
225
243
171
257
234
228
203
278
225
288
322
122
180
260
196
122
254
223
228
225
273
237
225
306
342
422
310
278
307
241
224
246
250
244
227
234
288
225
174
259
234
225
200
254
225
225
240
234
122
225
122
88
268
259
259
203
234
200
208
205
205
259
259
260
200
237
200
225
288
208
205
259
200
171
273
288
260
262
205
225
254
171
200
171
205
208
288
193
171
216
235
257
174
193
237
171
225
171
203
244
288
216
276
240
275
313
171
273
171
225
200
187
237
200
316
234
190
244
273
288
259
205
234
225
180
180
88
239
200
122
122
254
228
228
235
225
278
345
200
234
171
234
259
225
234
171
205
237
171
203
203
234
171
288
259
313
211
200
250
288
241
174
174
257
183
234
259
146
122
122
152
262
270
270
225
257
349
254
259
406
318
295
205
200
174
270
171
200
205
171
237
205
225
240
259
205
225
225
205
268
200
259
254
200
234
291
240
234
234
268
225
665
259
219
254
285
225
288
288
299
276
183
1030
590
339
249
219
203
232
304
211
317
273
335
323
284
275
289
276
275
393
247
237
266
257
259
206
313
349
292
253
187
313
225
203
288
275
259
208
294
228
254
259
259
244
333
253
263
259
279
254
205
323
295
234
328
273
333
275
205
255
200
174
205
203
205
294
288
279
277
463
441
359
446
239
259
335
238
304
291
270
356
271
235
292
225
269
329
288
271
234
262
286
205
291
301
294
424
256
174
257
260
259
277
381
257
174
458
257
307
261
281
338
273
309
238
260
262
427
237
256
313
254
237
206
88
180
171
273
208
203
225
228
228
247
288
224
278
237
241
219
254
309
247
294
259
304
234
259
171
288
234
223
317
257
190
259
291
174
253
296
298
259
268
228
203
244
291
268
235
250
216
171
275
302
228
237
193
225
288
88
180
88
270
205
234
88
146
122
183
171
308
287
343
270
254
266
227
205
117
225
171
239
203
294
206
259
187
286
203
234
216
174
259
234
225
305
122
122
270
211
253
259
222
228
200
257
205
231
323
304
243
292
209
171
284
314
273
286
254
259
322
259
205
263
200
171
254
228
208
225
313
225
219
234
333
171
288
254
203
364
171
320
553
243
285
187
348
368
308
171
203
365
330
200
279
190
302
304
303
405
256
256
212
254
200
256
293
273
257
405
262
278
330
257
522
260
225
122
225
208
333
193
205
234
288
206
254
231
262
316
247
313
273
227
260
310
288
282
203
228
205
174
278
203
237
273
237
190
291
237
349
200
257
247
327
402
174
209
250
257
240
216
262
313
344
275
450
200
292
254
259
200
328
250
305
205
234
282
237
234
222
203
225
171
237
171
200
304
254
297
395
286
262
286
228
269
270
254
347
254
244
317
316
320
200
334
348
234
291
254
259
257
244
200
234
259
234
234
254
291
253
283
288
240
253
288
197
237
237
262
237
262
221
174
340
313
243
241
193
262
254
332
288
208
205
205
254
262
265
291
174
200
262
234
190
174
190
206
366
260
291
205
550
352
200
279
260
262
257
291
288
234
234
288
207
205
288
259
228
228
262
262
254
171
216
208
206
259
196
208
293
291
223
257
294
291
174
254
228
291
203
171
279
259
259
270
270
253
316
273
323
262
289
284
203
326
187
238
205
234
240
288
225
171
228
259
288
171
206
205
225
200
259
288
171
262
174
200
225
291
259
208
259
200
203
205
208
234
174
203
288
206
259
203
174
259
271
259
171
234
201
239
268
291
205
293
203
288
288
245
465
257
290
244
262
262
263
299
192
254
190
373
234
193
228
289
276
254
247
212
271
247
193
351
259
262
288
334
275
278
190
254
291
288
208
293
240
174
225
259
285
761
182
262
239
225
205
208
259
225
225
286
234
273
374
241
254
254
275
273
256
271
259
268
307
276
262
225
288
542
200
219
200
304
247
260
308
288
288
171
257
171
263
289
320
539
247
287
339
174
275
320
252
282
341
227
431
200
335
254
254
205
200
411
374
250
229
256
294
231
287
228
293
313
317
278
223
326
254
329
259
286
231
292
234
275
235
205
301
200
216
278
227
221
259
225
268
288
259
288
288
259
259
205
225
294
88
180
180
146
122
122
94
122
88
288
220
333
259
291
206
200
411
268
234
254
205
206
206
353
298
244
247
262
297
337
205
270
310
234
225
259
196
288
121
88
122
87
152
205
237
297
243
273
329
282
171
203
225
259
307
171
259
259
289
307
259
297
171
243
174
229
219
228
347
329
285
452
267
287
241
278
326
235
278
203
310
254
288
228
225
237
316
183
193
271
256
278
284
205
273
237
367
257
461
288
227
225
237
225
225
146
254
200
146
180
225
171
228
254
254
200
233
205
322
146
180
183
268
146
122
146
122
183
259
225
322
234
322
266
260
203
171
468
225
200
231
234
116
225
146
146
225
225
343
190
326
291
88
217
180
294
254
288
243
326
268
275
259
285
260
303
311
221
190
366
297
307
254
278
227
457
697
329
316
250
203
205
225
219
375
203
222
205
256
289
237
297
228
386
329
251
241
297
200
205
192
216
295
224
257
278
206
259
200
340
200
358
259
222
351
288
200
478
227
253
251
257
243
304
203
288
253
122
180
254
288
122
180
122
146
151
254
183
268
122
180
225
180
254
287
239
254
122
91
122
122
259
259
259
180
161
180
180
146
180
122
225
88
146
116
122
88
146
91
254
122
180
122
180
122
205
183
146
179
128
122
180
180
225
88
225
152
180
180
171
219
236
171
224
254
270
234
203
254
200
205
322
268
234
259
234
259
205
289
94
200
288
323
319
272
550
259
200
254
253
309
237
171
171
205
254
171
234
254
239
293
180
205
259
195
146
88
122
87
205
205
239
225
171
254
88
225
122
146
151
122
180
180
254
149
268
293
122
122
122
234
122
88
322
271
234
225
200
259
171
244
171
246
252
254
288
239
122
225
465
225
205
174
256
268
234
200
259
152
288
269
225
259
288
259
293
122
225
259
205
254
171
254
156
122
146
180
146
146
122
122
122
128
464
200
206
268
196
272
260
259
269
171
205
171
281
240
225
254
174
171
200
243
296
305
200
200
234
225
205
205
200
234
225
206
225
234
288
234
205
203
221
276
206
231
205
294
203
203
386
190
171
152
171
294
122
122
145
234
200
122
122
122
259
254
171
205
200
171
208
259
180
180
88
200
288
225
366
273
257
364
279
225
208
205
239
237
288
240
278
259
171
259
200
319
225
146
288
146
225
254
205
171
171
208
146
200
322
254
256
200
225
254
329
315
257
273
279
337
244
247
384
244
240
224
270
243
216
225
234
171
254
262
244
234
197
346
304
240
122
122
225
254
289
284
270
254
180
293
288
288
146
180
122
205
209
244
304
307
209
225
297
174
205
254
322
146
205
254
259
302
260
146
225
138
122
159
254
234
272
308
254
171
215
205
171
239
259
174
216
225
221
208
208
424
225
217
206
206
244
219
225
231
215
328
287
225
229
288
246
254
205
366
205
316
208
260
286
228
200
228
206
248
171
294
294
291
205
362
225
262
259
171
234
200
262
205
234
259
234
320
234
254
257
285
203
229
240
205
288
200
228
205
225
421
257
234
203
200
205
237
250
208
254
307
254
224
225
216
215
237
333
225
259
232
222
203
206
325
257
224
225
253
222
187
227
209
203
257
259
259
219
208
301
281
225
228
205
208
259
171
257
208
270
198
171
254
200
200
208
288
234
171
208
259
200
234
200
171
205
254
228
222
260
200
259
171
254
270
205
200
205
234
259
174
237
219
292
288
274
254
254
203
262
234
171
312
270
205
171
240
205
254
200
259
225
259
275
257
322
327
241
291
259
186
200
228
237
171
288
171
237
294
288
332
314
205
263
288
203
256
190
222
253
187
222
383
225
250
279
174
225
257
253
225
474
304
234
471
234
225
205
254
294
259
259
205
260
205
225
171
200
171
237
254
183
254
205
206
304
259
171
240
259
291
259
234
205
266
259
228
241
253
208
270
234
452
250
1331
298
208
200
225
225
205
237
254
205
234
205
288
259
288
234
171
205
259
206
200
200
291
235
257
234
225
288
205
288
257
225
270
259
208
288
225
225
193
254
171
291
291
225
253
234
171
229
254
187
234
224
205
225
241
304
325
208
288
291
237
240
291
228
278
228
225
313
216
216
278
193
288
200
259
250
200
205
187
174
237
276
313
199
358
276
263
174
291
208
254
262
286
288
234
203
275
187
222
307
228
221
206
279
294
173
203
193
171
262
208
237
225
234
234
257
241
235
228
228
171
282
313
285
239
219
823
200
273
171
259
314
310
268
254
240
234
294
237
369
238
301
291
257
320
224
276
225
225
253
225
205
259
206
288
294
122
122
88
122
88
259
171
240
170
259
287
146
88
122
122
288
316
234
146
322
200
246
288
216
276
291
239
208
256
208
228
259
225
283
283
205
254
205
171
200
240
234
225
208
291
317
216
203
237
234
316
200
234
259
225
228
288
171
174
225
239
237
225
254
256
174
288
208
254
171
282
285
294
250
200
271
200
225
180
122
122
88
239
200
222
295
256
333
440
248
222
256
464
260
335
219
247
297
208
244
205
317
200
259
260
1648
171
208
171
288
205
234
288
225
322
146
122
122
254
259
270
200
225
259
288
225
234
174
208
200
291
259
200
305
254
262
254
303
225
200
225
234
208
240
225
382
225
200
242
254
225
234
361
327
234
288
259
225
241
240
171
288
170
274
208
225
298
273
270
225
171
278
234
345
259
254
288
209
200
225
224
203
306
202
240
200
205
203
234
322
122
180
239
288
205
259
122
288
283
234
273
262
281
257
294
294
234
254
225
206
208
225
288
310
224
263
253
225
174
171
174
259
288
225
234
256
278
259
237
225
171
203
208
146
122
180
288
208
171
205
259
221
200
291
203
257
205
277
219
225
241
277
259
234
171
225
171
288
200
288
171
217
254
288
254
205
171
288
171
171
225
288
234
288
200
288
225
225
222
254
346
171
254
271
237
459
273
234
231
325
253
262
174
327
234
270
272
209
276
230
273
247
245
207
354
208
273
256
216
254
225
275
278
209
295
276
245
205
262
259
225
268
224
200
171
287
294
174
225
224
274
205
174
304
250
190
263
277
362
250
269
304
647
268
405
171
235
234
171
253
290
278
345
256
272
623
478
206
263
372
324
313
307
345
224
329
340
308
276
327
257
171
222
422
200
241
222
247
328
225
291
290
254
171
316
224
314
253
307
238
174
328
363
288
203
219
225
174
238
241
350
259
222
290
364
395
327
288
351
193
171
122
122
171
241
222
203
254
263
234
291
237
190
278
174
222
219
256
174
303
228
307
193
200
240
234
288
234
257
297
288
234
262
262
171
275
304
291
254
205
274
238
225
295
187
203
254
219
171
232
288
253
244
317
291
317
254
214
180
200
262
288
205
180
122
146
174
282
376
329
228
209
225
190
464
254
294
271
293
259
171
260
268
288
171
225
225
200
260
225
203
254
180
156
180
253
275
356
259
234
263
225
326
205
234
259
329
519
261
294
235
205
262
276
234
323
288
151
259
200
314
200
288
273
205
320
200
200
304
241
257
203
245
228
337
259
193
240
518
171
262
227
216
241
316
292
209
270
294
216
490
601
318
244
241
238
285
226
200
224
259
205
270
256
240
257
275
203
262
282
307
250
336
122
152
254
282
291
323
229
250
203
234
225
271
307
288
225
291
288
238
190
242
237
288
193
228
252
250
277
190
250
254
286
273
253
215
228
302
262
291
266
193
240
253
320
228
294
234
187
234
415
259
238
217
275
171
288
225
171
174
171
310
260
297
174
259
281
313
278
219
171
205
200
225
288
253
276
186
316
275
310
328
219
257
203
253
171
304
304
241
344
240
240
256
294
288
271
313
313
225
254
234
237
225
288
171
252
319
174
203
228
219
291
239
200
253
263
225
219
282
228
221
243
168
240
262
273
171
291
316
325
246
257
259
273
200
296
211
237
329
205
253
203
332
665
298
329
206
332
260
193
209
317
342
313
321
238
199
288
259
254
200
288
254
216
234
225
200
291
254
200
252
190
228
288
203
224
254
234
240
237
254
288
242
203
203
225
259
271
250
288
276
244
205
332
312
190
234
273
281
193
254
321
203
241
203
205
205
259
231
288
234
259
200
206
259
225
205
237
234
234
257
262
257
232
205
259
204
205
200
200
205
225
234
255
285
203
254
225
208
174
259
283
225
205
239
225
225
294
294
254
288
260
225
206
225
225
205
225
268
234
254
253
259
262
225
193
228
203
295
174
259
174
344
291
222
256
205
231
225
291
248
251
257
253
244
200
234
270
309
239
205
171
288
254
227
233
297
253
228
291
281
342
232
244
200
234
247
234
546
345
257
228
208
205
234
282
250
259
313
273
203
300
307
262
205
228
254
259
260
208
288
228
254
337
326
200
257
388
247
289
293
206
215
295
190
212
279
203
203
273
278
323
205
276
234
200
288
225
221
289
237
256
225
242
244
224
300
206
219
257
209
238
244
190
278
254
224
205
200
171
206
285
379
288
203
254
263
266
320
254
205
254
234
205
225
234
288
254
259
259
268
257
322
122
180
122
151
180
122
180
293
307
208
259
348
225
294
294
259
205
260
205
234
168
331
224
227
219
272
354
259
328
362
260
171
117
122
205
88
116
122
122
122
259
288
254
288
228
200
171
259
234
237
254
263
171
252
203
275
273
219
313
285
271
317
291
340
279
234
257
200
263
228
266
389
342
342
275
253
240
237
253
200
250
200
247
234
254
379
329
307
225
358
310
288
171
253
291
579
281
288
203
254
359
294
180
88
171
259
122
225
239
205
294
205
377
254
171
171
288
268
88
322
88
180
146
122
180
125
259
180
171
228
322
276
288
242
259
314
225
200
259
200
225
206
146
254
254
146
288
273
272
228
225
234
146
206
254
254
279
224
276
241
237
200
234
276
254
237
346
361
270
288
234
227
301
224
221
275
216
240
187
356
190
277
219
259
205
260
233
227
286
219
306
232
278
272
276
235
224
257
257
278
269
260
243
200
297
227
278
316
251
232
234
332
257
259
237
237
221
314
336
276
216
246
595
307
214
122
146
254
122
122
183
180
224
146
122
122
146
171
122
303
180
120
225
180
88
88
239
288
180
268
122
225
254
180
151
180
122
205
186
180
146
88
146
88
180
122
146
151
183
180
196
150
179
254
151
180
171
88
122
122
243
180
180
234
180
122
259
193
203
200
171
205
254
205
240
200
234
171
234
225
293
205
146
205
225
225
268
226
225
234
256
205
308
200
200
830
259
254
268
234
205
239
259
225
171
171
171
88
254
122
180
225
88
82
122
180
94
205
225
205
259
288
205
259
225
180
88
254
122
225
180
225
225
248
225
282
146
121
122
122
254
254
225
88
239
152
294
259
216
262
278
292
234
254
115
259
146
146
237
171
596
260
205
474
288
241
234
146
259
205
241
200
234
225
146
122
205
205
291
288
288
122
122
254
180
180
146
122
122
122
180
278
225
205
268
288
219
261
171
307
171
171
200
288
222
234
205
227
200
171
256
261
329
254
259
259
234
225
288
254
200
259
225
200
294
288
225
225
171
240
276
203
205
206
242
572
208
174
242
288
268
88
156
122
171
122
254
268
122
122
122
254
205
225
206
239
244
206
122
122
146
288
225
208
259
231
282
190
257
289
288
323
413
228
205
205
200
253
254
171
254
225
225
254
205
171
180
254
146
237
237
234
205
205
268
225
288
257
241
232
225
278
205
262
254
257
301
170
242
171
327
229
292
259
234
241
254
251
225
205
286
225
171
288
222
232
205
122
122
88
234
284
297
252
200
183
254
237
122
122
122
146
237
259
295
241
174
241
234
391
183
259
234
88
254
259
205
288
256
376
88
180
87
150
180
200
259
208
276
200
234
225
259
225
298
171
205
216
259
286
348
259
262
283
208
273
225
227
190
225
288
314
200
257
241
244
269
257
298
187
254
281
281
205
225
284
257
244
254
254
259
171
254
225
171
288
307
234
239
200
254
253
233
234
288
174
174
254
228
205
171
205
288
259
216
256
171
259
288
288
200
228
259
257
254
205
171
259
241
281
203
254
193
288
200
288
304
313
225
310
234
356
218
295
237
257
190
323
338
669
190
294
284
336
273
310
285
327
497
238
310
209
205
205
254
259
225
205
254
208
174
240
228
234
259
234
203
254
259
205
279
254
254
225
288
200
239
200
259
279
256
259
288
205
228
257
250
174
237
234
234
208
336
203
536
234
259
288
289
225
234
200
288
228
259
234
268
254
171
225
203
259
174
234
234
257
273
225
262
295
270
200
257
288
224
257
240
208
334
259
270
253
216
237
345
173
404
262
286
314
257
235
187
200
272
317
254
234
262
323
282
294
228
604
236
244
257
221
205
206
200
208
254
205
259
225
257
268
205
174
257
200
225
254
234
225
171
234
225
205
254
262
228
171
174
288
288
254
225
288
291
288
200
254
294
241
234
205
288
313
259
234
225
288
171
219
254
234
257
200
259
254
259
200
200
234
200
208
408
171
350
225
200
234
291
259
234
234
171
220
225
171
205
200
228
270
257
259
171
225
257
259
262
200
200
174
174
253
288
237
234
304
257
225
254
200
291
221
225
193
205
208
298
224
187
261
219
244
259
225
222
200
228
228
259
227
205
187
254
247
256
465
262
292
219
193
322
206
171
253
203
262
288
225
288
231
244
225
200
225
307
168
282
257
294
225
288
262
304
219
225
288
564
358
171
234
301
257
205
205
200
259
190
174
254
293
244
354
208
259
312
225
288
234
203
174
313
306
300
224
247
292
310
225
174
235
225
259
225
208
88
259
180
122
146
121
205
234
259
205
234
259
239
239
146
151
122
254
225
200
180
239
295
266
259
234
304
254
254
205
221
291
234
259
200
228
200
270
205
254
257
313
203
291
288
171
237
307
174
259
237
288
203
203
254
216
205
261
205
225
225
299
193
250
225
288
225
202
257
262
225
225
200
288
205
313
260
225
298
88
88
146
146
254
225
288
260
282
341
291
244
415
327
279
278
265
447
292
331
212
319
199
270
288
259
259
240
259
205
171
237
260
288
171
288
205
254
88
186
121
260
259
234
288
234
228
254
288
259
205
237
294
171
171
259
225
254
171
262
288
171
288
205
171
171
240
254
288
240
208
288
208
222
271
203
225
205
255
313
190
200
205
288
310
259
205
294
225
228
206
221
307
288
307
306
225
233
259
288
205
276
339
307
253
200
222
234
171
225
225
322
225
180
254
254
171
234
180
122
259
257
288
244
254
257
216
208
200
254
225
200
254
225
171
171
257
171
290
275
288
250
190
297
234
206
294
281
286
250
254
259
203
259
259
122
183
122
156
122
260
237
265
200
223
286
200
205
200
240
273
275
291
284
200
313
286
225
273
254
171
205
225
171
288
205
171
200
288
225
205
225
225
174
234
260
200
254
259
262
254
200
225
205
288
239
208
257
236
174
242
352
298
323
301
174
278
281
257
205
240
273
193
271
235
235
320
263
225
281
209
259
219
273
190
265
247
266
246
209
244
234
225
225
257
253
982
171
332
225
208
234
305
257
310
208
288
235
174
257
289
288
352
224
380
272
215
257
294
346
200
200
257
286
273
278
235
288
285
243
286
297
302
248
332
294
262
329
342
329
219
502
310
342
200
271
234
225
253
252
258
247
232
273
253
259
231
290
231
305
203
234
370
270
262
273
174
257
268
450
190
227
279
332
282
355
228
254
293
260
254
231
219
234
122
121
225
200
270
203
294
257
306
262
294
203
320
205
193
206
250
279
174
375
225
203
203
205
200
203
200
228
219
242
224
260
239
291
203
208
225
220
276
291
253
292
285
253
228
238
278
234
212
244
241
237
256
259
171
180
274
239
272
200
268
254
146
180
122
204
270
254
171
275
273
253
238
245
254
224
259
205
171
268
225
203
221
288
254
187
256
288
234
288
180
88
239
122
232
248
237
199
257
200
262
317
260
273
289
278
228
327
266
205
237
244
278
276
281
254
225
259
259
187
171
259
275
262
225
171
291
203
279
205
257
244
279
171
304
307
234
311
398
298
227
279
208
232
282
288
281
260
294
253
200
234
416
183
339
268
288
282
259
357
231
308
219
307
203
259
272
288
259
257
288
308
180
225
205
244
259
253
257
231
193
216
197
237
291
203
225
259
234
237
244
241
228
262
222
352
234
187
208
247
193
273
203
171
174
208
190
304
228
282
294
283
263
316
171
234
216
258
203
266
205
224
193
187
171
256
205
285
200
288
171
237
259
339
171
254
373
225
288
259
225
205
254
205
271
225
320
225
273
234
275
208
310
271
478
276
304
205
171
212
171
308
258
270
352
260
221
237
190
228
291
279
205
576
228
271
240
208
250
311
299
226
294
174
240
253
219
200
304
262
237
320
193
336
289
268
212
255
278
281
205
259
281
174
218
250
292
200
204
203
239
346
225
237
228
343
333
224
339
200
228
270
326
257
235
371
203
721
234
171
234
254
288
262
307
288
200
392
171
253
259
225
291
200
287
257
259
262
174
262
193
171
270
291
208
171
225
257
225
254
288
219
278
244
224
286
285
263
200
244
444
229
219
307
254
197
205
234
237
200
174
205
200
259
288
291
200
288
234
250
225
225
205
200
259
208
288
171
225
259
234
200
234
200
234
290
171
254
200
228
174
259
171
171
234
259
171
205
225
254
206
268
203
205
254
288
208
259
228
254
174
228
288
307
304
302
200
208
279
304
237
234
222
313
190
205
228
643
208
250
212
187
242
256
313
281
250
254
225
205
200
225
294
259
242
205
286
272
328
326
272
259
196
279
347
200
268
205
402
225
288
342
241
174
256
250
203
225
287
254
225
342
253
307
225
259
225
254
254
348
330
254
200
240
200
234
266
234
224
317
253
205
237
219
263
271
279
298
246
295
273
313
335
205
326
234
234
288
259
225
292
251
248
241
263
187
240
219
211
244
173
244
294
323
280
234
259
171
227
219
291
244
291
205
222
617
241
228
241
224
237
202
234
254
219
254
254
205
171
234
234
225
259
268
254
180
82
122
122
180
146
254
288
334
205
372
208
234
243
254
208
200
206
200
259
303
441
193
219
193
325
237
293
208
291
259
225
254
88
254
122
122
122
88
122
259
225
219
219
291
262
237
225
203
254
219
256
203
205
311
263
250
307
232
206
244
228
208
228
224
208
200
219
253
254
322
397
228
325
262
259
257
231
240
259
345
208
284
257
262
314
273
259
371
608
254
304
263
247
379
203
287
242
288
257
206
225
88
171
268
293
88
205
253
268
254
259
234
239
234
259
322
256
322
146
88
146
146
122
122
180
225
205
294
152
171
288
273
388
254
259
205
294
217
88
171
88
88
258
224
239
275
286
260
268
200
293
288
117
205
235
221
205
253
270
259
268
187
300
205
276
216
172
250
259
307
297
225
244
370
276
306
205
219
310
294
313
241
343
274
254
272
267
205
350
225
200
233
190
256
305
288
253
187
254
286
203
319
275
305
171
345
305
311
200
342
171
243
224
327
311
281
216
279
225
205
334
200
247
180
179
180
275
254
180
180
254
122
122
180
122
186
88
180
88
88
196
122
180
88
88
225
239
122
254
180
146
180
180
288
239
254
225
146
122
122
205
225
146
322
239
225
88
260
146
254
122
88
146
88
146
162
259
88
122
254
180
122
122
122
146
234
294
170
200
171
313
171
205
205
259
200
225
322
88
234
152
259
254
146
171
152
288
171
257
282
298
208
200
200
171
237
234
259
225
254
291
254
171
171
234
259
254
122
259
225
122
88
146
122
296
171
259
259
234
237
254
254
225
225
268
293
122
254
180
259
259
260
254
250
121
122
180
225
293
122
151
146
239
88
225
225
276
215
262
269
200
200
268
254
146
200
171
293
300
209
240
291
190
205
88
288
293
225
200
205
171
180
122
122
121
239
259
240
200
180
88
122
146
122
146
88
225
120
122
367
254
171
151
268
351
302
288
299
254
240
254
471
331
234
288
273
205
200
407
285
225
205
205
200
225
288
225
259
225
200
171
200
200
183
225
206
276
309
240
225
286
245
225
290
294
342
336
254
259
122
122
122
122
122
234
225
88
88
122
259
200
171
200
271
234
276
146
254
88
282
240
254
225
212
286
174
273
332
171
313
263
268
259
257
259
270
259
200
206
291
200
88
234
206
88
310
200
259
200
205
206
225
88
225
288
309
342
264
288
285
305
327
242
289
292
237
254
222
276
244
243
265
312
308
171
174
294
254
241
209
225
288
225
224
205
122
122
225
205
422
311
247
200
200
225
288
146
122
122
122
254
279
323
263
219
228
288
230
205
254
206
262
272
285
234
225
208
205
253
88
122
122
259
254
307
208
288
294
260
288
200
225
219
288
225
225
254
187
272
323
308
237
241
265
278
272
234
288
259
200
171
250
617
254
317
294
200
241
205
291
281
428
208
259
329
171
254
171
206
200
240
228
171
254
234
234
205
228
183
237
205
234
288
208
206
252
317
262
194
205
208
205
237
259
288
234
259
234
288
259
288
259
205
208
254
288
254
225
205
262
237
257
205
170
225
253
221
313
304
278
262
186
255
174
288
225
200
291
269
260
278
240
293
291
244
219
401
392
225
327
228
219
171
225
234
284
254
225
234
254
342
288
206
208
288
209
205
254
204
288
259
171
225
225
200
288
288
205
171
228
205
239
259
310
206
208
225
240
203
262
270
225
234
257
288
208
200
288
279
291
205
205
259
288
288
262
205
288
262
260
362
171
163
268
288
234
219
254
242
203
250
273
171
228
271
250
281
254
276
208
224
360
281
237
227
288
252
228
384
257
398
222
243
200
263
263
254
253
190
253
222
270
304
200
288
225
234
217
254
259
171
225
259
291
200
171
254
171
237
240
171
240
254
216
165
259
234
254
171
171
228
171
171
225
205
254
171
171
225
200
254
200
299
171
200
234
234
259
259
237
203
200
288
171
257
234
239
171
225
171
206
288
174
254
171
241
250
205
243
291
205
225
288
200
234
209
259
288
254
237
225
171
288
208
205
228
205
237
224
262
234
208
307
250
228
323
243
254
254
171
225
225
221
256
244
190
190
225
171
254
278
187
272
281
208
259
237
262
222
187
257
168
241
259
235
291
256
263
322
310
256
324
288
235
266
345
307
257
259
377
288
234
225
174
234
171
279
254
228
259
333
304
254
291
193
288
203
289
244
234
305
171
240
203
259
200
205
200
243
171
306
171
298
291
298
323
171
237
258
200
171
381
258
369
206
234
314
291
273
237
268
279
205
205
259
225
224
288
254
146
88
122
122
180
225
200
259
234
225
171
200
254
180
146
122
122
262
288
180
322
316
291
171
234
171
262
254
234
171
259
234
262
205
259
291
288
174
234
234
174
171
171
171
262
257
262
171
262
254
241
237
273
259
254
171
254
259
174
291
288
254
207
203
288
174
208
259
200
228
205
244
225
187
228
234
200
146
171
225
180
268
149
254
254
339
327
203
239
208
300
268
224
238
221
246
281
296
276
288
402
218
259
250
259
200
200
254
254
199
254
200
283
234
208
88
116
180
180
180
225
254
254
237
258
200
288
291
200
225
259
205
257
259
288
225
225
382
259
205
200
234
254
288
234
171
200
288
288
259
221
208
225
206
220
234
228
225
231
205
265
229
262
174
275
259
288
242
228
345
240
278
296
171
234
225
259
234
234
268
291
187
217
228
208
254
171
288
288
88
254
146
234
117
225
225
288
225
224
272
265
234
233
226
294
254
200
235
225
200
240
171
273
205
252
304
219
221
268
221
203
288
225
288
216
171
250
237
291
207
291
260
205
171
85
88
179
288
256
208
225
225
283
337
200
228
227
284
266
199
247
272
292
264
206
350
254
288
200
254
200
225
214
225
222
171
205
225
288
200
234
288
254
288
288
200
171
254
259
253
225
274
200
270
262
205
200
206
237
292
256
334
272
290
323
475
310
253
306
238
219
307
263
254
228
205
253
326
234
284
281
247
285
244
294
263
255
243
388
165
171
187
258
208
268
291
203
205
330
228
254
199
219
228
322
278
228
257
244
205
228
234
354
206
262
225
288
227
259
205
205
228
190
307
269
212
294
421
262
269
414
237
240
317
228
187
282
241
291
254
285
273
259
256
270
259
200
290
208
269
225
237
187
254
234
332
366
292
244
257
228
231
270
203
278
263
237
237
279
340
223
276
327
289
316
423
266
343
602
190
266
205
88
122
234
222
288
253
225
171
174
228
291
336
236
205
208
293
278
219
304
258
284
205
171
171
234
171
259
259
260
432
263
193
171
254
171
288
273
254
279
244
272
288
461
525
203
527
288
171
230
219
312
219
307
222
228
122
122
146
219
281
288
254
122
88
122
257
302
282
323
200
317
199
320
292
288
225
234
225
248
205
200
235
262
253
306
237
288
200
205
205
259
122
88
180
386
282
244
225
200
243
205
307
254
243
225
224
241
259
288
208
234
234
307
205
205
206
228
259
217
260
171
225
247
234
205
288
288
272
262
209
307
250
254
269
232
266
205
254
291
262
291
254
205
257
259
330
259
294
304
295
320
199
287
336
237
171
259
288
183
271
171
250
314
519
225
260
225
238
221
259
203
241
254
122
171
268
288
254
171
254
228
234
206
225
171
219
253
287
285
345
314
254
307
187
208
257
171
306
244
216
266
273
229
200
205
279
276
224
301
200
187
275
282
272
266
316
225
193
227
270
310
243
308
281
259
258
288
205
256
254
288
225
352
254
294
288
313
234
257
216
225
225
291
382
205
203
205
267
304
281
257
276
250
225
263
499
228
183
367
284
200
171
257
200
271
288
171
208
290
200
253
208
228
292
234
234
270
237
344
275
307
243
228
266
205
278
291
219
258
244
310
326
271
260
225
234
291
252
200
333
261
174
247
174
282
259
225
174
225
254
401
273
291
225
248
278
241
200
326
369
289
310
320
189
228
232
368
235
223
174
171
200
270
225
259
262
259
259
174
259
228
203
228
234
254
171
171
285
288
262
228
200
288
234
171
225
329
345
228
268
329
319
259
365
203
332
360
270
216
254
219
294
228
273
237
237
200
237
237
257
262
288
254
205
200
228
225
288
174
234
257
259
225
254
288
254
234
200
171
291
288
259
200
234
254
228
234
225
174
205
244
206
320
174
200
171
234
237
291
205
205
234
190
237
174
237
254
219
294
225
234
228
262
208
257
237
291
200
316
304
237
216
282
209
294
254
291
218
257
310
224
257
299
243
253
237
291
352
204
200
247
259
347
259
200
234
211
241
247
228
247
273
273
259
279
205
316
313
183
251
225
323
244
307
225
205
305
221
288
228
313
222
250
273
225
203
171
243
259
171
208
234
263
288
259
171
259
288
260
253
227
307
241
270
212
348
240
241
292
193
304
171
245
259
254
259
288
205
288
205
228
276
318
349
218
219
243
275
200
260
278
323
239
247
310
291
205
193
237
276
202
257
283
393
171
228
296
225
307
289
205
200
254
254
268
237
254
258
288
171
225
200
293
88
259
322
179
122
259
122
88
288
237
307
305
325
225
205
275
205
200
205
225
234
234
257
258
298
291
250
276
240
317
256
232
288
88
237
180
122
122
122
122
122
122
180
171
317
304
171
242
304
205
206
260
193
205
259
273
228
288
259
294
250
367
282
244
291
206
244
217
244
243
424
208
217
203
250
259
259
237
206
237
234
200
204
278
291
249
386
237
206
297
423
279
266
209
237
240
282
282
336
241
205
411
262
225
293
222
254
293
224
239
200
225
219
243
268
239
225
239
205
180
322
88
122
254
122
180
121
293
88
254
348
239
208
307
225
259
205
205
259
268
288
225
200
122
171
88
254
300
257
326
259
234
225
180
240
180
257
174
253
241
186
329
205
288
271
270
187
238
306
320
282
270
259
254
247
246
276
281
400
208
244
337
193
286
190
326
273
275
205
241
415
317
193
237
310
394
276
254
237
224
225
451
259
381
294
221
244
361
228
209
307
378
259
171
221
279
219
169
224
276
311
259
234
278
216
276
122
259
180
122
288
122
180
225
225
180
146
180
88
122
151
183
146
259
146
254
122
254
180
146
180
322
180
288
87
88
180
180
122
122
180
254
288
225
88
180
179
122
180
186
122
259
88
122
122
159
156
122
88
259
293
88
180
254
234
205
87
122
205
232
240
234
288
171
208
205
200
225
254
259
293
293
171
322
293
146
293
268
88
288
200
208
364
171
237
260
225
200
294
288
237
234
208
200
254
205
171
200
117
259
217
268
151
121
146
288
180
259
254
206
268
234
234
171
322
88
293
122
122
288
146
259
237
82
151
200
180
122
180
88
180
180
282
122
225
293
225
205
171
246
206
307
206
205
288
225
288
239
268
225
205
401
234
254
259
225
240
322
88
186
234
272
258
254
225
88
122
122
293
225
237
259
156
122
138
180
122
122
88
122
122
151
275
288
225
88
88
395
241
259
247
200
206
208
281
203
225
225
297
254
259
288
273
218
225
288
288
234
259
254
254
171
200
225
205
259
304
288
225
200
291
260
288
254
273
300
302
203
347
205
205
288
88
180
122
208
146
171
117
88
122
180
250
254
294
237
254
254
476
179
225
180
122
288
200
254
187
253
244
250
315
288
358
331
348
288
200
259
298
205
171
205
200
88
151
268
238
239
146
259
259
171
225
234
254
293
254
288
291
209
270
288
254
288
263
353
251
322
278
228
260
257
225
262
258
273
289
259
234
206
205
266
301
259
268
219
646
259
88
122
288
237
266
767
323
234
259
254
288
146
122
88
119
259
293
281
295
332
222
225
234
234
288
502
254
180
200
214
205
174
225
293
146
183
180
180
257
225
257
253
288
200
302
288
174
260
240
171
234
254
420
237
219
257
200
240
219
281
206
234
234
260
222
254
174
270
206
339
257
285
203
254
582
244
315
259
382
234
299
234
259
200
234
171
234
257
288
171
197
174
203
316
259
205
293
200
205
260
234
257
183
217
171
171
254
288
200
257
228
205
257
288
200
234
200
276
225
250
234
275
224
216
294
345
171
329
208
171
254
227
278
320
326
171
325
259
307
169
242
260
278
198
273
234
255
313
368
291
386
340
276
268
643
253
257
171
256
259
236
171
273
205
263
259
228
171
362
234
288
284
205
190
183
254
174
225
239
171
288
205
313
246
225
231
268
225
351
259
234
237
254
200
241
205
208
187
254
260
183
254
282
242
259
259
259
200
260
262
234
276
254
233
203
253
259
240
205
237
257
181
244
245
234
203
212
262
200
234
266
206
208
224
292
254
234
278
208
262
278
200
208
347
336
257
275
271
263
291
209
254
502
272
275
277
329
291
254
243
279
243
288
288
237
234
205
225
243
200
259
225
228
200
259
228
171
225
225
291
259
205
259
225
234
274
260
262
288
205
171
288
203
174
237
205
248
199
225
240
200
203
228
288
205
254
225
171
237
225
200
262
288
259
171
254
205
203
205
208
228
735
262
228
227
200
254
216
237
228
200
237
254
259
174
205
171
254
259
228
234
240
171
187
228
171
171
254
208
234
225
193
224
174
227
304
244
203
218
259
234
278
270
200
208
171
190
250
221
310
281
190
228
231
256
224
304
219
205
259
254
228
267
262
349
281
225
205
266
273
328
187
277
307
171
271
237
246
292
203
254
203
187
308
259
362
205
225
254
259
237
259
254
259
288
257
234
259
354
171
205
171
270
294
228
257
171
320
300
330
228
288
205
235
240
171
294
254
270
235
300
225
247
225
237
313
244
254
259
200
225
171
205
146
225
225
146
122
225
254
288
234
254
171
234
259
225
180
122
88
322
241
171
88
225
288
289
288
208
208
278
291
234
234
288
225
200
200
234
345
254
253
225
254
174
257
257
228
259
257
234
288
262
288
205
260
259
204
200
257
202
234
208
288
225
259
254
205
273
216
313
228
174
282
177
234
227
290
259
225
254
239
122
122
239
146
293
288
171
208
300
275
208
215
329
284
279
311
256
196
244
266
301
435
190
273
228
190
225
237
288
293
254
203
171
171
200
234
200
146
91
122
174
180
171
250
203
234
288
171
171
171
225
171
288
288
205
228
200
270
200
225
200
234
254
254
205
288
260
237
288
254
259
346
260
225
225
288
234
208
203
254
200
171
262
288
187
262
193
311
225
284
335
234
279
291
174
171
225
234
373
234
288
225
222
234
288
174
225
190
268
217
234
216
146
151
161
259
253
174
200
122
234
203
171
225
254
291
288
225
233
225
259
225
171
205
205
171
228
254
270
221
171
259
262
224
270
171
227
205
250
288
221
259
234
256
234
88
180
293
146
225
200
278
277
304
259
224
171
254
228
298
260
190
233
253
200
462
244
200
250
183
174
206
225
225
260
171
260
254
252
205
205
294
259
205
259
225
273
234
288
291
205
259
259
222
225
259
225
200
200
215
276
219
282
259
206
259
257
278
221
171
263
259
203
280
273
190
310
200
187
244
253
265
262
339
282
285
272
222
254
315
187
316
234
225
200
224
366
254
227
1631
203
200
234
345
203
237
234
247
291
200
276
171
244
291
263
278
224
216
259
348
225
200
183
308
190
219
264
257
355
183
256
328
225
244
493
295
310
263
241
263
225
209
250
291
200
295
589
200
295
360
334
288
252
208
171
288
190
237
275
270
171
254
228
237
221
256
298
375
344
262
368
320
314
262
304
174
174
363
260
285
597
291
357
234
146
88
171
326
278
259
294
291
174
254
202
219
243
273
313
240
230
295
442
250
219
200
259
225
259
200
217
253
259
271
228
240
203
225
288
208
244
171
376
313
221
281
352
305
276
228
254
234
190
259
278
171
304
190
222
225
122
87
229
329
294
180
180
180
146
270
285
225
256
177
222
225
219
302
259
224
183
205
171
206
200
307
345
242
174
225
200
205
200
225
122
122
122
180
222
273
444
205
251
278
200
272
234
219
219
243
203
374
330
245
253
234
558
348
259
206
288
288
200
501
288
205
235
254
291
225
291
200
234
203
174
241
200
342
254
237
171
286
206
203
205
286
400
250
297
244
257
293
278
298
304
302
216
262
451
301
279
223
171
200
288
275
187
190
200
202
262
171
283
288
247
238
88
146
171
174
171
254
333
200
203
174
250
262
228
257
279
291
325
259
291
241
228
244
284
280
200
208
174
278
218
239
227
273
294
190
272
228
171
237
228
332
212
386
250
221
174
331
266
228
334
281
262
234
174
294
288
259
171
390
271
225
259
282
323
288
205
256
234
225
174
205
171
200
225
279
273
329
292
254
203
236
573
390
317
237
257
505
715
447
288
423
313
294
282
237
318
262
291
291
259
234
254
272
254
253
216
345
291
268
270
278
323
200
307
234
270
224
344
293
344
211
222
224
307
278
304
307
279
225
296
208
219
337
273
208
237
205
288
272
239
259
203
355
241
208
211
188
216
275
332
328
316
673
278
294
206
243
205
212
205
228
254
234
209
174
250
171
200
174
291
285
257
237
225
288
234
216
205
237
268
259
205
259
258
225
254
234
257
203
291
239
238
227
227
253
203
293
253
280
317
215
193
250
234
222
208
205
259
234
288
171
205
205
271
268
253
205
205
171
171
225
200
259
200
260
259
288
205
171
294
288
259
240
217
257
262
203
208
237
225
288
237
329
244
293
288
262
291
200
208
259
287
288
252
262
203
262
342
225
225
174
381
291
288
271
203
316
278
288
171
258
227
237
263
291
278
275
276
272
261
257
240
295
225
389
265
254
200
304
288
257
244
257
259
237
244
297
228
404
302
320
219
174
225
241
205
205
193
295
232
171
323
203
254
200
225
273
254
200
205
205
332
287
231
482
225
288
247
259
259
225
270
285
225
174
237
171
273
171
234
244
289
323
227
237
216
222
348
209
284
203
310
171
228
234
254
206
234
307
282
358
187
291
200
279
259
203
222
281
250
219
304
266
237
291
171
219
222
193
209
262
332
251
262
357
200
365
363
287
171
234
171
288
205
200
259
200
171
259
288
288
254
288
122
179
122
122
122
122
200
146
237
203
200
429
171
294
216
225
254
259
259
205
205
285
259
222
232
243
281
251
270
254
281
259
239
254
122
122
122
180
122
156
116
268
200
257
172
190
259
310
294
244
187
253
317
275
174
203
307
307
174
308
250
270
196
301
259
262
291
257
291
171
183
171
273
276
171
339
237
259
275
234
225
295
266
313
200
273
263
301
254
272
190
205
171
304
325
219
393
304
301
205
237
200
122
268
293
151
250
254
200
306
373
171
259
200
254
171
293
200
205
322
254
225
225
180
146
260
224
288
253
270
225
205
259
259
272
254
259
283
234
259
180
293
180
293
224
225
295
295
171
254
171
171
225
122
288
205
225
170
317
200
203
205
288
190
273
257
228
234
187
318
224
256
234
228
253
186
171
225
302
238
259
224
253
340
273
291
174
205
262
263
295
322
291
323
323
294
224
243
292
313
421
438
259
395
205
207
240
190
205
238
200
237
252
346
203
250
237
278
273
170
257
221
260
229
534
322
288
143
239
254
288
146
88
180
122
122
225
122
254
293
225
122
146
146
122
146
122
122
225
151
329
329
288
288
322
122
225
122
288
254
180
88
254
254
146
180
122
146
225
88
254
122
258
122
180
146
180
225
146
322
254
122
180
288
180
122
88
171
235
254
234
205
205
237
225
205
234
225
288
88
225
288
225
88
259
225
293
268
171
288
259
275
326
225
288
225
205
259
268
225
200
171
254
254
234
254
234
268
225
122
128
91
88
146
259
88
128
259
234
293
171
288
225
151
88
180
225
225
180
254
122
200
293
88
200
180
122
180
145
180
288
294
128
239
171
293
259
200
206
208
263
243
268
259
239
146
254
208
254
865
340
291
200
313
171
206
259
254
88
171
2241
200
268
180
122
121
122
293
284
200
259
122
180
122
180
122
88
183
138
162
288
278
259
288
254
205
225
313
254
284
234
254
237
238
235
288
171
367
259
214
252
417
315
200
206
288
288
291
200
259
225
200
288
204
288
234
234
234
225
290
295
205
407
302
336
544
325
228
266
205
146
288
125
122
146
122
225
171
122
122
88
259
225
260
200
239
254
288
254
180
88
180
254
208
171
235
225
222
353
259
288
174
291
219
253
234
349
354
234
237
234
268
293
254
316
317
294
225
322
205
199
206
171
296
239
239
88
266
244
228
254
231
263
411
174
225
226
297
246
266
190
241
307
275
278
291
237
171
254
200
259
255
205
200
257
269
204
122
156
225
225
209
318
250
171
200
225
237
146
122
122
180
254
254
288
266
239
259
205
272
288
234
254
271
122
254
203
205
265
205
293
200
288
88
180
234
244
171
240
203
205
258
200
205
332
259
205
252
254
268
260
289
281
248
187
209
205
230
234
225
234
279
267
205
297
324
304
262
200
300
244
199
203
219
205
216
293
244
200
259
203
225
234
200
257
206
573
291
248
205
291
237
234
288
254
254
225
259
284
225
265
207
200
205
203
240
200
254
291
225
300
200
262
257
259
171
237
203
291
171
206
254
234
206
291
259
205
216
288
237
174
273
237
291
259
262
241
171
259
288
263
326
270
243
254
354
294
219
885
555
237
389
313
228
200
200
205
200
304
205
225
171
279
288
205
225
288
262
288
240
171
205
205
208
171
259
225
228
257
171
234
171
259
254
225
257
190
237
254
205
234
307
221
252
361
244
396
225
205
254
237
171
288
253
288
171
262
228
203
270
203
200
225
228
288
291
254
250
325
257
288
237
234
234
263
254
237
260
174
225
244
174
215
250
215
228
254
257
235
310
310
257
259
219
200
223
256
205
216
221
236
276
278
230
327
307
310
174
200
205
200
225
243
203
200
234
254
259
205
288
205
171
205
205
206
254
268
288
259
225
291
200
288
206
171
254
228
206
171
171
174
257
288
248
254
304
288
205
222
234
205
288
171
237
254
288
259
313
259
200
288
288
205
174
200
519
308
267
288
171
254
316
254
200
263
205
239
313
208
257
234
262
253
234
205
225
254
205
203
208
259
262
254
208
288
234
203
257
225
288
270
208
291
275
171
174
332
205
208
216
234
225
292
292
229
171
294
187
313
270
219
300
256
174
224
174
203
269
203
244
247
781
212
225
249
222
288
253
200
377
200
256
310
206
228
171
360
228
171
203
217
275
203
293
200
205
254
237
276
273
591
171
259
171
212
208
250
308
316
254
205
228
535
297
320
225
253
258
260
225
171
200
277
200
190
296
288
240
224
276
189
241
294
279
268
240
234
254
200
234
322
151
180
122
88
146
200
225
200
171
288
254
205
122
146
88
88
293
180
259
151
274
288
246
335
288
208
171
254
254
225
228
203
239
205
203
254
205
262
347
252
288
254
279
237
171
291
208
291
269
205
288
254
257
208
257
205
225
225
203
200
225
200
253
259
254
234
291
228
254
221
291
325
171
225
267
259
288
254
225
225
146
88
151
322
288
297
341
308
269
276
254
190
203
348
291
238
328
227
257
227
254
206
232
288
200
206
259
225
171
208
254
288
205
205
294
183
268
288
88
225
288
171
205
200
205
200
205
234
171
259
205
208
171
200
171
234
206
234
200
205
174
234
257
273
220
228
236
200
259
225
259
250
237
257
333
250
174
270
203
260
225
289
304
270
253
350
313
170
293
171
200
240
283
174
289
259
225
174
257
205
259
278
205
256
255
268
225
168
171
288
293
200
162
287
208
200
225
180
288
283
203
252
254
222
203
259
225
254
225
259
254
259
254
260
227
275
311
293
174
200
273
190
288
312
174
234
291
283
254
291
262
174
219
146
120
122
122
88
187
194
291
259
253
304
228
277
270
273
221
240
430
248
203
263
171
282
257
234
259
225
205
171
234
234
171
259
200
200
200
257
288
200
208
254
304
259
237
254
225
221
174
259
205
171
200
270
281
238
205
270
259
253
270
320
237
200
370
206
234
262
209
189
273
209
326
257
237
320
254
316
315
270
193
241
256
293
203
190
423
225
200
254
281
203
319
219
208
417
352
209
205
234
377
174
228
205
257
236
368
190
294
392
310
338
260
219
225
244
288
234
171
262
254
288
262
284
244
292
344
250
231
295
297
320
244
387
246
336
224
253
208
240
259
385
279
225
244
252
243
228
311
174
221
259
254
187
203
259
208
256
279
288
254
225
240
224
535
224
265
193
250
228
272
410
190
526
1015
222
249
225
225
200
156
146
234
174
259
254
171
208
257
249
257
216
330
253
275
284
456
259
367
313
203
200
217
200
294
225
345
228
227
279
256
205
257
271
304
282
206
294
339
219
357
327
241
309
308
284
247
288
267
289
227
247
225
257
259
88
88
180
190
260
259
122
122
122
180
262
563
206
244
355
274
342
343
361
259
383
260
288
225
282
225
254
333
273
234
234
171
205
205
171
88
122
122
88
234
298
205
206
171
200
254
377
731
311
219
311
222
399
235
278
247
275
222
282
225
268
177
205
171
275
312
205
405
259
244
254
234
301
237
174
228
274
286
228
205
281
205
316
236
200
240
289
205
259
268
254
283
260
216
241
257
310
354
221
276
279
222
229
295
302
205
208
232
266
203
225
205
313
190
326
371
200
88
234
294
237
270
440
228
174
265
205
294
171
225
257
257
262
244
259
174
259
221
262
234
219
228
240
294
234
227
262
250
206
206
244
288
205
243
225
234
262
275
276
240
237
232
273
317
254
285
205
203
219
259
300
256
268
265
259
276
221
288
263
438
182
225
225
254
315
254
200
171
174
259
288
963
304
257
278
247
310
270
435
332
253
307
291
453
225
171
625
171
278
364
288
288
234
174
203
208
254
254
257
208
174
283
234
174
228
203
256
225
190
208
259
263
203
171
262
310
292
288
314
278
312
278
187
379
259
268
250
257
347
256
225
291
257
247
252
174
208
310
317
292
346
257
237
288
286
266
203
228
183
326
257
378
279
203
228
234
254
208
203
200
225
257
200
259
262
205
313
293
174
208
291
237
174
208
205
200
268
268
205
271
190
259
190
269
208
193
228
216
246
292
238
267
313
317
263
240
187
187
279
225
257
234
200
234
171
234
208
259
208
225
259
234
208
254
174
254
254
288
225
259
205
234
237
433
291
234
257
254
288
288
262
228
288
259
259
254
294
254
200
171
225
225
174
288
225
259
200
237
239
259
288
254
225
270
351
237
208
288
288
289
228
205
254
253
225
298
292
171
203
227
232
260
287
276
219
326
200
278
363
320
275
241
219
254
200
295
259
268
238
206
237
272
208
183
214
183
187
262
225
222
288
225
174
227
171
267
294
456
313
292
259
295
262
260
234
273
333
200
257
174
405
171
228
288
203
419
259
257
286
205
200
260
171
209
225
326
336
221
224
225
289
268
464
171
273
219
256
219
288
363
288
288
294
171
250
266
300
425
244
222
257
257
241
286
193
257
252
241
277
329
256
205
307
244
236
375
174
282
254
289
352
200
189
222
275
206
225
239
234
225
237
200
288
225
225
225
200
87
225
254
183
122
122
180
122
150
180
345
256
263
239
259
205
309
291
206
225
225
205
288
291
221
225
285
225
206
174
232
266
315
234
180
171
254
259
180
122
88
122
122
180
288
228
282
225
174
224
282
279
310
225
228
261
203
291
238
221
237
273
221
225
291
234
291
257
225
262
255
258
300
259
342
241
193
263
222
187
266
254
206
297
190
174
333
283
224
237
257
219
332
234
203
289
214
208
222
278
257
200
227
234
146
200
152
122
200
146
200
259
200
259
225
200
146
200
146
146
146
122
146
171
259
285
122
125
151
268
204
171
268
375
259
318
308
263
294
225
259
200
122
293
225
275
146
254
261
262
287
222
328
240
239
117
322
200
278
267
368
399
228
234
254
269
193
228
292
208
171
216
203
227
490
288
327
253
216
171
291
259
257
289
257
209
500
259
237
279
323
300
241
289
308
257
254
291
241
253
221
282
278
228
244
209
334
203
408
200
310
263
241
254
254
256
204
303
298
170
298
269
280
304
208
225
307
88
294
180
151
151
205
88
259
88
122
180
180
254
146
254
122
122
259
180
225
122
180
122
225
254
254
117
88
254
88
288
259
260
225
180
254
225
180
225
122
179
288
259
225
225
88
259
254
225
122
88
122
241
254
225
225
122
179
205
254
259
180
234
257
254
259
205
234
237
288
171
217
171
234
88
152
288
254
268
225
88
268
239
259
200
200
253
205
294
254
200
200
287
234
225
254
294
259
259
171
259
259
239
294
128
225
122
122
196
225
88
200
259
288
294
259
200
199
254
322
122
183
293
88
117
122
288
171
225
146
146
288
88
146
254
122
225
88
322
88
259
225
259
244
234
330
225
205
254
200
254
322
254
254
225
259
262
259
342
200
171
254
180
225
205
205
205
200
225
122
122
288
254
88
288
263
180
121
146
88
225
180
146
122
225
146
314
288
288
254
146
171
200
234
219
259
268
288
276
289
237
200
216
205
259
224
284
266
234
288
200
288
259
234
254
200
288
200
240
254
200
254
200
292
221
294
183
292
190
288
257
282
297
346
200
225
122
88
122
122
122
200
259
322
122
122
234
200
205
260
254
268
234
225
88
254
225
259
204
259
261
257
244
256
258
234
275
289
367
200
254
205
246
234
259
254
171
225
180
259
234
171
268
205
260
206
171
200
257
239
88
225
307
340
273
254
242
240
253
256
313
255
275
276
225
225
206
276
291
236
345
254
234
205
200
237
421
288
254
281
336
291
254
88
128
288
257
203
278
259
225
225
205
254
146
196
183
225
356
333
212
209
297
240
244
254
171
268
225
259
200
205
171
266
227
274
146
121
88
180
203
234
333
196
225
288
361
200
260
227
205
200
225
171
342
377
257
235
223
174
297
276
228
282
322
288
171
247
288
270
222
203
348
241
219
206
298
284
262
221
304
291
259
171
225
171
206
234
234
288
259
259
234
259
203
291
288
171
205
171
205
208
234
208
263
217
205
171
225
174
228
200
234
209
204
254
259
208
268
206
259
200
200
279
208
260
288
279
288
291
206
258
323
269
312
232
205
343
253
259
283
291
174
200
216
281
212
397
281
368
260
339
843
225
293
273
478
228
227
254
200
225
225
200
288
200
216
259
259
225
200
171
183
240
276
259
259
171
203
225
234
222
254
262
254
225
262
263
209
294
237
250
228
270
287
234
206
259
234
285
281
200
171
259
208
171
257
262
241
234
254
200
313
254
206
254
205
208
205
225
312
250
234
289
254
275
310
228
225
240
237
244
262
288
279
237
288
222
185
281
257
279
288
329
259
262
271
203
228
174
228
262
276
219
288
273
209
323
259
200
200
263
253
225
205
259
240
231
237
234
254
225
200
217
205
237
228
288
211
262
225
200
234
276
234
205
171
254
260
234
205
228
288
234
228
200
259
205
171
262
280
254
200
288
259
205
228
225
171
225
200
225
254
259
234
257
234
259
200
250
225
457
200
259
334
200
288
254
322
174
234
225
205
171
205
174
254
205
259
291
288
288
259
234
288
291
190
259
174
174
289
257
259
257
200
174
270
389
275
268
305
237
228
173
232
219
238
208
240
262
278
225
208
244
225
281
225
234
225
257
200
239
174
225
190
298
256
310
200
291
270
262
228
234
171
174
244
232
200
237
200
206
276
279
200
288
220
278
313
291
221
262
171
174
316
249
254
288
216
200
227
234
327
174
174
353
244
222
171
212
200
205
263
268
254
206
288
258
259
224
345
266
209
263
231
309
224
228
250
279
225
225
200
260
234
236
288
225
122
122
183
293
259
288
171
259
234
234
254
122
156
122
180
259
288
122
254
237
346
200
259
234
232
262
205
171
171
200
225
254
225
205
228
234
291
254
257
200
200
367
294
228
225
345
171
234
288
228
208
171
234
254
225
254
205
225
203
296
202
228
288
239
228
239
174
288
244
253
225
273
262
225
205
239
259
180
180
122
180
180
225
286
200
219
224
228
208
319
237
301
258
238
268
253
209
243
221
225
200
222
259
220
254
234
268
259
259
225
259
205
205
225
122
180
239
205
225
171
288
259
288
269
254
487
200
237
183
288
234
171
254
259
200
208
259
254
288
225
268
262
288
205
228
171
203
208
205
174
216
203
288
254
205
278
257
174
234
174
291
170
240
262
276
200
234
247
262
273
275
252
171
254
225
205
234
288
205
288
247
237
227
200
288
288
205
225
254
122
225
180
254
254
122
122
240
259
225
225
225
286
259
291
288
225
171
297
225
205
240
259
229
174
244
174
225
259
225
208
200
257
263
259
171
227
257
224
273
205
205
294
122
156
88
205
254
171
171
275
254
304
208
259
293
259
205
259
228
225
280
293
253
234
171
205
288
205
237
259
234
288
200
205
259
205
174
259
243
234
171
237
259
288
288
234
206
234
254
208
212
259
310
225
336
336
301
244
222
295
192
260
190
289
225
190
241
269
237
234
238
203
342
224
171
293
273
209
257
219
228
257
235
241
278
193
224
205
234
254
288
254
205
234
205
260
247
171
257
362
225
279
268
193
250
345
247
237
225
256
811
262
703
225
206
281
205
200
225
347
347
256
305
259
310
306
427
311
281
237
345
301
265
254
323
236
228
372
426
324
279
212
208
171
294
265
349
270
228
240
232
254
285
254
326
302
320
324
282
302
273
187
266
281
169
235
190
288
287
329
289
190
263
349
247
348
308
269
266
171
259
88
200
304
266
262
259
254
296
224
200
259
190
237
219
332
260
232
240
540
174
174
250
259
225
207
225
203
257
292
278
309
225
242
257
200
278
288
278
257
174
389
326
326
356
225
384
171
332
259
302
300
318
225
228
151
146
259
254
256
234
225
122
122
122
257
237
278
228
244
219
219
223
251
205
288
288
200
288
225
208
187
252
240
279
316
242
288
171
225
146
122
121
248
288
273
224
288
171
379
171
207
240
221
234
262
355
293
234
276
256
262
224
254
332
200
322
180
240
279
225
288
219
225
286
288
205
225
203
225
234
313
244
237
259
193
217
208
228
205
177
200
275
292
247
266
261
219
273
292
269
253
273
193
554
225
241
234
260
259
259
217
224
248
259
241
288
341
295
288
263
291
122
146
205
208
225
239
288
205
225
224
282
234
367
288
279
313
244
345
253
339
237
259
243
273
206
298
253
382
228
272
342
254
219
287
287
211
507
250
200
205
237
196
345
235
257
208
174
291
273
174
219
281
276
349
234
171
205
307
254
262
268
234
377
222
270
275
225
288
254
171
239
238
288
387
341
225
254
234
254
223
295
209
233
234
292
390
307
275
205
351
272
365
358
276
262
200
203
260
254
171
288
648
225
228
225
219
276
203
208
222
189
254
203
203
200
275
260
234
259
262
291
276
308
170
316
237
254
234
291
270
341
293
304
216
343
171
260
380
254
216
261
275
171
244
244
244
259
582
281
222
205
310
275
248
254
235
291
270
254
205
216
234
208
228
256
228
288
224
200
219
259
259
242
225
234
177
219
203
205
183
396
203
291
225
1453
200
293
183
262
258
316
228
325
262
270
270
272
208
222
209
188
237
244
225
259
288
205
288
234
254
171
234
200
200
183
225
288
259
171
200
259
234
228
254
288
225
254
205
291
262
205
237
254
288
254
234
254
165
250
288
200
225
203
216
225
228
171
253
203
338
262
288
234
200
260
228
206
273
240
291
254
335
288
174
260
203
200
247
174
228
278
208
291
200
234
233
237
200
234
263
208
291
234
444
307
243
384
257
225
250
200
262
234
208
296
241
353
361
190
259
266
219
259
225
262
307
317
247
171
361
223
257
215
259
304
317
225
582
307
200
174
200
304
371
225
254
171
225
219
237
225
288
259
171
234
288
251
335
257
270
260
313
222
279
377
349
273
238
367
263
222
254
240
259
225
234
294
286
254
414
288
257
259
225
291
273
275
288
174
241
304
253
291
304
288
288
205
282
256
296
205
288
326
298
200
293
269
292
259
171
254
171
146
171
200
290
234
171
254
146
88
254
122
259
122
122
151
122
239
225
281
349
317
396
288
288
225
234
225
258
217
88
171
174
222
206
446
208
171
241
288
219
341
259
322
233
171
223
87
122
190
196
88
146
259
234
288
228
200
234
259
262
304
250
328
286
361
250
228
171
225
203
235
273
225
288
270
256
171
307
348
203
203
336
193
253
227
279
177
323
241
205
219
220
284
326
253
237
246
270
259
230
416
205
273
586
312
378
285
290
284
200
254
205
254
117
293
225
254
88
303
259
205
206
234
203
239
200
205
239
225
151
254
122
122
183
122
179
91
322
294
253
288
234
288
206
237
237
254
541
225
288
122
117
146
293
254
288
259
203
326
278
117
205
269
259
239
174
243
311
288
281
219
259
288
256
208
259
317
214
311
278
259
228
231
227
244
304
285
263
268
208
337
317
275
229
237
222
225
331
410
304
206
278
259
209
330
234
190
302
171
349
203
235
203
281
291
215
310
326
205
334
222
428
257
372
278
320
292
171
275
187
202
292
332
308
169
151
122
183
149
88
122
288
128
8413
180
259
122
239
122
180
219
294
259
228
88
146
122
117
121
122
146
146
254
225
225
146
121
196
146
123
180
180
88
122
122
180
254
196
88
180
180
259
128
186
171
122
259
122
180
180
288
122
122
117
234
119
122
225
264
259
260
171
203
205
205
234
288
259
200
288
322
205
291
225
293
88
146
225
251
254
171
225
247
203
240
200
254
234
254
200
203
322
288
225
259
225
254
234
88
122
122
288
162
196
254
122
288
206
254
240
200
259
240
180
268
214
288
225
171
146
121
234
322
203
225
146
122
121
146
254
200
151
122
122
322
122
259
205
228
222
310
228
259
205
239
180
260
288
200
200
304
291
237
276
258
225
225
225
238
205
232
259
234
122
259
122
122
288
91
259
171
122
122
170
146
146
146
180
138
180
122
257
205
254
205
88
243
339
174
363
260
200
225
275
298
200
234
235
288
225
240
265
260
200
205
259
205
254
171
200
225
256
234
200
205
225
259
294
389
225
199
278
259
238
278
208
232
298
254
288
205
88
122
122
122
122
225
205
128
214
122
254
254
234
289
254
273
288
293
180
122
183
288
237
234
323
286
435
235
248
171
208
174
385
288
205
205
289
254
171
234
288
254
122
288
88
322
204
322
225
225
206
291
322
288
225
225
273
208
259
205
288
273
171
291
377
333
334
224
430
292
271
316
231
246
289
260
200
259
254
288
501
234
171
348
266
234
155
180
122
183
330
319
298
254
200
288
254
225
143
156
288
208
330
234
235
221
268
259
313
288
225
248
322
288
203
309
206
247
254
122
122
122
122
122
200
225
262
244
259
205
225
259
294
373
171
217
430
171
435
453
332
225
337
208
224
263
310
224
122
205
404
200
400
270
203
237
259
224
237
259
205
193
276
275
534
283
259
206
234
234
234
234
203
254
200
225
265
259
200
282
288
200
205
225
257
174
171
203
225
200
320
254
307
205
260
208
237
225
171
237
291
254
325
174
216
204
225
234
257
225
234
200
203
203
200
219
208
262
291
208
295
238
241
391
304
292
259
289
331
171
244
353
245
243
260
250
260
281
253
516
284
364
174
268
206
200
205
225
259
288
205
234
288
288
234
278
304
225
304
268
208
200
203
254
288
234
294
208
174
171
174
254
205
294
228
268
203
203
225
288
237
257
316
286
225
265
317
328
257
234
209
216
228
293
254
257
200
206
257
288
171
228
262
250
225
288
171
203
200
254
257
270
247
254
253
248
257
208
228
208
234
190
345
283
259
171
200
234
226
307
214
273
291
289
288
200
253
257
300
174
316
211
206
228
209
241
288
217
171
171
288
254
288
288
254
228
254
225
225
200
225
288
254
288
288
206
200
259
254
237
234
234
288
259
171
259
234
200
171
234
205
256
287
171
288
254
200
288
174
240
217
291
205
206
200
282
205
225
259
257
174
208
234
219
205
254
268
171
200
234
313
225
254
200
200
203
174
288
183
222
240
234
262
288
205
206
225
200
254
200
171
254
270
228
272
288
187
205
273
315
240
304
234
203
216
292
171
224
244
203
255
257
174
240
311
304
187
260
295
262
213
294
229
278
198
235
220
225
304
257
389
244
231
235
317
231
316
205
320
174
260
200
171
239
373
337
299
171
242
257
225
205
164
173
171
288
300
254
286
259
225
312
209
224
174
217
225
259
834
200
512
259
324
242
270
200
324
288
205
294
225
288
205
402
283
326
380
288
221
898
200
244
206
259
225
237
268
294
225
259
225
146
180
225
122
234
205
254
171
254
171
293
288
156
122
156
146
183
225
88
200
227
234
259
225
222
200
208
288
254
262
268
165
234
288
270
254
222
228
200
225
214
225
234
224
225
291
259
354
212
208
253
225
239
237
228
208
262
218
171
254
262
225
205
257
240
250
316
262
200
256
254
174
190
171
288
259
322
205
122
88
88
146
183
171
262
240
222
242
250
221
275
235
329
260
212
187
310
228
278
310
272
260
171
254
205
288
288
171
259
200
225
200
254
200
171
259
122
225
254
225
254
260
205
262
205
240
256
259
171
237
234
171
225
291
259
208
291
234
250
234
254
270
223
200
171
259
240
295
205
225
301
205
293
205
225
206
304
237
296
324
200
259
208
171
329
254
206
205
234
171
200
205
225
235
254
206
234
279
205
259
283
205
221
222
205
200
254
200
205
200
122
180
122
244
171
156
116
259
234
254
190
288
241
229
254
205
282
240
237
288
254
171
169
288
256
262
228
225
225
253
254
228
257
171
254
171
254
288
288
205
205
200
88
180
122
122
291
225
256
174
237
234
204
259
221
174
275
257
174
228
275
234
174
203
219
228
205
254
225
288
254
234
259
171
254
234
234
268
268
205
225
262
225
234
234
254
259
205
225
364
254
259
225
257
418
260
265
253
374
273
246
279
190
384
219
200
285
205
241
276
263
223
260
257
278
237
247
294
357
291
225
256
232
238
282
270
269
190
227
263
237
200
205
241
200
327
288
234
171
257
273
253
237
171
266
244
188
310
243
205
835
648
234
203
423
205
259
205
225
286
224
225
234
361
278
193
270
272
273
342
282
378
259
332
212
200
320
275
238
282
218
225
257
171
171
278
260
328
267
171
324
297
234
228
281
190
222
275
205
224
263
228
280
292
281
291
373
208
219
266
298
271
323
317
467
290
257
263
434
297
259
180
122
171
234
208
275
288
224
225
278
257
219
204
174
234
235
193
246
208
272
326
279
259
237
205
219
268
273
253
288
276
336
310
266
288
228
228
205
225
250
244
219
229
313
206
254
440
205
307
273
269
307
237
174
257
180
146
225
294
286
225
88
88
88
180
262
257
276
225
274
205
234
391
291
205
259
200
322
240
259
291
271
273
307
234
171
248
288
288
259
88
122
156
88
237
291
328
260
200
322
225
202
254
254
302
297
276
303
288
269
221
278
240
366
193
254
254
225
294
227
197
294
254
197
222
271
237
320
291
257
193
253
190
228
228
259
171
291
296
339
464
266
212
333
203
263
332
276
260
307
200
232
798
250
265
205
281
200
338
317
288
234
269
316
260
275
219
291
205
228
273
259
146
254
200
273
208
270
230
316
205
205
259
171
317
196
224
200
262
217
220
244
193
291
271
349
291
228
208
345
242
228
257
225
234
205
205
257
203
259
216
241
259
281
302
212
257
249
294
262
235
211
256
221
255
259
200
200
203
259
254
288
301
295
273
254
200
254
183
208
228
254
234
219
287
291
241
216
283
227
291
237
291
326
190
316
222
607
228
281
268
250
257
282
225
237
254
262
205
219
234
276
262
308
257
262
291
271
239
205
174
255
205
273
322
286
239
288
262
244
209
228
256
203
331
316
253
228
234
171
253
190
264
257
174
171
268
311
171
291
171
374
266
187
322
240
256
227
348
200
221
415
171
285
232
316
291
244
234
288
243
288
200
242
262
291
259
228
288
259
206
288
208
288
208
200
225
262
257
287
259
282
244
339
208
869
224
230
171
245
269
236
174
273
224
323
307
244
257
193
262
224
306
225
225
224
265
262
254
225
171
200
288
254
262
171
254
234
254
285
216
234
234
288
254
225
254
203
240
225
208
216
171
174
203
203
225
171
291
291
288
220
171
234
225
205
225
247
296
254
208
200
259
254
197
174
237
228
288
302
203
219
250
228
262
311
307
171
291
401
259
235
227
234
237
242
287
295
294
278
276
248
205
295
248
379
288
355
324
171
206
281
205
262
171
259
297
263
459
208
225
219
225
246
247
829
294
254
288
262
277
247
190
292
259
254
170
203
288
187
273
205
291
225
307
294
259
225
205
254
288
240
203
356
225
259
288
254
310
297
224
346
256
202
257
260
261
256
174
341
273
241
272
206
310
225
225
225
171
200
193
383
234
200
276
327
256
247
295
311
467
273
276
254
250
190
259
312
294
343
206
278
227
278
350
174
205
171
272
193
257
225
171
200
240
171
259
254
288
234
171
146
225
233
151
146
122
122
122
122
146
304
311
266
205
329
234
259
326
254
169
254
234
291
200
244
234
206
240
289
177
267
276
187
276
171
225
225
288
239
122
180
128
151
122
146
234
254
259
279
276
171
272
190
254
200
260
240
346
173
270
221
276
205
276
203
287
255
221
339
254
219
254
312
304
260
342
190
283
256
241
259
256
225
225
232
218
225
206
278
281
256
238
333
263
234
262
228
345
254
228
200
254
171
282
234
171
254
259
288
88
146
254
217
288
234
288
254
234
222
117
200
239
254
234
394
288
122
180
151
146
217
206
174
268
234
318
254
326
259
205
171
171
200
146
322
122
225
122
225
305
291
283
205
140
225
88
288
122
174
403
174
237
174
228
205
268
308
190
205
257
225
355
301
256
313
236
266
320
286
224
241
307
174
219
286
223
222
253
304
244
275
171
309
285
193
205
174
203
222
282
352
174
201
260
276
320
216
269
168
259
237
257
203
257
244
398
279
234
256
221
288
287
311
259
275
254
236
247
151
88
146
146
180
239
122
180
122
225
225
180
253
122
288
88
225
171
225
88
88
180
122
146
117
122
225
180
122
271
122
219
122
146
180
117
260
259
88
225
254
122
254
88
88
122
180
180
146
183
122
254
146
146
259
225
225
199
225
180
122
180
234
268
254
225
288
171
190
234
208
206
225
171
146
225
171
268
234
268
203
225
171
206
225
284
271
269
208
237
199
234
237
171
205
234
322
171
259
206
241
171
225
254
88
122
225
180
122
122
179
171
208
200
268
171
254
322
259
205
180
234
259
122
146
180
225
268
152
171
294
146
122
180
171
88
254
225
239
261
88
259
244
203
291
423
266
205
205
86
288
288
205
208
200
259
225
225
270
235
259
205
224
146
174
262
259
238
225
122
122
122
254
225
171
205
122
122
121
258
122
122
88
122
122
145
260
288
171
205
88
243
305
234
271
225
171
254
324
320
234
205
190
260
171
335
231
253
259
288
282
234
200
200
200
254
234
205
254
288
294
171
294
241
243
225
190
171
291
292
276
282
205
262
205
259
180
149
146
122
151
237
146
122
185
288
234
205
246
259
225
200
288
234
152
180
260
254
234
200
357
257
241
273
253
225
193
289
286
183
288
234
567
225
254
234
254
268
288
254
254
288
146
451
200
291
234
254
274
239
146
234
224
358
288
304
288
278
257
221
236
201
274
249
193
352
288
288
228
222
221
205
205
203
259
259
305
205
205
243
246
254
122
180
121
254
244
421
281
254
200
171
287
151
961
82
122
205
250
374
257
260
303
234
278
237
225
260
128
225
254
240
205
247
297
288
225
122
180
254
234
288
237
237
288
225
277
225
225
273
259
254
558
205
270
297
212
222
248
228
363
281
190
221
239
200
293
312
193
310
234
171
234
219
262
200
318
270
199
171
280
203
254
171
171
171
171
225
200
259
203
259
203
225
200
174
257
205
279
206
183
288
200
270
171
209
208
171
264
205
171
254
205
203
200
234
205
288
228
234
223
208
205
257
205
288
225
254
288
205
288
294
244
243
193
244
244
258
174
259
259
259
260
342
219
171
300
171
247
225
254
294
255
848
328
227
250
1089
257
254
234
200
200
206
254
250
171
254
234
183
206
214
250
171
300
259
200
208
200
174
171
225
253
200
259
259
171
200
260
200
203
262
254
289
250
288
367
266
295
310
241
254
259
205
288
227
294
254
279
211
225
288
293
225
228
291
288
242
257
260
262
259
304
225
224
200
254
200
208
279
228
329
228
262
174
259
259
174
216
203
174
171
256
312
225
253
205
288
225
281
251
257
190
272
287
254
203
219
200
288
288
270
200
304
224
251
259
234
262
234
259
240
208
234
203
208
228
262
254
205
288
254
259
205
216
259
205
171
262
183
205
171
171
205
419
171
225
225
225
225
234
250
234
208
225
259
170
205
262
171
240
259
205
254
228
200
254
225
225
254
225
174
254
313
259
187
171
402
243
228
234
259
259
200
262
208
200
313
174
288
259
234
288
234
307
262
203
259
254
259
256
194
262
205
250
291
257
205
200
203
259
200
209
294
249
234
211
252
304
282
224
283
446
187
208
286
302
224
227
276
190
200
225
174
165
238
259
246
209
259
203
263
237
251
288
291
205
259
203
365
216
234
293
222
259
205
200
313
244
288
262
291
174
225
244
200
288
234
171
234
256
200
259
259
207
237
278
308
203
205
173
225
288
259
259
208
254
200
205
238
289
238
235
326
174
245
303
298
310
225
254
88
171
234
259
180
294
146
180
196
122
254
288
259
206
225
259
254
122
88
88
122
254
122
259
122
205
244
263
200
237
403
259
271
288
254
208
259
259
259
288
288
225
200
270
259
250
205
225
254
294
225
237
308
254
203
288
262
208
316
208
205
171
270
174
234
228
288
244
234
288
257
208
206
259
174
221
287
244
240
331
259
200
88
288
146
189
146
122
225
233
278
225
259
241
203
295
292
200
244
326
304
206
300
265
222
244
307
216
200
171
234
259
206
225
225
288
208
205
237
200
151
180
122
180
180
259
234
205
234
205
225
237
205
262
294
200
205
240
259
259
205
259
291
170
234
234
254
288
203
270
259
288
279
225
205
288
259
259
291
262
234
174
237
208
174
291
200
171
250
288
259
288
307
259
262
171
237
281
330
307
206
171
288
200
200
234
240
234
244
203
205
260
171
225
259
180
180
146
225
206
200
187
122
171
254
225
203
205
288
221
259
288
171
259
254
254
225
171
200
336
250
292
237
225
203
228
237
171
241
203
262
223
171
288
228
254
241
288
146
146
180
146
259
171
237
270
200
171
278
225
275
323
171
256
225
250
334
200
239
225
215
234
234
204
250
183
254
203
234
259
205
254
205
200
200
234
254
205
288
291
254
257
200
206
259
200
250
259
234
291
225
205
254
262
205
1062
250
238
253
257
247
270
232
262
257
227
190
273
199
190
253
240
256
225
326
288
208
307
318
262
228
269
260
193
205
237
171
234
291
234
307
228
200
310
329
228
288
237
536
171
273
237
205
228
171
237
243
222
294
336
202
268
203
254
203
234
238
310
269
276
550
235
380
255
225
322
228
346
274
373
306
259
265
328
269
250
292
288
240
225
294
208
207
260
365
283
314
342
171
336
331
240
307
285
225
259
190
193
208
257
296
379
200
260
325
291
219
307
187
231
193
317
288
254
281
238
254
122
156
225
278
262
237
205
288
258
174
291
273
288
270
260
276
168
228
200
237
304
225
234
206
225
171
234
289
262
254
269
254
219
260
291
247
275
214
250
247
200
222
422
273
268
285
390
225
243
250
325
355
254
200
259
242
278
288
237
268
200
88
183
180
254
270
275
297
257
206
312
326
260
314
223
225
225
254
171
225
200
642
228
325
200
171
205
294
200
259
259
122
122
122
241
275
326
171
171
234
259
190
258
237
279
280
311
235
404
263
174
304
253
327
308
287
254
171
240
297
171
288
310
220
239
282
234
222
234
250
262
204
208
365
228
224
286
288
244
171
250
612
300
263
193
332
171
419
272
284
187
261
241
205
256
292
225
234
342
291
254
239
275
251
208
222
266
206
310
308
258
257
254
259
234
274
224
206
203
282
227
257
237
234
171
227
297
237
282
225
302
257
219
253
174
278
225
205
273
203
274
257
256
187
262
206
245
282
286
262
276
224
202
270
304
212
285
237
259
206
694
237
411
225
278
234
294
205
171
298
259
171
205
259
171
219
259
254
240
208
294
174
254
289
305
174
275
200
243
228
205
200
433
456
221
291
288
266
282
257
205
253
208
206
266
237
324
262
225
208
243
257
262
260
219
311
288
232
234
253
225
254
291
253
221
206
244
291
307
348
208
262
243
276
251
321
205
187
202
262
259
254
262
242
224
288
259
310
205
307
225
281
297
298
263
222
202
294
432
316
265
200
244
287
241
303
216
392
234
174
288
205
200
234
254
237
254
248
294
171
288
174
171
295
257
234
257
203
236
208
289
244
259
228
219
225
288
274
253
320
262
174
206
240
320
330
227
323
277
247
285
190
227
259
216
272
234
200
200
288
228
228
171
259
254
254
254
200
205
288
225
268
225
171
234
259
225
259
240
259
200
228
254
205
237
174
257
200
254
205
174
228
228
288
234
350
254
200
225
262
208
254
250
288
216
225
208
288
254
234
208
313
228
279
222
225
262
200
224
304
360
259
237
187
254
247
364
310
206
319
241
354
203
287
263
257
273
171
313
281
254
288
259
200
474
228
344
205
300
225
200
190
259
402
205
278
225
234
280
234
309
296
243
276
304
273
237
281
677
254
234
208
283
254
225
228
260
308
200
171
273
171
241
205
237
205
205
234
363
276
266
257
190
228
256
326
317
326
238
187
257
282
224
234
359
234
260
200
171
276
227
406
306
355
203
276
253
216
283
278
297
317
310
224
244
291
259
212
259
262
331
259
302
247
257
278
292
225
246
225
266
200
171
171
205
260
225
234
322
294
254
268
146
259
122
128
122
122
122
259
122
88
222
342
282
424
254
205
324
206
171
250
200
205
259
282
316
310
280
316
269
265
292
346
272
171
254
259
88
122
122
156
119
146
146
88
254
222
237
208
208
225
174
171
317
207
254
183
238
292
174
171
174
247
278
241
291
251
254
259
200
418
244
240
269
275
193
320
345
241
253
278
320
225
171
204
251
274
230
209
276
221
319
225
225
237
225
281
187
289
240
307
298
205
266
234
88
225
293
146
205
162
259
288
174
205
206
237
237
237
200
225
288
156
180
253
180
180
146
122
88
270
205
225
268
259
259
190
314
258
259
171
202
288
152
239
146
146
288
88
310
190
250
270
205
288
128
225
146
216
254
234
224
292
237
641
225
206
344
190
222
209
300
234
304
233
333
240
205
247
291
285
297
291
292
257
307
273
235
291
279
250
273
286
247
297
291
266
217
275
259
171
238
205
256
222
698
278
174
374
541
359
171
289
295
263
187
332
304
243
272
254
241
239
225
193
285
216
304
180
122
254
225
88
146
225
122
122
259
225
151
122
291
205
180
225
254
180
88
180
180
180
88
180
146
146
122
225
225
122
288
128
254
180
122
281
254
122
225
146
183
180
162
225
151
122
146
122
225
225
146
225
122
122
122
122
225
122
225
122
234
234
219
288
200
171
225
234
171
254
234
288
240
122
268
171
288
288
88
268
268
293
288
259
228
452
200
171
225
259
259
240
171
288
311
225
234
171
171
200
259
239
88
254
183
322
180
259
149
180
288
259
254
254
259
234
259
288
288
88
180
122
214
254
180
205
322
322
225
88
180
82
180
288
288
322
122
205
88
88
171
254
259
352
257
247
234
234
268
225
183
259
288
225
295
279
237
257
921
288
259
180
88
200
208
205
288
180
122
122
151
152
259
234
237
122
122
88
180
205
122
122
122
156
254
282
254
205
271
225
243
300
254
219
260
240
260
310
285
205
234
174
171
200
298
253
327
171
234
225
234
171
200
254
225
171
225
259
260
234
200
259
225
236
209
212
259
275
305
308
237
309
174
225
225
180
122
200
122
162
234
225
122
88
122
200
200
225
288
293
171
200
122
122
254
268
288
234
208
344
291
466
262
225
234
262
277
275
225
200
216
203
259
200
225
219
171
288
322
239
88
205
152
259
171
171
205
292
254
151
293
260
203
262
234
225
225
222
317
407
174
241
246
413
206
262
203
245
206
273
206
171
200
217
265
263
171
288
347
291
288
122
122
88
200
292
269
275
200
225
171
171
146
122
122
122
233
383
244
233
241
300
171
262
234
225
240
293
259
171
288
146
257
234
324
271
122
87
122
208
225
254
267
237
171
401
234
234
219
225
288
241
171
203
291
253
275
269
339
263
253
241
297
239
259
304
254
311
205
268
272
263
221
225
310
187
276
250
203
283
228
208
254
171
171
205
225
234
205
259
171
286
205
228
254
208
279
200
187
203
200
200
205
259
291
228
259
259
254
225
259
254
254
288
171
234
239
234
294
307
254
288
205
288
228
205
225
205
239
262
200
174
265
206
252
234
275
272
284
308
291
244
260
208
233
222
174
262
241
336
307
270
171
398
291
244
260
208
242
253
225
205
208
259
254
259
256
225
225
200
250
171
254
234
200
288
205
262
171
200
225
202
171
257
225
171
225
234
257
288
228
288
217
225
174
263
204
216
300
208
481
209
257
283
275
250
203
291
310
288
171
171
206
244
288
171
208
200
278
288
279
200
205
221
297
205
291
288
237
250
225
240
254
208
254
190
288
200
286
171
190
221
237
332
275
421
332
216
190
399
292
259
224
263
336
379
262
262
299
235
227
254
234
200
288
259
205
206
171
171
254
208
170
234
254
205
171
205
259
208
168
250
234
288
225
225
205
254
200
240
237
262
225
259
205
200
208
253
254
205
342
205
259
205
205
225
200
200
203
228
257
205
291
203
262
288
260
257
171
288
234
221
254
288
237
205
310
208
254
291
171
205
171
262
171
228
174
225
200
205
225
257
190
244
171
262
234
225
211
203
234
171
234
234
275
225
209
228
174
291
203
257
307
278
359
190
275
244
254
232
250
241
262
259
279
208
257
203
187
229
171
199
225
187
272
237
237
262
193
177
216
413
287
224
281
254
341
280
263
165
311
400
200
234
205
244
257
282
224
259
272
237
275
291
199
225
228
208
307
397
288
221
200
294
275
254
250
208
244
255
311
271
205
200
256
288
247
298
192
297
381
288
228
291
300
255
265
318
288
225
287
206
205
203
205
234
146
122
146
151
171
225
288
174
183
288
259
225
122
122
88
225
266
268
122
234
313
289
205
228
270
270
259
216
208
171
225
171
174
208
248
189
288
208
307
200
259
234
254
254
256
171
291
224
262
171
203
225
259
260
291
171
288
174
171
234
174
200
219
253
254
250
259
234
279
268
304
171
200
254
259
171
171
225
180
88
180
180
117
183
310
273
253
227
323
222
190
485
284
185
297
294
273
193
303
288
257
288
225
225
234
171
288
205
254
205
200
234
171
171
322
180
171
180
180
205
268
288
254
288
208
200
171
257
254
259
288
217
288
224
259
225
208
206
171
171
248
234
254
171
203
225
307
258
259
205
288
237
240
288
222
284
225
254
225
262
250
291
316
234
234
293
374
234
254
237
273
237
203
234
266
205
254
171
260
255
200
190
276
208
288
234
259
86
149
294
180
88
225
206
205
254
122
259
205
205
171
256
288
281
294
225
234
171
294
288
225
288
259
208
228
291
273
288
310
276
282
237
187
200
200
254
171
259
270
219
260
171
259
122
85
88
146
262
237
234
262
254
225
270
204
270
200
337
234
234
270
218
317
263
171
177
294
205
171
259
259
234
259
171
234
234
205
291
256
205
240
205
234
288
260
260
260
234
288
254
288
190
200
239
323
254
224
292
275
237
228
315
171
225
171
317
286
237
244
254
254
237
193
275
190
262
253
224
212
313
253
238
257
282
266
259
294
259
203
270
241
224
288
239
291
284
200
203
254
275
256
252
254
291
276
228
250
205
248
259
225
360
350
193
359
254
236
200
171
234
231
285
250
244
335
294
331
311
372
329
375
260
359
190
276
224
273
215
266
279
228
259
228
282
288
242
292
310
308
288
177
205
225
361
254
244
243
200
293
200
219
297
171
304
298
577
311
256
260
272
254
253
329
365
282
200
353
294
279
293
234
88
156
259
225
259
257
259
259
278
206
320
221
234
304
257
249
243
200
326
225
259
262
288
200
171
234
291
254
247
271
224
216
228
200
257
203
216
307
207
205
287
355
193
288
257
227
258
234
276
171
323
275
174
237
228
180
122
225
228
206
228
151
125
162
180
174
253
250
237
320
336
208
257
376
200
171
225
254
240
200
171
273
198
244
257
171
291
254
205
205
151
122
146
122
401
252
283
268
294
273
174
307
171
200
212
301
208
174
364
307
234
242
317
209
329
200
254
254
254
458
288
288
228
253
200
240
273
273
250
174
205
237
395
253
247
322
171
316
291
250
318
203
259
364
171
227
260
273
480
234
275
246
260
260
294
200
291
309
250
298
259
275
266
239
242
219
174
394
208
242
193
415
151
260
234
247
253
250
295
294
234
174
254
219
288
310
288
174
270
273
262
305
255
171
200
200
228
264
174
322
295
216
187
260
254
200
257
291
219
181
222
171
254
270
257
291
203
270
335
174
287
229
222
171
219
250
254
288
254
206
332
239
288
254
228
316
260
260
208
253
254
200
288
221
253
350
346
275
216
190
254
203
260
205
224
577
225
323
208
448
234
216
308
228
303
297
291
222
257
254
291
225
263
258
200
219
257
289
224
206
171
305
244
244
225
224
257
291
273
208
203
244
241
212
254
247
272
224
291
320
205
254
203
218
259
205
268
208
237
208
254
273
278
215
325
307
308
244
296
288
244
407
255
294
238
328
224
224
225
205
171
257
288
254
205
225
225
205
293
310
288
203
228
205
254
206
200
322
174
250
259
262
177
253
208
282
240
262
311
228
270
257
289
200
316
242
273
190
224
247
200
273
266
242
171
237
259
288
225
257
203
234
200
254
254
288
259
205
205
296
254
234
225
234
174
259
200
262
259
234
240
225
225
225
254
205
187
234
257
274
208
205
171
225
203
288
174
225
262
234
171
259
259
294
236
171
206
234
208
288
270
228
259
307
203
205
225
278
259
208
278
289
316
305
237
367
174
279
216
364
261
243
225
209
208
253
310
265
259
222
234
257
177
253
229
234
271
285
256
259
234
307
254
285
285
288
234
304
509
276
171
238
224
200
244
200
269
225
254
200
290
241
393
254
337
260
254
288
254
259
291
271
203
259
234
171
171
263
212
260
278
228
286
291
298
240
294
203
348
244
215
331
212
225
275
171
238
205
219
222
313
309
253
200
208
295
324
253
269
332
244
307
310
272
278
288
259
273
325
313
260
310
285
208
262
234
306
244
346
254
288
171
174
225
254
288
205
205
234
225
200
240
122
225
88
254
122
116
122
122
88
186
316
257
288
190
225
259
291
260
288
183
288
214
234
291
219
219
203
339
235
235
291
269
371
171
239
254
254
88
122
180
122
88
128
205
288
208
332
231
288
200
291
254
291
256
228
202
276
234
205
273
291
237
259
237
171
237
205
273
294
225
276
486
470
208
212
200
310
292
190
326
224
259
254
200
253
273
276
208
291
244
171
219
244
225
237
281
413
206
205
304
448
234
737
254
328
239
225
288
234
254
225
288
225
200
234
259
268
205
322
288
225
205
186
146
122
122
88
180
122
268
282
171
239
205
254
234
200
232
200
225
200
288
146
88
293
322
288
259
229
234
304
227
259
259
88
122
239
272
272
228
256
298
295
225
200
345
276
206
234
205
258
244
228
257
278
216
240
345
331
249
216
279
273
225
271
225
288
282
269
219
259
270
278
345
260
288
299
317
365
250
332
289
291
216
287
247
306
295
338
313
171
275
427
318
251
331
273
243
212
289
216
248
307
219
259
254
222
