0.00338511
0.857504
0.00608281
0.00930266
0.00490264
0.00979209
0.0162205
0.0053434
0.00317986
0.00279957
0.170413
0.844491
0.0228242
0.00227488
0.393101
0.00270444
0.00167201
0.0602479
0.015248
0.699434
0.00214582
3.23868
0.00512227
0.0131199
0.00900489
0.00313052
0.00179027
0.00676643
0.213403
0.014564
0.0085799
0.00180162
0.0466171
0.00446257
0.00233674
0.00284235
0.00686854
0.00412555
0.586955
0.501379
0.00153853
0.39247
0.165702
0.0296882
0.0113976
0.00462992
4.48171
0.00138242
0.00504836
0.00703358
0.00117946
0.0720803
0.010782
0.00357855
0.00622744
0.0339851
0.00447087
0.430231
0.0147706
0.021289
0.00926237
0.404108
0.0159992
0.00423494
0.00550442
0.00183391
0.162669
0.0545248
0.0264783
0.0119663
0.0102123
0.327887
0.00122135
0.00811434
0.0353332
0.00343307
0.0107631
0.000954339
0.0024612
0.0117412
0.0813623
0.00245815
0.00114158
0.0913524
0.00635014
0.59996
0.00353815
0.0325393
0.0633942
0.00239504
0.0173559
0.00271747
0.00241847
0.0888676
0.00787371
0.00268475
0.474872
0.0307718
0.0674024
0.00250694
0.415939
0.00387201
0.202595
0.00703916
0.00688293
0.0193194
0.00425169
0.00649932
0.00616477
0.394634
0.00151029
0.00182171
0.405394
0.010213
0.0127621
0.340908
0.00227682
0.541003
0.0273352
0.899373
0.00454521
0.0140971
0.0453719
0.0357651
0.00910134
0.0157781
0.00322299
0.561125
0.00310971
0.142494
0.0873138
0.255094
0.00783174
0.0208626
0.0644285
0.159959
0.00379161
0.00133303
0.011864
0.00700942
0.116817
0.00567955
2.92169
0.0111027
2.80633
0.0639233
3.1564
0.680607
0.0278084
0.309813
0.173467
0.00632659
0.106914
0.361273
0.00150449
0.119328
0.00725671
0.0894194
0.00538957
0.134736
0.0069822
0.0315839
0.00490009
0.00358149
0.0658634
0.0166716
0.00580173
0.170865
0.00635675
0.0213815
0.00117977
0.00353861
0.0099343
0.0345759
0.00450422
0.00554306
0.125868
0.0323786
0.102541
0.00308928
0.488285
0.00409525
0.00664013
0.00996899
0.00554484
0.25058
0.00634099
0.00214799
0.245471
0.0088848
0.229744
0.00556671
0.0017578
0.131235
0.00824915
0.00381359
0.00952535
2.33921
0.00296988
0.00870408
0.0588363
0.00840661
0.0108092
0.057877
0.166546
0.00414566
0.488518
0.0241804
0.0708163
0.00351218
0.00140995
0.00478186
0.0108214
0.0841075
0.0106679
0.00439964
0.322207
0.00318063
0.0178723
0.0710286
0.00154061
0.00748135
0.11305
0.0164997
0.0039792
0.00988654
0.00518644
0.0223075
0.0131793
0.0140779
0.00502648
0.0062331
0.436524
0.0297178
0.0105915
0.0088666
0.134908
0.134429
0.126127
0.14314
0.0986906
0.00307013
0.0030772
0.990067
0.00167083
0.00416773
0.00335847
0.00161253
0.00382366
0.00438106
0.00617007
0.00274685
0.00475772
0.00893474
0.840968
0.00907303
0.00620154
0.00444983
0.00394623
0.00590769
0.00684733
0.00644959
0.0013207
0.00108057
0.00923118
0.0264361
0.00909848
1.45263
0.00743108
0.00235239
0.000252655
0.00534521
0.00491537
0.00605442
0.0096582
0.00541913
0.00465084
0.00762036
0.00766267
0.00280189
0.00389307
0.00749401
0.00350209
0.0123834
0.00985754
0.0240597
0.0350476
0.00379991
0.126348
0.00925157
0.000869509
0.0260802
0.0958283
0.00437339
0.0241043
0.00188237
0.00444621
2.24189
0.0546846
0.00427276
0.426089
0.246419
0.0337625
0.0126318
0.00197772
0.00445859
0.00245985
1.07154
0.00119561
0.0507815
0.00782713
0.544179
0.168298
0.0345597
0.00213196
0.0304218
0.0124264
0.00182736
1.19193
0.0032709
0.130637
0.0035469
0.167367
0.224224
0.00251947
0.0172062
0.00184956
0.00210883
0.0076733
0.00532817
0.286946
1.20807
0.235012
0.000521891
0.0012394
1.39076
0.00210162
0.15947
0.00592711
0.0102252
0.752666
0.0153894
0.0197701
0.602228
0.578553
0.0125272
0.0588899
0.00728201
0.0094464
0.108424
0.0612873
0.0143105
0.129754
0.00412623
0.0159015
0.0206998
0.00796489
0.40077
0.033838
0.0262973
0.00997229
0.0119335
0.597668
0.00369479
0.00416482
0.0231344
0.00673057
1.4506
0.843412
0.00367754
0.10278
0.00288322
0.00635771
0.12174
0.041685
0.031189
0.0127993
0.0100963
1.05543
0.158871
0.0267616
0.293131
0.405086
0.290098
0.275221
0.00929813
0.0495631
0.0636245
0.00980601
0.00849265
0.222126
0.015198
0.278438
0.329319
0.0253663
0.00216105
0.0421059
0.00897596
0.0045808
0.0317829
0.0151156
0.420411
0.262132
0.00251115
0.0229759
0.025857
0.0321698
0.0136843
0.0119248
0.0140921
0.219767
0.0669003
0.0709033
0.0551327
0.204142
0.00789366
0.0142218
0.00242652
0.0131943
0.00474744
0.00402514
0.320183
0.217642
0.0784437
0.00642435
0.0104256
0.0014497
0.00895165
0.291377
0.182551
0.136868
0.00214318
0.00799238
0.00810096
0.0177172
0.00646978
0.0253117
0.00167693
0.0192075
0.00834986
0.00362565
0.00664954
0.0176107
0.0153236
0.00488894
0.0244876
0.192594
0.0219077
0.0271967
0.00318991
0.00121411
0.42427
0.0195587
0.469157
0.00563575
0.0200387
0.296506
0.00507964
0.561722
0.022521
0.00491035
0.0019033
0.00353625
0.014891
0.00519746
0.00489521
0.00509688
0.00233882
0.00568744
0.0111682
0.00788406
0.0221143
0.00250153
0.00757126
0.0485046
0.0406062
0.0231093
0.00182449
0.0139298
0.00927492
0.00879076
0.00288056
0.0157565
0.00179091
0.0171578
0.0309272
0.0075258
0.00157765
0.00560435
0.00419458
0.0168079
0.00390659
0.00766021
0.0444009
0.0037194
0.00420538
0.00300355
0.00993977
0.00509222
0.0226332
0.00819816
0.00491459
0.0127281
0.003465
0.0072124
0.0219598
0.00890302
0.00917281
0.00716125
0.00472549
0.00931392
0.00578746
0.0152076
0.00447618
0.0140192
0.0144717
0.00216172
0.00664219
0.00343893
0.00562212
0.00365671
0.00571454
0.00226576
0.00457092
0.0303918
0.00537029
0.00238275
0.00105878
0.0189455
0.0132749
0.00349006
0.00753399
0.0153705
0.00597253
0.0190539
0.00155706
0.00158121
0.0070879
0.0127649
0.00216809
0.0117758
0.0050091
0.0028463
0.0127234
0.00900395
0.00483391
0.00318077
0.00366586
0.00501848
0.0133824
0.00820684
0.00555191
0.00489652
0.0148795
0.0162585
0.00212853
0.0090605
0.00663854
0.00591278
0.00712904
0.00169763
0.0113371
0.0162964
0.000962741
0.00225563
0.00942616
0.0182492
0.000636961
0.00857813
0.0231147
0.00607315
0.0155793
0.0022164
0.00320877
0.00688237
0.00489243
0.00133685
0.0049432
0.0123825
0.000733995
0.0203617
0.00587966
0.00530865
0.00981225
0.0138234
0.00688193
0.00369591
0.00180934
0.00270083
0.0125817
0.0143728
0.00848591
0.00339272
0.00505305
0.00248787
0.00528424
0.00717249
0.0148577
0.00711638
0.00866928
0.0110958
0.00379451
0.00274453
0.00679669
0.0027371
0.00586052
0.00467707
0.00664206
0.0023424
0.00235007
0.00251357
0.00511727
0.00342018
0.00164941
0.00317257
0.00397595
0.00666843
0.00730363
0.00287844
0.00791075
0.00223133
0.00468808
0.0170919
0.00279052
0.00374858
0.0056822
0.00434249
0.00388659
0.00128637
0.00388722
0.00180512
0.00356071
0.00182081
0.00272173
0.00611447
0.00453509
0.00278447
0.0027165
0.00278998
0.00377669
0.00424835
0.792247
0.00242002
0.00563925
0.00868773
0.0037881
0.011708
0.00336379
0.00346254
0.00364891
0.000887471
2.04196
0.00112162
0.00319374
0.00351546
0.00583808
0.00353635
0.00850239
0.00408495
0.00123544
0.00253199
0.0121938
0.0667098
0.0146279
0.368198
0.0148225
0.0011061
0.00395506
0.00609278
0.00324552
0.0518747
0.0184011
0.00222882
0.0353257
0.00257506
0.0618525
0.0434541
0.0208192
0.0197894
0.00418159
0.0663065
0.00334273
0.0782704
0.00931396
0.00439965
0.00719846
0.00343156
0.0222108
0.0312086
0.00272197
0.00393116
0.0346616
0.00110918
0.00334485
0.0863249
0.0297127
0.0339032
0.0383844
0.00363029
0.00268821
0.187432
0.00230273
0.00444695
0.0075497
0.00405207
0.00433966
0.0093842
0.0188814
0.0127915
0.0241081
0.0242295
0.00270531
0.0142183
0.0125665
0.0116627
0.0306723
0.0211407
0.00358605
0.00359546
0.0351248
0.00547589
0.0046183
0.0117851
0.00515849
0.00652877
0.00816311
0.0414988
0.0041926
0.0057067
0.00209598
0.00137129
0.117551
0.00275185
0.0089515
0.0364263
0.00783576
0.0190099
0.00857309
0.0820636
0.0060449
0.00255134
0.00328005
0.00983846
0.00676755
0.00507676
0.0169654
0.00415365
0.0081861
0.00397563
0.00357168
0.00375301
0.00365756
0.00382912
0.0044785
0.0868896
0.00368236
0.137267
0.00781364
0.00336226
0.0063808
0.145132
0.186172
0.0244826
0.0458702
0.00164404
0.0184068
0.0274104
0.0032465
0.0126955
0.0138792
0.0442567
0.00711007
0.0146483
0.00564662
0.00457867
0.00440557
0.0553091
0.00136569
0.0134469
0.00120452
0.00238033
0.000929232
0.00224099
0.0444976
0.00765542
0.00267089
0.0450283
0.215749
0.00507534
0.00706537
0.0188627
0.0128988
0.00188315
0.00342752
0.00626137
0.0288897
0.00515042
0.00226339
0.0122126
0.00311658
0.00590742
0.0206315
0.00676155
0.324465
0.00759525
0.229134
0.0650983
0.0114847
0.00718716
0.0162695
0.0566217
0.00643098
0.00141494
0.0361886
0.0135376
0.0290709
0.0024816
0.0247131
0.00611413
0.00233925
0.11038
0.0046601
0.00271956
0.00770044
0.0029628
0.00714625
0.0178325
0.00631133
0.00277338
0.00257724
0.0431712
0.00136796
0.00258215
0.00385275
0.30088
0.0150816
0.00919885
0.0707693
0.00531514
0.0247463
0.019906
0.00496872
0.00467164
0.00311456
0.00434716
0.0744886
0.127262
0.0137923
0.0125638
0.00314609
0.0263876
0.00471139
0.00511245
0.00837946
0.00604569
0.00380959
0.0409333
0.0024007
0.00358547
0.00353296
0.00891048
0.00349534
0.0586173
0.001461
0.00392235
0.00476325
0.00623118
0.00523895
0.00595174
0.00329967
0.00473613
0.00244755
0.00392289
0.00449691
0.00502551
0.0576348
0.00642972
0.00667501
0.88341
0.0256041
0.00925108
0.00302986
0.00495725
0.00747353
0.00492217
0.0068354
0.00553705
0.0110566
0.00161176
0.0711495
0.00731072
0.00116837
0.0241527
0.0309757
0.00272048
0.0118586
0.00171039
0.0595482
1.03741
0.00985941
0.00324972
0.00630021
0.00961113
0.00588767
0.00380871
0.00799073
0.00212423
0.00520956
0.00367594
0.0262858
0.00413655
0.0106
0.00469759
0.00224475
0.00123749
0.0225263
0.00268197
0.273084
0.0521415
0.00505203
0.00359109
0.0249704
0.00318018
0.409804
0.00637723
0.00763807
0.0104802
0.436429
0.250088
0.00268313
0.00157266
0.0079533
0.00931235
0.00737638
0.00615199
0.0377179
0.0207407
0.284782
0.0039087
0.0820103
0.00896561
0.193827
0.00308558
0.159372
0.638303
0.0019869
0.030009
0.074293
0.00404669
1.31743
0.0214725
0.0597046
0.00321417
1.1066
0.168785
0.051793
0.0801994
0.0300852
0.0149855
0.0121184
0.0134337
0.0230465
0.00228132
0.00372665
0.00294131
0.94376
0.0792476
0.00106489
0.00232329
0.0188364
0.0237025
0.0076514
0.0254659
0.00384656
0.0181897
0.0514211
0.023526
0.00721573
1.39052
0.0192971
0.711203
0.0200552
0.00728779
0.00487052
0.21264
0.00448134
0.00474643
0.0239152
0.0037132
0.135413
0.00254984
0.0444631
0.00587097
0.00658595
0.0254865
0.0102532
0.00762587
3.2504
0.0029717
0.00276046
0.0106299
0.0328475
0.0145186
1.25202
0.018063
0.0539684
0.0112164
0.00193093
0.00378459
0.00406495
0.00136166
1.1616
0.0110463
0.00902569
0.0113579
0.0213686
0.0147365
0.0154368
0.0600291
0.0199131
0.294282
0.0017157
0.0117797
0.0166454
0.0028522
0.00336669
0.00921426
0.0139425
0.0125327
0.0098565
0.0230753
0.00302771
0.0174514
0.0470178
0.0207176
0.0114929
0.00488728
0.00315768
0.00161232
0.00837815
0.0109573
0.00755251
0.0407339
0.0063437
0.0639566
0.0258742
0.0127478
0.00895145
0.0127583
0.0140312
0.00538647
0.00718464
0.00738463
0.00124005
0.0063732
0.00145247
0.0141201
0.00279465
0.00655279
0.000717283
0.013644
0.00362093
0.00371504
0.0253638
0.00978727
0.0194186
0.0102863
0.0160444
0.00182742
0.0137351
0.0127536
0.0141096
0.0243369
0.00720065
0.907351
0.00317886
0.00389323
0.00145892
0.00607712
0.00620368
0.014683
0.00434764
0.00184342
0.0067575
0.0134188
0.00179758
0.0019518
0.0107702
0.00323975
0.0105412
1.205
0.00907239
0.00856999
0.000767846
0.003573
0.00283337
0.0087696
0.00796952
0.0080227
0.00991819
0.0128503
0.0147148
0.00657378
0.00270535
0.00547677
0.0076654
0.00867694
0.00848779
0.0136236
0.00657171
0.00444445
0.00496682
0.810378
0.00500459
0.00711087
0.0100237
0.0065157
0.00487721
0.00423222
0.0041486
0.010704
0.0118354
0.0160149
0.00450408
0.0082611
0.0165626
0.00166612
0.0172559
0.00746152
0.00815662
0.767855
0.00223141
0.00963366
0.0109028
0.770012
0.00294646
0.018702
0.00499067
0.836241
0.219953
0.00981589
0.0097188
0.00912217
0.00513938
0.00447184
0.00798694
0.00344037
0.0148289
0.00295131
0.0348495
0.00654619
0.00612585
0.000831907
0.00129576
0.00623635
0.00315673
0.0298051
0.0117298
0.00110017
0.00442009
0.135579
0.00418326
0.0548674
0.0248009
0.00270339
0.00770352
2.4455
0.00730037
0.0634896
0.0125772
0.00074211
0.0153277
0.00348174
0.00415146
0.0133367
0.661122
0.00244326
0.0202544
0.188799
0.0122166
0.00345832
0.00323014
0.0188435
0.00382338
0.0110455
0.00755667
0.000706529
0.0127993
0.0959755
0.00063547
0.0173138
0.0246243
0.00484309
0.0594659
0.00292818
0.00206957
0.0231557
0.00184252
0.00818195
0.0213848
0.00163579
0.00563105
0.00421091
0.0237312
0.0385919
0.00251114
0.00260129
0.006681
0.00881519
0.00266681
0.00221682
0.00401929
0.00657897
0.00520845
2.40323
0.00474194
0.00463093
0.00282027
0.00241856
0.0162502
0.00516763
0.00473299
0.00106137
0.00184631
0.0153921
0.00234609
0.0072703
0.0219634
0.0050761
0.0111279
0.00247776
0.00432019
0.00259487
0.00422743
0.0231971
0.00318223
0.139209
0.0408813
0.00958765
0.0057375
0.00193236
0.00672068
0.00540325
0.0128231
0.00297319
0.00427871
0.0170288
0.00195626
0.00453966
0.0164267
0.189482
0.116822
0.13696
0.0682206
0.00228436
0.00914836
1.03435
1.5191
0.00197988
0.00787168
0.661104
0.00482282
0.235577
0.0296586
0.00342939
0.0756419
0.160694
0.0118354
0.0895615
0.00463689
0.0255771
0.219109
0.0688491
0.00494715
0.155638
0.0133993
0.0686316
0.00263438
0.0218154
0.535218
0.551111
0.188773
0.0987148
0.00240615
0.00485325
0.240825
0.179363
0.0102952
0.125702
0.129586
0.0191132
0.00233223
0.00354145
0.0151362
0.0410482
0.0138267
0.00371952
0.123537
4.43797
0.120673
0.00436246
0.239054
0.17275
0.0384607
0.00597135
0.0941631
0.00389727
0.27634
0.730791
0.0695549
0.221147
0.0135531
0.0797886
0.00101714
0.055237
0.18054
0.0222025
0.00277038
0.0101382
0.00107197
0.029239
0.389903
0.953432
0.132363
0.0145398
0.00362948
0.00235981
0.00191529
0.0156087
0.0106922
0.00359304
0.00323559
0.00305815
0.0040041
0.00390339
0.000829474
0.003298
0.00172764
0.00413799
0.00883955
0.0220163
0.0130579
0.0319554
0.229207
0.00320108
0.00260279
0.0182169
0.00823087
0.00399098
0.020973
0.0750061
0.00798891
0.00518245
0.00243067
0.00287646
0.00354058
0.0253239
0.00906069
0.424808
0.796829
1.85439
0.0281483
0.0291297
0.266159
0.334138
0.0774276
0.0236434
0.0244136
0.0110666
0.00335093
0.00573873
0.0165413
0.950646
0.100332
0.0867464
0.00413252
0.00520861
0.0235313
0.00251815
0.00562061
0.00617586
0.0138945
0.00389931
0.105967
0.0681299
0.0127802
0.00262168
0.187248
0.271613
0.151958
0.00212369
0.26781
0.0134958
0.240916
0.0465437
0.00717766
0.0891272
0.00434088
0.00661033
0.00076702
0.0651868
0.0194084
0.0179733
0.0109706
0.562178
0.00945985
0.0387011
0.0376767
0.018611
0.171868
0.00582011
0.0649993
0.806577
0.0110221
0.413789
0.012912
0.149074
0.317256
0.103791
0.00099373
0.0296667
0.00627598
0.0120911
0.041944
0.00893951
0.120572
0.0132012
0.0252519
0.0464992
0.551494
0.291926
0.0577856
0.00222996
0.0157283
0.00835999
1.89554
0.190789
0.150083
0.0120521
0.170955
0.0139094
0.267746
0.00350717
0.00280704
0.00530799
0.0106033
0.0555463
0.00832411
0.011988
0.0765928
0.0129439
0.00607429
0.248853
0.0294739
0.00941051
0.185951
0.0827451
0.0129573
0.313262
0.0103805
0.0339418
0.121074
0.0407192
0.00350392
0.0709253
0.00381709
0.00322529
0.0352168
0.0674005
0.00220923
0.0929402
0.00231722
0.0122231
0.132214
0.00648781
0.0124593
0.444043
0.00568252
0.00749346
0.062208
0.00833568
0.137656
0.010911
0.211322
0.0054804
0.484724
0.00294205
0.00255003
0.00216809
0.00281328
0.00704512
0.0103804
0.00934215
0.00240348
0.00454279
0.00430669
0.00551352
0.00944673
0.0132306
0.0144431
0.0019677
1.16654
0.0352471
0.00283124
0.00994127
0.0106847
1.74094
0.003239
0.00387261
0.00392734
0.00494674
0.000565049
0.00319737
0.0210989
0.0378026
0.0495571
0.0525627
0.041354
0.00417469
0.344245
0.245764
0.0594945
0.0476547
0.149432
0.0271182
0.0337552
0.185963
0.0189433
0.019888
0.0204577
0.00671838
0.0171378
0.0137346
0.00547984
0.0175708
0.0123985
0.00456866
0.00224999
0.0030726
0.00568675
0.00216874
0.00196239
0.00999785
0.00645834
0.00410538
0.0200048
0.00151228
0.00919229
0.00623718
0.0125716
0.0118998
0.00300648
1.37674
0.0135297
0.0194862
0.0267273
0.00274879
0.00878976
0.00103523
0.00867744
0.0125456
0.00150012
0.0143779
0.00119825
0.00518646
0.00373087
0.00853417
0.000898921
0.00489711
0.00485887
0.0104967
0.00122293
0.00394367
0.0177861
0.00234885
0.0141202
0.00463478
0.00637821
0.0175589
0.0124997
0.013299
0.00286972
0.00217146
0.00603318
0.267431
0.00283307
0.00789879
0.000830894
0.00651846
0.00302279
0.00989818
0.0108016
0.0354732
0.00318565
0.00251756
0.00657744
0.000739772
0.0179863
0.0254617
0.00737436
0.00635668
0.00273402
0.00819256
0.49402
0.0088736
0.444053
0.0166187
0.0148389
0.00548029
0.0128783
0.00884903
0.0142146
0.00689257
0.00222899
0.0127952
0.0142024
0.0123556
0.0129816
0.00823013
0.636305
0.0368686
0.00211331
0.0120561
0.00319739
0.0026475
0.00711501
0.0140808
0.00517128
0.00672191
0.0105405
0.0230153
0.00238981
0.0158807
0.151152
0.00975418
0.0186927
0.00506822
0.00687587
0.0111754
0.00966344
0.00717943
0.00402205
0.0103663
0.00423842
0.00583986
0.00357935
0.0112849
0.0160571
0.0256188
0.0251672
0.00336048
0.0133232
0.0105314
0.00652151
0.0163847
0.0124188
0.00342272
0.00122037
0.000783353
0.00132898
0.00631657
0.0194087
0.00412233
0.000622155
0.00270633
0.0121649
0.00639538
0.0108471
0.0104189
0.00293114
0.00141618
0.00337381
0.00541849
0.00738011
0.00595381
0.0127327
0.0109717
0.00138611
0.00528014
0.0116585
0.0224304
0.012235
0.00420735
0.015081
0.00484923
0.00619657
0.0141093
0.00239394
0.000919351
0.000701781
0.00508905
2.9793
0.010507
0.00672348
0.00277803
0.0144062
0.0023217
0.00558971
0.00335026
0.0076141
0.00330153
0.00192321
0.00642029
0.0117832
0.00512211
0.00706351
0.00421345
0.009932
0.00594038
0.00467667
0.0034506
0.00322648
0.0138931
0.0115599
0.0143282
0.00381224
0.00213573
0.00207291
0.00769695
0.00265527
0.00304609
0.00129462
0.0105946
0.00609379
0.00756014
0.0247917
0.00610131
0.00139766
0.00781199
0.00385002
0.00153513
0.00886152
0.00286022
0.00426322
0.0101462
0.00171443
0.00579382
0.0169088
0.00540693
0.0184586
0.0151731
0.00413597
0.00423964
0.00691426
0.00961551
0.0037135
0.00267096
0.0281949
0.00789614
0.00568365
0.00582448
0.00539648
0.00605847
0.00744034
0.00357803
0.00565991
0.010015
0.00250813
0.00553191
0.00194858
0.00299414
0.00617157
0.0066013
1.97547
0.0114971
0.00235161
0.00620325
0.00801413
0.00496258
0.00382585
0.00508769
0.00196201
0.00483536
0.00646466
0.00311397
0.00299063
0.00237757
0.00378606
0.014219
0.00492183
0.00635154
0.0157287
0.00548743
0.00745538
0.0117303
0.00745249
0.00385303
0.0147816
0.0103077
0.00130776
0.00679393
0.00527791
0.0133252
0.0033019
2.26605
0.00906049
0.00288747
0.00556487
0.00809406
0.00502255
1.01461
0.00362894
0.00473936
0.00411988
0.00611745
0.00436869
0.00423892
0.0128515
0.00359279
0.00571158
0.00584234
0.00215424
0.00498341
0.00598591
0.00221759
0.00491541
0.00184395
0.00485686
0.00308388
0.00639396
0.0070268
0.00485143
0.00449314
0.00263004
0.00354337
0.00826634
0.00390632
0.00665121
0.00563885
0.00583531
0.00596516
0.00644225
2.13176
0.00630512
0.00707355
0.00456628
0.0036409
0.00507673
0.0033337
0.00844167
0.00269514
0.0043847
0.00691303
0.0011735
0.00580498
0.0231563
0.800832
0.0116476
0.00178066
0.00198729
0.00625987
0.00309232
0.00514543
0.0172387
0.00210796
1.60777
0.00203841
0.0109588
0.00639219
0.000873173
0.00200473
0.0125898
0.00620952
0.0162546
0.00806546
0.00387339
0.0270354
0.00250129
0.0163098
0.0270145
0.0133621
0.00248368
1.74024
0.0254575
0.00318459
0.540461
0.857684
0.00193124
0.0041908
0.00230806
0.821311
0.00115465
1.24761
0.00413125
0.0194747
0.00133481
3.81378
0.0359844
0.00946602
0.00120475
0.00256925
0.00751469
0.00721441
0.0142671
0.0127692
0.00801111
0.00858194
0.00611225
0.00364009
0.0143278
0.00219141
0.0172624
0.00444687
0.00513975
0.0055466
0.0053148
0.00335819
0.00845966
1.03513
0.0100966
0.00200786
0.00341541
0.00265104
0.00808424
0.0111178
0.00470582
0.424264
0.0077605
0.013777
0.0106169
0.00335213
0.00458137
0.00513352
0.00679793
0.00617387
0.00196641
0.0193211
0.00957397
0.00455893
0.0345219
0.00220097
0.00196916
0.680724
0.00161368
1.08684
0.00738587
0.0168693
0.00759805
0.00679812
0.000290063
0.00431277
0.909131
0.00478131
0.0024466
0.619888
0.782115
0.00710833
0.00355793
0.0192432
0.00563813
0.0245155
0.00582819
0.00239379
0.266033
0.0202791
0.011253
0.00551817
0.00232911
0.0230939
0.000898873
0.00915122
0.00670754
0.0229599
0.00538626
0.0303999
0.00477193
0.00281381
0.00140279
0.0163774
0.0113619
0.00314178
0.0148954
0.00806488
0.002596
0.0154481
0.00300903
0.0272739
0.00218838
0.00518805
0.00384345
0.00426991
0.0057972
0.0140976
0.00713053
0.42952
0.0120866
0.00897936
1.09356
0.00730436
0.0043381
0.967313
0.00398273
0.00426084
0.00224999
0.0194739
0.00963651
0.0038441
1.38276
0.0117111
0.00540928
2.87593
0.0029636
0.486817
0.00334129
0.00721588
0.00609249
0.00343127
0.00296555
0.00145894
0.0107551
0.910965
0.00651141
0.00895915
0.00502954
0.00701899
0.0108342
0.00383844
0.00302883
0.00562445
0.023074
0.00415233
0.00628888
0.0100628
0.00414012
0.00426138
0.85665
0.00527921
0.01138
0.0102782
0.00135405
0.0174455
0.017824
0.0118921
0.00863658
0.00212591
0.581214
0.0054365
0.00197466
0.00689084
0.00739018
0.0231126
0.00510775
0.00809237
0.0229681
0.0115079
0.0249213
0.00142164
1.5553
0.00205856
0.00391762
0.0131249
0.00462237
0.0107304
0.00885179
1.04307
0.00533483
0.00474271
0.00514584
0.00674289
0.00610778
1.06501
0.00897469
0.00522128
0.00132161
0.00393703
0.00229109
1.03536
0.00856689
0.00270334
0.0076396
0.00365221
0.00384158
0.862346
0.00459748
0.00098944
0.00331637
0.00460461
0.00454225
0.00444146
0.00649902
0.00582992
0.0262447
0.00472668
0.0116799
0.001195
0.00800143
0.00801286
0.0240505
0.00534029
0.00172538
0.0108814
0.002757
0.00407564
0.245253
0.54123
0.00936823
0.0082281
0.0009929
0.148724
0.00239472
0.0727774
0.0304892
0.0021248
0.0149416
0.0482391
0.00844836
0.142342
0.0159616
0.048873
0.0423554
0.0132488
0.00343228
0.185975
0.242201
0.00373625
0.0457626
0.520179
0.0718715
0.00577183
0.00413285
0.00646641
0.00993761
0.0068924
0.00267351
0.0897426
0.0140922
0.0943433
0.00698684
0.0290852
0.0125174
0.0159677
0.00465269
0.00873921
0.111484
0.0116959
0.0607802
0.00250803
0.0348444
0.00924009
0.00911677
0.026846
0.00954549
0.00318469
0.0234744
0.238922
0.00821964
0.00950884
0.00370844
0.00676918
0.00344562
0.00687855
3.41433
0.00588123
0.00595211
0.0315372
0.0541981
0.0923225
0.018391
0.0396462
0.00367696
0.0537355
0.0301071
0.0168236
0.00331655
0.00223602
0.0345585
0.00324296
0.00668977
0.0346787
0.00557021
0.0110292
0.00387073
0.00320871
0.0196073
0.00288694
0.0133669
0.00768703
0.00343128
0.0157691
0.0135324
0.00275009
0.0105163
0.00815515
0.0025783
0.00653098
0.0529223
0.0138321
0.00332327
0.0561181
0.00731668
0.0117044
0.00606307
0.0220564
0.00222401
0.00397836
0.00408964
1.45153
0.00913057
0.00397978
0.00744971
0.176896
0.00452855
0.00211824
0.0017434
0.00508708
0.00806041
0.00222485
0.00407993
0.00100568
0.00112292
0.00341851
0.0294792
0.00676066
0.00377471
0.0114485
0.0709443
0.00616409
0.00665697
0.00415164
0.00966057
0.00495455
0.0212034
0.0140826
0.00242405
0.0674478
0.00852406
0.0153547
0.273106
0.00281368
0.00776088
0.00122261
0.017229
0.050537
0.0162646
0.034222
0.02657
0.00373474
0.00652358
0.00405352
0.0100717
0.00637081
0.0041771
0.015052
0.00252667
0.00336961
0.0892206
1.50696
0.00292125
0.0129763
0.002817
0.0480451
0.00214756
0.00619431
0.00164582
0.0266869
0.00406872
0.0029871
0.0235522
0.00259906
0.00372394
0.00195185
0.0027997
0.00296485
0.00305126
0.004654
0.00114672
0.00401748
0.0109129
0.00191814
0.155402
0.0132618
0.0137065
0.00739854
0.0203759
0.277066
0.00360081
0.310417
0.00745084
0.00174967
0.00151172
0.0434875
0.0192558
0.00131561
0.0203264
0.0196498
0.124768
0.00672076
0.0121042
0.0167931
0.261493
0.154681
0.14937
0.00826635
0.00868784
0.00368015
0.0499184
0.318531
0.024759
0.00409738
1.03672
0.0318099
0.0441885
0.0066443
0.0169858
0.30436
0.0462576
0.00237289
0.00489645
0.00850345
0.00358302
0.0027348
0.0571307
0.776272
0.0298092
0.026654
0.0888001
0.523665
0.00913921
0.00298139
0.307751
0.002899
0.00448615
3.18076
0.00688124
0.0107914
0.00174057
0.0183125
0.00932533
0.00277178
0.00329214
1.33415
0.00385322
0.00565669
0.00320281
0.76786
0.00924124
0.0303038
0.00751295
0.00227544
0.00194848
0.0251863
3.23861
0.00666425
0.0146983
0.125028
0.624922
0.00175858
0.0036902
0.00549148
0.00313963
0.0033697
0.00661692
0.00478649
0.00142304
0.0014528
0.00868691
0.00233046
0.00421018
0.0130464
0.966816
0.0292809
0.01344
0.00614025
0.0619905
0.00497075
0.0189473
0.00435497
0.0300179
0.0043263
0.00225524
0.0236988
0.00155923
0.0142392
1.03313
0.0133822
0.0187836
0.000994172
0.00155802
0.636451
0.0144087
0.0129443
0.00361504
0.0028476
0.464727
0.00104748
1.49984
0.00300087
0.00649163
0.00474537
0.0064521
0.0056578
0.00369975
0.889691
1.62378
0.00269044
0.00574271
0.0162836
0.00359596
0.00513385
0.00734065
0.00548627
0.0212157
5.15678
0.00293634
0.00907448
0.00590948
0.00417621
0.0282866
5.19524
0.00499637
0.0106686
0.00226359
0.00501446
3.38242
0.71073
0.767289
0.00762724
0.0142963
0.00347318
0.00182531
0.00413945
0.00686093
0.0105064
0.00122885
0.00322778
0.001526
0.0072866
0.0039978
0.000965545
1.48232
0.00994908
0.00821823
0.131718
0.00319644
0.00332679
0.304808
0.0040575
0.00537729
0.481008
0.0124811
0.00664723
0.00639622
0.00883152
0.842346
0.00148515
0.00476184
1.17135
0.00367307
0.0716511
0.794847
0.00722647
0.0196555
0.147957
0.0042507
0.00353521
0.00134773
0.00468424
0.00981225
0.00690899
0.0102354
0.000313816
0.163644
0.0030941
0.00475446
0.00555713
0.109009
0.00448653
0.00653674
0.0338495
0.000870399
0.00805534
0.00393948
0.00959385
0.00361287
0.00685311
0.0160637
0.00238942
0.00190693
0.00499835
0.688587
0.00614726
0.00152536
0.00948582
0.00412349
0.00349299
0.00369336
0.011566
0.000581516
0.0150504
0.0030581
0.00943106
0.00346243
0.00192905
0.0029025
0.00441337
0.0041619
0.00303862
0.00681597
0.00337014
0.00163462
0.00363877
0.703093
0.00461938
0.0109639
0.00792789
0.0351106
0.00626022
0.00370773
0.015662
0.0137751
0.00374434
0.00667007
0.00124031
0.00260336
0.0223556
0.006335
0.00753544
0.00390424
0.00311349
0.00149849
0.00941623
0.00176815
0.00700376
0.00618192
0.00449248
0.00671524
0.00213185
5.77196
0.0113928
0.00560413
0.0044679
0.00845393
0.019212
0.0135384
0.00507487
0.00216981
0.0127672
0.00505497
0.00828363
0.0144089
0.0135228
0.0162861
0.00852106
0.0177885
1.10987
0.00755256
0.00314833
0.0068188
0.0154094
0.00747173
0.00221091
0.00939909
0.0142589
0.0183793
0.00454988
0.0029201
0.0201717
0.000704885
0.0373198
0.00191237
0.247687
0.0174144
0.0169112
0.00565015
0.00811394
0.0182676
0.0193715
0.00577623
0.00800789
0.0143055
0.00473108
0.00856611
0.0154021
0.00621959
0.0270763
0.00177483
0.00549874
0.0139675
0.00579012
0.0362197
0.0106275
0.0110067
0.0222392
0.0126394
0.0051428
0.00267124
3.3222
0.017709
0.00765876
0.00627049
0.0170516
0.0193451
0.0159388
0.00331517
0.0239332
0.0123851
0.0105763
0.00717251
0.00792398
0.0217035
0.0341091
0.0115457
0.00752769
0.0180589
0.000789335
0.0093333
0.0182015
0.00355311
0.0115355
0.00325958
0.0148027
0.00342223
0.0499144
0.00834868
0.0186003
0.00211215
0.00840952
0.01417
0.00583442
0.00809355
0.0187178
0.00189115
0.035341
0.00612208
0.00341068
0.00424531
0.0191759
0.00336169
0.0131085
0.0149862
0.00508875
0.0117
0.00905024
0.00824256
0.00931341
0.0268677
0.00317634
0.000789113
0.020856
0.00626112
0.0117924
0.00440933
0.00560008
0.00864107
0.000808941
0.00472799
0.00240028
0.0181418
0.0108364
0.0095811
0.0139819
0.00967012
0.00161323
0.00580922
0.00162467
0.0133352
0.0038604
0.00582644
0.00532608
0.009615
0.00113433
0.0038378
0.00090023
0.00777401
0.00158786
0.00697637
0.00380713
0.00423775
0.0134508
0.0166628
0.0010646
0.00550295
0.00837985
0.00364907
0.00497171
0.00598053
0.00184474
0.00411475
0.00341992
0.00260999
0.00926811
0.00400147
0.00729858
0.0141541
0.001954
0.0141516
0.00332868
0.00285677
0.00513818
0.00897355
0.00444122
0.00605594
0.0130934
0.00617024
0.00334119
0.00164121
0.00249733
0.0148552
0.00531429
0.00228357
1.39599
0.00868326
0.00726508
0.000462315
0.00541708
0.00358031
0.00243499
0.00424645
0.0883456
0.00606461
0.00382288
1.10225
0.00932369
1.49444
0.0106388
0.00674367
0.00394726
0.00558536
0.00554424
0.00367015
0.00678412
0.00637855
0.00464201
0.779788
0.00360838
0.0120712
2.13054
0.00579393
0.00203822
0.00206006
0.00569215
0.0106227
0.00640079
0.722019
0.00669456
0.00475874
0.00795093
0.0100189
0.00365302
0.00212176
0.00377212
0.00315928
0.00299652
0.00641189
0.0038649
0.00946154
0.000813429
0.010695
0.0059383
0.00777705
0.00837383
0.00151155
0.00748353
0.00365657
0.00539472
0.00532692
0.00225032
0.00580037
0.00748194
0.0113017
0.00213338
0.00434325
0.0135475
0.0207375
0.0108905
0.0244477
1.19581
0.00302741
0.0140591
0.00415731
0.00475972
0.00416824
0.0373321
0.0410853
0.00466431
0.589615
0.714539
0.0026709
0.013077
0.00947997
0.00204974
0.0238424
0.0067575
0.00706378
0.00674252
0.0279105
0.013765
0.0148151
0.0204145
0.00665117
0.0193716
0.0141435
0.022384
0.0178439
0.0198208
0.0189277
0.014686
0.0219481
0.0259589
0.0129824
0.00391551
0.0209228
0.0304918
0.00149884
0.0218176
0.0112473
0.0156498
0.00487623
0.00512981
0.022781
0.00248471
0.0217598
0.0230196
0.021648
0.00622046
0.0147272
2.69867
0.00527138
0.0144987
0.0109891
0.0201779
0.00045784
0.00452082
0.018338
0.00676195
0.00655191
0.0184886
0.00541843
0.0132242
0.0157493
0.0176092
0.0145242
0.00606799
0.00817618
0.0179917
0.00672655
0.00343119
0.0140469
0.00831671
0.00466236
0.00805935
0.0027737
0.0168967
0.00435309
0.00352496
0.00407067
0.0147603
0.00512398
0.00256778
0.014271
0.00299459
0.0154626
0.00237936
0.0197192
0.00813472
0.0199589
0.0197962
0.00392104
0.0153422
0.014786
0.0138757
0.00149497
0.0263102
0.0177887
0.00463794
0.00276073
0.00268099
0.016149
0.00453378
0.0062594
0.00279652
0.0065521
0.00372441
0.00812531
0.0199347
0.00556516
0.00474939
0.0208765
0.0165435
0.00643629
0.00530675
0.0154559
0.0107404
0.0134559
0.00424146
0.00712928
0.00530152
0.00529821
0.00505653
0.00725109
0.000490457
0.015297
0.00343082
0.00160309
0.0158819
0.0107423
0.0132318
0.00629802
0.0188738
0.0130668
0.00243724
0.00591141
0.0196788
0.00564138
0.00105367
0.0127971
0.0107174
0.00545594
0.0126419
0.00225583
0.00150151
0.00500935
0.00397472
0.014524
0.0172019
0.00595225
0.00471411
0.00614155
0.01754
0.00291581
0.0152582
0.00390266
0.0180499
0.0117915
0.00147069
0.00996156
0.00377114
0.00748187
0.00893126
0.00309562
0.00854266
0.00345978
1.00732
0.00359826
0.00814368
0.00481197
0.00377752
0.00135991
0.00242611
0.00311704
0.00320297
0.00418866
0.00888437
0.0146657
0.00153137
0.00162241
0.00227648
0.0150085
0.00944296
0.0420882
0.341917
0.0038856
0.00251157
0.135968
0.14996
0.0150763
0.0117099
0.0129675
0.00771232
0.0639938
0.0207076
0.0378141
0.00268607
0.0173912
0.00424457
0.00301481
0.00234841
0.0093538
0.00794309
0.168924
0.00179839
0.715491
0.596889
0.00654124
0.123923
0.392534
0.00481754
0.00942198
0.285796
0.123544
0.0961027
0.00825636
0.00666798
0.0262102
0.0312559
0.0358017
0.00147642
0.206378
0.199527
0.00717521
0.00152728
0.130577
0.00707119
0.572376
0.0214729
1.55768
0.309167
0.374039
0.0488823
0.0047463
0.0544638
0.00764732
0.255649
0.163654
0.00262794
0.203889
0.0030177
0.275952
0.0160123
0.0130545
0.00373213
0.0161739
0.0112441
0.0242351
0.00942007
0.0105588
0.00236476
0.833897
0.0998361
0.00360112
0.00569607
0.00644989
0.00323616
0.252247
0.0683579
0.0030625
0.00738947
0.00411821
0.00625008
0.0305781
0.0447356
0.00830466
0.00325776
0.00198026
0.00935585
0.00252466
0.0220343
0.00228455
0.00598339
0.0157847
0.0672134
0.00427536
0.0381895
0.00812008
0.0141351
0.00541302
0.0100071
0.00359773
0.0197091
4.2227
0.0170026
0.00411068
0.0223572
0.0704331
0.0117226
0.0109341
0.12755
0.00484607
0.0251374
0.00546954
0.00711322
0.00458376
0.00764875
0.0167
0.00914464
0.021021
0.0262996
0.00741639
0.00344609
0.00367983
0.00603044
0.00449406
0.0208629
0.0028159
3.17996
0.0318627
0.000822706
0.00803167
0.00185538
0.00512842
0.0403991
0.0111802
0.0137228
0.00592223
0.0165921
0.00872681
0.00522612
0.0159945
0.0196571
0.00861467
0.0323246
0.0112003
0.0109816
0.00418303
0.0510436
0.00267744
0.00371217
0.00516518
0.00534324
0.00672937
0.0124707
0.0297192
0.00906948
0.0111674
0.0081917
0.0122462
0.00925646
0.149411
0.0048009
0.0582387
0.220112
0.00797931
0.00836215
0.0101852
0.00913929
0.0996567
0.742097
0.00956172
0.00172457
0.00339387
0.0044713
0.0321095
0.00672245
0.00294693
0.0133309
0.14641
0.0055288
0.00168112
0.00949884
0.00373095
0.0195358
0.0216509
0.00505746
0.838043
0.00321808
0.642754
0.0131559
0.0141795
0.00167752
0.0179943
0.00113827
0.00301895
0.017089
0.0216352
0.0451151
0.0207182
0.00246672
0.0149825
0.00401115
0.00454621
0.00436178
0.00619079
0.00897007
0.00413751
0.00843973
0.00753624
0.000765586
0.00225664
0.00425749
0.00460462
0.0288021
0.0101672
0.232209
0.00407194
0.00502143
0.00600685
0.00457965
0.00436441
0.0053465
0.808008
0.00977104
0.00710176
0.00476421
0.00457097
0.0114385
0.0111607
0.00248409
0.00395255
0.00349544
0.00431577
0.0557593
0.00715015
0.00691635
0.0112489
0.00314787
0.00380546
0.0195852
0.24011
0.270484
0.0146842
0.636913
0.0121333
0.0112712
0.00364238
0.00565677
0.00253678
0.000946433
0.295568
0.00877259
0.00229097
0.00411788
0.262673
0.00393939
0.125549
0.0039535
0.0770764
0.00395504
0.00410755
0.00186689
0.0737094
0.00575979
0.0408365
0.010528
0.0360134
0.00563168
0.00690376
0.0761977
0.0128423
0.05126
0.0152721
0.0030633
0.00201817
0.0123783
0.0540478
0.00308255
0.0225917
0.885657
0.0335197
0.0183575
0.00847176
0.17224
0.00643832
0.00296971
0.0119473
0.129698
0.026157
0.0707613
0.39955
0.0226214
0.386551
0.0101281
0.00303546
0.00252903
0.163516
0.14537
0.00425409
0.108813
0.673885
0.00728432
0.0150428
0.00399648
0.0262791
0.00995194
0.0246553
0.0137537
0.00679475
0.00368557
0.0044996
0.00758899
0.00334666
0.794106
0.00305006
0.002759
0.508517
0.00130066
0.00205288
0.00642675
0.00203553
0.000790434
0.00210219
0.326107
0.0070823
0.00381189
0.00509705
0.00264596
0.0120985
0.00271198
0.00118907
0.00192663
0.0110196
0.00505686
0.00634194
0.00381682
0.00147084
0.754255
0.00998764
0.00502633
0.00637255
0.00662879
0.0171221
0.00546816
0.0071217
0.00749263
0.00245029
0.0156978
0.0312985
0.012897
0.141507
0.0201157
0.00903189
0.374689
0.270174
0.221399
0.00299622
0.0101252
0.111103
0.013053
0.0523764
0.00524336
0.0876517
0.214196
0.0316443
0.0264715
0.0184119
0.0108812
0.126251
0.026493
0.0777109
0.174122
0.00770873
0.00305874
0.00147911
0.0615569
0.0178154
0.0024747
0.00360099
0.00157808
0.0635821
0.0586596
0.0607346
0.00315599
0.0036354
0.752469
0.00538416
0.00314175
0.437479
0.00142014
0.861749
0.0123113
0.0135773
0.00525021
0.00297184
0.0107962
0.481714
0.00580797
0.00470916
0.581342
0.0273068
0.00647182
0.0137679
0.00467788
0.0091434
0.00473525
0.00593853
0.00915925
0.00381196
0.015904
0.00864961
0.00771831
0.0224337
0.0160632
0.00676343
0.0329185
0.00599011
0.00607625
0.00710345
0.0495439
0.0126049
0.00948942
0.00305004
0.0522854
0.0036176
0.0056516
0.0143755
0.0108451
0.040672
0.00598008
0.00179983
0.0214887
0.0256212
0.0028239
0.0460479
0.814041
0.00506223
0.00560938
0.0543136
0.0379955
0.0200348
0.00422629
0.0185638
0.0123467
0.976895
0.00400126
0.00866776
0.0061344
0.577564
0.00456145
0.0127186
0.00797654
0.031411
0.0948471
0.50965
0.00950436
0.00760105
0.00357702
0.0229562
0.758833
0.013904
0.0130853
0.00905521
0.456421
0.00591154
1.01196
0.00360063
0.0089781
0.0111239
0.0416866
0.00900508
0.420878
0.00193297
0.00710205
0.0103836
0.00301993
0.00693784
0.784793
0.00327139
0.00531755
0.00611325
0.00529035
0.00396638
0.176275
0.00386388
0.00990494
0.00354311
0.448336
0.123131
0.0187341
0.027152
0.00334202
0.00222907
0.00246464
0.0104119
0.0136037
0.000495363
0.107673
0.0217237
0.0107467
0.235927
0.000352445
0.0148849
0.00862277
0.0333901
0.00201239
0.0424195
0.00317626
0.0157155
0.0153539
0.00313675
0.366553
0.0187914
0.557704
0.00453368
0.0142737
0.0141793
0.110751
0.00215834
0.0154416
0.0152751
0.0124776
0.00781184
0.00536564
0.00172702
0.00874299
0.00340742
0.0289506
0.0123317
0.00384565
0.00199122
0.0128365
0.0245046
0.00831548
0.00397753
0.0096577
0.562576
0.00944828
0.000532305
0.0264591
0.00901304
1.04997
0.00980256
0.00206127
0.000847057
0.0146021
0.00211158
3.61037
0.00459673
0.0102068
0.0113136
1.01779
0.00750354
0.0136628
0.0159725
0.00203019
0.0208865
0.00698641
0.00303411
0.114751
0.00243077
0.000615747
0.00838079
0.00744111
0.00207092
0.0087872
0.00324918
0.0141868
0.0226035
0.00702158
0.00698012
0.0412095
0.0028682
0.0256516
1.31507
0.0136992
0.00245532
0.0105763
0.00601813
0.00293883
0.00276021
0.00980191
0.0118924
0.00343727
3.16103
0.00141191
0.0101945
0.983726
0.0152306
0.00140887
0.00195265
0.0050893
0.000622098
0.0140886
0.00260563
0.0154137
0.00407793
0.0068002
0.00931448
0.00948065
0.014906
0.000716966
0.0129188
0.0135092
0.0116728
0.00233929
0.00615566
0.0102343
0.00458266
0.00718143
0.0221566
0.00694464
0.0021616
0.00180613
0.00738126
0.00261496
0.00809376
0.00232967
0.00375126
0.00214517
0.00448484
0.00257201
0.0204795
0.0105366
0.00345691
0.0163453
0.00228556
0.00608392
0.00707165
0.0191794
0.0124838
0.017523
0.00675581
0.00756358
0.00260239
0.0143832
0.0149627
0.00684495
0.00850753
0.0193633
0.00870114
0.00781907
0.00258935
0.0027393
0.00220781
0.00698041
0.0038269
0.00686478
0.00321258
0.0024435
0.0047776
0.00805041
0.0056939
0.0211031
0.00111754
0.0103429
0.00940522
0.00703788
0.00646928
0.00677592
0.00788671
0.015941
0.00988154
0.00249212
0.00559446
0.00288409
0.0128514
0.0100385
0.00430689
2.49233
0.00242293
0.00415327
0.0111165
0.00491411
0.0117723
0.00734618
0.00781517
0.00467432
0.00695503
0.00515225
0.00181899
0.00538459
0.00454623
0.00893741
0.0126476
0.00290727
0.0058108
0.00944065
0.00222133
0.00648601
0.00823901
0.0158642
0.00970328
0.00668635
0.00403936
0.00782935
0.00521318
0.00926438
0.00342212
0.00567245
0.00553568
0.00544538
0.00410141
0.000611252
0.00675072
0.00453042
0.00643635
0.00221076
0.00357521
0.753171
0.00455581
0.00497417
0.00708524
1.42587
0.00159281
0.00109225
0.00469848
0.00444451
0.00288555
0.00148907
0.00371537
0.056096
0.0123408
3.01584
0.0077855
0.00141649
0.0947195
0.00343485
0.00778559
0.00317299
0.00376755
0.0041833
0.00936762
0.00139697
0.00428681
0.00570012
0.00519591
0.00889426
0.707903
0.0124539
0.00591987
0.005102
0.00691858
0.00334144
0.969583
0.0038286
0.00506291
0.937747
0.00785204
0.00226793
0.0030969
0.00509165
0.00560564
0.00340777
0.00738502
0.00177669
0.00554725
0.354733
0.00986545
0.752948
0.0109169
0.00120855
0.671128
0.0146402
0.00289836
0.0013738
0.0115075
0.00328685
0.00313853
0.00514003
0.00194597
0.00818371
0.0837201
0.00379169
0.0192101
0.00417919
0.0196786
0.0472369
0.0103002
0.00856081
0.288123
0.191382
0.0100664
0.0140408
0.0870428
0.00811767
0.283999
0.00812764
0.163594
0.0095698
0.00622659
0.00717315
0.127356
0.0101338
0.0141629
0.11989
0.204478
0.0260491
0.111156
0.0837038
0.00140482
0.0305081
0.10881
0.0541464
0.195169
0.993994
0.0416419
0.0134497
0.0805021
0.0089097
0.199071
0.112699
0.276317
0.0286462
0.00690293
0.0045257
0.00706233
0.00430625
0.00439553
0.00336304
0.740565
0.00530201
0.0118508
3.67864
0.0124516
0.00187842
0.00331814
0.00735286
0.138226
0.0139813
0.00217989
0.00245527
0.00600459
0.00865969
0.132887
0.15492
0.0123856
0.00256516
0.247003
0.00602208
0.0305572
0.00744583
0.00555315
0.0137446
0.0029331
0.00274464
0.0066019
0.613497
0.00568075
0.00176569
0.00410064
0.0571497
0.00367747
0.00378372
0.0233134
0.00409959
0.0859172
0.00722681
0.00537052
0.00934383
0.018298
0.00633039
0.00311441
0.0037735
0.00443877
0.00647901
0.0193906
0.319952
0.00179163
0.00390916
0.0959629
0.008093
0.00603563
0.00723211
0.00540641
0.491267
0.00628823
0.768289
0.00819791
0.0026205
0.00480815
0.0379415
0.0161715
0.00556454
1.7651
0.00179283
0.0113485
0.00824703
0.0685103
0.0152618
0.017244
0.00169242
0.00874677
0.0105644
0.00250146
0.0129865
0.00346896
0.0411178
1.65881
0.102902
0.00135877
0.00660452
0.0419421
0.00342669
0.192418
0.0123055
0.0119343
0.022427
0.00705892
0.900873
0.0058803
0.0166039
0.00298487
0.00865337
0.0608133
0.00406561
0.00928628
0.871129
0.0133838
0.00854995
0.00304813
0.0243103
0.00742831
0.533858
0.127964
0.00586056
0.0330025
0.00339332
0.0037571
0.475571
0.0127318
0.00838441
0.30018
0.0775702
0.36792
0.118776
0.105948
0.00573833
0.116422
0.0163964
0.0117761
0.00363935
0.00678223
0.00230428
0.00717713
0.00240462
0.28386
0.00693832
0.0100867
0.487991
0.0149087
1.32714
0.00818941
0.0147054
0.1568
0.159099
1.39021
0.1142
0.0165635
1.52472
0.0856012
0.00952071
0.0172815
0.263743
0.18996
0.22328
0.0080491
0.0128977
0.0368975
0.00186015
0.174698
0.00485283
0.0106053
0.0139621
0.0264148
0.0164493
0.00499169
0.00999061
0.00817243
0.0126025
0.131851
0.645689
0.0395365
0.0480232
3.14231
0.0660072
0.134238
0.0080779
0.00345229
0.00414285
0.00971418
0.135951
0.0240452
0.0534774
0.00176188
0.0658118
0.0180025
0.219053
0.0916068
0.00180421
0.232697
0.170741
0.00611309
0.0353679
0.00488769
0.0598321
0.409417
0.0166333
0.0309059
0.107073
0.00239078
0.00892309
0.0434446
0.00800433
0.0032764
0.0708777
0.0110577
0.0105854
0.134966
0.00921696
0.43408
0.105087
0.00552627
0.0151184
0.234001
0.0168881
0.40011
0.00741302
0.0110679
1.28531
0.911507
0.00629919
0.00285827
0.00310346
0.0094256
0.00288565
0.116795
0.0104392
0.0109421
0.194079
0.00349081
1.44175
0.174055
0.00234631
0.00251179
0.00154492
0.00454941
0.0137436
0.0116251
0.111853
0.00778283
0.00565253
0.0137081
0.00289607
0.00706306
0.720394
0.0331254
0.39777
0.0114175
0.979219
0.00932749
0.028849
0.0108403
0.00864031
0.00296044
0.0034289
0.0029539
0.018274
0.00850001
0.00818798
0.0101772
0.0745149
0.237402
0.00750421
0.0665149
0.00329419
0.0106154
0.0145931
0.00511609
0.0169103
0.00688581
0.00591134
0.0016022
0.0230561
0.100834
0.0525054
0.00775107
0.0028922
0.0755533
0.123877
0.0214912
0.0130883
0.00671072
0.00134087
0.00718099
0.0773951
0.00631971
0.00448672
0.0131251
0.00186278
0.0052638
0.0437526
0.0528329
0.000817499
0.00380038
0.0467375
0.0970732
0.0572422
0.00215824
0.00544856
0.00925556
0.00706262
0.00309626
0.00375303
0.00630745
0.00184181
0.00713671
0.00526007
0.00535643
0.00168391
0.0120696
0.00299669
0.00527396
0.295406
0.00377251
0.169457
0.0999569
0.0852159
0.00344457
0.238929
0.0510735
0.00569371
0.00367269
0.0261179
0.0135311
0.00252825
0.0224609
0.00455763
0.161049
0.00247054
0.0350818
0.0127785
0.00239962
0.130728
0.469064
0.00459896
0.00930654
0.0135665
0.0147548
0.0427548
0.00388267
0.056986
0.0173263
0.0141459
0.0303634
0.0148087
1.11747
0.0436682
0.0118993
0.00906446
0.0269689
0.0187808
0.00659752
0.19799
0.00866439
0.0164154
0.00638524
0.119432
0.00375675
0.0137919
0.166319
0.221428
0.0287059
1.5459
1.52537
0.00317698
0.013541
0.00591758
0.308233
0.0998476
0.0146828
0.00653397
0.252596
0.160306
0.00364476
0.138219
0.251587
0.0208824
0.00256857
0.0839097
0.0280315
0.00793984
0.0432148
0.00914606
0.167557
0.0812141
0.0121961
0.00652351
0.00261927
0.318673
0.041717
0.222344
0.949315
0.246405
0.12487
0.0259589
0.103609
0.00486475
0.284868
0.00487518
0.0489976
0.0144672
0.00380973
0.0212396
0.0084641
0.00405098
0.0243065
0.12098
0.632504
0.951263
0.200422
0.00602868
0.00155651
0.0115144
0.0141566
0.00455098
0.135633
0.00397378
0.0109595
0.131024
0.17242
0.0496084
0.111877
0.00814154
0.398166
0.080037
0.0327708
0.297716
0.00523485
0.0103007
0.00198144
0.00229574
0.0121959
0.00788788
0.0135703
1.7181
2.78984
0.0190083
0.0406088
0.0082313
0.0157053
0.00159322
0.140923
0.00403502
0.00635235
0.118785
0.00111661
0.000505228
0.00323089
0.00781735
0.547082
0.00652556
1.04649
0.00247074
0.00305896
0.00509371
0.00314241
0.00205817
0.00778849
0.00527208
0.00490841
0.0045839
0.00290349
0.00420861
0.0180755
0.00511375
0.00456255
0.0274711
0.416899
0.316277
0.818237
0.00532333
0.00736985
0.01179
0.0389745
0.0110899
0.0724801
0.0247312
0.0203612
0.223785
0.0312563
0.00339761
0.05519
0.403195
0.00223936
0.20121
0.0865126
0.33504
0.0101146
0.00110812
0.0735635
0.310293
0.00883983
0.00256935
0.00258984
0.0493248
0.0470023
0.200951
0.0039602
0.0034445
0.00836845
0.153421
0.245263
0.00484803
0.0335488
0.00162404
0.066205
0.0162788
0.696171
0.00841217
0.00893242
0.596694
0.294492
0.0553028
0.0288867
0.00555093
0.00175287
0.00605285
0.0148544
0.00858273
0.177938
0.0798301
0.00944779
0.00972258
1.16122
0.216693
0.195572
0.00238946
0.0233653
0.00805275
0.247006
0.00959658
0.00590903
0.00309089
0.0556653
0.0112745
0.0357846
0.0112027
0.0225726
0.0128402
0.0165363
0.00908701
0.0630211
0.0029453
0.224873
0.133991
0.0075607
0.301226
0.0795367
0.0357844
0.0102184
0.12049
0.00396624
0.0235535
0.013475
0.0536416
0.175764
0.398887
0.00311098
0.0108889
0.00851005
0.00980525
3.69201
0.00494739
1.9014
0.00765627
0.0023592
0.102343
0.0155534
0.0103858
0.0310161
0.00607022
0.0101299
0.0235412
0.0459873
0.00629391
0.0502075
0.0101698
0.27224
0.00218145
0.00227432
0.017211
0.0848498
0.783131
0.17201
0.0122891
0.0350902
0.0417339
0.383898
0.0365034
0.00545973
0.0524064
0.0233239
0.000569826
0.00431579
0.248252
0.00469757
0.00475438
0.0351784
0.102479
0.00472003
0.00349814
0.0134303
0.101081
0.0109777
0.00744328
0.00798425
0.194208
0.00498314
0.0116935
0.0803628
0.00468794
0.0148488
0.00749515
0.00855984
0.240031
0.00241278
0.755651
0.00145572
0.0952324
0.0377063
0.00311807
0.00427133
0.0325465
0.69496
0.0112842
0.0231969
0.00913721
0.00605648
0.0680981
0.00485028
0.00292804
0.00422487
0.00837627
0.0262899
0.00690125
0.00508119
0.00502356
0.00326826
0.0121949
0.0820344
0.00391416
0.165436
0.00461422
0.0165734
0.00306338
0.0010231
0.00352944
0.0190325
0.0417136
0.023705
0.30978
0.00712371
0.307567
0.0516926
0.0205137
0.336042
0.00285873
0.0111748
0.75445
0.0084713
0.00292141
0.00239092
0.0113985
0.00547406
0.0142217
0.0032222
0.00785706
0.00276484
0.0135156
0.00101157
0.408171
0.000865116
0.00415903
0.00158255
0.0502155
0.0159114
0.0348484
0.0551012
0.0141504
0.333228
0.0780552
0.00177618
0.00427777
0.0454833
0.0256307
0.00727644
0.0223665
0.0241597
0.247814
0.276154
0.0282734
0.00376457
0.00156063
0.0420527
0.51383
0.0437371
0.00465665
0.00372709
0.0073696
0.0043141
0.0204988
0.0156008
0.0361711
0.0313097
0.0211853
0.00308617
0.0682608
0.00264669
0.123385
0.0208489
0.0157156
0.00291732
0.0132867
0.00265838
0.00811785
0.00215021
0.0060423
0.128393
0.0397079
0.067638
0.00107821
0.00312598
0.0101615
0.0183195
0.027611
0.0173315
0.00397015
0.00520419
0.00444591
0.158431
0.0540152
0.00765482
0.799726
0.0120399
0.000820124
0.004075
0.00598448
0.016526
0.0233513
0.00380927
0.0124641
0.0105003
0.0834018
0.181335
0.00391717
0.0082795
0.0772024
0.23615
0.070619
0.0121996
0.00429438
0.0177861
0.00219322
0.00331583
0.00443857
0.00489108
0.00208888
0.007632
0.00170743
0.00154372
0.00508594
0.0047478
0.00512812
0.0038118
0.195832
0.00952848
0.0672089
0.0208472
0.0150689
0.00367747
0.0319808
0.0336476
0.00397826
0.0114931
0.00576479
0.0148319
0.00530489
0.00856211
0.00351549
0.0051715
0.00316467
0.00844574
0.00254893
1.17125
0.00709273
2.18705
0.00384216
0.00395497
0.00696721
0.00316221
0.00204108
0.132403
0.00428392
0.0103329
0.0444055
0.00197134
0.000761343
0.0626346
0.00156147
0.00356021
0.168138
0.0431424
0.00190464
0.0150661
0.0151476
0.950201
0.0124129
0.00154432
0.00458624
0.00315757
0.00109473
0.00272234
0.00144821
0.00569074
0.00875502
0.00371928
0.00763939
0.0100139
0.00887567
0.75041
0.00320544
0.00430708
0.00244203
0.00239462
0.00103574
0.00283358
0.010743
0.0100275
0.00221044
0.00129884
0.00501705
0.0133392
0.00693259
0.00659898
0.0065151
0.00294547
0.00934263
0.00637067
0.00266249
0.00163127
0.00138908
0.00422371
0.00422948
0.00337483
0.00299126
0.00409592
0.00318855
0.00887303
0.00459291
0.00378381
0.00403048
0.0159175
0.045381
0.00765895
0.00717473
0.00347577
0.00130709
0.00968978
0.0134378
0.100112
0.00649844
0.00167825
0.205098
0.00457905
0.0108633
0.0103892
0.457417
0.00731778
0.00976516
0.00394241
0.00264187
0.00876402
0.00406771
0.714857
0.00211629
0.0352906
0.00131768
0.0113766
0.00332107
0.00377002
0.0146599
0.00242892
0.00337948
0.00938649
0.00507639
0.00653123
0.00570249
0.00552289
0.00645408
0.326348
0.279959
0.00517706
0.0314302
0.0085258
0.0153174
0.00549987
0.00948287
0.00457767
0.898923
0.0154557
0.00511214
0.256955
1.3359
3.35588
0.319379
0.365806
0.00516342
0.0154894
0.00256554
1.01805
0.00356617
0.0359594
0.00527975
0.00766561
0.429131
0.00663929
1.70596
0.0133254
0.00516507
0.0173431
1.19008
1.69925
0.00235094
0.0080561
0.00319285
0.942831
0.00244452
0.00517466
0.00395081
0.000884394
0.844296
0.0520213
0.0034827
0.00447308
0.0180822
0.00187158
1.34942
0.00452834
0.0024363
0.0149565
0.00287727
0.00478154
1.05008
1.60194
0.00341586
0.674713
0.00336919
0.00297439
0.00406556
1.26406
0.333784
1.02205
0.582297
0.0199666
0.00951788
0.0120697
1.05937
0.926611
0.00246332
0.0119646
0.773616
0.125894
0.00442033
0.0119863
0.00528308
0.00227952
0.0082422
0.00900107
0.0036206
0.00127211
0.00353131
0.00594694
0.00330615
0.0043981
0.00753865
0.00996805
0.00249881
0.182393
0.00758085
0.246207
0.00538074
0.576515
0.00576634
0.0301277
0.00806096
1.16146
0.554106
0.365432
0.68878
0.00640821
0.0014204
0.0050192
0.0348941
0.0111441
0.762416
2.94105
0.00197256
0.00222601
0.00606203
0.00633575
0.00299468
0.00206142
0.00213003
0.0168961
0.00882726
0.00649376
0.00154802
0.0115509
1.00175
0.00363012
0.00116722
0.00835963
0.0164965
0.00173813
0.0280649
0.834284
0.00225582
0.00747049
0.0303525
0.00526187
0.00424971
0.452925
0.00218698
0.00713209
0.00266717
0.0866704
0.0118352
0.0309642
0.0144823
0.0135493
0.00665819
0.364885
0.00163414
0.00231427
0.0329895
0.0055615
0.0207626
0.0063593
0.00331191
0.00330767
0.025581
0.0116164
5.60725
0.104977
0.0141593
0.00710843
0.0101805
0.00199427
0.0131532
0.0103682
0.0131775
0.0132988
0.00593644
0.00310927
0.0191788
0.00506502
0.0135126
0.170206
1.11634
0.00668108
0.753435
0.0113798
0.0199356
0.00351829
0.0211452
0.00485735
0.0122955
0.0045588
1.62581
0.00143201
0.00448269
1.10206
0.755619
0.00487341
0.00245335
0.0181703
0.00978075
0.00462984
0.00636628
0.00621259
0.797774
0.00720297
0.0078194
0.00108593
0.00391643
0.000825373
0.00411706
0.00547594
0.0144892
0.0222612
0.0029893
0.00552853
0.00680559
0.00283488
0.00558623
0.0133014
0.0047307
0.00697731
0.0119233
0.00348304
0.00163848
0.00363512
0.0100886
0.0163714
0.0134308
0.00893818
0.00193052
0.00371108
0.00770384
0.00395085
1.4025
0.00229134
0.00319039
0.002294
0.00109706
0.00574163
0.00581009
0.00216462
0.00127438
0.343508
0.00737327
0.00137671
0.00475727
0.00701232
0.00401852
0.00531945
0.00657693
0.0098894
0.00225885
0.00306279
0.0114947
0.0112693
0.00894419
0.00553193
0.00319804
0.00540399
0.00218903
0.00439283
0.00326017
0.00369849
0.00497719
0.000726096
0.00396955
0.00714756
0.00623092
0.00573429
0.00981137
0.00412386
0.0010262
0.00365634
0.00525497
0.00337979
0.00890449
0.237114
0.00548924
0.00801457
0.0108078
0.00311995
0.00419773
0.00636671
0.00279244
0.00717318
0.0117443
0.00209203
0.0112377
0.0136369
0.00472435
0.00422405
0.00349083
0.0020916
0.00476379
0.00539803
0.00607871
0.950607
0.00176058
0.0249604
0.00763973
1.95407
0.00583256
0.00279322
0.103395
0.00464597
0.011753
0.00740893
0.00232298
0.00205085
0.00137642
0.00409776
0.0035609
0.00268862
0.0055878
0.002884
0.0109152
0.00509617
0.00157623
0.00309718
0.00265995
0.000992609
0.00136747
0.0088563
0.0043729
0.000445277
0.00239571
0.00412496
0.0105734
0.00758248
0.00427638
0.00308798
0.00581965
0.00809189
0.00167954
0.0050014
0.00546763
0.00329246
0.0151943
0.00240649
0.00730962
0.00330379
0.0029054
0.00432104
0.00226595
0.0140294
0.0251778
0.00338057
0.00133955
0.00305066
0.00511348
0.00299917
0.00460329
0.0166173
0.00106767
0.00456984
0.00210791
0.0127903
0.00219342
0.00416656
0.00234457
0.00242163
0.00465708
0.00469537
0.00310435
2.31628
0.00216982
0.325908
0.0209937
0.00275763
0.00834631
0.00382538
0.00351018
3.74159
0.00286912
0.00410144
0.00715819
0.0215034
0.0049107
0.00387673
0.00318171
0.00334848
0.00713562
0.00374459
0.00175512
0.00230632
0.00623898
0.816359
0.0044784
0.00682706
0.00569474
2.34191
0.00503887
0.039085
0.00734966
0.00425841
0.00250519
0.00536406
0.00285771
0.0080958
0.00695285
0.00485812
0.00514536
0.00749812
0.00202557
0.00137239
1.00898
0.00967237
0.0125564
0.0191014
0.00429725
0.00559357
0.00558899
0.0314903
0.576395
0.0263048
0.00147105
0.00222518
0.00101048
0.0100573
0.00969885
0.00597094
0.00389476
0.00806982
0.00330409
0.00313817
0.00337915
0.00400784
0.020752
0.0544963
0.00376292
0.00194607
0.0105713
0.00344758
0.0307235
0.00318466
0.0555988
1.36492
0.251145
0.00276096
0.0226139
0.0104795
0.0118219
0.00903542
0.00862719
0.0123329
0.855455
0.00796312
0.0100091
0.618471
0.00148914
0.432302
0.00486036
0.0117978
0.13259
0.00902807
0.00270517
0.0031133
0.0133635
0.0364119
0.0102807
0.0113025
0.0105813
0.202392
0.0428982
0.126984
0.0121151
0.0251958
0.0155331
0.00581915
1.13534
0.00314914
0.0322659
0.354353
0.0201301
0.00424454
1.32883
0.0191144
0.00273645
0.0178728
0.0241367
0.127409
0.1526
0.0653045
0.00873509
0.066322
0.0117912
0.0224731
0.00706754
0.0330993
0.00685626
0.00198369
0.00497841
0.00939496
0.0106239
0.203111
0.0141466
0.0137249
0.00835615
0.00203784
0.0299173
0.0419225
0.00118516
1.30864
0.0302057
0.00630961
0.0502689
0.012492
0.00922922
0.0115651
0.00348383
0.0456607
0.00309943
0.00348647
0.00463409
0.0408048
0.0434188
0.00216868
0.00332472
0.0166618
0.00513744
0.00484994
0.00515835
0.00810365
0.0140296
0.00154199
0.00238462
0.00733796
0.0103548
0.038715
0.00963358
0.0215125
0.00151845
0.0110895
0.00633334
0.00258262
0.00482995
0.000917142
0.010467
0.0242707
0.000782742
0.00228886
0.00842997
0.0101339
0.0244027
0.0149369
0.0467569
0.0106668
0.0223305
0.00836459
0.0139124
0.544291
0.0168878
0.00359768
0.004033
0.00680734
0.00605931
0.00261458
0.0121308
0.0271214
0.0187951
1.03577
0.00978281
0.00294471
0.0112675
0.946503
0.00259255
0.0054773
0.00286414
0.00335406
0.00312293
0.0509347
0.00329245
0.00318825
0.00436617
0.00943108
0.011249
0.00252645
0.00827182
0.00235436
0.00476322
0.00522853
0.00232031
0.0322377
0.0096364
0.01449
0.00518023
0.00380342
0.00781709
0.00345648
0.0097288
0.00990576
0.00424692
0.0109014
0.0079676
0.0345723
0.00796695
0.00830006
0.00764695
0.00277196
0.00809793
0.0121374
0.012721
0.00936793
0.00847592
0.00182987
0.014084
0.00134324
0.0306306
0.00819523
0.862595
0.956768
0.00652467
0.00824472
0.00219095
0.00476488
0.00193917
0.00143241
0.000909926
0.00370329
0.379646
0.00441628
0.0115542
0.00425731
0.0221772
0.00333651
0.0195646
0.0085779
0.00964293
0.00940755
0.0183014
0.00386757
0.0182064
0.00193025
0.00266491
0.00564718
0.00149483
0.00494727
0.00241932
0.0023555
0.00359573
0.00100568
0.00210224
0.00234527
0.00141222
0.00317874
0.00170324
0.0124639
0.00311204
0.00186857
0.00363692
0.00304502
0.00911354
0.00428463
0.00449936
0.00459537
0.0053204
0.00192035
0.00417299
0.00732129
3.32517
0.00540316
0.461868
0.00452814
0.00513591
0.00758443
0.00533809
0.00256965
0.0113357
1.22167
0.010739
0.00373068
0.0152455
0.976743
0.00229943
0.00413367
0.00572204
0.00828517
0.00336333
0.00417053
0.00171434
0.00681807
0.00284862
0.00656535
0.00625602
0.00859323
0.0052354
0.00472365
0.828456
0.767016
0.00238328
0.00726832
0.00307551
0.00529027
0.00305941
0.00703295
0.00367154
0.00241954
0.00189307
0.00166524
0.0040985
0.00422027
0.00285097
0.0226995
0.00171232
0.00346125
0.0333653
0.00427205
0.00262586
0.0341513
0.00377161
0.0517622
0.115276
0.0022915
0.00318359
2.68593
0.0264121
0.00817922
0.00274905
0.307396
0.0546439
0.00207988
0.0298868
0.0161439
0.35608
0.00396772
0.224055
0.0500275
0.00168963
0.0114995
0.116868
0.00177103
0.0593496
0.00443237
0.0309363
0.00368662
0.300217
0.104025
0.516384
0.00457822
0.0108752
0.00746783
0.00410608
0.0207077
0.00198504
0.11012
0.00305221
0.0116553
0.00123463
0.0011418
0.00996769
0.710847
0.911421
0.356551
0.00524866
0.0038322
0.00129475
0.00642525
0.00459529
0.00556028
0.00267033
0.00351851
0.00446569
0.00853401
0.00893537
0.0541114
0.00251003
0.00411347
0.0230923
0.00433505
0.00670352
0.0665706
0.00269333
0.457542
0.00466924
0.00871717
0.137135
0.00204944
0.00207357
0.00425881
0.329051
0.0204134
0.0249133
0.192341
0.0268542
0.00559374
0.00421854
0.00165476
0.00729314
0.00662667
0.011638
0.00194554
0.223917
0.00176622
0.0014253
0.00142905
0.689207
0.00496525
0.0740937
0.00378964
0.0332044
0.00315619
0.657184
0.0438239
0.0271922
0.0143702
0.00214482
0.858382
1.63951
0.272931
0.00637621
0.00560296
0.00283831
0.258864
0.0148715
0.0110237
0.289775
0.00422287
0.0175939
0.89866
0.00440708
0.232464
0.0363824
0.00463579
0.00595341
0.00338011
0.00445098
0.00444028
0.0126905
0.0127001
0.0240175
0.322053
0.0252349
0.867182
0.00328589
0.14597
0.204876
0.0281198
0.041889
0.0146348
0.0540752
0.00104805
0.00312984
0.90887
0.00394724
0.394703
0.00189734
0.0025595
0.0219219
0.00055497
0.00700123
0.018013
0.00504825
0.00267776
0.00314301
0.940877
0.0115991
0.0145256
0.00609921
0.000965633
0.00140342
0.0453245
0.00908868
0.244196
0.00126157
0.0155242
0.00348432
0.00548068
0.016211
0.0142185
0.00947417
0.0034069
0.000778506
0.00642825
0.00235555
0.0024703
0.00994303
0.0100015
0.0220139
0.00899266
0.00110084
0.00424646
0.00441475
0.00867094
0.00247974
0.00546406
0.00727785
1.23435
0.00444752
2.71662
0.00718052
0.0147297
0.0152977
0.0067994
0.00580259
0.001692
0.00675365
0.0119757
0.0232731
1.63921
0.0164993
0.00926695
0.0110018
0.00106168
0.00512438
0.350172
0.0105755
0.00219555
0.00239497
0.00178457
0.0042573
0.00147061
0.0112176
0.00393261
0.0282321
0.00987492
0.00178694
0.00102026
0.00281994
0.00238646
0.00778534
0.00966204
0.0106164
0.00113061
0.00248286
0.82768
0.0142809
0.00526607
0.0131738
0.76043
0.0144244
0.011073
0.00560362
0.0180254
0.00547433
0.00164635
0.00491639
0.475636
0.0106771
0.00379194
0.0139739
0.00218047
0.00299358
0.00721011
0.0120174
0.00195958
0.00676653
0.00528418
0.00477401
0.0026179
0.00723923
0.0221995
0.00278966
0.00806807
0.00202773
0.0145912
0.0027606
0.00296596
0.00135476
0.00504962
0.00223991
0.00257123
0.0158124
0.00569567
0.0207235
0.0084391
0.00624678
0.00453898
0.00697679
0.00771116
0.568754
0.0045661
3.46888
1.10153
0.0055504
0.0151205
0.00696811
0.000776888
0.00540486
0.00291323
0.0211693
0.00177355
0.0209558
0.00277797
0.00130361
0.00344358
0.0237175
0.604624
0.0106126
0.00134292
0.00426112
0.00807496
0.00518014
0.00208778
0.00387139
0.00439372
0.00320186
1.29101
0.00155211
0.00647065
0.00297289
0.00484933
0.0040279
0.0033016
0.013911
0.792922
0.00104176
0.00715932
0.00727659
1.35064
0.00691514
0.00616879
0.00262667
0.00736466
0.0123586
0.00394102
0.00288532
0.00349932
0.00640229
0.0055331
0.00109981
0.00816766
0.65667
0.0175379
0.00460986
0.00174907
0.00146569
0.00180395
0.00665377
0.00496774
0.00489188
0.00639486
0.00656154
0.0211425
0.00593117
0.00473291
0.00329692
0.0056109
0.00372067
0.00513912
0.00509375
0.00233737
0.00196371
0.00376859
0.00467558
0.0115135
0.00617605
1.46843
0.00346826
0.0083641
0.00391491
0.00205697
0.00311169
0.00338296
0.00440409
0.00535813
0.00599164
0.00875887
0.00816182
0.00854343
0.00581656
0.00633319
0.00403481
0.00799411
0.00371049
0.00456519
0.00222323
0.00794078
0.00837336
0.00543171
0.0040677
0.00412017
0.00888392
0.00197931
0.0070797
0.00390287
0.00663966
0.00570581
0.0020932
0.00190259
0.00305772
0.00350678
0.00161578
0.00212789
0.00443015
0.00679948
0.00134078
0.00560429
0.444136
0.00409491
0.00194436
0.00262302
2.66064
0.00388221
0.00550063
0.00147312
0.00379395
0.0057214
0.00208694
0.00986829
0.00952674
0.0083332
0.00261388
0.00523107
0.00224339
0.00182155
0.00497662
0.00467895
0.00125865
0.00239393
0.33725
0.00472672
0.00213197
0.02443
0.0118121
0.00360278
0.0476362
0.00445412
0.270499
0.00483754
0.00569734
0.00654763
0.172465
0.00411783
0.00812018
0.0045682
0.338119
0.00228087
0.0839125
0.00230926
0.00305872
0.656872
0.00785987
0.0213499
0.0810549
0.00457106
0.123786
0.000514586
0.0322479
0.736499
0.00395748
0.0904217
0.827463
0.147489
0.0179398
0.171233
0.00776865
0.00359693
0.00256063
0.20867
0.0121197
0.745852
0.746187
0.0211191
0.00219491
0.0068879
0.0346882
0.0148201
0.00409287
0.00853473
0.00107303
0.0059918
0.00341084
0.00421218
0.0185109
0.512029
0.00692685
0.0046218
0.00257279
0.303751
0.049218
0.186174
0.0242877
0.0132268
0.00692754
0.0159057
0.00939025
0.279005
0.0108107
0.582358
0.715033
0.132873
0.0759364
0.177071
0.0182391
0.0142471
0.00790819
0.00300222
0.00164916
0.138781
0.00574498
0.000849479
0.0204529
0.00258027
0.00458527
0.00512904
0.0168968
0.858218
0.0159503
0.00297187
0.0229982
0.0159222
0.0033809
0.399267
0.00435434
0.00363704
0.00230148
0.0909454
0.0144851
0.00263842
0.0109314
0.0210525
0.20473
0.00617899
0.0129164
0.0121669
0.711883
0.0778934
0.00365442
0.0098353
0.176101
0.00546113
0.00708867
0.00317295
0.00307215
0.00887396
0.0113065
0.00680009
0.0122676
0.00406525
0.00208304
0.00360725
0.00348557
0.00661975
0.00858644
0.0411366
0.196493
0.0150998
0.193934
0.0152939
0.00979231
0.00652688
0.00422846
0.0143168
0.0798488
0.0883446
0.106647
0.139995
0.0311737
0.0423123
0.435568
0.0158857
0.363803
0.0063453
0.0126682
0.11653
0.194953
0.00439043
0.000638494
0.0178374
3.90932
0.21868
0.0276719
0.00197509
0.00439839
0.00836489
0.410417
0.00370974
0.0243105
0.0125855
0.015436
0.00827459
0.76182
0.0171991
0.0110391
0.00439342
0.0061738
0.152579
0.019519
0.048871
0.0562784
0.00189384
0.00325677
0.0774657
0.00292346
0.00304691
0.00596452
0.165897
0.0549583
0.00561268
0.00639209
0.0392094
0.00371475
0.0144655
0.00452491
0.0199698
0.00343716
0.0017169
0.00931379
0.0179828
0.53745
0.0813903
0.0163496
0.0228701
0.0229881
0.00279365
0.00879098
0.170317
0.0103206
0.421119
0.0125729
0.0031198
0.0101699
0.0737271
0.00226854
0.613741
0.164388
0.00327064
0.00187757
0.00487168
0.00317348
0.022234
0.193686
0.228376
0.457718
0.0949564
0.0190716
0.0804009
0.0141517
0.0133352
0.0686414
0.0588541
0.0205253
0.0238323
0.00667623
0.114977
0.00766528
0.00517085
0.00109939
0.00429056
0.22873
0.00307442
0.0202325
0.873242
0.164535
0.0252549
0.0339311
0.0055194
0.0256992
0.0640797
0.0274887
0.00786224
0.0137098
0.00434868
0.0175425
0.108322
0.011796
0.014477
0.0059774
0.0188235
0.0177699
0.0148705
0.120634
0.0139619
0.339166
0.20595
0.000692048
0.00420358
0.00346096
0.0464505
0.00514798
0.041941
0.0235167
0.00341157
0.455333
0.156457
0.241283
0.638486
0.5362
0.0116003
0.0638371
0.00271829
0.280325
0.242819
0.000835083
0.0285108
0.0465666
0.00607875
0.0421879
0.00580694
0.00277256
0.754793
0.355896
0.0164445
0.0316183
0.00759661
0.0995615
0.0125386
0.0155397
0.0153358
0.00115431
0.0138717
0.189679
0.0208502
0.0189536
0.0105482
0.00649304
0.0246607
0.00608403
0.0143952
0.0125814
0.0114229
0.00221363
0.0191381
0.0154857
0.0116444
0.0511915
0.0137709
0.022247
0.0101787
0.00486204
0.00785467
0.0017481
0.00242851
0.0051669
0.00888542
0.0212481
0.00504291
0.00302787
0.217106
0.00706456
0.0224259
1.96239
0.0113459
0.0080099
0.00265092
0.00235708
0.00637913
0.0037392
0.0108279
0.00913592
0.00516127
0.00698694
0.00221848
0.0103099
0.0334231
0.00443725
0.00190999
0.00171288
0.0911509
0.297325
0.00983786
0.0479806
0.0035196
0.0170019
0.576175
0.00244991
0.00167687
0.0144316
0.0072983
0.0650593
0.0015377
1.13128
0.0130637
0.0341207
0.00319379
0.0161391
0.00237235
0.000992549
0.00392817
0.00412171
0.00274332
0.00382543
0.00399049
0.00621839
0.00746871
0.00378027
0.0402669
0.0045958
0.0125054
0.0137425
0.00592859
0.00780489
1.20484
0.00619878
0.00252172
0.0143636
0.0101824
0.217976
0.882469
0.00536131
0.00153121
0.00717689
0.00202045
0.0090744
0.00581669
0.00310439
0.00522758
0.00341801
0.0209999
0.0234436
0.0090607
0.00421209
0.00638576
0.0132425
0.00418729
0.279553
0.564942
0.00992019
0.0153726
0.659798
0.346707
0.00222468
0.0041512
0.00518296
0.00672121
0.495671
0.0176221
0.00344713
0.00190648
0.0118518
0.00516868
0.0075668
0.00248281
0.117278
0.00847204
0.00275105
0.0081338
0.00443161
0.0150634
0.971975
0.00252614
0.00390357
1.04764
0.0113602
4.61388
0.00324392
0.00419789
1.53463
0.00599734
0.0196068
0.00437645
0.00511778
0.00584923
1.19511
0.0019175
0.254119
0.000944811
0.00473109
0.00419954
0.0167225
0.197799
0.00299847
0.0080091
0.00386723
0.172006
0.224079
0.664448
0.0016919
0.434288
0.0288818
0.108564
0.631569
0.00251671
0.00266768
0.00389102
0.0274551
0.00162798
0.124623
0.00265778
0.0412357
0.00275645
0.0196611
0.00729451
0.00370005
1.44266
0.414803
0.00115841
0.00125373
0.00514899
0.00347433
0.00407878
0.982024
0.0183921
0.0111005
0.00718934
0.00442745
0.00258146
0.00602722
0.00429422
0.00357619
0.0103104
0.00200177
0.00209307
0.00312117
0.198131
0.0349116
0.00705539
0.00291332
0.0210422
0.00115505
0.0229237
0.0064635
0.00565493
0.031802
0.443199
0.00947997
0.00168253
1.09856
0.0018339
0.0107499
0.351985
0.0206724
0.381139
0.0741662
0.0098427
0.00186423
0.00621033
0.0023858
0.0148381
0.0042914
0.00196319
0.00825549
0.00369669
0.772871
0.0106243
0.00325017
0.0297253
0.00549853
0.0040142
0.0172455
0.000990403
0.00106993
0.00734483
0.0131304
0.0097924
0.00401327
0.00293746
0.330081
0.0157
0.090825
0.623156
0.00342493
0.00300645
0.0662075
0.195793
0.947535
0.606893
0.00440983
0.00523521
0.00575905
0.00764296
0.00199105
0.00629193
0.433942
0.0134298
0.014351
0.00465259
0.0291587
0.0345169
0.260807
0.00129224
0.00215888
0.064801
0.0194654
0.0117358
0.0176565
0.00190429
0.00554521
0.00447197
0.00621084
0.00179044
0.00763338
1.43949
0.00306992
1.30303
0.895876
0.447445
0.574045
0.00602757
0.0359729
0.00175456
0.602686
0.00233039
0.0093571
0.00507226
0.008571
1.03323
1.29724
0.0233208
0.212614
0.0359143
0.00973903
0.0203063
0.108145
0.0477946
0.00190503
0.00706336
0.0195138
0.396849
0.2061
0.203366
0.0143386
0.778131
0.00176245
0.00939591
0.00432862
0.010637
0.173102
0.000457077
0.0482753
0.642563
0.00248361
0.0247637
0.00163553
0.454096
0.00459498
0.616854
0.0190577
0.0679053
0.00380596
0.370097
0.00993889
0.0625202
0.913875
0.00269839
0.0573253
0.00739688
0.589466
0.00181205
1.0182
0.0130481
3.0138
0.036171
0.00646941
0.0274775
0.430751
0.00578135
0.281931
0.190364
0.0139067
0.0168785
0.00140419
0.0248178
0.0800079
0.241106
0.00191741
0.0644095
0.0137954
0.0170266
0.00277848
0.00972577
0.00590477
0.0159672
0.00320289
0.0236205
0.769875
0.0105091
0.0954828
0.230609
0.881973
0.0551551
0.0267355
0.0337826
0.00611768
0.00347195
0.0170635
0.00174521
0.014124
0.00894227
0.00323533
0.00678617
0.00135866
0.00485365
0.0268533
0.0939558
1.10325
0.00827908
0.00470823
0.00642953
0.00517829
0.0232994
0.00511079
0.00225514
0.000337884
0.00270159
0.00601503
0.0142428
0.00527565
0.0268703
0.955397
0.018285
0.00629689
0.0525423
0.00386111
0.00388099
0.487175
0.0159389
0.00674342
0.00902713
0.00208261
0.00339692
0.00885893
0.0151737
0.00226429
0.0299132
0.00221975
3.23914
0.00436465
0.0183521
0.0118649
0.00920913
0.00588872
0.00264426
0.00296413
0.00772719
0.00310113
0.00181785
0.00769325
0.0513999
0.0427033
1.04982
0.00413994
0.00529624
0.00796939
0.0194888
0.00510175
0.0202993
0.00658971
0.0256045
0.00486682
0.00570249
0.00898304
0.00645581
0.00159768
0.00480885
0.0041884
0.027882
0.00514506
0.0092853
0.00309489
0.0070628
3.2233
0.00841065
0.0107304
0.0204182
0.00348902
0.0198602
0.0073598
0.00651819
0.0119551
0.00792992
0.00611366
0.00976646
0.0181538
0.0111507
0.00307019
0.0112872
1.00013
0.00154079
0.00291196
0.82339
0.00872617
0.00955101
0.00531625
0.000623316
0.00461932
0.00331992
0.00856552
0.00225056
0.0304093
0.00849153
0.00440108
0.00145697
1.76439
0.00491712
0.00260026
0.0100183
0.00878552
0.00829791
0.00886863
0.0126862
0.00299008
0.0200929
0.0150308
0.00218326
0.00135868
0.00284824
0.00447271
0.00729853
0.00750738
0.00663847
0.00338489
0.00736271
0.00445422
0.00292249
0.00859197
0.00169841
0.00410533
0.00396016
0.00178214
0.00673418
0.00942422
0.00176142
0.00634195
0.00428767
0.000855017
0.00503964
0.00321835
0.00417948
0.0051659
0.00325497
0.00227464
0.00650775
0.0073513
0.0010518
0.00351855
0.0180977
5.62727
0.00868308
0.00192352
0.034281
0.00257366
0.00751278
0.00754256
0.00696646
0.00282458
0.00636779
0.00442542
0.00382221
0.00589576
0.00948711
0.00977035
0.00674666
0.00442724
0.00253123
0.00817602
0.00914706
0.00275975
0.0105536
0.00630137
0.0132533
0.00310088
0.00981141
0.00845594
0.00146709
0.00717709
0.0038405
0.0067248
0.00402051
0.00486985
0.00400418
0.00262955
0.0049805
0.00766743
1.16541
0.00411508
0.00919981
0.00266453
0.00489444
0.00257765
0.000565084
0.00384338
0.00522099
0.00380772
0.0066995
0.00326535
0.00220874
0.00153
0.00188589
0.00935165
0.00504853
0.00411454
0.0037151
0.0110095
0.00813584
0.00381973
0.00198806
0.0112453
0.00268089
3.49484
0.0108216
0.00501702
0.00186949
0.0114331
0.00078252
0.00482461
0.0035664
0.00418169
0.00532084
0.0021133
0.00406091
0.00353205
0.00289533
0.00769054
0.00552481
0.00322911
0.00685978
0.00190652
0.00727695
0.00542456
0.00592843
0.00547097
0.00514118
0.00108668
0.00474948
0.00811953
0.00472582
0.00468995
0.0110641
0.00506656
0.546757
0.0043664
0.0025174
0.0103272
0.00129779
0.00325105
0.0106357
0.00963851
0.00484036
0.00638688
0.00725024
0.00382422
0.00204381
0.00361539
0.00556302
0.00284894
0.0116678
0.0135348
0.00197496
3.25567
0.013076
0.00522276
0.00239238
0.00942412
0.00811738
0.00388359
0.00569024
0.0036708
0.00665821
0.00347435
0.00159093
0.00175004
0.00494592
0.00245376
0.000695791
0.00207789
0.00899509
0.00337485
0.00834123
0.00591029
0.00354154
0.00439785
0.0020208
0.00318253
0.00177151
0.749767
0.00215453
0.00298384
0.00173314
0.00401007
0.00503562
0.00374949
0.00492361
0.00275184
0.00755021
0.00496707
0.0080554
0.00133141
0.00334002
0.00115706
0.00519606
0.00629533
0.00616641
0.000514133
0.00634176
0.00259796
0.00279234
0.00366957
0.00215585
0.00265035
0.0085458
0.00430837
0.00484741
0.00399416
0.00627289
0.00664071
0.00545142
0.00467609
0.00317879
0.000837762
0.00171533
0.00160172
0.00435828
0.00193794
0.00192407
0.00306411
0.00366507
0.00281123
0.738281
0.00918912
0.00465968
0.00640506
0.00459509
0.00485036
0.00515588
0.00192991
0.00486381
0.000581606
0.0437933
0.000937773
0.022635
0.00856499
0.793352
0.000693482
0.00313926
0.00704779
0.0131761
0.00520654
0.00481683
0.0239758
0.0190964
0.00801458
0.0105009
0.0157359
0.00581057
0.0240425
0.0293941
0.00586852
0.0191765
0.0102167
0.00942521
0.00372283
0.00577634
0.00417127
0.00542121
0.00345597
0.0265519
0.00582432
0.00203276
0.0198983
0.00216908
0.00812171
0.0265891
0.0111266
0.00278287
0.015155
0.0226066
0.0208258
0.00581436
0.0424067
0.00234234
0.0358795
0.032426
0.0274538
0.00265846
0.0163113
0.00149616
0.00385024
0.0045843
0.0187832
0.00434232
0.00480541
0.0085164
0.0184531
0.0260132
1.59684
0.00580741
0.835529
0.00263693
0.00114912
0.00791649
0.0254548
0.00633656
0.00796931
0.00540061
0.0262777
0.0031799
0.858599
0.0098422
0.00149678
0.0152414
0.00213589
0.00292207
0.00267479
0.00233791
0.00707705
0.0076082
0.00280055
0.0129939
0.00693936
0.426194
0.0120471
0.0167011
0.00361188
0.934963
0.0118422
0.00389868
0.0067365
0.00486142
0.0111166
0.00690064
0.00532781
0.0103861
0.0499039
0.00336552
0.00915029
0.0044179
0.00543674
0.00910475
0.0122916
0.00728254
0.00875708
0.00412404
0.0080446
0.0181241
0.0120817
0.015067
0.0039297
0.00300753
0.00762817
0.00784407
0.0195534
0.0103776
0.0088163
0.00225068
0.00416939
0.00587249
0.00396224
0.0178151
0.0026331
0.00435286
0.0157218
0.62707
0.763521
0.00340059
0.00295014
0.00608421
0.0108185
0.00308853
0.00235139
0.0289882
0.00139026
0.00336311
0.5696
0.0106064
0.00622991
0.00899839
0.00486027
0.00751338
0.0118422
0.00464188
0.0232146
0.00730707
0.00678179
0.00608725
0.000777127
0.00550377
0.0105463
0.0105113
0.00689285
0.00492718
0.0109796
0.00279705
0.0284283
0.0280455
0.00181906
0.00200852
0.0094397
0.00395939
0.0147479
0.00283339
0.00117077
0.00288833
0.00737919
0.00442131
0.00851047
0.00419218
0.00246929
0.00224854
0.0140119
0.0105042
0.00203423
0.000837672
0.053876
0.00339108
0.00679497
0.00456046
0.0193765
0.00448133
0.0249617
0.00275465
0.0230578
0.00623129
0.047991
0.588891
0.00294268
0.00362378
0.0477978
0.0200346
0.0149227
0.00106454
0.00454895
0.76649
0.0011864
0.00325121
0.00301019
0.00566946
0.0220615
0.0609891
0.00959241
0.519628
0.00534176
0.00303904
0.0044343
0.00271228
0.00252244
0.0800212
0.0103967
0.436663
0.0101408
0.0522859
0.0218279
0.0073129
0.0127739
0.0653245
0.0473794
0.00718289
0.213826
0.00848851
0.053451
0.0317471
0.00967961
0.0154754
0.00776272
0.00298979
0.00451794
0.00958797
0.0097659
0.0608811
0.332473
0.0124331
0.0127633
0.0132434
0.023159
0.00795297
0.010795
0.00994587
0.0031264
0.0211298
0.00544286
0.0190276
0.00606951
0.0705897
0.041078
0.00706407
0.0177537
0.195738
0.0455248
0.116925
0.00466872
0.00408414
0.00435039
0.0915818
0.125434
0.0109125
0.0963776
0.174815
0.00917683
0.136092
0.00179557
0.0180038
0.0129132
0.0110721
0.0922451
0.00507389
0.00477631
0.0186053
0.0570499
0.631943
0.00902908
0.0124837
0.0260047
0.0405045
0.0113532
0.00355451
0.225323
0.00521891
0.00371915
0.00259619
0.0421534
0.101071
0.00242325
0.00556406
0.00107323
0.00983499
0.00168797
0.0636633
0.260041
0.00924193
0.295024
0.0265063
0.00483854
0.0083721
0.0449624
0.00825116
0.0152499
0.00171118
0.0258565
0.0525999
0.0432357
0.00444442
0.00265229
0.00160509
0.00214147
0.00523048
0.0387735
0.0237659
0.109199
0.0195141
0.0899775
0.338545
0.774404
0.103263
0.00189148
0.00398887
0.31149
0.10312
0.0095813
0.00482208
0.00230666
0.0429751
0.0143352
0.0824984
0.0547504
0.0197276
0.081456
0.0024467
0.00327739
0.00601746
0.0581588
0.00702607
0.00670564
0.0201954
0.0729704
0.0417962
0.00610232
0.244253
0.100556
0.0155527
0.0103293
0.0914317
0.00945161
0.0189446
0.00903902
0.0446662
0.00359803
0.00291159
0.0229817
0.0690589
0.00244732
0.166837
0.102874
0.648397
0.00476652
0.013322
0.129833
0.170207
0.0727309
0.00435815
0.0393451
1.31337
0.00109796
0.498664
0.434448
0.041209
0.0227499
0.0319605
0.00957132
0.00366386
0.0282556
0.856061
0.00165126
0.133582
0.186892
0.00502337
0.0229731
0.00313037
0.00671161
0.00303668
0.00502352
0.0140322
0.0069782
0.0142495
0.0209538
0.0296918
0.00773129
0.00532484
1.25162
0.00111232
3.16512
0.00868494
0.00276959
0.00849082
0.00117539
0.00545496
0.0132242
0.00180691
0.00796392
0.00299171
0.0314496
0.00688429
0.00366184
0.00519169
0.00883308
0.00760367
0.00127532
0.0300077
0.0766287
0.00110345
0.0212923
0.0426565
0.00447221
0.00362837
0.00377622
1.09915
0.00866584
0.00544819
0.00343213
0.00417303
0.00779793
0.00403605
0.0218715
0.0029173
0.00201867
0.0169008
0.013111
0.00199276
0.859303
0.0041615
0.0102143
0.00947681
0.0740547
0.000700984
0.00992999
0.0103514
0.00436839
0.327771
0.00277318
0.00127567
1.17671
0.00697636
0.00092684
0.0289763
0.590815
0.0592888
0.00537618
0.00776545
0.00390388
0.86334
0.212434
0.0029216
0.0065836
0.0120642
0.00225423
0.0031571
0.00636582
0.00230789
0.00452028
0.00283161
0.00667877
0.00244731
0.00699215
0.0113877
0.0303914
0.00151966
0.00644705
0.0065106
0.0105418
0.00812674
0.916135
0.00452575
0.00188908
0.00339992
0.0249951
0.010126
0.00376243
0.00380522
0.0121745
0.00211399
0.0132202
0.0333807
0.00685211
0.0021109
0.00248047
0.000777812
0.0140983
0.00268544
0.0431872
0.0260709
0.00759701
0.00372803
0.00951626
0.00556193
0.0129617
0.00155411
0.00232365
0.0236322
0.109269
0.021301
0.0177083
0.00840176
0.00120091
0.00254718
0.00991272
0.00398421
0.00191394
0.00862846
0.0154424
0.025526
0.0047647
0.0143235
0.0199693
0.0108247
0.0141147
0.0140074
6.35
0.00681662
0.00557076
0.00747028
0.00312364
0.00472781
0.00577018
0.010413
0.00858617
0.0321571
0.00214193
0.0119869
0.0025819
0.0304557
0.00374779
0.00569697
0.00824215
0.00622153
0.0640061
0.101176
0.00104156
0.0045038
0.0236019
0.00406407
0.00415572
0.00530795
5.59913
0.0172114
0.00665214
0.0560705
3.3222
0.0173665
0.00538167
0.00298249
0.0048465
0.00857422
0.00409257
0.00249149
0.00799657
0.00476837
0.00427374
0.00505155
0.0026187
0.00386966
0.00735832
0.0119503
0.00374085
0.00125546
0.0922258
0.00375118
0.00291402
0.00673592
0.00256582
0.00795541
0.00257675
0.00971206
0.00172086
0.00593671
1.80346
0.00169294
0.0157088
0.00324638
0.0042986
0.00179055
0.00365243
0.00649221
0.00256503
0.00350692
0.00366317
0.00416372
0.00273969
0.184959
0.00592197
0.000845452
0.00426605
0.0187836
0.00236524
0.0203677
0.00247191
0.00432499
0.0101101
0.00457246
0.0054741
0.00308444
0.00490229
0.00515637
0.00634737
0.00149795
0.254582
0.0116075
1.42028
0.007989
0.0162415
0.00130065
0.0428999
0.0102017
0.00501345
0.0275421
0.006166
0.0338193
0.00629596
0.021038
0.00330532
0.0107983
0.0272973
0.00317319
0.0241808
0.00245213
0.00537441
0.00190879
0.00562324
0.0118959
0.656235
