3.15932
2.76891
3.22107
2.74507
3.33091
2.54915
1.79176
1.65557
2.95949
2.89825
2.54591
2.04238
2.5475
2.86636
1.6206
3.35222
2.14995
2.47778
2.0006
1.78838
2.34703
2.66229
2.90813
3.16207
2.32313
1.62543
3.22351
1.38811
2.20615
1.65565
2.25863
1.87156
2.88998
1.46175
2.32483
2.42556
1.92009
2.77498
3.10541
2.70447
2.16347
2.25857
1.7124
2.65765
2.40489
2.60162
2.20832
1.99723
2.06667
2.24696
2.25881
1.77306
1.75942
2.34283
2.30184
2.25062
2.96024
3.84097
2.41823
1.42844
2.61635
2.68938
2.27034
2.25283
1.54657
1.45853
2.69627
2.7403
2.96923
1.59372
3.42588
2.62828
1.93733
2.58706
2.1273
2.88289
2.51555
3.03642
2.389
1.45772
2.48999
2.42872
2.08409
2.82623
1.61334
2.16371
1.62587
1.4334
3.4087
2.35947
2.82939
1.90594
2.67519
2.16283
3.02084
2.76696
2.00688
2.41772
2.29292
2.32423
2.51672
2.65684
2.06462
3.08303
2.06768
1.51954
3.09643
2.70729
2.95075
1.68172
2.76112
2.55557
1.58039
2.1304
2.10148
2.78481
1.91225
2.31624
1.60252
4.28112
1.50294
2.47304
2.90586
2.64816
1.89126
2.33908
3.15572
2.67417
2.6888
2.62317
2.40304
2.98792
2.76386
2.54349
2.71059
2.01892
1.09852
1.10072
1.5942
2.1944
2.5069
2.06485
1.53816
1.55947
1.44408
2.5937
2.14556
2.29147
1.67898
1.42681
1.66355
2.4771
1.49033
1.56328
1.67758
1.52494
1.43792
1.96541
2.8225
1.66002
2.15894
2.26323
1.75926
1.65167
1.74294
2.33525
1.87306
2.18647
1.94541
2.12729
1.85939
1.56952
2.3063
1.48012
1.60591
3.04845
1.99019
1.90759
2.02701
1.35799
1.27897
1.85676
2.08139
1.89867
1.42337
1.50784
2.16843
1.54644
1.76395
1.81602
1.60498
1.70786
2.0144
1.83675
1.63677
3.01688
1.72604
1.93369
1.32012
1.70681
2.05796
1.82009
1.84073
1.63638
1.79294
1.19787
1.60768
1.77133
1.63278
1.66036
2.07276
1.64357
1.31238
1.49811
1.15083
1.87997
2.23525
1.57807
2.22292
1.45604
1.40944
1.78845
1.42693
1.45996
2.45057
2.24276
2.36539
1.73538
1.85552
1.43116
1.85554
1.53877
1.59937
2.25636
1.45857
2.25691
1.64585
1.64814
2.23839
2.03788
1.7728
2.07524
2.58068
1.74004
1.5936
2.91765
2.34614
2.51458
1.91699
1.88853
2.12377
1.84068
1.87493
1.80935
2.10148
2.37219
3.03936
2.40151
2.86252
2.78924
3.96814
3.25252
3.08137
2.34674
2.26584
2.42577
3.34449
2.09073
1.67486
1.15075
2.13115
2.4553
1.87509
1.92634
2.26
4.82851
2.32412
1.83977
2.15651
2.69864
4.40442
3.08186
2.47874
2.12893
2.466
2.04214
2.05987
2.2099
2.30291
3.50785
2.28602
1.91089
1.80185
2.05815
2.9906
2.32235
2.40868
2.84384
2.79549
2.38038
2.36733
2.43631
3.23904
2.27177
2.50153
2.28172
2.97189
3.29444
2.28755
2.60023
2.74698
2.18618
2.72725
1.80977
2.33696
1.65706
2.34009
2.2623
1.54154
2.12902
1.61253
1.46161
2.47259
3.05425
2.77469
2.7923
2.3861
2.26501
3.81056
2.66381
2.61225
2.59541
2.1042
3.66029
2.46134
2.76206
6.22394
3.23727
2.39425
2.58173
2.61124
1.88895
3.71116
3.48139
3.19226
2.5871
2.71915
2.32094
2.76322
2.85619
2.47658
2.39886
4.28833
2.08723
2.80194
1.86297
2.46003
2.12715
2.54217
2.47457
2.94408
2.43306
2.55032
2.49424
3.51348
2.1765
2.35286
2.29133
2.4181
2.26348
2.32813
3.38067
2.14177
2.44575
2.2197
4.3218
2.50189
2.79758
2.47406
2.69624
2.02959
2.79139
2.24563
3.07556
2.4706
2.34244
2.59144
2.65413
2.14464
4.07716
2.3895
1.29614
2.48571
2.03919
2.0253
2.83695
2.86152
2.1754
2.91571
2.45775
2.63163
2.37482
2.45368
3.93145
2.68389
2.24913
2.56611
2.47278
2.28197
3.4507
2.2792
2.75744
2.72038
3.73391
2.89236
2.17967
2.59742
2.34872
2.54559
2.81736
2.13124
2.64058
2.70138
3.08536
2.77928
3.45016
2.30569
2.9706
2.75844
2.64957
2.16433
2.5486
2.56456
3.48454
2.05414
2.14516
5.15023
3.17359
2.24276
1.98462
2.75659
4.88076
2.37923
3.35859
2.90321
2.39437
2.76417
2.85921
2.64338
2.59542
2.42631
2.14896
2.99779
2.38539
2.21287
2.26283
2.67382
2.57746
2.57789
2.32052
2.70672
2.55337
2.18253
2.17372
2.33594
2.33759
2.49764
2.27954
2.61498
2.74823
2.40441
2.69581
2.96749
2.81637
3.31495
2.33941
2.40492
5.24634
2.32048
4.9979
2.09432
2.61626
2.05551
2.38992
2.2534
5.15649
2.43403
2.28491
2.32604
2.21074
3.25956
2.78174
2.17145
2.05145
2.333
5.20916
4.60221
2.05603
2.37459
2.45143
2.86945
2.81108
2.21951
2.31705
2.66974
2.34796
5.92311
5.03004
2.40306
2.82747
2.65317
2.25076
2.61322
1.99707
3.20798
2.56008
3.00012
2.26079
2.39663
2.75667
2.61844
2.49508
3.71541
2.38672
3.99177
5.07385
4.12764
2.43312
2.23045
2.27323
2.27465
2.57565
3.20615
2.44863
2.31663
2.1502
3.84976
4.14968
4.42574
2.36452
3.53989
4.56096
2.066
2.41654
3.76036
2.23168
2.15132
1.74584
2.44973
2.68454
2.44996
2.3172
3.73484
2.47023
2.39324
4.0407
5.31504
2.53555
3.00762
2.04004
2.119
2.50881
2.42164
2.1215
2.72497
2.4094
5.11129
2.68992
3.06767
3.92074
2.42238
1.9335
3.04876
2.14156
3.03374
2.57609
2.67503
2.8433
3.99228
2.43681
2.27473
2.65015
2.67639
3.08991
2.08602
2.87504
2.1155
2.66013
2.72873
2.1699
2.64112
1.7103
2.17471
2.44135
2.77784
2.42485
2.37547
5.48679
2.28078
2.15818
2.51332
3.42226
2.35852
2.18046
4.4448
2.1899
2.80569
2.46403
2.36715
2.66761
1.74133
2.5996
2.38281
2.66726
2.65867
2.91363
2.5219
3.21503
2.5612
2.55927
2.43322
1.65195
2.25866
2.82613
2.70735
1.90047
2.62854
2.19798
3.03832
2.15164
3.30317
2.79741
3.08358
2.10054
2.43289
2.69501
4.08517
2.92295
2.17715
2.03591
2.02809
3.27042
3.29383
2.51368
2.4564
3.03735
4.50952
6.05563
2.6916
3.6886
2.88178
2.29178
2.56484
3.16038
2.9954
2.40196
2.95876
3.87677
3.38732
3.37952
2.93435
2.46584
2.29008
1.85663
3.06426
2.02592
2.73495
1.95785
2.84881
2.71718
2.03866
2.50716
2.89047
2.15639
2.35244
2.63141
3.09042
2.28517
2.87649
3.37211
2.713
2.45377
2.33309
2.41194
2.27731
2.21979
1.96704
2.43839
3.90182
2.62918
3.37724
2.56308
2.21546
2.48573
2.39355
2.98194
2.38685
2.21154
2.27347
2.25537
2.52333
2.06149
2.62541
2.6239
4.443
2.37884
2.70995
1.73517
3.04719
2.9314
2.0561
2.48206
2.80883
2.87559
2.74879
2.42473
3.19933
2.56826
4.23453
3.65181
2.46936
3.56095
1.82559
2.83129
2.45887
3.08689
2.29697
2.94499
2.11387
2.66701
2.76567
2.84035
3.93883
2.6302
2.40116
3.15397
2.51941
2.33499
2.56303
1.98369
2.4468
2.71684
2.64715
2.27541
2.62566
3.03146
2.27304
1.88926
2.40853
2.80931
3.60684
3.308
1.58623
2.68738
2.57613
2.6403
2.61262
2.52618
2.28911
2.92246
2.91613
3.93817
1.83737
2.70099
2.74089
4.18357
2.60026
2.71894
2.90411
2.32532
3.47972
2.84237
2.70184
2.1954
2.93979
2.13773
2.92477
2.10972
2.76583
3.91945
2.87304
3.66854
2.44898
2.41043
2.73894
2.62022
2.61228
2.48163
2.87186
2.79889
2.85178
2.68044
2.40756
3.34484
2.53562
2.67901
2.87241
2.15738
2.7955
2.25356
2.06067
2.31323
2.21714
2.34129
2.30818
2.41812
3.03913
2.7945
2.34059
4.29226
2.57107
5.25352
2.99992
2.02701
2.18285
4.04334
2.67446
2.32364
2.75783
3.39803
3.39398
2.6506
2.54603
2.29687
2.58169
2.36665
2.81058
2.27608
2.80519
2.80988
2.67395
2.75233
2.09059
2.50969
4.41757
2.76484
2.00005
2.866
2.8846
2.34938
4.21103
2.71537
2.72562
2.71557
2.97392
2.49522
2.78648
1.61924
2.81681
2.82141
2.98629
2.34643
4.29551
2.66611
2.73459
2.67437
2.46769
2.49006
2.30499
4.2993
2.27637
2.76597
3.04456
2.83738
2.70114
4.35876
2.17157
2.6888
2.72697
2.90532
3.61603
2.34184
2.8106
3.09126
2.5627
2.85866
2.33978
2.29937
2.37644
2.90185
2.52064
2.55396
3.76189
3.22766
2.09819
2.62939
2.71593
4.00156
2.86425
4.08769
2.77566
2.08716
2.13357
3.27769
2.83255
2.35707
2.59832
2.48206
2.24626
2.60376
2.51969
2.55184
2.91512
2.88876
2.3618
2.45592
1.51872
3.52155
2.69984
2.71503
2.40148
2.58999
2.29203
2.87352
2.75937
2.84881
2.71047
3.07498
2.65701
2.56556
2.68285
2.0117
2.74781
2.79073
2.27814
2.59322
2.65335
2.47723
2.9835
2.13056
3.05604
4.55316
3.09744
2.51397
2.25001
4.9731
2.27525
2.686
3.15325
3.08088
2.53016
2.82737
2.44583
2.67391
2.76923
3.79872
2.57344
2.92362
3.44068
2.21334
2.46014
3.43702
2.44966
2.01182
4.53941
2.45006
2.263
2.3716
2.3952
4.29686
2.77063
3.27576
2.75521
2.47264
2.68317
1.96375
2.51551
2.68609
2.71568
2.36953
2.39329
2.39784
2.89696
2.63886
2.06427
2.55216
3.03589
2.31562
2.61053
2.21632
2.52505
2.30259
2.1534
4.41446
2.57339
3.36104
2.65988
2.25622
2.50274
2.8876
3.45236
2.4803
2.47754
2.27074
3.29683
2.66526
2.32411
4.66506
2.45852
2.75959
2.91409
2.09043
2.76354
4.31227
2.54537
2.57014
3.61571
3.12256
2.51641
2.24776
2.9006
3.9908
2.5263
3.39657
3.01757
1.94157
2.78854
2.35579
2.17127
2.40112
2.38147
2.39328
2.20805
2.39936
2.80725
2.56084
2.24851
5.11819
2.43832
2.46693
2.37061
2.75451
2.49211
2.1862
3.67661
2.25849
2.58
2.20448
2.86671
2.20678
2.12171
2.45355
2.60314
3.04941
2.77411
5.54091
3.33715
2.87166
2.53473
3.01703
5.45435
4.96752
3.88539
2.04536
2.32394
4.49296
2.01016
2.42427
2.10971
3.12846
2.54397
2.54052
4.0152
2.97089
2.83493
2.31295
2.4781
2.35277
4.3396
4.0727
3.08635
4.61565
2.84255
2.39148
5.04159
2.68415
2.33837
2.64205
2.10891
2.68926
2.56825
2.42998
4.17275
2.59212
2.61578
2.95646
4.24411
2.71897
2.49218
2.51954
2.99994
4.25838
4.31878
3.37136
3.69134
3.94304
3.55782
4.82232
5.01694
3.838
4.79474
2.83154
4.08891
4.04948
4.24979
2.51541
2.65978
2.61999
2.64559
3.26045
3.28252
3.20614
2.84529
2.32403
3.19177
3.38659
3.97015
3.62263
4.38404
3.12812
2.60879
3.46388
3.40724
4.50946
5.62939
3.9245
3.85138
3.40271
4.21533
5.60958
3.36782
4.11468
3.69749
3.7191
5.14696
4.49262
3.42011
3.48364
3.34539
3.94673
3.47933
3.74893
4.53353
3.81344
3.81449
4.70751
3.91455
4.16701
5.32591
3.35984
3.359
3.41581
5.17115
3.86321
3.15635
3.26126
2.94081
6.70293
3.04602
4.84935
2.96586
2.73659
2.90187
2.93979
3.09546
2.62371
2.84609
3.62198
2.76045
3.44123
2.90069
2.98157
2.78488
3.25247
3.24555
3.48924
3.31375
2.95179
2.56478
2.54881
2.82083
3.11168
3.61897
2.46258
2.98242
2.64403
3.4428
2.70581
3.52561
3.88419
3.36606
2.60078
3.34382
2.16284
3.02549
2.69365
3.47327
3.06001
3.07368
2.14534
3.96488
2.86311
3.58413
2.61387
3.07095
2.99821
3.09951
3.20838
2.71005
3.54634
3.94149
2.36164
2.23853
3.57999
2.69811
2.85146
2.58551
2.70512
3.11478
2.65315
2.29203
3.10697
2.87375
3.02325
2.56663
3.51792
2.49525
2.80184
2.49725
2.10064
2.83262
2.97555
2.87998
3.03598
2.22554
2.30304
2.18765
2.03024
1.6526
2.03934
1.75688
2.5021
1.71822
1.7078
1.71655
1.85507
1.77863
1.75371
2.24413
2.15889
1.90463
2.07392
2.4974
1.84832
1.83863
1.97867
3.69285
1.91329
1.72341
1.55302
2.10815
1.67786
1.68652
1.96463
3.46777
1.8683
1.60662
1.58906
2.32066
3.49177
1.59024
2.8958
3.25773
2.12581
2.31445
2.0428
2.15467
1.77509
1.79341
3.32461
2.20612
1.83659
2.73429
1.76976
1.85688
1.63024
1.38865
1.91478
2.49121
2.0703
1.60767
2.2411
1.63593
2.37179
2.13497
1.92672
2.43284
1.90497
1.69639
1.5041
1.59457
2.17089
1.6321
1.7436
1.56416
2.02746
2.05239
2.09628
1.93949
1.61991
1.98291
1.43582
1.61176
1.93845
1.72323
1.57378
2.13405
2.54735
1.47908
1.79046
2.56686
2.71899
3.27763
2.83499
2.7929
2.83148
2.44774
3.09439
3.08203
2.86756
2.85585
2.05624
2.03749
3.07332
1.8475
2.92914
2.21118
2.14974
2.16751
1.87135
2.04184
2.36177
2.03641
1.82875
1.98373
2.14449
3.0044
3.12298
2.12434
1.94539
1.63532
2.22022
2.64317
2.52315
2.26546
2.25276
1.61384
1.53772
1.95685
2.40876
2.53118
2.15263
2.61669
1.82844
2.3224
2.47908
2.36273
1.82029
2.04628
1.53126
1.82731
2.14833
2.61971
3.12805
2.11149
1.71935
1.7508
3.26394
2.06253
1.73094
2.79555
2.42066
2.57057
2.44628
1.86807
3.19124
3.08137
3.09144
3.1139
1.70365
2.72842
2.38268
2.5148
2.34138
2.38238
3.19608
2.50435
2.16632
1.73897
2.01083
2.13995
1.94039
2.19198
1.75452
1.59897
1.45911
1.96219
2.02601
1.72109
2.01331
1.70544
3.04108
1.63841
1.61989
2.14068
1.7933
3.04426
1.91827
1.5878
1.98913
2.01537
1.82757
1.67996
2.04795
2.28491
2.00714
1.66224
3.25273
1.64227
2.17068
2.20831
1.7659
1.62785
1.46379
1.54274
1.68537
1.97413
1.83836
1.6771
2.06912
1.59425
1.60484
2.03714
2.14391
1.76733
1.81798
2.08553
1.73452
1.98242
2.80127
2.37091
1.75774
1.94406
2.12508
1.71018
1.55372
1.78568
2.01661
1.99206
1.46663
1.79433
2.20053
1.74735
1.82353
2.07678
2.18935
2.55941
1.62409
2.1226
1.62246
1.73234
1.81963
1.52074
1.67086
2.01069
2.96934
2.38388
2.10209
2.65778
1.5431
2.34197
2.14071
3.32357
2.27742
2.82208
2.22527
2.62449
3.63769
3.94537
4.41024
3.74344
6.54776
6.59301
3.03019
7.0797
7.56281
6.94446
7.32796
6.01491
5.28997
4.22771
5.3596
5.34724
4.02794
4.99975
5.29133
4.22211
4.7671
4.15337
4.80631
4.29452
4.5249
4.93034
4.49409
1.96577
2.20006
2.26965
2.07858
2.03582
1.71059
2.3341
1.82311
1.92056
2.16965
3.29595
1.8012
1.97057
1.78636
4.08578
3.11228
2.26948
2.94753
2.91579
2.08369
3.20555
5.18904
2.69568
2.38804
2.02938
2.20968
2.82608
2.57793
1.80049
3.66573
2.87813
2.41446
3.2679
2.90118
2.17009
2.79728
1.82664
2.74125
3.54922
2.55808
2.14303
3.3341
2.23475
4.42222
1.63614
2.70257
2.63109
2.37401
2.09273
2.15836
2.14255
2.59414
2.30655
2.39725
2.34737
2.83734
2.48652
2.04404
1.92993
2.6321
2.52113
2.54138
2.3387
2.8554
2.59206
2.142
2.11868
2.10702
2.1152
2.35612
2.59139
2.06135
2.84266
2.62684
3.36979
1.7734
3.95601
2.95788
2.62783
2.25037
3.75867
1.86537
3.05198
2.41797
2.82265
2.0902
2.53965
2.82572
2.57722
2.42631
2.34238
2.24471
2.77119
2.50255
2.90824
2.13863
2.68217
1.82256
2.90286
2.65189
2.28272
1.85576
2.81204
2.86278
3.75067
2.1721
3.29596
2.98232
2.67826
2.25875
2.29527
2.26974
3.58664
2.60969
2.755
2.31912
3.42933
2.07205
1.93099
3.05689
2.23929
2.8392
2.00922
2.02186
2.22938
2.85741
2.2666
2.91566
2.8334
4.18417
2.17774
2.22454
2.58156
2.80483
2.43693
2.31297
2.68888
2.44333
2.13298
3.18621
2.0784
2.05308
2.15218
4.63722
2.01378
2.75153
2.38599
2.57133
3.58238
2.82435
2.41317
3.11511
2.81746
3.2986
3.73462
3.42258
5.20497
2.47806
2.39241
1.9747
2.89454
5.29661
2.4165
2.27166
2.17831
2.10509
2.77955
2.64708
2.32837
3.50454
2.59831
2.74977
3.11929
3.94443
1.84093
2.4014
3.8042
2.48597
2.83051
2.81035
2.43307
2.46622
2.38856
2.39494
2.28855
3.32858
2.02864
2.26361
3.1067
2.53724
2.65483
2.0501
2.76136
2.65198
2.5729
1.9614
2.30676
3.39727
2.30013
1.87462
3.20551
3.21168
4.0044
2.53165
2.42257
3.09449
2.06992
2.45391
3.29174
2.48356
3.28002
3.00093
2.605
5.57967
3.12812
2.50321
3.25618
3.69993
3.7042
2.4998
2.6273
2.63601
2.60539
3.78388
3.06576
2.67504
2.5271
2.82534
2.26108
4.22479
4.7041
3.8079
2.16097
3.40968
3.5389
4.44289
4.10929
3.50848
5.26019
4.76827
3.00939
3.575
3.23224
3.34792
3.08664
3.58453
3.05781
2.70022
3.02312
2.79436
2.68804
3.28148
2.46938
2.91445
2.66427
3.04693
2.97618
5.06356
2.43245
2.05114
2.27209
2.00827
3.96522
3.40221
3.52655
4.57192
2.70468
2.86513
2.63929
3.51405
2.66016
6.38129
2.83749
5.58519
2.85517
2.88843
2.6574
2.73382
2.41674
2.88044
2.70919
4.28062
2.81905
2.93505
3.07992
2.75537
3.06124
2.45337
2.68736
2.66017
2.32349
2.80852
4.39454
3.28464
2.87407
2.59645
3.31463
3.02322
2.35412
2.98678
2.36081
2.2697
2.42117
3.43473
1.99419
2.17788
2.26542
2.12113
2.38816
2.17398
1.72362
2.66678
2.00347
2.17099
1.93172
1.82741
2.07857
1.80479
1.85522
1.83855
1.99355
1.64668
2.43889
2.44921
2.16344
1.57199
1.96187
1.71199
1.79158
2.24358
1.66344
1.81214
2.26146
1.91058
1.92661
2.54465
1.48333
1.67014
2.42114
1.52703
1.87314
2.0383
1.96833
2.0057
1.81249
1.89517
1.83476
1.86202
1.31756
2.33529
2.2974
1.80619
1.92424
2.23647
1.62622
1.83475
2.44366
2.32895
2.74956
2.07039
2.41608
1.95575
2.21213
2.05281
2.77592
1.87337
2.17134
2.56899
1.73826
2.07252
1.71778
1.87666
2.42828
2.67883
2.42082
1.95784
1.90135
2.33277
2.11294
2.142
2.64273
1.75828
2.19646
1.18134
1.76161
1.66529
1.9134
1.7058
2.05231
1.50825
1.17215
1.84157
1.69159
1.56713
1.76566
3.4584
2.3748
1.94956
1.63525
2.11507
1.68821
2.85904
2.14782
1.55102
1.69881
3.62557
2.29686
2.68909
2.79231
1.81221
2.37617
3.27006
1.99197
2.58839
2.21417
3.25704
1.95166
1.69936
2.25137
3.13621
2.355
3.82602
2.29866
2.27273
3.13281
1.81345
3.63715
6.35749
3.63411
3.77258
4.13925
4.42719
2.54385
2.28982
1.98763
1.79017
1.7855
1.77463
2.14684
1.88985
1.59774
2.12792
1.76631
2.13627
2.25752
1.98009
2.20075
1.94634
1.77389
2.05974
2.15267
2.24695
2.11619
2.03798
1.89348
2.33292
1.97048
2.05967
1.89047
2.31095
1.7086
2.12517
1.60434
1.5543
2.01145
1.76202
1.60978
1.79748
2.21774
1.82793
2.11356
1.65953
2.04171
1.82938
2.05823
1.83319
2.19253
1.82086
2.01208
2.14216
1.86177
1.68648
2.21348
2.1749
2.38666
2.12286
1.8169
1.78738
2.32867
2.12076
1.65913
1.93174
2.31003
2.27709
2.68351
1.81698
2.11178
1.53787
2.07289
1.97722
2.14799
1.93489
1.96909
2.11618
2.12147
1.8847
1.70012
1.65938
2.60027
1.58598
2.75843
1.85637
2.02501
2.58296
2.22305
1.99227
1.98922
1.99223
2.00891
1.62483
1.83119
1.91317
1.77341
1.94178
1.9055
2.15241
2.69611
2.01388
1.70536
3.07918
1.69801
2.24719
1.52299
1.53993
2.93168
2.27202
2.01858
2.30413
1.60219
3.01033
1.6653
1.90147
2.25026
2.09767
2.5205
1.85559
2.56081
2.13795
2.11952
1.94128
4.05005
2.16605
2.14386
2.35184
1.21983
2.27443
3.15419
1.63611
2.06304
2.09273
2.33267
1.96879
2.52733
2.38733
3.09214
2.27373
2.79939
2.11076
1.95271
2.48617
1.90188
3.30119
2.23175
2.20179
2.56917
2.21384
2.79971
2.54459
3.1448
3.28899
2.1374
2.35956
2.94245
2.22402
1.78678
2.86385
2.62272
2.56265
2.32054
2.51814
2.22355
2.81011
2.70188
2.56141
2.71349
2.35622
2.80642
2.62648
2.80275
2.14808
2.93299
1.60646
2.09137
2.31699
2.74915
1.65501
2.69895
1.62208
1.79326
2.85107
1.64235
2.00213
2.21368
2.58234
2.29532
2.64621
2.16899
2.28317
2.37541
2.47309
1.60144
2.44084
2.11491
2.20511
1.73377
2.58489
2.95488
3.74004
1.92507
2.0524
1.82093
2.68778
2.59036
1.86006
2.59058
2.86622
2.53074
2.95744
2.12676
2.23116
2.25962
2.66811
1.63893
2.76175
1.76847
2.33249
1.97508
2.88717
2.41331
2.37304
1.93729
1.9744
2.31279
2.26191
2.53108
1.87332
2.10957
2.15541
2.50483
2.55094
1.63346
2.08683
2.95771
1.82777
3.03526
3.93024
2.5089
1.63901
3.30328
2.10347
2.16156
3.42683
2.73904
3.46529
2.43102
1.9766
2.84078
2.00707
1.84842
4.26405
2.24953
2.63631
2.85775
3.06384
2.61727
2.83781
3.85313
3.52855
4.06704
2.63526
2.6792
2.86485
2.34473
2.70396
3.42116
2.49371
4.97376
2.89588
2.15265
2.53374
2.40947
3.12804
3.62362
2.05571
2.11654
4.11356
2.11745
3.86229
2.249
7.36707
2.2862
3.62901
2.3333
2.89273
3.04401
1.91731
2.07814
2.25865
2.14627
2.15438
3.04
2.15644
2.0852
2.33742
2.10095
1.94247
2.0435
2.38429
4.93782
1.59696
2.87757
2.00681
2.01966
1.66114
2.48495
2.99742
3.10793
2.47375
2.58504
2.75766
2.371
3.2125
3.20046
1.66565
1.73245
1.62397
1.4619
1.74073
2.05509
2.75208
1.45748
2.17672
1.18699
1.5345
1.31308
2.17982
1.57415
1.37437
1.52968
2.60206
2.34804
1.48068
1.67421
2.43533
1.41339
1.71471
2.13555
2.21071
2.43416
1.34085
1.72912
1.43311
1.50549
1.43784
1.63788
1.83302
1.73588
2.23806
1.85139
1.4898
1.30179
1.5643
1.58621
1.28861
1.78597
1.77143
1.49251
1.87591
1.2969
1.51998
1.5239
1.57028
3.3564
2.27406
1.35832
1.3569
1.57203
3.17207
1.33836
1.42711
1.68638
2.44524
1.71123
1.96998
2.99354
1.72746
2.05219
1.68658
1.60373
3.2213
2.09741
1.59749
1.92814
2.1307
2.91785
2.15336
2.11732
2.13471
2.31588
1.99633
1.4794
1.58968
3.46451
1.35655
2.21994
2.2552
2.58612
2.13242
2.82071
3.14879
2.16813
2.53909
2.30421
2.85805
1.94635
2.24786
1.5878
2.22451
1.64225
1.8783
2.35399
1.707
1.99844
2.58669
2.14227
1.50004
2.16253
1.38288
1.68812
1.80074
1.33781
1.42718
2.15801
1.51873
1.82519
1.40933
1.5013
1.40158
3.13418
2.80208
2.43452
1.9821
1.67245
3.02333
2.00956
2.68434
1.66281
1.62758
1.69477
2.03696
2.00721
3.49899
2.1658
1.51491
1.96081
3.06194
3.38632
3.39088
3.69759
1.55722
1.59834
2.18898
1.40244
1.65079
1.83857
1.88047
1.43391
1.38087
1.89491
1.58091
1.73127
1.7508
2.24815
1.5332
2.71244
1.84753
1.64361
1.49919
3.3015
1.43601
2.65324
2.54684
2.28879
3.23395
1.68387
2.81877
1.42799
2.43512
2.7729
1.56684
1.91513
2.18613
2.61905
2.3198
2.13193
1.51563
1.5302
2.1232
1.81175
1.98303
1.91873
2.02723
1.56788
2.79405
1.71032
2.46546
1.86045
1.94124
1.88685
2.50553
1.86193
2.04116
2.1001
1.64847
2.12076
1.75551
1.65926
1.54386
2.91808
1.72188
1.16221
1.59627
2.93997
1.69877
3.65146
3.04589
1.77692
2.64394
1.41305
2.52182
3.72555
2.27347
1.49644
3.71526
2.59646
1.37029
1.58796
2.50973
2.01198
2.75201
2.62659
2.93151
3.13878
2.63866
2.31504
2.93921
2.91841
2.94197
1.99659
3.22367
2.68096
2.95366
2.68795
2.7473
3.06884
2.15431
2.555
3.46981
3.33181
2.60261
3.23331
2.44996
3.58926
2.86496
3.46088
2.54343
2.46571
2.55133
2.30262
1.93734
3.11827
3.01029
2.47212
3.77669
2.7657
3.22696
2.75648
2.59325
3.34011
2.36784
3.21088
3.54357
3.55458
3.20991
3.16879
3.21926
3.85266
3.13015
3.78871
3.73173
3.55818
3.54721
3.22455
3.83078
3.96004
3.15867
3.70578
3.4566
3.21223
2.23781
3.34951
3.3946
3.6522
4.48352
3.29783
3.99779
3.24308
2.6632
3.17712
3.37757
3.88255
3.37213
4.26549
3.57455
3.78391
3.3918
3.19043
3.74997
3.00575
3.61872
3.07953
4.05821
3.35939
3.2331
3.43578
3.21258
4.13085
3.45853
3.73979
6.73027
3.0024
3.26376
3.58269
3.50881
3.5104
4.58051
3.51982
3.24028
3.43808
3.36
3.03006
3.63929
2.66638
3.3343
3.50753
3.37098
3.81173
3.43475
3.82126
3.65167
3.48892
7.36199
7.4146
2.8877
3.98745
2.96016
3.8128
3.29724
4.1267
2.81862
3.78529
6.17631
3.88463
5.67395
3.36391
3.37396
3.50634
3.14579
3.49338
3.50361
3.52038
3.90344
4.04168
3.98993
3.93122
3.3283
4.13279
3.23282
3.77702
3.58671
3.12584
3.45244
3.73988
3.05838
3.53962
2.79016
7.02312
3.91059
3.53601
3.94849
3.88857
3.05826
3.44096
4.39037
4.05097
4.15383
3.32735
3.21795
3.09267
4.30279
3.13208
3.18197
3.33678
2.83283
4.20256
4.41468
3.11337
4.84044
3.60954
3.50515
3.00908
3.52541
3.36511
4.33256
4.2415
4.36026
3.10717
5.28989
3.318
5.09647
5.0512
4.40389
3.41751
2.98586
5.39592
3.49199
2.93539
4.95273
2.82113
5.52302
3.06953
2.72404
2.9375
4.80492
3.91375
3.18724
3.8851
2.26512
3.50776
3.7035
3.35116
3.18381
3.44784
2.93454
2.89339
2.97824
2.97543
3.38879
6.44865
4.90177
3.19753
3.40548
3.34125
6.20548
3.13755
5.46937
3.07037
4.44016
3.07864
3.79177
3.75687
2.63117
3.36768
4.0132
3.20769
3.39172
3.19462
2.91008
4.38625
3.6855
3.63867
2.80066
3.2037
3.6426
3.73841
2.8702
3.63276
3.93473
2.76773
4.09703
3.94808
2.70935
3.83319
3.11834
4.28426
3.28257
3.22701
3.73311
3.59301
3.86513
4.35512
3.17701
4.80526
3.16062
3.76637
3.51531
3.13599
3.67472
3.81929
3.02512
3.75316
3.94536
4.61995
3.65073
3.39562
4.1819
5.27947
4.18193
4.33931
4.12608
3.86762
3.79737
4.16226
3.44387
4.00086
3.73054
4.0735
4.26878
3.49982
5.42764
4.59336
3.69014
3.88936
3.72525
5.49463
3.46375
3.2149
3.06168
4.64974
4.10198
2.66624
2.31428
2.56281
3.1587
2.21393
2.73625
2.87135
3.70166
2.54276
3.15579
6.12048
3.42733
5.30839
7.05089
5.60075
11.7682
5.95114
7.20493
18.0328
12.0201
14.4361
7.31078
6.03827
6.23915
9.07169
7.87109
6.95291
6.41391
9.32876
8.59536
7.70859
7.09776
8.04122
7.05485
6.22561
6.22893
6.58059
6.814
5.96809
6.16557
8.32525
5.94867
7.06379
6.7475
6.18116
6.64585
6.07742
6.56781
6.91859
9.14992
6.36997
7.55344
6.58336
6.36294
5.96889
5.75887
6.09254
7.1399
8.0116
6.55246
6.90055
6.33519
6.92987
7.51877
7.2517
6.54142
6.83576
9.14129
5.58696
6.50646
6.29193
8.39363
6.4173
5.95718
8.44611
6.62783
6.45944
6.33436
7.54245
5.99554
6.61022
5.65344
8.29516
6.24644
6.60662
8.13653
6.39283
6.68011
6.57613
7.32292
6.49023
7.65116
6.37908
6.70118
8.21405
6.55209
8.44862
7.86281
6.9328
7.84561
6.19122
7.84437
6.3346
6.28463
6.69499
6.51739
6.79691
8.00009
5.37618
8.03766
6.1546
6.15646
5.94713
6.3664
8.79473
8.15564
6.51633
6.46615
6.09798
7.90232
6.4984
5.90351
6.18094
6.81053
7.23689
6.30095
5.93869
5.95669
6.22448
6.41406
6.28236
5.93576
6.18264
6.31092
6.23392
7.84294
8.63153
5.84707
6.53985
6.93161
6.24196
6.36872
6.09417
6.2266
6.91143
6.06544
5.83547
6.82441
7.05058
7.37696
6.37215
6.02836
7.36167
6.57945
6.54279
8.45218
7.4218
6.21322
6.37338
7.05175
7.69951
5.59695
5.70088
6.72799
7.0561
5.70164
5.86042
7.09638
6.76709
5.74006
5.34204
6.86544
6.74635
5.61328
5.84449
6.86423
4.70471
5.66125
6.00733
2.49802
2.4114
1.94434
3.29659
3.16165
3.05178
3.70302
2.0538
3.22808
2.20547
2.5092
2.79266
2.08986
1.95129
2.01199
3.73746
2.77068
2.75985
2.49744
2.56185
2.54436
2.4802
2.86162
2.20025
2.35078
2.66638
2.63811
2.92481
2.82668
2.72015
2.35627
2.17903
2.59342
2.68125
2.26267
2.7079
2.64135
2.3933
3.16916
2.00744
2.83797
2.86636
2.44839
2.33043
3.44692
2.94019
3.04905
3.57637
2.5242
2.52819
2.11007
2.3796
3.37024
2.59464
3.35092
3.41089
1.94945
1.89368
2.4734
2.84796
2.3918
2.61397
2.56419
3.44713
2.67968
2.80692
3.06725
3.15988
2.79265
2.27374
2.5403
2.91822
2.45628
2.28571
2.863
2.32713
2.75757
2.82477
2.54591
2.76942
2.48896
3.11255
2.43297
1.25565
2.18227
2.06501
3.88611
2.35071
2.41973
3.29475
2.93253
2.64721
2.78813
2.43678
2.75196
1.94968
2.24664
2.11265
2.29377
2.04842
3.29156
3.78506
2.08387
2.04873
5.21078
2.25622
2.0252
2.26777
2.15101
2.28021
2.58975
3.66669
4.27345
2.28197
2.54508
2.43441
2.17562
2.23339
2.74811
2.3204
2.73048
2.47497
2.7603
2.53934
2.93511
3.06998
2.83741
2.15957
1.8888
2.8359
2.23061
2.13935
3.801
2.9244
3.51417
5.18613
3.45282
2.32512
2.46733
2.7462
2.56991
4.19077
2.79938
3.15318
2.36907
3.17622
3.20534
2.87847
2.83438
3.29499
2.42474
2.6568
2.71154
2.90546
3.06901
2.69587
2.69616
5.22108
1.93059
2.98062
3.47126
2.36642
3.82159
2.95222
2.94753
2.35172
2.86801
2.69924
2.53908
5.20357
2.63195
3.59954
2.28885
2.87376
3.37576
4.49708
3.699
4.26041
3.50008
3.31407
2.8934
5.11427
2.77772
5.05102
5.51934
3.63809
2.43841
5.28277
5.32613
3.62201
2.96199
3.05129
2.76769
2.24748
2.60336
3.35846
2.48121
3.16673
2.41018
2.94206
1.51732
2.20183
2.33985
2.47207
1.57093
3.13674
2.61045
2.0164
3.37411
2.8089
2.46197
2.52676
2.33358
1.82861
1.44011
2.99228
2.63972
2.85898
2.66668
3.30299
2.61871
1.90226
2.23156
2.52088
2.01441
2.53112
3.5896
1.76485
1.66722
1.62266
2.35497
2.20845
2.21469
2.6067
3.71931
2.44341
1.95527
2.66553
2.53502
2.93632
2.47528
2.71638
2.79779
3.05601
2.45256
2.95536
2.95124
1.84934
2.23152
3.01455
2.97809
3.33217
3.56588
2.22378
3.32414
3.11403
2.47122
3.88292
2.97823
2.55075
2.88266
2.92389
2.87991
2.45238
2.70737
1.84349
2.70699
1.92191
2.59699
2.16243
2.12823
1.80901
1.64149
1.5294
1.76911
1.81461
2.08925
2.6901
2.4821
3.33273
2.27107
1.92975
2.02032
1.99341
2.27594
2.55008
2.6701
1.96628
1.8926
1.8221
1.49755
1.49476
2.3803
2.76033
2.11095
3.07373
1.53429
2.39474
2.18227
2.17718
1.63761
2.19843
2.17244
2.10398
2.48086
1.79046
2.53786
1.94795
1.63546
2.83191
2.80474
2.06593
4.56797
4.25692
4.82146
4.25431
2.28223
2.47897
3.40069
4.31347
3.35699
2.21995
3.92183
3.24696
2.72978
1.89104
3.64595
2.59209
2.54835
3.51905
3.24954
2.4131
3.85839
4.67467
2.26238
3.719
2.80558
3.16372
3.56273
3.86496
2.64016
2.11968
1.76764
2.95464
2.33399
3.16543
1.37544
3.9248
3.73338
2.25717
1.76984
1.97864
1.86007
1.86469
1.63376
1.61098
1.74358
1.88914
1.90803
1.86604
2.22744
3.033
2.18449
2.40303
1.82242
1.78578
1.84079
1.85131
2.72367
2.0542
2.36084
2.48314
2.17751
1.70172
1.84697
2.17531
1.5892
1.4711
2.08722
1.62747
3.78704
1.5608
1.87255
1.58109
2.52682
1.6988
1.88109
3.15964
5.20874
2.07565
2.80491
6.29658
3.36893
3.93806
4.50047
2.25547
4.95539
5.25286
3.82478
3.6874
3.67895
2.09755
5.92291
2.2741
5.92361
3.79318
2.48105
2.84271
3.63474
3.68632
2.42939
2.20631
1.55076
3.44895
6.18851
1.93137
2.14537
3.30294
6.13768
2.19729
4.52218
2.84652
2.91687
2.73175
3.4423
2.23872
2.35554
2.2695
1.80888
4.01859
1.73702
2.93418
4.21934
2.71672
3.31421
3.41586
1.97501
3.70241
2.34663
3.16052
3.1159
2.0518
4.10174
2.64331
1.54634
2.47117
1.61751
2.72763
1.49346
3.9592
3.07607
3.57271
3.50945
2.34989
2.29201
2.35287
1.7042
1.61929
6.55896
3.8165
3.56487
3.48766
2.31538
6.53357
3.18217
2.45868
3.43486
3.63144
3.17285
2.59296
3.89851
5.79551
1.74511
2.09309
3.39699
2.2175
3.49234
2.71948
3.51686
3.76511
2.008
4.29467
4.49417
4.32846
2.3072
2.55077
2.31355
1.96133
1.97146
1.79606
1.64858
4.62254
2.96552
1.55207
2.40695
3.00846
2.4263
1.63866
2.32045
2.44146
2.82632
2.76747
2.32391
2.45974
2.11346
2.76766
2.89242
2.92314
2.38248
2.09807
2.66887
2.6184
2.25567
2.58219
2.16433
2.27912
2.22354
2.36156
2.55719
2.95833
2.7892
3.24541
2.10375
2.56269
2.46741
2.84244
2.71683
4.60754
2.86504
2.07971
2.00605
2.82879
2.52121
2.55897
2.15445
3.76821
3.7742
2.07255
2.40499
2.57822
3.90345
2.51893
2.47124
2.2153
4.731
2.79783
2.08533
2.37749
2.26107
3.00852
3.45076
2.55079
2.31974
3.09183
2.37158
2.4769
3.53612
2.21846
2.32547
3.80623
2.35715
2.55354
2.44283
2.83403
2.45
2.99005
2.23264
3.98545
2.7097
2.72234
2.98228
2.67554
2.4012
2.33059
2.80272
2.84949
2.66226
2.64808
2.68758
2.99194
3.03845
2.39825
2.29363
2.44756
2.27127
4.08125
2.46528
3.15703
2.45285
3.24195
2.83721
4.61314
3.29022
3.23435
4.79916
3.75916
2.76406
4.15299
2.70411
2.55491
2.57749
2.47567
2.37744
2.04209
2.51948
5.47369
2.47828
2.30651
2.35677
2.5175
2.5846
2.75622
3.56416
2.58185
2.0893
3.49511
2.62238
3.71021
3.32746
2.44487
2.72042
3.29781
4.33146
4.23735
2.41296
3.3692
2.8527
3.04384
4.2044
3.19901
3.44992
3.58088
3.20273
2.86879
2.93893
2.69121
4.98468
2.56396
4.57217
3.28714
3.17503
2.91825
3.08773
3.55569
2.77218
3.28324
2.61376
2.51156
2.34776
4.19199
4.53482
2.68647
3.00042
3.00028
2.74252
3.97852
3.48767
3.43801
5.09983
2.12365
2.59298
3.48791
2.41385
2.72696
4.31348
3.62142
3.20268
2.98071
3.58807
2.73872
2.86252
2.8994
3.52753
2.76629
2.70416
3.59225
3.89694
2.84399
3.78219
3.6056
2.92591
5.27833
3.38687
2.95942
4.47063
3.27001
2.8442
2.77822
3.24493
5.5029
6.09253
5.79903
3.13013
2.85826
3.85662
3.59547
3.80773
3.67833
3.87375
4.47909
5.2237
3.96661
3.23723
4.62519
4.0714
5.32625
4.00779
3.91442
3.99116
4.14038
3.77569
4.41645
5.19093
4.25092
2.67854
3.75447
2.5163
4.26916
3.08032
3.01117
3.7202
2.47699
4.54812
2.46183
2.96914
2.94403
3.3699
3.28915
2.64671
2.11597
3.29636
2.68921
2.76695
2.85832
2.98816
2.32438
3.29557
4.08502
3.13685
2.16239
2.76908
2.8244
1.96639
2.61009
3.64139
2.19639
2.85151
3.52734
2.63554
3.08198
3.41942
3.00571
2.70543
2.7497
3.49018
2.89277
2.2771
2.65377
3.71579
3.71841
3.12729
2.71054
3.16295
3.47437
4.59533
2.57739
3.41801
2.29626
2.21588
2.53936
2.71202
3.3864
3.32524
3.13174
2.5616
1.94037
4.03096
2.93559
2.33337
2.85471
2.99118
2.29269
2.78604
2.0029
2.43846
2.6819
2.15558
2.27268
2.08281
2.49306
2.47258
2.59841
2.78974
2.1888
2.1422
3.2158
2.68996
2.83683
2.61521
2.64231
2.08128
2.32199
2.59805
2.04047
2.40247
2.41436
2.40934
2.65602
2.86624
2.69581
2.34886
2.10903
2.76683
2.06308
2.86347
3.23113
2.71853
2.32284
2.48901
3.67824
3.44041
3.32381
2.96811
3.43749
3.54466
4.31398
3.82988
2.28358
3.04225
4.25872
3.46954
3.57984
3.64185
3.87139
3.92797
3.6266
2.29885
2.13807
2.24702
3.77843
2.40671
2.9033
2.35321
3.00674
3.75609
2.55275
3.03888
3.67398
3.66544
2.40873
2.61571
3.35086
2.83411
2.8331
2.71677
2.73878
3.13589
3.54617
2.58823
2.38192
3.5781
3.12312
2.16633
2.10003
3.6019
2.71749
3.3385
2.01313
2.68301
2.68328
2.68561
3.73376
3.11376
3.27678
4.01162
2.4201
2.55351
2.92972
3.17799
3.74342
2.77231
3.85333
2.00754
3.54817
2.98034
2.16203
3.04806
3.73567
2.94078
2.50825
3.36728
2.37716
2.87136
2.65579
3.81636
2.72037
3.20411
3.86661
2.47561
3.5627
3.06717
2.4906
2.23571
2.61229
3.3553
3.41286
2.85926
3.27135
2.26582
2.03496
2.70991
2.31823
2.32351
2.34836
2.42435
2.27289
2.23178
2.1925
2.78091
3.49635
2.15846
2.13725
2.26669
2.38574
2.52845
2.28913
2.13298
1.88975
2.4455
2.41358
2.30909
2.34291
1.99214
2.31956
2.28633
2.12384
2.4113
2.5741
2.50236
2.698
2.70329
2.58597
2.44846
2.30159
2.20913
2.6276
2.07522
1.93664
2.52246
2.60654
2.09287
3.01444
3.01991
2.74577
2.40123
2.40192
2.29839
2.5261
2.11235
2.26352
2.65697
3.20139
2.14581
2.35509
2.5612
2.33218
2.75444
2.36969
2.68981
4.62285
2.56692
3.13735
3.08553
3.31132
2.8911
2.14463
2.67042
2.23186
2.53525
2.30099
2.39738
2.20511
2.5842
2.16074
2.998
2.5185
2.67627
2.66137
2.35832
2.64051
2.31766
2.68943
2.39512
2.24514
3.18726
1.78643
2.77627
2.79468
2.6469
2.8167
2.4779
2.56308
3.34342
2.4941
2.23458
2.12861
2.81125
2.63818
2.39611
2.56243
2.59692
2.48903
2.28828
2.07067
2.24667
2.27634
2.74953
2.50446
2.85777
3.10431
3.45838
2.29737
2.90544
2.47149
3.28831
2.0816
2.50784
2.4057
3.90149
2.75055
2.01748
2.37196
2.1252
2.66697
2.0551
1.98679
4.40505
3.02264
3.79784
1.84481
2.75235
2.00333
3.2641
3.21407
2.4078
4.29403
4.7965
3.53643
2.82003
4.969
2.39394
3.34213
2.72108
2.21335
3.19454
2.28425
2.57926
3.33395
2.33797
2.56515
2.37618
5.14479
3.89813
4.30704
1.49125
2.03819
1.41491
2.43804
2.25812
2.34055
2.27568
3.65997
2.32021
1.92407
2.59573
2.1719
2.78184
1.86945
3.28844
2.09728
2.49265
2.0522
2.58333
2.58618
3.06218
1.94438
2.83662
2.99431
2.95383
2.12093
1.28584
2.87563
2.63192
2.3014
2.31233
2.30216
1.74695
3.16429
2.20195
2.80555
2.74781
2.78736
2.54566
2.42801
2.13079
2.81346
2.09346
2.78669
2.09461
2.1411
2.88711
2.83644
2.43042
2.6663
2.20879
2.45083
1.6182
2.14691
2.0603
1.40929
2.0948
2.20224
2.24541
1.46589
2.83526
2.11102
3.07964
1.34113
1.52862
2.63581
1.41464
1.2771
1.47167
1.34601
1.63536
2.19582
1.58497
1.93344
2.34261
2.31013
1.07388
2.42023
1.36015
1.48058
1.63897
1.98541
1.81854
1.96878
1.69429
2.00687
2.6406
1.31527
1.43065
1.80534
1.8756
2.2664
2.87976
2.33803
2.31799
2.39298
2.28015
1.81237
2.32019
2.51632
2.4973
2.2698
1.6833
1.43917
2.04832
2.00141
1.57602
1.7247
1.51774
1.70208
2.46306
2.35815
1.67154
1.89187
2.26034
2.82249
1.74836
1.79233
2.02734
2.13615
2.30993
2.20707
1.94424
2.06658
1.98231
2.67942
1.7765
1.99641
2.60452
1.7342
2.38094
2.17438
2.5001
1.80634
1.38129
2.2962
2.18055
1.85389
1.72536
1.5728
1.88677
2.32897
1.8779
2.19102
1.17506
2.68611
1.63373
1.67507
2.04728
1.87023
2.66023
1.89498
2.32629
2.23715
2.11497
1.4593
2.08413
1.85442
1.91599
2.19312
2.18826
2.70855
2.54306
1.21734
3.21478
1.72096
2.16689
1.63882
1.937
1.86842
2.22362
1.64194
3.25446
2.37082
2.23077
1.89621
2.3258
1.27159
1.2637
2.45103
1.84765
2.36177
2.59881
2.28864
1.80249
2.10443
1.62132
1.96259
1.42656
2.16851
1.76564
1.96645
1.95937
2.25731
1.52827
1.98392
1.54468
1.72667
2.36234
1.65353
2.14835
2.31304
1.93942
1.81911
3.18899
1.93358
2.80556
2.63337
2.73743
2.29523
1.80937
3.18319
2.90488
1.98441
1.39056
3.42228
3.4064
2.41852
2.10741
2.44001
1.70234
2.20343
1.67625
3.17743
2.26348
2.29171
2.32628
2.45152
3.03033
1.96601
2.61499
2.72488
2.87973
2.80839
2.71707
2.6713
2.48951
2.66735
2.70589
2.84777
2.10682
4.43241
3.30352
2.71162
2.69107
2.17136
2.08973
2.99912
2.35909
2.21265
2.98404
2.64891
2.43579
3.18
2.85751
2.71905
2.72271
2.21774
2.9071
2.6269
3.46904
2.76467
1.95684
1.98586
3.39456
2.80574
2.70763
2.90983
1.90793
2.46299
2.73232
2.67282
1.72635
2.93936
2.01018
2.27612
2.6128
2.66178
2.928
1.98674
2.30604
2.19261
1.54929
1.81229
1.62433
2.63679
1.66895
1.58602
2.1023
1.50421
2.7406
2.17779
1.64291
1.66437
1.848
1.39463
1.5525
1.60873
1.33711
1.83002
1.77735
1.98765
1.48697
1.65332
1.53332
2.0288
1.8245
1.75449
1.5539
1.49595
1.66815
1.47
1.54623
1.93799
1.86753
1.60823
2.00198
2.18278
2.0704
1.7245
1.48788
1.95117
1.98208
1.66352
1.99879
1.65529
1.54527
1.82838
1.62239
2.53849
1.51356
2.12038
1.73768
1.74748
4.17366
1.59119
1.7765
1.42502
1.87027
1.77264
1.51382
1.45219
1.4423
1.80327
1.50498
1.69563
1.54807
1.7562
1.40414
2.30419
1.43366
1.48543
1.61492
1.35134
1.56042
1.42088
2.03965
1.94026
1.56877
1.74704
1.51483
1.40354
2.25273
1.42083
1.63791
1.42902
1.87961
2.23502
2.26864
1.78014
1.81551
1.49403
2.07988
1.63245
1.99666
1.44246
1.41846
1.63248
1.85121
1.87016
1.49623
1.57645
1.75827
2.38628
1.56782
1.64282
1.55261
1.74672
1.91357
2.12774
1.57981
2.10532
1.86418
1.55531
1.76978
1.27332
1.39359
1.82902
1.90486
2.83606
1.56581
2.08044
1.90464
2.29215
1.83012
3.08435
2.40289
1.5414
1.66181
1.89824
1.63304
2.37637
3.13371
2.61808
3.93208
1.68947
1.71127
2.03441
2.54083
2.20984
2.49962
1.83441
2.20437
2.25051
1.51905
1.56345
1.78276
2.05995
2.03565
2.14061
1.78578
1.65223
1.91598
1.60521
2.17204
1.82197
1.57353
1.41237
1.18653
1.97297
1.63976
1.39455
1.55266
1.36267
1.37514
1.99217
1.29838
1.45432
1.37867
1.99257
2.8304
1.83113
1.49287
1.33677
1.32259
2.682
1.34111
1.75511
1.5071
1.24327
1.33029
1.32693
1.29289
1.58703
1.40116
1.52683
1.87925
1.49559
1.58124
1.64655
1.30243
1.41558
1.37446
2.56251
1.66568
2.37396
1.46129
1.35017
1.4297
1.90793
1.42573
2.79503
1.88147
1.74971
1.43176
1.55175
1.93419
1.59851
1.84681
1.36729
1.76154
2.01097
1.73613
1.47001
1.66602
2.49088
1.46859
1.72302
1.62738
1.17453
1.83461
1.48307
1.82546
1.69476
1.93661
1.7839
1.3102
1.68367
1.89973
1.63216
1.25374
1.38238
1.7716
2.20984
3.5992
1.69288
1.51626
1.84425
1.3897
2.04022
1.67183
1.5753
3.8653
1.62285
1.90839
2.05203
1.82734
1.46392
1.49866
2.91057
1.35581
2.04361
1.50598
1.28793
1.85531
1.80916
1.82919
1.56284
1.48618
1.53211
1.5374
2.66741
1.7405
1.27465
1.81348
1.47591
1.41187
1.92835
2.60007
3.25359
2.00539
1.77003
1.50087
1.61559
1.62931
2.55938
2.89654
2.34987
3.32389
2.37927
3.05603
2.72253
4.14055
2.83708
2.65456
2.17548
2.22692
2.91411
2.25988
2.03583
1.58825
2.89076
2.274
2.81499
2.6913
4.73915
3.77962
4.79152
2.67385
5.06173
5.30197
3.212
4.06349
4.42041
3.47927
5.91382
2.14973
3.04933
3.16267
3.55823
2.27821
2.87744
2.31293
2.18532
3.1976
3.02495
2.45591
4.05827
3.90328
2.54574
3.55857
5.60245
3.15692
1.78013
1.64618
1.61462
1.5722
1.91368
1.71407
2.41062
1.94964
1.67554
1.54066
1.90073
1.97842
1.59995
1.61444
1.67901
2.01633
2.09817
1.73118
1.89794
2.19311
1.66204
3.04622
1.45777
2.3227
1.55578
1.43211
1.98629
1.89725
1.5618
1.93162
1.97367
2.55705
1.61072
1.54601
2.32388
2.41391
2.69587
1.49066
1.28253
1.34637
2.85259
2.52714
2.40659
1.66101
1.39237
2.77341
3.18164
1.50205
2.27641
1.51385
1.46667
1.28455
1.54166
1.86978
2.34082
1.65
2.71161
2.01962
2.14687
1.2383
1.68964
1.00208
1.40252
2.43277
2.45239
1.09305
1.4578
1.33884
2.10233
1.45082
1.34469
1.36849
1.56598
1.22783
1.8944
1.77996
2.21886
1.46145
2.4762
1.91525
1.80069
1.17574
1.61336
1.49302
1.27422
2.02985
1.73488
2.07203
3.30177
1.28667
2.40514
2.72443
1.67319
1.98242
1.81961
1.76466
1.72809
2.1232
2.04188
2.0727
1.82122
1.45687
1.60485
1.37923
1.90384
2.66141
1.74372
2.34286
2.14508
2.2541
1.62833
1.4612
2.4102
1.93476
2.60985
2.31949
1.72081
1.68222
1.79056
1.47276
2.11706
2.89583
1.80132
2.57369
1.59473
1.47317
1.80562
1.09537
2.06254
2.14102
2.0705
1.77812
1.85405
2.22801
2.02067
1.80512
1.47053
2.50566
1.31477
2.0145
1.69483
1.29512
2.16506
1.96533
1.3947
1.46446
1.23844
1.34613
2.12758
1.0778
1.96408
1.61585
1.3543
2.16375
1.63515
1.73083
1.49543
1.24459
1.61148
1.4677
2.11031
1.42035
1.85859
1.2601
1.74075
1.79218
1.92037
1.28484
1.49057
1.72158
1.81625
1.75296
1.4917
2.02626
1.4944
1.32977
3.39333
1.47721
1.33787
1.43262
1.51716
1.37255
1.76107
1.69596
1.41185
1.66563
1.54195
1.74012
1.29898
1.50127
1.41579
1.87065
2.18499
1.50745
1.76564
1.43785
1.23459
1.97383
1.50051
1.99987
1.24568
1.68462
1.63476
1.90936
1.57371
1.29819
1.45173
1.38643
1.3866
1.38111
1.46643
1.77117
2.56744
1.83117
1.69798
2.23613
1.73137
1.49641
2.06493
1.45803
1.26835
1.66432
1.52043
1.49775
1.42265
1.72654
1.63792
1.45381
1.77039
1.42492
1.18492
1.75277
1.56847
2.03732
1.61428
1.49868
1.66732
1.90094
2.19277
1.88355
2.82811
2.6635
2.50413
2.99739
3.52428
2.3267
4.08877
1.42155
1.4006
1.34213
2.06999
1.58639
2.06088
2.07846
2.18236
2.03499
1.88177
3.71426
3.19392
2.17503
1.56439
1.86709
1.54295
1.5632
1.28114
2.07623
2.51392
2.13275
2.02441
2.88566
1.61586
2.16421
2.32223
1.82273
1.9733
1.76926
1.51488
4.04379
3.26413
4.50276
1.68044
2.08276
2.65669
1.88852
1.77658
1.59749
2.53934
2.43789
2.79089
3.1
1.79595
1.74312
2.38037
1.86259
2.71224
2.29679
2.09977
2.70831
1.94781
2.02771
1.83085
1.74049
1.96413
2.18469
2.4697
1.77875
2.20827
1.62409
2.20328
2.4408
2.56855
2.33828
2.17798
2.64275
3.39132
2.26737
1.62497
2.25804
3.63483
3.53221
1.71924
2.06296
2.73743
2.22972
3.59857
2.53949
2.09574
2.04694
2.17637
2.90527
1.81291
2.11564
1.89852
1.59661
3.24454
2.67286
1.79633
2.01602
2.08099
1.68866
1.85995
3.21891
1.4402
3.91137
2.05354
1.89721
2.03911
1.86672
1.70056
2.08607
1.99736
2.22963
2.03705
1.87141
1.86459
2.22678
3.30737
2.15599
2.36921
1.82444
1.91917
1.92238
2.26783
1.76837
2.342
1.60627
2.09063
2.24851
2.9114
2.19903
3.40907
1.7258
2.00449
3.42863
2.05
1.64308
2.53589
1.70258
2.42492
1.85284
2.13509
2.22288
1.98929
2.10299
2.81775
2.04486
1.78392
2.81423
2.06196
1.8974
1.53858
1.71819
1.74886
1.99068
2.00375
3.10877
3.43425
3.4674
2.32132
2.3585
3.70596
1.92483
2.52559
2.00662
1.88612
2.17095
1.81807
2.07696
1.97528
3.19993
2.12158
1.98899
2.31631
1.62545
2.08281
2.67767
3.26196
1.72339
1.5816
2.19695
1.85916
3.1796
2.18906
1.69175
2.76355
1.75991
2.40835
1.68912
2.10825
2.30812
2.47109
2.88124
2.12027
1.7663
2.2981
1.68533
1.6297
1.87179
2.09303
1.79685
1.99709
1.93543
2.92244
2.41871
1.88493
1.43921
1.79921
1.83901
2.43286
1.52257
3.95557
2.56314
1.37385
2.00655
2.33094
2.7512
1.44884
1.21527
1.71399
1.62771
1.46945
1.66549
1.55604
1.35361
1.67222
1.47008
1.90003
2.5746
2.2568
1.79552
2.02552
2.09458
1.77436
1.73186
1.97067
1.90738
2.57767
1.39388
1.38606
1.61187
3.44391
2.63418
2.18717
2.44205
2.70116
1.91109
1.91488
1.71482
2.60098
2.55824
1.34412
1.44278
2.63396
2.31368
1.67358
1.61964
1.39257
1.65238
1.75166
1.66051
1.98067
1.49848
1.92584
2.18967
1.88066
2.97314
1.56487
1.44984
2.0753
1.526
1.70081
1.61275
2.05589
1.71235
1.80086
2.07499
2.59784
1.44769
2.19078
1.92684
2.92453
1.41456
2.06062
1.45329
1.78502
1.51104
3.18567
1.6923
1.7942
1.75563
1.83107
2.57023
1.39516
1.40489
1.8552
1.73583
1.88116
1.6198
1.70773
1.6803
1.68001
1.72096
2.01034
1.70588
2.80273
1.5279
1.56651
3.50716
1.46897
1.64924
2.10155
1.91722
1.95603
2.16367
2.16969
1.51466
2.4107
1.65774
3.09882
1.19055
2.07337
1.81898
1.54047
1.45974
1.90572
1.45371
1.81472
1.84363
1.63456
1.45708
1.52342
2.10537
1.76234
2.09011
2.42721
1.4343
2.36949
2.22301
1.39605
1.40338
1.30752
2.69508
1.93343
1.71262
1.72552
2.05563
1.87446
1.49496
1.62172
1.56847
2.65853
2.03458
3.04711
1.88708
1.45925
1.34279
1.90153
1.69787
1.66666
2.49228
1.6808
1.79814
1.41654
1.53208
1.53802
2.83924
1.83532
2.01081
1.85067
3.46048
1.97242
1.63294
1.88466
1.4056
1.4826
1.28623
1.65144
1.58604
2.49399
1.45772
1.48735
1.62501
1.61889
1.79556
2.83149
1.9093
1.4967
1.70291
3.06609
1.87
2.85955
1.65922
2.02868
1.57949
1.65857
1.49841
1.85848
1.72678
1.77133
1.37499
1.52011
1.43712
1.9306
1.49717
2.01482
2.11085
1.87001
1.92938
1.54859
2.02381
1.54587
2.608
1.91708
1.40113
2.19393
2.14048
1.70006
2.18339
1.55589
1.74843
2.30144
2.12925
4.94619
1.93867
5.29492
1.67001
3.85479
1.93981
1.88377
2.98754
2.00844
1.79313
4.74866
3.16208
2.40748
2.13096
1.43356
1.88829
2.00315
1.77332
1.89544
2.00691
1.52112
1.81925
5.31563
2.11125
1.88643
2.0869
2.51661
2.00091
2.17711
1.68056
1.49109
1.54414
2.90612
1.45551
2.06592
1.99335
5.32633
2.22532
1.80513
1.99749
1.66166
1.31154
1.72179
1.77815
2.00732
1.69803
1.98313
2.30829
1.73817
1.98095
1.90602
1.9382
2.13629
1.71578
1.69272
2.18194
1.74106
1.38402
2.21994
2.26619
1.70207
1.64418
1.86244
1.76494
1.88968
1.86467
1.23072
1.59781
2.3074
1.55113
1.6595
2.26813
2.65939
2.25954
2.55617
1.60721
2.14941
1.83906
1.59561
1.62653
1.19988
1.54065
2.16905
1.80054
1.70698
3.05208
1.51589
1.71254
1.66929
2.36381
1.57115
1.60817
2.35155
1.39186
1.53783
1.5085
2.07724
1.96194
1.5299
1.54523
1.79263
1.69493
1.99481
1.39584
2.27287
2.14763
1.72711
1.42906
1.13912
1.57295
1.61134
1.50588
1.52948
2.26437
1.49363
1.98914
2.03755
1.38933
1.71544
1.64131
2.26786
2.36967
2.1108
2.96169
1.44593
1.1674
2.07994
2.58211
1.62384
2.86585
1.73818
2.15748
1.30519
1.54239
1.46251
1.70154
1.5968
1.69186
2.3568
2.2613
1.65096
1.66766
1.43215
2.24894
1.676
2.08408
1.48288
2.23969
1.62665
1.48619
2.18022
2.19541
1.67452
2.14437
2.15641
2.32457
1.90252
1.57027
2.23264
1.99977
1.87981
1.87669
1.34063
1.90388
1.67661
1.41885
1.46728
1.83347
2.44041
1.60267
1.72728
1.71162
1.93122
1.68585
1.99386
1.87918
2.03513
1.57862
1.54458
1.64432
1.43691
2.10069
1.74324
1.66134
1.50121
1.96023
2.16027
2.02186
1.80767
1.40139
1.95645
1.84028
1.79553
2.23423
1.43465
1.46695
1.22522
1.75427
1.65236
1.55981
4.22754
1.66574
1.42752
1.83165
1.95072
1.66515
1.61758
3.31256
1.79552
1.40979
1.62674
2.2723
2.26759
1.46825
2.22517
2.66978
2.87936
1.33757
1.85563
1.268
1.5029
1.44289
1.71622
3.48049
1.46724
6.56891
1.77621
2.50348
2.23985
2.24917
1.68392
2.22564
2.36119
2.07598
3.81669
1.76748
1.8116
2.27054
1.87901
2.80084
2.84002
2.15005
3.30061
3.08774
2.17176
2.4729
3.03989
2.19036
1.68142
2.09703
1.8497
2.20571
2.30367
1.72422
2.2678
3.76302
1.73397
1.93024
1.71945
3.96619
2.00836
2.49779
3.6626
2.8875
2.16213
2.18962
3.93879
3.11861
3.42357
1.77088
3.08313
2.93957
2.03047
1.96354
2.20358
2.47554
2.68039
1.70167
2.04035
1.89236
2.91884
2.03383
2.0206
1.68342
1.81353
1.73211
2.99581
1.88359
2.07518
2.03202
1.66146
1.77741
1.82531
2.50983
2.16949
3.10906
2.45245
1.62082
2.06287
1.7928
2.18564
2.32139
2.09274
1.90996
1.9129
2.04789
3.49129
1.63386
2.13604
1.90328
2.05504
1.65024
2.2425
1.70791
2.01699
4.14386
2.1237
2.97352
3.21238
2.01235
2.20253
2.07977
1.81
2.06223
3.64745
3.02397
1.98218
1.75249
1.70052
3.09838
2.92823
2.30236
2.0325
3.85689
2.07506
2.06493
3.7522
1.8094
3.69167
2.45729
4.49923
2.40473
2.32132
2.27278
1.96438
2.63023
3.02948
2.82727
2.16722
2.5548
3.21961
1.93292
3.14677
2.16712
1.93489
2.1022
2.47945
1.97764
2.33959
2.45833
3.16538
3.62327
2.28568
2.38738
2.00754
2.22012
2.22176
1.71409
3.06289
1.80562
1.88669
2.51342
2.85452
1.76844
2.42229
3.35663
2.71593
2.57553
2.66004
2.62059
2.23624
2.36476
2.61861
2.85632
2.59422
2.20001
3.24375
4.02398
2.57915
2.14726
2.8638
1.93038
2.45997
2.37156
2.03439
3.91924
2.42372
2.81923
2.15371
1.91457
2.55417
3.06587
1.96082
2.58031
4.40319
4.16822
2.52182
3.07561
2.76486
2.39461
2.33369
2.44525
2.72865
2.75264
3.51912
3.82785
2.18005
4.03446
3.71427
3.85556
3.223
2.75449
3.21511
3.54879
2.41593
2.96545
4.29604
1.92998
3.1005
2.55821
2.45648
2.65206
3.04182
4.06339
2.57087
3.07041
3.25413
4.53367
3.12856
2.23523
4.84973
4.06745
4.61041
2.67861
3.32199
4.15878
3.45241
2.49409
4.89813
2.9121
3.5561
3.05783
3.49797
4.4531
3.55685
3.00433
2.98952
3.46604
4.07689
3.19471
3.55506
2.84851
2.37824
4.13819
2.56028
3.09563
2.54698
3.67074
3.30146
2.46365
3.02767
2.83071
2.9856
4.01339
2.85613
2.75825
3.37751
2.53787
1.97362
3.65749
2.06174
3.83426
2.19857
2.16869
2.4813
1.54292
2.9211
3.80303
4.07218
1.42914
6.36943
3.30439
3.37313
1.91597
1.5508
1.61945
3.60261
3.3378
1.73764
2.35057
3.56314
2.96465
3.62276
3.12002
2.5534
1.43368
1.95012
5.63579
2.22798
3.23778
2.81994
2.71991
1.7057
2.68161
2.86467
2.9737
5.04489
3.0677
2.49705
3.14709
1.92345
2.64673
2.89818
1.94719
2.48804
2.88904
3.03333
3.77768
2.83729
2.55212
3.0512
2.94542
2.41342
2.58969
3.09424
2.6591
3.33488
2.58491
2.98991
2.57129
2.78202
2.82557
3.23194
2.84576
3.97469
2.31446
3.14195
5.94298
2.13256
2.07771
3.12248
3.05365
2.28131
3.07687
2.59321
3.23652
1.98312
2.46953
1.83032
3.23237
1.89666
2.93113
2.50932
3.23361
2.90646
2.62092
3.28185
2.05224
1.71537
3.02204
2.06735
1.91159
2.93301
3.38679
2.04922
2.43859
3.80746
6.12643
3.16306
2.98136
2.51146
2.03699
3.41717
2.31023
4.63716
2.88146
2.61361
2.79241
3.31567
2.43673
2.75649
4.0563
2.38383
3.11477
3.50667
3.15268
3.31711
2.60235
1.42466
3.29784
2.88723
2.7072
2.76575
3.31598
3.13402
3.54892
3.02175
1.78701
2.13722
2.95135
2.51162
2.29848
2.82758
2.18905
3.78835
2.01128
2.87802
2.29269
3.94878
1.90154
2.89915
2.56544
2.41353
4.33686
3.36919
1.89083
2.84207
2.05766
2.98208
2.94099
2.52445
2.83369
3.30367
2.67813
4.87994
2.77104
2.32824
3.34459
2.13381
3.3978
2.95362
3.16601
3.80436
2.30283
2.83257
3.25561
2.57059
3.32206
1.36149
2.46763
1.66062
2.24616
1.93883
2.01
1.98341
1.54326
2.17328
2.50003
2.55482
3.79846
2.02608
1.96317
1.57244
1.71105
1.79723
2.48683
1.74487
1.9002
2.81999
1.59455
3.12084
1.43021
1.74513
1.75621
3.71655
2.01563
1.41467
2.55599
2.38777
2.30005
2.75957
2.10622
1.69446
2.31578
2.08874
1.35487
1.52524
1.91252
2.31189
1.86332
1.7783
1.6091
1.92856
1.45565
1.61577
2.03222
1.78349
3.0923
2.24375
1.9504
1.79956
2.11955
2.44723
1.92498
2.46708
1.868
2.75316
1.50661
1.9982
1.76207
1.52164
1.79763
1.79369
1.74403
1.80254
1.70229
1.84609
1.58902
1.61756
1.55854
2.55161
1.66514
4.42635
2.50524
2.05496
4.92903
1.87137
2.1212
1.6066
2.20053
2.68253
2.05715
2.40589
3.59946
2.06088
2.80875
1.8832
3.47071
2.45701
1.71651
2.5545
1.63684
1.55694
1.82189
1.65399
1.98316
1.9406
1.76059
1.61127
1.94999
2.14682
3.09846
2.53653
2.01979
2.55001
1.80657
4.75244
2.26543
1.65995
2.8377
1.93634
1.9255
1.70439
1.73265
2.28048
1.63221
1.42646
1.63989
1.6968
1.59353
1.48586
1.8891
1.64213
2.22932
1.47352
1.97483
1.4372
1.72214
1.40194
2.14964
1.52708
1.94625
1.80028
1.43407
1.55389
2.06553
1.8161
2.4243
1.5479
2.59426
1.8644
2.70316
1.85411
1.84893
1.87713
2.7976
1.82584
1.43081
1.41898
1.90153
1.45943
1.5465
2.15038
1.71854
2.36452
2.19433
1.74921
2.07946
1.35201
1.62309
1.50537
1.82802
2.62188
1.78775
1.98642
1.4694
2.4084
1.55536
1.95418
1.54683
1.598
2.0369
1.3451
1.45581
2.9448
1.63
1.89668
1.66967
2.27918
2.29112
1.68231
1.94284
1.67976
1.45221
1.21626
1.52537
1.93961
1.62552
1.35136
1.28554
2.0279
1.98357
1.38802
1.65563
1.61033
2.19055
1.69433
1.82655
1.55129
2.01669
2.06425
1.9826
2.13373
1.73403
1.69409
1.88373
1.99812
2.18408
1.53527
1.35504
1.42053
4.51776
1.82317
2.29229
1.26439
1.4107
1.33185
1.6018
2.4712
1.5361
2.38542
1.61776
1.77918
1.77131
1.51464
1.23705
1.79639
2.14306
1.35455
1.9323
1.24296
1.92221
1.95821
1.24125
1.54375
1.4095
2.17317
1.45001
1.32502
1.26265
1.91628
1.38519
1.42021
1.80938
1.58901
1.59159
1.34801
1.25581
1.45418
3.63687
1.6405
1.87251
1.80364
1.14232
1.61564
1.60927
1.94906
1.2357
1.68272
1.67422
2.23046
1.57981
2.15702
1.36964
1.77946
1.44872
1.32065
1.7958
2.16647
1.45111
1.47482
1.70634
1.78584
1.57253
1.81712
1.0428
1.6741
1.61986
1.70384
2.06616
1.45561
1.44963
1.89406
1.42722
1.62559
1.56499
1.65813
1.56236
1.62645
1.41461
1.75203
2.89651
2.69399
3.0508
1.32445
2.02687
1.36515
1.89076
1.43229
1.96943
1.58643
1.66088
1.42408
1.41652
1.31085
2.57981
1.76122
1.38565
5.41642
1.96509
1.41436
1.71829
1.70966
1.40893
2.77785
2.27114
1.403
1.80407
2.09392
1.25473
1.38999
1.55459
2.50187
1.9687
1.50804
2.01453
1.60927
1.97128
2.06933
1.69091
2.08773
1.19366
1.51244
2.16019
1.57434
1.33782
2.24347
2.33054
1.87717
1.5934
2.04296
1.25234
1.63233
1.94938
1.39421
1.50682
1.37467
2.26802
1.76102
1.64713
1.66946
1.76912
1.9371
1.40001
1.9288
2.40337
1.70442
1.33042
1.38046
1.38967
1.41312
1.76988
3.3338
1.60995
1.42667
1.34417
1.3088
1.87766
2.00862
1.80038
1.51962
1.23961
1.55285
2.28607
1.55931
1.45896
1.93481
1.56595
1.58466
2.40251
1.10732
1.0196
1.86553
1.79967
1.51681
1.54204
1.62681
1.55251
2.15578
2.99033
1.81862
1.41595
2.68433
1.89607
1.3287
1.51111
1.68471
1.49198
1.53816
1.56237
1.4061
1.85978
1.6513
1.91095
1.38969
1.32557
1.69819
1.68391
1.42566
1.39822
1.56448
1.43735
1.79667
2.08537
1.40623
1.81255
1.28358
1.80675
1.75712
1.33335
1.78699
1.40581
1.80566
1.50323
1.28272
3.87238
2.02113
1.70856
2.01331
1.67617
1.29934
1.36877
1.68625
1.31357
1.28867
1.60749
1.96443
1.54168
1.32847
1.62916
1.72549
1.45832
1.54075
4.04015
1.5934
1.36702
1.82146
1.75468
1.8043
1.27695
1.17332
1.78839
1.29331
1.70524
1.29981
1.59017
1.40956
1.29622
1.48711
1.78395
1.84499
1.44266
1.65979
1.80768
1.57356
1.52303
1.43143
1.38496
1.46313
1.49466
1.76235
1.43856
1.32714
1.67447
1.96
1.79858
1.48123
1.82765
2.22187
2.27411
1.90396
1.98209
1.75916
1.88898
1.81472
1.44872
3.51154
1.42135
1.75312
1.53749
1.34217
2.72388
1.58752
1.40653
1.47296
1.33232
1.29918
3.46883
1.81833
2.53118
2.0431
1.63508
1.59891
2.60922
0.872831
1.76779
1.89631
1.44184
1.84149
1.79708
1.63028
1.52733
2.47563
2.0885
1.48221
1.61473
1.42862
2.89175
1.89651
2.6177
1.41182
2.49697
2.07176
1.71522
1.91176
1.91929
1.62175
1.55792
2.6996
1.51616
2.69534
2.1043
1.56963
1.5405
2.23081
1.52623
1.66448
1.7102
2.07049
2.16671
1.50822
2.15055
1.62611
1.60512
3.04776
3.34015
4.44927
1.5126
2.37613
3.79004
1.72679
2.58466
2.0326
2.01205
1.48392
3.12735
2.08728
1.847
1.44563
1.6072
2.32725
3.55252
2.37882
1.6817
2.15954
2.98769
1.87055
1.4465
1.70379
1.42069
1.99465
1.92818
2.01932
1.48559
1.50966
1.8279
2.26811
2.96457
2.40479
1.9563
2.87076
2.08555
1.67451
2.24146
1.64859
2.95888
1.86636
1.27471
3.21815
2.35222
2.16121
1.33362
2.52381
1.41178
1.26304
1.89115
2.26597
2.6659
2.26744
3.48239
1.23676
1.96549
1.72041
1.31399
1.5787
2.34688
3.86308
4.86653
1.74683
3.83348
2.13658
1.89377
2.28412
2.05492
1.94312
1.3489
1.43655
2.8482
2.15784
1.44206
2.65085
1.43858
1.68925
1.74697
2.10433
1.54859
1.67588
2.42481
2.38778
1.70047
1.91774
2.30656
1.32522
1.98663
1.87722
1.64857
1.85708
2.88456
1.53527
1.91522
1.82217
1.81219
2.84062
2.04457
2.03477
1.61222
2.86891
1.6582
4.00638
2.66297
2.24274
1.82356
3.63249
1.57449
1.70968
1.9207
1.99828
1.8631
2.35275
2.40101
1.53407
3.67907
2.16909
1.92795
2.49772
2.48325
2.07981
1.7643
1.94054
2.41825
2.04466
2.32403
3.81283
3.20361
2.75154
2.18273
2.32455
2.78013
2.38556
1.99615
2.09658
2.25021
1.82849
1.70633
2.17307
3.25598
1.78883
2.94325
1.98029
1.90751
1.99871
2.72214
2.7426
1.91699
3.52892
2.1371
2.04137
2.08227
3.45638
2.72917
1.8214
2.21456
2.16783
1.95082
2.06078
2.3437
2.78646
3.02309
3.26723
3.42393
2.27263
2.80808
2.97872
1.9945
3.26184
1.92339
2.64809
2.36606
4.32675
3.67077
2.22838
3.77783
3.16847
2.59762
2.25463
2.51988
2.74599
3.07113
3.8338
3.0388
2.09758
2.96252
2.30365
2.16586
3.22024
2.8968
4.02992
2.31239
3.2707
2.47759
2.83256
2.51361
3.43539
3.41834
3.38548
2.52694
3.64445
2.67165
3.31123
3.15396
2.586
2.69576
3.12227
2.91052
3.54227
2.65483
3.36199
2.82418
2.88021
4.31216
3.07735
2.73606
3.06319
3.66893
2.94358
3.12341
2.84263
3.68999
2.94133
3.89134
4.55567
3.00774
3.9738
3.56342
2.86997
3.66816
3.90023
3.11814
3.32028
3.09872
4.67446
4.16553
3.51092
3.52449
4.92089
4.32362
2.84956
3.51905
4.56612
4.34114
3.30498
2.693
3.39621
3.97982
3.83475
3.54267
2.64048
3.21099
5.20455
3.13135
2.77475
4.39221
4.65601
4.82195
2.82203
2.4975
3.36762
4.31591
2.66293
4.85659
4.19621
3.35557
2.78418
2.86343
3.87483
3.62856
2.9783
2.921
3.02523
2.42696
2.49733
2.93559
2.13986
3.66629
2.54317
2.33353
2.39655
1.67284
2.19218
2.13809
2.18251
2.31098
1.86619
1.96455
2.88922
2.57521
2.01706
2.61411
1.8057
2.74615
2.38996
1.99089
1.72329
1.85093
1.80565
3.26742
2.65352
2.21646
3.07432
2.8222
2.33935
2.50681
2.61508
2.44984
2.5295
3.20135
2.14149
2.45761
2.18882
2.94304
3.25128
3.03104
3.17923
3.05524
3.13107
3.56564
2.89143
2.56506
2.62904
2.83529
3.25052
3.12594
2.9266
3.60106
4.25379
3.03449
2.55684
2.39361
2.86854
2.86085
2.21997
2.58303
2.89484
2.09511
2.33695
1.93014
3.69109
2.93583
3.08286
2.54214
3.14925
2.60515
2.60137
2.92664
2.55836
1.93463
2.53997
2.26418
1.89657
2.50843
2.92305
2.72521
2.23673
3.68406
2.45931
1.44028
2.75753
1.55934
3.01518
1.66812
2.60341
2.66732
2.9417
3.20558
2.0196
2.63582
2.86176
3.11889
1.55464
2.73669
2.37069
3.27709
2.53141
1.95218
2.50865
1.92831
5.30215
3.26505
2.26201
1.58487
5.26908
2.88952
2.63004
1.89038
2.62329
2.24919
1.84493
2.62049
2.60753
2.64215
2.416
2.82936
2.88587
3.53117
2.0447
2.56888
2.5913
2.34087
2.4574
2.80212
2.26874
2.48488
2.9882
2.73412
2.56885
1.73891
2.81957
1.66175
2.61478
1.44749
2.45069
2.84624
2.13636
2.82741
2.33524
2.14989
2.36824
2.89931
2.63318
3.2289
2.58938
2.11027
3.25388
2.98965
2.3788
2.99799
3.04987
3.02254
2.92248
2.8735
1.60724
2.54046
2.00348
2.14637
2.95535
2.84188
2.95348
2.42858
2.93527
2.408
2.74073
2.27977
2.56002
2.91265
3.02394
2.21584
1.82145
2.33354
5.17412
2.28289
2.50788
3.3194
2.24925
2.33097
2.35692
1.59326
2.0503
3.55413
2.81582
3.05131
2.51586
1.60209
5.52719
3.18216
2.37459
2.65736
3.305
3.17689
2.92435
2.48294
2.60183
2.91118
3.25249
1.63975
2.78212
2.19559
3.91192
3.22707
3.18278
2.21476
3.11402
1.75352
2.31883
2.57958
2.31578
2.29447
2.4479
2.94176
1.64381
1.6958
1.83765
2.43632
1.55106
1.53147
2.55649
1.74602
1.74056
2.20398
1.93672
2.03081
1.68069
1.66796
1.64412
1.76977
1.97478
2.12722
2.37206
1.94588
1.63544
1.78127
1.98155
5.80098
1.41903
1.92684
2.2206
1.56233
1.96845
1.72096
2.46126
2.66724
2.59542
2.00303
2.49147
1.60233
1.94477
1.45406
1.52575
2.06086
2.202
1.44624
1.42595
2.36794
1.71809
2.04927
2.03555
1.876
2.16509
2.04208
1.66735
1.91872
1.80683
1.92311
2.04341
2.93269
2.12018
1.6975
1.80467
1.47209
1.68797
1.99416
2.99591
2.07301
2.11842
2.8316
1.74059
1.92001
2.46643
1.89331
1.58859
2.22046
2.0184
1.8067
2.21917
1.70974
1.84435
3.19784
1.79773
1.93032
1.79749
1.56947
1.46923
1.74458
1.57569
1.84011
1.92182
2.59616
1.92097
2.08619
1.43399
1.79044
2.03741
1.65478
2.10215
1.92946
1.83701
1.7279
2.26445
1.61142
1.51574
2.51925
1.76551
2.08399
5.34559
1.68171
1.61145
1.5797
1.59444
1.61439
1.61332
1.81653
1.80582
1.87709
1.72986
1.80074
2.27983
1.44615
1.33488
3.56436
2.36728
2.21061
2.20061
1.70022
3.10491
1.75308
2.42992
3.17851
3.19637
2.43263
1.85808
2.41745
2.54855
1.76477
1.89617
1.72983
1.79138
2.02261
1.97801
1.89347
2.61101
2.05095
2.17481
1.66771
2.05081
2.8071
2.12964
2.12102
1.86236
1.74661
1.72359
1.84124
1.90985
1.81918
1.47163
2.23181
2.05761
2.95095
1.68995
1.47388
1.6111
1.86279
2.2765
1.89907
1.9924
1.90117
2.26674
2.315
1.84104
2.6758
2.50119
1.66916
1.66809
2.24483
1.41742
1.58827
2.0555
1.62648
1.4535
1.51525
1.60925
1.54162
1.70821
1.81817
1.6767
1.88398
1.81849
2.17762
1.63987
1.69736
3.69814
1.53322
3.05531
1.98391
1.86465
1.40585
1.79332
1.45797
1.86188
1.59739
1.68187
1.5174
1.62498
1.43744
3.15927
1.58968
1.92368
2.14068
3.13563
1.90498
1.62328
1.25413
1.54009
2.89169
2.03562
1.70092
1.65993
1.33287
1.85966
1.72773
1.35012
1.69236
2.25208
1.3565
2.14679
1.71064
1.96856
1.40885
1.95902
1.54698
1.41672
1.71658
1.68407
1.92985
1.97372
2.55262
1.31526
2.0318
2.46904
1.73862
2.34891
2.73062
2.79328
3.82835
3.26089
3.44677
1.76698
2.88329
1.97758
2.24342
2.00431
2.53487
1.81204
1.99142
1.64958
1.87434
1.9104
2.18617
1.39617
1.63417
2.41031
1.99925
1.69886
1.43743
1.47831
1.75291
1.11028
2.28398
1.61789
1.74424
1.48734
1.9418
2.81725
1.21255
1.29822
1.40398
1.3735
1.24787
1.37676
1.84638
2.06226
1.661
2.19775
2.13388
1.41496
1.77531
4.456
1.57915
1.71876
1.70866
1.85829
1.58668
1.65933
1.78973
1.23733
1.48786
2.41398
1.29245
1.37098
1.45103
2.04212
1.664
1.30129
1.91199
1.73278
2.13847
1.99977
1.88471
1.43876
1.74534
2.60853
2.72521
1.60669
1.62271
2.37759
2.23603
1.50102
2.30528
1.35696
1.95842
1.84008
1.41885
1.53813
1.61563
1.62351
1.57882
1.836
1.04718
1.30226
1.33668
2.60175
2.34261
2.80246
1.41509
1.3503
1.76091
1.80563
1.59293
2.04604
1.41452
1.68736
1.58768
2.25514
1.61696
1.66096
2.01392
1.55113
1.63578
1.40878
2.10701
3.13404
1.68498
1.57832
1.27176
2.06909
1.4143
1.55489
1.56561
1.56519
2.46114
1.21612
1.85276
1.20149
1.66392
1.75157
1.92294
1.83349
1.50207
1.68871
1.71139
1.54461
1.61603
2.77015
3.5876
1.59879
1.89637
1.79025
2.03857
3.50392
1.69178
2.03391
1.96439
2.01788
1.12859
1.87561
1.99521
2.67905
2.12991
1.95158
2.04516
2.12245
1.9768
1.44038
1.45276
1.40434
1.79199
2.01179
1.52856
1.85418
1.5146
1.56533
1.77161
1.73912
1.50314
1.81012
1.62271
1.51501
1.69376
1.88987
1.99749
2.34443
1.80971
1.4659
