0.00480209
0.10961
0.123666
0.0916771
0.0883967
0.0152168
0.0593464
0.0410854
0.069165
0.0924562
0.075969
0.0804279
0.115672
0.107008
0.0850648
0.0177556
0.0996455
0.106464
0.145454
0.0121967
0.0626484
0.0848745
0.087355
0.119189
0.104419
0.00367686
0.121164
0.110706
0.19901
0.0123409
0.138578
0.0765475
0.120532
0.193109
0.119375
0.315422
0.129969
0.165725
0.0764558
0.0331444
0.214065
0.0253197
0.0654897
0.218011
0.0691691
0.0097444
0.0494966
0.149766
0.214504
0.0847386
0.142225
0.0683955
0.105235
0.234673
0.109632
0.0853292
0.0774535
0.126938
0.0717286
0.0350813
0.110589
0.133537
0.0845045
0.0889504
0.184196
0.100199
0.123707
0.1487
0.0914173
0.0343011
0.171987
0.0531909
0.195973
0.107422
0.0469611
0.13634
0.0898015
0.0704573
0.167546
0.0277253
0.180448
0.0766739
0.0166672
0.0555698
0.0775249
0.113684
0.0445462
0.0172179
0.196925
0.149727
0.0502685
0.114923
0.131387
0.13329
0.0645789
0.0886736
0.0582916
0.00379376
0.188974
0.0836794
0.0327726
0.0764267
0.0529408
0.100432
0.123316
0.0947195
0.201955
0.113137
0.0623012
0.125392
0.197394
0.132016
0.0619241
0.156489
0.0971974
0.142394
0.200918
0.0563237
0.243227
0.129904
0.0160089
0.180821
0.107935
0.103909
0.0296862
0.140139
0.201144
0.104412
0.13218
0.0110486
0.0604603
0.131622
0.0607718
0.0869056
0.184518
0.0641988
0.0126236
0.0380714
0.264697
0.0812082
0.0645243
0.120637
0.0646031
0.112575
0.160216
0.0945492
0.0742416
0.118904
0.0833947
0.138546
0.0391375
0.200401
0.120318
0.0242561
0.182305
0.113606
0.114743
0.01869
0.178593
0.0983883
0.0120753
0.0309683
0.115921
0.145947
0.0945705
0.0532525
0.0389935
0.157305
0.0751845
0.0907832
0.0998716
0.163548
0.0499471
0.208459
0.102281
0.0953293
0.176378
0.157659
0.138853
0.027284
0.101738
0.249219
0.0413818
0.211474
0.159674
0.126095
0.150195
0.0976046
0.0320405
0.040145
0.116069
0.0651844
0.17001
0.120884
0.136033
0.0252933
0.118368
0.160455
0.15107
0.127403
0.122797
0.0574444
0.167966
0.136772
0.156189
0.0653158
0.139211
0.0324011
0.150559
0.0613579
0.261202
0.183443
0.0680379
0.0700848
0.0949823
0.0776128
0.178327
0.016914
0.0823817
0.104158
0.0849421
0.159978
0.0509986
0.0434449
0.0991088
0.0481523
0.0845249
0.0448303
0.0513156
0.22832
0.117644
0.111477
0.0586267
0.103569
0.108918
0.17738
0.106609
0.194822
0.129048
0.277086
0.307915
0.119184
0.120986
0.0420578
0.0987383
0.139828
0.127031
0.115861
0.0580436
0.132647
0.0679866
0.200352
0.0553602
0.154462
0.104516
0.112034
0.155681
0.17503
0.0872813
0.122697
0.0902086
0.0798132
0.133398
0.0941607
0.0738902
0.111436
0.172491
0.176265
0.0371961
0.070444
0.132776
0.110656
0.0438062
0.051515
0.0355734
0.0732726
0.0981897
0.0684505
0.142629
0.0687279
0.0450783
0.103842
0.0680428
0.0746786
0.0218753
0.147861
0.0550104
0.0586737
0.0877927
0.207609
0.0775917
0.0866479
0.0941198
0.176633
0.176554
0.120184
0.0360768
0.00847273
0.16371
0.0149792
0.0510799
0.0575511
0.163982
0.167083
0.0829282
0.144854
0.0961502
0.103589
0.108979
0.140664
0.0911491
0.0588643
0.0632879
0.12283
0.0292038
0.0421784
0.0631943
0.0551482
0.0607086
0.01997
0.00760171
0.0537725
0.165591
0.103106
0.0664537
0.0895304
0.214416
0.10957
0.0513126
0.0238064
0.106345
0.11835
0.0473033
0.102831
0.0471656
0.152053
0.139629
0.0232005
0.0186992
0.0159508
0.0966098
0.0203024
0.0268992
0.10487
0.0455516
0.0169885
0.323267
0.0991858
0.0636367
0.183845
0.087702
0.0179877
0.0507246
0.0832286
0.145652
0.169296
0.208564
0.0965403
0.165408
0.141067
0.19091
0.0404561
0.129668
0.0489618
0.144155
0.0887745
0.192763
0.0972003
0.0338301
0.0243617
0.0458025
0.0932715
0.11045
0.04104
0.0341388
0.184901
0.156625
0.0143308
0.091393
0.0712738
0.209515
0.148896
0.129819
0.0151645
0.0915979
0.0805391
0.23297
0.0151956
0.182313
0.185462
0.0720263
0.0532638
0.174311
0.0898916
0.0732949
0.117831
0.0650152
0.191434
0.139653
0.126808
0.0536468
0.0883204
0.0901589
0.0481166
0.242516
0.124202
0.223026
0.0391291
0.0606488
0.14732
0.109288
0.142026
0.0361248
0.0979019
0.00301313
0.23617
0.173117
0.149279
0.0577614
0.12311
0.0316586
0.191177
0.0629638
0.14349
0.0338821
0.120854
0.0839469
0.0656283
0.0691685
0.148151
0.1484
0.0548855
0.0502439
0.0663037
0.0762478
0.200916
0.037923
0.0452853
0.0696561
0.102882
0.0468257
0.0273754
0.0660077
0.0882089
0.153772
0.0276927
0.0733113
0.132403
0.0800414
0.0164218
0.0503517
0.0901871
0.0802861
0.0631545
0.157832
0.189314
0.0490677
0.107421
0.0880809
0.0277743
0.104996
0.113728
0.0894198
0.127018
0.108862
0.137865
0.0600397
0.0917475
0.0824871
0.0476878
0.0391049
0.118373
0.0491238
0.155791
0.0771155
0.219095
0.173603
0.126363
0.157762
0.195502
0.0148849
0.0844494
0.0955668
0.0764231
0.0520047
0.140073
0.0869211
0.144471
0.0266923
0.0536128
0.0756742
0.0236207
0.293034
0.0614098
0.149255
0.163306
0.0659613
0.0242367
0.032741
0.0321793
0.12151
0.219857
0.15034
0.0436205
0.127468
0.137388
0.0831812
0.102885
0.061882
0.0699777
0.131484
0.165265
0.0129951
0.147856
0.130306
0.164251
0.04588
0.0760006
0.0214779
0.0708367
0.149674
0.190958
0.0940438
0.0455868
0.09218
0.103299
0.192615
0.121662
0.152902
0.0425775
0.156867
0.0446415
0.122788
0.0369643
0.080669
0.150727
0.0900092
0.178351
0.118256
0.134896
0.146424
0.142662
0.198433
0.0298587
0.0840339
0.115685
0.160398
0.0580654
0.125946
0.057031
0.0852458
0.117676
0.0563461
0.0875644
0.133498
0.0520071
0.0483155
0.0458098
0.0925162
0.0348721
0.101858
0.13097
0.0446113
0.101473
0.0764976
0.165573
0.0873928
0.0398575
0.177139
0.0541573
0.0865099
0.144311
0.008183
0.0576189
0.195373
0.122606
0.0732317
0.123845
0.0128789
0.0938609
0.0419555
0.141303
0.0478472
0.102551
0.0401593
0.0964341
0.0322727
0.112351
0.075471
0.0737205
0.108865
0.00267871
0.0498904
0.0857187
0.100754
0.0755556
0.180616
0.0680244
0.024325
0.150988
0.0355697
0.159465
0.113608
0.08895
0.152812
0.105534
0.141938
0.0433336
0.0764059
0.0705513
0.046095
0.0812046
0.135272
0.121553
0.0664267
0.114932
0.0723408
0.0740423
0.099648
0.115802
0.0487796
0.173748
0.0880651
0.0911981
0.177693
0.0494655
0.122815
0.0668511
0.105498
0.0995497
0.0771303
0.0760765
0.0745561
0.103715
0.0492325
0.0766018
0.0108127
0.0739528
0.157921
0.175674
0.00593185
0.104758
0.106299
0.110804
0.193858
0.125071
0.0429552
0.105606
0.0254376
0.220532
0.195198
0.119054
0.129893
0.0640298
0.0347917
0.0782515
0.107532
0.12978
0.106519
0.152744
0.0223861
0.0278954
0.11939
0.106336
0.0402421
0.0472971
0.0548544
0.0109992
0.159429
0.0189113
0.0434441
0.153929
0.0497475
0.279754
0.105481
0.100189
0.0763282
0.030608
0.100333
0.0856572
0.281755
0.167415
0.235904
0.0398802
0.0596813
0.0633858
0.111191
0.145199
0.0848738
0.178499
0.153349
0.0547674
0.0500913
0.0442322
0.0781953
0.081644
0.0387435
0.0874612
0.0854459
0.012999
0.0620474
0.174392
0.0833265
0.097156
0.0319981
0.0690293
0.162907
0.111109
0.0930925
0.11318
0.223553
0.0248023
0.24719
0.0709314
0.112162
0.065161
0.26319
0.0623219
0.0556547
0.0362987
0.0550909
0.131516
0.0477403
0.0505459
0.172165
0.158356
0.0784028
0.0922554
0.0974482
0.0663012
0.133331
0.204547
0.167145
0.0309122
0.0915632
0.191178
0.147066
0.215691
0.118251
0.206579
0.0980775
0.231142
0.151366
0.0969417
0.137642
0.0437504
0.0133327
0.0489871
0.115578
0.0653023
0.127703
0.100095
0.137321
0.107862
0.0676864
0.112838
0.0712777
0.0662152
0.163485
0.147983
0.120948
0.139807
0.136243
0.0926733
0.245367
0.160943
0.118167
0.0158143
0.0956626
0.129255
0.0307796
0.152163
0.0775809
0.0129823
0.114241
0.0746777
0.163626
0.200363
0.0505425
0.20557
0.110882
0.14899
0.0826366
0.0585414
0.0638278
0.253635
0.161072
0.139946
0.147219
0.0824613
0.0581217
0.0658954
0.156143
0.018187
0.0870278
0.0959099
0.270814
0.137856
0.117599
0.0534813
0.0587769
0.204476
0.103747
0.134367
0.15469
0.0276368
0.080409
0.150103
0.0292462
0.1328
0.17997
0.202382
0.105268
0.0994907
0.0479673
0.00926142
0.101454
0.119191
0.122526
0.194919
0.123923
0.170155
0.0943639
0.0839218
0.0922195
0.0456386
0.149071
0.25925
0.0263135
0.0688489
0.229598
0.117108
0.155281
0.0256543
0.0288366
0.109537
0.117982
0.121658
0.0701886
0.10153
0.077057
0.0907632
0.199501
0.0667439
0.146459
0.152365
0.159112
0.173671
0.206678
0.134534
0.109872
0.0816049
0.243653
0.0992736
0.079026
0.0925145
0.202772
0.193547
0.119081
0.202113
0.0380118
0.0710148
0.0688971
0.0811712
0.0661597
0.0925278
0.0637248
0.010037
0.118182
0.0697611
0.0905046
0.04708
0.150075
0.108364
0.0480637
0.1238
0.0866391
0.170727
0.155683
0.0982395
0.16137
0.0320009
0.0865347
0.0399084
0.0894443
0.0835557
0.137338
0.141558
0.109561
0.117419
0.120961
0.00975952
0.195177
0.0784996
0.0520261
0.0614588
0.0808146
0.0689852
0.22889
0.124304
0.147029
0.00387476
0.0463735
0.0751356
0.135402
0.0700007
0.150703
0.14626
0.161518
0.0676756
0.0893562
0.0620148
0.106091
0.0847759
0.071412
0.124029
0.14511
0.111537
0.0730399
0.363735
0.129533
0.0218346
0.107323
0.0694056
0.11355
0.103853
0.0908946
0.0862125
0.0288926
0.153619
0.0690579
0.111912
0.0726219
0.126516
0.185052
0.071983
0.172805
0.106991
0.0937227
0.103547
0.0848434
0.066137
0.180942
0.0283491
0.0660796
0.152294
0.151955
0.0840921
0.144667
0.141962
0.188774
0.0903086
0.134579
0.0799486
0.0753963
0.13026
0.166823
0.070127
0.0773311
0.0547017
0.042822
0.196709
0.196043
0.170729
0.157487
0.0444187
0.0599277
0.18175
0.0287133
0.124388
0.0466018
0.147354
0.0951243
0.0538736
0.0383718
0.126945
0.124742
0.142425
0.158524
0.0194318
0.122479
0.260621
0.0291153
0.0245695
0.260247
0.0226957
0.141925
0.112689
0.0774742
0.0987142
0.0522884
0.0437917
0.119785
0.0241834
0.0380498
0.0895262
0.167926
0.236905
0.0742124
0.103573
0.0483724
0.165031
0.0680623
0.122422
0.0430453
0.209595
0.0647381
0.0505395
0.0658546
0.168684
0.108324
0.157819
0.142038
0.0516172
0.0914412
0.0626691
0.178967
0.171737
0.0318286
0.103772
0.152798
0.112909
0.140687
0.0559523
0.17887
0.0559783
0.102382
0.185597
0.0718955
0.058874
0.0613209
0.107157
0.017545
0.0514779
0.0133834
0.158947
0.0504333
0.136078
0.240331
0.19152
0.0486152
0.0934412
0.166272
0.0520352
0.256891
0.0649622
0.0672467
0.0516416
0.0614548
0.143595
0.0762064
0.141235
0.0752205
0.087026
0.064697
0.199943
0.134524
0.127463
0.035127
0.0647508
0.0471479
0.108183
0.061645
0.120602
0.18346
0.0636963
0.0171265
0.0921512
0.0923531
0.0343027
0.155625
0.153281
0.102832
0.241562
0.0350214
0.0611226
0.0716994
0.0808423
0.239043
0.0509412
0.137111
0.132057
0.0961517
0.153963
0.194092
0.109354
0.0765353
0.0131867
0.190849
0.017275
0.20032
0.124154
0.116574
0.139314
0.0126253
0.122668
0.194825
0.0188179
0.136814
0.13618
0.0907976
0.0583757
0.152418
0.101963
0.192619
0.108637
0.0837785
0.241637
0.17302
0.165316
0.135104
0.0346668
0.119038
0.0372991
0.0362553
0.1809
0.221071
0.151244
0.11937
0.0462026
0.0906914
0.158798
0.177902
0.0877668
0.0602866
0.0242747
0.153572
0.00979647
0.0828054
0.142821
0.0483735
0.175213
0.210156
0.113778
0.0522588
0.0332837
0.0616925
0.168661
0.0885937
0.0466206
0.11105
0.108875
0.145029
0.260934
0.164629
0.0706411
0.117754
0.0850618
0.209513
0.422087
0.162678
0.101694
0.0921103
0.20496
0.20332
0.236473
0.170201
0.119505
0.117049
0.188594
0.180651
0.136055
0.0326009
0.11304
0.168252
0.00820954
0.150716
0.219088
0.128592
0.0957857
0.0400459
0.44595
0.145091
0.0657155
0.145248
0.0784819
0.0861381
0.0993769
0.112826
0.0533212
0.0375584
0.1994
0.071698
0.0802496
0.0799814
0.203483
0.230915
0.236297
0.0942409
0.127877
0.0485464
0.216473
0.129317
0.070659
0.188048
0.0541251
0.0414141
0.0432225
0.0642411
0.0949746
0.115451
0.0688192
0.214395
0.0732978
0.0993026
0.123609
0.130378
0.159218
0.0645212
0.0132014
0.0558758
0.110336
0.21602
0.0705254
0.125752
0.186923
0.104082
0.194148
0.141242
0.120283
0.0631997
0.100013
0.100584
0.253079
0.104237
0.182116
0.0685285
0.15789
0.107656
0.0730333
0.191206
0.190913
0.0964846
0.166886
0.0431838
0.0297264
0.0427676
0.125847
0.0909661
0.127291
0.0787108
0.10413
0.152451
0.18586
0.0268046
0.140901
0.128972
0.191578
0.0924367
0.216395
0.176605
0.278361
0.126823
0.0611976
0.131848
0.061841
0.0818953
0.027309
0.0363995
0.124955
0.0421224
0.113426
0.199598
0.186517
0.132555
0.155685
0.0212934
0.102515
0.122345
0.0527671
0.122532
0.116074
0.0853221
0.0765248
0.0479691
0.117344
0.0660263
0.14817
0.0616688
0.0213139
0.0828681
0.228397
0.137596
0.0840432
0.0603667
0.0517972
0.106107
0.143383
0.080056
0.101323
0.16318
0.194639
0.195074
0.166116
0.0677822
0.0624206
0.0824484
0.114728
0.0767815
0.0880693
0.0217342
0.0100177
0.186614
0.179138
0.0446408
0.155095
0.0194013
0.0364771
0.110443
0.109327
0.110834
0.134221
0.0928441
0.148635
0.176866
0.0174857
0.153832
0.038298
0.160855
0.108959
0.0422215
0.112847
0.136917
0.177238
0.186011
0.0507552
0.284291
0.0915581
0.0803229
0.109922
0.0733031
0.0783182
0.151662
0.125132
0.130014
0.077759
0.146801
0.0894697
0.114585
0.0936704
0.112459
0.210658
0.218764
0.0189607
0.0137825
0.0770691
0.161236
0.0134245
0.0365994
0.116114
0.0377273
0.193983
0.0731958
0.15684
0.0220623
0.107957
0.0728318
0.0391481
0.0682887
0.0491153
0.105587
0.315597
0.201718
0.0484083
0.126857
0.0727024
0.00327904
0.0981377
0.115546
0.199285
0.0828917
0.118515
0.101051
0.0487416
0.0500065
0.139976
0.148213
0.0661421
0.145444
0.0295469
0.13524
0.104684
0.0529522
0.102634
0.0841786
0.117916
0.214668
0.166081
0.20822
0.200797
0.118154
0.0237435
0.271598
0.073802
0.226207
0.0899649
0.232296
0.135589
0.0137395
0.166125
0.16767
0.0893899
0.0536622
0.0558667
0.216951
0.071039
0.162227
0.0852248
0.194147
0.199581
0.281433
0.271933
0.0942058
0.119494
0.196794
0.134422
0.1789
0.161443
0.122756
0.161841
0.0706027
0.0236579
0.0130133
0.107775
0.12163
0.121905
0.023608
0.0409551
0.249523
0.0719336
0.0632671
0.110098
0.0738017
0.0779421
0.107692
0.208086
0.194663
0.115271
0.043613
0.0700374
0.0815407
0.235764
0.147838
0.0723034
0.228127
0.12347
0.218224
0.172685
0.0424722
0.193068
0.0130778
0.103304
0.0670951
0.0445333
0.0921042
0.075207
0.0536843
0.0361338
0.0870939
0.235888
0.0344611
0.0217273
0.0660265
0.180756
0.0696689
0.0885194
0.0773616
0.140828
0.171854
0.227952
0.0379832
0.205708
0.0624276
0.0346875
0.146564
0.0293201
0.0643086
0.0788375
0.123653
0.0476835
0.191995
0.0223614
0.134399
0.0910142
0.130309
0.170201
0.0323036
0.145295
0.0715146
0.0681745
0.109364
0.12527
0.106438
0.110206
0.0648895
0.0741025
0.0761038
0.120511
0.102848
0.0315286
0.0388347
0.117918
0.0144168
0.0689718
0.155768
0.0966965
0.13366
0.0475861
0.121017
0.161389
0.0245466
0.19206
0.11759
0.0850894
0.0507875
0.0472816
0.0897718
0.0949309
0.126829
0.296139
0.182149
0.153967
0.127064
0.0713137
0.102721
0.112644
0.134062
0.122082
0.0242413
0.0847893
0.0949322
0.0510269
0.056681
0.136112
0.0614144
0.140922
0.0668408
0.018057
0.144322
0.117738
0.0798547
0.0432998
0.0459935
0.165633
0.0847891
0.11573
0.066727
0.142412
0.126554
0.158153
0.183027
0.0652942
0.0377087
0.168766
0.074764
0.144594
0.0996318
0.0223691
0.167382
0.0308589
0.147251
0.10457
0.0308139
0.0992085
0.139187
0.133272
0.0319436
0.108562
0.114067
0.175121
0.125834
0.097902
0.0774248
0.0894098
0.0313197
0.325323
0.0712319
0.0232784
0.146182
0.0931305
0.122694
0.0579255
0.132182
0.0827495
0.0494895
0.106235
0.159979
0.054802
0.187047
0.0373162
0.1231
0.25252
0.080499
0.130521
0.0794686
0.0469105
0.23435
0.282228
0.131838
0.103749
0.115832
0.0365666
0.125995
0.0633576
0.210331
0.193953
0.094196
0.172878
0.0577998
0.119835
0.0861189
0.0112694
0.130106
0.108965
0.160501
0.0240922
0.0606771
0.139183
0.124434
0.163266
0.157625
0.0984759
0.125424
0.041615
0.0881449
0.0286899
0.0245451
0.0237271
0.0522676
0.120368
0.132576
0.16452
0.101427
0.0204215
0.0396337
0.0231772
0.173636
0.163421
0.0690936
0.180287
0.0668481
0.0212922
0.0745983
0.0691849
0.144604
0.0622565
0.00562007
0.260867
0.0895785
0.0681934
0.0394507
0.1122
0.127167
0.171514
0.148504
0.175486
0.0870896
0.144739
0.0789973
0.0110032
0.0833588
0.0440689
0.168537
0.0476667
0.100785
0.0638092
0.125049
0.0490669
0.144028
0.141571
0.149417
0.121503
0.0244521
0.0920767
0.138227
0.0607059
0.0375645
0.148102
0.0162751
0.0848751
0.177759
0.0332605
0.0862696
0.159548
0.113222
0.130892
0.052621
0.0122378
0.0109149
0.0675969
0.0228073
0.0972216
0.124038
0.263306
0.085814
0.0637627
0.0916799
0.186731
0.0421947
0.0387107
0.244224
0.0879802
0.171772
0.101294
0.164772
0.190907
0.124765
0.0731306
0.163855
0.0598053
0.0767495
0.107408
0.110494
0.157539
0.126161
0.0910026
0.099835
0.0713848
0.212714
0.134147
0.137808
0.111431
0.132078
0.0664377
0.0129572
0.144471
0.0109338
0.10829
0.115052
0.049208
0.0378642
0.103318
0.0734652
0.0978313
0.098376
0.0749924
0.0752534
0.0216314
0.0401537
0.0962931
0.098285
0.0813301
0.184528
0.0961072
0.194763
0.069439
0.117054
0.0924145
0.0866577
0.127734
0.125994
0.048104
0.0703013
0.105693
0.0743615
0.072466
0.123927
0.151694
0.0793337
0.152925
0.154733
0.120983
0.0890904
0.111629
0.187553
0.103954
0.0171711
0.12232
0.135147
0.167161
0.0893095
0.0853495
0.0704459
0.164354
0.12003
0.102549
0.0792627
0.0561843
0.109803
0.0445757
0.139933
0.126136
0.150412
0.109318
0.0536011
0.073196
0.121299
0.0977115
0.0762737
0.143588
0.144353
0.0558651
0.076186
0.0566064
0.0995208
0.119109
0.157303
0.124103
0.0824932
0.0492367
0.0144191
0.202409
0.132633
0.0267005
0.112385
0.0581551
0.0656472
0.211093
0.0429319
0.119053
0.10581
0.0697852
0.0625362
0.0820336
0.0352585
0.105831
0.106712
0.176619
0.0659778
0.0636874
0.103313
0.129301
0.0782539
0.0916901
0.0924581
0.0857492
0.161463
0.113407
0.0158963
0.0321357
0.101267
0.0989791
0.00631187
0.0547834
0.0677503
0.06742
0.104972
0.0984996
0.118977
0.183809
0.131644
0.0913708
0.138487
0.0538221
0.0459173
0.111923
0.00889683
0.0991966
0.111078
0.169884
0.123428
0.095228
0.122195
0.10026
0.0790778
0.0580702
0.0624074
0.13681
0.0621281
0.114354
0.147577
0.159701
0.138468
0.0536249
0.130212
0.029348
0.239734
0.0527958
0.209249
0.0528359
0.0463636
0.0998566
0.109154
0.105953
0.192487
0.0661646
0.173791
0.240429
0.196863
0.0619703
0.0259432
0.098505
0.111968
0.165063
0.0425043
0.0365315
0.0764316
0.132498
0.0470354
0.193199
0.142389
0.148418
0.0592686
0.0598657
0.106991
0.0669925
0.0598734
0.019775
0.155003
0.145561
0.0737744
0.0356242
0.118782
0.134932
0.0277746
0.137351
0.0106353
0.152227
0.097822
0.126443
0.0675944
0.116293
0.0759081
0.0583484
0.135568
0.0898217
0.0972228
0.131176
0.103819
0.121274
0.0920737
0.227757
0.132595
0.116867
0.0543081
0.0802335
0.197474
0.153833
0.0296037
0.118648
0.156526
0.0853637
0.11935
0.0700421
0.164665
0.132341
0.0821281
0.146236
0.0676271
0.0512354
0.125332
0.164786
0.0762384
0.0954535
0.0535477
0.0130424
0.146656
0.174838
0.180523
0.0521377
0.148665
0.152945
0.0464433
0.0575814
0.125296
0.0773639
0.0170604
0.0525987
0.0759845
0.223947
0.117131
0.0949272
0.0525136
0.109838
0.0893343
0.135673
0.101971
0.0458774
0.0939825
0.110133
0.136538
0.0287426
0.139676
0.0792485
0.0513715
0.162782
0.104383
0.140789
0.105977
0.134283
0.145105
0.0846924
0.12623
0.0418712
0.124434
0.104339
0.0806505
0.0555905
0.225654
0.0464024
0.0431892
0.129474
0.117284
0.0493923
0.128144
0.103984
0.0708434
0.0223526
0.17975
0.0788771
0.0473682
0.104165
0.197448
0.0108139
0.133671
0.0915498
0.115368
0.110599
0.154403
0.0773681
0.0530334
0.169429
0.0863455
0.0831377
0.0569143
0.151542
0.0739296
0.138438
0.117003
0.110849
0.0849727
0.0835236
0.112197
0.0347235
0.0916557
0.102239
0.089607
0.0967893
0.0856353
0.145432
0.123956
0.136685
0.256574
0.0681003
0.00642146
0.110214
0.155035
0.0784913
0.0111969
0.213247
0.246812
0.0994105
0.118152
0.0963111
0.0303325
0.105479
0.0916374
0.0641732
0.0685043
0.0949509
0.115337
0.16888
0.118469
0.128148
0.0928499
0.119888
0.133397
0.143367
0.180583
0.0852301
0.039016
0.089112
0.26031
0.0700263
0.0882263
0.159069
0.085894
0.129393
0.0238709
0.11304
0.172101
0.129306
0.114825
0.0563624
0.127531
0.0844277
0.193716
0.168659
0.0341754
0.0471691
0.0416619
0.127451
0.130869
0.047123
0.151017
0.0538259
0.0521887
0.128168
0.0659668
0.109108
0.0741214
0.0738738
0.0470271
0.2205
0.0375813
0.142678
0.0443269
0.111025
0.0527991
0.12194
0.195887
0.0786688
0.241517
0.194108
0.129421
0.100378
0.154019
0.0553605
0.158012
0.139344
0.105397
0.0959683
0.175016
0.194483
0.0455334
0.025821
0.173519
0.0292228
0.141939
0.0787453
0.114988
0.0548634
0.201647
0.197368
0.106179
0.0940932
0.0347633
0.130185
0.0755895
0.0563256
0.227338
0.138483
0.00931955
0.154901
0.14843
0.13783
0.0234078
0.0715736
0.0102483
0.0465154
0.15742
0.114686
0.0289331
0.216211
0.10758
0.0204213
0.0984904
0.138048
0.249448
0.0557153
0.0299469
0.184646
0.0531379
0.106021
0.0656283
0.0891623
0.0580934
0.133433
0.243376
0.135197
0.0511017
0.318233
0.14204
0.0313666
0.00912233
0.145097
0.0107699
0.0467929
0.138389
0.0888666
0.0938722
0.140756
0.0708104
0.136183
0.110779
0.068141
0.0748285
0.166631
0.0812153
0.124399
0.0341936
0.114692
0.168209
0.0670433
0.0773209
0.223341
0.124525
0.131582
0.148407
0.0713897
0.096518
0.0963822
0.164143
0.0593552
0.175419
0.194973
0.148432
0.129795
0.12616
0.0692002
0.227143
0.0492976
0.0997993
0.133398
0.10135
0.00822134
0.15365
0.125975
0.100793
0.0724137
0.0639143
0.0566966
0.101522
0.0484656
0.15498
0.0174698
0.0478903
0.151317
0.239112
0.153957
0.0657896
0.046904
0.106495
0.218352
0.103813
0.0356149
0.208827
0.0503465
0.10123
0.0494273
0.0418871
0.105809
0.0517869
0.0914288
0.0314513
0.0994865
0.11376
0.0585742
0.0499769
0.167043
0.283211
0.088175
0.0942593
0.0217136
0.201562
0.150872
0.192024
0.1013
0.0701277
0.0176484
0.287642
0.166512
0.033614
0.0304961
0.0821481
0.0999044
0.117689
0.0947678
0.0570357
0.170082
0.0714212
0.089715
0.0988432
0.0920712
0.186169
0.135867
0.151802
0.105826
0.170695
0.131884
0.0759287
0.156856
0.169321
0.135794
0.080699
0.0538339
0.0821807
0.113068
0.142424
0.0545878
0.170956
0.200149
0.177536
0.137778
0.0633749
0.0658573
0.061691
0.106762
0.193835
0.241916
0.10165
0.0373817
0.0833354
0.0451661
0.10058
0.100806
0.0712829
0.0331972
0.147967
0.100301
0.144737
0.179225
0.158588
0.224199
0.0246933
0.0609807
0.160666
0.120866
0.272256
0.0960642
0.00956837
0.15303
0.104898
0.0766217
0.308309
0.0599289
0.0769502
0.0455442
0.0594273
0.110345
0.139413
0.0997337
0.081467
0.0774605
0.0839313
0.0990413
0.0885242
0.0292187
0.0812291
0.144668
0.149741
0.105543
0.190428
0.104749
0.109171
0.0549509
0.110684
0.0541122
0.113645
0.0777264
0.0770717
0.201154
0.112522
0.1648
0.0374646
0.0640169
0.125692
0.0237187
0.0864122
0.0573053
0.164738
0.197714
0.0989404
0.156938
0.148378
0.0243667
0.18317
0.13478
0.304207
0.0489991
0.0611787
0.0656406
0.118855
0.0458756
0.149022
0.0740202
0.158082
0.0916701
0.092364
0.0221996
0.164723
0.139586
0.178585
0.185157
0.0645827
0.109697
0.0690446
0.190225
0.115956
0.129523
0.116943
0.183989
0.162218
0.114091
0.0556393
0.112201
0.0619708
0.0238032
0.0891044
0.0957818
0.0353556
0.118088
0.0817003
0.0434098
0.0752968
0.105561
0.136806
0.162074
0.197995
0.0484828
0.0678276
0.127123
0.0410105
0.0444914
0.180154
0.0980601
0.110639
0.0331658
0.19841
0.0278375
0.159296
0.0860082
0.207634
0.136076
0.120016
0.0843017
0.0819354
0.0812517
0.0993624
0.0522484
0.0775362
0.155801
0.104654
0.096385
0.099423
0.0983635
0.0845533
0.140205
0.0624161
0.191961
0.0610185
0.112702
0.0855871
0.0542911
0.2328
0.0653411
0.132019
0.114416
0.0877262
0.0715106
0.112907
0.203783
0.106017
0.135924
0.0923666
0.0162641
0.195678
0.0509082
0.0263395
0.0949312
0.133817
0.254299
0.0645526
0.0873972
0.149165
0.105917
0.0964041
0.167467
0.0590582
0.187277
0.0740376
0.147031
0.0433692
0.105811
0.13776
0.107673
0.0627632
0.156026
0.0624125
0.0558753
0.0330625
0.138934
0.0181108
0.173562
0.0105124
0.119341
0.0423252
0.0858766
0.0917431
0.0203575
0.0411191
0.0483375
0.146802
0.0623999
0.138484
0.0407766
0.117942
0.176679
0.101995
0.0426085
0.133614
0.0780247
0.0347944
0.0419187
0.161841
0.17965
0.177327
0.157323
0.117054
0.130359
0.142146
0.19087
0.0248531
0.100321
0.0949542
0.102695
0.219897
0.0684792
0.137382
0.0638421
0.0916234
0.0905525
0.0481944
0.125391
0.165883
0.106283
0.0875546
0.0802205
0.192198
0.064267
0.143847
0.0747956
0.0255863
0.0332178
0.116626
0.0715539
0.130156
0.0828032
0.194941
0.0673038
0.107256
0.129628
0.164721
0.163846
0.229337
0.193729
0.0628933
0.0459746
0.0768657
0.0311975
0.147881
0.104704
0.0431564
0.119855
0.0704398
0.141408
0.193333
0.0741345
0.130541
0.096884
0.191155
0.0560984
0.0782406
0.019076
0.197016
0.0815678
0.146259
0.0320749
0.0687806
0.0796683
0.0843366
0.194652
0.112287
0.166942
0.041653
0.0489431
0.0860831
0.0458251
0.10756
0.134087
0.0786111
0.112571
0.0939265
0.24039
0.0483905
0.0762568
0.063949
0.0647295
0.0946895
0.168005
0.0149244
0.085612
0.150133
0.123659
0.0636693
0.0362763
0.227397
0.0353582
0.108569
0.144562
0.0869613
0.0726076
0.164456
0.0612193
0.100131
0.0332374
0.0613252
0.0313798
0.172381
0.027441
0.0722081
0.181607
0.186605
0.113551
0.0953922
0.115999
0.103547
0.283791
0.141187
0.0312165
0.253889
0.0659491
0.126213
0.0308843
0.1198
0.148268
0.184444
0.152662
0.121122
0.0568382
0.198431
0.122373
0.136781
0.15548
0.0643077
0.106509
0.0937298
0.0476629
0.155217
0.172741
0.00765783
0.0612346
0.0279236
0.142366
0.0399336
0.0643479
0.0377307
0.0278183
0.0181764
0.120696
0.202764
0.0558564
0.00678784
0.0749947
0.104835
0.0849092
0.101955
0.0449511
0.16775
0.213254
0.057462
0.0799245
0.166696
0.0975435
0.135821
0.144214
0.158381
0.196229
0.111895
0.0835634
0.210173
0.0371404
0.0943339
0.0730591
0.0837685
0.237084
0.057462
0.144047
0.118765
0.0119707
0.0527866
0.0625713
0.0506791
0.0557126
0.0912243
0.0782656
0.138519
0.101775
0.0617448
0.0348455
0.164251
0.044794
0.234026
0.0915437
0.165049
0.0511913
0.0151498
0.0739505
0.0904659
0.0752946
0.178164
0.0804557
0.116933
0.119432
0.152627
0.145389
0.195699
0.16043
0.126692
0.152551
0.113116
0.0751099
0.183171
0.122273
0.191189
0.147752
0.0672229
0.208872
0.112136
0.0887111
0.152979
0.0693445
0.202193
0.157522
0.0546969
0.0543403
0.171344
0.125531
0.0492426
0.198089
0.140526
0.167336
0.231975
0.139173
0.0263416
0.136595
0.125074
0.103279
0.0399025
0.071466
0.159743
0.133763
0.11997
0.11464
0.128089
0.0532279
0.0505266
0.0741796
0.0808557
0.0384873
0.10914
0.02837
0.156713
0.116937
0.107995
0.149348
0.124188
0.0920247
0.0664079
0.065489
0.0495561
0.132074
0.132703
0.0672002
0.203726
0.141599
0.0583357
0.144676
0.137374
0.123988
0.0992086
0.0816998
0.124119
0.156282
0.0679018
0.124208
0.099171
0.132512
0.120122
0.0351951
0.10563
0.0211366
0.164144
0.134435
0.119959
0.144204
0.0396279
0.0886269
0.145867
0.133157
0.116512
0.12764
0.100731
0.0702415
0.0674108
0.0587796
0.0701707
0.124574
0.0870147
0.0196713
0.0640932
0.113555
0.0352586
0.096056
0.0672057
0.139751
0.119737
0.0454945
0.0518944
0.213018
0.0956668
0.0909772
0.105955
0.109645
0.118029
0.0663755
0.050069
0.102701
0.0890564
0.082013
0.0552084
0.0923983
0.0526688
0.107102
0.0986072
0.190131
0.117003
0.0506114
0.0151375
0.00858051
0.086474
0.0784734
0.134658
0.0245313
0.0490665
0.0577982
0.0918404
0.0943226
0.124149
0.069379
0.122817
0.092232
0.040451
0.0286836
0.0603402
0.142905
0.158598
0.119264
0.0660456
0.123054
0.0612247
0.0676555
0.105224
0.10749
0.0406998
0.133825
0.0851726
0.0821129
0.070021
0.137242
0.118478
0.105953
0.0902134
0.0561528
0.0761194
0.0935446
0.0933442
0.0804987
0.0756251
0.361704
0.135647
0.122607
0.0774144
0.0509555
0.130693
0.0561861
0.158671
0.182125
0.0706387
0.160109
0.0677603
0.0629435
0.15691
0.10014
0.0516629
0.0183982
0.12325
0.0807223
0.101263
0.0725443
0.129438
0.0999605
0.0880881
0.0520081
0.0908998
0.0375119
0.0655235
0.041414
0.109662
0.157603
0.170572
0.0689076
0.14022
0.205016
0.0888489
0.0385298
0.110844
0.0189426
0.135008
0.14725
0.10751
0.160337
0.151431
0.0582471
0.164395
0.100545
0.0912416
0.0736162
0.122999
0.199117
0.131226
0.0666512
0.0325359
0.135989
0.135824
0.0841073
0.0762054
0.0907475
0.192491
0.09626
0.0528527
0.0353367
0.114633
0.11442
0.119107
0.202863
0.165156
0.0439498
0.0211574
0.112924
0.0530271
0.0545889
0.0834376
0.0896085
0.148438
0.0705273
0.138244
0.0990838
0.0728695
0.193394
0.149422
0.154578
0.117562
0.14387
0.0428467
0.182423
0.0739555
0.131297
0.0295702
0.155518
0.131759
0.0962671
0.0834217
0.132042
0.156204
0.0623661
0.120223
0.165007
0.0918251
0.159404
0.0445903
0.135438
0.110346
0.118006
0.0587963
0.141951
0.0679298
0.0772338
0.17935
0.0768818
0.217576
0.209974
0.0805217
0.14825
0.14801
0.103905
0.16274
0.199541
0.027367
0.268457
0.0660154
0.134158
0.305088
0.115346
0.0537
0.118682
0.110806
0.0906626
0.020427
0.228526
0.1311
0.15494
0.0732312
0.117271
0.0622815
0.262958
0.249345
0.10726
0.14177
0.151992
0.116932
0.0682875
0.132348
0.0869284
0.137225
0.0610078
0.0129398
0.210552
0.16731
0.148761
0.108121
0.0626891
0.0382697
0.172372
0.168152
0.0528176
0.158347
0.103201
0.0396146
0.0872223
0.116985
0.0661667
0.153428
0.23867
0.122675
0.0255608
0.100332
0.240854
0.0691871
0.171542
0.0696733
0.129669
0.159413
0.0264335
0.121515
0.128073
0.118003
0.134024
0.0421184
0.0903874
0.172287
0.125326
0.0694465
0.141629
0.0390504
0.0687992
0.0611804
0.0532224
0.0569594
0.2511
0.0491448
0.0848523
0.109175
0.0103637
0.0360785
0.041678
0.177064
0.0930215
0.203636
0.174253
0.2068
0.0351357
0.0123819
0.0433912
0.25085
0.132199
0.0755121
0.127591
0.0754634
0.180319
0.132616
0.109271
0.0759914
0.0317364
0.217305
0.143973
0.103253
0.0663046
0.154596
0.147166
0.172477
0.0590677
0.160167
0.165365
0.127462
0.0943144
0.0603135
0.108298
0.00253574
0.0632077
0.0818384
0.051919
0.00990159
0.102995
0.191599
0.0293897
0.0984476
0.276209
0.122784
0.0886095
0.0891409
0.134227
0.0978803
0.178154
0.187017
0.069203
0.0665915
0.170888
0.162574
0.0745057
0.0249662
0.0716391
0.0956791
0.0609618
0.0578705
0.169821
0.200915
0.235702
0.181372
0.169456
0.100625
0.0644072
0.105127
0.0832115
0.163051
0.0741299
0.134443
0.0860119
0.181595
0.0255767
0.0329036
0.0723966
0.1624
0.0872436
0.130465
0.0742334
0.123116
0.182613
0.0906793
0.13172
0.106809
0.136633
0.167879
0.124857
0.0945768
0.0349259
0.0727688
0.0465442
0.0708505
0.0520514
0.235945
0.0554344
0.0725204
0.131619
0.190821
0.239598
0.100462
0.0705286
0.0838881
0.0916552
0.0888548
0.175107
0.131038
0.130581
0.145058
0.182713
0.103101
0.0510626
0.085526
0.0512524
0.146766
0.0941318
0.0341031
0.0146894
0.149045
0.166228
0.0523963
0.195341
0.118604
0.122256
0.0942113
0.201912
0.219653
0.155732
0.0791217
0.158758
0.0787479
0.0953384
0.124541
0.0726396
0.177708
0.104193
0.131401
0.0512495
0.0622119
0.0052983
0.14133
0.00709268
0.0299152
0.0633256
0.173369
0.0488039
0.135882
0.243798
0.00459734
0.322214
0.0824064
0.119144
0.188327
0.094407
0.0612197
0.107722
0.252406
0.250709
0.137802
0.0675672
0.0858296
0.134084
0.0678101
0.106731
0.122725
0.150546
0.079863
0.108296
0.00806479
0.310753
0.128333
0.226721
0.237128
0.196372
0.13623
0.133739
0.103833
0.111898
0.0457412
0.0818747
0.106183
0.0958321
0.0953995
0.073357
0.0323855
0.0108348
0.113854
0.0492151
0.163184
0.0570268
0.0231352
0.0781991
0.110403
0.300873
0.100828
0.0200337
0.246872
0.0612807
0.218778
0.0864397
0.0620196
0.0655016
0.0186264
0.165974
0.135764
0.0692124
0.0458235
0.0546081
0.0837255
0.0829762
0.0759325
0.119668
0.0346628
0.161217
0.11278
0.114415
0.0193385
0.0739787
0.0175366
0.150509
0.125404
0.0932144
0.0813932
0.169918
0.171518
0.120809
0.0949032
0.108493
0.0444177
0.11066
0.0805239
0.134941
0.0580592
0.0504847
0.0702596
0.0665396
0.231066
0.0913443
0.123055
0.10724
0.0467607
0.211997
0.235926
0.200295
0.209589
0.100187
0.127051
0.0636378
0.180975
0.119117
0.0775667
0.174465
0.0433038
0.0390207
0.216224
0.173988
0.179962
0.164518
0.239838
0.0293125
0.138187
0.167896
0.114546
0.135454
0.0642058
0.0835985
0.211182
0.0952627
0.152461
0.15314
0.12927
0.123591
0.0492853
0.075834
0.033275
0.0598742
0.0511869
0.135324
0.0203356
0.132197
0.0594214
0.0585202
0.0132463
0.103732
0.160553
0.0590358
0.0842216
0.0545812
0.146398
0.0852221
0.136092
0.0686803
0.0582108
0.114156
0.211588
0.0589905
0.104944
0.101107
0.0520847
0.172454
0.0777878
0.171879
0.164588
0.123909
0.173338
0.149967
0.200837
0.0290017
0.10832
0.0505993
0.151588
0.0419475
0.080868
0.223273
0.101916
0.0520545
0.0565106
0.170467
0.0819977
0.0314703
0.148771
0.0612291
0.00721557
0.112287
0.118193
0.260493
0.0729847
0.0991423
0.268174
0.0777781
0.0493025
0.178
0.129947
0.0782923
0.103315
0.106263
0.152778
0.275677
0.0818325
0.118131
0.0983745
0.21367
0.256838
0.0686005
0.00589484
0.125472
0.0757633
0.102906
0.114503
0.115929
0.122832
0.0820469
0.268866
0.0552521
0.0730781
0.13059
0.260108
0.098663
0.124862
0.00876527
0.0825503
0.128095
0.0477195
0.161824
0.17185
0.0388495
0.0965375
0.249672
0.0789293
0.107799
0.109454
0.0335463
0.0123748
0.0728139
0.2464
0.0185251
0.0174001
0.192576
0.0371761
0.192205
0.235094
0.141724
0.114974
0.131207
0.221944
0.14492
0.0603673
0.0631759
0.165339
0.121607
0.0510493
0.107809
0.179175
0.0806045
0.189744
0.0462628
0.11425
0.0648492
0.318403
0.236848
0.117275
0.171134
0.124587
0.0470789
0.140096
0.21038
0.0488605
0.0519945
0.176433
0.181715
0.0837581
0.137501
0.0601674
0.0176351
0.167355
0.0939547
0.0736849
0.0857742
0.0929964
0.071329
0.117118
0.0843098
0.0460272
0.069373
0.0307262
0.164458
0.157981
0.131896
0.0398365
0.088289
0.124269
0.0802508
0.101658
0.0207887
0.0595422
0.0953763
0.0976862
0.197124
0.141259
0.154987
0.1044
0.0658864
0.0892901
0.106524
0.0706623
0.191262
0.138904
0.0974857
0.041356
0.129279
0.0470212
0.0481063
0.142022
0.0289198
0.191242
0.0807326
0.0880567
0.0259573
0.0224299
0.0567036
0.0319872
0.0459132
0.120866
0.0847896
0.0378138
0.0749171
0.102755
0.0188088
0.094318
0.0602807
0.0358407
0.0414676
0.146246
0.0644984
0.0411773
0.114842
0.0373038
0.105478
0.116074
0.158559
0.0175351
0.0997265
0.0501485
0.0569976
0.0311245
0.122811
0.0816933
0.0674014
0.0154112
0.068018
0.212315
0.160712
0.138774
0.115861
0.079243
0.0332348
0.069911
0.0694371
0.134095
0.172545
0.121996
0.0180308
0.135791
0.0273136
0.0765153
0.0387877
0.130949
0.0246472
0.0621329
0.0407895
0.0819159
0.165206
0.0873131
0.171401
0.0356317
0.0909813
0.122526
0.160647
0.127672
0.064083
0.110147
0.05979
0.0411435
0.126314
0.16887
0.0293992
0.0856014
0.174919
0.0319815
0.029536
0.0158655
0.093669
0.11919
0.0429858
0.143634
0.0350668
0.156479
0.0541158
0.045977
0.0416092
0.152067
0.0789017
0.0829048
0.0460776
0.215583
0.122587
0.0785168
0.0668087
0.2038
0.0663717
0.0942786
0.240282
0.0663078
0.0503884
0.175962
0.0523644
0.161795
0.0519629
0.0544855
0.198332
0.222678
0.0483233
0.14093
0.0565971
0.128877
0.149153
0.142718
0.00665922
0.0503021
0.163936
0.139666
0.0462838
0.0352
0.072228
0.0803207
0.0860187
0.0918068
0.0617879
0.136258
0.0623992
0.138723
0.128982
0.128883
0.156667
0.107458
0.0337251
0.107725
0.111015
0.0604426
0.125531
0.121914
0.125334
0.0941226
0.109931
0.117922
0.0702736
0.0931379
0.102095
0.125887
0.0723965
0.139821
0.0754117
0.0645786
0.0455989
0.120495
0.136086
0.0963655
0.0517034
0.126279
0.170324
0.142892
0.0726735
0.157224
0.0195221
0.0936915
0.0352771
0.031491
0.31814
0.120501
0.0971175
0.104996
0.0955083
0.0775025
0.0967681
0.0784202
0.0901947
0.131842
0.0761564
0.0812808
0.071367
0.189129
0.176463
0.0764387
0.0646665
0.0868767
0.0892941
0.100558
0.108881
0.0851966
0.0329604
0.0985158
0.109922
0.0488604
0.0926934
0.0989661
0.0150156
0.0777875
0.114197
0.121721
0.0591349
0.0315735
0.0867055
0.11202
0.195853
0.0710642
0.152817
0.18615
0.107337
0.0566533
0.046311
0.112542
0.0655536
0.113619
0.140017
0.15592
0.259967
0.189254
0.0510983
0.0311287
0.25641
0.049341
0.148052
0.118022
0.0104164
0.193163
0.0694813
0.0131794
0.278029
0.0242609
0.305499
0.0446821
0.125671
0.0536925
0.191708
0.0297132
0.0602971
0.18903
0.135761
0.153696
0.125949
0.0696803
0.275605
0.166741
0.0681249
0.0952912
0.221397
0.0759406
0.0507143
0.0733289
0.136719
0.0695846
0.169352
0.0651249
0.180317
0.100045
0.108398
0.0578188
0.109772
0.170136
0.0750115
0.138084
0.140105
0.162582
0.115933
0.0763263
0.167708
0.187664
0.0274141
0.198263
0.146403
0.0359149
0.03021
0.19862
0.0910972
0.066024
0.163468
0.116717
0.22679
0.0614297
0.180291
0.255406
0.142235
0.0323692
0.0487602
0.196736
0.126113
0.0919256
0.0982987
0.215307
0.216551
0.212693
0.0956002
0.145251
0.0577207
0.0129249
0.130056
0.132131
0.049992
0.05858
0.340292
0.101238
0.122499
0.0203134
0.118064
0.236154
0.0675245
0.139447
0.0612983
0.182486
0.192426
0.19772
0.109839
0.0619534
0.0673335
0.0733664
0.0167524
0.0950325
0.174353
0.128637
0.0274297
0.215294
0.0562233
0.105135
0.131524
0.144998
0.0562105
0.204741
0.0155726
0.0331522
0.0777271
0.0200231
0.158985
0.0680328
0.152974
0.0885152
0.0130081
0.107415
0.0762583
0.135036
0.1363
0.100861
0.204743
0.0586537
0.0780702
0.116659
0.127394
0.0537844
0.0241272
0.0135306
0.0797648
0.158877
0.0679717
0.0799882
0.147996
0.126913
0.0504662
0.0309066
0.171492
0.0861184
0.135593
0.0261987
0.0761468
0.193196
0.132029
0.133942
0.110454
0.105138
0.158317
0.239444
0.190032
0.130762
0.16425
0.196569
0.102123
0.249573
0.0417223
0.182648
0.0901274
0.104892
0.0570074
0.134746
0.0564688
0.0801112
0.103619
0.0811005
0.221456
0.0379864
0.0693561
0.0629798
0.0913013
0.252538
0.0252028
0.174176
0.0805406
0.204152
0.201792
0.14096
0.147461
0.0486785
0.128088
0.0225355
0.0947603
0.0286809
0.134599
0.107182
0.134985
0.157882
0.0862883
0.199725
0.057722
0.080215
0.298895
0.105068
0.0748401
0.102939
0.21058
0.244197
0.0604195
0.286113
0.0451433
0.0273313
0.226212
0.0156545
0.0999226
0.0875253
0.0591552
0.0453319
0.198984
0.0591765
0.186973
0.113849
0.0470758
0.0763437
0.121394
0.054935
0.0837381
0.191703
0.10032
0.213028
0.10305
0.0871566
0.0557345
0.0739632
0.204515
0.0484095
0.225713
0.020753
0.140027
0.0640435
0.16482
0.0577722
0.0966167
0.172824
0.0757689
0.106448
0.0265205
0.216035
0.0659806
0.0277467
0.0919626
0.113378
0.0450424
0.149156
0.192157
0.0771358
0.170065
0.115219
0.162606
0.118784
0.0170275
0.17837
0.141641
0.160995
0.111992
0.0760391
0.0866841
0.22973
0.087826
0.0120039
0.098136
0.139744
0.131147
0.0643318
0.0835189
0.134709
0.12429
0.0841888
0.164573
0.136631
0.0948853
0.00739864
0.0189741
0.130741
0.0201326
0.116413
0.078475
0.208973
0.0072515
0.198233
0.0997712
0.107363
0.0651376
0.394508
0.0321146
0.126914
0.0307717
0.0695299
0.080058
0.0215164
0.0400156
0.184448
0.0933425
0.0898795
0.160609
0.0725129
0.164293
0.0805473
0.230507
0.0991488
0.0782911
0.165356
0.0207304
0.105589
0.0507663
0.0597081
0.124452
0.080571
0.0982112
0.0388572
0.110362
0.178888
0.0699191
0.12999
0.0570668
0.240392
0.0188828
0.0277457
0.141161
0.00532619
0.12351
0.0990372
0.034253
0.0476836
0.0371388
0.170588
0.155863
0.05442
0.0815369
0.119044
0.146751
0.0107322
0.101103
0.17493
0.0409215
0.0602079
0.0740188
0.0837319
0.12812
0.0628968
0.0508837
0.0649116
0.0483396
0.0443101
0.036827
0.0270577
0.0877655
0.083334
0.0887942
0.201527
0.149501
0.239647
0.154753
0.0768539
0.0607959
0.108306
0.19908
0.230177
0.223366
0.207817
0.0543286
0.10546
0.191152
0.091885
0.0358445
0.116914
0.160474
0.0482379
0.209285
0.155048
0.00591568
0.12832
0.128738
0.130596
0.0473747
0.0424034
0.131367
0.220815
0.0849649
0.0566284
0.1425
0.0208122
0.0576226
0.0557435
0.132075
0.121849
0.0867485
0.116275
0.0344964
0.0144029
0.157687
0.118168
0.191838
0.186294
0.135529
0.0322444
0.21128
0.0519485
0.0693044
0.195005
0.143964
0.0466228
0.0539222
0.02382
0.0687804
0.0446564
0.232964
0.09332
0.0403425
0.105898
0.106465
0.0683077
0.27802
0.185649
0.0165429
0.123763
0.0849032
0.0627159
0.0651067
0.0487793
0.0974053
0.117298
0.136835
0.16351
0.0764895
0.0842449
0.193888
0.0470677
0.0106332
0.239133
0.106256
0.150976
0.108857
0.0569972
0.214863
0.0477296
0.0486738
0.0648628
0.09327
0.175708
0.100263
0.229431
0.0691924
0.0419545
0.172414
0.0194103
0.0218178
0.0426232
0.0422158
0.0113651
0.0845018
0.137725
0.0674063
0.058382
0.0226496
0.157322
0.162042
0.19789
0.133334
0.0375587
0.0586405
0.0616801
0.111854
0.00687739
0.165868
0.0790898
0.0622938
0.0340798
0.0579542
0.0381078
0.0378116
0.0182405
0.138472
0.0488547
0.204732
0.114771
0.129205
0.00121275
0.165947
0.0897749
0.120946
0.115118
0.078486
0.0285249
0.0702768
0.0711515
0.180638
0.059287
0.112764
0.0834454
0.163499
0.107969
0.0784086
0.0905823
0.0379301
0.0742752
0.0763282
0.111744
0.0669901
0.155429
0.150703
0.0202914
0.135574
0.0611465
0.127112
0.0660773
0.0747632
0.077334
0.21981
0.188116
0.135271
0.211075
0.0679632
0.229411
0.132278
0.0194811
0.169068
0.0935936
0.00750972
0.171985
0.111821
0.0885234
0.095416
0.22644
0.0353556
0.147396
0.073245
0.0799879
0.165997
0.101534
0.140654
0.187432
0.142557
0.163637
0.101387
0.19517
0.102321
0.040493
0.0809245
0.107046
0.10775
0.124179
0.0962264
0.0709942
0.11337
0.0547241
0.129522
0.108122
0.237332
0.126977
0.115505
0.0296039
0.194466
0.130717
0.130585
0.0858574
0.122074
0.110665
0.055827
0.157102
0.0910394
0.162558
0.149069
0.0334587
0.0963846
0.189821
0.0848753
0.0489174
0.195484
0.0907932
0.117702
0.0546341
0.0464633
0.251669
0.0736582
0.0787313
0.120042
0.0460813
0.149403
0.0454483
0.077059
0.0742375
0.138229
0.14966
0.130146
0.0987575
0.0491952
0.191411
0.0818395
0.0934257
0.193228
0.226501
0.0832649
0.0942887
0.130012
0.111889
0.122241
0.238929
0.120212
0.195413
0.185139
0.192609
0.0261075
0.102693
0.060183
0.0356977
0.166421
0.22251
0.266712
0.191047
0.188739
0.0566235
0.0667735
0.0516601
0.0288898
0.0266438
0.0389702
0.160766
0.17912
0.0507622
0.0508752
0.0954162
0.175432
0.150131
0.0713113
0.0447091
0.048844
0.0796338
0.0268879
0.0551683
0.0604414
0.0711478
0.0673092
0.146486
0.177296
0.17962
0.0837964
0.0134547
0.103983
0.164806
0.0173993
0.168851
0.104954
0.0827327
0.0238735
0.080093
0.177188
0.110718
0.0923805
0.0848872
0.0232191
0.0971887
0.0643346
0.0594243
0.0114496
0.0707302
0.163348
0.108321
0.095007
0.213336
0.160248
0.0543215
0.114049
0.118819
0.0742112
0.227399
0.125383
0.188443
0.0955595
0.0997967
0.155725
0.182195
0.0696932
0.10143
0.0733114
0.148037
0.179463
0.204774
0.195391
0.0532379
0.114249
0.103605
0.039451
0.11264
0.187409
0.129464
0.12849
0.125459
0.0453903
0.086717
0.142806
0.0588073
0.25897
0.119236
0.107001
0.143238
0.0494649
0.0407215
0.104924
0.0640821
0.140443
0.0155332
0.193606
0.175305
0.0317594
0.0412488
0.214584
0.0615618
0.16371
0.208214
0.162417
0.0841428
0.10473
0.171814
0.268399
0.0882889
0.202587
0.113232
0.0952537
0.233158
0.0195085
0.1405
0.117509
0.154347
0.123959
0.026815
0.0620941
0.0138966
0.179059
0.0907235
0.0950805
0.12324
0.108265
0.145911
0.0638117
0.142224
0.120725
0.0651698
0.205058
0.142099
0.00946806
0.0867013
0.141988
0.0771111
0.136151
0.0924853
0.0315511
0.109017
0.106989
0.0874391
0.0958757
0.0343709
0.109837
0.0422547
0.150297
0.0360112
0.074247
0.240326
0.184126
0.0610962
0.0998929
0.234607
0.171783
0.132376
0.0317741
0.126373
0.128151
0.190566
0.0634132
0.156631
0.0817039
0.0577328
0.0839764
0.102162
0.0278464
0.217644
0.193659
0.206616
0.0874971
0.205914
0.0762665
0.0410347
0.088221
0.046337
0.132532
0.141362
0.0492954
0.056834
0.0428433
0.112501
0.12672
0.160464
0.19477
0.0138955
0.156365
0.0404764
0.0490735
0.143344
0.0916208
0.150952
0.0340591
0.0726306
0.159826
0.150905
0.138219
0.0403129
0.226589
0.158434
0.174196
0.161118
0.0720028
0.130646
0.107503
0.0128335
0.13395
0.106907
0.151469
0.122306
0.146591
0.0588813
0.110751
0.185602
0.114318
0.148932
0.177253
0.0881189
0.0391967
0.0123292
0.04923
0.1386
0.160213
0.110228
0.0299962
0.0688314
0.0892085
0.115325
0.0943435
0.0944502
0.0805719
0.0176797
0.0399142
0.0912387
0.094125
0.0246551
0.138382
0.0764153
0.0677395
0.0759598
0.135063
0.129646
0.0702225
0.0358552
0.11781
0.0874422
0.0408282
0.114788
0.159718
0.144318
0.010648
0.145678
0.0787212
0.116342
0.0950774
0.0925347
0.0926381
0.0692517
0.0900759
0.0570422
0.0794158
0.169697
0.0266018
0.140644
0.131598
0.115934
0.140486
0.0742305
0.027674
0.0343673
0.112731
0.145653
0.0813966
0.134831
0.141694
0.131722
0.035821
0.00918915
0.182093
0.0920103
0.0568998
0.0718935
0.0265756
0.0219301
0.0575871
0.119673
0.109087
0.151165
0.121697
0.0696552
0.0904244
0.11867
0.0328449
0.14026
0.0856776
0.0992059
0.150562
0.130485
0.0564819
0.245222
0.0589251
0.0787981
0.0729277
0.0916973
0.178218
0.152864
0.0517724
0.0955153
0.100109
0.0529704
0.153554
0.121748
0.197449
0.123164
0.0400265
0.0971393
0.0731848
0.123663
0.193304
0.121617
0.141927
0.131068
0.145956
0.0939516
0.027333
0.0784106
0.12373
0.104462
0.0682274
0.142825
0.0784747
0.0317652
0.0911299
0.0641644
0.103499
0.127024
0.107138
0.0425298
0.105021
0.128254
0.048439
0.0564468
0.109681
0.0535003
0.0534474
0.077961
0.14226
0.126543
0.0349017
0.0525553
0.0363099
0.085331
0.0579498
0.091807
0.119866
0.0911946
0.0818231
0.0801008
0.0525957
0.200224
0.0692114
0.0830928
0.140552
0.0660932
0.00783639
0.170549
0.106156
0.0611431
0.120286
0.137008
0.125669
0.0701124
0.0884647
0.122104
0.193897
0.0929794
0.0432387
0.0825895
0.0560536
0.20499
0.0544976
0.0990689
0.0741864
0.103203
0.0800975
0.0589684
0.100299
0.0945866
0.0475563
0.0857679
0.138775
0.114253
0.0568398
0.0733288
0.0104504
0.210007
0.199422
0.101071
0.0589113
0.0853687
0.140742
0.196012
0.071331
0.0942434
0.0686051
0.0495741
0.0837495
0.0700066
0.0413317
0.178062
0.194812
0.100059
0.138655
0.0975272
0.187478
0.0708185
0.130791
0.123752
0.123896
0.0691721
0.0835361
0.116854
0.0209252
0.131773
0.0760833
0.0874587
0.0864449
0.217276
0.12215
0.0297809
0.152206
0.0744782
0.0625431
0.0699243
0.0354007
0.257806
0.0233751
0.076748
0.143511
0.0635596
0.0575267
0.0308884
0.187252
0.0522503
0.107056
0.0987116
0.184481
0.108119
0.126595
0.113436
0.0819406
0.106315
0.161974
0.08321
0.0936493
0.0618072
0.16158
0.112581
0.0836475
0.10984
0.0913654
0.0950646
0.171838
0.120937
0.0699218
0.0387574
0.137617
0.110784
0.225414
0.10398
0.227138
0.12327
0.0714171
0.0920596
0.023318
0.145884
0.139274
0.110217
0.120913
0.14678
0.144428
0.058793
0.144772
0.0864172
0.155779
0.0456407
0.118493
0.0581414
0.0239036
0.116569
0.0878173
0.00966506
0.0946196
0.0913408
0.118981
0.0773871
0.0831685
0.118129
0.157101
0.182418
0.0469931
0.144337
0.139968
0.0167692
0.0513082
0.0497759
0.0235955
0.0910515
0.0534041
0.0917038
0.074396
0.176636
0.1948
0.0726351
0.0991478
0.136285
0.0997163
0.0713926
0.202505
0.11061
0.0909611
0.110761
0.154224
0.105257
0.131902
0.173754
0.142215
0.156872
0.0672607
0.165155
0.0995207
0.0336065
0.151944
0.119787
0.130983
0.0915778
0.093733
0.127816
0.21184
0.162746
0.128921
0.0748964
0.0917675
0.134163
0.101422
0.0829727
0.157127
0.106264
0.123936
0.0629967
0.172289
0.0681829
0.0691898
0.145076
0.0927226
0.0751445
0.10745
0.144271
0.025201
0.0651785
0.0689495
0.0461021
0.116758
0.157092
0.144128
0.159363
0.121021
0.0758336
0.179595
0.0764163
0.143042
0.0936441
0.174248
0.0881906
0.0355453
0.103655
0.0540643
0.0743796
0.149155
0.0449892
0.0903355
0.109127
0.0209189
0.0366535
0.0774399
0.0319334
0.108063
0.13947
0.0931289
0.164229
0.161598
0.0515919
0.153217
0.0780314
0.0734013
0.0881889
0.0297222
0.324263
0.0496307
0.0354488
0.082544
0.072578
0.141716
0.057591
0.0203938
0.0672225
0.0488853
0.0956156
0.133946
0.124875
0.0705009
0.103368
0.0630421
0.061653
0.0917491
0.062492
0.129073
0.103791
0.179246
0.304268
0.158575
0.072178
0.0184589
0.148644
0.153982
0.471324
0.115617
0.132571
0.0548647
0.147257
0.145257
0.119163
0.0556787
0.139317
0.0673632
0.0390662
0.101781
0.0860222
0.0372845
0.0836027
0.143983
0.128211
0.0463435
0.102724
0.153123
0.192234
0.17705
0.0740111
0.011206
0.0671735
0.146521
0.0446573
0.00459291
0.0815829
0.0800597
0.0947527
0.176391
0.111742
0.0959166
0.0289783
0.0166675
0.0716729
0.0660431
0.216722
0.0382858
0.10369
0.0710647
0.131867
0.0589516
0.100562
0.205308
0.0673528
0.0726831
0.150625
0.162679
0.18038
0.0936241
0.0738625
0.129392
0.0210442
0.0577076
0.185708
0.191187
0.0969788
0.135477
0.102192
0.100163
0.0753822
0.14683
0.207275
0.0262481
0.0828908
0.147887
0.155605
0.161644
0.133657
0.0447835
0.0660209
0.0935341
0.0839179
0.0333344
0.0548608
0.0612738
0.0573881
0.0736033
0.122859
0.0758982
0.0578833
0.056468
0.0881247
0.0756905
0.070763
0.0428115
0.119641
0.0910081
0.141439
0.213921
0.0596256
0.0600624
0.27904
0.114939
0.0211053
0.18731
0.0358963
0.143132
0.0460938
0.0755294
0.0328099
0.0501087
0.0866891
0.0873676
0.116818
0.087928
0.0213661
0.0290573
0.0785299
0.0953007
0.0601998
0.211358
0.0842239
0.178022
0.085111
0.0958572
0.102494
0.0748037
0.0600675
0.0761745
0.103234
0.178321
0.0993076
0.0512419
0.185439
0.107091
0.0482711
0.0537517
0.0613023
0.0995448
0.0699901
0.0293358
0.248532
0.108108
0.0640597
0.100633
0.050983
0.127155
0.233146
0.10352
0.116043
0.155467
0.054031
0.0834397
0.0491824
0.0648358
0.0705797
0.14414
0.0732929
0.0643384
0.11404
0.217672
0.182506
0.0397328
0.0824697
0.184707
0.121108
0.033782
0.0734462
0.0486461
0.14042
0.118489
0.113762
0.112048
0.179195
0.0770364
0.194885
0.135934
0.122724
0.180611
0.174182
0.128767
0.136889
0.100913
0.0673871
0.0586249
0.0714494
0.113344
0.190944
0.0398732
0.0270507
0.127446
0.101827
0.155067
0.123275
0.0410394
0.0828086
0.0685192
0.190425
0.0481117
0.0884794
0.160815
0.0896932
0.0617876
0.0765068
0.12028
0.099441
0.129073
0.230784
0.0615979
0.0815292
0.209119
0.0978384
0.16376
0.0912105
0.0269259
0.126912
0.177176
0.113516
0.164666
0.163966
0.0282656
0.118305
0.0879013
0.0681314
0.320291
0.14544
0.0746385
0.0817105
0.0809192
0.0530523
0.0458992
0.0328666
0.050387
0.176363
0.273489
0.0968279
0.0393137
0.0789678
0.114078
0.0564046
0.0520709
0.1522
0.114803
0.057097
0.117574
0.0745022
0.187115
0.132238
0.163829
0.135972
0.0778597
0.0785601
0.141755
0.149521
0.101469
0.0440287
0.170576
0.122804
0.110119
0.148812
0.111758
0.0897735
0.0156053
0.0936766
0.0945698
0.139764
0.10318
0.189518
0.0926893
0.0514523
0.133639
0.159231
0.153283
0.125927
0.0129936
0.2093
0.0783811
0.0521545
0.139308
0.0810956
0.284525
0.181712
0.152885
0.0601682
0.0642929
0.191653
0.148096
0.098332
0.129594
0.0750168
0.0492763
0.0711604
0.156503
0.0669704
0.0281703
0.148714
0.0911935
0.164895
0.0571052
0.0977625
0.134356
0.0481178
0.136364
0.107017
0.11187
0.0726368
0.0739233
0.170214
0.145138
0.029849
0.162888
0.0580696
0.120934
0.146263
0.110926
0.0698977
0.0834379
0.0585074
0.0853788
0.108119
0.112795
0.114577
0.181018
0.0524304
0.0712499
0.0836268
0.0901851
0.120553
0.0796024
0.0858839
0.122016
0.134446
0.00435501
0.0837357
0.135474
0.10461
0.102546
0.142146
0.101593
0.101279
0.0545293
0.0802375
0.0652001
0.0927064
0.0356032
0.0417701
0.117013
0.0774443
0.0864318
0.077991
0.0337817
0.0891433
0.107796
0.0426221
0.170145
0.137024
0.143642
0.120095
0.0989052
0.025495
0.102203
0.0663349
0.142724
0.011452
0.136937
0.0744828
0.102048
0.0952678
0.0756002
0.0768674
0.115662
0.0668615
0.0972892
0.0982449
0.0939538
0.0405447
0.0485704
0.0783302
0.0609814
0.102762
0.0644231
0.100921
0.08243
0.0660095
0.123159
0.0448074
0.0669333
0.179136
0.0163097
0.143938
0.113081
0.063526
0.0719318
0.159872
0.141773
0.0559143
0.11684
0.0742939
0.106659
0.133741
0.0587893
0.120114
0.103141
0.173838
0.0466653
0.142927
0.0633437
0.0316011
0.187271
0.0710583
0.0398499
0.119984
0.136461
0.115933
0.0925693
0.138535
0.198753
0.167483
0.223401
0.0601053
0.169104
0.159863
0.0469235
0.179328
0.0112787
0.0745306
0.0788868
0.167384
0.0497422
0.0112977
0.136295
0.0323117
0.0729182
0.0297036
0.0739994
0.0815396
0.106907
0.084123
0.0908431
0.0566979
0.0633854
0.115367
0.0275658
0.0347222
0.0884643
0.110178
0.203728
0.164959
0.0445339
0.150634
0.0805703
0.16061
0.0729948
0.139891
0.0297941
0.00427818
0.0851532
0.088879
0.0108764
0.0928915
0.150379
0.155988
0.169122
0.0254278
0.107944
0.0333056
0.0993433
0.11897
0.139974
0.168887
0.0832721
0.138616
0.107584
0.152988
0.0743564
0.0236245
0.0545842
0.133506
0.129022
0.107739
0.146
0.214723
0.0178433
0.0199951
0.0605273
0.0262972
0.0750101
0.109874
0.0125024
0.109539
0.212844
0.116273
0.154424
0.09308
0.0893494
0.0652918
0.145919
0.0256128
0.154499
0.133287
0.089383
0.171817
0.0683452
0.145002
0.044051
0.0431755
0.182567
0.045242
0.132971
0.0794323
0.098804
0.159549
0.116964
0.0908793
0.136151
0.139748
0.0790438
0.0630934
0.0835048
0.070289
0.103802
0.0715485
0.144807
0.0859714
0.144788
0.203295
0.0300789
0.0294335
0.016409
0.159732
0.180786
0.105596
0.219866
0.0745979
0.144047
0.1458
0.117896
0.0763202
0.138016
0.0977084
0.205909
0.112195
0.0612199
0.0216076
0.0515424
0.130763
0.141271
0.116196
0.165911
0.0762339
0.118165
0.0894018
0.0365404
0.0350432
0.0810745
0.042479
0.022186
0.121326
0.0659491
0.0793567
0.0915794
0.187374
0.0953756
0.039776
0.154703
0.0586243
0.0698062
0.0733861
0.169212
0.0463163
0.0743659
0.0662129
0.131492
0.0510501
0.122875
0.143141
0.166766
0.0649964
0.0647374
0.209127
0.0891307
0.079031
0.135827
0.144028
0.0963102
0.221049
0.14962
0.0806651
0.0497305
0.0714099
0.0707824
0.108434
0.0924227
0.167326
0.0858631
0.0953281
0.10162
0.0203507
0.143557
0.108576
0.0939165
0.0903631
0.188118
0.135587
0.0915756
0.178711
0.00969806
0.0538633
0.109648
0.110152
0.0693139
0.116665
0.032987
0.17605
0.0467101
0.15771
0.131798
0.0214706
0.153612
0.0609917
0.103011
0.0326223
0.0488157
0.0958011
0.0807357
0.0556437
0.0890774
0.147658
0.0574939
0.0777454
0.068164
0.118859
0.0737066
0.102757
0.0978812
0.152257
0.0447012
0.0978086
0.0541137
0.0242825
0.142638
0.0660742
0.0781265
0.218045
0.157868
0.0402358
0.0517909
0.149042
0.0541651
0.109509
0.131545
0.100531
0.0492722
0.0712821
0.191001
0.0217087
0.112698
0.0250685
0.0967943
0.184558
0.111756
0.166108
0.119243
0.17581
0.018947
0.120996
0.111892
0.0714541
0.0129572
0.0936698
0.0750515
0.0656703
0.122228
0.168804
0.186238
0.0881417
0.146283
0.0960119
0.0920399
0.0938268
0.0909341
0.0902183
0.0685268
0.0918125
0.181201
0.0187581
0.109617
0.056075
0.119953
0.135687
0.13457
0.146285
0.105803
0.177852
0.117161
0.0920115
0.0700469
0.0954872
0.148735
0.0624046
0.0318017
0.124372
0.106704
0.0535947
0.155954
0.0418135
0.176881
0.0409112
0.108956
0.0935611
0.0842851
0.0577955
0.125669
0.060151
0.0592078
0.109857
0.168023
0.0742957
0.1456
0.125272
0.113445
0.0266507
0.0776017
0.0866669
0.119013
0.13375
0.0843876
0.132443
0.100167
0.0648031
0.20374
0.0700521
0.189896
0.159862
0.0663732
0.0995929
0.0906041
0.102849
0.079306
0.0963477
0.0574202
0.0566976
0.0800852
0.0827369
0.161361
0.0225851
0.179458
0.113947
0.136967
0.0539701
0.101463
0.174622
0.0435611
0.0895995
0.0814752
0.142776
0.166139
0.0671553
0.0158849
0.117147
0.103276
0.142984
0.0670133
0.12315
0.0678052
0.145627
0.11558
0.0714862
0.0907908
0.041881
0.177073
0.090756
0.0482162
0.067816
0.0333733
0.0960984
0.152017
0.0717667
0.0663004
0.0655557
0.0420781
0.0429135
0.17258
0.117158
0.0879233
0.0728016
0.0763322
0.132007
0.119604
0.105311
0.104047
0.129126
0.0904245
0.126224
0.182997
0.0420371
0.0674495
0.10523
0.152354
0.0554167
0.0506023
0.0743067
0.128308
0.208451
0.116123
0.0446501
0.175343
0.0391659
0.122285
0.0664836
0.213023
0.192741
0.174084
0.0522087
0.0663751
0.0233124
0.136117
0.164185
0.137589
0.192367
0.162469
0.193712
0.21383
0.174332
0.181438
0.0207934
0.0777757
0.123763
0.0691896
0.0327642
0.023909
0.114441
0.106175
0.0919184
0.136761
0.0383994
0.244187
0.0860523
0.0718671
0.167457
0.0761186
0.184296
0.156452
0.290779
0.0216075
0.0360122
0.125406
0.0559753
0.124895
0.0909286
0.215331
0.0698027
0.00422228
0.0321909
0.0388215
0.0657719
0.145983
0.0722185
0.0845305
0.1018
0.0562274
0.00915327
0.162385
0.0195567
0.150411
0.0914182
0.179245
0.0161464
0.0368285
0.0570627
0.0790922
0.189839
0.0471791
0.111487
0.0929906
0.0193929
0.0381155
0.235033
0.0448996
0.214302
0.068384
0.102095
0.21589
0.0982973
0.131442
0.155629
0.0676941
0.0615374
0.0817218
0.0452671
0.0149055
0.0156126
0.0721246
0.0782802
0.0607494
0.0587373
0.0230913
0.10875
0.107886
0.175393
0.145268
0.0609748
0.0812862
0.186318
0.00880328
0.119089
0.109885
0.164541
0.0623333
0.155957
0.0698298
0.0993006
0.034419
0.102548
0.176664
0.0530615
0.141471
0.193577
0.0356314
0.166204
0.0370392
0.0259737
0.0794537
0.222614
0.0922818
0.328255
0.076323
0.151737
0.168358
0.132861
0.184749
0.121612
0.0171226
0.0354735
0.0191465
0.18426
0.0450606
0.0482881
0.0655881
0.10456
0.101551
0.0491108
0.142802
0.143579
0.087187
0.10888
0.0459114
0.1703
0.0799199
0.190684
0.277284
0.111894
0.0786565
0.0773836
0.115905
0.100337
0.133885
0.129516
0.151255
0.0564829
0.100423
0.0373996
0.108402
0.211316
0.24029
0.191962
0.00708074
0.071885
0.0960171
0.0689545
0.140222
0.145039
0.0954646
0.0429741
0.0284638
0.0591857
0.110274
0.190272
0.00642255
0.102174
0.0666329
0.137873
0.112291
0.0716085
0.0595212
0.243855
0.0866511
0.165868
0.112557
0.0723745
0.081712
0.067227
0.146262
0.136443
0.0555216
0.198309
0.060899
0.107821
0.125554
0.12682
0.19332
0.133926
0.10209
0.167779
0.118309
0.0302964
0.0799942
0.0449894
0.0706128
0.202076
0.131081
0.133502
0.168374
0.163062
0.106112
0.151774
0.0305995
0.123582
0.0579308
0.0443791
0.0991046
0.0693127
0.0566296
0.144655
0.0720439
0.255654
0.037591
0.162961
0.0397335
0.0368686
0.211152
0.0547439
0.0333698
0.0612746
0.0612006
0.0765405
0.0330811
0.0898965
0.0204942
0.134755
0.168642
0.0438388
0.129909
0.150226
0.0395284
0.204099
0.0135344
0.165827
0.145057
0.0704163
0.195419
0.0235088
0.131319
0.0800022
0.107747
0.140693
0.197449
0.196171
0.20998
0.0755192
0.142904
0.171282
0.0908315
0.299528
0.124079
0.0157846
0.0855609
0.051815
0.135277
0.137518
0.205251
0.0543812
0.0351631
0.0735702
0.102609
0.0963015
0.16518
0.0341918
0.0358662
0.1404
0.0319713
0.183693
0.0389479
0.0821081
0.182254
0.0595733
0.0541637
0.18955
0.10246
0.0924772
0.136457
0.0494544
0.0878973
0.111195
0.0260039
0.104105
0.165575
0.0339128
0.0412164
0.14811
0.161809
0.152469
0.0381417
0.141355
0.0160249
0.0908206
0.0640036
0.177039
0.160423
0.16918
0.135879
0.0904996
0.124774
0.150803
0.123688
0.0810937
0.114024
0.062665
0.149584
0.0935481
0.0433372
0.194762
0.0681391
0.10214
0.200223
0.0929365
0.0546361
0.205781
0.0427246
0.01693
0.0913496
0.177149
0.178279
0.193204
0.0325381
0.0640812
0.0728566
0.158537
0.134913
0.0792113
0.115406
0.0678977
0.167746
0.0608092
0.112166
0.0335141
0.0447785
0.114195
0.0108759
0.208732
0.126133
0.0380699
0.122855
0.0308524
0.0625526
0.141821
0.0194002
0.0694936
0.151601
0.0768515
0.093187
0.00583144
0.108265
0.162716
0.0293035
0.0987169
0.170996
0.0748559
0.127735
0.0937769
0.0982408
0.067087
0.162668
0.0648219
0.0679013
0.123965
0.16859
0.0994499
0.029577
0.0835476
0.0908103
0.0785058
0.109131
0.144894
0.134911
0.127406
0.00447886
0.125755
0.167651
0.130342
0.0848782
0.0863661
0.162368
0.0989792
0.0511075
0.0494629
0.101236
0.0602709
0.086463
0.0810035
0.0783913
0.0947746
0.0331975
0.11135
0.133352
0.148154
0.147805
0.162229
0.123082
0.0820707
0.0253632
0.116362
0.133439
0.0147804
0.0412149
0.114592
0.118654
0.231463
0.134977
0.10999
0.2138
0.0493945
0.162057
0.0640341
0.0619322
0.0197346
0.0425293
0.0903911
0.110346
0.140076
0.0641011
0.0995553
0.0397429
0.0785361
0.124367
0.100444
0.158523
0.0540064
0.27455
0.0868355
0.0881316
0.0844884
0.0346837
0.0622245
0.0355573
0.0981534
0.0622852
0.0541101
0.0815857
0.0203706
0.090689
0.0962401
0.108465
0.0734124
0.101207
0.169587
0.116238
0.188964
0.162684
0.0707654
0.117543
0.0414305
0.149397
0.19989
0.125108
0.126856
0.135295
0.0842453
0.0477878
0.03629
0.0414642
0.0552638
0.118039
0.0122675
0.117086
0.0774881
0.0743646
0.0511443
0.0763134
0.022241
0.242319
0.0952225
0.142037
0.197947
0.155965
0.0521681
0.0234444
0.120106
0.100281
0.108862
0.0542014
0.0350391
0.125368
0.104825
0.0727869
0.142326
0.115501
0.119929
0.0590695
0.129242
0.111093
0.0550461
0.0726852
0.129105
0.0665942
0.0848248
0.149291
0.0811997
0.155686
0.204079
0.0843818
0.0884051
0.180557
0.103781
0.0399744
0.0637291
0.103733
0.0685583
0.0728819
0.172901
0.0972464
0.0942561
0.0560217
0.104214
0.0416608
0.0890594
0.125403
0.0916161
0.0334359
0.164833
0.12659
0.0517902
0.0505055
0.041857
0.0251898
0.13132
0.125497
0.112478
0.140007
0.0960972
0.0674528
0.0161651
0.136323
0.200505
0.0254894
0.156388
0.038887
0.0275783
0.0881461
0.0867763
0.0746145
0.127965
0.033355
0.0567635
0.0603238
0.0560988
0.0402355
0.0275211
0.0767996
0.0549811
0.020046
0.0800965
0.130761
0.074601
0.174884
0.0333857
0.0327002
0.057256
0.099349
0.0681953
0.0282
0.0702371
0.181767
0.149697
0.148295
0.131682
0.107232
0.146746
0.215422
0.12707
0.0186413
0.136037
0.151195
0.0149476
0.0632246
0.202311
0.0505108
0.0911529
0.091305
0.1414
0.0463946
0.0529953
0.152933
0.107304
0.169839
0.121342
0.0212057
0.0462779
0.178166
0.241728
0.0876569
0.0742493
0.0751714
0.0384935
0.158324
0.116199
0.10395
0.0645972
0.0426538
0.132407
0.145371
0.0867718
0.0849758
0.237214
0.0392982
0.121451
0.0615079
0.0688899
0.154934
0.0953892
0.0956454
0.134216
0.101821
0.104538
0.0629123
0.0975973
0.0926562
0.101396
0.0300167
0.1155
0.0536852
0.142922
0.131526
0.188896
0.112302
0.17681
0.0823913
0.0979027
0.167869
0.174098
0.129106
0.219604
0.0256365
0.261863
0.0545617
0.0537958
0.121003
0.0814051
0.208834
0.132424
0.068924
0.0684096
0.111485
0.118455
0.0158222
0.105178
0.125498
0.097599
0.128288
0.211405
0.0502737
0.117359
0.135747
0.118137
0.208005
0.0902695
0.103047
0.0347934
0.140032
0.0426773
0.030225
0.00852469
0.0499621
0.0987398
0.151791
0.0816625
0.0610871
0.196485
0.113256
0.122602
0.112714
0.142264
0.0860658
0.239255
0.0926236
0.126983
0.104705
0.0410823
0.10544
0.0217373
0.172333
0.149291
0.0387804
0.12606
0.0552341
0.162924
0.0467186
0.108279
0.0655704
0.0952287
0.0844954
0.137509
0.0241275
0.0936994
0.0687791
0.0788011
0.190701
0.0719768
0.116074
0.145216
0.0712001
0.0834745
0.0442647
0.069994
0.0958961
0.051318
0.0505714
0.0489443
0.121182
0.0913568
0.0937384
0.039466
0.0504625
0.0593867
0.146333
0.0743188
0.0994258
0.143713
0.0917349
0.183647
0.0642358
0.0812226
0.2227
0.134538
0.0472376
0.040666
0.131476
0.0906265
0.091486
0.0771544
0.152124
0.0289278
0.0972998
0.0568523
0.0609757
0.147101
0.135586
0.0682719
0.0213975
0.141837
0.0601308
0.0692469
0.0964186
0.0542968
0.0394928
0.048203
0.0328491
0.0606445
0.0174054
0.0712691
0.0361603
0.175673
0.130406
0.0696684
0.0585455
0.163544
0.0421186
0.113613
0.0209844
0.0994578
0.181623
0.195045
0.140254
0.133708
0.124735
0.0203968
0.158614
0.217145
0.184874
0.118382
0.0691783
0.0873072
0.0677555
0.0558413
0.0460739
0.0890599
0.123632
0.054964
0.140632
0.0196501
0.199416
0.180971
0.221524
0.157933
0.0118688
0.248367
0.159105
0.179827
0.0858113
0.0425852
0.0490479
0.139651
0.0922905
0.237855
0.102518
0.095428
0.057645
0.105937
0.132401
0.0519232
0.0211768
0.0928953
0.0770774
0.141059
0.0360869
0.0913206
0.091129
0.145611
0.0545411
0.0371318
0.0466113
0.0575745
0.133567
0.0436093
0.0877299
0.0425093
0.106591
0.0420724
0.122939
0.0629
0.0494286
0.161964
0.0984009
0.200267
0.0499144
0.098662
0.0933135
0.0827698
0.10236
0.0479648
0.0706262
0.102199
0.19565
0.105808
0.119492
0.0974442
0.12814
0.0398278
0.139448
0.0955548
0.0927319
0.0100783
0.0871492
0.124545
0.0519873
0.105691
0.0548859
0.0866202
0.139645
0.0501577
0.094532
0.0863769
0.0802499
0.154389
0.0720845
0.150453
0.0360865
0.0574335
0.117608
0.169044
0.113632
0.0861173
0.191942
0.127624
0.0699459
0.162523
0.0468009
0.0343863
0.116766
0.155669
0.0653704
0.10296
0.110518
0.123817
0.129992
0.144964
0.120592
0.128173
0.0140063
0.16595
0.124535
0.12769
0.0655531
0.148943
0.0710258
0.0761274
0.0913434
0.139099
0.193931
0.0397983
0.0284148
0.0582145
0.147387
0.120921
0.0169106
0.190018
0.0336643
0.0640831
0.0850245
0.113613
0.0415738
0.0199531
0.00941784
0.121333
0.087904
0.0607674
0.0340263
0.112532
0.0780923
0.0520443
0.119346
0.118724
0.19855
0.159158
0.19042
0.171169
0.0309333
0.0802395
0.0856266
0.0350083
0.100884
0.0827417
0.0562452
0.0532881
0.0962529
0.101127
0.109827
0.153938
0.0799086
0.22332
0.0546515
0.0633478
0.155902
0.10631
0.210613
0.0933169
0.182207
0.14713
0.0219631
0.0956755
0.0947194
0.160956
0.0974938
0.0292896
0.0760665
0.0678346
0.143635
0.0755178
0.159844
0.00352214
0.155329
0.10257
0.0799468
0.0151538
0.053473
0.0861043
0.0421855
0.086798
0.108452
0.113443
0.0582705
0.08912
0.0649249
0.157952
0.112089
0.16817
0.0198879
0.0587666
0.133763
0.0805329
0.117054
0.0603574
0.136305
0.0539715
0.228099
0.103135
0.151209
0.225434
0.129946
0.0116255
0.186571
0.0654758
0.125543
0.0764051
0.0826694
0.113091
0.0208798
0.131459
0.0481671
0.195308
0.188214
0.0974912
0.0788992
0.115672
0.112278
0.0675256
0.104217
0.162344
0.0791062
0.0715086
0.183759
0.158351
0.121008
0.225129
0.126832
0.148103
0.0569612
0.118949
0.0985753
0.0787998
0.128358
0.0368823
0.143391
0.042975
0.202298
0.111538
0.0508254
0.0493815
0.0739844
0.216966
0.0566875
0.0713533
0.106782
0.051258
0.124951
0.101187
0.0344639
0.0649582
0.129067
0.156885
0.077162
0.0539953
0.0634605
0.123307
0.14997
0.0921786
0.142806
0.206948
0.0144119
0.0819025
0.0576991
0.0986109
0.0636556
0.0741705
0.110096
0.0897814
0.064303
0.0367447
0.0306964
0.17279
0.138094
0.059722
0.120281
0.0211396
0.0330308
0.0690722
0.0807014
0.0356103
0.0860818
0.0622938
0.173107
0.101077
0.152804
0.107249
0.190142
0.119026
0.115881
0.099634
0.121492
0.0591741
0.0962562
0.0023683
0.166917
0.0305946
0.150639
0.288646
0.23572
0.184555
0.253106
0.33045
0.062962
0.125875
0.0614125
0.237464
0.0214329
0.10737
0.0160928
0.169614
0.079946
0.0773941
0.0441144
0.0374346
0.0621989
0.103944
0.104087
0.237707
0.0758038
0.181425
0.0854393
0.100887
0.0422135
0.0273494
0.0891692
0.0850719
0.0449068
0.157066
0.0965783
0.0652759
0.140647
0.102074
0.0181281
0.0923767
0.0437443
0.0831629
0.107805
0.0476283
0.0832422
0.0538745
0.0906768
0.0680017
0.142389
0.164408
0.0915736
0.0723121
0.101563
0.202436
0.115707
0.0938617
0.0878237
0.0379188
0.254527
0.0636885
0.0607256
0.112607
0.0316008
0.0650409
0.14218
0.19758
0.0566166
0.133408
0.0808239
0.148204
0.0192397
0.0525221
0.140986
0.0701908
0.0523561
0.0671527
0.11874
0.0662874
0.142304
0.0324994
0.20583
0.136954
0.179968
0.0917521
0.139773
0.106922
0.0879119
0.0178028
0.110555
0.103623
0.116503
0.0565514
0.0358796
0.060357
0.232895
0.151559
0.133276
0.0764545
0.158092
0.0379373
0.0409485
0.0746067
0.131549
0.128028
0.114463
0.100691
0.0824401
0.145171
0.0535716
0.14811
0.102378
0.12662
0.143661
0.101489
0.158731
0.0348187
0.155317
0.145221
0.116534
0.235221
0.0427433
0.0887894
0.144872
0.0784888
0.12589
0.186563
0.0965196
0.157108
0.18614
0.0995508
0.11761
0.25709
0.00899659
0.0635544
0.165796
0.014291
0.227567
0.221041
0.178848
0.0804192
0.0285937
0.0419449
0.0926079
0.0514191
0.0903806
0.141597
0.0849895
0.135216
0.100051
0.0864098
0.176835
0.193808
0.0551699
0.0444725
0.246272
0.0701365
0.116776
0.0796611
0.154
0.0216413
0.155743
0.0486501
0.0746132
0.0709216
0.0706999
0.029232
0.0659065
0.0293279
0.157107
0.0402121
0.0451764
0.0469447
0.0469432
0.128772
0.0839738
0.0725408
0.14931
0.0731609
0.0991075
0.0287238
0.185781
0.0768704
0.0650449
0.177437
0.0750692
0.143404
0.10416
0.0855233
0.151137
0.141329
0.0631477
0.116023
0.188328
0.207786
0.141364
0.0416752
0.165739
0.110493
0.0571714
0.0176509
0.0325192
0.0733065
0.0294162
0.108565
0.0663338
0.160361
0.173816
0.0381845
0.109418
0.0969277
0.164778
0.142339
0.0576081
0.195902
0.167661
0.0757938
0.043784
0.0687667
0.0472207
0.0542045
0.122559
0.144568
0.0875069
0.0642162
0.148838
0.120687
0.0433288
0.0708575
0.0469652
0.155231
0.108811
0.0771492
0.0361528
0.199316
0.180896
0.0938961
0.0881568
0.0148345
0.055287
0.0674293
0.174928
0.140202
0.0152317
0.0267642
0.143473
0.0487581
0.0580426
0.071437
0.0864971
0.0433888
0.0970369
0.0505761
0.129754
0.131372
0.0896602
0.115726
0.175783
0.152391
0.0412945
0.0916987
0.139529
0.0534399
0.0549452
0.190153
0.163837
0.21709
0.210508
0.189291
0.152435
0.11909
0.141616
0.0305396
0.0931614
0.0512244
0.170689
0.091126
0.00958597
0.0201782
0.040678
0.0719667
0.199886
0.167366
0.0969012
0.0209818
0.135736
0.0277864
0.116559
0.0499484
0.0561729
0.0458914
0.207568
0.0961572
0.0425017
0.0814559
0.105233
0.0941172
0.109692
0.134076
0.144317
0.0465082
0.0933554
0.156113
0.138939
0.0827946
0.045558
0.174268
0.167738
0.0821665
0.169017
0.14221
0.133943
0.171684
0.0724189
0.152441
0.0322326
0.0786295
0.122663
0.239492
0.0454968
0.0553146
0.12456
0.194813
0.157253
0.150174
0.118503
0.133592
0.0899078
0.18205
0.137491
0.0570966
0.114242
0.0860247
0.0776562
0.0127126
0.0245032
0.0123856
0.122575
0.158063
0.120263
0.169501
0.196137
0.0825808
0.188347
0.104537
0.0240174
0.14661
0.183211
0.0450867
0.0682332
0.153601
0.0906611
0.100469
0.0501787
0.06591
0.0218444
0.0928019
0.179734
0.0871037
0.0998957
0.17309
0.240565
0.0380849
0.0657347
0.123702
0.114416
0.103878
0.0221195
0.0939121
0.0373955
0.115266
0.124425
0.0800167
0.0907697
0.153264
0.154146
0.074093
0.100569
0.0243111
0.105893
0.244515
0.0702461
0.072678
0.0670418
0.171767
0.157926
0.0817601
0.0822481
0.158017
0.0310158
0.172225
0.0682072
0.0670729
0.134533
0.0314102
0.185986
0.0854833
0.0713814
0.0927741
0.0116387
0.10767
0.0669374
0.1206
0.135879
0.107851
0.0617507
0.225006
0.280523
0.0603331
0.163408
0.0314393
0.0925251
0.0308606
0.0960502
0.201636
0.139895
0.0261947
0.130072
0.118001
0.0622363
0.0658987
0.128321
0.044245
0.147271
0.0923566
0.0675166
0.0568628
0.0601358
0.0809696
0.169265
0.0967315
0.0945222
0.0625613
0.173531
0.112794
0.0541584
0.108936
0.0436724
0.12923
0.102181
0.0479363
0.0817532
0.0243761
0.178913
0.180187
0.0950785
0.0872826
0.135886
0.138026
0.0523082
0.196182
0.127259
0.113074
0.0537726
0.103952
0.0296678
0.188874
0.0269278
0.104
0.0335344
0.166948
0.0757607
0.13676
0.0881818
0.204337
0.0984484
0.0953564
0.0329009
0.0304031
0.0938796
0.127547
0.114444
0.0847008
0.134696
0.11388
0.114845
0.109865
0.0287478
0.130913
0.22967
0.0151474
0.172028
0.18744
0.11615
0.166854
0.210115
0.110519
0.184636
0.0972018
0.0909268
0.0752999
0.101996
0.0514906
0.140011
0.0511028
0.131527
0.108097
0.121958
0.0578727
0.0695286
0.117647
0.030562
0.0328693
0.0585299
0.0954186
0.154469
0.011559
0.142829
0.143192
0.148171
0.202633
0.145845
0.189463
0.0352066
0.107768
0.120034
0.056511
0.0679859
0.0626833
0.0833559
0.107748
0.0384856
0.118162
0.169209
0.105497
0.201115
0.141823
0.0955616
0.144865
0.126472
0.140362
0.0654222
0.0656268
0.148003
0.180333
0.193525
0.0781504
0.154486
0.0452501
0.0316521
0.0991549
