0.000877594
0.0165675
0.0175328
0.00664304
0.0101067
0.0146957
0.24975
0.00859266
0.0120557
0.0345732
0.00999987
0.00421924
0.00621977
0.00367934
0.0028264
0.00449852
0.0322467
0.00494032
0.0419856
0.014037
0.0231993
0.0380995
0.0217351
0.0111632
0.180176
0.00973514
0.0116789
0.0318104
0.000376178
0.00757181
0.00660791
0.197317
0.0121588
0.0142225
0.0247417
0.0125992
0.0189322
0.247875
0.00150595
0.0451327
0.00369975
0.0345798
0.00500369
0.00404558
0.00427554
0.0135271
0.00257643
0.0143385
0.0113932
0.00316799
0.00641337
0.00679536
0.01312
0.0171297
0.0137157
0.00545781
0.00796864
0.00782332
0.0143249
0.00203834
0.00839583
0.0185294
0.0240653
0.00659627
0.0269909
0.0253947
0.0210351
0.0213214
0.0222107
0.0349529
0.00725012
0.0405513
0.0286678
0.00760966
0.0118666
0.0166505
0.27932
0.0269014
0.051003
0.0454616
0.00870214
0.0535315
0.0174972
0.030102
0.031146
0.0310322
0.0261825
0.0388601
0.0276767
0.226346
0.06119
0.0124121
0.0147616
0.275458
0.00682962
0.168753
0.072173
0.00757846
0.0243863
0.0393368
0.0279373
0.0222759
0.015441
0.0289023
0.0329787
0.010912
0.257538
0.0262774
0.0795327
0.0215137
0.0275095
0.0486853
0.0223999
0.0871505
0.25091
0.0298955
0.0254175
0.0288929
0.286499
0.0113811
0.245653
0.0263831
0.043028
0.0501324
0.0327014
0.0307729
0.00872512
0.0041997
0.0149753
0.0170914
0.0251156
0.00565107
0.0118757
0.0435005
0.0147582
0.0264611
0.278381
0.011063
0.00451583
0.0330198
0.0328645
0.0156434
0.29033
0.0131615
0.0271865
0.0169045
0.0130957
0.0174409
0.184003
0.0131147
0.0387965
0.0596307
0.0285371
0.764092
0.0482981
0.0140539
0.00477009
0.0191262
0.0129188
0.0117193
0.240363
0.0143577
0.0125466
0.0132296
0.0166714
0.0264566
0.0432009
0.0349062
0.0169441
0.0824385
0.0191299
0.0231775
0.0115192
0.936587
0.0189894
0.0398204
0.0334243
0.0348722
0.312641
0.00323153
0.0175378
0.044456
0.452352
0.0368479
0.0407121
0.014887
0.0121638
0.0255828
0.0238634
0.0375036
0.126983
0.222969
0.0159949
0.216023
0.29085
0.0752263
0.0129726
0.15405
0.288594
0.0504024
0.0198069
0.0138392
0.0160429
0.050688
0.0700482
0.0999246
0.0338143
0.0381453
0.0461447
0.193676
0.0118736
0.0210135
0.0547399
0.0276541
0.00780413
0.0357792
0.00518701
0.152863
0.0208707
0.0123299
0.0278167
0.0085755
0.0322454
0.0166269
0.299565
0.0149739
0.0262686
0.0226841
0.027246
0.0159878
0.0565231
0.0129093
0.0126683
0.0232338
0.0184755
0.0248251
0.0103216
0.030961
0.255601
0.0441371
0.237574
0.0368957
0.0520156
0.0140446
0.0292305
0.209686
0.0614682
0.0178657
0.417571
0.00709494
0.0249035
0.0316583
0.0336122
0.0400894
0.0168964
0.0318246
0.012636
0.027852
0.0530708
0.0278927
0.0154717
0.0239313
0.0222275
0.266515
0.066501
0.0184924
0.284042
0.195894
0.0497515
0.0874269
0.248868
0.0203301
0.0156028
0.0327348
0.0405037
0.00340743
0.00796684
0.0259107
0.0295483
0.0371282
0.0223508
0.337193
0.00550467
0.0243668
0.0290804
0.0371205
0.058298
0.00460713
0.0047673
0.0855151
0.0497626
0.0459975
0.0326622
0.00802389
0.00532163
0.265625
0.0329227
0.0235445
0.0234568
0.014766
0.0228568
0.00566196
0.0207921
0.040053
0.0528257
0.0471667
0.0403857
0.0297986
0.0345188
0.0159792
0.0152512
0.00607762
0.276274
0.0222296
0.064257
0.0113324
0.0280875
0.0243415
0.0193856
0.0344611
0.285514
0.00907655
0.0496463
0.0219282
0.0212437
0.241932
0.0129563
0.012909
0.0142542
0.216356
0.013337
0.012223
0.0111614
0.0731598
0.0152838
0.0198505
0.0480289
0.252137
0.00703665
0.0326695
0.311837
0.303474
0.76135
0.00594161
0.00759813
0.0179856
0.00875281
0.450998
0.278106
0.0166319
0.0254951
0.0338163
0.0261917
0.0063199
0.0308177
0.293383
0.0115784
0.236313
0.0111668
0.0170981
0.0461711
0.0153886
0.0194083
0.0202612
0.575562
0.0143406
0.038438
0.248386
0.00155357
0.0157645
0.0438977
0.0306487
0.00580665
0.0203777
0.0257644
0.0100543
0.00596966
0.352292
0.027475
0.00991892
0.0108129
0.0109823
0.0248757
0.010445
0.0292326
0.0195098
0.0191456
0.0154905
0.00548206
0.0278877
0.250757
0.214356
0.0548447
0.0197915
0.0445001
0.0110437
0.0198426
0.0058322
0.011522
0.0122739
0.016197
0.00960304
0.00962695
0.027096
0.00942507
0.0187164
0.00566616
0.60957
0.0366772
0.0139851
0.0215139
0.0264803
0.0114777
0.0310619
0.00864757
0.0272333
0.0358446
0.00669878
0.0138954
0.0468886
0.00937212
0.00830968
0.0289842
0.0045591
0.0550572
0.511738
0.0379439
0.418748
0.0232486
0.24124
0.0195326
0.00926351
0.0622561
0.618918
0.0319446
0.0105576
0.00727798
0.0168358
0.0142178
0.0125975
0.0168336
0.0738453
0.0178191
0.0166214
0.0320275
0.00216929
0.00686099
0.00455005
0.00875082
0.260938
0.0140764
0.0227456
0.0101656
0.00470792
0.224838
0.0259648
0.0121324
0.0433168
0.0449606
0.0291114
0.0309603
0.0342182
0.00700856
0.0509663
0.220106
0.0343705
0.0271038
0.0615038
0.0240296
0.0115821
0.0392131
0.0312475
0.0314304
0.0433552
0.439799
0.0550795
0.0154882
0.00946001
0.0222886
0.0153603
0.0324783
0.010031
0.0276161
0.0389649
0.0151102
0.00814503
0.0667854
0.0218957
0.704728
0.0121504
0.239874
0.00952482
0.00534808
0.0282979
0.00829296
0.0359724
0.0203894
0.00533351
0.0180124
0.00503664
0.0229894
0.0181587
0.0393353
0.0127856
0.0168246
0.182452
0.0397017
0.0124786
0.0205836
0.00493213
0.220276
0.00172647
0.00780661
0.0283936
0.00118959
0.00391189
0.0356567
0.0106126
0.045385
0.00781086
0.0104202
0.0144144
0.00399989
0.0241772
0.0394991
0.0393696
0.209589
0.0392998
0.0190207
0.00904637
0.0232533
0.0166464
0.0332359
0.0213596
0.048794
0.0278448
0.0110736
0.0132388
0.0239784
0.0290486
0.0142882
0.0192917
0.0193067
0.0188458
0.272928
0.0172708
0.0119346
0.0248535
0.0179146
0.0302442
0.203126
0.331306
0.0102858
0.0183775
0.210814
0.014061
0.0114694
0.0218171
0.00736278
0.0303902
0.0095066
0.029205
0.00664837
0.00451893
0.0135179
0.0117745
0.0451
0.0148922
0.0492712
0.200702
0.0249121
0.00570066
0.00678387
0.274479
0.237648
0.0167044
0.0164918
0.00642595
0.0227638
0.0196533
0.0370547
0.0334088
0.00588121
0.0369461
0.019494
0.0612917
0.00926002
0.00766384
0.0132449
0.047456
0.322603
0.00579661
0.0148968
0.0286745
0.00575427
0.0113636
0.0275205
0.602374
0.0248717
0.212166
0.224034
0.00809745
0.0189244
0.0246215
0.00238851
0.0260844
0.0266747
0.0455015
0.00610261
0.0759809
0.0071865
0.0348561
0.0107984
0.215443
0.0129572
0.0624712
0.0461701
0.0121294
0.524442
0.0261296
0.0177797
0.00718461
0.0131325
0.0124791
0.0112963
0.0197143
0.0135935
0.0172394
0.0236963
0.0231991
0.0123509
0.0131027
0.0078567
0.041113
0.0439039
0.00553414
0.0275398
0.00490778
0.0181268
0.270743
0.0444931
0.0110636
0.0157071
0.0438444
0.00846322
0.0178355
0.0177943
0.0319429
0.0300292
0.0170022
0.0180401
0.0322073
0.00719733
0.00665982
0.250858
0.030941
0.0157923
0.0297532
0.0314394
0.0353603
0.0456888
0.026485
0.0318086
0.0150169
0.00641339
0.00731915
0.00777097
0.0126676
0.00532102
0.0136899
0.0090599
0.0119808
0.0122408
0.0162145
0.0120526
0.00370694
0.0317727
0.0161088
0.00673546
0.214549
0.0275055
0.00961638
0.0113763
0.0054886
0.0283639
0.0513694
0.0120416
0.0252445
0.00967184
0.0195284
0.026742
0.0146355
0.0034735
0.0193244
0.00450022
0.0444635
0.0597903
0.0221287
0.0136602
0.0270301
0.0232473
0.00483052
0.0128364
0.0183658
0.015247
0.0194596
0.860684
0.018276
0.00501076
0.0219779
0.0288955
0.0365181
0.0259398
0.010512
0.00883407
0.00830143
0.0351216
0.0227013
0.316186
0.0152214
0.0128304
0.00847414
0.00753589
0.225963
0.637191
0.0148932
0.0129845
0.00446561
0.00449221
0.00734598
0.0159416
1.11167
0.0267657
0.00638387
0.805073
0.0203231
0.0128313
0.00761033
0.00887751
0.00313758
0.00598357
0.0155277
0.00277644
0.0173884
0.00742455
0.0208236
0.00950547
0.0112513
0.00989266
0.0164788
0.0294905
0.0128398
0.0251438
0.0129073
0.0498956
0.244043
0.0159175
0.00164129
0.00535381
0.000658065
0.278314
0.0136441
0.208863
0.022021
0.275095
0.0073104
0.0076876
0.00479282
0.00578288
0.0220512
0.0240039
0.0217493
0.246882
0.0261515
0.00716745
0.0645728
0.0147918
0.0368725
0.009345
0.0498725
0.0102802
0.0384335
0.00711872
0.0142872
0.0126981
0.0242656
0.254957
0.0200658
0.00397719
0.0105383
0.0179125
0.0164897
0.0167295
0.0176727
0.00763357
0.0169938
0.00170659
0.242032
0.0125396
0.00856749
0.0191845
0.0167878
0.0122153
0.0301187
0.00173674
0.0245445
0.0191322
0.0107544
0.00160163
0.013478
0.000585749
0.0134232
0.0133968
0.0174933
0.0196609
0.0403808
0.220934
0.0122
0.0183366
0.012284
0.0116296
0.0347542
0.0164947
0.0279768
0.0142835
0.0269392
0.0464174
0.0186373
0.00479301
0.0167179
0.014366
0.0165119
0.00620965
0.00775071
0.0430393
0.00871638
0.0197337
0.0309131
0.0101834
0.0379554
0.0258213
0.00257188
0.0121894
0.00628565
0.251863
0.0224807
0.0176019
0.00862801
0.00830338
0.243765
0.0309682
0.0146225
0.0256828
0.0247291
0.041864
0.0289779
0.300904
0.0281819
0.0101216
0.289476
0.0477867
0.0202756
0.0515791
0.0113604
0.019211
0.00959914
0.00596425
0.0341068
0.00325849
0.0223499
0.0354572
0.0242954
0.0335418
0.0322308
0.189697
0.260661
0.0285282
0.144394
0.33066
0.0106475
0.0141997
0.0369294
0.00917655
0.0115568
0.0542163
0.0190236
0.00459085
0.0136975
0.0449484
0.0177907
0.17994
0.0221499
0.0686843
0.0311153
0.0470378
0.200967
0.033151
0.0710574
0.0130919
0.0490348
0.00182412
0.0138575
0.0135021
0.03139
0.0152609
0.0218815
0.0102949
0.0239138
0.313931
0.264111
0.0121628
0.00826852
0.0331939
0.0387443
0.0308396
0.0153928
0.0151165
0.0183422
0.00376981
0.014916
0.00554714
0.0103311
0.017582
0.205419
0.194897
0.0127561
0.199008
0.0456842
0.0259365
0.00388923
0.0270272
0.221267
0.00541875
0.03284
0.148001
0.0283384
0.0180394
0.024345
0.00187774
0.0159971
0.00713483
0.0330941
0.00532846
0.0186732
0.0122355
0.00919084
0.0258613
0.0212331
0.0531842
0.0377549
0.0313384
0.00567019
0.0118393
0.0126861
0.00579517
0.0596268
0.0301421
0.027482
0.0449828
0.0307596
0.54081
0.0333747
0.0107097
0.0114141
0.049584
0.0604056
0.0204597
0.00744705
0.00632756
0.0468686
0.0131554
0.0186771
0.242619
0.180308
0.0368273
0.0268515
0.3484
0.0182938
0.0145973
0.071134
0.0323474
0.159094
0.233214
0.0529099
0.0501357
0.0233894
0.0555005
0.0480545
0.0129869
0.0153316
0.0120374
0.00332975
0.0237294
0.0188109
0.0496215
0.0161096
0.0495636
0.00662741
0.0226648
0.694199
0.0257741
0.0226761
0.0128788
0.0416045
0.0168839
0.0396672
0.026862
0.0230662
0.00149405
0.0194508
0.0162774
0.0289373
0.0680983
0.201977
0.0321839
0.0283101
0.054301
0.0515364
0.0516006
0.0141013
0.0361311
0.0229946
0.00494633
0.0467392
0.0254278
0.00460995
0.0162687
0.00603631
0.0348667
0.196515
0.0161356
0.0116806
0.00436891
0.014826
0.0275413
0.0114714
0.0432444
0.41611
0.00501525
0.0235102
0.0162197
0.0267111
0.0345328
0.0206162
0.0696764
0.0133053
0.0295525
0.0138831
0.0157834
0.0122325
0.00995827
0.0359985
0.161258
0.0207339
0.197123
0.0324234
0.209704
0.0422628
0.0425739
0.0175595
0.0552285
0.0315017
0.00883421
0.0350879
0.0528434
0.0308945
0.0377438
0.0572147
0.00862226
0.0932195
0.0407709
0.0714953
0.296006
0.0142621
0.0455396
0.0195086
0.0163028
0.0118238
0.024735
0.0131609
0.00781103
0.049176
0.0102523
0.0170499
0.0386368
0.241425
0.0679972
0.00466235
0.0403538
0.0184666
0.00363834
0.234951
0.0268268
0.0164002
0.00724851
0.0222382
0.00992659
0.0256008
0.00982435
0.0152189
0.012927
0.0123684
0.00605136
0.240698
0.0212946
0.0140096
0.313167
0.00347903
0.0493416
0.007297
0.0144225
0.0258921
0.0140029
0.187512
0.0212592
0.00805365
0.031295
0.013658
0.0606156
1.46281
0.0299284
0.0194735
0.0542356
0.00807032
0.0118811
0.235192
0.826161
0.0734715
0.0228669
0.0153109
0.040065
0.216177
0.0320321
0.00787871
0.0294616
0.0338362
0.0157934
0.0193112
0.0139344
0.00920732
0.0350279
0.0114789
0.0215669
0.0229262
0.0130419
0.0257567
0.00286254
0.0444067
0.0110038
0.0238103
0.00916355
0.0330474
0.00842493
0.0279059
0.0184878
0.0149975
0.0318188
0.049004
0.0399533
0.0217406
0.00469834
0.0263999
0.0485454
0.256709
0.020452
0.251575
0.0348425
0.0113355
0.0355772
0.0199634
0.0497576
0.0114101
0.0503842
0.0304254
0.0365667
0.0213771
0.196174
0.0201253
0.00583356
0.91346
0.010503
0.0158826
0.0149864
0.0262497
0.00982972
0.0165306
0.0184554
0.890063
0.341653
0.023319
0.0547925
0.00388377
0.17365
0.0201481
0.0368652
0.00464801
0.0385767
0.533104
0.0213782
0.00443155
0.0248987
0.0329565
0.0137768
0.0412978
0.0249363
0.0138726
0.0110345
0.232593
0.0366491
0.0462653
0.047254
0.00680155
0.256124
0.00982063
0.0158534
0.00619554
0.0169406
0.00988779
0.00508955
0.0231879
0.0201705
0.0226423
0.0145424
0.0028245
0.743395
0.0128358
0.0279254
0.00517684
0.0180842
0.0173597
0.00421666
0.238693
0.071665
0.0198273
0.0161115
0.0532071
0.0230646
0.0278013
0.0275623
0.0241607
0.235478
0.658234
0.00889252
0.0327156
0.0350983
0.00660348
0.0138081
0.0486431
0.0231736
0.0134979
0.00503908
0.0548009
0.00424904
0.0601396
0.00560391
0.0420981
0.0261859
0.0163528
0.0173634
0.00487638
0.0202608
0.252486
0.0298674
0.0146158
0.0298989
0.0243999
0.19687
0.00777462
0.0221918
0.00331622
0.0155956
0.00993027
0.0288998
0.0428563
0.01763
0.0189244
0.0351834
0.212741
0.00965593
0.0113804
0.0148801
0.0165235
0.0156434
0.0405534
0.001803
0.0259311
0.00837406
0.0213614
0.0668966
0.0347355
0.0103157
0.233963
0.0207221
0.0358169
0.00914084
0.037765
0.216354
0.0373825
0.039748
0.00910519
0.0518155
0.00436489
0.0307879
0.00722351
0.0191756
0.0252219
0.0160136
0.0413597
0.0311291
0.0217673
0.21397
0.0378261
0.0197947
0.0400653
0.0090439
0.0366849
0.00861651
0.0106955
0.0163539
0.0221776
0.00828973
0.258519
0.0530631
0.0307477
0.0240261
0.210862
0.0155535
0.00341098
0.0066991
0.0131342
0.00793884
0.00759211
0.0227287
0.030051
0.0198355
0.00903733
0.00409874
0.00773398
0.0162287
0.00382562
0.014513
0.0062115
0.00507902
0.0121218
0.0112479
0.0374272
0.00204467
0.0310709
0.0118812
0.0181302
0.0270982
0.0111775
0.00111792
0.0277494
0.0143899
0.0128848
0.00624177
0.0285352
0.0138654
0.0244301
0.00962775
0.0221994
0.0155487
0.0194356
0.214735
0.311227
0.00684487
0.0196611
0.0456259
0.0109988
0.00135397
0.246469
0.0134441
0.0161269
0.0162299
0.0125519
0.0204538
0.0236836
0.0714409
0.0651985
0.0318029
0.0189259
0.0188327
0.262857
0.0538065
0.301849
0.0351694
0.0446826
0.0103346
0.0114815
0.0678493
0.0164948
0.0436566
0.0463828
0.00798372
0.0248809
0.0106924
0.0482313
0.0321099
0.0159846
0.0358537
0.0522641
0.0122755
0.54134
0.0106507
0.0205733
0.0081605
0.0259838
0.00757093
0.0231957
0.00383361
0.0197313
0.0142936
0.0331266
0.0230219
0.00899318
0.0214039
0.0612582
0.0111379
0.0163124
0.0258003
0.0203517
0.0109569
0.00833066
0.0302652
0.0107392
0.00775568
0.015013
0.0399629
0.0206089
0.0153392
0.0149254
0.00575168
0.0201892
0.00978798
0.0314409
0.0154143
0.0102379
0.0277874
0.288824
0.141081
0.0154612
0.0194566
0.0228992
0.00976297
0.0336509
0.0178353
0.0264282
0.0322797
0.021046
0.0143662
0.0222133
0.26367
0.0091711
0.00522284
0.00176487
0.296517
0.0207009
0.000893811
0.0269504
0.0170205
0.0103774
0.0135063
0.0152465
0.01485
0.0416047
0.00669045
0.0213008
0.00560676
0.0127518
0.184104
0.0249272
0.222054
0.247973
0.0182514
0.0127703
0.00249217
0.00560544
0.0437544
0.0158415
0.00405319
0.00847391
0.00775395
0.00384427
0.0136576
0.0122398
0.262388
0.0103581
0.0426142
0.0186094
0.0104233
0.021697
0.00537938
0.00905823
0.0200613
0.017259
0.236284
0.00848779
0.0446504
0.0468061
0.0172814
0.00722829
0.0107052
0.279905
0.0341286
0.0171775
0.0390628
0.00815298
0.02206
0.19291
0.0114319
0.0446236
0.0349222
0.0390046
0.049896
0.00585923
0.019154
0.0147515
0.0137209
0.252096
0.00612628
0.00405932
0.00975391
0.011351
0.00265863
0.0126456
0.0307025
0.0187874
0.0177078
0.0177291
0.00412254
0.00754618
0.0160141
0.00514902
0.0340019
0.0177283
0.212826
0.0247349
0.0158543
0.0146699
0.0137184
0.0145721
0.00307412
0.00115362
0.0134462
0.014686
0.0140584
0.213038
0.43422
0.0233475
0.0106192
0.0162937
0.0134084
0.233799
0.015612
0.009692
0.0374796
0.0214818
0.019757
0.0099141
0.00712738
0.0236242
0.0131602
0.0117674
0.0148824
0.011992
0.0358609
0.0183795
0.203507
0.0103239
0.0145501
0.0125529
0.0159919
0.0170259
0.00742259
0.0189644
0.0137429
0.0422648
0.0135489
0.00912154
0.0161598
0.0108104
0.250073
0.022849
0.0214488
0.0113534
0.0291199
0.00942257
0.0215461
0.0187391
0.02295
0.0465579
0.0261097
0.00360037
0.00554355
0.0417975
0.015812
0.241177
0.0220168
0.0251924
0.00433124
0.0160688
0.027282
0.0181863
0.245106
0.00259101
0.0262276
0.00790132
0.0130297
0.00391745
0.0185714
0.0221673
0.0169575
0.00497362
0.0213514
0.0241093
0.0135558
0.00678053
0.00162784
0.0477322
0.0170975
0.00471763
0.0119562
0.00726091
0.00821242
0.012181
0.00972188
0.0154148
0.0139056
0.268898
0.00723697
0.18426
0.0108722
0.0122156
0.0150055
0.0264686
0.0215092
0.0138931
0.0761051
0.0274785
0.211758
0.016619
0.0139367
0.0352105
0.0211354
0.202889
0.021369
0.296282
0.0353593
0.0110274
0.0381683
0.0605584
0.0170455
0.00877618
0.00963686
0.0175065
0.0304614
0.022286
0.0490113
0.0410236
0.0276489
0.0849536
0.0514115
0.0225406
0.222214
0.0204938
0.0240167
0.0134167
0.0143776
0.0132162
0.0257099
0.0368628
0.0442054
0.0233104
0.0118606
0.0523012
0.0135931
0.00594974
0.0160236
0.0309884
0.00653361
0.0178633
0.00853591
0.0130946
0.0738775
0.0288134
0.0292265
0.0467561
0.0353373
0.0315606
0.00830471
0.00568256
0.0476765
0.012928
0.027829
0.00695921
0.00936134
0.00679722
0.00917635
0.020765
0.0248623
0.0150719
0.0385957
0.0126776
0.00538778
0.0209346
0.00470981
0.0399388
0.0253442
0.00650683
0.263386
0.0171688
0.0111885
0.0558492
0.00595703
0.0176507
0.00995172
0.0180439
0.0214977
0.0255247
0.0143481
0.0132397
0.0308399
0.0092639
0.00645951
0.0277371
0.0203998
0.384533
0.219361
0.0088707
0.0101393
0.648279
0.00812041
0.00329392
0.0276538
0.0250951
0.00780284
0.0383231
0.036782
0.00370674
0.00813032
0.608739
0.0583412
0.0403441
0.0229622
0.317224
0.0131845
0.012572
0.0226405
0.0092979
0.0286092
0.0189816
0.028911
0.0215436
0.0119756
0.297838
0.0364215
0.0110006
0.0294084
0.0185354
0.0404658
0.0123458
0.0540152
0.0243286
0.0282171
0.0238792
0.0105683
0.0501724
0.0366139
0.0214829
0.0125922
0.0387338
0.00879189
1.34421
0.0199242
0.0156403
0.00753501
0.0576687
0.033183
0.0385844
0.0323892
0.018258
0.19913
0.0312975
0.0110597
0.0396939
0.0513457
0.0265972
0.0273284
0.0389693
0.617702
0.0324951
0.0190668
0.0468538
0.0362658
0.0228252
0.050436
0.229185
0.0497561
0.00741031
0.00624097
0.0262415
0.0241195
0.00964138
0.357553
0.0342998
0.0305457
0.0182709
0.00650793
0.0314619
0.0196728
0.0249157
0.00946992
0.042993
0.0430389
0.0296217
0.0148609
0.275547
0.0383713
0.0187556
0.0551798
0.0119126
0.00970093
0.221591
0.0639817
0.0365087
0.0790418
0.00816924
0.0434237
0.0166499
0.0124427
0.044234
0.00645915
0.0229184
0.213014
0.944026
0.010687
0.0184981
0.00373
0.0236293
0.0146094
0.0415817
0.0219399
0.044385
0.0249608
0.0401544
0.0612465
0.0090422
0.260732
0.04891
0.0119433
0.0418013
0.0233903
0.0696663
0.0217505
0.00567612
0.214726
0.00211137
0.0635231
0.00854532
0.0362603
0.0074014
0.0492092
0.0170744
0.0487386
0.687755
0.0103261
0.00585432
0.00751711
0.0424968
0.0100053
0.0219153
0.0188321
0.0422772
0.016761
0.0156875
0.237714
0.0673097
0.010889
0.0442192
0.0237286
0.0546872
0.00908785
0.0049559
0.0170212
0.0333982
0.0272519
0.0235015
0.0167505
0.00286192
0.282845
0.0497542
0.0196861
0.340227
0.018422
0.0225572
0.0470408
0.00848296
0.0327414
0.493559
0.0374893
0.0190152
0.0090447
0.0158266
0.0265611
1.65707
0.00720936
0.00569329
0.0198663
0.00405726
0.0250363
0.0287582
0.00376668
0.014372
0.00971189
0.013964
0.188467
0.0324393
0.0223372
0.211164
0.0162312
0.0247216
0.221331
0.0205114
0.0332267
0.0439525
0.0199769
0.0204972
0.00654576
0.0287043
0.00163994
0.00939196
0.00692761
0.0121882
0.0451248
0.0232855
0.00750696
0.0131042
0.005581
0.0296012
0.0114953
0.00788596
0.0154097
0.0165449
0.0389301
0.0312002
0.0226871
0.0182951
0.0184649
0.015357
0.0635537
0.0361079
0.00372419
0.780985
0.0263011
0.000970476
0.00429667
0.019871
0.0148761
0.0385394
0.0515022
0.00907615
0.0165578
0.0157044
0.00652149
0.0254708
0.0758898
0.214501
0.00918036
0.00855308
1.32555
0.00444868
0.227912
0.0136991
0.00884557
0.0120372
0.0195016
0.0704292
0.0553198
0.288892
0.000759319
0.0321786
0.0254075
0.0203301
0.0262356
0.0110031
0.699857
0.0184655
0.0286358
0.0164283
0.0570039
0.0260172
0.0326889
0.0173227
0.0162025
0.0653439
0.185379
0.00456342
0.0337503
0.0413177
0.0102646
0.00908931
0.020104
0.0521468
0.0152201
0.0108445
0.243667
0.045238
0.00819292
0.00625263
0.00919153
0.0086303
0.0492948
0.261662
0.230793
0.0225695
0.045279
0.0156973
0.0252638
0.519117
0.136764
0.00799292
0.0191486
0.241486
0.00335638
0.0268549
0.0808281
0.441871
0.0300392
0.0296188
0.0147347
0.0228859
0.0532015
0.0699339
0.0211489
0.0159506
0.0218357
0.00880884
0.0283357
0.0447899
0.00873241
0.00165885
0.00798357
0.0224778
0.0216584
0.0149077
0.00131676
0.0167374
0.00540611
0.0554482
0.0498209
0.00613534
0.269812
0.0372318
0.00635916
0.0452303
0.00526699
0.0203609
0.0179979
0.199815
0.00690351
0.00667233
0.0249579
0.0347637
0.021699
0.00379034
0.0121788
0.0141847
0.0261751
0.029865
0.00582853
0.0242636
0.00365029
0.0091995
0.0158689
0.0696893
0.205103
0.0149725
0.0167283
0.0190848
0.0108416
0.0635259
0.0120215
0.0113108
0.0400497
0.045967
0.0372125
0.00359084
0.202208
0.0261306
0.0295582
0.0106352
0.0141716
0.0210822
0.0192489
0.00535032
0.0224989
0.00890198
0.00812486
0.203782
0.0235034
0.285251
0.258532
0.0243394
0.0299512
0.0349844
0.0488281
0.2285
0.00992438
0.024686
0.285116
0.0173267
0.00560684
0.00577723
0.0294138
0.00986952
0.0713463
0.000531446
0.00818686
0.0172496
0.0172321
0.0124934
0.0205653
0.0122781
0.0318801
0.016932
0.0401396
0.0261333
0.00700156
0.0319711
0.0059591
0.0232852
0.00540667
0.0147495
0.0219508
0.0356558
0.0202951
0.0293306
0.0774134
0.0143559
0.0149168
0.0309978
0.00900002
0.0243394
0.0241906
0.0392246
0.039088
0.0362067
0.0045877
0.017061
0.00740503
0.0164289
0.048449
0.0192122
0.050547
0.032366
0.016462
0.172542
0.268383
0.0277613
0.0312689
0.00697895
0.0341309
0.0368975
0.0157845
0.0345444
0.0381174
0.0177581
0.0085466
0.00388276
0.0271785
0.0125353
0.0136531
0.673241
0.0218716
0.210581
0.0186955
0.0157617
0.0125682
0.0148469
0.017362
0.0212881
0.620132
0.0174099
0.021731
0.0116218
0.0215728
0.0185851
0.0245346
0.00876797
0.0101612
0.0211945
0.0408664
0.0148333
0.0112457
0.51774
0.0167273
0.0446691
0.00430932
0.0390457
0.42024
0.0228138
0.0175897
0.019924
0.00953489
0.0116893
0.0116339
0.0308014
0.0172107
0.243661
0.0140969
0.0193382
0.0351173
1.13944
0.0185084
0.0191183
0.0121668
0.0261952
0.00934616
0.202871
0.0250735
0.00485041
0.0330082
0.0190976
0.0303838
0.00900917
0.0105224
0.0373168
0.00659815
0.0186726
0.00729959
0.00155756
0.0100366
0.0199791
0.215371
0.00858312
0.00769382
0.0324548
0.00454038
0.0561426
0.0118586
0.00962479
0.00275509
0.0287083
0.0386905
0.0215869
0.0108676
0.0365465
0.0107297
0.0214868
0.0420228
0.0116706
0.0223682
0.220923
0.0345802
0.241373
0.0374282
0.00395993
0.00622318
0.00552112
0.00222051
0.0151708
0.00681988
0.0187075
0.00403746
0.0176839
0.00421972
0.0573859
0.0232671
0.0150003
0.0109126
0.021727
0.0449007
0.0366314
0.00719216
0.0104469
0.0203606
0.888091
0.033068
0.252193
0.0269564
0.0135754
0.00746936
0.0256519
0.0401537
0.00842518
0.0155743
0.00147334
0.0389007
0.0336292
0.0172383
0.013437
0.0151742
0.0120245
0.00763324
0.0173903
0.0210285
0.014411
1.07207
0.0449701
0.0417564
0.0114043
0.0181496
0.00274975
0.030869
0.0369937
0.017347
0.0221118
0.0158143
0.0289626
0.0216112
0.0282192
0.0116064
0.0122504
0.023305
0.00404096
0.017383
0.0163719
0.0182963
0.0166359
0.0127074
0.236032
0.038182
0.00365115
0.008868
0.267041
0.0274744
0.0324298
0.0593835
0.244766
0.03845
0.00664593
0.00730912
0.0121684
0.515946
0.263219
0.00775324
0.0307984
0.0382071
0.0246759
0.0167574
0.013788
0.0135189
0.0023312
0.013137
0.00496187
0.00259618
0.0152503
0.00621364
0.00337421
0.0101686
0.00790465
0.0258039
0.0591372
0.0156817
0.00497637
0.00884923
0.238445
0.027557
0.0160981
0.0551148
0.0151866
0.0272245
0.00609558
0.01923
0.0153423
0.0102045
0.0347771
0.0136615
0.0318964
0.005243
0.016928
0.0372616
0.00635828
0.328024
0.0361091
0.00101052
0.0143892
0.0444134
0.0121073
0.0186518
0.0425289
0.0257557
0.015685
0.0297298
0.0056913
0.00267365
0.0129341
0.0166758
0.0197681
0.0108555
0.0189211
0.00562312
0.0303281
0.0103379
0.010997
0.00677205
0.0235373
0.0134005
0.00380857
0.0153441
0.0152171
0.0376353
0.194924
0.00938505
0.0394351
0.0575119
0.0121348
0.0396899
0.0202151
0.0257583
0.031729
0.0566643
0.258186
0.213816
0.0105251
0.0124108
0.00488422
0.0226257
0.0598409
0.270966
0.0788405
0.0129913
0.0289643
0.0127623
0.0241961
0.0168083
0.040472
0.0152908
0.00871297
0.0230718
0.0144149
0.037392
0.0109688
0.0490302
0.262302
0.034548
0.00664379
0.0116032
0.0235822
0.0493428
0.0235195
0.0151964
0.0670904
0.0272332
0.0325602
0.0284372
0.0408504
0.0351445
0.00641826
0.0188034
0.0251635
0.118073
0.0568251
0.0498122
0.0251424
0.0262333
0.00917883
0.0181855
0.0192523
0.022798
0.00627452
0.0116412
0.0201888
0.0108921
0.00905087
0.0317557
0.270126
0.0385143
0.025843
0.00995582
0.0312657
0.273629
0.0111935
0.0205163
0.281253
0.247246
0.0330326
0.262
0.00944186
0.0342556
0.0107891
0.258431
0.00812187
0.0466701
0.0609536
0.211041
0.213543
0.0113775
0.0127353
0.0190397
0.0108842
0.288958
0.191195
0.234714
0.0525178
0.0182683
0.0157331
0.00828429
0.00934175
0.181787
0.00432839
0.00535164
0.932107
0.0320493
0.0117494
0.0437623
0.0380682
0.0113167
0.0109131
0.00762723
0.0302083
0.0105947
0.0315167
0.0356267
0.0386997
0.0360683
0.0121099
0.2753
0.0262376
0.0135026
0.0468138
0.0157964
0.0157782
0.0651502
0.0458353
0.0221586
0.0649039
0.0211917
0.0475411
0.0324194
0.0330964
0.0361874
0.0789294
0.02073
0.0205014
0.0111462
0.110473
0.0163279
0.0355265
0.046865
0.0233313
0.386071
0.0238759
0.0115498
0.00613849
0.0755806
0.0388137
0.0269849
0.0178828
0.0161073
0.02014
0.0303233
0.0250164
0.0309311
0.015183
0.0429988
0.0302129
0.0384361
0.0267549
0.0256935
0.0320439
0.0128934
0.0120972
0.0136428
0.0549074
0.0230959
0.0257705
0.042851
0.0547065
0.0284509
1.03274
0.0166598
0.0167775
0.0290426
0.0279069
0.0226349
0.022318
0.0185338
0.195504
0.0136957
0.0248931
0.0339568
0.0472706
0.0270698
0.0170821
0.00144206
0.0267512
0.0290763
0.0191988
0.00812136
0.0169431
0.0322628
0.0315424
0.672754
0.0287293
0.270083
0.00728203
0.0236713
0.0392809
0.28312
0.0163546
0.018692
0.0869221
0.00781486
0.301774
0.0127544
0.0372277
0.0290904
0.212318
0.0342023
0.194159
0.226098
0.0113724
0.0259487
0.0113509
0.0244962
0.0275422
0.0489229
0.0346877
0.0346834
0.0355022
0.0508866
0.0204489
0.0383657
0.0519467
0.0113539
0.292787
0.198474
0.0310965
0.00956262
0.004933
0.0201043
0.0122728
0.0441132
0.0122911
0.0361218
0.0554995
0.0414407
0.0110693
0.0119545
0.0222695
0.0186143
0.0127278
0.017554
0.0198197
0.245462
0.0121479
0.0169035
0.0200979
0.218243
0.0128694
0.0149134
0.0186288
0.025111
0.0250936
0.00531624
0.0213156
0.0182972
0.0158173
0.230661
0.0112832
0.00911854
0.00556668
0.0197695
0.0225094
0.0193389
0.00789453
0.304626
0.0139989
0.0146679
0.0348152
0.0181795
0.0276075
0.0188355
0.240167
0.056126
0.0162362
0.0024857
0.0499234
0.246754
0.0267918
0.0278952
0.161347
0.0190651
0.0347186
0.736241
0.238346
0.0144
0.0204542
0.0324271
0.0234108
0.0158082
0.0245374
0.0270167
0.039215
0.0291967
0.00977944
0.00678907
0.00826117
0.00893914
0.0197688
0.0160623
0.0107864
0.0245414
0.0239392
0.0104294
0.0306366
0.0331915
0.0208606
0.0168509
0.273696
0.0181321
0.0187417
0.0581054
0.017271
0.274226
0.00654879
0.0262894
0.0302084
0.0300688
0.0161214
0.0320217
0.0126746
0.0627088
0.0164803
0.395619
0.0291142
0.0384108
0.0334654
0.215382
0.0168795
0.0361043
0.0275384
0.0218434
0.0181004
0.0588854
0.0142405
0.00892031
0.00592917
0.0155804
0.0158034
0.0110413
0.0274024
0.00483766
0.0134891
0.0179848
0.0151059
0.00530283
0.0136335
0.0389485
0.0154314
0.0463785
0.0267214
0.0404372
0.0119818
0.0230033
0.0219401
0.187855
0.025141
0.00880887
0.00219634
0.0139551
0.0202092
0.0243041
0.0276301
0.199725
0.0231931
0.00844893
0.0108606
0.0200507
0.0111995
0.00889238
0.197511
0.0105379
0.0112849
0.0221032
0.0179844
0.0244409
0.0149715
0.013641
0.00502957
0.0188031
0.00909252
0.00530349
0.00596095
0.196803
0.0232813
0.273188
0.0183446
0.0147373
0.268135
0.200073
0.0181439
0.0144588
0.0191327
0.0419427
0.00694867
0.0127864
0.0316066
0.224596
0.57331
0.0808756
0.00390173
0.0559624
0.415384
0.0257075
0.220477
0.0296857
0.203399
0.182635
0.00556822
0.0174856
0.0267677
0.255395
0.0050689
0.0263407
0.0357931
0.0162631
0.262159
0.0215669
0.034739
0.00509292
0.00932073
0.00698592
0.0321786
0.0187614
0.0023862
0.0346124
0.0142486
0.0175684
0.0184474
0.0285241
0.0300703
0.0209869
0.0113791
0.252887
0.260248
0.805252
0.0112934
0.304876
0.010829
0.0161956
0.0121009
0.0197127
0.00191251
0.0619259
0.0147842
0.0276212
0.0372679
0.215136
0.0107888
0.0361034
0.0428945
0.0283787
0.03674
0.19528
0.0455892
0.0206392
0.0527987
0.051607
0.0368988
0.0190762
0.00922869
0.0332014
0.176013
0.0220524
0.020649
0.0255854
0.0213676
0.191486
0.197103
0.0228844
0.0206735
0.256158
0.0037631
0.0319811
0.0137958
0.00165482
0.0137252
0.0159065
0.0184564
0.0215111
0.0196031
0.0321483
0.255231
0.01906
0.0194371
0.0340909
0.00284252
0.00705504
0.0354409
0.00886745
0.242643
0.0371059
0.20903
0.0186007
0.0321836
0.0170204
0.0142996
0.0269557
0.0454919
0.0126899
0.0130203
0.0242339
0.290185
0.0210491
0.212694
0.009106
0.025851
0.569925
0.29119
0.0170339
0.0167806
0.312246
0.0374873
0.0403904
0.020595
0.015345
0.00800099
0.0102158
0.027612
0.0122904
0.0493058
0.0264402
0.0245545
0.0107522
0.0386199
0.0370661
0.0323331
0.0255887
0.272261
0.00859288
0.0237317
0.00334706
0.00369085
0.0294833
0.0592929
0.0179933
0.0500305
0.0905417
0.014318
0.00777754
0.0039551
0.0502853
0.0413217
0.159476
0.0437194
0.135523
0.0207428
0.0155196
0.0351628
0.00723166
0.0362622
0.0129358
0.0160958
0.251854
0.0184879
0.0154737
0.00161506
0.0173585
0.0152693
0.0108223
0.568266
0.00911376
0.0091424
0.0240273
0.0144587
0.00553328
0.0099452
0.0198569
0.00389623
0.00905268
0.0106651
0.0443824
0.0193314
0.00722586
0.0444031
0.0224876
0.0107007
0.0189119
0.223804
0.00849361
0.0252236
0.00941295
0.0175944
0.0199273
0.0244889
0.898558
0.0148247
0.00712135
0.0186995
0.00598302
0.0167164
0.0015006
0.0316019
0.010613
0.0262146
0.0144468
0.0224169
0.0162937
0.0151864
0.00627542
0.844684
0.00471374
0.0418837
0.0460856
0.0207848
0.565817
0.588629
0.61913
0.000869284
0.257933
0.819115
0.00922984
0.0147343
0.00841884
0.00768923
0.0115808
0.047647
0.00715255
0.0246504
0.0393487
0.226444
0.00869128
0.0114127
0.00378583
0.0068802
0.219796
0.00318156
0.00341906
0.0489857
0.292143
0.0150432
0.0272712
0.0121787
0.00329711
0.223017
0.008154
0.0299161
0.0295634
0.0255979
0.0321929
0.0115221
0.0147089
0.0134538
0.013276
0.013966
0.00772927
0.0172139
0.00455306
0.00942858
0.296807
0.0197268
0.00502343
0.0160242
0.0193793
0.01814
0.0424514
0.0194558
0.0175472
0.0121765
0.0234542
0.00818138
0.0104596
0.00976649
0.161498
0.0104745
0.0212697
0.00833517
0.0158431
0.0156938
0.0381756
0.295732
0.0193025
0.00065771
0.0653795
0.0060252
0.00773828
0.0413068
0.0215993
0.0197406
0.0249809
0.0104423
0.0195315
0.0133693
0.0227724
0.0315697
0.270618
0.0270778
0.036712
0.012837
0.0165991
0.260085
0.0173377
0.0214861
0.228535
0.259378
0.015465
0.0548052
0.0568074
0.211472
0.0214215
0.00551565
0.0305864
0.0204264
0.0156092
0.0307086
0.239095
0.0136255
0.236088
0.00482279
0.0328039
0.00670715
0.00658647
0.218636
0.00652496
0.0203667
0.00652334
0.0120944
0.00831901
0.00501331
0.0216408
0.00721142
0.00831739
0.285045
0.677014
0.0170348
0.0237616
0.01405
0.0125011
0.0141569
0.00728745
0.296366
0.00942924
0.017252
0.0128657
0.0244256
0.23031
0.00442482
0.183118
0.265447
0.258529
0.0214745
0.0156595
0.0181022
0.05062
0.009153
0.0117579
0.0472295
0.00957871
0.228861
0.0055386
0.0233911
0.0271283
0.225234
0.234366
0.0109614
0.00303541
0.022823
0.0138158
0.011441
0.019129
0.0216096
0.0261906
0.00890174
0.0203009
0.0371323
0.024288
0.0208303
0.0100915
0.0266432
0.0224595
0.00510348
0.0135382
0.0128425
0.0105356
0.020232
0.0195814
0.0242195
0.0238165
0.0105998
0.0116092
0.00775732
0.0187104
0.0399869
0.0065359
0.00892038
0.0145573
0.253781
0.00748418
0.0114752
0.0121425
0.0222305
0.0164725
0.00466957
0.023683
0.0328274
0.064959
0.0462341
0.0192454
0.00695243
0.0246431
0.0227754
0.239591
0.00787757
0.0228502
0.0296775
0.206272
0.0261153
0.0117868
0.0506439
0.0199048
0.00219779
0.0740745
0.0407911
0.00838075
0.292238
0.0375551
0.211035
0.0232674
0.0256314
0.0277323
0.222833
0.0210479
0.0467227
0.0159637
0.0656778
0.00461186
0.0281163
0.00599578
0.183482
0.0353985
0.023598
0.04279
0.010405
0.0236055
0.016299
0.0268322
0.0075322
0.0258571
0.0326618
0.0337445
0.00936465
0.00893756
0.022642
0.00887878
0.012612
0.0300053
0.00625344
0.0372518
0.0134496
0.021036
0.021462
0.0262716
0.0285342
0.0367008
0.0468671
0.0192349
0.0453222
0.0292466
0.221607
0.0123223
0.210662
0.0294332
0.00996896
0.0479695
0.0200104
0.0126654
0.00427302
0.0119259
0.0395181
0.0330626
0.011276
0.0091666
0.0224822
0.0181075
0.0117145
0.023544
0.0134601
0.0231483
0.0122892
0.0141767
0.0193242
0.0510487
0.305285
0.116792
0.0204619
0.063034
0.053571
0.0287153
0.0141848
0.0268239
0.00885751
0.00237268
0.0400152
0.00932276
0.029364
0.00669147
0.00739151
0.670324
0.00824819
0.0253578
0.0323415
0.0259215
0.0175536
0.0163762
0.0563412
0.0167317
0.0451914
0.0273776
0.0481983
0.0244307
0.283208
0.0517737
0.0221933
0.0553074
0.00804285
0.0648528
0.0252173
0.0181193
0.0225399
0.015568
0.0368715
0.0235397
1.0756
0.0135709
0.029809
0.215477
0.0172163
0.258249
0.00916377
0.0290266
0.0389961
0.0332461
0.0233506
0.0467312
0.0143515
1.04068
0.0286265
0.046363
0.0542319
0.0275082
0.0296292
0.0335335
0.0709922
0.025239
0.0118283
0.0184828
0.0309721
0.855386
0.0380003
0.0258614
0.0275083
0.0214225
0.0229129
0.0464217
0.0290289
0.0186976
0.0527638
0.014798
0.00705495
0.939575
0.0296319
0.253404
0.024391
0.0157298
0.00462618
0.030223
0.017827
0.274875
0.02258
0.0244016
0.231004
0.0167113
0.0242061
0.0266826
0.0379855
0.044136
0.0288497
0.0277733
0.0326085
0.0219331
0.0133086
0.0424704
0.0273733
0.0138854
0.03458
0.0253211
0.0310199
0.00514691
0.0477956
0.0355349
0.10572
0.039226
0.0286496
0.0189916
0.212369
0.0222083
0.048148
0.0373896
0.0493739
0.00833039
0.0365071
0.0520178
0.221833
0.0231884
0.0384383
0.0094463
0.0186787
0.0472029
0.0712143
0.219961
0.0113757
0.0408465
0.0251571
0.0291661
0.0604066
0.0193103
0.00556987
0.029342
0.0266622
0.0320054
0.0167845
0.0318646
0.0390376
0.224139
0.00958375
0.010614
0.226691
0.230722
0.0181705
0.0181018
0.0459145
0.0180931
0.233016
0.00413879
0.0489939
0.0144939
0.00729635
0.0448652
0.214507
0.0288063
0.035223
0.0328209
0.008247
0.0153906
0.0277972
0.0173104
0.0138854
0.0250682
0.0038116
0.0336026
0.0549419
0.0137031
0.0228493
0.298085
0.0357099
0.020633
0.0414579
0.0433096
0.0122667
0.00839961
0.0522166
0.022795
0.0257757
0.011463
0.00812441
0.0248311
0.00616188
0.0234846
0.0202163
0.00634102
0.014632
0.0202714
0.0166017
0.00166096
0.0246455
0.0255218
0.0343
0.0304326
0.0434284
0.0243003
0.00981299
0.0436086
0.00929994
0.0134458
0.0408266
0.0228009
0.0321251
0.0119742
0.0100676
0.0155047
0.025208
0.0220252
0.0429747
0.0197652
0.0517654
0.0218583
0.0421041
0.00946354
0.00615147
0.0199213
0.0204241
1.05463
0.0140785
0.0365571
0.0392098
0.0169925
0.0191875
0.181879
0.0257328
0.00788099
0.0413375
0.0338309
0.0139117
0.00359779
0.0179736
0.0108061
0.0138817
0.00693645
0.0259987
0.0148257
0.00757304
0.0103821
0.00562788
0.013065
0.00987661
0.00861186
0.0262882
0.0124512
0.0306317
0.0122155
0.0160739
0.00634774
0.0100688
0.0188672
0.0231218
0.0172822
0.0339719
0.0465326
0.219412
0.014736
0.0066988
0.0191473
0.0139973
0.00826589
0.0416696
1.13797
0.235598
0.0110006
0.0493733
0.0292032
0.00693684
0.00755032
0.00722304
0.0074179
0.0322743
0.0169196
0.208451
0.0453049
0.205046
0.017392
0.286344
0.0124506
0.0148644
0.0125484
0.0128216
0.0432434
0.0125854
0.213618
0.0173401
0.0323402
0.0277385
0.0529072
0.016418
0.0397925
0.0366905
0.0232731
0.0431322
0.0473752
0.0181832
0.0228653
0.0119446
0.238849
0.0208979
0.0103652
0.0326643
0.0320707
0.0153561
0.0366293
0.0281068
0.0190118
0.0126623
0.0185118
0.0219194
0.0213373
0.268719
0.0105293
0.0306682
0.0125497
0.415492
0.00739287
0.0443797
0.0232949
0.011749
0.0169396
0.0428944
0.0130095
0.00545928
0.00198238
0.0155136
0.023111
0.0125169
0.0239388
0.0240295
0.00869947
0.00978362
0.0355012
0.0316043
0.0110121
0.252153
0.0400843
0.00910099
0.0200565
0.0329311
0.0171264
0.0372914
0.0190543
0.0133673
0.225973
0.0512764
0.0199624
0.0199268
0.0194282
0.00668847
0.018238
0.00972056
0.0212768
0.0295199
0.0120491
0.00382407
0.0183775
0.0216289
0.0548699
0.0151695
0.0311717
0.0351281
0.00860623
0.0150297
0.00502832
0.00562388
0.00945064
0.0617341
0.0154456
0.00611683
0.00922715
0.0290821
0.0293281
0.0211366
0.268711
0.0301696
0.0248929
0.00971274
0.0258496
0.0172054
0.0459349
0.0166897
0.0104488
0.021543
0.0254424
0.0183606
0.0400862
0.0143637
0.0309994
0.0215338
0.00995976
0.199465
0.0371973
0.0415126
0.0336541
0.0193759
0.255326
0.018538
0.0203986
1.22011
0.0350913
0.189851
0.0287582
0.0182993
0.0192949
0.00577726
0.016741
0.0115475
0.268537
0.259066
0.0481075
0.0378949
0.0293205
0.0107578
0.00602318
0.0194321
0.00822552
0.026845
0.0823321
0.00473074
0.015297
0.0200902
0.00615484
0.00779755
0.0267753
0.0141474
0.0419772
0.00956685
0.026184
0.0276243
0.259564
0.0224912
0.288381
0.778399
0.024812
0.0374433
0.0513373
0.0450498
0.0121066
0.00751832
0.0301692
0.0248312
0.0133579
0.0236209
0.821995
0.00881406
0.0574831
0.0233218
0.0239685
0.0208974
0.22068
0.0109902
0.0257344
0.0189706
0.0210606
0.0124668
0.00515422
0.0175255
0.0270094
0.0184887
0.534362
0.00763179
0.0366128
0.0130025
0.0305933
0.0141712
0.0191354
0.030742
0.0132788
0.00952317
0.0237915
0.0269171
0.0131167
0.00909737
0.0138196
0.0440706
0.0449693
0.0211141
0.0520231
0.0115497
0.035933
0.0437113
0.00451988
0.0380544
0.0112205
0.0360042
0.326111
0.0239596
0.000781112
0.0178272
0.0360561
0.00804948
0.0103101
0.00242013
0.282005
0.0135424
0.0231869
0.0106339
0.0122366
0.0110853
0.00737508
0.0200593
0.0238921
0.0463983
0.0068888
0.10478
0.00632928
0.00945141
0.03368
0.0122615
0.00513167
0.00883114
0.0221418
0.0129576
0.022512
0.0148531
0.0142496
0.0283453
0.0190701
0.0576597
0.00961366
0.00908687
0.00892348
0.00417727
0.0123993
0.300874
0.0138806
0.0257179
0.015858
0.204516
0.0141632
0.0192026
0.0218135
0.00729973
0.013344
0.0230364
0.0281043
0.0470705
0.0641734
0.0502921
0.0098218
0.0175644
0.017861
0.0186474
0.00528441
0.0283664
0.0101637
0.00488824
0.00999559
0.0192701
0.00753451
0.00155439
0.0266011
0.00237136
0.0260206
0.0122264
0.0200508
0.0253894
0.0109508
0.0202192
0.00995988
0.00737371
0.00989815
0.0331995
0.203355
0.0217526
0.00949349
0.0158428
0.0264326
0.018525
0.0035884
0.0103242
0.231
0.0270057
0.0115606
0.00190003
0.0239643
0.0399562
0.0173106
0.0518346
0.0104677
0.0101671
0.00697022
0.00854159
0.00761562
0.0165519
0.0411676
0.0168816
0.250275
0.0358266
0.0416796
0.0310936
0.0255298
0.0125818
0.00403858
0.041298
0.0075802
0.0132491
0.016852
0.0132477
0.00623286
0.229533
0.0101408
0.04238
0.752178
0.00502708
0.0603722
0.00133834
0.010355
0.0042923
0.01179
0.0114017
0.0155603
0.00899025
0.0177934
0.0111647
0.0220419
0.0086147
0.020508
0.0135372
0.00742755
0.0104377
0.00307831
0.0122454
0.0119361
0.0245181
0.0357073
0.00978185
0.00658118
0.0406828
0.258905
0.0101695
0.0100474
0.00773316
0.0218246
0.0200247
0.0177503
0.0184684
0.0130106
0.0273246
0.011257
0.0249509
0.0428008
0.256825
0.0167941
0.00972461
0.0161292
0.218095
0.0270766
0.00982561
0.00334038
0.013425
0.00373717
0.010188
0.00798834
0.0189393
0.0154252
0.00864553
0.293332
0.0116378
0.267236
0.00828432
0.0664127
0.0531992
0.0156029
0.0223572
0.00597646
0.0219567
0.0109494
0.000799888
0.0182659
0.0368218
0.00897356
0.00942069
0.208724
0.0221493
0.0293935
0.0509694
0.0154884
0.0559845
0.00895101
0.267112
0.0597363
0.180501
0.0335279
0.0282586
0.018409
0.0309005
0.0155134
0.042365
0.024225
0.0362003
0.00706101
0.0621782
0.0319396
0.0102929
0.0154675
0.0126786
0.0254084
0.013946
0.20159
0.0228688
0.00865594
0.0163045
0.232366
0.013936
0.0556535
0.0474123
0.253113
0.223595
0.028794
0.0361087
0.253754
0.301946
0.0300136
0.0593806
0.0101322
0.0533756
0.111919
0.0197778
0.0321381
0.01546
0.0386462
0.0194296
0.0544619
0.0085994
0.031815
0.0281751
0.0157055
0.0310449
0.0169591
0.0102093
0.00918832
0.0196188
0.0285865
0.0350462
0.0340109
0.264824
0.0245336
0.0160933
0.0217405
0.0207989
0.0283228
0.0102276
0.0282679
0.00455437
0.309123
0.0124909
0.00862257
0.0200023
0.0101832
0.049013
0.00704421
0.237193
0.0194765
0.0343718
0.0318352
0.0313268
0.0184042
0.211245
0.028515
0.0203569
0.00791147
0.0149677
0.0220025
1.26475
0.0243551
0.0298634
0.0257816
0.0241741
0.00333487
0.0191071
0.0282555
0.0181758
0.0360718
0.02799
0.0133522
0.0325878
0.02891
0.0187144
0.0297205
0.0143383
0.012314
0.0292327
0.0233019
0.0108733
0.034469
0.0203267
0.0561125
0.0376987
0.0270382
0.0178806
0.0209147
0.0362781
0.0250782
0.0148171
0.0207563
0.156573
0.021588
0.00911846
0.0270859
0.0223825
0.0844304
0.015522
0.073041
0.0285906
0.0379523
0.0254139
0.0476712
0.0388955
0.0238744
0.0427347
0.00675105
0.0747744
0.0305728
0.0597571
0.232489
0.238032
0.0143128
0.169751
0.0309982
0.0280084
0.035332
0.226853
0.012455
0.0252734
0.0352674
0.311862
0.0349148
0.0265305
0.0249065
0.0341858
0.0279805
0.0140754
0.441728
0.260443
0.0157046
0.00416669
0.00809306
0.0161872
0.193379
0.0362739
0.0197551
0.0468769
0.0252916
0.0164656
0.035968
0.00914298
0.0377599
0.00345118
0.0128179
0.040518
0.0300579
0.0222228
0.027859
0.00571217
0.470464
0.0186817
0.0196023
0.0209834
0.0117347
0.0067735
0.0254681
0.0248487
0.0533666
0.00976598
0.013593
0.0057954
0.0585647
0.052435
0.0850894
0.0134453
0.0278791
0.0598276
0.00838094
0.18327
0.0190921
0.0482144
0.0311499
0.284705
0.0139267
0.0500089
0.194532
0.00553288
0.0156536
0.0287898
0.0355803
0.0146739
0.721946
0.0573699
0.0395387
0.0231455
0.0798118
0.0914616
0.0255587
0.0141603
0.0166249
0.0326529
0.0575698
0.0248164
0.0388513
0.00458946
0.0283875
0.0570816
0.0172415
0.00589626
0.0294984
0.0426372
0.0302762
0.0608741
0.245518
0.00101112
0.268086
0.0322734
0.0361479
0.0211026
0.215512
0.0265801
0.0273995
0.267887
0.0321794
0.216888
0.288259
0.020334
0.040307
0.017252
0.00786834
0.0128253
0.0124235
0.0231326
0.0470813
0.0198134
0.475654
0.0120979
0.0161497
0.00582342
0.0666306
0.0415179
0.0284706
0.0258745
0.176077
0.0215454
0.0265215
0.0148682
0.00500862
0.0167114
0.00729068
0.214664
0.0112251
0.0133973
0.00481397
0.018675
0.0349161
0.0182506
0.00540951
0.00812978
0.00415146
0.0234476
0.0270906
0.0265444
0.0258729
0.0236558
0.0243055
0.0126975
0.0211158
0.033281
0.0225131
0.0123609
0.0156893
0.0823946
0.319897
0.0110789
0.0102525
0.19078
0.016962
0.018932
0.00544308
0.0292739
0.0563065
0.0331553
0.0148585
0.0286591
0.0300641
0.0173356
0.0162345
0.0101867
0.0626933
0.0131515
0.607598
0.00786609
0.025567
0.00825088
0.0167008
0.0174848
1.09357
0.0342574
0.0336486
0.0467311
0.00948983
0.0634799
0.0328893
0.0311806
0.017656
0.0209839
0.558699
0.0320783
0.02086
1.3648
0.0516346
0.0108901
0.0197937
0.045527
0.0110184
0.0250545
0.0252948
0.0101969
0.0123023
0.0463468
0.0192245
0.00135964
0.0271043
0.0277325
0.0160992
0.0130237
0.0113761
0.0440057
0.0237908
0.219065
0.0241393
0.0253003
0.00888906
0.0126129
0.0335917
0.00565143
0.0136143
0.00404952
0.0255679
0.319179
0.0282692
0.217876
0.0268494
0.0125296
0.00423419
0.0138411
0.00781039
0.00331408
0.00877724
0.00770638
0.00917794
0.00930696
0.0116234
0.00566806
0.0119982
0.00933012
0.00323294
0.00986777
0.0105942
0.00737125
0.00861485
0.00541088
0.0168538
0.285659
0.0557596
0.0247012
0.0537183
0.0284919
0.00958459
0.0104733
0.0788223
0.0181059
0.00877139
0.013834
0.0212956
0.00759582
0.0315715
0.0400305
0.0378561
0.0364738
0.0578623
0.00995209
0.0241399
0.00840171
0.222146
0.0286772
0.0127952
0.00482044
0.00901016
0.0257118
0.0131189
0.00872077
0.0245745
0.0123239
0.0301668
0.393017
0.031067
0.017084
0.0430535
0.00798342
0.0144086
0.0346293
0.0130297
0.0250996
0.0273946
0.0078577
0.0234268
0.194184
0.0339994
0.0585388
0.00409008
0.2618
0.0046986
0.0118982
0.0215874
0.0325705
0.0280648
0.0174877
0.0276356
0.0367417
0.0233714
0.00751909
0.0049668
0.0267577
0.0433075
0.043713
0.034271
0.0830255
0.00750761
0.0106997
0.261038
0.0144889
0.154334
0.0445508
0.246889
0.0201041
0.0228509
0.0201954
0.0212942
0.268429
0.0149468
0.221713
0.219238
0.0225304
0.0420107
0.00657543
0.0127871
0.0128509
0.0134326
0.0348646
0.254649
0.0250676
0.014172
0.0146679
0.0461014
0.0261587
0.0500322
0.0607905
0.00539968
0.0150012
0.0262744
0.00826169
0.0179009
0.530437
0.029112
0.0160267
0.0157959
0.0327824
0.0210676
0.0198561
0.0128776
0.0320423
0.0163919
0.0135599
0.0327033
0.00494488
0.00983655
0.0170183
0.0136149
0.26587
0.00779052
0.0435586
0.017117
0.0157546
0.0176091
0.0409498
0.0409937
0.0154733
0.0360418
0.00874414
0.0165134
0.00676504
0.022698
0.0248989
0.204052
0.0167324
0.00947266
0.0138419
0.0226727
0.0201162
0.0390774
0.0494871
0.0183611
0.0214864
0.0117738
0.0121672
0.0161597
0.222063
0.0185337
0.0361761
0.209222
0.0411922
0.0279244
0.197024
0.0305104
0.0189369
0.0139674
0.0865664
0.00349093
0.0371559
0.0451797
0.0242426
0.0250274
0.0151745
0.0180902
0.0106929
0.0270442
0.0212121
0.0142439
0.0192824
0.00699452
0.0187831
0.0277405
0.0120671
0.0266336
0.0101532
0.0211249
0.0131892
0.0223293
0.0166631
0.00559721
0.0175704
0.00407189
0.0121647
0.0102355
0.0134719
0.0133146
0.0559159
0.0127945
0.0131045
0.0143512
0.0124755
0.0176325
0.00396281
0.00623006
0.0361487
0.0338352
0.00968919
0.0419876
0.0274661
0.0132392
0.0209024
0.016702
0.0233379
0.00993905
0.0283906
0.00868525
0.0543783
0.0360382
0.00827437
0.00527522
0.876662
0.0208932
0.0141329
0.0133623
0.010645
0.0385558
0.0033462
0.0199408
0.0188396
0.00271287
0.0544636
0.0222627
0.0546934
0.0123762
0.00841882
0.0167865
0.236577
0.00816595
0.290858
0.0324999
0.0131238
0.0108316
0.00907461
0.0073334
0.0167181
0.0270103
0.0187219
0.00906203
0.0230937
0.00622831
0.0254253
0.0141202
0.0122984
0.0261122
0.272311
0.00784348
0.00469063
0.0179707
0.0141698
0.013459
0.01967
0.00757261
0.0221392
0.00999148
0.00429015
0.584194
0.00677336
0.0476672
0.0207344
0.015192
0.00644277
0.00186068
0.0206167
0.0255572
0.00442848
0.019111
0.315916
0.0100033
0.041448
0.018594
0.00904012
0.0380292
0.00904328
0.0227908
0.0160615
0.0183558
0.30025
0.0055989
0.0107516
0.00911757
0.0136626
0.0138301
0.00397058
0.0202893
0.00377973
0.0122068
0.0343408
0.0103877
0.0245729
0.0356928
0.00997452
0.0108633
0.0219238
0.0190827
0.0872301
0.257208
0.253035
0.0241066
0.00964686
0.0284032
1.0185
0.0241398
0.01496
0.0110689
0.0486522
0.0038993
0.027619
0.00431019
0.010424
0.00808918
0.0233335
0.00696424
0.0223468
0.00395714
0.220154
0.0315795
0.0516696
0.0143992
0.0299787
0.237802
0.257179
0.00147711
0.0493259
0.0317338
0.0183899
0.0102204
0.0137251
0.00832909
0.00465308
0.017905
0.00796652
0.00445734
0.30233
0.0186096
0.00727654
0.0172853
0.0105233
0.0164693
0.0253824
0.0324993
0.0103043
0.0159859
0.0598269
0.0172564
0.0201127
0.0200695
0.0239404
0.0129313
0.00551042
0.0266165
0.0212742
0.19952
0.0108084
0.00880355
0.242128
0.0277002
0.00949181
0.0238847
0.222743
0.00249365
0.0524425
0.00633555
0.0213738
0.0070903
0.0104235
0.0097883
0.0312056
0.0137068
0.0141029
0.00567952
0.0129837
0.00231882
0.00653376
0.0227273
0.0171019
0.240568
0.0123291
0.00954442
0.0274703
0.0117763
0.0132323
0.00219633
0.00351177
0.0269583
0.0677357
0.0124096
0.00750609
0.227937
0.00785202
0.241051
0.019564
0.0401503
0.00589679
0.30642
0.0502938
0.00444395
0.514706
0.220802
0.211223
0.0242654
0.00556084
0.0101884
0.0239978
0.0153932
0.0439979
0.267824
0.0153194
0.246079
0.0134608
0.0279487
0.0239166
0.0191892
0.0299502
0.0269331
0.0176572
0.0275232
0.021368
0.0126001
0.070826
0.0390123
0.0429687
0.0231603
0.0188568
0.0068833
0.0314708
0.00669988
0.0296283
0.0156414
0.0236594
0.235778
0.0755895
0.0211064
0.237287
0.211155
0.0188853
0.0385849
0.026617
0.00812841
0.0371719
0.205161
0.0376558
0.254285
0.0818696
0.0221911
0.036256
0.0727218
0.0185558
0.0332392
0.0655822
0.0331262
0.0212263
0.0491974
0.00325136
0.00765057
0.028877
0.0201944
0.0100254
0.0182585
0.227055
0.0121798
0.231705
0.0114179
0.0180019
0.0132394
0.00875716
0.0196796
0.0124624
0.00912898
0.250875
0.0196433
0.246191
0.0256801
0.0210892
0.0317986
0.00825735
0.00636359
0.0266397
0.0097107
0.288877
0.0383046
0.035607
0.00870376
0.0213169
0.0162778
0.00596584
0.0284922
0.0175852
0.0112146
0.0533173
0.281453
0.586613
0.00790417
0.0295986
0.0133694
0.0135009
0.266073
0.760736
0.0327719
0.0287631
0.22141
0.0120861
0.0725544
0.019656
0.0124796
0.00184365
0.00977029
0.0197503
0.0290256
0.062577
0.0120156
0.0105301
0.0273989
0.0218782
0.00691644
0.0326815
0.00879232
0.432773
0.00530947
0.0253411
0.021058
0.0464782
0.0289743
0.00982023
0.048999
0.0240154
0.0549379
0.0744866
0.0653989
0.0257687
0.0233746
0.0405958
0.0213572
0.935436
0.0327111
0.0242407
0.228592
0.00967741
0.0266373
0.00396124
0.591794
0.307545
0.028929
0.0354451
0.397733
0.0269777
0.015177
0.462206
0.0262355
0.0301344
0.017855
0.300425
0.031284
0.0152647
0.0163396
0.0188341
0.0221807
0.00703686
0.0146426
0.0345161
0.0205072
0.0458264
0.0287897
0.0186405
0.0555295
0.0231593
0.0355959
0.0230711
0.0267417
0.0314108
0.0336067
0.209699
0.0527813
0.00693918
0.0218193
0.00657955
0.283278
0.026025
0.0513995
0.0443855
0.0351002
0.0083771
0.0442916
0.0363078
0.00226657
0.0334753
0.0242801
0.0340391
0.0318981
0.00894319
0.0323284
0.0205221
0.0697764
0.0878766
0.0327518
0.0461951
0.0104682
0.0330693
0.0158387
0.0458949
0.299286
0.0427254
0.0250268
0.164896
0.0193581
0.0186623
0.0409903
0.980564
0.0175372
0.00231929
0.0389434
0.0245082
0.208135
0.0502109
0.0211517
0.0436606
0.0588045
0.0290222
0.524896
0.23844
0.00921419
0.0302533
0.0118221
0.0373246
0.258948
0.0251175
0.00652639
0.0199181
0.0525056
0.179423
0.0255494
0.0289802
0.0103746
0.00740767
0.00925181
0.0332997
0.0191082
0.0369731
0.00922056
0.0150996
0.0145336
0.0161528
0.00201221
0.0182077
0.0199677
0.0434736
0.225723
0.295178
0.00656161
0.0482001
0.0288214
0.00233601
0.00417401
0.00812271
0.00996862
0.0252427
0.0219035
0.0151578
0.0164813
0.00450781
0.0647566
0.0187933
0.0145117
0.0213916
0.00709366
0.0173937
0.0604093
0.0141147
0.218986
0.0164974
0.0579294
0.0111348
0.00700166
0.0240959
0.203853
0.0286696
0.0205946
0.250607
0.0267264
0.0221832
0.613308
0.0225991
0.0531466
0.0362642
0.0102507
0.00873554
0.19176
0.00810061
0.035012
0.0700186
0.0301671
0.0268126
0.00927967
0.0259505
0.0158583
0.00592426
0.00931461
0.0264591
0.249716
0.0325846
0.0162074
0.0262
0.0346204
0.0259821
0.022136
0.210547
0.0209476
0.0360911
0.0210201
0.28256
0.0485516
0.267643
0.00374975
0.0260821
0.0130453
0.0420482
0.0304284
0.0192993
0.00476953
0.0432686
0.0313965
0.0333482
0.00299405
0.00643832
0.0341171
0.507983
0.0214914
0.0311569
0.0362868
0.285034
0.0105324
0.0785638
0.010512
0.0100561
0.0849063
0.0110083
0.0119588
0.0369621
0.00925176
0.00390276
0.0264014
0.236066
0.0191399
0.018648
0.0535184
0.714868
0.0150372
0.0257748
0.00607425
0.00596613
0.0629156
0.0934596
0.250077
0.00754657
0.0303879
0.0215021
0.00928193
0.0420021
0.0101467
0.0109526
0.0449981
0.0130786
0.0205829
0.00477095
0.0054958
0.0170031
0.011996
0.00656438
1.0386
0.205782
0.0119816
0.0169316
0.0242596
0.0194836
0.0170233
0.00584911
0.0240438
0.0342869
0.00930579
0.0103393
0.249575
0.0284365
0.0101329
0.224779
0.0305792
0.0199153
0.00733104
0.00688045
0.0413203
0.0346539
0.0224615
0.0302117
0.0170728
0.0660793
0.0296146
0.0543932
0.0638353
0.042862
0.00512906
0.0229463
0.033491
0.0104374
0.0239141
0.0202925
0.0138352
0.270658
0.012927
0.00720438
0.0502494
0.00867459
0.0308431
0.0388118
0.22147
0.00604636
0.00799452
0.0123358
0.0314824
0.00652512
0.0402632
0.0180526
0.0137994
0.0306992
0.0186614
0.0224628
0.00407753
0.186218
0.291248
0.242117
0.0633562
0.230014
0.194793
0.0155198
0.0448084
0.00528572
0.00920073
0.060524
0.232987
0.0478636
0.27335
0.0174253
0.020623
0.251697
0.0219877
0.00979551
0.0577969
0.0160703
0.0166568
0.311339
0.0151029
0.0207954
0.00672195
0.029918
0.00671651
0.0383169
0.019475
0.837069
0.0411285
0.0157986
0.0218089
0.0230483
0.0248738
0.181889
0.0229287
0.00793491
0.0280065
0.00896287
0.0248276
0.0139575
0.00681493
0.0141239
0.352705
0.0140227
0.00068269
0.00395595
0.0214847
0.0292385
0.0195429
0.340596
0.0254464
0.0185669
0.0234165
0.0203236
0.0333685
0.0166749
0.0275788
0.0176379
0.0178281
0.313009
0.068136
0.00772641
0.0104079
0.0144581
0.0164045
0.013085
0.0172847
0.0347967
0.388265
0.0451283
0.0193111
0.00188984
0.0276674
0.0172928
0.0254273
0.0251433
0.00669295
0.176473
0.0307238
0.0173023
0.00679253
0.00505741
0.747641
0.0128942
0.022837
0.0751798
0.0283098
0.032115
0.0271995
0.211275
0.0147616
0.0561886
0.214065
0.0513925
0.0494514
0.00751941
0.00830897
0.0212579
0.0230396
0.0709992
0.0345032
0.0404268
0.0205938
0.0160346
0.00571775
0.0194019
0.018138
0.0305837
0.0219847
0.0493239
0.0206201
0.0233072
0.0320103
0.0158747
0.0215935
0.0396593
0.0235485
0.00952935
0.0120565
0.0327136
0.0105134
0.0382592
0.0382062
0.0248603
0.00756687
0.0213901
0.0449109
0.0228105
0.0111176
0.0235095
0.012213
0.0211
0.0139986
0.0112555
0.0193072
0.0249091
0.0584892
0.0204642
0.011177
0.0127815
0.00784906
0.475359
0.0110457
0.0130722
0.0265095
0.0203689
0.0248811
0.015949
0.00821549
0.0242082
0.0226302
0.013052
0.191456
0.0117058
0.0279876
0.0122244
0.474839
0.0129338
0.056411
0.0233526
0.0153116
0.0170848
0.0203161
0.0322433
0.0134051
0.00852759
0.0125076
0.0537167
0.0059804
0.0175772
0.231019
0.00562784
0.0160009
0.00441094
0.0328455
0.0310961
0.007699
0.0126316
0.00778275
0.0158295
0.0143769
0.0321165
0.0292869
0.0147152
0.0320219
0.125057
0.0178687
0.0294961
0.0475116
0.0457241
0.020992
0.0112345
0.00962276
0.0221241
0.01801
0.00442117
0.0148401
0.0332139
0.00575655
0.0104413
0.0181792
0.00643577
0.0101651
0.0349536
0.00695036
0.0105948
0.0117628
0.0271552
0.00393756
0.092761
0.00558453
0.00689226
0.00733621
0.0444802
0.018203
0.0276724
0.0388204
0.0385004
0.0546564
0.0209297
0.0342042
0.011568
0.0120765
0.0208064
0.0113598
0.223039
0.00890015
0.0087551
0.0132536
0.0145936
0.0157477
1.0343
0.0101594
0.0381594
0.0101796
0.00836791
0.00324312
0.0377103
0.0106713
0.00936433
0.0102947
0.00401191
0.0243381
0.0189828
0.0204675
0.0325416
0.00841472
0.00500578
0.0603442
0.0141941
0.0322244
0.00735763
0.0319253
0.020924
0.0112706
0.00813442
0.00587817
0.0260019
0.0155068
0.0351348
0.246521
0.0180343
0.00705641
0.0241126
0.00504574
0.0351566
0.00867643
0.0139042
0.00413385
0.0300853
0.028125
0.0311913
0.0107766
0.177545
0.0462695
0.0327498
0.0286187
0.0432234
0.00536101
0.0111355
0.00619928
0.00804916
0.00621902
0.0153935
0.0106429
0.875256
0.00489793
0.0254877
0.0250004
0.0179785
0.0210316
0.00976844
0.0215931
0.00963469
0.00808482
0.00256981
0.0189503
0.00968372
0.0111325
0.00482825
0.228117
0.0372077
0.0108282
0.183348
0.0256118
0.034731
0.024011
0.0222934
0.0218353
0.0135977
0.783161
0.0321375
0.0230132
0.224123
0.0146057
0.0120301
0.00275871
0.0189338
0.00303647
0.0227574
0.0272632
0.0126856
0.0217027
0.00608469
0.236405
0.299662
0.197721
0.075538
0.00457754
0.00288346
0.0124192
0.0165309
0.0108513
0.331923
0.0161742
0.0545051
0.0279504
0.0257295
0.0173555
0.00582925
0.0536764
0.588612
0.00584574
0.00342699
0.0133853
0.172358
0.365209
0.0320735
0.00473401
0.0328928
0.00140979
0.218134
0.0286908
0.238077
0.00418915
0.0213113
0.0138844
0.204791
0.0300428
0.0623226
0.22313
0.273644
0.0388701
0.0158761
0.0397066
0.0104884
0.0683607
0.0370438
0.0526194
0.0287756
0.0109336
0.0106285
0.0137666
0.0223932
0.238293
0.0159495
0.0491629
0.0353549
0.248104
0.0311963
0.0521732
0.0165643
0.039293
0.00887715
0.0066064
0.0190259
0.0457831
0.0354261
0.208209
0.0189794
0.0240039
0.0243609
0.0174723
0.0191288
0.0760589
0.0393645
0.01771
0.0152932
0.0558369
0.0378437
0.0208307
0.0388933
0.00378613
0.0231184
0.00725316
0.010019
0.00429647
0.00502156
0.0202585
0.227211
0.0310109
0.0148921
0.00678565
0.00706824
0.0619447
0.0191436
0.00497274
0.0118246
0.710167
0.0149597
0.0267912
0.0129266
0.0403498
0.025769
0.0160084
0.0511856
0.0118291
0.0276384
0.0163041
0.0196639
0.00725607
0.032165
0.0484547
0.0253371
0.248667
0.0256144
0.538979
0.0215636
0.0206486
0.0171667
0.236994
0.0146201
0.0215802
0.00659047
0.0204691
0.00885671
0.0432842
0.0558729
0.0153742
0.0388225
0.00358685
0.0245171
0.00581238
0.00769067
0.0422241
0.00545438
0.271211
0.00766452
0.0267199
0.0153267
0.0118802
0.0135666
0.0130546
0.0619502
0.00902989
0.0373127
0.0303736
0.0790749
0.0148428
0.0205561
0.0159358
0.0219212
0.0284722
0.0405752
0.0184058
0.236452
0.024075
0.0111713
0.0198194
0.0222811
0.0326472
0.0109822
0.0377015
0.300019
0.00906558
0.00225388
0.0378756
0.273768
0.0407066
0.0131412
0.0181051
0.0178228
0.0220109
0.0297694
0.0450151
0.015338
0.0399196
0.0518059
0.383483
0.346967
0.0185693
0.030848
0.0162645
0.0287237
0.0267543
0.00959226
0.0115179
0.00860131
1.01561
0.228543
0.0371904
0.0344507
0.250842
0.0238074
0.026063
0.0438019
0.224113
0.334797
0.0910297
0.00248745
0.00879373
0.0114635
0.0236753
0.00202285
0.0387781
0.0282249
0.0273874
0.028575
0.0209833
0.0086451
0.0318511
0.0135799
0.00645463
0.0210631
1.22861
0.355055
0.0186225
0.0285353
0.0183924
0.0389026
0.0427429
0.0688043
0.0372833
0.15323
0.000329681
0.0122215
0.00282906
0.0332566
0.0236717
0.234772
0.192069
0.0461884
0.0206867
0.0102494
0.174467
0.286967
0.252723
0.0501391
0.0439074
0.0250744
0.0352695
0.0319116
0.239351
0.0747694
0.0807559
0.0216099
0.0171142
0.014283
0.307258
0.028367
0.00901674
0.0252306
0.0115636
0.0291295
0.00576364
0.0162475
0.0307118
0.0184824
0.0711129
0.0173044
0.0127111
0.0117107
0.0371096
0.0078446
0.0298077
0.0310044
0.018903
0.211694
0.0122002
0.0385929
0.0288929
0.0117466
0.0118128
0.0168608
0.0268494
0.221452
0.035884
0.0285461
0.00944558
0.256484
0.00998036
0.0128372
0.0193987
0.0376012
0.24462
0.0333749
0.00809596
0.0148482
0.0454449
0.0057624
0.196447
0.0372328
0.237305
0.0154818
0.00931341
0.0175821
0.260547
0.0253853
0.0109305
0.0550017
0.0233323
0.00317125
0.0621261
0.0299977
0.0135398
0.0263154
0.0101953
0.015883
0.0231918
0.00638386
0.0368847
0.0029478
0.0210031
0.0119095
0.0120197
0.0163789
0.00491389
0.0278712
0.0262151
0.022144
0.0514148
0.0278107
0.013998
0.300251
0.0476611
0.0685472
0.0150692
0.028553
0.0211898
0.0912497
0.0291628
0.0374583
0.0253024
0.00504744
0.0352861
0.0123011
0.00814907
0.0363102
0.0266073
0.184914
0.00883277
0.217618
0.268893
0.00845018
0.0124981
0.0321123
0.00269768
0.0298806
0.0521517
0.0108819
0.0186803
0.0215204
0.000246859
0.0210633
0.016825
0.0144619
0.168831
0.205924
0.0182443
0.0255796
0.0282784
0.0438198
0.0652673
0.00648706
0.00831655
0.00911945
0.0112156
0.0233144
0.015357
0.00818102
0.00189386
0.0229976
1.14912
0.251531
0.0167809
0.0162468
0.00443801
0.00710749
0.00549767
0.0138127
0.010462
0.00582199
0.0513648
0.259877
0.00929068
0.0276364
0.0444763
0.033736
0.0284724
0.00739536
0.211525
0.0168664
0.0410009
0.0266362
0.011171
0.0251359
0.0043719
0.00362744
0.00624753
0.0179727
0.00461316
0.00911928
0.0174006
0.0115255
0.0112419
0.0065397
0.014659
0.640628
0.0160173
0.0142391
0.281206
0.0272951
0.0202128
0.0262931
0.0439099
0.284638
0.0253334
0.0253114
0.0204243
0.0113881
0.0454867
0.0308861
0.0394891
0.0332799
0.0095576
0.0488156
0.0429238
0.0387289
0.0682538
0.00696483
0.016175
0.0673482
0.167361
0.0201408
0.270985
0.00584564
0.0227788
0.015953
0.00474075
0.0100848
0.00481173
0.0319752
0.0357963
0.00400442
0.0137417
0.0225415
0.199548
0.00370023
0.0159874
0.298325
0.016806
0.0065503
0.00809605
0.0148044
0.0160156
0.0248387
0.019249
0.254224
0.00756774
0.0184506
0.0519139
0.00188907
0.018439
0.0195594
0.0130138
0.00403639
0.00298839
0.0217879
0.023577
0.192178
0.0454282
0.0121722
0.045649
0.239405
0.0325675
0.0210454
0.00592526
0.0188439
0.0181959
0.00609405
0.0206056
0.0340073
0.0227969
0.0131182
0.0321752
0.0296685
0.0253945
0.201808
0.0143778
0.0145424
0.526622
0.0145598
0.0212212
0.0279192
0.20121
0.016321
0.0193777
0.0112187
0.0147856
0.0158284
0.0100287
0.0190577
0.0351201
0.021575
0.00931307
0.00830444
0.0159696
0.0227714
0.0121135
0.00696933
0.0132563
0.0211823
0.0213535
0.0280202
0.00600654
0.00417177
0.00809765
0.0234591
0.00790034
0.0150002
0.0197874
0.0137539
0.288596
0.0196204
0.0147943
0.0261774
0.198289
0.020816
0.0291709
0.228861
0.0301848
0.0319969
0.0303343
0.0165832
0.0499892
0.0298223
0.00988554
0.0297612
0.0286293
1.05925
0.013137
0.0316555
0.0165654
0.0255137
0.0344085
0.0278639
0.285552
0.0145457
0.0187824
0.00838783
0.0359548
0.0740127
0.00819706
0.0289433
0.0254556
0.0249124
0.0259075
0.0353148
0.400917
0.290868
0.0347158
0.03062
0.05325
0.0140182
0.0328639
0.048008
0.010524
0.503251
0.0215202
0.0079853
0.00185168
0.0206967
0.0301519
0.0406858
0.0125923
0.0519326
0.0479885
0.0187137
0.00478022
0.0155026
0.0133103
0.0150851
0.0101109
0.0366307
0.00603719
0.0198713
0.330708
0.0148052
0.0200884
0.019575
0.0119053
0.016682
0.0175784
0.0187403
0.0130218
0.00771124
0.00554034
0.015834
0.00178817
0.0385438
0.00492545
0.0438619
0.00530888
0.0266793
0.019615
0.0277896
0.018176
0.0180695
0.00835057
0.0119727
0.00971364
0.0109415
0.0455705
0.0129844
0.00642922
0.0152092
0.0220104
0.0177632
0.0119904
0.00784582
0.00923202
0.0162712
0.00842274
0.650083
0.0204235
0.00423447
0.0296687
0.0259493
0.0115944
0.00574368
0.0118725
0.0135979
0.056392
0.0147644
0.0185123
0.0155697
0.0545643
0.0106168
0.0253953
0.00959566
0.0232394
0.255769
0.0167097
0.000968805
0.0309592
0.287922
0.006059
0.0127581
0.020143
0.0152205
0.0136227
0.00450064
0.0124639
0.0107622
0.216429
0.0351927
0.0201342
0.00488857
0.0261481
0.00704351
0.0218656
0.00823423
0.00576607
0.0242023
0.195437
0.0190065
0.0305215
0.0123425
0.202954
0.218893
0.00884173
0.0112025
0.0130128
0.0236694
0.0228129
0.0106991
0.0208173
0.0558851
0.00624734
0.007922
0.0106399
0.0245814
0.0361594
0.0215841
0.00782513
0.235209
0.00688109
0.0113888
0.0109267
0.00944026
0.0163386
0.0451804
0.00755327
0.238305
0.0136383
0.0167643
0.0134885
0.0197804
0.242342
0.00388094
0.0196717
0.0487999
0.00403771
0.00670489
0.0163614
0.00974215
0.0105301
0.00980092
0.0231009
0.0073214
0.0466846
0.0159035
0.0653527
0.00431575
0.0141757
0.0095199
0.0168728
0.00799994
0.184174
0.032184
0.211027
0.057984
0.0246106
0.0162065
0.0119485
0.03005
0.0133263
0.0236979
0.0024756
0.0148167
0.0124582
0.015379
0.694999
0.0185326
0.0131587
0.0230063
0.0311954
0.00947779
0.0100761
0.250219
0.00692056
0.00707199
0.0118601
0.0267998
0.0130393
0.00558278
0.0228306
0.0191033
0.00925204
0.235706
0.00439303
0.00582348
0.00910231
0.0143575
0.0118055
0.0210768
0.0160569
0.0108709
0.275779
0.0199198
0.0363987
0.00851528
0.0296012
0.00227258
0.0206509
0.0153311
0.0256666
0.022508
0.0319178
0.0295729
0.0178079
0.197031
0.198769
0.0103141
0.272628
0.0135586
0.0340787
0.0130248
0.0155308
0.00989137
0.0304499
0.0136416
0.0279793
0.0290317
0.0175883
0.0184406
0.00559375
0.00633576
0.0115443
0.00572988
0.00439046
0.0172749
0.0327103
0.00993057
0.00669352
0.01611
0.0162335
0.0158401
0.0274468
0.28293
0.0099425
0.0159489
0.00442026
0.0416589
0.0492127
0.00707033
0.00746112
0.00853908
0.0477393
0.00411756
0.0261208
0.0171872
0.237278
0.0414919
0.0269462
0.00476164
0.0155555
0.0324847
0.000517227
0.00882739
0.0578112
0.0145589
0.018538
0.258172
0.0331548
0.0493469
0.196239
0.0510885
0.0133624
0.0259305
0.277404
0.029663
0.0245813
0.0120642
0.0229397
0.326691
0.0280536
0.0355927
0.0284369
0.242741
0.0167508
0.0506675
0.196826
0.235904
0.0573573
0.00468102
0.0277172
0.0326391
0.074154
0.0104876
0.0299598
0.0390642
0.0503569
0.00570949
0.0158359
0.00983811
0.027996
0.0151343
0.257738
0.0136484
0.0113267
0.0129007
0.00300598
0.0155752
0.00486909
0.00825716
0.0221938
0.0216046
0.00560109
0.0292625
0.290746
0.0141021
0.0254832
0.29052
0.0126778
0.0322191
0.0117311
0.00899731
0.0025911
0.0246934
0.020073
0.0231333
0.228368
0.0136565
0.0201154
0.0327967
0.00696026
0.00647102
0.0428443
0.0189894
0.021364
0.0151802
0.00415403
0.0104251
0.0045412
0.00307543
0.0240704
0.209333
0.233071
0.0114181
0.118182
0.014986
0.00142534
0.0269514
0.0204907
0.0025835
0.0272162
0.0040834
0.0262357
0.242885
0.0356957
0.00824003
0.446569
0.0447196
0.0355961
0.0352986
0.0419033
0.0201889
0.0343883
0.0325583
0.00666278
0.0148946
0.0171149
0.066552
0.251403
0.0789797
0.0341941
0.0137606
0.0496924
0.051037
0.025075
0.0353893
0.0263251
0.0350052
0.0468352
0.0393845
0.0153912
0.00168021
0.0364609
0.0817455
0.0417593
0.0298298
0.0183155
0.0143222
0.0157159
0.297988
0.0278034
0.0182266
0.00551299
0.0334856
0.0296156
0.0968464
0.0118034
0.060141
0.00253893
0.00234301
0.0449892
0.0324828
1.29112
0.0435727
0.014193
0.0300549
0.0308607
0.00741225
0.0173535
0.0104261
0.0129955
0.014672
0.00768227
0.0234602
0.235185
0.0295166
0.041614
0.0403539
0.00990948
0.02289
0.0210194
0.0335397
0.0385869
0.0234353
0.0304498
0.000571661
0.0371858
0.028459
0.0276184
0.00962185
0.0157789
0.0186939
0.00410986
0.0159029
0.0144891
1.21555
0.0225756
0.00484718
0.0309899
0.0179902
0.0150089
0.0382543
0.228378
0.0427269
0.0195668
0.0350484
0.0551034
0.00675982
0.0315139
0.0234266
0.238356
0.0234291
0.0534467
0.0212634
0.0684906
0.0272142
0.409516
0.043883
0.0128495
0.0166495
0.0215764
0.0195557
0.073154
0.0218124
0.0273515
0.0219562
0.0263264
0.0109228
0.0130315
0.0307731
0.0131318
0.0187097
0.0274082
0.0182909
0.0255575
0.0462663
0.00453024
0.0380715
0.0110745
0.00770561
0.26834
0.0254439
0.0167944
0.0147496
0.00835745
0.178337
0.0231081
0.0191592
0.0114067
0.026253
0.00498434
0.0377425
0.0319335
0.0277977
0.0218785
0.233414
0.0266863
0.00923138
0.0394528
0.0120754
0.0175045
0.0127076
0.0021697
0.209657
0.210421
0.0107041
0.0335615
0.580008
0.0345495
0.0181088
0.0260647
0.0463681
0.0366402
0.0161794
0.012119
0.0215599
0.0434306
0.0271262
0.0469674
0.391152
0.0692064
0.0115802
0.0222206
0.0411712
0.0151386
0.0327786
0.0109298
0.0159241
0.0301757
0.0160623
0.00890322
0.0263917
0.252143
0.00785259
0.0429915
0.0468889
0.0488768
0.0315464
0.00862212
0.290309
0.0181326
0.0182638
0.0519437
0.0440942
0.00216405
0.0202054
0.0267472
0.452868
0.00873905
0.282382
0.0189783
0.0237482
0.041856
0.0366878
0.225207
0.00444654
0.0305095
0.0132084
0.0398028
0.00546768
0.189533
0.0293473
0.0108188
0.0246071
0.0568615
0.0126497
0.0337877
0.0380195
0.0144663
0.0274416
0.0252836
0.0127847
0.0168374
0.00983892
0.0232433
0.00896371
0.405654
0.00735176
0.0103402
1.44316
0.913047
0.0184679
0.0209707
0.00610081
0.23916
0.453344
0.0114016
0.0133023
0.0128003
0.0271964
0.281995
0.0403438
0.0193004
0.00991189
0.012687
0.0101273
0.0166207
0.0318704
0.00773306
0.0301802
0.210385
0.0234204
0.207923
0.876837
0.0343978
0.0323788
0.069856
0.0112025
0.0114112
0.0218633
0.0323264
0.0110592
1.32554
0.0210741
0.00788018
0.0110936
0.267299
0.0234626
0.0132143
0.0078211
0.0297784
0.0157653
0.029371
0.0193444
0.0282328
0.0267204
0.0058722
0.532433
0.231047
0.00547887
0.0138222
0.0551698
0.0553877
0.0123608
0.0294991
0.0451838
0.027799
0.135411
0.0330534
0.0123639
0.0306494
0.0259165
0.00557305
0.0140511
0.359223
0.0393564
0.0170658
0.00301449
0.0334398
0.025373
0.0252031
0.00456544
0.0284701
0.0324338
0.0185855
0.022176
0.0363522
0.0312934
0.00714464
0.221982
0.00583449
0.0512048
0.496307
0.25965
0.26714
0.0354998
0.0139436
0.0165891
0.0149174
0.0238206
0.0115994
0.0186449
0.00868332
0.00219602
0.0407573
0.00542428
0.281675
0.0173727
0.0457341
0.0169341
0.0210448
0.0127534
0.0304909
0.00285384
0.0168523
0.0505912
0.0438488
0.240442
0.0206064
0.0309559
0.0348279
0.049258
0.0106001
0.0152103
0.0114138
0.0108526
0.0468345
0.0166094
0.256637
0.00822798
0.0172987
0.00613093
0.0115394
0.0570754
0.0512669
0.00425314
0.0143513
0.224596
0.237221
0.00480441
0.0312225
0.00688194
0.0155298
0.0165035
0.0365182
0.0475754
0.0127126
0.0221409
0.0242705
0.0170533
0.209913
0.0198624
0.0271173
0.343633
0.0171086
0.0276099
0.0167905
0.0181515
0.217409
0.0503806
0.0241426
0.0227459
0.0263175
0.0486724
0.0193014
0.0543987
0.0128902
0.0137866
0.0262202
0.0201572
0.00522214
0.0292725
0.00801106
0.0120273
0.0325709
0.00886843
0.0119725
0.0340317
0.0073134
0.0161447
0.00555292
0.0353956
0.00666638
0.02198
0.0202579
0.0114798
0.0348412
0.048265
0.0105625
0.0225852
0.0319302
0.018359
0.0215456
0.0103229
0.0119814
0.00658923
0.0112953
0.020832
0.0169095
0.0176075
0.00791742
0.0110984
0.0146018
0.00414186
0.0193055
0.0223269
0.0305349
0.0678776
0.055574
0.0723239
0.0568826
0.0394072
0.010317
0.0168825
0.0411321
0.0573453
0.014579
0.0815432
0.020192
0.0242209
0.0372825
0.0262745
0.804513
0.00618392
0.0433501
0.0245588
0.0317787
0.0316957
0.029415
0.0247232
0.00915032
0.0503811
0.00869981
0.00815286
0.0395919
0.00321507
0.532746
0.00598805
0.0426516
0.00660996
0.0062003
0.0303382
0.0167464
0.0784129
0.0188833
0.0268795
0.0253749
0.0138627
0.0108644
0.0103039
0.0438795
0.268038
0.00241812
0.0199892
0.0117966
0.0276717
0.0172494
0.0088241
0.0184364
0.0282087
0.0114627
0.0128563
0.0313073
0.0086034
0.0153023
0.0216393
0.0074374
0.00492729
0.00355957
0.0224907
0.0104107
0.0197121
0.00516627
0.0148088
0.0106627
0.67882
0.0112158
0.0113686
0.0103922
0.00754281
0.00374985
0.0112947
0.0110256
0.0296246
0.00716806
0.00496897
0.00363738
0.0140436
0.0352438
0.0145033
0.00814021
0.00372128
0.0168761
0.0310441
0.00595556
0.549219
0.00836266
0.00229062
0.229641
0.037887
0.90335
0.0103425
1.03017
0.0157043
0.0226521
0.00595414
0.0320824
0.0219855
0.0159133
0.00797345
0.0133446
0.048284
0.592565
0.286588
0.0164894
0.185966
0.00465852
0.00800373
0.0151749
0.0133508
0.00849798
0.0111041
0.0179807
0.0038412
0.0171324
0.0273067
0.0109639
0.216205
0.0414835
0.0160935
0.0221676
0.0144232
0.0154615
0.0112424
0.00828824
0.0108371
0.0197206
0.0161301
0.0344907
0.0128597
0.0264695
0.0143808
0.105655
0.0162065
0.206212
0.00589663
0.00457849
0.00450073
0.00415214
0.0189301
0.0173039
0.022738
0.0356806
0.0279565
0.0125964
0.00226282
0.0437363
0.0133164
0.0231358
0.00930282
0.00511724
0.014112
0.0133443
0.0277962
0.0130818
0.0114297
0.00509746
0.00800164
0.0131261
0.00952595
0.00745931
0.00421521
0.0251441
0.221001
0.297225
0.00647143
0.012179
0.0139428
0.0316614
0.00190329
0.00767452
0.0136033
0.00851961
0.00386922
0.0111611
0.0210429
0.0021042
1.84721
0.0286779
0.00571897
0.247607
0.029466
0.0175822
0.0218226
0.0110708
0.012839
0.00985338
0.00319935
0.0047531
0.0134673
0.0101841
0.0125935
0.00687348
0.0271676
0.0153211
0.0207033
0.0189447
0.0191465
0.0308944
0.0308831
0.0055232
0.0275784
0.0216381
0.0234883
0.00901848
0.0312974
0.026309
0.0113771
0.0169669
0.0120406
0.00132259
0.0125853
0.0210963
0.00904424
0.291198
0.0194851
0.019739
0.297922
0.012451
0.0258097
0.0116334
0.009094
0.018144
0.0200066
0.0314
0.0161231
0.00462388
0.238648
0.0351641
0.00400913
0.573143
0.00215308
0.015985
0.0212039
0.0149726
0.345034
0.0380763
0.0111615
0.0129896
0.0183003
0.0138915
0.0202449
0.0256453
0.0279881
0.0359669
0.0417838
0.0263819
0.0240372
0.0397104
0.0259847
0.249295
0.0254856
0.0273792
0.019905
0.241304
0.00775393
0.276636
0.0106504
0.0377598
0.0120854
0.0220532
0.0212537
0.0317097
0.0107552
0.0349789
0.0232192
0.00967617
0.0176103
0.0563267
0.0149849
0.0137678
0.00946866
0.0246359
0.19649
0.268573
0.0275665
0.25582
0.0798985
0.00929052
0.00596771
0.022418
0.0260305
0.0147475
0.0620219
0.0147704
0.0738646
0.0303152
0.0128531
0.105485
0.0198971
0.0266505
0.252721
0.0229298
0.0618465
0.0131624
0.00895124
0.00266282
0.0171463
0.211249
0.0689758
0.230101
0.00769976
0.0124767
0.0299231
0.0154422
0.0161945
0.0060354
0.0139663
0.157081
0.0185846
0.0356446
0.0122163
0.0176325
0.0165699
0.324928
0.304743
0.00296491
0.00969736
0.0114069
0.0234764
0.0184542
0.223739
0.0211932
0.0489914
0.0172618
0.0258119
0.0138277
0.00401387
0.0150528
0.0572549
0.0513032
0.293799
0.251952
0.30649
0.0134475
0.0422998
0.243813
0.0179012
0.00375826
0.029764
0.00519454
0.0466599
0.0123165
0.0128712
0.0236369
0.0172621
0.0194051
0.171019
0.0719512
0.050341
0.0395854
0.0187931
0.0304608
0.0200579
0.0274951
0.00407637
0.0102822
0.00557857
0.0181578
0.0176053
0.0156818
0.0274397
0.0486258
0.234939
0.0195187
0.049348
0.0208395
0.0186084
0.0375649
0.050678
0.039259
0.0299637
0.0449412
0.0273882
0.0124043
0.0466857
0.0249398
0.303571
0.0193265
0.00877284
0.0104707
0.0338951
0.0359183
0.0149519
0.0410902
0.101621
0.0380872
0.195627
0.059685
0.0269894
0.0215726
0.231797
0.03009
0.0601248
0.0171854
0.216589
0.057455
0.021522
0.0271138
0.0190788
0.0345302
0.23214
0.00873442
0.0242701
0.0134459
0.022587
0.0187475
0.0280605
0.0291919
0.0155822
0.22281
0.013747
0.00361364
0.279584
0.199766
0.245892
0.453423
0.0100538
0.0239038
0.0320215
0.0168986
0.0733819
0.0135084
0.0174493
0.0485126
0.497317
0.00677582
0.0222646
0.0293876
0.0138332
0.0218024
0.0226867
0.0311789
1.00388
0.414546
0.0444136
0.0159481
0.0313132
0.203987
0.0641468
0.019139
0.0151184
0.0176225
0.0528229
0.0307718
0.186711
0.0196435
0.0229191
0.0586798
0.0205461
0.0642571
0.0531571
0.273575
0.242604
0.0204584
0.00833694
0.00191489
0.0469419
0.0137021
0.024536
0.0447619
0.0539138
0.0111937
0.0571968
0.0662336
0.0345823
0.0112105
0.0474136
0.240157
0.0155451
0.0517159
0.0149056
0.028111
0.0230275
0.0126367
0.0272057
0.0261862
0.0372239
0.0253887
0.217114
0.0308438
0.076975
0.0490108
0.0286842
0.0208133
0.0370429
0.0155474
0.0114234
0.0154022
0.0353975
0.0248724
0.0320044
0.229983
0.23628
0.0136119
0.0127718
0.04489
0.0450439
0.0182612
0.0304025
0.221407
0.0188428
0.00471531
0.0514645
0.0165528
0.0164426
0.0111135
0.00884129
0.023417
0.0362081
0.0118043
0.0274469
0.198139
0.0441091
0.0436025
0.0262415
0.0174196
0.246483
0.0693134
0.0274742
0.0379582
0.00450049
0.0406909
0.00696502
0.0121403
0.666899
0.0157045
0.215995
0.245096
0.0105008
0.0206171
0.0245648
0.00689726
0.0157131
0.0142261
0.0394258
0.0285997
0.0340314
0.0228286
0.0295637
0.215329
0.0136445
0.0132452
0.242788
0.0125619
0.0102474
0.0211419
0.0147253
0.00886809
0.00725159
0.0130381
1.49755
0.00547233
0.0183285
0.0156867
0.00928691
0.0114023
0.240317
0.017686
0.00623268
0.0272702
0.0890587
0.0513765
0.208893
0.0282993
0.191044
0.0270338
0.0275368
0.00636701
0.0411133
0.851555
0.00600333
0.00785385
0.0304491
0.0382924
0.0308553
0.0101676
0.00708377
0.0334576
0.0790026
0.00355789
0.0303753
0.0462283
0.012463
0.0100528
0.00235881
0.0430059
0.0233236
0.654567
0.00597671
0.0280457
0.170542
0.0219765
0.00930272
0.050598
0.0217097
0.00195142
0.0282776
0.022873
0.0079392
0.269804
0.0107256
0.0165314
0.0232227
0.0253034
0.00102327
0.0243279
0.0228103
0.0141462
0.0256879
0.0266123
0.0126042
0.00580179
0.069074
0.0202604
0.0226013
0.00489325
0.0143263
0.034667
0.0199084
0.00778649
0.0505036
0.028972
0.0288458
0.00918878
0.0115969
0.0113323
0.280456
0.0133973
0.0301459
0.0729251
0.276829
0.268794
0.00661819
0.0229972
0.0018361
0.028956
0.0103746
0.0178363
0.651126
0.0797181
0.021214
0.0345571
0.00847524
0.0465921
0.036633
0.0166909
0.00320832
0.227227
0.0381106
0.0353845
0.0224916
0.0648487
0.0464269
0.0138213
0.0201801
0.00856583
0.0104307
0.0273285
0.0121335
0.0143794
0.0256437
0.0256446
0.00257862
0.0431984
0.0131886
0.00030908
0.0149133
0.0107109
0.0113041
0.0264524
0.0209271
0.0195528
0.00265159
0.0091439
0.0192721
0.00342135
0.0275525
0.0512966
0.0111461
0.0107008
0.240845
0.226185
0.0115581
0.0334064
0.00573716
0.00380527
0.00731053
0.0362487
0.277406
0.0106585
0.0241028
0.00739308
0.0286791
0.0366614
0.82329
0.0130429
0.0185298
0.368561
0.241822
0.0253332
0.0329427
0.195143
0.0242019
0.017898
0.0302799
0.015677
0.0137229
0.0197282
0.311807
0.0146393
0.0193217
0.0149523
0.0113445
0.0208804
0.0405014
0.0439703
0.283661
0.00779174
0.208686
0.0259365
0.0208566
0.0301006
0.0174624
0.00576146
0.0237516
0.0252388
0.241269
0.00825177
0.0221492
0.0203283
0.0123707
0.206736
0.00986024
0.221289
0.0143876
0.0317497
0.0133241
0.0469533
0.0201129
0.249043
0.0216449
0.0118235
0.183036
0.0193012
0.190721
0.0403464
0.0262607
0.0332805
0.00951489
0.0242736
0.0384512
0.00516545
0.0229107
0.0221532
0.0304156
0.0131137
0.0273183
0.0304483
0.00295595
0.0298083
0.0267149
0.0312652
0.0158518
0.0276252
0.00896642
0.707396
0.0274558
0.00326141
0.0554024
0.0515972
0.00871212
0.02251
0.0216099
0.00643922
0.0157448
0.0118696
0.0602366
0.00982525
0.0363779
0.225138
0.208663
0.0667068
0.0185917
0.0603799
0.0254524
0.0246036
0.284181
0.269405
0.0328008
0.0354851
0.172606
0.0153161
0.0219105
0.0432171
0.0216354
0.0265041
0.0148119
0.608419
0.0184997
0.0110177
0.0188619
0.454829
0.020889
0.0116922
0.00789431
0.0138957
0.0120751
0.0289143
0.201677
0.0118933
0.016035
0.00951832
0.00806411
0.057992
0.00652357
0.0157144
0.00883954
0.00791826
0.305167
0.0103515
0.0196576
0.0275455
0.00569864
0.0264912
0.0195551
0.00645433
0.0326399
0.0125236
0.0114068
0.0238511
0.00805487
0.0164996
0.013515
0.00928588
0.00373478
0.0204589
0.0118637
0.00280802
0.0140588
0.00964898
0.0270185
0.0203605
0.0168725
0.0170654
0.00248386
0.243733
0.0291256
0.0122241
0.0110016
0.0191301
0.0105177
0.0177491
0.0198736
0.0204257
0.0158251
0.0152944
0.0106552
0.0310418
0.0350119
0.0281649
0.0193582
0.0189099
0.00435027
0.0157827
0.00636731
0.00714059
0.0121701
0.0507024
0.02033
0.224614
0.00391901
0.0195151
0.0171712
0.0142534
0.00301295
0.156381
0.0199898
0.0159228
0.0178646
0.0141059
0.0121236
0.0153826
0.00444675
0.0204135
0.0166336
0.0586094
0.262792
0.00525128
0.00684326
0.325283
0.00300123
0.177915
0.0221168
0.0124565
0.0231245
0.0203839
0.00357559
0.0104383
0.0209721
0.0123954
0.0151543
0.0168728
0.00577165
0.0323001
0.0142259
0.00874738
0.0709559
0.0173388
0.00544155
0.0150789
0.0215977
0.0474976
0.0226223
0.00110777
0.0117645
0.0171796
0.0131291
0.0117121
0.0273696
0.0112932
0.00567135
0.00527751
0.0114185
0.259654
0.00797939
0.00467325
0.23969
0.00655315
0.0103306
0.0114554
0.033366
0.0117525
0.0158994
0.00853944
0.0165865
0.014454
0.000375957
0.022966
0.285206
0.024833
0.0152965
0.00634472
0.00747274
0.0280555
0.00277857
0.931185
0.0108448
0.00598895
0.00994476
0.0175306
0.00994156
