1.83208
2.11802
1.51088
1.4071
1.24063
1.49452
1.43437
1.2693
1.51338
1.24715
1.78492
1.56139
1.20607
1.34631
1.43978
1.15397
1.37814
1.38337
1.24063
1.06139
1.89431
1.53376
1.27006
1.47181
1.81072
1.31465
1.88454
1.72747
1.10775
1.37928
1.53924
1.19387
0.906341
1.2551
1.26127
1.17419
1.57741
1.84666
1.48478
1.79176
1.94341
2.21645
1.22385
1.44514
1.37164
1.15373
1.3062
1.34178
1.3453
1.7262
1.67157
1.60705
1.38247
1.53434
1.51153
1.74216
1.66694
1.51126
1.50058
1.58628
1.57056
1.84913
1.52651
1.3503
1.72611
2.07531
1.58437
1.45005
2.39748
1.68616
1.31571
1.85911
1.48484
1.99015
1.96576
1.68181
1.62742
1.84584
2.11986
1.75441
1.61177
2.16901
1.6595
1.92388
1.80591
1.7807
1.12709
1.62591
1.63746
1.82127
2.94559
1.82634
1.14417
4.58229
2.23672
2.41169
2.96959
3.09073
2.09975
1.84395
1.66361
1.96131
2.03127
2.07966
2.70804
1.74562
2.5502
2.14414
2.34415
1.98389
1.70732
1.68157
2.07789
1.26894
1.52294
2.62437
1.72895
1.48219
1.75181
2.05999
2.06182
1.56382
1.42895
1.61531
1.71758
1.60807
1.57809
1.70354
1.6836
2.36142
1.69638
1.24177
1.04269
1.02246
1.01633
1.45447
1.16321
1.03986
1.45336
1.22559
1.34642
1.30751
1.16171
1.01319
1.09637
1.15261
1.13117
1.09025
1.11871
1.17613
1.34136
1.13455
1.52215
1.31563
1.12621
1.62721
1.51683
0.94593
1.26686
1.22723
1.60273
1.04193
1.4245
1.32858
1.01937
2.17608
1.4698
0.862167
2.30452
1.0489
1.0171
1.88756
1.14023
1.15871
1.0261
1.11144
1.15901
1.65909
1.45617
1.58313
1.18266
1.23369
1.12188
1.84224
1.33533
1.53285
1.17805
1.24841
1.25589
1.0365
1.34731
1.17898
2.37952
1.14096
1.53014
1.08651
1.0273
1.61944
1.13955
1.30353
2.88311
2.4507
1.23737
1.19326
1.33056
1.30385
1.14353
1.92697
1.23459
1.14105
1.22772
1.48574
1.10805
1.18303
1.48761
1.31249
1.325
1.55702
1.40755
1.49877
2.11118
1.01809
1.35853
1.39574
1.88097
1.48688
1.77841
1.34781
1.27816
1.10164
1.52
1.20235
1.52613
2.43174
2.16814
1.4279
1.77143
1.26772
1.5624
1.47648
1.14302
1.33384
1.47967
1.36539
2.0446
1.90616
1.57134
2.21289
1.67665
1.37157
1.72134
1.64514
1.5867
1.58013
1.66285
1.62697
1.41534
1.9111
1.3593
1.56493
1.95064
1.20809
1.65273
1.39754
1.38928
3.30967
1.28789
1.58827
1.74468
1.47914
1.20181
1.52822
1.7264
1.64571
1.16815
1.75838
1.11182
1.43281
1.30694
1.33168
2.35648
1.13653
1.56599
2.92529
1.43488
1.1756
1.05561
1.181
1.44722
1.05287
1.17429
1.17244
1.03658
1.55847
0.851982
1.22415
1.37702
1.43514
1.36302
0.871024
1.08707
1.28911
1.27676
1.05063
1.30344
1.13342
1.66209
1.35218
1.43028
1.16842
1.75977
0.969991
1.04262
1.19655
1.05706
1.37973
1.13884
1.72351
1.15267
1.06065
2.18158
1.35547
1.06939
1.19988
1.2531
1.13037
1.37306
1.08288
1.08307
1.50773
1.3228
1.72927
1.4003
1.10278
1.47606
0.996416
1.09415
0.855508
1.72294
1.4572
1.39039
1.14279
1.18808
1.21146
1.25148
1.30269
1.17359
1.80087
1.22459
1.10929
1.10176
1.64291
1.24571
1.42607
1.63584
1.46982
2.49524
1.86128
2.45236
2.07805
1.3663
1.47102
1.58967
0.99917
1.05753
1.53976
1.37598
1.82861
1.06205
1.51424
1.83611
1.65559
2.73449
1.31535
1.2684
1.305
1.32558
1.22989
2.06446
1.52282
1.17513
1.62526
1.37084
1.40223
1.49981
0.832794
1.70366
2.09023
1.58206
1.44268
2.76917
1.56766
1.49146
1.61672
1.19871
1.87352
2.4633
1.23606
1.27074
2.07308
1.23632
1.35148
1.354
1.26054
1.48232
1.81558
1.5682
1.59678
1.40961
1.45997
1.32743
1.29113
1.87788
1.37232
1.416
1.68904
1.60268
1.21385
1.89663
1.60978
1.45289
1.51273
1.04097
1.44288
1.50981
0.982801
1.72738
1.42295
1.36126
1.59065
1.61906
1.38166
1.97383
1.06474
1.73342
1.42504
1.73859
1.73551
1.49806
1.05668
1.79499
1.43989
2.17613
2.66384
2.13121
1.22221
2.52288
2.35756
2.53718
2.0367
2.49944
2.33542
2.51705
1.58063
2.83968
1.45616
1.86282
1.00999
1.38341
1.29506
1.30158
1.42092
2.62726
2.20737
2.45853
3.1079
1.94044
2.01857
4.54024
2.89259
1.88503
4.57063
2.69079
2.92929
1.72627
4.5266
3.70545
1.18488
1.4383
3.72823
3.49221
5.55414
5.31425
6.04714
3.20345
4.54181
3.91171
2.86525
4.95931
5.66388
5.2315
5.79711
5.41265
4.38727
2.8936
4.47385
6.29623
3.5257
1.37189
1.01242
1.09954
1.1236
2.08643
1.63205
1.58581
1.1494
1.22967
1.58319
1.11619
1.22333
1.73508
1.03311
1.13123
1.41136
1.6812
1.12364
2.07355
1.33502
1.24286
1.7521
0.988643
1.43246
1.00859
1.17333
1.18068
1.02762
0.85369
2.0673
1.72195
1.09513
1.05299
1.40234
1.28071
1.46058
1.05332
1.33675
1.17975
1.5036
1.46482
1.17007
0.961698
1.02219
1.00324
2.12724
1.15552
1.00879
0.887924
0.922437
0.795452
0.951494
1.20583
0.993462
1.22452
1.13282
2.71323
2.39486
2.1344
1.66012
2.04966
0.852124
1.25562
2.4422
2.18756
1.13631
2.32508
1.20653
1.81714
1.79571
1.44295
1.4625
1.31038
1.18579
1.36775
1.38762
1.32896
1.88644
1.43171
1.49651
1.47429
1.59364
1.21507
1.41474
1.28465
1.11392
1.43245
2.09832
1.29195
1.51771
1.22934
1.78145
1.84327
1.7809
1.9629
1.75437
1.62143
1.47303
1.68742
1.52958
1.56898
2.54157
1.74463
1.0905
1.34491
1.21573
1.3316
1.86891
1.53635
1.92979
1.32077
1.83966
1.32345
1.27311
1.69709
1.68563
1.6791
1.41537
1.51955
1.70045
1.75772
1.61576
1.05392
1.52982
1.29653
1.59899
1.79182
1.27471
1.42952
1.64928
1.59266
1.66676
1.90114
3.95731
1.57146
1.66027
1.67715
2.03625
1.94873
1.64335
1.43413
3.24076
1.6085
1.30705
1.73737
1.06304
1.2034
1.00127
1.46542
1.58286
0.879063
1.06519
1.09191
1.78605
1.54368
1.95564
1.44478
0.802975
1.39078
0.661762
1.65111
0.668941
0.670896
2.9451
3.63302
3.19256
2.73446
3.1757
2.39007
1.94872
1.92939
2.75244
1.63848
0.954531
0.715818
0.621233
0.593118
0.622362
0.573738
0.555959
0.568886
0.590371
0.598005
0.599149
0.641164
0.610468
0.589734
0.544255
0.636725
0.536982
0.511794
0.506411
0.568205
0.50345
0.549664
0.61538
1.09602
2.65232
1.64246
1.24216
0.678084
0.638197
0.653961
1.12552
1.61378
1.74572
1.24835
1.56192
2.26893
1.15195
1.42681
3.16335
1.25475
3.0502
1.22882
2.64639
2.09902
1.79646
0.737409
2.06776
0.94988
0.984963
1.96467
1.42719
2.02161
1.59932
2.18086
0.756494
1.27623
2.04589
2.10634
2.11797
1.86544
1.73397
3.21899
2.02042
1.70299
2.16535
2.01994
1.93081
1.99159
1.43244
2.05841
1.99342
1.64152
1.95495
1.67304
1.88739
1.8901
1.79138
1.65392
1.48055
1.15352
2.38429
1.95807
1.64949
2.39037
1.40173
2.01142
2.23893
1.98528
2.13067
1.61403
1.8014
2.28012
2.09411
2.48585
1.48127
1.19259
1.37889
1.38084
0.814223
0.87001
0.790015
0.635449
0.970515
0.832537
0.7401
2.79462
2.0479
2.88522
3.91263
4.33657
6.16096
4.91433
4.99743
4.20324
3.19141
3.32663
3.43439
3.31474
2.67926
4.4663
4.92508
2.63005
3.57095
4.07343
3.64032
3.42772
3.05341
3.70973
3.22718
3.98492
3.21888
3.79228
3.58883
3.64393
2.78386
2.79896
2.65799
2.91202
2.75267
4.53372
4.24561
3.17825
4.70466
4.32904
3.18741
3.15082
4.5229
0.981856
0.554049
0.649709
0.683896
0.528062
0.557947
0.564242
0.530214
0.596101
0.635545
0.710829
0.623739
0.721079
0.66074
0.552383
0.555714
0.627478
0.616596
0.74277
2.63932
3.31213
2.67329
2.45717
1.59609
2.1674
1.44481
1.45388
2.40609
2.23046
1.04646
1.51591
0.717667
0.694135
0.692412
0.586833
1.35119
0.615026
0.634971
0.805141
1.28063
1.98525
3.70088
1.14543
3.25288
1.90626
1.28994
2.17111
1.4153
1.40722
1.41348
1.35371
1.79585
1.50662
1.71951
1.61862
1.58894
2.94559
2.75205
2.0132
1.85261
1.83697
0.742875
0.662442
0.573686
0.603478
0.584493
0.584744
0.514595
0.56141
0.569027
0.56184
0.492574
0.695437
2.72777
2.24347
2.23029
2.18876
2.86834
2.21016
2.55267
1.20643
1.95929
1.63727
3.0412
2.55639
1.40669
2.06761
2.30113
2.51471
2.98783
3.56905
2.81975
2.52611
3.36793
3.94721
0.860127
0.854902
0.721166
0.672933
0.740231
1.44469
2.65122
1.43381
0.948351
1.63246
1.12349
1.72807
1.19459
0.871308
0.61846
0.718871
0.834686
0.679919
4.39285
4.36502
2.00069
2.27648
3.53442
1.19601
1.11146
0.858942
1.1747
0.748525
0.707165
1.71478
1.59121
1.13124
1.17288
2.34117
2.8092
2.8739
3.21703
2.65776
1.63687
2.43209
2.01164
1.39745
1.63805
1.43219
2.33005
1.69792
2.36173
1.16041
1.71281
2.85254
0.686751
1.0739
0.860851
0.862122
0.969657
1.16055
0.706606
0.753296
0.744554
1.05425
0.817638
1.32403
2.25479
2.28771
1.42747
1.8406
2.08764
2.43339
2.00421
2.91884
2.33724
2.31733
1.37657
1.61811
2.32613
2.92802
3.05311
2.50046
2.70127
1.61824
1.82827
1.89106
1.20632
1.96914
2.00369
1.61718
1.56259
1.56933
1.52889
1.43189
2.00158
2.899
3.38403
2.27074
2.39227
2.79846
1.92399
1.66207
1.83157
1.04607
1.9126
1.91447
1.77447
1.42233
1.30156
0.82461
1.21579
1.24502
1.21943
1.16297
1.03516
1.56474
1.32308
1.99416
1.18126
1.96376
1.90357
1.15345
1.70439
1.44283
2.0739
1.29504
1.26802
1.6816
1.2114
1.28503
1.71073
1.4677
1.71186
1.2225
1.4786
1.15732
1.41333
1.25573
1.26294
1.15115
1.57619
1.65894
1.32987
1.6568
2.05648
1.96796
1.75826
1.31627
1.24327
1.30082
1.30003
1.25082
1.6189
1.40234
1.70041
1.02245
2.20362
1.3188
1.2246
1.27093
1.51463
1.3952
1.30639
1.23756
2.15003
1.22418
1.60159
1.22126
1.06005
1.68905
1.45426
2.88013
1.53227
1.44031
2.1092
1.58562
2.47191
1.23131
1.5549
1.46753
1.88082
2.13259
2.69776
1.30773
1.74362
1.19639
1.95781
1.39656
1.28316
2.00923
1.42877
1.48847
1.99217
2.43768
1.20706
2.52333
2.12252
2.27722
2.3177
2.99795
1.9427
2.12723
3.44713
2.16071
1.90276
2.53726
0.897911
0.809317
1.05164
1.07291
2.80003
0.81102
1.08284
0.80288
1.06247
0.830152
0.782114
0.846272
1.39068
1.00195
0.944191
0.83742
0.831618
0.884122
0.935762
1.67861
1.44662
1.53683
1.70659
3.40974
1.88116
3.10946
2.13014
2.55121
2.95284
1.69979
1.74377
1.93183
2.74722
1.7309
1.39756
2.58971
1.20436
0.814556
1.69835
0.969034
0.65121
0.745014
0.584667
0.628795
0.612726
2.60653
2.74995
2.24211
2.26292
2.18381
0.758197
1.40766
0.807802
1.043
1.01932
1.25243
3.15866
2.80198
1.18992
1.43715
0.697446
1.81731
3.42745
4.24856
0.768574
0.671802
0.670839
0.624624
0.617963
0.715653
0.577993
0.672041
1.68724
0.619049
0.609653
0.697543
0.721836
0.684023
0.774701
0.645192
0.647416
0.620963
0.617804
0.749514
0.699442
0.630123
0.639714
0.677672
0.55937
1.36348
0.679847
0.627745
0.66447
0.697626
0.602624
0.592723
0.687932
0.682196
0.652926
0.665682
0.747464
0.666406
0.684631
2.5955
1.79243
1.19472
3.15756
1.43493
2.09981
3.5331
2.75149
2.3586
1.71343
1.24046
2.74345
1.93109
1.36991
0.823827
0.735721
0.674706
0.627825
0.612151
0.608634
0.570976
1.05653
2.82978
2.70517
2.91634
1.76372
2.43381
1.87527
0.740405
0.76123
1.76766
2.77438
1.93601
2.59156
2.74841
1.6349
1.96018
1.90089
1.63043
1.69232
1.71073
1.72067
1.38973
1.52128
1.42011
1.39515
1.34823
2.30033
2.19282
1.16058
1.90148
1.89578
2.87289
2.243
2.45462
1.47683
2.32707
2.33658
2.40898
3.50656
2.99532
1.90475
1.28617
0.820683
1.16058
0.85339
0.874319
2.60401
4.12811
3.05141
2.39679
1.652
3.07763
2.51847
2.91505
3.15893
3.09347
3.03269
2.13745
5.60786
3.12041
3.49687
3.24093
7.40815
3.84162
4.76953
3.08475
7.54606
3.84052
3.29738
8.56448
4.51238
4.07378
5.49176
3.69081
6.60404
3.37434
5.82289
3.34241
5.98193
4.59327
8.1431
4.79263
3.33052
8.14084
7.49742
7.27023
6.86652
9.96686
6.95161
7.25893
5.00087
4.5822
3.11117
7.12766
12.1037
7.42696
5.72031
4.15161
5.39405
3.17216
4.27891
3.21403
2.8312
2.04746
3.50979
2.2066
2.62364
3.19152
2.72582
1.78438
2.70801
2.518
2.51129
2.16656
2.18716
2.57102
1.20859
1.2948
1.17612
1.05573
1.18476
1.57503
2.20663
1.55652
3.23721
2.94715
4.11332
1.99825
2.91627
1.96055
4.48337
3.23805
3.74353
1.37039
1.16944
1.37282
1.12743
1.56724
0.980307
0.847796
1.09964
1.18893
1.16279
1.51824
1.19153
3.31071
2.6453
3.45629
3.37482
2.27386
2.26118
1.14719
1.14081
0.640888
0.651307
0.538363
0.572536
0.616295
0.530195
0.542215
0.929523
0.771925
0.5746
0.64697
0.536262
0.512314
0.522256
0.543418
0.524141
0.617238
0.578158
0.717707
1.0444
0.891747
0.852416
1.2021
0.792072
1.14372
3.03191
1.66405
1.26907
2.15639
3.26342
3.21515
1.92644
3.45584
2.09612
3.75495
1.88234
2.31601
1.14187
1.6483
0.995936
1.2032
1.12179
1.30649
1.23395
1.39843
1.3534
1.06888
1.13481
1.18067
0.924546
2.64203
1.3983
1.34517
1.25492
1.60516
1.32495
1.46546
1.53152
2.02013
1.87464
1.44679
1.22515
1.18848
0.707173
0.639116
0.698383
0.771131
1.30572
1.23905
1.46234
1.24285
0.820176
2.66914
1.33282
1.25949
1.17505
1.36067
1.11926
1.21253
1.43071
1.10042
1.7814
1.66196
1.18354
2.52977
1.39659
1.21309
1.11751
1.22298
1.43433
1.24398
1.33155
1.28242
1.20305
1.36093
1.37227
1.20712
1.12528
1.03201
1.36226
1.25529
1.41003
1.27325
0.999459
1.27469
1.3216
1.18319
1.0453
1.11581
0.893074
0.727441
1.18932
1.0501
1.02391
1.43926
0.932491
1.14445
1.6116
1.60545
1.09011
1.79513
2.06945
1.29129
1.78281
1.34575
1.16925
1.02632
2.64258
1.30305
0.969993
1.15333
1.67194
1.22569
1.43079
1.71737
1.23894
1.61478
1.18033
1.03208
1.93269
1.11745
1.74092
1.72663
1.1841
1.65043
1.23271
1.43417
1.72765
1.47069
1.84371
1.41674
2.72897
1.29524
1.68226
1.76213
2.00736
1.82387
1.44126
1.53819
1.80504
1.70304
2.12628
4.26976
1.85882
2.12532
2.04842
3.21123
3.39494
3.5216
3.76424
2.81902
3.58938
2.50074
2.04018
1.53602
2.58538
2.69489
2.41746
2.03187
2.18543
2.06648
2.17807
1.74006
1.80106
1.78449
2.48447
1.16297
1.6439
1.83787
1.80528
1.5605
2.23912
1.60434
0.754237
0.643964
0.994029
0.99329
0.832612
0.791817
1.8606
0.934078
1.04208
1.1537
0.826189
0.751174
0.746135
0.540052
0.535932
0.531224
0.553748
0.789758
2.80387
0.787459
0.546564
0.608044
0.634255
3.24899
3.13125
4.38958
3.33954
4.12068
5.45142
5.27283
1.53665
1.16161
1.14025
0.84428
1.69454
2.65592
1.01776
1.49771
1.79635
3.16778
1.59814
3.13316
1.18562
1.29831
1.86766
1.68489
2.64875
0.984978
0.964806
1.77832
1.31676
2.04985
3.29616
1.09851
1.12764
0.75862
0.608438
0.629963
0.541513
0.669054
1.58818
1.61875
2.01166
1.35127
1.5913
3.15556
1.75585
1.36442
1.85961
1.6519
2.52906
1.99732
2.78784
2.11688
1.98774
2.30467
1.15312
1.98316
2.74211
3.2632
2.08545
2.23615
2.32709
1.89565
1.92279
1.71722
1.52422
1.68244
1.06332
2.1422
1.75298
1.00394
1.21475
1.09375
1.30271
1.40073
2.22017
2.1102
1.43426
1.50538
1.64937
1.3247
1.68199
1.40681
1.28523
1.82963
0.885516
1.73821
2.50383
1.34872
1.56894
1.40399
1.86534
1.45176
2.11317
1.33343
1.87347
1.1586
1.33087
1.23818
2.23793
1.64256
1.10669
1.50974
1.20429
2.74947
1.69114
1.37407
1.32638
1.38441
1.34845
1.27473
1.23402
2.17867
1.45576
1.61246
1.90025
1.89526
1.59735
2.3054
1.91332
1.61587
1.2256
1.36197
1.56341
2.14777
1.59423
1.25595
2.46602
1.31735
2.15013
1.72758
1.38536
1.25133
1.55807
3.80763
2.61192
2.48207
3.55671
3.99078
3.10425
3.25769
5.36699
2.77652
3.05505
2.10584
2.1161
2.15918
3.08476
2.35446
1.45509
3.74673
2.98009
2.39283
1.00411
1.42347
1.72396
1.08469
0.605932
0.666583
0.637832
1.21881
0.633856
0.603343
0.608442
0.582233
0.789718
2.25198
2.79198
2.44024
2.35105
2.37724
2.06622
1.79496
1.68131
1.76162
1.80659
2.04803
1.29498
1.51
1.93935
1.67043
1.48853
1.60634
1.49472
1.65338
0.644722
0.707593
0.860057
0.838506
1.11402
0.613833
0.570308
0.614263
0.610027
0.753788
0.775184
0.638935
0.65905
0.759533
0.607307
0.624104
0.636441
0.637343
0.68687
2.14716
0.801258
0.697584
0.744475
0.57898
0.888796
0.760785
0.598544
0.622546
0.542886
0.660457
1.04934
2.46765
2.33875
2.70671
1.21173
1.53903
1.16762
1.37579
2.01306
2.40246
2.32514
2.00033
2.39943
1.98973
1.99556
1.18017
2.35213
1.28152
1.46544
1.15231
1.19195
1.43909
1.62159
1.1458
1.71588
1.41232
3.82746
2.29154
1.56969
1.81972
1.94398
1.78877
3.4215
1.51117
0.722634
2.97003
3.11239
3.31224
0.95406
0.809327
0.639781
1.17983
1.29941
1.50504
3.47348
2.58545
2.17244
2.06659
1.76157
2.26033
2.18165
2.46132
1.6616
1.9805
1.45212
2.39899
2.23279
2.03772
2.00425
1.53642
1.92044
1.78961
1.53398
1.98899
1.91058
1.82767
1.42597
1.54349
2.17673
1.85545
1.74598
1.98256
1.88683
2.1407
2.68022
2.17584
1.99742
1.64742
1.26452
2.44475
2.17825
2.17809
2.1351
1.53411
1.99796
2.06286
1.4179
1.67688
1.77569
1.42972
1.90443
1.72066
2.12001
1.29627
0.934385
1.14579
1.18706
1.54624
0.831775
0.952174
1.33019
1.04401
1.16
2.0432
3.14268
1.3303
1.37469
1.1734
1.47088
1.39738
1.45576
1.84703
1.21183
1.20505
1.24306
2.19506
1.23918
2.07083
1.74594
1.43515
1.24541
1.14213
1.60783
1.16701
2.22027
1.01925
1.23415
1.20253
1.54979
1.38063
1.23177
1.31927
2.48117
1.27074
1.2111
1.09058
1.22159
1.22358
1.74134
2.2
1.28123
1.40655
1.24561
1.05886
1.17216
1.30525
1.85164
1.48452
1.27478
1.29298
1.04553
1.49942
1.13976
1.13843
1.32322
1.37266
1.187
1.51321
1.13934
1.75919
1.25556
1.36747
1.25052
0.954945
1.33337
1.18571
1.28254
1.1808
1.50682
1.98692
2.47661
1.34912
1.29253
1.29669
1.11693
1.40645
1.5223
1.27003
2.76177
1.22385
1.54278
1.22546
1.3847
1.89404
1.57555
1.1074
1.22121
1.43038
1.66544
1.7152
1.6993
1.88759
1.46989
1.41675
1.99245
3.00754
1.61929
1.73472
1.34334
1.89574
1.61082
1.40534
1.11636
1.13051
1.33554
1.16901
1.56337
1.14488
1.54513
1.38969
2.68674
1.29095
1.15518
1.35687
1.36314
1.1418
1.20465
1.17822
1.32291
1.49062
1.55861
3.00553
2.01417
1.9231
1.79409
1.86541
1.48557
2.02584
1.67825
1.77731
0.936308
2.11094
1.27162
1.96606
1.60231
1.96911
1.11021
2.35612
2.53037
1.82312
1.51417
1.38946
1.84638
2.13235
2.47706
1.27139
3.31539
2.25964
2.26638
2.7416
2.21418
3.43627
1.40553
1.85723
4.04962
3.23591
2.54418
6.11735
4.17893
1.59556
1.92348
3.81762
3.25452
3.04193
2.00263
1.47666
1.10492
1.72932
2.03632
1.12488
1.73102
1.10694
1.2235
1.10822
1.55627
1.14467
1.39468
1.20961
0.813339
1.92746
0.81565
1.01087
1.09234
0.988146
0.836375
0.948433
0.765894
0.928853
0.900396
2.394
2.12636
1.58582
3.1683
2.10422
1.51939
1.43572
2.64638
0.876475
1.9668
1.64177
1.69561
1.28787
2.32833
1.48678
1.66842
2.41888
2.48727
2.0064
2.05134
1.79391
2.88641
2.65236
1.93816
2.26251
1.9822
1.61301
1.84144
1.19292
1.52605
1.41694
1.21386
1.00418
1.49824
1.13246
1.44097
1.05582
1.72417
1.77176
2.00578
1.37463
1.53686
1.10761
1.3141
1.26195
1.37915
1.19273
1.08374
1.00207
1.21976
1.07262
1.05679
1.09218
1.12335
1.23834
1.36582
1.1124
1.30902
1.25353
2.41616
1.25127
1.58221
1.4215
1.13184
1.70085
1.04493
1.04084
1.3139
1.04568
1.13812
1.16336
1.2932
1.21198
1.05057
1.58972
1.31479
1.09677
1.43223
1.47172
1.14091
1.20958
1.01735
1.19305
1.18121
2.01659
1.22512
1.0542
1.22674
0.964418
1.22386
1.29557
1.19705
1.04107
1.38656
1.3682
1.28799
0.937772
1.82514
1.04941
1.13495
1.24143
1.29686
1.50534
1.18069
1.36925
1.29918
1.03727
1.31013
1.15022
1.93645
1.14704
1.40256
1.31024
1.13973
1.04369
1.12734
1.4565
1.01854
1.67966
1.05416
0.71519
1.3035
1.41538
0.994837
1.1323
1.0637
1.73028
1.21378
1.37997
1.26957
1.50746
1.3381
1.40519
1.09022
1.18842
1.01548
1.40179
1.46601
1.20623
1.36434
2.55742
1.84611
2.05755
1.81347
1.64918
1.59281
1.8522
1.89143
1.58605
2.37614
1.1311
1.54927
2.78027
1.35721
1.83075
1.30059
0.971251
2.64613
2.75841
2.75647
1.65146
2.1879
2.99758
3.83645
1.8521
2.18373
1.15596
0.818067
0.674167
0.664166
0.651334
0.595828
0.567627
0.915356
0.658226
0.71959
0.843427
1.10571
0.821407
0.734841
1.4152
0.763437
0.856793
0.684772
0.793431
0.825174
1.09864
1.0444
1.07948
0.754799
0.891552
0.767709
0.727485
0.783259
0.94774
0.739498
0.682097
0.887506
0.933197
1.36481
1.75184
1.9326
2.23405
1.5885
1.47564
2.62478
1.97689
1.55557
1.59815
1.40094
1.8884
2.36293
2.37606
2.65533
2.77936
2.45437
3.11875
3.02676
2.61858
2.92212
1.69194
2.94658
1.57393
2.38474
3.23619
0.888389
1.152
1.17224
0.779928
1.10678
1.0422
0.592855
0.630414
0.772553
0.59256
0.634796
0.686008
0.642131
0.59786
0.765778
0.961234
0.872402
1.21592
1.29565
0.732023
0.776914
0.855346
1.14418
0.834105
0.815841
0.870348
1.95408
0.969147
0.924828
0.842174
0.619524
0.669443
1.50075
0.893522
1.51877
1.0478
0.903042
0.923935
0.962265
0.658371
0.753726
0.976567
0.651863
0.776309
0.859728
1.0136
1.24697
0.816951
0.797895
0.967914
0.781746
0.79007
0.925359
0.843438
1.07623
0.719321
0.658298
0.612166
0.691742
0.631671
0.641378
0.741291
1.62342
1.37648
0.721721
1.5085
0.795136
1.81974
2.59657
1.10941
0.804374
0.707465
0.958686
3.31
2.09844
1.8455
1.82203
1.70289
1.73969
2.13844
1.14882
0.909583
2.53335
1.41749
2.57516
2.74318
2.47194
2.85367
1.97788
2.63474
1.77345
2.13438
2.11189
1.84476
2.56385
2.04639
2.30693
2.44988
2.72662
2.82027
3.81516
3.38141
1.46661
1.11491
2.78282
2.21102
1.58911
2.36388
1.98445
1.82919
1.44211
1.75315
1.6415
1.77335
1.72833
1.53752
1.87703
2.21857
2.48173
2.04955
1.9883
1.95423
1.53495
1.54201
1.42857
1.84441
3.02477
2.07035
1.43549
2.70088
2.02577
3.14057
3.94381
4.19714
2.12189
4.54902
2.59159
5.7951
3.35488
3.7609
2.25233
3.41896
3.00001
3.21203
2.035
2.6782
1.67571
1.792
1.36291
1.51258
1.75674
1.12095
1.1075
1.07454
1.0727
1.39023
1.13016
1.48782
2.48899
1.94433
1.34211
1.00163
1.13479
1.0114
1.05717
1.0563
1.32387
1.29729
1.06592
0.976468
1.1018
1.23645
1.36436
0.914853
1.50907
2.50768
1.31185
1.56899
1.57657
1.14183
1.29559
1.1622
1.21536
1.25565
1.73008
1.13674
1.5266
1.59668
1.3567
1.26607
0.973625
1.49108
1.23085
1.33192
1.4936
1.34909
1.39427
1.83391
1.82547
1.72425
2.43666
2.14613
1.689
1.89616
1.69376
1.71988
1.76255
1.31334
0.964834
2.33624
1.78949
1.09696
1.5642
2.41415
2.66443
3.30637
1.59733
2.13567
2.18365
2.18202
3.01106
1.93246
1.78236
1.36053
1.98594
2.66455
1.62747
3.26228
1.92847
4.08261
1.97579
0.718599
0.619077
0.635302
0.640267
0.582922
0.600454
0.903616
2.76727
3.27327
3.40383
3.22319
2.70794
4.66633
2.55175
1.12657
0.882166
0.619935
0.681195
0.726058
0.616825
0.644893
0.67343
0.59719
0.639628
0.725547
0.794515
1.46433
1.55044
1.40237
1.50436
1.62756
1.60091
1.45356
1.60555
1.60121
1.47747
1.49334
1.58935
1.51347
1.58322
1.57302
1.53643
1.91263
1.01394
1.88693
0.996849
1.82105
4.83825
1.43993
0.631023
1.31694
0.689886
0.623684
0.681633
0.614286
0.6779
0.688524
0.704582
0.67066
0.921461
0.603523
0.578046
0.718383
0.633445
0.600541
0.596469
0.858499
0.592732
0.660174
0.619827
0.658015
2.1451
1.25284
1.10627
1.18456
1.1894
3.72014
1.76012
1.26839
5.62771
1.99708
0.785499
0.635315
2.23028
1.8358
2.70862
2.88657
4.5541
0.769413
0.725906
0.654574
0.774713
0.696913
0.691687
0.695632
0.604117
0.641478
1.24342
0.705405
0.723366
2.08206
1.67724
2.84625
2.57866
2.67392
1.55876
1.92148
1.42881
1.13668
1.36099
1.43524
1.85049
1.71679
1.24588
1.82088
1.46128
1.59435
1.6294
1.60303
2.2616
1.6694
1.633
1.7156
1.33482
1.60078
4.70503
5.84611
1.45409
1.24281
1.3764
1.72224
1.90315
1.424
1.97161
1.47852
4.3787
3.55032
1.47503
1.838
2.32876
1.999
2.89004
1.71895
3.3507
2.50662
1.8902
2.64922
3.36939
2.63846
2.4814
4.36897
2.84677
4.72454
2.86786
2.32479
2.31921
1.74339
1.62687
1.87123
1.82072
1.8295
1.35924
1.46025
1.28828
1.3752
1.50014
1.17907
1.35201
1.29307
1.20278
1.08645
1.54239
1.34383
1.03731
1.22742
1.19791
1.1349
1.47344
1.281
1.35673
1.28645
1.5162
1.14235
1.29064
1.46153
1.17091
1.26729
1.27385
1.4995
1.47411
1.31425
1.22565
1.21803
1.54839
1.16018
1.33884
1.35032
1.25118
1.41464
1.3592
1.54813
1.36033
1.57829
1.41728
1.30693
1.35305
2.13394
1.40456
1.11123
1.53345
1.45534
1.32114
1.15834
1.63635
1.37159
1.21944
1.15321
1.32323
1.04538
1.39823
1.50894
1.36334
1.41263
1.19331
1.3606
1.73092
1.39182
1.34327
1.33576
1.55592
2.55652
1.99863
2.07113
1.95659
2.69383
2.17396
2.94745
2.19068
2.21959
1.80197
2.64534
2.41214
2.10978
1.8182
2.06413
2.70269
1.4063
2.80698
1.83698
3.2935
1.89977
3.66396
1.31873
1.38691
1.316
1.01623
0.657864
1.1111
0.712044
0.813483
0.634219
1.68344
0.774822
0.9486
0.744276
0.675556
0.697377
0.798626
3.38527
1.11116
1.91781
0.653634
0.68616
3.26513
3.79023
3.74036
4.26697
2.56678
5.24015
0.735561
0.692074
0.591532
0.699281
0.620272
0.573868
0.697833
3.90004
2.72483
3.37918
1.97996
3.56202
3.81383
2.4873
2.11578
1.60334
0.692801
0.681228
0.642372
0.628717
0.58639
0.628157
0.705676
0.747993
0.573562
0.559812
0.57585
0.614516
0.577749
0.768732
0.939427
2.42021
2.23794
1.50677
2.57711
2.77131
1.38925
1.74462
0.785628
2.49933
2.57897
0.86359
0.651077
0.626011
0.608095
0.767469
2.6559
1.80554
0.978159
0.916951
1.12521
1.35643
2.23366
1.64935
0.894614
0.808676
0.630721
0.62621
0.602013
0.906337
0.67181
2.28562
1.80007
2.24029
2.22141
2.6044
2.63694
2.65609
1.85498
0.911683
0.945751
0.816595
0.759975
1.14641
0.745423
2.39216
1.86847
2.24943
2.24116
1.93588
1.69888
1.70442
1.28412
1.48856
1.56687
1.10787
1.37247
1.58394
1.13876
1.73906
1.84094
1.34639
1.44304
2.90894
1.92867
1.24701
1.0973
2.04712
1.41322
1.43154
1.2526
2.0854
1.26079
1.69345
1.25577
1.52834
1.30627
1.27105
1.47919
1.66493
1.37037
1.28249
1.57928
1.49714
1.00944
1.74126
1.3892
1.4851
1.68907
1.32071
1.34243
2.07143
1.19448
1.47581
1.59635
1.3095
1.89039
1.51278
1.39779
1.4629
1.31012
1.7922
1.37035
1.04458
1.89677
1.98298
1.83475
1.78301
1.2827
1.52836
0.952227
0.866294
1.61872
1.17671
1.22191
1.47615
2.82726
1.1967
1.66602
1.37728
1.8241
1.23322
1.73895
4.49147
2.1922
2.35134
2.12435
2.3655
2.49378
3.12515
2.8676
2.01556
2.84472
2.72387
2.05341
2.61448
1.96631
3.0098
2.37804
1.96518
2.16848
2.95592
2.83027
1.98903
1.78834
1.57797
2.36379
1.62021
2.62622
2.13759
1.49915
2.2061
1.96857
1.78758
1.82536
2.3831
1.66329
1.56582
1.44959
1.56865
1.69533
1.70399
1.84515
1.82218
1.62837
2.58741
1.8603
1.4549
1.54714
1.69531
2.41385
1.86352
1.51523
1.72687
2.46955
2.12386
1.80943
1.74305
2.65988
2.2435
2.81891
2.67366
2.51225
2.33639
1.89347
3.53694
1.58874
1.99859
1.95117
2.22346
1.43652
2.31406
1.89622
1.51058
2.27111
1.88555
4.21173
2.29389
3.03338
1.40979
1.87681
2.38173
2.22963
2.69462
1.33558
0.838484
1.64788
0.781948
0.75192
0.975588
0.665908
1.23923
1.04515
0.677235
2.69091
3.41621
2.69499
3.94523
1.58545
1.09486
0.96291
0.705825
1.04119
1.8812
0.830593
0.67199
1.04524
0.69711
1.76965
1.284
1.24582
1.25604
1.99992
1.48512
2.11689
1.5941
1.95163
1.95153
1.65876
1.95639
1.86
1.50577
1.72955
1.94867
2.19472
2.32379
1.66557
1.54175
2.19554
2.6857
2.56784
2.25529
3.36739
3.56136
2.64773
1.38182
2.59859
2.04259
3.4403
2.35435
2.27349
2.77897
2.02268
1.80866
2.21237
2.66129
2.38333
2.61753
2.74151
2.14407
3.60248
1.76342
2.23323
1.73681
2.52797
1.69257
1.2884
1.08683
1.22462
1.36259
1.08904
1.10225
1.05134
1.1108
1.2326
1.25372
1.09616
0.932232
1.28537
1.51407
1.53607
1.15622
1.50626
1.26285
1.6188
1.16018
1.07196
2.22877
1.46558
1.10084
1.08661
1.91136
1.33159
1.15032
1.48461
1.17174
1.50757
1.80949
1.02184
1.34069
1.66875
1.52061
1.91636
1.25822
1.91708
1.48475
2.19602
1.56845
2.47827
1.59326
2.02504
1.33391
1.63995
1.05559
2.0633
1.35289
2.29623
2.11015
2.15238
2.12141
2.58325
2.27972
1.41096
2.01442
2.4677
1.93707
1.31009
2.37559
2.53216
1.90394
1.84051
1.9176
1.78532
4.6679
4.9665
5.52949
4.43303
2.60341
3.12106
1.74205
3.14395
3.06557
2.01311
3.49561
3.1903
2.04272
2.89364
1.30504
2.20457
2.87354
4.11041
2.73412
2.62878
2.32174
4.00121
1.44598
3.03593
1.83149
2.23365
3.23163
3.29068
2.50867
2.23932
1.46732
2.02328
2.47191
1.71082
1.98822
2.78256
2.94905
4.46658
3.54182
3.81274
2.76441
2.0774
2.32679
1.52638
3.5772
2.07958
0.785307
1.16262
3.54611
3.6515
3.4421
2.6276
3.6312
0.655327
2.40075
2.07783
3.17246
2.60834
2.94297
2.3439
2.83598
2.21235
2.32278
2.56058
2.07709
2.51771
2.36968
2.13522
2.13562
2.11324
2.31017
2.47028
2.08739
2.70713
2.3503
2.20401
2.21543
2.86552
1.78964
2.66528
2.40614
1.44732
2.4668
1.83005
3.81978
4.11621
4.91728
3.11833
3.16081
2.49506
3.06758
4.2276
3.41641
3.56613
2.97108
2.84386
3.28724
2.56606
3.95565
3.88957
2.90926
3.2176
3.70425
2.71455
3.62918
3.67808
2.31694
3.34011
1.0748
3.47421
2.369
2.68526
1.87524
1.78197
1.86132
3.41269
2.01031
1.49061
2.11302
2.07857
1.89998
1.58629
2.28239
1.48701
1.64612
1.45014
1.36715
2.1836
1.34182
1.78437
1.19893
2.03947
0.907315
1.04388
1.9818
1.71232
2.2031
2.00636
1.4436
2.0491
1.63618
2.12341
2.11199
1.62028
2.04683
1.55385
1.76111
1.20177
1.93593
2.10394
2.36427
4.37204
1.20325
1.87058
1.16574
2.45848
1.51441
1.45426
1.3995
1.22518
1.50048
1.79408
2.26505
1.85754
2.54816
1.69234
2.84665
2.03244
2.03711
1.88561
2.12404
1.66223
4.58049
1.91535
2.73031
2.15983
1.68515
1.68256
2.11552
1.52835
1.97686
2.47965
2.34752
2.54404
3.161
2.19929
2.13707
1.89805
2.18191
2.35928
2.43896
2.62934
2.81052
1.911
1.54056
1.75095
2.12242
1.66146
2.17361
1.1866
1.79594
1.823
5.70226
3.70536
3.17047
3.79843
4.00832
4.71795
2.99217
3.17517
3.2273
2.02189
2.00871
2.56219
2.17196
2.69098
3.08725
2.11096
2.63869
2.1087
3.08151
2.67905
2.78219
3.4523
2.72573
0.704405
0.730105
0.946761
0.838155
2.77694
2.494
2.39135
0.947043
0.945525
1.00173
2.26901
2.9909
2.66032
3.06507
1.46873
2.9228
2.87286
2.91722
2.15153
2.16154
2.88518
3.05415
3.53086
3.41625
4.60681
3.09976
2.68547
2.44058
3.34489
1.94867
1.34887
1.6143
2.09906
3.37631
3.27239
1.20225
2.90512
2.0289
1.8969
2.04785
2.16937
2.07168
2.23416
2.3025
2.02045
1.7083
1.97281
2.45955
2.45344
4.97589
1.92525
1.86088
2.55716
2.18707
3.30741
3.79611
1.90888
4.35162
2.1657
4.4345
3.52776
3.24478
3.32444
3.86431
2.78948
2.43684
3.37725
2.2358
1.56786
1.74851
1.78087
1.62676
2.00657
2.16436
1.76396
1.15219
1.53971
1.58995
1.93254
1.46353
1.51162
1.41028
1.68873
1.33043
1.44046
2.08317
2.53707
1.96647
1.78961
1.12287
2.60033
1.99194
2.09545
2.49448
2.32058
1.35361
1.03721
3.10632
2.58642
2.86059
1.68423
1.49166
2.47873
3.66553
2.20693
2.35203
4.65645
2.3185
4.60536
5.11809
6.72991
2.43384
4.21881
4.70888
4.06956
3.72065
5.13357
5.66943
6.96303
7.48018
7.70451
9.96047
3.23237
10.9563
8.06635
3.6727
4.2046
3.51819
2.47552
1.91491
2.08966
1.60263
1.75213
1.46183
1.57386
2.19552
1.66405
3.9192
2.34075
1.57949
1.40236
3.41519
1.87617
1.86847
2.72669
1.13312
1.80971
1.79621
1.97726
1.5145
1.79175
2.32311
2.40903
2.10691
1.40013
2.75503
1.44507
1.52746
1.39725
1.05564
2.3004
0.861923
1.23555
0.96009
1.08673
1.13168
1.00336
1.29384
1.29294
1.1441
1.32455
1.22799
1.18272
1.21246
1.9535
1.33085
1.19962
1.01737
1.12505
1.14757
1.04219
1.1813
1.56017
1.23095
2.49931
1.1468
1.28777
1.64535
1.33162
1.30919
1.13828
1.26383
1.3849
1.68096
1.16704
1.24799
1.07073
1.5213
1.22111
1.27195
1.68646
1.46193
2.05607
1.10438
1.50801
2.01478
1.45637
1.18242
1.69536
1.86229
1.33752
1.29451
2.14447
1.29342
1.55686
1.5539
1.49622
1.58671
1.45117
1.65631
1.42431
1.65248
1.40415
1.67275
2.26951
1.45089
1.37993
1.54882
1.24091
1.70191
1.58912
1.25737
1.39603
1.33601
1.31484
1.72111
1.67293
1.80704
1.80387
1.62394
1.4395
1.51591
1.52499
1.74961
1.50248
1.12455
1.4403
0.990226
1.67452
1.68499
1.57917
2.06272
1.29467
1.92951
2.10099
1.70077
1.48947
1.65442
1.86697
2.60927
1.73269
1.77322
2.95697
2.19252
1.62159
2.19992
3.1968
1.84731
3.77571
2.38516
1.70737
1.68049
2.20529
2.40458
2.61984
2.42786
1.52617
2.06764
2.68368
2.34972
2.39625
1.77264
1.5794
2.0128
2.27687
2.43704
2.60167
2.43907
1.98736
3.12497
3.07076
3.4914
3.16654
2.40171
2.40696
3.21404
4.78266
2.69349
2.54486
3.72554
2.99454
2.8216
3.21968
4.31255
1.33039
1.69304
1.13247
0.959283
0.832704
1.06251
1.38367
0.786562
0.992029
1.06701
0.887342
0.698294
1.20626
1.03528
0.789988
0.799058
1.30309
0.621882
0.660078
1.26091
0.707691
0.783939
1.33534
0.637903
0.609276
0.610812
0.802241
0.644962
0.690186
0.578087
0.613568
0.592161
0.634377
0.557219
0.662226
0.790067
0.668993
0.664055
5.64397
2.75851
0.984821
3.26767
9.03801
9.30805
11.9921
13.9665
17.2989
11.7681
14.249
16.3661
9.36936
15.4409
12.8905
14.3835
10.0462
17.5421
15.1242
9.32566
16.8704
7.81572
14.0488
16.8297
16.9856
16.4766
16.9437
17.3981
16.5956
7.9312
14.1933
15.0533
9.86215
17.1937
15.0557
8.90701
10.5285
12.0779
8.64728
7.59121
7.24993
5.96945
4.06924
2.81419
3.06796
2.97647
2.85304
3.11997
2.98362
2.4065
2.34087
2.26702
1.78587
2.85655
2.17631
2.33171
1.86252
2.04299
2.47567
2.41049
1.85629
2.96678
2.12925
2.57837
2.13183
1.98526
2.2849
2.41101
2.51025
1.95292
1.88003
2.82442
2.14972
1.83033
2.02196
1.96404
1.97053
2.57392
2.04725
1.81822
1.77922
1.85189
1.96478
2.13018
2.79996
1.55173
1.82747
2.40058
3.1855
2.01562
2.19736
4.03901
3.39578
2.17674
3.17309
2.89722
1.97998
2.67257
3.95038
2.69457
4.43799
2.57936
2.36524
2.58715
2.20505
1.87495
3.0488
2.42866
3.23944
3.11873
2.29751
2.36146
2.47932
3.45303
2.25734
2.46243
1.95878
1.58476
1.98813
1.37341
2.00324
1.33873
1.23909
1.23013
1.08081
1.38616
1.43246
1.30282
2.31632
1.69651
2.04197
3.07892
1.7177
1.57328
2.14305
2.90489
2.10929
1.18669
1.51787
2.00688
1.23179
1.14934
1.77381
1.44991
1.29354
0.977158
1.59799
1.19004
1.86543
1.27305
2.11339
1.76614
2.27259
2.61905
2.32531
1.90632
1.70069
1.85358
1.85159
2.34971
2.14128
1.91487
1.46687
1.70179
1.37059
1.845
2.65285
1.86457
1.89572
1.80178
2.6561
1.2224
1.80519
1.79771
1.65299
1.45997
1.09976
1.36623
1.68695
3.8892
2.23245
0.793486
0.765592
1.53292
1.85063
2.23485
1.95193
2.19885
2.12284
1.91731
2.02273
1.75847
2.66707
2.61371
2.06225
2.29968
2.2609
2.36116
1.70254
2.40131
2.096
1.70692
2.07444
1.5458
1.90866
3.20021
2.32465
1.78952
1.01113
1.04621
1.36694
2.1531
2.37093
1.52426
1.23371
2.62163
1.44572
2.23953
2.00704
1.7849
2.42771
2.51803
2.51616
1.90584
2.62545
2.1825
1.89181
2.07338
1.65332
1.85946
1.73053
2.07319
1.58398
1.33195
1.20357
1.10306
1.22687
0.914656
0.98115
1.20892
1.25085
1.71978
1.30504
2.574
1.3706
1.31099
1.23143
1.45322
1.43618
1.35307
1.12647
1.48401
1.42283
1.43715
1.61523
1.60318
1.44386
1.39938
1.58998
1.2309
1.08463
1.5725
1.68879
1.75002
2.49468
2.25783
2.20557
1.36932
1.30117
2.47207
1.59613
1.60394
1.25469
1.76486
1.79553
1.65643
1.15373
1.90538
2.23996
1.41426
1.30431
1.30285
1.59747
1.84953
1.59506
1.6769
1.1429
1.38683
1.64719
1.42332
2.3929
1.47843
1.63526
1.62469
1.88324
1.69672
1.4701
1.83567
2.40323
2.22166
1.54142
1.63978
1.52971
1.45217
1.83888
1.55815
1.51983
1.59283
1.86282
1.75743
1.90932
1.86533
1.56209
1.44673
1.28584
1.32976
1.2835
2.26115
2.52566
1.33813
2.21133
1.62265
2.37154
1.795
2.07212
2.15235
1.71947
2.67695
1.7785
1.92302
2.92405
2.68172
1.36669
1.19908
1.30647
2.01561
2.02548
1.72252
1.14997
1.16922
1.23192
1.08206
0.798344
0.735204
1.42483
2.65746
2.95518
2.47939
2.57971
2.8798
1.5573
2.43538
1.14684
2.17147
1.86943
2.32735
2.14154
2.43813
2.25772
1.34592
1.59394
1.66616
0.955912
1.33185
1.43761
1.01609
1.56705
1.84027
1.58742
0.862766
0.929116
0.906465
0.871421
0.801228
2.45229
1.39853
1.38046
1.15754
1.14234
2.45888
2.099
2.83181
2.5705
2.08442
2.1927
2.18604
1.62369
2.3139
1.97674
1.23941
1.08165
2.1552
2.26244
1.91267
2.82844
2.11399
2.21822
2.49304
2.4432
2.95136
2.65291
2.18088
1.97227
2.5509
2.75409
2.26925
1.8663
1.95031
2.43297
2.12167
2.66583
2.12623
2.01874
2.492
2.54594
2.18416
2.69537
2.26302
2.28531
1.85218
2.12329
2.23106
2.74564
2.39062
2.07655
2.61782
2.94441
3.4461
1.96018
2.86708
1.28445
2.19103
1.06579
1.71824
1.4576
1.30939
2.1379
3.66395
2.35587
0.802256
1.94335
0.822849
1.08965
3.65173
2.44271
1.23278
1.20921
2.69454
2.65044
2.19978
1.45147
1.46635
1.45774
2.31809
1.52465
1.23975
1.85202
1.78808
1.90303
1.24261
1.51765
1.14967
1.29814
1.76297
1.43817
2.69487
1.23544
1.11312
1.47101
2.55157
1.70127
2.98032
2.16243
3.32406
1.70393
2.23978
3.65424
5.0296
4.76839
3.5096
2.53961
1.34036
1.82586
2.17521
3.86024
2.74525
3.3003
2.65655
2.02541
3.67809
2.13905
2.52287
2.35778
2.83771
2.43002
2.75624
3.07348
3.08242
2.38984
2.44942
2.31467
1.98943
2.5775
1.98538
1.79577
2.65061
2.35439
2.74488
2.59117
2.53334
1.59576
2.13889
2.0359
2.31055
3.27003
1.76868
1.49299
2.6078
2.76337
1.70092
2.60497
1.66653
2.44724
2.08161
2.23372
2.23285
1.81743
2.95813
2.31436
2.54293
1.54675
1.58066
2.44373
1.52695
2.54562
1.49646
1.14873
1.48698
1.93066
1.98321
1.58671
1.28474
1.77204
2.63708
2.54867
2.23341
2.22737
2.53093
1.58703
1.0183
0.805975
1.98628
1.09432
3.19214
1.23383
2.08199
0.668808
0.79267
1.18635
2.12907
1.42998
1.06966
0.80714
1.45111
2.36393
1.46889
1.72994
1.61598
1.45288
1.29229
1.32577
1.44613
2.51882
2.5827
2.86984
1.74282
0.883864
0.984743
1.33088
0.801223
0.747119
0.992941
0.871258
0.901567
0.989388
0.717318
0.718288
1.58181
0.912528
1.2273
0.974337
0.7402
0.896439
0.948805
0.931191
0.844409
0.988567
0.835012
0.637169
0.655865
0.612014
0.701542
0.675362
0.715806
0.700476
0.874835
1.30973
2.36795
3.05484
2.56863
1.30884
2.65253
1.60556
2.27357
2.58958
2.57914
2.31398
1.30404
2.60858
2.33327
2.63225
1.73243
1.94193
2.00298
2.14581
2.06108
1.86923
3.22417
1.86333
1.88696
2.5427
1.81635
2.53495
1.29234
1.54394
1.6593
1.68004
1.42438
2.79039
1.5217
1.11907
2.24506
1.21782
3.09346
1.06399
1.97127
2.10429
1.20156
1.71594
0.986967
0.67719
0.796136
0.948324
0.95498
0.937386
1.09005
1.13509
0.999757
0.795823
0.76516
0.621921
0.668546
1.38234
1.37537
2.87183
2.58509
1.64365
2.14804
2.0012
1.70026
1.23323
1.78156
1.86155
2.22856
1.92253
2.27279
2.43319
2.9535
2.08312
1.46267
2.40161
2.09384
2.36583
1.83764
2.35476
2.83
1.45578
2.05046
2.28082
1.73205
2.01451
3.05476
2.58547
1.21269
1.24658
2.72214
2.87075
2.60031
2.68803
2.05483
2.91253
1.76087
1.94734
1.9606
2.06374
2.14244
1.57885
1.20673
1.89916
1.49594
2.22503
1.70545
2.29961
1.3308
1.52623
1.47981
1.97291
2.31398
2.04165
2.99224
2.03689
2.35501
2.46879
2.67631
2.1053
2.35973
2.24745
2.27475
2.88617
2.04662
1.36668
2.55788
2.62872
2.86188
2.49887
2.38615
2.19795
1.98266
1.78402
1.63461
3.27586
1.20091
2.63196
3.89195
2.72107
4.59066
4.48518
6.20073
3.57647
3.631
5.34149
1.96347
2.9174
6.42666
2.71192
7.05422
6.08256
2.66357
2.56827
3.34909
1.82473
2.54204
3.59147
2.28004
2.82682
2.84672
4.30865
1.8465
2.68328
2.99693
2.31003
2.2864
2.25675
2.7147
2.55141
2.25564
5.03133
3.59897
0.778879
1.12729
1.35857
2.74859
2.32915
2.40821
2.01023
1.41044
1.87496
1.50762
2.02278
2.2085
1.93792
2.86318
2.16628
2.72677
2.62445
2.67865
2.52581
2.14298
2.89755
1.8063
2.86311
3.20283
1.512
3.11794
1.74548
1.50302
1.7022
1.74014
1.40338
1.13609
1.92709
1.65312
1.832
2.34255
1.23378
1.84327
1.93286
1.86192
2.33556
2.27857
2.21104
2.27363
2.7639
2.77887
3.48947
3.12273
3.15863
3.81217
2.97045
2.33492
3.12593
3.42545
3.44027
3.67745
3.29154
4.09386
3.8228
4.2124
3.49572
3.26744
4.03599
4.4008
3.66055
2.95391
3.51033
2.81441
4.19002
3.84963
4.25022
4.07314
3.34525
2.8909
2.42007
3.64591
3.98934
3.41227
2.89808
3.13601
3.2836
2.05734
2.59657
3.13472
2.38727
2.64807
2.84763
2.13407
2.01953
2.80179
2.24432
2.48136
1.79856
2.16955
2.03967
1.92707
2.51247
1.60002
1.19255
2.68621
1.71182
1.56141
1.4718
1.64643
1.5606
1.2214
2.42351
1.26299
1.59465
1.86414
1.31293
1.22348
1.51265
1.74255
1.42148
1.59381
2.10515
2.06066
1.92327
2.03004
2.60989
1.51023
1.45951
2.63083
2.07396
1.31283
1.5919
1.01053
2.58632
2.04141
1.04792
1.6166
2.08514
1.98252
2.40566
2.52453
2.21697
2.10722
1.90141
2.41035
2.6644
2.76965
2.42795
2.53096
2.05599
2.02365
1.84202
2.14349
2.10467
3.50886
2.73054
1.50933
3.22318
2.41685
1.63018
4.54895
4.03366
2.32432
1.81338
1.24522
3.68331
3.3216
0.691698
0.698995
0.917746
0.644648
0.569419
0.561048
0.508973
0.565381
0.573173
0.590686
0.797495
0.792056
1.67615
1.9156
2.41742
1.56135
2.00843
2.56053
1.95308
1.75691
1.89612
2.09297
1.64651
1.18615
1.76465
1.19264
1.19674
2.52399
1.42098
1.9618
1.70387
2.3471
2.61503
2.67695
2.63422
2.21981
1.5947
2.00706
2.4354
1.99095
1.91073
3.44099
2.14891
1.93488
2.47892
1.56393
2.07509
2.41453
1.80042
2.20022
1.44778
1.32066
1.20023
1.17446
1.58438
2.18962
1.24064
1.05087
1.37154
1.23561
1.65812
1.04294
1.24349
1.04921
0.94119
1.19599
1.20195
1.96426
0.778747
1.38409
1.31374
1.15982
1.08619
1.32905
1.83456
1.36022
1.00053
1.09077
1.32293
1.17798
1.33829
2.64725
2.44714
1.15781
1.23779
1.34525
1.14224
1.4664
1.00733
1.72241
1.58451
1.18079
0.984879
2.70519
2.64853
1.1907
1.09987
1.83238
1.21447
1.75448
1.3515
1.29475
0.945108
1.24216
1.22945
1.39338
1.68369
1.16128
1.80005
1.46635
1.28045
1.16423
1.38711
1.83389
1.15082
1.68134
1.58652
1.47456
0.890728
1.1932
1.69623
1.44314
1.44683
1.81746
1.49699
1.59874
1.32745
1.18123
1.6165
1.64025
1.55449
1.57113
1.2549
1.45599
1.15064
1.29048
1.54599
1.78658
1.33289
1.22215
2.24208
1.96099
1.8185
1.56563
1.91319
2.09716
1.29182
1.71289
2.71957
2.22377
2.2209
2.22527
1.90199
1.72389
1.89106
2.09239
1.83422
2.47789
1.80473
1.84699
2.03388
1.88102
1.55857
2.07773
1.56309
1.77018
1.94825
2.16751
1.93401
1.55683
2.00812
1.73787
1.65059
1.66449
1.88263
1.50578
1.82076
1.68962
1.784
1.99067
2.01456
3.34919
1.55599
1.97789
2.0294
1.57625
1.83861
1.77747
2.08176
2.0672
1.86459
1.79209
2.10081
1.63374
2.38565
2.32723
1.8181
1.97265
1.86701
2.17135
2.31941
2.09031
1.6999
1.99636
1.57613
2.0345
1.98926
1.76613
