0.138389
0.155391
0.0111426
0.118303
0.0501382
0.121437
0.0773951
0.146388
0.0090899
0.0799355
0.129585
0.107369
0.0996192
0.12388
0.120984
0.0478495
0.140374
0.0672233
0.066784
0.0947059
0.210423
0.0808844
0.121017
0.0661148
0.0163203
0.0861737
0.12336
0.146344
0.120368
0.0928776
0.047775
0.112294
0.108555
0.0628064
0.144042
0.129225
0.13404
0.0544979
0.183962
0.162668
0.125454
0.0192802
0.100704
0.116568
0.0707694
0.0970825
0.0593985
0.0579837
0.201444
0.134345
0.163075
0.163685
0.0549779
0.110517
0.0933737
0.0272551
0.0884628
0.0570776
0.141331
0.138319
0.0861118
0.0545799
0.107709
0.144236
0.147179
0.110445
0.117515
0.0733823
0.12792
0.0472386
0.145453
0.0777699
0.118495
0.0673124
0.0952249
0.0514235
0.119732
0.0963887
0.122007
0.138374
0.0405151
0.120958
0.0143985
0.0415547
0.0678991
0.0317586
0.15026
0.113992
0.121187
0.072114
0.171279
0.111251
0.0352117
0.102938
0.0876911
0.0585194
0.197892
0.0226663
0.12731
0.0861922
0.128204
0.104305
0.12125
0.153268
0.0605733
0.122765
0.0773037
0.0849473
0.07935
0.1062
0.129897
0.0777428
0.116833
0.0464275
0.0367076
0.126117
0.0959117
0.183447
0.0875967
0.171254
0.0613924
0.0913281
0.034651
0.146715
0.0930983
0.158802
0.138084
0.158595
0.0318606
0.138516
0.079477
0.0667543
0.0976904
0.107342
0.200224
0.0707671
0.0924729
0.101595
0.139253
0.138873
0.0219521
0.0411329
0.155991
0.159526
0.0491703
0.0850822
0.172829
0.170284
0.0835485
0.112472
0.179364
0.0810702
0.087707
0.0899239
0.126314
0.124938
0.0296535
0.0689074
0.134837
0.0731174
0.0423605
0.0669874
0.120243
0.10296
0.102882
0.155314
0.0791513
0.183638
0.106993
0.102897
0.161671
0.226943
0.055295
0.0921923
0.150891
0.13652
0.152791
0.07865
0.0330575
0.0654246
0.118776
0.124083
0.130937
0.116649
0.0560085
0.0563691
0.0730869
0.230006
0.0652744
0.223384
0.0754998
0.0841795
0.12241
0.0662894
0.157153
0.0907791
0.0730312
0.0577028
0.181187
0.111269
0.140071
0.0186209
0.0592073
0.0942897
0.0744627
0.141385
0.0281821
0.0327282
0.118995
0.157945
0.0348976
0.188567
0.08652
0.0450997
0.0654196
0.139927
0.0846894
0.174589
0.162192
0.137788
0.147205
0.172749
0.0599666
0.0614718
0.00888464
0.137883
0.119954
0.142029
0.12559
0.0649987
0.172027
0.153227
0.158213
0.121202
0.100279
0.104479
0.115928
0.0737797
0.154555
0.0146239
0.0744235
0.0315648
0.133384
0.130301
0.149185
0.11902
0.0403935
0.122003
0.0615532
0.129348
0.128927
0.0344892
0.0322192
0.15747
0.0296701
0.116922
0.0720056
0.135463
0.0411707
0.0497298
0.0913274
0.0748359
0.0477474
0.126932
0.0591086
0.0995522
0.077965
0.151959
0.0747826
0.0413663
0.0711545
0.133834
0.0292864
0.110862
0.0865728
0.0691674
0.0973509
0.108302
0.0389332
0.150877
0.219799
0.0696464
0.150765
0.193042
0.0805281
0.233655
0.165095
0.0446467
0.039549
0.066446
0.19011
0.0805778
0.0403241
0.0918586
0.120396
0.0998193
0.137878
0.128496
0.0309028
0.0717283
0.16185
0.123512
0.0456792
0.0545494
0.110303
0.229515
0.235253
0.147011
0.0427434
0.073464
0.0884622
0.0953657
0.0708169
0.230714
0.134029
0.156983
0.177775
0.0722076
0.0765866
0.0660512
0.131577
0.163721
0.0889294
0.0335091
0.11091
0.0661233
0.122801
0.104172
0.118968
0.0805577
0.054334
0.0847099
0.112909
0.141843
0.134728
0.0936268
0.109037
0.120497
0.164407
0.101692
0.0741261
0.10622
0.0648351
0.0424613
0.209456
0.120703
0.130522
0.165653
0.141547
0.139346
0.106722
0.135492
0.0440445
0.191622
0.0607547
0.13792
0.100351
0.120537
0.0632489
0.0323057
0.0452162
0.125662
0.114469
0.0610325
0.137937
0.0768218
0.11191
0.0973859
0.0737109
0.0854805
0.0429773
0.0528715
0.101853
0.100641
0.0336288
0.145445
0.0728764
0.148272
0.110202
0.117268
0.0478447
0.038324
0.059712
0.126768
0.176149
0.11061
0.207403
0.0721624
0.113787
0.0884001
0.0456485
0.144784
0.0300841
0.0540424
0.121472
0.0221396
0.0430228
0.124798
0.12939
0.122729
0.130941
0.0928349
0.165267
0.125386
0.185427
0.141135
0.0318698
0.148199
0.0504446
0.173588
0.0599342
0.122665
0.0876008
0.062107
0.027571
0.0831088
0.0910938
0.15862
0.153969
0.0584193
0.149352
0.0369714
0.142396
0.127342
0.0277745
0.0436768
0.112558
0.0797016
0.0869
0.0627583
0.0653227
0.0817022
0.0504838
0.129219
0.117435
0.0806573
0.158493
0.101197
0.132611
0.124847
0.0795463
0.110588
0.101683
0.190164
0.164515
0.0894866
0.109999
0.0779425
0.0177925
0.0840005
0.204349
0.0712392
0.0380087
0.142331
0.0864465
0.104405
0.0662487
0.105563
0.072868
0.090105
0.0575925
0.118122
0.0961258
0.0504446
0.0610912
0.032739
0.086344
0.0992819
0.0811463
0.0624974
0.0381031
0.0459519
0.131254
0.0707556
0.0614093
0.0919299
0.0645736
0.11916
0.184464
0.0690466
0.101829
0.119501
0.0531306
0.171441
0.170525
0.138991
0.0666139
0.0753892
0.100131
0.137902
0.144384
0.055515
0.227508
0.058413
0.118507
0.0687222
0.0913872
0.110611
0.113328
0.116549
0.108111
0.0679269
0.0145779
0.132037
0.0573226
0.137219
0.0353425
0.0477721
0.0921176
0.148666
0.128878
0.0483759
0.0428775
0.0379652
0.126506
0.0846448
0.0895444
0.150183
0.147286
0.0906694
0.0722897
0.112822
0.16478
0.0510134
0.0497182
0.0365432
0.110099
0.106074
0.182124
0.0720755
0.064522
0.0550862
0.0186572
0.0184203
0.0939337
0.134354
0.0380255
0.0399123
0.119016
0.138973
0.0711861
0.0441198
0.116522
0.127619
0.168648
0.119334
0.0976427
0.122357
0.0917826
0.0724075
0.174124
0.128186
0.059072
0.13851
0.0434686
0.0333308
0.176164
0.0661139
0.0934713
0.0947168
0.154691
0.139676
0.132342
0.153427
0.107191
0.0557465
0.0748616
0.0451224
0.154461
0.210568
0.145927
0.0322582
0.0594589
0.0969234
0.100064
0.0340721
0.13529
0.0659086
0.0620109
0.0343931
0.123505
0.0911307
0.19397
0.0515086
0.115382
0.0964197
0.0394143
0.200545
0.101712
0.0502434
0.0665765
0.0596008
0.119093
0.0550261
0.097839
0.117418
0.0885823
0.0707623
0.106445
0.127814
0.140931
0.106433
0.0923169
0.0811901
0.106239
0.0775654
0.0699066
0.115173
0.0382717
0.0956144
0.127996
0.103012
0.0330231
0.0726639
0.0945965
0.157024
0.096731
0.0787621
0.0428042
0.0415693
0.143796
0.143812
0.0476707
0.134675
0.0983862
0.0864052
0.114088
0.139638
0.0888606
0.152109
0.0850183
0.121078
0.0649204
0.0796499
0.0943443
0.047325
0.110662
0.0479717
0.0192564
0.0301078
0.0914843
0.145325
0.115008
0.0839928
0.141432
0.0987812
0.109084
0.0962018
0.133712
0.0871002
0.124752
0.0214813
0.0910962
0.140066
0.0895236
0.0574904
0.143945
0.112792
0.0748775
0.0928193
0.0649597
0.172192
0.0599597
0.0190409
0.0198355
0.144083
0.045829
0.0521079
0.128947
0.104287
0.0268547
0.0823551
0.0970061
0.112213
0.0811796
0.0776208
0.1391
0.105092
0.0209382
0.131231
0.0657341
0.127954
0.0683235
0.103436
0.0182893
0.0291421
0.158756
0.132881
0.0855387
0.100925
0.0152255
0.0752389
0.0813131
0.0833321
0.0888486
0.11009
0.117612
0.038622
0.0972518
0.0959909
0.139148
0.139237
0.145284
0.021204
0.118224
0.103902
0.115754
0.0908335
0.0872959
0.166718
0.0729579
0.0674532
0.139859
0.0964383
0.0570827
0.117452
0.103241
0.124675
0.0501304
0.0959537
0.0985762
0.0980658
0.123902
0.0496031
0.136384
0.0496567
0.105219
0.133505
0.075262
0.105887
0.133278
0.056955
0.0989424
0.106006
0.0425905
0.0759701
0.154928
0.146602
0.0448016
0.0729435
0.136987
0.0272317
0.116933
0.221675
0.0544492
0.153845
0.150338
0.079668
0.0566071
0.0791723
0.0333805
0.11244
0.102192
0.0186733
0.125942
0.086001
0.0916723
0.00968188
0.0551611
0.123516
0.142348
0.140081
0.057845
0.122975
0.0475516
0.169312
0.110982
0.10929
0.154554
0.111967
0.102451
0.107774
0.100164
0.0929035
0.0228117
0.0588559
0.0912797
0.120718
