0.00963992
0.0368419
0.116873
1.2663
0.109226
0.0979675
0.00817328
0.188137
0.0288491
1.5604
2.02391
0.2614
0.339925
0.0103798
0.443655
1.53964
0.0380324
0.580412
0.166763
0.0106677
0.577529
0.0335593
0.131466
0.0374287
0.0220242
0.021577
0.668894
0.049765
0.0561457
0.888414
0.241367
0.00972033
0.273635
0.830585
1.27715
0.058645
0.0498553
0.0833716
0.0973188
0.274862
0.50051
0.75147
1.30908
0.645597
1.05513
0.0506645
0.217716
0.325766
0.0310698
0.0105443
0.95862
0.490958
0.0143274
0.807765
0.0966084
0.054755
0.0230633
0.108464
0.118215
1.97811
2.52155
0.00907667
0.02713
0.0160642
0.336386
0.0502356
0.0294164
0.0188279
0.398725
0.0172322
0.464063
0.0623802
0.0328759
0.0250983
0.018529
0.00495377
0.0271507
0.756751
0.0358612
0.0403683
0.0147481
0.0870887
0.0562929
0.878701
0.0319157
0.443656
0.11313
0.053766
0.0477799
0.0877201
0.0405804
0.0401776
0.131529
0.112224
0.0696772
0.0374832
2.24116
0.0184252
0.0371478
0.105352
0.013591
0.0252186
0.104976
0.03765
0.0770024
0.0399758
0.0191779
0.730309
0.0367834
0.128951
0.2455
0.0184564
0.0652755
0.0766927
1.35197
0.0201595
0.0284971
0.0242012
0.0333561
0.0116437
0.0371536
0.0147068
0.209874
0.176515
0.173443
0.0500058
0.66936
0.0206827
0.158271
0.403956
0.06737
1.07409
0.198572
0.0321974
0.360766
0.0326525
0.287748
0.0273553
2.34777
0.7887
0.117429
0.0509275
0.0312327
0.03652
0.0266027
0.152269
1.1665
0.0212132
0.0783124
0.677226
0.0286062
0.0246828
0.276751
0.0281682
0.108454
3.28023
0.104348
1.35406
0.0763308
0.0333473
0.070007
0.653924
0.0377607
0.0286782
0.0342719
1.52409
0.0489002
0.23633
0.0257034
1.37136
0.0495483
0.0693146
0.826464
0.367702
0.59167
3.44264
0.990138
0.0316792
0.066938
1.08165
0.040776
0.611676
0.293052
0.0470022
2.53023
0.0624031
0.0326101
0.305163
0.582807
0.0431948
3.19173
0.022792
0.184558
2.31911
0.0421704
0.164918
1.3284
1.41369
0.462724
0.0657021
2.45302
0.743801
3.27393
0.440514
0.100074
0.830651
0.017399
0.0305364
0.346197
0.0324698
1.10779
0.213557
0.173296
0.131599
0.0569755
0.906323
0.402978
0.2534
0.634148
0.74897
0.0262466
1.32498
2.10319
0.302662
0.138298
0.0708688
0.707552
0.237559
1.03028
0.0421459
0.518312
0.0676549
0.956576
0.123581
0.110175
0.473505
0.739823
0.0374401
0.0400034
0.519491
0.549038
0.0385121
0.0126921
0.0360462
0.0602333
0.0335693
0.0316951
0.0253249
0.0240114
0.0175817
0.0267044
0.0669225
0.0132675
0.0327695
0.0373909
0.0495482
0.0421641
0.0217386
0.0326422
0.0394421
0.0317386
0.0607249
0.00931954
0.0671933
0.0669888
0.00670758
0.0532032
0.0404515
0.0458231
0.0397997
0.023855
0.0319948
0.0160217
1.04924
0.0128378
0.0037909
0.0230583
0.00976275
0.0469605
0.0120432
0.0217291
0.0320463
0.0670709
0.196293
0.0371564
0.449348
1.1486
0.0221981
0.0850961
0.0474659
0.365103
0.0514563
0.0424045
0.509041
0.399642
1.28476
0.063598
0.0719186
0.171107
0.0398807
0.658813
0.0685783
0.0141022
0.290976
0.0406852
0.123966
0.914738
0.222082
1.33487
0.137809
0.490974
0.839169
0.358916
0.022811
0.0480784
1.52912
0.0400198
0.301252
0.14849
1.1034
0.0253551
1.9661
0.0372753
0.0724449
0.808904
0.10478
0.105569
0.0525089
0.209278
0.0381039
0.052369
1.83368
0.0160718
0.978047
0.0522973
4.29934
0.0562895
0.437027
0.0231542
0.0885617
0.0711714
0.60896
0.06138
0.0268229
1.18261
0.0856897
2.34375
0.0224603
2.53834
1.08012
0.0749254
0.0362656
0.239228
1.92266
0.0233128
0.318329
0.860016
0.00924972
1.05113
0.0574404
0.0328447
0.0506512
0.0806378
0.251833
2.97419
0.0196525
0.365973
0.0247944
0.0268983
0.0237091
0.0628372
0.145907
2.20155
0.0522335
0.999732
0.286129
4.40508
1.18773
0.286332
0.0148547
0.0460596
0.505621
0.667184
0.983384
0.065606
2.48916
0.147219
0.057089
0.146336
0.0195634
0.0350513
0.522414
0.096424
1.03118
0.014738
0.0546333
0.728121
0.0353618
0.0471772
1.07511
0.119341
3.14696
0.204802
0.546746
1.14242
1.83616
0.115347
1.00046
0.115781
0.292186
0.866155
0.625924
0.0158444
1.11612
1.9601
0.0931137
0.0722225
0.601597
1.16418
0.224037
0.0457427
2.12413
1.74703
0.0298911
0.0391823
0.0409704
0.0658502
0.454474
0.048182
0.124967
0.140551
0.0855388
0.0291086
0.0403123
0.112733
0.130046
0.119602
0.657604
0.0194182
0.0601121
0.0518288
0.108406
0.111347
1.39564
0.641646
0.0596917
3.67817
0.0293557
0.0648573
1.98322
0.0403564
0.419144
0.108791
0.0134624
0.0700811
0.0163906
2.42796
0.0746904
1.60939
0.114947
2.55161
1.20955
0.0717531
0.630443
0.0769029
0.110386
0.0848474
0.0252649
0.0200788
0.0457027
0.0157983
0.155229
0.0833658
1.05403
0.860781
0.0858838
0.0522025
0.0836397
0.208279
0.0650058
0.0300931
0.157537
0.0765172
1.21897
0.0331199
0.369518
0.119332
0.379073
0.317753
0.965108
0.0332263
0.0269428
0.197411
0.0416655
0.096373
0.0119803
0.315704
0.0513057
0.321016
0.0724443
0.945024
0.679257
0.753432
0.0576301
0.33285
0.22446
0.0376278
0.0622227
0.0320634
0.0443664
0.0551485
0.157095
0.0871272
0.117975
0.563477
0.101304
0.0506786
0.203293
0.0556574
0.0457582
1.49609
0.00942411
0.0536501
0.0392292
0.141504
0.0704777
0.040258
0.0958746
0.0738321
0.086771
0.0764487
0.0266289
0.0793085
0.098744
0.108856
0.0888905
0.0565444
0.0741573
0.0696341
0.0891395
0.0128778
0.0389087
0.08405
0.0570929
0.0152575
0.10534
0.0295138
0.0127214
0.0217156
2.08626
0.0160022
0.115661
0.103564
0.0680398
0.090077
0.288843
0.479225
0.0238276
0.509183
0.0255014
0.472328
0.15309
0.0504882
0.087872
0.0743424
0.042805
0.012217
0.0281613
0.0720192
0.0498235
0.0294369
0.0235128
0.145368
0.0625571
0.0201912
0.0291301
0.0282733
0.0428584
0.0314974
0.0460519
0.0477131
0.0249452
0.0289903
0.0286707
0.0213811
0.0584452
0.048935
0.0465286
0.0905881
0.0581456
0.0243989
0.0347599
0.0603156
0.0741425
0.02784
0.0328905
0.0246856
0.0761866
0.0588978
0.0255037
0.0520249
0.0459574
0.0225046
0.0347008
0.0228161
0.0169806
0.0133822
0.0427022
0.0575812
0.0422867
0.0263271
1.7545
0.0267642
0.826357
0.0463537
0.071052
0.0276158
0.0147783
0.0477208
0.0171067
0.0405505
0.0151808
0.0388661
0.0168401
0.00865575
0.0238509
0.475745
0.0242481
0.0353886
0.0423642
0.0253204
0.0387419
0.0452241
0.0606932
0.0434994
0.0210251
0.128282
0.0337132
0.0223448
0.711109
0.0288936
0.0319466
0.0205927
0.0235033
0.0158745
0.0778919
0.0433995
0.0359595
0.0683463
0.0606145
0.0120695
0.0370932
0.0246065
0.041741
0.0176967
0.0229195
0.0432929
0.0270064
0.056315
0.0542648
0.0405774
0.0396622
0.0205622
0.0389484
2.55182
0.316179
0.428883
0.718114
1.11605
0.280911
0.0139365
2.36849
3.60204
0.673221
2.83318
0.158391
0.047858
0.0493147
0.0606517
0.136922
0.0153135
0.0715791
0.569142
0.052332
0.0281099
0.0579938
0.0271173
0.00328425
0.123203
0.0519684
1.20186
0.0702094
0.0834988
0.0166643
0.186571
0.0349484
1.60257
0.0618467
0.0346436
0.0252055
0.0280725
0.025209
0.042598
0.0189214
0.903126
0.319331
0.0591506
0.0205858
0.882526
0.0439966
0.0382387
0.327558
0.013161
0.0434625
0.151321
1.08501
0.0683348
0.0321285
0.513496
0.0245131
0.0344701
0.039615
0.0185146
1.32084
0.0302124
0.0220268
0.249156
0.0204579
0.580358
0.0415758
0.0121133
0.0554518
0.0400228
0.0344663
0.0586359
0.0185253
0.0444638
0.0323577
0.021221
0.908111
0.0193505
0.0906421
0.125308
0.0106251
2.19183
1.1097
0.874988
0.328192
0.0259128
0.0615672
0.0477345
0.0551279
0.0853857
0.0691578
0.0344196
1.47696
0.0296824
0.791849
0.0350662
0.0657743
0.0151619
0.0315852
1.6889
0.0489893
0.0300598
0.0695126
0.0340338
2.03827
0.534717
0.222738
0.0328062
0.0504649
1.03787
0.420553
0.0345547
0.0515226
0.063636
0.0423686
0.230241
1.40212
0.127758
0.032622
0.0358969
2.28481
0.130939
0.0157892
0.0400277
0.022742
0.378488
0.0566735
0.0470979
0.235832
2.22469
0.695227
0.44044
0.0532514
0.0404642
0.0702637
0.0848972
0.0602191
0.412974
0.0151059
0.0234127
0.0524273
0.0389605
0.0620231
0.582339
0.443676
0.0356408
0.778191
0.485652
0.0323706
0.184212
0.0287036
0.292779
0.0533974
0.0215583
0.337427
0.0651202
0.0565425
0.465293
1.08434
0.692355
0.231712
0.919564
1.00584
0.0493326
0.439468
0.129817
0.813944
0.0321244
0.411635
0.07404
0.0235374
0.0269678
1.37829
0.0461729
0.0611308
0.0206801
0.0467863
0.0314134
0.0274358
0.0881633
0.0646027
0.0556886
0.327185
0.0910191
0.190105
1.23831
0.0501745
0.0634297
0.044695
0.0546712
0.0139525
1.30713
0.0382851
0.0371367
1.87586
0.0557225
0.457275
0.0413896
0.774533
0.0716014
0.0707119
0.286202
0.0418985
0.0640564
0.0885569
0.0618312
0.624227
0.0288781
0.0622105
0.0136132
0.440775
0.0429757
0.55449
0.272935
0.0677535
0.0298427
0.0282338
0.0577611
1.23131
0.10399
0.0682374
0.107237
0.0245224
0.0887292
0.0664522
0.0647519
0.0580375
0.0301737
0.0574419
0.808359
0.0545544
0.0243958
0.412002
2.10918
0.754634
2.33988
0.0383858
0.0237764
0.0402765
0.00944627
0.0193072
0.023394
0.0492095
0.115038
0.0330906
0.0823525
0.0249584
0.0399708
0.625612
0.705725
1.93206
0.740372
0.11199
0.0358356
0.105268
0.106608
0.0256519
2.33704
0.0479379
0.0871886
0.0654793
1.25444
0.0259265
0.0395082
0.0475521
0.0336758
0.127621
0.663402
0.0417441
0.350733
2.0331
0.0415596
0.0216168
3.37651
2.0951
0.772456
1.40074
0.0478955
1.48905
0.0715116
0.203089
0.0809304
0.30024
3.513
0.0911456
0.125763
0.0452864
0.817161
0.575256
0.0188644
0.103386
0.248814
0.115225
1.48917
0.218778
0.00297688
0.553621
0.555489
0.0837798
0.0767779
1.09559
0.0474643
0.0438777
0.428107
0.0909683
0.0782894
0.0265797
0.0437378
0.149559
0.0526449
0.56243
0.1228
0.132924
0.196583
0.569653
0.0559229
0.102373
0.0631504
0.0255866
0.0335227
0.0546967
1.23402
0.0419364
0.115417
0.223893
0.025913
0.926321
0.220081
0.0188695
0.0187883
0.0675856
1.11443
0.0253005
0.0680596
0.447281
0.019519
0.101466
0.0799572
0.217871
0.0123457
0.0306824
0.171969
0.0190543
0.00698637
0.0881534
0.544811
0.0487775
0.079093
0.0498393
1.98726
0.0349234
0.432623
0.981878
0.0432043
0.111386
0.0181881
0.075884
0.0583988
0.0823989
0.619204
1.09316
0.345683
0.0546002
0.036526
0.0413618
0.0357979
0.0421479
0.0251888
0.725097
0.104833
0.081938
0.650388
0.0414933
0.0111571
0.0148376
0.615708
0.160599
0.246001
0.0605273
0.106207
0.297229
0.0168805
0.0178688
1.16024
0.0135136
0.0552969
0.573867
3.15868
0.0251435
0.0236019
0.0739842
0.0299408
0.550391
0.0151703
0.260736
0.0102512
0.0257058
0.0212
0.413776
0.00762695
0.371534
0.0202565
0.00748066
0.17206
0.108565
0.0633017
0.0484102
0.598234
0.0401756
0.273144
0.0299516
0.0764374
0.0493537
0.0184952
0.218076
0.0483472
0.111872
0.0242538
0.0263106
0.722375
0.163449
0.0754264
2.47123
0.0917327
0.196475
0.401112
0.00358555
0.0270438
0.172213
0.0200899
0.116903
0.020206
0.013567
0.246861
0.0547575
0.0435305
0.077642
0.0294758
0.0137051
0.0625065
0.0783754
0.0435439
0.012314
0.0312946
0.0287641
0.30807
0.0218513
0.0341841
0.74054
0.0730643
0.0142958
0.0284613
0.0201345
0.0493577
0.0559209
0.106553
0.0624201
0.0350273
0.0572321
0.0231569
0.0192959
0.0301104
0.0589082
0.030331
0.0163923
0.04865
0.0283143
0.00916571
0.826008
0.0811315
0.0219374
0.0207398
0.0230124
0.0322935
0.0545064
0.0464041
0.124576
0.0410683
0.0448506
0.059979
0.0220029
0.0464622
0.0708486
0.0806517
0.0140241
0.0320778
0.148605
0.0146848
0.0986048
0.353092
0.0338058
0.961545
0.0787582
0.481219
0.0155906
0.0978137
0.0462987
0.0102676
0.121
0.23901
0.0505082
0.0567996
0.0330642
0.180319
0.309982
1.27435
0.214062
0.183
0.0395037
0.0430662
0.0576182
0.0356532
0.0119216
0.262314
2.17847
4.01961
0.186589
0.176611
0.0296663
0.0324085
1.77364
0.390346
1.5259
0.551193
0.0582068
0.0310387
0.0889283
0.00608816
0.0458915
0.0269184
0.0537271
0.0104398
0.0979779
0.0548389
0.0643434
0.0577181
0.166624
1.06623
0.0343015
0.0236001
0.009683
0.0305937
2.44958
0.1956
0.0142256
0.106033
2.04256
2.23989
0.0820958
0.0141324
0.041497
0.0337389
0.0357955
0.0225532
0.899252
0.0568157
0.940573
0.0472252
0.041274
0.0449105
0.0235216
0.101029
0.397856
0.00661689
0.177365
0.0821613
0.024174
0.0616606
0.129857
0.0181133
0.0503626
0.0421157
0.0334471
2.90507
0.689731
0.524378
0.025921
0.0386363
0.815944
2.09176
0.460983
0.0718851
0.0340952
0.0382565
0.0927051
0.333633
1.02507
0.0227581
0.360838
0.115551
0.0130992
1.47464
0.809978
5.77375
0.0108363
0.283105
0.0106409
2.49789
0.42101
1.19767
0.444249
0.162305
0.421424
0.702052
0.691121
0.403193
0.20529
0.0338381
0.221608
0.104061
0.330454
0.479587
2.12486
0.510057
0.0290682
0.807353
2.55252
0.0257385
0.409736
0.202227
1.5476
1.51029
0.0228343
0.157511
0.723875
0.155423
0.0308806
0.0356525
0.829268
0.255661
0.0560765
0.0271484
0.00879052
0.0150809
0.0643693
0.318324
0.0626008
0.284339
0.0814699
0.0475884
1.93816
0.314362
0.454068
0.00984288
3.27951
0.230607
0.517154
0.149305
3.09282
0.688429
0.125068
0.0551342
0.757597
0.0415435
0.573016
3.34119
0.0540281
0.257551
1.57165
0.069051
1.47068
0.0606893
0.035488
0.0310876
0.021842
0.0465217
0.0513371
1.47252
0.00877297
0.0637447
0.0180107
0.0405882
1.26883
0.0422543
0.0361775
0.114332
1.65969
1.12783
0.0303463
0.0186469
0.031972
0.410962
0.0645681
0.467949
0.910273
0.781416
0.0677728
0.121971
0.714345
0.0765132
0.0651002
3.30219
0.0284159
3.77806
0.731409
0.0335311
0.161158
0.355874
0.0611527
0.127191
0.0286362
1.11564
0.0567556
0.114568
1.71883
0.182662
0.0244481
0.0153419
0.439005
4.67124
0.600979
0.0831317
0.00994785
0.270432
1.16766
0.575944
0.0211449
0.0186086
0.496147
0.0531172
0.111817
0.847535
0.0882756
3.87154
0.00656069
0.0321886
0.0394333
0.423117
0.329099
0.0889453
0.0970823
0.140207
0.0133752
0.0322879
0.0383337
0.0432112
0.283153
0.0168756
1.45992
1.8199
0.744599
1.22893
0.0368044
0.318653
0.0202574
0.834904
0.463044
1.14491
0.0364092
0.263135
1.13789
2.156
0.503001
0.00464201
0.330636
0.0126224
1.11832
0.061794
2.32695
0.630011
0.448715
1.72204
0.0593207
0.0388325
0.350264
0.171055
1.90365
0.0309485
0.321916
1.45104
0.406503
1.15333
0.767107
1.47351
0.080527
0.0423996
0.00981871
1.75005
0.0198787
0.281292
0.379068
0.227728
0.038254
0.0757323
1.57864
1.46741
0.0369683
0.045893
0.311982
0.420167
0.0179044
0.59085
1.74071
0.157646
0.659356
0.050181
0.0675483
0.311178
1.40164
0.0578238
0.355849
2.27103
0.222999
1.01488
0.0566946
0.122756
1.17811
1.98496
0.0385399
0.00755855
0.0429896
0.120459
2.75903
0.163748
0.780466
2.09213
0.200768
0.442139
0.0267795
3.27981
0.510177
0.0285878
0.308989
0.00252538
0.0537218
0.0865487
0.020813
0.0243391
0.0519294
0.0472466
0.0176601
0.0123575
0.0123737
0.0381187
0.0692892
0.0463963
0.0183229
0.0891455
0.0366849
0.100795
0.019289
0.0310984
0.0193933
0.0159562
0.0416325
0.0754776
0.0489003
0.0576412
0.0530639
0.0331512
0.577579
0.0790541
0.0490677
0.128635
0.528058
0.0579936
0.0690828
0.138769
0.181545
0.21535
1.46713
0.104718
0.045947
0.114476
0.741344
0.0337492
0.0245992
0.0440501
0.308173
0.337001
0.0959704
0.480124
0.00879041
0.304444
0.426906
0.0903023
0.245913
0.0946601
2.07451
0.0222621
0.136145
0.0532564
0.0591775
0.0962865
0.0146825
0.0787613
0.0342426
0.0619372
0.0361529
0.235778
0.270817
0.00792741
0.0363919
0.036221
0.0229212
0.0282746
0.0298708
0.0906851
0.133818
0.0285882
0.357887
0.116694
0.149993
0.0375011
0.0258699
2.13014
1.52617
0.454396
0.406065
0.0627532
0.0671776
0.0985843
0.0187833
0.454429
0.149485
0.0610148
0.0392251
0.0395946
0.177038
0.0594491
3.60391
0.742808
0.0367901
0.393931
0.0507345
0.0231014
0.0578779
0.142077
0.48468
0.0367577
0.542133
0.555259
0.0321105
0.0163223
0.0141496
0.103472
0.0882978
0.0350302
0.0470916
0.0432837
0.0529334
0.022091
0.192743
0.0245632
0.400968
0.543984
0.012702
0.0443648
0.131414
0.0397297
1.75001
0.100801
0.0324411
0.0828186
0.0472346
0.0083556
0.122605
0.0637389
0.156132
0.0647753
0.0274104
0.017731
0.0593561
0.0223069
0.0759753
0.0964975
0.0391472
0.0503392
0.0170984
1.62638
0.0609329
0.0437651
0.0449423
1.11317
0.0567662
0.349871
0.0832755
0.123478
0.102866
0.0732966
0.0388605
0.0609927
0.0242453
0.0711634
0.0728917
0.0516372
0.0557719
0.0441075
0.0380044
0.0777471
0.019189
0.371617
0.529418
0.0215322
0.0476636
0.0274059
0.0555568
0.527753
0.0697607
0.0715934
0.967156
0.0215072
0.0316854
0.136557
0.0469343
0.0430206
0.0494032
0.0221306
0.0244205
0.0658451
0.0869364
0.0266859
0.0303805
0.0368605
0.0622041
0.0131879
0.0151472
0.0558352
0.0252959
0.0531479
0.0631283
1.19698
0.0417346
0.0582115
0.0434492
0.0186327
0.0448227
0.0822627
0.00658158
0.0191273
0.45258
0.0640333
0.120097
0.0384662
0.00862016
0.0588391
0.0274197
0.0803835
0.107706
0.0836088
0.0398334
0.0378628
0.0738672
0.0185785
0.105009
0.00122416
0.064529
0.0223365
0.0234809
0.0498466
0.0289192
0.0587736
0.0517629
0.151143
0.156202
0.048819
0.395229
0.0559287
0.0671663
0.457418
1.16527
0.0449696
0.0461155
0.0528033
0.0625781
0.01647
0.848764
0.0238757
0.0633336
3.31286
0.0378112
0.0609258
0.119028
0.0532028
0.0898359
0.0301164
0.0388431
0.0298121
0.0661264
0.0239898
0.0528443
0.0123346
0.033821
0.0426302
0.0478395
0.443106
0.0239894
0.0117129
0.0388519
0.014092
1.44999
0.0219084
0.0497037
0.0546529
0.0269723
0.020592
0.0417015
0.030184
0.010543
0.0902551
0.0156556
0.0298531
0.0517833
0.0213754
0.0237259
0.0363103
0.0238645
0.0435598
0.0573966
0.0216058
0.0393286
0.0331472
0.0226707
0.182707
0.0182455
0.0304732
0.0197357
0.0200345
0.0461632
0.0124386
0.0346898
0.00149722
0.0457825
0.0356629
0.0199457
0.0415506
0.0410741
0.0178287
0.0370703
0.0234703
0.019862
0.0577744
0.0395914
0.056965
0.0448381
0.0355615
0.0750289
0.0804131
0.0258323
0.0243201
0.0125455
0.06612
0.0868167
0.0492146
0.056524
0.0361696
0.0787176
0.0474311
0.0102608
0.0271456
0.0566141
0.0194407
0.0466436
0.0219799
0.0242453
0.0289633
0.0409651
0.0513674
0.013729
0.0485914
0.0356997
1.69735
0.0359885
0.0227732
0.0454921
0.0347253
0.054664
0.0173795
0.0661496
0.0133156
0.0584499
0.014392
0.0334027
0.0292242
0.0517597
0.0387194
0.0503597
0.0171755
0.0161929
0.0307337
0.0110954
0.0294971
0.0335575
0.00439915
0.0384458
0.0266854
0.00605927
0.234865
0.475414
0.734317
0.022992
0.0377534
0.0204036
0.101642
0.0204082
0.202487
0.0128082
0.0215104
0.0919586
0.0432296
0.267208
0.249533
0.0587006
0.268399
0.303951
0.0457045
1.20312
0.210188
0.0676691
0.165109
0.0608334
0.0524424
1.05777
0.067712
0.0201821
0.0279881
0.0820202
2.81321
0.0574892
0.0146481
0.233747
0.0242127
0.158612
0.0228471
0.198436
0.765485
0.030381
0.0336178
0.0681979
0.0607497
0.0538711
0.0875757
0.122774
0.328918
0.0378784
0.0734404
0.0278148
1.56766
0.0384536
0.0374737
0.03166
0.0276312
0.0232166
0.0186508
0.0140612
0.0241437
0.022862
0.033353
0.542329
0.0120697
0.019345
0.0190797
0.0308697
1.06624
0.0103211
0.724323
0.0296627
0.0192785
0.0166148
0.0139626
0.0400723
0.0323677
0.720133
0.0495461
0.0272094
0.0154449
1.02814
0.0309804
0.0330186
1.10011
0.0237417
0.189027
0.0367871
0.0175015
0.0191297
0.439043
0.0112736
0.0362078
0.0122143
0.0188046
0.0239183
0.0157101
0.0133924
0.0240778
0.134199
0.665092
0.0165824
0.0563914
0.0196891
0.626192
0.00936479
0.538557
0.158933
0.0701545
0.0389592
0.0185751
0.148697
0.0337635
0.965713
0.0494305
0.147426
0.0431094
0.0243087
0.00803572
0.025787
0.0404963
0.0424146
0.0357862
0.0264601
0.328052
0.457562
0.0471095
0.0321188
1.34567
0.0820703
0.94251
0.0334034
0.125027
0.0287356
0.0704913
0.0262976
0.104722
0.0435142
1.47541
1.34561
0.0585607
0.0626002
0.0218233
0.643718
0.0235408
0.0138292
0.0517132
0.0398194
0.0147303
0.0521315
0.0293124
0.235054
0.0659728
0.0581282
0.0586933
0.034225
0.0650355
0.0282204
0.0661999
0.105009
0.0406937
0.0667757
0.0199422
0.0169635
0.0222942
0.739642
0.159749
0.580024
0.00976798
0.100601
0.0268122
0.0287794
0.0494727
0.083668
0.92643
0.0297883
0.395524
0.224173
0.0979252
0.446379
0.1061
0.0340724
0.0213851
0.0194344
0.00967653
0.430985
0.0913057
0.0743237
0.0154355
0.0264609
0.0415515
0.15436
0.052502
0.326826
0.00786924
0.14471
0.716102
0.0265752
0.0396509
0.0449117
0.0385709
0.132234
0.0073861
1.65157
0.0568044
0.0442298
0.0376001
0.0824885
0.79055
0.0164068
0.0773004
0.0287602
0.05788
0.0276092
0.0458544
0.0608334
0.0201605
0.0482778
0.0201278
0.0285044
0.00720341
0.0271357
0.0324254
0.0787715
0.322674
0.147624
0.241576
0.0931645
0.0804107
0.0238195
0.0549758
1.85114
0.265463
0.0143088
0.043334
0.00728654
0.0385633
0.0235484
0.013818
0.00910689
0.0301207
0.0155598
0.0950887
0.0169089
0.137757
1.11218
0.882841
0.0431358
0.030367
0.0509366
0.299889
0.048512
0.0729502
0.0380794
0.0669645
0.23567
0.014853
0.375954
0.053523
0.0267375
0.222256
0.112171
0.563588
0.360483
0.543037
0.363925
0.0459631
0.100951
0.222369
0.0380967
0.864786
0.593751
0.060327
0.0287531
0.0589578
0.210499
0.0809564
0.12982
0.0167952
0.240029
0.0419343
0.213555
0.48049
0.0468809
0.0302104
0.12146
0.0264109
0.0137931
0.0207233
0.0894534
0.181323
0.0392673
0.0472989
0.117163
0.0429704
0.173085
0.333093
0.0145146
1.13916
0.145395
0.349393
0.0239743
0.0282034
0.199761
0.0629273
0.254597
2.33794
0.514141
0.030442
0.106815
0.0173829
0.117651
0.0185821
0.489101
0.0089223
0.0260825
0.40961
0.0574314
0.166302
1.1706
1.88611
0.333956
0.282488
0.0479593
0.132538
0.0260817
0.0472756
0.0683766
1.29919
0.042597
0.0570701
0.0865018
0.194589
0.305895
0.0670667
0.0336048
0.0212094
0.480533
0.792991
0.0159076
0.278923
0.0515259
0.0995389
0.0938277
0.0337293
0.13052
0.0395095
0.527827
0.139255
0.0291631
0.661908
0.0507409
0.0808133
0.0412898
0.0588099
0.0123117
0.0189268
0.0213901
0.0564704
0.0175663
0.0751497
0.0501725
0.0314433
0.0863857
0.0365232
0.0911615
0.0315019
3.1862
0.573589
0.255184
0.01029
0.0169182
0.662001
0.0696457
4.74271
0.0960698
5.30412
0.0341567
0.0252315
0.0677286
0.0724544
0.0288789
0.119703
0.0416623
0.403781
0.014986
0.0426788
0.217103
0.0764247
0.0284557
0.0966381
0.0690201
0.0670324
0.0558202
0.0618166
0.141434
0.0396513
0.0355407
0.0633031
0.0333497
0.0395974
0.0256139
0.0211441
0.0382467
0.481826
0.0383677
0.04837
0.0467818
0.0236416
0.0380483
0.0141165
0.0225481
0.0465034
0.0367275
0.0444752
0.0434602
0.017282
0.00977226
0.0484598
0.0430723
2.71349
0.494764
0.0702032
0.136025
0.029963
1.7571
0.27223
0.0208567
0.128423
0.0435839
0.804464
0.105903
0.527963
0.0208491
3.30123
0.114383
0.246578
0.343604
0.0366705
0.193875
0.0236051
0.206554
1.44201
0.0130938
0.0452342
0.567552
0.0437089
0.0304963
0.0643766
0.0519889
1.07483
0.138934
0.103231
0.899287
0.116576
0.13546
0.575508
0.0565063
0.333198
0.270358
0.0340269
2.2116
0.117888
0.0178173
0.0293334
0.785188
0.0130854
0.0427351
0.2118
0.0244953
0.0440281
0.018551
0.0127561
0.0589656
0.0453663
0.0443907
0.047382
0.119033
0.863424
0.0305367
0.0399295
0.0356617
0.00607004
0.0338533
0.0501045
0.0149867
0.03879
0.0134364
0.0509432
0.0548741
0.0466889
0.02281
0.018125
0.108671
0.035252
0.0510441
0.106568
0.0190727
0.0237517
0.0123556
0.0389431
0.037271
0.00604952
0.0203102
0.0516786
0.0452691
0.0174254
0.0210539
0.0260609
0.755476
0.0161542
0.149654
1.14885
0.0183393
0.207443
0.0279732
0.177144
0.104585
0.0382126
0.0322493
0.0605659
0.0754392
0.0326233
0.0331081
0.114552
0.705414
0.0408159
0.0357235
0.0122974
0.00600557
0.018652
2.15924
0.0959723
0.0545897
0.0140089
0.137016
0.0342653
0.0215874
0.032994
0.0370767
0.0371008
0.0565525
0.900668
0.0226714
0.0348454
0.0190689
0.00737201
0.0309166
0.00315702
0.0167293
0.0800885
0.0329552
0.058242
0.823115
0.0953154
2.15524
0.0284978
0.0707748
0.0356215
0.0373989
0.0342886
0.0333892
0.0119489
0.0578128
0.0422662
0.0181687
0.0169154
0.0799133
0.0289082
0.0670053
0.0470604
0.00621086
0.0347298
0.0116648
0.034552
0.03855
0.0181876
0.0234329
0.0535697
0.0384207
0.0354745
0.0239531
0.0286987
0.00519486
0.0624228
0.0535608
0.0364863
0.0146527
0.0491408
0.0559755
0.0186966
0.0282086
0.0204761
0.0248176
0.0645429
0.161484
0.048233
0.0268631
0.0270654
0.0214194
0.0948941
0.0361919
0.0458339
0.0240332
0.0158292
0.024213
2.25257
0.00912536
0.0389182
0.0447502
0.0220017
0.0114052
0.0720082
0.0732695
0.0796875
0.00723648
0.0248885
0.0143454
0.109189
0.0344328
0.0352365
0.0189236
0.0832402
0.0264373
0.829877
0.0405828
0.0668619
0.056703
0.0220409
0.403301
0.0771072
0.0355396
0.0298021
0.0205106
0.0573967
0.702459
0.0345938
0.793564
0.0256975
0.933881
0.0199738
0.0131066
0.0622267
0.0346904
0.027519
1.31825
0.0331537
0.0227979
0.0447517
0.0125822
0.085693
0.0548232
0.0475651
0.0254457
0.0236948
0.0339464
0.0161301
0.0440667
0.0160492
0.0781762
0.0167045
0.0417312
0.00906789
0.0804965
0.473928
0.0816485
0.772229
0.0109948
0.0392617
0.0540997
0.0175989
0.0241034
0.0752683
0.0343021
0.0750429
0.0498831
0.0432572
0.0171189
0.0185283
0.0854596
0.0191267
0.0228001
0.038116
1.46471
0.0158261
0.0391328
0.135696
0.0384306
0.328024
0.0278227
0.0506395
0.152983
0.0111981
0.037245
0.548784
0.130241
0.0587816
0.0685552
0.0954336
0.00981206
0.0246399
0.0770788
0.189748
0.908902
0.0104778
0.100344
0.0214413
0.0629753
0.0371365
2.11238
0.0165393
0.0455021
0.0119861
0.127473
0.0239047
0.017509
0.0189919
0.0357271
0.184062
0.0163369
0.285875
0.0279089
0.0433784
0.225798
0.0471559
0.096866
0.0546877
0.096578
0.114996
0.0358821
0.0683968
0.100238
0.050752
0.0890482
0.408779
0.16824
0.0291842
0.0972462
1.79503
0.0931311
0.0408897
1.30244
2.86397
0.0652307
0.708549
0.0622013
0.0835838
0.0398044
0.0335489
0.0606426
0.505228
0.242311
0.131293
0.134054
2.17626
0.0429114
0.0905615
0.0368633
0.186078
0.0868951
0.806135
0.0628333
0.107719
1.80736
0.238021
0.12962
0.0303837
0.281778
0.355179
0.21312
0.0323627
0.032595
0.0657611
0.682109
0.0531268
0.0570657
0.114252
0.0818107
1.01148
0.0319225
0.0359886
0.040771
0.0364302
0.055313
0.03719
0.890045
0.194402
0.1207
0.119041
0.0530542
0.0855577
0.0933897
0.017403
0.0615851
0.0158394
0.0785047
0.0224779
0.0324855
0.0767463
0.0393686
0.0302714
0.312256
0.0583642
0.154184
0.103683
0.0548798
0.746037
0.0776941
0.0227489
0.032212
0.0195138
0.014146
0.0436492
0.039057
0.0437259
0.0206332
0.0557959
0.0193268
0.0660572
0.0898267
0.0444762
0.367029
0.0362926
0.0503135
0.0333794
0.0373508
0.023705
0.035012
0.0916493
0.0209509
0.122333
0.043698
0.0712919
0.0254124
0.126558
0.234606
0.0525087
0.0190437
0.029949
0.326146
0.0641278
0.0284051
0.0373529
0.0344445
0.0399861
0.0223211
0.00288124
0.0381115
0.0649903
0.0237573
0.0239607
0.0367975
0.0401897
0.0295699
0.0216879
0.0256848
0.0600585
0.0105682
0.062285
0.0494487
0.0637377
0.0930593
0.0266037
0.0323386
0.0498607
0.057172
0.00780118
0.0868862
0.0331101
0.0981466
0.0275997
0.0275896
0.0381891
0.0604844
0.0151275
0.0537831
0.0511703
0.0410384
0.0421311
0.0410947
0.036837
0.0873092
0.0109732
0.0285985
0.0225499
0.0568308
0.0720434
0.0333653
0.0327677
0.0433115
0.0287853
0.0290409
0.0153838
0.0424881
0.0537005
0.0183389
0.0326117
0.0518954
0.0167884
0.0197786
0.0318556
0.0212214
0.0462097
0.0581202
0.0101555
0.0323954
0.0403081
0.0214703
0.0236064
0.0346694
0.0220463
0.0273156
0.0498203
0.0875126
0.0823454
0.044291
0.6049
0.0286474
0.0364052
0.154337
0.0415058
0.0614483
0.0150956
0.0292833
0.799221
0.0520605
0.0107463
0.0330964
0.0304019
0.0355461
0.949759
0.0251561
0.0178298
0.0449566
0.0724905
0.0461661
0.0704077
0.0760795
0.0922143
0.198439
0.0146245
0.0218161
0.0315784
0.0185914
0.0122978
0.0269584
0.0141974
0.0292198
0.0543357
0.0185065
0.0162253
0.0726854
0.0391882
0.0160838
0.11389
0.0118573
0.0807383
0.0855663
0.0276111
0.0437465
0.035244
0.0265691
0.0141847
0.0352876
0.0465143
0.0278856
0.0274536
0.0348761
0.0395501
0.0224972
0.0323071
0.0140304
0.0180245
0.0409213
1.53606
0.0161344
0.0100523
0.0767622
0.023855
0.0250879
0.0204385
0.269638
0.0250465
0.0331027
1.32491
0.0253254
0.0118659
0.0285888
0.0161062
0.0122285
0.105536
0.0198941
0.0308616
0.0849041
0.0223204
0.0949068
0.133406
0.0553382
0.118482
0.0334494
0.0116248
0.0224889
0.0208874
0.0312156
0.0562272
0.0181296
0.0451541
0.0248957
0.0121974
0.0137655
0.0153442
0.0250643
0.0386487
0.0988234
0.0422739
0.014259
0.105377
0.0721388
0.040737
0.0101248
0.026323
0.121402
0.0151475
0.0284877
0.0453686
0.0488293
0.0403701
0.0241304
0.0265428
0.0383057
0.0153559
0.0418677
0.133991
0.0214954
0.0864593
0.0224697
0.0437536
0.0495117
0.00790982
0.0186739
0.0349998
0.0583452
0.701078
0.165325
0.0924736
0.0245363
0.0263695
0.0319741
0.0461707
0.0828985
0.209645
0.0213328
0.070909
0.0772914
0.0375587
0.0857617
0.0820932
0.0491441
0.0470535
0.0251081
0.0594607
0.0893165
0.0757161
0.0337215
0.0354141
0.0157458
0.0231239
0.103974
0.087882
0.205691
0.019872
0.0334559
0.0121281
0.0520547
0.0290238
0.0226984
0.0388374
0.0249485
0.0997254
0.116135
0.0204191
0.134192
0.0200211
0.11217
0.045578
0.0420311
0.0504105
0.0391733
0.0525558
0.195057
0.0461485
0.0803345
0.059358
0.113999
0.0504937
0.0854189
0.165394
0.0187964
0.042619
0.0440205
0.156256
0.629926
0.0194715
0.0364579
0.172816
0.219272
0.490258
0.0122425
0.173485
0.164046
0.0385549
0.235767
0.0937389
0.250283
0.018872
0.0106338
1.21652
0.146744
0.654662
0.102302
0.0438657
0.229983
1.69534
0.0218515
0.0361261
0.0322887
0.081674
0.610762
1.51154
0.018126
0.736633
0.380895
2.6094
0.0477849
0.0518056
0.0268345
0.051843
1.55139
0.0369409
0.0542673
0.0305295
0.0733767
0.0500013
0.0652599
0.035962
0.0110854
0.500134
0.18833
0.651023
0.124687
0.502369
0.0712244
0.106325
0.102962
0.838531
1.15204
0.0304164
1.47898
0.85968
0.173703
0.0298339
0.71328
0.0553165
0.0218294
0.0381306
0.0585515
0.0421943
2.49703
0.101782
1.22306
0.684446
0.0366751
0.0508381
0.233931
0.0470705
0.850623
0.0692121
1.38525
1.04603
0.0780809
0.011064
0.0358012
0.213947
0.247468
0.0655552
0.044824
0.0378871
0.040804
0.0243027
0.10281
0.121961
0.0338509
0.248716
0.0133847
0.0557393
1.60142
0.532606
0.0725309
0.476568
0.0177716
0.0172524
0.0353618
0.399639
0.0237694
0.237363
0.109127
0.0177565
0.0510406
1.57653
0.271017
0.0340649
0.0151482
0.0603979
0.0393936
0.0216868
0.154552
0.0351847
0.418101
0.0352212
0.174652
0.0568012
0.0428146
0.0509093
0.586131
0.051197
0.0267134
0.0520425
0.032104
0.0510896
0.0424301
0.776871
0.0425127
0.0723821
0.0134519
0.0490668
0.0208676
0.030609
0.0575035
0.0749699
0.0467009
0.0792654
0.0861902
0.218547
0.0921355
0.891172
0.105523
0.330969
0.0123095
0.0451201
0.0598518
0.324432
1.09708
0.0234425
0.072713
0.419163
0.0247933
0.0439156
0.0348334
0.665123
4.53581
0.0700652
0.610225
3.47923
0.0814425
0.943105
0.528603
0.0775694
0.221285
0.0366144
0.0248913
0.0156671
0.039204
0.0492425
0.0233482
0.0453855
0.194424
0.229492
0.0247062
0.329801
0.119372
0.0980941
0.224206
0.0270423
0.755565
0.0793833
0.298435
2.82176
0.102429
1.15751
0.0361295
0.0937391
0.104861
0.0719618
0.701594
0.147352
0.130827
0.0427789
0.380999
0.0558771
0.915512
0.117443
0.0504011
0.0909285
0.0386687
0.0507883
0.197654
0.318018
0.0334615
0.0331293
0.0520279
0.116243
0.456021
0.0103552
0.0452165
1.71501
0.124316
0.235462
0.239897
0.0423693
0.0744384
0.0259784
0.0383062
1.36973
0.00588659
0.959696
0.0392829
0.0483611
0.0155779
0.030866
0.0166542
0.0371917
0.146185
0.0659148
0.0771423
0.0564162
0.0288491
0.0145225
0.0455666
0.541964
0.0400877
0.0564937
0.749145
0.415661
0.0077253
1.20489
0.0271162
0.134504
0.0618983
0.0347411
0.03069
0.0427452
0.0454067
0.0290383
0.0318736
0.041061
0.0764344
0.0339286
0.0111923
0.0381108
0.0121345
0.0590835
0.938525
0.0598417
0.0454077
0.844522
0.878584
0.169698
0.380749
3.11987
0.423699
0.0162326
0.0531332
0.0321593
0.844753
1.85009
0.894014
0.0797471
0.292731
0.0308581
0.581733
0.330445
0.0171687
1.92413
0.142976
0.50296
1.01285
0.0198596
0.0760437
0.124753
0.818548
0.939624
0.630893
0.112705
0.432591
0.663312
0.549669
0.0474753
0.0662561
0.0130262
1.46479
0.00965644
0.0332504
0.030849
0.0107143
0.597499
3.30168
0.590013
0.0369064
0.0314713
0.0278841
0.014025
0.030152
0.0356924
0.0262972
0.0278289
0.0214537
0.0160632
0.0254766
0.848079
0.0362813
0.0405311
0.0285436
0.632983
0.0206217
0.120715
0.0523702
0.0683416
0.0107951
0.0127004
0.0116497
0.0260723
0.0376625
0.0225
0.0131679
0.0971522
0.0530462
0.0224023
0.0241985
0.0215535
0.02711
0.0108611
0.793429
0.165381
0.03543
1.72047
0.0622281
0.01873
0.0149153
0.0109714
2.27065
0.355939
0.0646682
0.198416
0.130599
1.44011
1.81786
1.06069
0.0346202
0.060755
0.0612296
0.319778
0.0195918
0.0451549
1.41426
2.13719
0.0931235
0.745088
0.207708
1.77798
0.0212882
0.0399898
0.0524531
0.0434254
0.0122989
0.0904603
1.06996
0.793886
0.0209841
1.80597
0.194658
0.0339244
0.0110915
0.0198825
0.0132744
0.0278164
0.0513977
1.5567
0.0331082
0.00973593
0.0259644
0.0151613
0.696564
0.959082
0.015916
0.0136392
0.0812149
0.0201213
0.0668459
0.110494
0.0366877
0.0676359
0.0238377
0.18935
0.0489808
1.50887
0.0370807
0.315516
0.0129929
0.260619
0.00645066
0.0127457
0.756068
0.59052
0.0167068
0.676422
0.480903
0.661009
0.334871
0.648126
0.0685211
0.526246
0.00526879
0.160663
0.0575208
0.00892419
0.230144
0.807254
0.064017
0.0543541
2.93682
1.56265
0.344755
0.0385795
0.10356
0.045934
0.00897203
1.14076
1.13405
0.0329758
0.501027
0.0260474
0.183738
0.0409876
0.96087
0.0232347
0.0168029
0.0222961
0.0266093
1.6291
0.365765
0.0121143
0.882188
1.31411
0.0223613
0.0956374
0.0655502
0.158896
0.171245
0.0376403
0.0966483
0.0210934
2.0661
3.20625
0.357124
0.488818
0.0128081
1.03646
2.14795
0.236606
0.0476957
0.0436058
0.0113763
3.24222
0.0436374
0.974512
0.0366057
0.0280586
0.0738579
0.0374089
0.0399193
0.0402784
0.0307113
0.501184
0.117
0.450324
0.0746968
0.0374714
0.0201213
0.675987
0.0900242
0.157114
0.125075
0.0540952
2.37223
2.52023
0.0417889
0.0610963
0.0765044
0.124302
0.123088
0.0230352
0.0660368
0.0533456
0.0494768
0.0295755
0.236288
0.0221016
0.0229303
0.230373
0.0473533
0.301551
0.0487784
0.0635304
0.0307886
0.0524343
1.00023
0.0399124
0.0387566
0.0370514
0.0171053
0.0291355
0.0432681
0.0233651
0.0922786
0.0448433
0.132079
0.116239
0.0249174
2.06565
3.1437
0.165332
0.137745
0.751898
0.787311
0.0488741
2.56736
0.645269
0.0839514
0.0268315
0.0505468
0.0913138
0.0086772
1.56594
0.021065
0.16075
0.0829918
0.0539152
0.755073
0.0545747
0.0834671
1.88081
0.161393
0.0790997
0.0184899
0.0368895
0.0188713
0.0518963
0.0432021
0.115515
0.0348685
0.0183879
0.0469248
0.0185449
0.0154406
0.523974
0.0188613
0.0280595
2.56051
0.0845647
0.0264204
0.167518
0.0055006
0.0405887
0.0462663
0.214781
0.0729915
0.0867287
0.0682272
0.262406
0.592792
0.196102
0.0765791
0.0169299
0.798539
0.0172228
0.0509765
0.105821
0.0928965
0.418435
1.26023
1.42142
0.0297839
0.0625706
0.0149781
0.0581562
0.061018
0.0275653
0.0234573
0.0405863
0.03642
0.0649738
0.0205537
0.0748901
0.0526485
0.0452326
0.167587
0.0166871
0.112006
1.10489
0.0218373
0.0257129
0.333438
0.0459989
0.0260916
0.0712116
0.0933053
0.0107765
0.0231964
0.0428212
0.261973
0.0600939
0.0501345
0.0321551
0.030845
0.0159931
0.0415082
0.0847192
0.119061
0.0395051
0.0295384
0.0125019
0.0248227
0.0146632
0.0679072
0.0589066
0.0391943
0.0682842
0.0385334
0.023483
0.0343472
0.0458705
0.0505716
0.07204
0.0198097
0.0448386
0.0374924
0.0172267
0.0172009
0.0146709
0.015153
0.0876025
0.025267
0.0203551
0.0359401
0.042843
0.0210741
0.026318
0.0178871
0.0153108
0.0400023
0.0344586
0.0357056
0.0719034
0.00874769
0.0194004
0.0208729
0.0156104
0.0489806
0.0477048
0.050724
0.0307695
0.00950537
0.0120785
0.0586842
0.0258345
0.0166755
0.071167
0.0560708
0.0386488
0.0305698
0.039615
0.0348878
0.0239297
0.0827941
0.0158464
0.0615518
2.36684
0.0120223
0.0202794
0.0423963
0.0146102
0.01177
0.0517049
0.0499074
0.0554953
0.0249822
0.0656755
0.0196897
0.0437937
0.0201279
0.0479561
0.0416825
0.043154
0.0213993
0.0240313
0.0391386
0.0328149
0.0479958
0.0286304
0.0252657
0.0246167
0.0259002
0.0181199
0.0359638
0.0160286
0.0418669
0.0401845
0.030608
0.0366572
0.019265
0.0169718
0.0392696
0.0239797
0.0448802
0.0109004
0.805003
0.0118732
0.0156785
0.0434945
0.030101
0.0177639
0.0162178
0.00998125
0.0115956
0.050246
0.512655
0.031427
0.0306809
0.0348629
0.11089
0.0262755
0.0368661
0.0731965
0.0112555
0.0375831
0.0550159
0.0489947
0.0417758
0.00891805
0.0426319
0.0543045
0.0289024
0.0497546
0.0258481
0.013656
0.03242
0.0181222
0.190577
0.0119096
0.0573708
0.0755737
0.0792966
0.0653861
0.0661433
0.190554
0.00935293
0.0238977
0.0331406
0.0535178
0.0428047
1.59045
0.685072
0.0529101
0.204889
0.0634293
0.059172
0.0364009
0.320412
0.0222907
1.85277
0.829325
0.010686
0.116502
0.112347
0.772327
0.136147
0.219846
0.715982
4.48701
0.065568
0.422198
0.239648
1.34524
0.147936
0.0296415
0.381897
0.0160321
0.145501
0.816959
0.684372
3.11686
0.0352382
0.0208145
1.53897
1.1056
0.823066
0.129116
0.971988
0.0454646
7.2221
0.0541566
0.834431
0.0180434
0.0817025
0.0135322
0.0103852
0.0212304
0.0177105
0.0444017
0.0258334
0.0364635
0.0403875
0.0417896
0.0258334
0.034082
1.93231
0.0326583
0.210828
0.0458074
0.0525638
0.0308653
0.0157832
0.948289
0.0852478
0.0256444
0.0393744
0.0333752
1.10773
0.0219863
0.0348337
3.11289
0.0292729
0.550879
0.0317122
0.00707557
0.113305
0.167447
0.0319885
0.0305401
0.0301828
0.0587432
0.272042
0.032991
0.0385755
0.00731525
0.0224872
0.0189323
0.0222979
0.0384303
0.0347634
0.701104
0.0323829
0.0343273
0.0975391
0.0443568
0.0156432
1.84128
0.0169736
0.0288658
1.48895
0.0190835
0.0500177
0.0409061
1.15536
0.220638
0.0567487
0.0252915
0.0182041
0.0353175
0.0468042
0.0773392
0.0509879
0.0275171
0.421021
0.234732
0.0229105
0.0906026
0.197705
0.0157676
0.00882929
0.121715
0.0976856
0.0394932
0.177876
0.023938
0.0734169
0.11721
0.565422
0.0264113
0.0364392
0.774357
0.657656
0.00912422
0.0582533
0.061454
0.0289833
1.68928
0.0331662
0.283827
0.0907267
0.0206819
0.034519
0.108204
0.726479
0.0657043
0.179112
0.105616
0.0172667
0.0599281
1.12711
0.14565
2.45259
0.526032
0.123196
1.19951
0.0236005
0.0691001
0.033457
0.139926
0.510318
0.186702
0.808564
1.15963
0.0241896
0.262017
3.08092
0.219258
4.11531
0.495309
0.965207
0.0336204
0.048682
0.0313164
1.7776
0.0265531
0.0425966
0.0628116
1.72252
2.10933
0.0713708
0.151401
0.0211425
1.07702
0.0335331
3.51287
0.125271
0.266816
0.088538
0.0513077
0.0540349
0.25455
0.0278054
0.241256
1.68374
0.116288
0.1207
0.0244717
0.0283544
1.69961
0.277681
0.493717
0.02342
0.26243
0.253938
0.0158364
0.549163
4.17765
0.201682
0.466737
0.44628
2.01174
0.154131
0.394634
0.0574844
0.0207365
0.103921
0.992991
1.45377
0.387047
1.74586
0.0297989
2.08327
0.215139
0.552457
0.0285684
1.91478
0.0513867
1.19211
0.0217184
0.502481
1.13556
0.0633375
0.39688
0.678924
0.0273987
1.91155
0.785833
0.621768
0.334033
0.0314825
0.0385591
3.66402
1.06655
0.0267463
1.5855
0.0461234
0.082808
0.0179928
0.0371769
0.06024
0.0372304
0.0812268
0.0248228
0.270011
1.04134
2.08493
0.0314072
0.990636
0.331737
0.0292225
0.0403973
0.0363199
0.0486327
0.0569998
0.0791688
0.451133
0.0623128
0.0787212
2.51372
0.420939
0.181873
0.0361145
0.20991
0.0249979
0.0153563
0.0391165
0.0678663
0.0331936
0.0976965
1.12852
0.0169024
0.0149663
0.0415779
0.0378645
0.0704946
0.0705122
0.994685
0.116964
0.0358562
0.0175859
0.0719385
0.295854
0.0398886
0.113832
0.0480921
0.0402481
0.0355471
0.0337821
0.0311672
0.0350674
1.08282
0.042046
1.07772
0.861323
0.101536
0.122346
0.0447985
0.0436542
0.0491524
4.55432
0.0277916
0.109494
0.277336
0.0616835
0.058735
0.346651
0.0873186
0.0722495
0.0386402
1.19413
0.0402806
0.250723
0.0438866
0.0257968
0.14927
0.144498
0.0496969
0.0337171
0.0208173
1.59794
0.575744
0.536363
0.875743
0.0147338
0.0679423
0.0320331
3.38811
0.049192
0.594475
0.0787648
0.00533341
0.094624
0.0307568
0.0277821
0.0214024
0.0380435
0.0216891
0.080538
0.0221063
0.4624
2.36086
0.26443
0.0242175
1.4782
0.0603547
0.278618
0.139462
3.28098
0.0160999
1.09737
0.0135883
1.47587
0.449895
2.20869
0.0661201
0.0257567
3.25679
1.45456
0.0167241
1.03788
0.882419
1.35166
0.618791
0.038242
0.00666793
0.0756348
0.0497033
0.0154757
0.1386
0.0268224
0.380521
1.06168
2.57144
0.0268059
0.0368279
2.02075
0.845378
0.203952
1.34275
1.18928
0.0361035
1.68357
0.367052
0.0162587
0.0480742
1.97964
1.11124
0.689507
0.124781
0.0181044
0.0333115
0.0420309
0.0146406
2.05523
0.0374273
2.18409
1.29798
0.0264618
0.056207
0.0534126
0.0480346
0.0456409
0.0233413
0.0488208
0.173745
0.0713192
0.0248888
0.228056
0.121958
2.30453
0.0665808
0.525754
0.968591
0.0401222
0.526407
0.0283481
1.41903
0.0360096
0.0423925
0.0802116
0.978362
0.208172
0.0149855
0.369783
0.0678609
0.0163357
0.0294387
0.0674167
1.99193
0.239231
0.0501259
0.0423136
0.0254295
0.0421385
0.248493
0.0393133
0.014252
0.675022
3.84983
0.161582
2.68
0.0444039
0.0307321
0.145077
0.195347
0.0422589
3.36772
1.48624
0.0166669
0.118964
0.114529
0.0549985
0.0293694
0.953222
1.73735
0.590632
0.542209
0.0153986
0.118454
0.0341929
0.0659856
0.0533325
1.78522
0.0479792
0.264661
2.22089
0.0459994
0.0627563
0.0553556
0.0672625
0.986105
0.382582
0.0392924
0.048452
0.380637
0.0289166
0.0212479
0.0128333
0.0286862
0.0513974
0.00930933
0.0176342
1.44465
0.767991
0.0635347
0.0138817
0.0317821
0.0119208
0.0571582
0.0556188
0.0240963
1.37378
0.0455023
0.1885
2.77454
0.146351
2.50415
0.322966
3.23368
0.0329986
0.326741
0.0234117
0.0522768
0.119268
0.0786796
0.0405551
0.0117875
0.53862
0.0861283
0.154536
0.186059
2.91416
0.0367719
0.0327644
0.0534111
0.246336
0.195718
0.0816868
0.030789
0.0314442
0.769764
0.667054
0.0178746
4.21564
0.0590398
0.024689
0.409498
0.308862
0.729096
0.0421667
0.867334
0.88039
0.0570759
0.478472
0.0365499
0.0344704
0.149624
0.132942
0.405833
0.0362534
0.0517874
1.21128
0.571494
2.67366
0.361894
0.083618
0.0242874
0.0583477
0.18783
0.0288085
0.512906
0.0184166
0.0538
0.0224089
0.255321
0.023227
0.0174424
0.840035
1.03737
0.0161888
0.801847
0.0301136
0.298145
2.36702
0.591927
1.14702
0.0495952
1.51352
0.0211369
0.342112
0.736633
0.930817
0.0187147
0.0482425
0.018531
0.604043
0.220862
1.13875
0.278974
0.167177
0.210866
0.0136504
0.0744859
0.0342306
0.164102
0.0685139
2.34997
0.172892
0.0486323
1.37929
0.852405
0.0375137
0.0412682
0.0392079
0.0143991
0.0526822
0.207854
1.22324
0.0639837
0.0325536
0.0149669
2.13234
0.050396
3.62049
0.0642904
0.205741
0.0716426
0.0933912
0.467282
0.0795733
2.72589
0.65546
0.0486227
2.48562
0.0350462
0.197912
0.630718
4.16742
0.0303172
0.42841
0.799954
2.59574
1.78968
0.0704792
3.28606
0.0297503
0.0865155
0.0240855
0.789807
0.0142608
0.0182337
1.59553
0.178844
0.0514313
0.0820475
0.0361204
2.07354
0.0611842
0.0200233
3.11239
0.452888
0.051032
0.276972
0.849069
0.0340641
0.0601593
2.93059
3.0671
2.07646
0.0243097
3.89205
0.032606
0.0853306
0.903167
4.34057
0.55844
1.49381
0.321711
0.066487
0.048714
0.589038
0.0616738
0.0284088
0.00996713
0.0240338
1.58412
0.0379961
0.0287342
0.378792
0.303863
2.97421
1.94202
0.0367694
0.330403
1.46391
0.430934
0.0403014
0.0174105
0.492227
0.0681589
1.02057
0.0819016
0.0551477
0.62703
0.0278452
0.059726
0.773635
0.0599541
1.0526
0.816131
0.0281217
0.171564
0.0496498
0.124961
0.023642
0.0563837
0.012243
0.0169207
0.0306023
0.968726
0.0365805
1.24837
0.0154032
0.018144
0.026267
0.026116
1.35873
0.161052
0.201024
0.456333
0.0286861
2.79402
0.552503
0.0341415
0.0809396
0.0486876
0.0939857
0.0894175
0.0366093
0.0428417
1.34721
0.0852445
0.84614
0.328961
1.33592
0.611872
0.117279
0.0654021
0.0418535
0.124203
0.378346
0.0683873
0.0853702
0.0308016
0.92175
0.941037
0.0276454
0.030539
0.783362
0.607517
1.15753
0.0166978
0.0610377
0.10034
0.0387923
0.181278
0.166815
0.0348525
0.718047
0.800236
0.0392788
1.02618
0.0675753
0.551669
0.0115233
0.169859
0.0271403
0.635178
0.278234
0.88514
0.161305
0.115039
0.859573
0.0323385
0.57792
0.045588
0.0249731
0.0944379
0.0159071
0.0157162
0.157477
0.0408523
0.934301
0.1666
0.030466
0.139021
0.0609569
0.0228027
0.12805
0.0696551
0.0406608
0.036469
0.125716
0.111191
0.0139712
0.0542057
0.0670185
0.0641487
0.195417
0.0195127
0.0649411
0.0563694
0.0246243
1.88154
0.0665736
0.509874
1.28656
0.0388429
0.0472597
0.145339
0.0336031
0.153177
0.0570066
0.0295889
0.693316
0.0591652
0.77056
0.148367
0.0321794
0.0193466
0.038428
0.181081
0.148792
0.710673
0.519534
0.0426162
0.0185781
0.0198166
0.0177217
0.0196381
0.437636
0.0496177
1.03861
0.0531075
0.0356885
0.11062
0.0374031
0.350807
0.0362756
0.0144778
0.149412
0.235672
0.0278391
0.532411
0.0361877
0.0322351
0.0326317
0.0265601
0.0933044
0.0280669
0.0470642
0.111783
0.0230218
0.0124559
0.0381346
0.0127279
0.0121603
0.0573488
0.029496
0.0533912
0.040214
0.0626566
0.0409814
0.0653666
0.0387396
0.0670845
0.0687686
0.0607021
0.0466936
0.0120328
0.056298
0.0358979
0.0323725
0.0308058
0.0409373
0.0280628
0.0456991
0.0330542
0.0532233
0.0191675
0.0362467
0.0291391
0.0260685
0.0401962
0.0476198
0.0150518
0.0231467
0.0350692
0.0166605
0.0461606
0.00793732
0.0220401
0.0551849
0.0713597
0.0299363
0.0586851
0.0287062
0.016131
0.0230056
0.324694
0.047503
0.0456429
0.0887341
0.142754
0.0815952
0.0851694
0.0139032
0.361449
0.032128
0.0114351
0.0155101
0.0674436
0.0188182
0.0281052
0.49857
0.0622464
0.0132694
0.44407
0.0349032
0.0273079
0.0264854
0.373184
0.0425615
0.00650597
0.0994593
0.105608
0.0295121
0.418879
2.1735
0.0307952
0.11401
0.0257229
0.0208379
0.129699
0.0124061
0.0257623
0.0652561
0.0626237
0.0121685
0.730859
0.0679635
0.0229081
0.0546196
1.83745
0.528571
0.0699957
0.0137632
0.693181
0.0529819
0.0936893
0.0316442
0.0451555
0.030351
0.0177652
0.58211
0.0131955
0.843195
0.090556
1.49187
0.964868
0.0379846
0.0141593
0.0221241
1.34229
0.655422
0.0253894
1.00677
0.0104524
0.0119947
0.0233337
0.0315441
0.0257678
0.122662
0.130632
0.0397991
0.0190416
0.0282199
0.0161307
1.30911
0.0753792
0.0294313
1.13628
0.0532193
0.0238775
0.859122
0.196759
0.0171252
0.396003
0.0331873
0.0186324
0.012963
0.0568935
0.0540514
0.167896
0.0993265
0.0428633
0.0319351
0.0370241
0.861944
0.0534917
0.170909
0.052222
1.26308
0.050331
1.82595
0.0146661
0.034953
0.0351439
0.0805336
0.0184852
2.22287
0.0199719
0.373918
0.0165639
0.0676271
0.105169
1.22011
0.105584
1.12627
0.0380519
0.0259004
0.555378
1.23021
0.0563562
0.0158269
0.110742
0.921928
0.0288181
0.36031
0.0666895
1.58808
0.0421803
0.0248523
1.31528
0.0613726
0.0474947
0.457875
0.0682264
0.106923
0.0744713
0.0252981
0.0888681
0.0527508
0.112959
0.601049
0.0395342
0.623873
0.0348205
0.348686
0.269935
0.0737815
0.028672
0.378171
0.00765195
0.123078
0.0234596
0.319919
0.0399379
0.107014
0.0280523
1.78714
0.0666164
0.0299898
0.266262
0.114955
0.115537
0.0706702
0.995173
0.0936311
0.117079
0.366187
0.0891266
0.232109
0.0222911
0.130206
0.726654
0.0354318
1.52678
0.956596
0.0736967
0.0215835
0.351584
0.0581425
0.844448
0.0468156
0.0244967
0.0215844
0.0129253
0.0578157
0.0139046
0.0687459
0.0517831
0.046809
0.0248234
0.0991573
0.0752846
0.0205589
0.567198
0.659395
0.0209167
0.0717235
0.275179
1.09933
2.22762
0.146941
0.0218324
0.324553
0.0501929
0.0265201
0.0649401
0.05211
0.0212029
0.10682
1.13556
0.468796
0.00861347
0.117943
0.689
0.0444928
0.0365265
0.0215841
0.02448
0.0188957
0.080063
0.0468049
0.0652579
1.25778
0.0121757
0.0843387
0.593
0.00729231
0.042564
0.0579387
0.035701
0.0495944
0.0120795
0.0414025
0.016011
0.00911291
0.0311271
0.0186015
0.0147092
0.0318991
0.1681
0.0528896
2.7667
0.0138594
0.0968889
0.0413495
0.0348934
0.034163
0.115557
0.0310519
0.0379411
0.0369647
0.197742
0.0910024
0.00498789
0.00624462
0.0234977
0.0444517
0.0551522
0.0323066
0.0260858
3.11873
0.00535553
0.0419871
0.0540679
0.0360538
0.0228901
0.0386221
0.00958674
0.0188033
0.133569
0.0340559
0.0215428
0.037408
0.0169117
0.0143239
0.0786364
0.0675014
0.0354739
0.0428763
0.0982187
0.0163562
0.0184155
0.00359178
0.0515856
0.0239003
0.0118558
0.0448555
0.0249347
0.0513543
0.0114679
0.0520348
0.0446487
0.00969967
0.0952102
0.0418751
0.0205232
0.014738
0.029215
1.38193
0.0244267
0.0675943
0.252858
0.0186095
0.0197736
0.0372756
0.0387768
0.0599713
1.29255
0.198602
0.0383655
0.0518284
1.84476
0.0254107
0.0403083
0.0232302
0.036618
0.0159882
0.0202073
0.363457
0.0400074
0.0330875
0.0215437
0.0543611
1.57632
0.0387373
1.37783
0.0283329
2.09831
0.0809646
0.104374
0.0263564
0.0238551
0.0438414
0.0116121
0.0351346
0.0183152
0.026794
0.0248623
0.0295493
0.0534964
0.0323273
0.0661362
0.0350694
0.0232708
0.0693342
0.0287107
0.0250804
0.279836
0.0453227
0.891443
0.0239246
0.38429
0.0157331
0.0272792
0.0268093
0.0441673
0.0415596
0.02419
0.0793502
0.078591
0.0174535
0.0210704
0.0126908
0.0592965
0.0313424
0.0466692
0.0191415
0.0404372
0.0428882
0.0327523
0.033555
0.0873583
0.0535302
0.0711807
0.0419345
0.0224547
0.850008
0.0770122
0.00371036
0.0361961
0.0350765
0.0340406
0.0209181
0.0404833
0.0373522
0.793592
0.199553
0.0235638
0.047017
0.0956896
0.0311281
0.0521625
0.0162847
0.0845845
0.0363745
0.0667858
0.10227
0.276542
0.117921
0.0313782
0.184157
0.024256
0.709596
0.0650772
0.0414054
0.0403831
0.0690867
0.0340682
0.0260032
0.0202988
0.0177262
0.0476436
0.0404294
0.0416576
1.01243
0.00832531
0.0692552
0.027575
0.0548168
0.0494051
0.0318713
0.282418
0.0214264
0.257665
0.0578314
0.0138488
0.020453
0.0298962
0.0586057
0.0382344
0.0567905
0.0388251
0.0445886
0.0259392
0.0550047
0.0361793
0.0542678
0.0375683
0.0386909
0.105347
0.0361599
0.801764
0.664734
0.0361977
0.290683
0.0172133
0.0664321
0.0217438
0.253604
0.0616049
0.024697
0.0170593
0.0381975
0.00720851
0.736346
0.0313879
0.0311978
0.2237
0.00660068
0.098442
0.0264106
0.0248733
0.798935
1.82767
2.93061
0.0750678
0.424322
0.0314387
0.0282776
0.130884
0.0272475
0.104305
0.00438676
0.0195162
0.0187783
0.0132071
0.0177865
0.0792348
0.0898644
0.0345441
0.0662003
3.16275
0.467484
0.0928976
0.433144
0.0224609
0.286756
0.0926348
0.0267565
0.033017
0.0290618
0.0724101
0.0317512
0.0246148
0.0283039
0.958965
0.122148
0.16557
0.0936852
0.0340694
0.416916
0.0867289
1.01015
0.037314
0.0434433
2.17397
0.0553071
0.0527745
0.0177485
0.586402
0.112924
0.18556
0.12509
0.127859
0.649514
0.0417015
2.8791
0.0451278
0.0397986
0.0615595
0.0195601
0.0944619
0.0944198
0.0801121
0.0428635
1.39165
0.0992879
2.50898
0.0301772
0.410159
0.0196449
0.0135173
0.0172114
0.0863603
0.00991294
0.0148117
0.154516
0.153196
2.27964
0.250283
0.0371892
0.016685
0.0688697
0.131107
0.256578
0.132656
0.189921
0.137152
0.0832043
1.98153
0.014672
0.0323007
0.260708
0.356145
0.340876
0.0323643
1.55524
0.629154
0.644555
0.321761
0.0627514
0.0350008
0.0164742
0.231333
0.0444257
1.9088
0.163691
0.0751401
0.0518644
0.046037
0.0463992
0.0401178
0.338689
0.0620924
0.0315481
0.0525247
0.0419424
1.44251
0.0309664
0.408486
0.0944971
0.0355588
0.212787
0.0465635
0.0816414
0.0339527
0.0994025
0.133719
0.0377025
1.56918
0.584249
0.0356918
0.062199
0.318281
0.0330761
0.115191
0.0398978
0.0523044
0.0340426
0.0693639
0.0449005
0.0378363
0.0279407
0.0507257
0.0398514
0.0645654
0.0658694
0.0352636
0.0889474
0.195426
0.0291666
0.0334945
0.061454
0.0476565
0.0504766
0.0473266
0.0346343
0.045267
0.102628
0.0807703
0.0389416
0.0395003
0.110979
0.0390228
0.0324204
0.0100398
0.0352569
0.152907
0.0457073
0.0710512
0.138323
0.0837287
0.0757333
0.168496
0.110216
1.38922
0.00892548
0.0561547
0.0641214
0.0208577
0.39207
0.0171947
1.97459
1.0399
0.0407546
0.0998082
0.740202
0.120464
0.0359562
0.400505
0.0962589
0.0453683
0.162244
0.0775501
0.00685357
0.0561502
0.0686217
0.0310823
0.0150362
0.0521152
0.0513189
0.0841267
0.0395648
0.0212851
0.0145273
0.044823
0.075726
0.0636272
1.09422
0.024026
0.0924453
0.0496472
0.00506409
0.021178
0.0294296
0.0261758
0.0206912
0.205458
0.021135
0.058295
0.0974419
0.0300972
0.0817801
0.0867564
0.0259141
0.0129503
0.655134
0.0113223
0.0125322
0.0879592
0.0400516
0.0655782
0.0651776
0.0233346
0.523412
0.0670715
0.0579907
0.0188223
0.0197309
0.0264184
0.0245521
0.0287276
0.00083156
0.00941075
0.029898
0.0166198
0.0486567
0.0230026
0.0352485
0.0277763
0.0256267
0.0397403
0.0517905
0.0318953
0.145802
0.00912551
0.0195484
0.00868417
0.00862188
0.794661
0.0259875
1.18963
0.0459622
0.0576365
0.0323397
0.0491593
0.0227718
0.0339167
0.0317304
0.0160813
0.0496358
0.084651
0.0103553
0.272011
0.0623145
0.381842
0.768301
0.0638081
0.253529
0.476911
0.0507683
0.0215575
0.72401
0.0273619
0.0458568
0.0379986
0.0197864
0.0139273
0.733259
0.106475
0.0816654
0.0443073
0.0207016
0.0160728
0.0152897
4.13335
0.257962
0.0155625
0.0220188
0.11985
0.0927816
0.0389063
2.96944
0.283266
0.048155
0.0109147
0.202244
1.31487
0.199443
0.312121
0.0484325
0.0219875
0.0426466
0.0365698
0.319102
0.144008
0.811936
1.7024
0.113915
0.546941
0.0426776
0.0375508
0.0181075
0.583062
0.0344775
0.0993154
0.00810832
0.0332789
0.0188832
0.0116206
0.0596954
0.0783355
0.0478984
0.0349169
0.0107546
0.0149033
0.185562
0.0467178
0.00900109
0.0717707
0.0281452
0.225896
0.0370257
0.975854
0.538468
0.0169889
0.241793
0.201508
0.955676
0.0355629
0.0183285
0.054447
0.105071
0.0150212
1.88085
1.74843
0.0523428
0.0366608
0.0285099
0.0160132
0.313939
0.00921301
0.382677
0.177338
0.111934
0.918163
0.0692904
0.0288713
0.0218171
0.0348841
0.124819
0.062766
0.0344824
0.0489815
0.886034
0.15517
0.0168996
1.21368
0.0284644
0.0488884
0.0391103
0.0238427
1.29289
0.0758696
0.116727
0.0205597
0.0429238
0.0435935
0.0521245
0.0264674
0.14476
0.027624
0.103254
0.089802
0.0116433
0.0512135
0.035867
0.49696
0.162765
0.104458
0.0206527
0.799645
0.820372
0.0433538
0.131454
1.38132
0.00635204
0.0133002
0.0203352
0.560123
0.0299982
2.93607
0.0519638
0.0295738
0.0144185
0.49906
0.0325908
0.0559696
0.0536531
1.82354
0.0738718
0.0416251
0.0146517
0.667056
0.0233234
0.454665
0.0886453
0.0573898
0.0218978
0.00986381
0.0240868
0.0947075
0.0930598
0.183793
0.0138612
0.045916
1.18793
0.0426001
0.030107
1.74754
0.0278017
0.0691814
0.0546554
0.0200927
0.0176312
0.0476197
0.0218334
0.072145
0.0193292
1.49466
0.0115509
0.026105
0.00740031
1.13167
0.0444737
0.0277063
0.0639852
0.0442323
0.0264599
0.0761461
0.0052791
0.0737194
0.0146096
0.0241559
0.590714
0.0407799
0.0172273
0.109491
0.0904092
0.129469
0.0961124
0.642861
0.0437765
0.0335096
0.0599806
0.0800106
0.0376792
0.0581411
0.0958445
0.0234322
0.0261535
0.4147
0.0383744
0.0264567
0.019407
2.98917
0.0200506
0.621427
0.0731111
0.515866
0.0683984
1.42798
0.0207029
0.71437
0.0839442
0.0186916
0.0847711
0.0579605
0.0168786
0.608612
0.0390019
0.0477234
0.10294
0.0468076
0.00522959
0.00837608
0.0384871
0.0579282
0.0208204
0.0748841
0.0481051
0.0315739
0.742589
0.101457
0.0547476
1.97623
0.0698302
0.0462014
0.0679547
0.0416633
0.0187655
0.0423421
0.461288
0.0143162
3.17336
0.0590146
0.0107939
0.378516
0.0364608
0.0146801
0.0718229
0.0927443
4.1865
0.692769
0.00803592
0.0246906
0.033777
0.0239893
0.0315871
0.0362623
0.0381677
0.0184824
0.0304213
0.0463021
0.0277312
0.0601717
0.0490058
0.0370078
0.0747792
0.0565611
0.0560243
0.0564314
0.0192629
0.0380514
0.989335
0.0625212
0.042168
0.0377395
0.0998153
0.0900011
0.0443526
0.00958237
0.045008
0.0446897
0.0384304
0.0115857
0.0162068
0.0624725
0.117433
0.688183
0.0283177
0.0660235
0.015734
0.0201131
0.886789
0.0955741
0.805834
0.0480787
0.0659769
0.0156022
0.0609048
0.0683515
0.0743408
0.0275333
0.0221565
0.0159174
0.0203788
0.0654462
0.0252943
0.0620535
0.0113388
0.0311814
0.0406715
0.0250797
0.0286258
0.0333145
0.0498491
0.0738219
0.0228287
0.0258294
0.053443
1.16708
0.0375162
0.0174838
0.0429125
0.0368456
0.0291157
0.0074652
0.0857806
0.0119013
0.021917
0.045028
0.0366602
0.0191336
0.055661
0.0207803
0.0155735
0.0195429
0.0127236
0.0146734
0.0256537
0.0331865
0.0325199
0.0540739
0.0216812
0.0139317
0.0216163
0.117455
0.0237752
0.0236117
0.00432487
1.00156
0.0174033
0.00734299
0.0430424
0.0439142
0.00516881
0.0502746
0.0383627
0.0490974
0.0187317
0.0396451
0.0326304
0.0197182
0.0132162
0.0134198
0.0202323
0.0295693
0.019384
0.0350292
0.0489589
0.0356801
0.0454877
0.0245255
0.0349091
0.0358181
0.0408603
0.0138788
0.0195151
0.0275685
0.0267907
0.0179105
2.60468
1.0901
0.0266626
0.0826133
0.0133971
0.288504
0.0247009
0.0841403
0.0708051
0.0513937
0.427225
0.0119978
0.014544
0.799348
0.0659375
2.13079
0.00732137
0.172877
0.0542397
0.0109457
1.63848
0.0514843
0.391357
2.35864
1.79304
0.0598561
0.602542
0.086836
0.0328421
0.162395
0.0560275
0.0752945
0.795543
0.0209776
0.0392171
2.44222
2.9943
0.0661164
0.735994
0.0365521
0.029815
0.222658
0.138246
0.249666
0.00897218
0.0736856
0.01328
0.567283
0.0546249
0.0666331
1.27126
0.247327
2.41951
0.022261
0.0404316
0.104882
0.512435
0.92843
0.843092
0.937848
0.295758
2.72934
0.365707
1.08242
0.0651862
0.0999088
0.0270868
0.0227163
0.0106004
0.0691734
0.322584
0.0961672
0.0260707
0.117052
3.18841
0.27884
0.0801433
0.134932
0.0200712
0.34606
0.44415
0.75768
0.0172735
0.0315872
0.0479584
0.0288745
0.596688
0.0628229
0.167755
0.0629076
0.0665307
0.249859
0.268123
0.02562
0.0902783
0.0328367
0.01405
1.10867
0.0190052
0.0215381
0.0319517
0.0181181
0.428025
0.0773972
0.0645552
0.0880315
0.0599408
0.0250066
0.25318
0.0116784
0.163019
1.28204
0.00515066
1.17796
0.65336
2.04461
0.0647627
0.177336
0.777104
0.0480016
0.572397
1.22975
0.221212
1.77912
0.0577513
0.0269526
0.10879
0.0276072
0.248474
0.0922557
0.20242
0.597372
0.163353
4.70796
0.0418117
0.0421897
0.0618416
0.616424
0.0176453
0.0163034
0.0131715
0.0298193
0.0484568
0.230697
1.50791
0.0211516
3.73991
2.61545
0.100331
0.578431
1.32221
0.317159
0.158261
0.0236294
0.183963
0.453779
0.0337653
0.147329
0.00941861
0.550301
0.276314
0.0590119
0.498961
0.0765424
0.0889008
0.151878
0.0323666
0.0332685
0.112959
2.95186
0.0653944
0.100813
0.0762204
0.109689
0.0362069
0.0315728
0.25
0.416165
1.29747
1.62534
0.0738546
0.336976
0.070129
0.281333
0.0129559
1.02547
0.509666
0.341907
0.0712967
0.075804
0.048722
0.77318
2.16333
0.0156712
0.28359
2.49978
2.87415
0.151603
0.0102268
0.0540784
0.185037
0.130428
0.117706
0.0831002
0.20972
2.31617
1.2617
0.266277
0.234996
2.85588
0.517486
0.045288
0.369074
0.103428
1.73758
0.0710499
0.0283691
0.307837
2.78018
0.0153487
0.120097
0.044758
1.1091
0.256949
0.0569421
0.599656
0.018932
0.133453
0.358788
1.72202
0.521741
0.47944
0.0254642
0.272421
0.995994
3.82584
2.12348
1.91569
0.0442011
0.0451414
0.065163
3.38295
0.0828689
0.124821
1.14366
0.017335
1.46479
0.989595
0.104348
0.0481419
0.148297
0.0479285
0.012584
0.353478
0.745539
0.77259
1.21023
0.0284569
0.0933636
0.176065
0.058838
0.455444
0.0214752
0.0334807
0.020598
1.02718
0.0257054
2.49209
0.080692
0.0988588
5.04903
0.173518
0.0640469
0.709849
0.0201259
0.0566693
0.394914
0.050765
0.0268574
0.0960894
0.185897
0.0951988
0.145876
0.246548
0.673115
0.0923108
3.06999
0.031607
0.0522693
0.0216884
0.0356556
0.024012
0.0772539
1.60405
0.381885
0.0896426
0.153581
1.47302
0.355453
0.852204
0.106562
0.199501
0.00420512
0.0598885
0.0586235
0.0166037
0.115268
0.0249127
0.336297
0.0181092
0.0290459
1.10084
2.1348
0.0263682
0.0140552
0.291061
0.0214439
0.103133
0.0209898
0.237041
0.653046
0.0277838
0.0141139
0.030042
0.019769
0.0790264
0.0775036
0.0969403
0.297594
1.77443
0.0824455
0.0613258
0.0675423
0.0804518
0.0126558
0.0747777
2.63158
0.0654632
0.295659
0.163652
0.0467938
1.14762
0.0292109
0.0386889
0.0246695
0.0571332
0.0408294
0.0139717
1.22264
0.0679022
0.0436661
0.0276945
0.0600995
0.0306708
0.0400701
0.0890063
0.316246
0.0541539
0.044164
0.028823
0.0250985
0.0383148
0.0205498
0.0435146
0.0249488
0.0365914
0.880871
0.124066
0.465889
1.30984
0.0373729
0.0368686
0.0278403
0.0744636
0.0479407
0.0450774
0.319261
0.0652606
0.0635987
0.0560625
0.498243
0.192221
0.0220379
0.065991
1.49817
1.88594
0.0561294
1.40292
0.0204636
0.0208034
0.0280966
1.60734
0.0412991
0.0293944
0.123693
0.0389481
0.0517032
0.0196616
0.0378257
3.03409
0.0199969
0.0250768
4.34492
4.22664
0.118561
0.0256819
0.0185375
0.0242803
0.0565935
0.0553281
0.0555399
0.112078
0.0276129
0.694626
0.0285142
0.0622827
2.44835
0.600953
0.0185713
0.931617
0.0473933
0.055807
0.019351
0.089993
0.0237113
0.0140452
0.0394068
0.0061961
0.0836893
0.053871
0.0163146
0.0393756
0.0294443
0.0210115
0.0440972
0.0578951
0.0393151
0.033972
0.028068
0.0346155
0.0406454
0.0193123
0.0625041
0.0309542
0.0213049
0.190497
0.0299645
2.35655
0.0293885
0.0478247
0.0363591
0.528743
0.612285
0.306196
0.0208162
0.970862
0.0273248
0.024679
0.0174741
0.381429
0.0509791
0.110717
0.0264971
0.00778378
1.07669
0.0779046
0.01748
0.0364116
0.0117961
0.0432994
0.0919153
0.0426783
0.0464117
0.030861
0.0304015
0.0122065
1.12976
0.0300152
0.0309652
0.0360592
0.0208622
0.0150007
0.0278182
0.0154593
0.0484317
0.0153283
0.025962
0.0546307
0.0328329
0.549401
0.0480189
0.0175023
0.00939981
0.0334453
1.50333
0.0268164
0.0101217
0.0166618
0.0254557
0.0470522
0.0113934
0.0113044
0.141515
0.125226
1.36113
2.92779
0.0530597
0.041112
0.0218525
0.0283254
0.0810347
0.0300205
0.0161974
0.0258605
0.0300948
0.0616147
0.0220186
0.024714
0.0182706
1.75262
0.0250449
0.0550059
0.0286461
0.00895989
0.0302936
0.473043
0.730012
0.0261546
0.0466829
0.00957116
1.75895
0.0263342
0.0987635
0.384766
1.85797
0.0115806
0.0238854
1.54806
0.898923
0.705559
0.0386852
0.302449
0.0326819
0.160113
0.520816
0.238279
1.07602
0.0209299
0.0974504
0.0289676
0.323924
0.137053
0.0749971
0.0871587
0.00827217
0.514208
0.0270664
0.0208928
0.0287911
0.0645863
0.056418
0.896762
0.067417
0.0145695
0.0996062
0.249224
0.026319
0.322876
0.165568
0.0415786
0.12866
2.56141
0.0958196
0.0635313
0.085821
0.638477
0.0905017
0.105532
2.18557
0.0599864
1.5335
0.0316947
0.140297
0.0690517
0.0572252
0.066086
1.61447
0.0927479
0.0399357
3.01403
0.568008
2.46047
0.0561027
0.220323
0.155736
0.0446917
0.633102
0.169782
0.0680456
0.0450559
0.0802246
0.0509164
0.0151643
0.0574368
0.021592
0.665551
0.170806
0.725107
0.0928124
0.17069
0.561218
5.00819
0.0297001
0.322783
0.00557971
0.588662
0.134881
2.02228
0.0480136
0.0474095
1.38616
0.0280238
0.0181811
0.0383539
3.53506
2.58149
0.0763908
0.0786091
0.257868
0.0615969
0.0501586
0.232769
0.342656
0.0403618
0.0561323
0.116136
0.209715
0.151504
0.0376195
0.126916
0.0690069
0.0928947
0.669524
0.039584
0.0179316
0.112456
0.0560401
0.920087
0.136534
1.34767
0.0906582
0.0587997
0.872221
0.0990041
0.0794135
0.00939513
0.0151854
0.104284
0.034446
0.0740998
0.02987
0.0241396
0.750674
0.0362889
0.0161259
0.301136
0.0564903
0.968315
0.0243289
0.716367
0.459904
0.0692231
0.0267889
0.00773419
0.054674
0.209477
0.0238806
0.393889
0.0329088
0.0901881
0.0813665
0.136558
0.0434355
0.0727691
0.025214
0.0816185
0.0271477
0.0454164
0.458478
0.0390151
0.635648
0.0542107
0.68694
0.027775
0.0490803
0.751086
0.0763506
0.12747
1.22058
0.453857
0.0322036
0.825192
0.131623
0.0976174
0.0266061
0.140928
0.111745
0.0548689
0.24951
0.104415
0.0415403
0.0526416
0.0427518
0.531093
0.0565998
0.0854723
0.0741964
0.0323066
0.0191921
0.0783593
0.0494108
0.0607553
0.0503474
0.0309613
0.031112
0.189825
0.0832352
0.0512811
0.0250001
0.0568192
0.0498296
0.0443281
0.0248701
0.358954
0.0358024
0.018422
0.02648
0.0973074
0.466533
0.376185
0.083103
0.0368541
0.0254589
0.0254023
0.00689558
0.0296931
0.042845
0.403236
0.0764955
0.0656028
0.0328151
0.028063
0.00802254
0.06323
0.0602656
0.0402956
0.0422028
0.0207222
0.0211458
0.0603367
0.0720133
0.0482458
0.207397
0.0372996
0.0246836
0.0811837
0.00771302
0.0228355
0.0296045
0.0595562
0.109706
0.0530416
0.0774585
0.0226797
0.218016
0.0669312
0.0223998
0.0271793
0.0452148
0.029368
0.0532562
0.00539661
0.0382156
0.0392361
0.121199
0.028611
0.0120178
0.0433335
0.0387089
0.0497704
0.0240933
0.0386288
0.0259307
0.0383113
0.0198323
0.0284416
0.0943898
0.0141655
0.0246535
0.0352573
0.0352319
0.247303
0.0749978
0.699047
0.0371916
0.0234522
0.0465249
0.0295538
0.0853682
0.0251974
0.0907911
0.0352109
0.0366009
0.0178968
0.0474348
0.0299929
0.0991787
0.185346
0.0372696
0.0501132
0.0512724
0.0131038
0.0466796
0.0632988
0.0709693
0.0433906
0.0351787
0.032245
0.0150197
0.0279654
0.00917339
0.0559748
0.00693418
0.0229567
0.0366278
0.0408691
0.0737922
0.0384686
0.0168148
0.0439805
0.0404576
0.120376
0.0592471
0.0269984
0.0241736
0.0214352
0.0205217
0.0092827
0.0225482
0.051646
0.0535041
0.0279197
0.0722342
0.0361269
0.0151044
0.124649
0.0869666
0.111514
0.00701596
0.0326711
0.00947146
0.0422481
0.0178825
0.0210552
0.021678
0.130747
0.0145494
0.0307432
0.0126415
0.0396917
0.036608
0.0274886
0.0307955
0.0494972
0.0547816
0.0423964
0.0237373
0.0164656
0.0603554
0.0172072
0.0286451
0.0265812
0.00548675
0.0415853
0.0458273
0.0152298
0.0170934
0.0403302
0.0420354
0.0324581
0.0372454
0.0218945
0.0534497
0.0550707
0.0263602
0.0246755
0.0377916
0.0257801
0.0238954
0.0167546
0.0232731
0.106111
0.025162
0.0187312
0.0258767
0.0502349
0.013241
0.0256059
0.0529898
0.0264191
0.0140179
0.0353967
0.0176752
0.0468903
0.00438289
0.0275589
0.0288692
0.0320759
0.022507
0.0217207
0.0259866
0.020226
0.0137059
0.0472048
0.0144891
0.0121429
0.0186963
0.0200971
0.0112305
0.0157202
0.0208269
0.054178
0.0425559
0.0487045
0.0165225
0.0847651
0.0276874
0.0145135
0.00774636
0.00523478
0.0144576
0.0463337
0.0358032
0.0567717
0.027615
0.0288519
0.0364237
0.0317872
0.0387349
0.0772694
0.0407309
0.0430325
0.0421638
0.0235785
0.0357881
0.0333818
0.00935208
0.029575
0.0281091
0.024874
0.0310441
0.0188654
0.0647721
0.0261805
0.0219605
0.0403511
0.015561
0.0327352
0.0430978
0.037097
0.0149868
0.0200304
0.025076
0.0161327
0.00854481
0.0197615
0.0263576
0.0217431
0.0367318
0.0423938
0.0346383
0.0600761
0.0327475
0.0258124
0.0490271
0.121267
0.0646155
0.0444266
0.00539665
0.0115941
0.0811583
0.0186665
0.0684615
0.0252648
0.0168363
0.0761093
0.0266836
0.443332
0.0264484
0.0372677
0.0102552
0.213547
0.248513
0.18888
0.773487
0.0337196
0.390872
0.3652
0.0136033
0.228611
0.326036
0.203471
0.0620865
0.0822717
0.366708
0.0146383
0.0647252
0.246164
0.261384
0.0637851
0.213825
0.0281846
0.0692597
0.00932687
0.0304552
0.0612143
0.0439749
0.0410548
0.0248553
0.0269783
1.16094
0.160364
0.100429
0.0801281
0.842057
0.116021
0.0311516
0.678576
0.0527426
0.0917018
0.456909
0.0289441
1.3367
0.0211996
0.140748
0.0386327
0.00791928
0.0122611
0.815613
0.0528092
0.0610723
0.0520738
0.0386367
0.0284921
0.0224436
0.0488396
0.161162
0.0238125
1.98396
0.00445345
0.0568384
0.0282951
0.0500876
0.038173
0.0153188
0.0477765
0.43155
0.0486586
0.0177587
0.0511201
0.0279615
0.0399625
0.0293037
0.0209178
0.0643624
0.02188
0.0254385
0.979971
0.0373557
0.00934663
0.069049
0.0458403
0.0664342
0.0396997
0.0526785
0.627676
0.0253404
0.0151673
0.0857148
0.111497
0.433926
1.32062
0.0354223
0.286841
0.035389
0.0662278
0.0341107
0.0534484
0.0304657
0.0359525
0.0390533
0.0205091
0.0807001
0.0347164
3.21999
0.0155524
0.0712959
0.0426705
0.086866
0.62888
0.027282
0.0408031
0.0489404
0.0925143
1.18693
0.0208976
0.0227257
0.231722
0.0783108
0.0233167
0.0220412
0.0314088
0.00220011
0.0726773
0.021092
0.0497956
0.0417105
0.044292
0.0524551
0.00969486
2.78196
0.0407065
0.0139884
0.913081
0.462646
0.0569328
0.0250472
1.13453
0.0481692
0.832956
0.0455904
0.0360464
0.0542138
0.0753007
0.286876
0.094187
0.187188
0.0213766
0.0287686
0.0288804
0.0346803
0.331348
0.0205622
0.0638931
0.027973
0.0226534
0.0884809
0.028138
0.0699259
0.0277958
0.0390202
0.0156226
0.481798
0.0343596
0.0373171
0.0409347
0.0251904
0.0110798
0.0262034
0.0379496
0.0153996
0.0219012
0.0996579
0.276705
0.173033
0.100377
0.0313594
0.0127238
0.341566
0.0835479
0.0157607
0.0608784
0.179466
0.014507
0.0334431
0.0172172
0.737792
0.0530446
0.0475948
0.657376
0.0557193
1.04394
0.00824728
1.04246
0.0618594
1.23621
3.57076
0.0456343
2.97046
0.00906253
0.0357271
0.0486639
0.0326803
2.31998
0.039161
0.00572106
0.0218192
1.19357
0.0567235
0.530307
0.243657
2.37695
0.0615398
2.39817
0.314756
0.248828
0.0197305
0.593392
0.299994
0.132302
0.298364
0.733318
1.26961
0.0650482
0.787799
1.67268
0.477642
0.203415
0.0884596
0.909096
0.17835
0.714103
0.0552893
0.0372968
0.00902617
0.285164
0.087053
0.647687
0.505724
1.33757
1.70893
0.0556413
0.0540027
0.0353188
0.0471928
0.0892366
1.60384
0.10182
0.64133
0.0602251
0.0845369
0.310323
0.0912236
0.218993
0.178946
0.0312304
1.20458
0.0350265
2.22695
0.0474095
0.106972
0.39514
0.385747
0.062287
0.0576272
0.43304
0.921216
0.0263108
1.89094
0.0570737
0.0352507
1.29743
0.053314
0.249341
1.64395
1.24709
0.408026
0.0689419
0.0279953
1.33237
1.73632
0.270077
0.681053
2.69882
0.121635
0.83794
0.829086
1.4332
0.0125028
1.03974
0.0284274
0.573681
0.526948
0.0427858
0.140916
0.139567
0.136511
0.412604
0.0276956
0.205632
0.0282807
1.03295
0.0802455
0.58943
0.729944
2.44544
0.0340041
0.697392
0.0739412
1.15547
0.0947979
0.0537212
0.0100327
0.537751
0.367328
3.79778
1.47989
0.0278281
0.00704543
0.0280645
0.243241
0.724157
0.0391338
0.107803
0.0717191
0.12725
0.0114049
0.111329
0.237453
0.0284384
0.0537051
0.0164753
0.0216929
0.0459298
0.0238229
0.0573798
1.16488
2.03315
0.596088
0.0443048
0.152359
0.137911
0.577589
1.93617
0.0187736
0.0332546
0.0472158
0.019087
3.3157
0.0522102
0.101121
1.43564
0.0336498
0.0108556
1.29122
2.7945
0.0282128
0.0441593
0.0660148
0.171709
1.27409
0.0238485
0.085965
3.4594
0.215203
0.101006
0.24083
0.809849
0.0364215
0.0683847
0.390092
0.0182678
0.0198071
0.0160762
0.0804415
0.342188
0.10478
0.0450245
0.35816
1.10381
0.121309
0.0140993
0.0682415
0.0285048
0.0248756
0.0369308
0.516368
0.0486976
0.256154
3.57681
0.174337
0.0712065
2.13867
0.0168385
0.0339065
2.35428
0.0209417
0.0556418
0.0439418
0.390449
0.0487746
0.0602278
0.0549822
0.0461272
0.622939
0.0450343
0.749092
0.030894
0.0750202
0.0373531
0.0652503
0.0652733
0.0195345
0.132995
0.035911
0.0473466
0.0153229
0.416615
1.32239
0.071974
0.0629039
0.0298657
0.0788271
0.114154
0.0320859
0.0857305
0.111847
0.547316
0.0442205
0.922171
0.121501
0.0577202
1.46204
0.115121
0.0157164
0.0203548
0.0112757
0.116612
0.0735626
0.0304063
0.047287
2.41522
0.00941331
0.0603429
0.0294819
0.0486498
0.0760431
0.0543801
0.0129128
0.0459938
0.0202682
0.768212
0.0126024
0.0301403
0.164745
0.0675189
0.0338918
0.0186162
0.127562
3.57698
0.0617351
0.0219782
1.19887
0.0221755
0.0167465
0.0537999
0.0856203
0.048683
0.109427
0.0738013
0.0533986
0.0110004
0.0433751
0.0303647
0.0288238
0.0329113
0.0193061
0.0427892
0.0184556
0.0311768
0.030168
0.0713673
0.0786186
2.54677
0.0751078
0.0502814
1.86393
0.0491695
0.0539188
0.0238329
2.25384
0.0925518
0.0120829
0.529467
0.0251127
0.0518989
0.00710757
0.0409747
1.37864
0.0764346
0.0808657
0.0286684
0.0310161
0.0101027
0.0296134
0.0307113
0.0395037
0.0847741
0.137997
1.14743
4.26691
0.0153571
0.063691
0.782502
0.0362816
0.0332094
0.081603
0.0237791
0.0597357
0.01944
0.0167904
0.030189
0.037726
0.210592
0.0489762
0.478651
0.239214
0.0264326
0.00564844
0.00984918
0.125567
0.0230702
0.169387
0.0737984
0.00957529
0.991293
0.674332
3.66382
0.0313509
1.93719
0.0632483
1.49657
0.125661
0.518315
0.00628576
0.215167
0.492642
0.0353128
0.00889644
0.0373826
0.0126831
0.134779
0.0215307
0.0248902
0.0813558
0.0557816
0.110827
0.0174845
0.0172098
0.0043338
0.0960934
0.098826
0.0436717
0.0424765
0.0528989
0.0935499
1.01102
0.0493828
0.0611863
0.0487279
0.417728
0.0327026
0.0571423
0.3114
0.019485
0.033803
2.18314
0.0257041
0.60925
0.0779986
0.929565
0.0397277
0.0333038
0.0709633
0.0561815
2.73503
0.0392065
0.0571973
0.0491033
0.0662295
1.01634
0.0162166
0.0175476
0.0856364
0.38916
0.0245367
0.0769731
0.0187446
0.0867922
0.023167
0.0422891
0.0575088
0.0154896
0.0270893
0.0270455
0.0298665
0.0769758
2.36379
0.764161
0.143504
0.0772706
0.0513117
0.167357
0.0562382
0.905659
0.0300491
0.0777531
0.0439356
0.0244055
0.0210387
0.0164065
0.508267
0.0242129
0.0253967
0.0162297
0.0864786
0.022089
0.72649
0.0317783
