118
64
90
72
77
85
83
94
75
64
109
79
86
102
72
93
76
94
79
119
82
82
110
73
80
86
69
83
69
72
74
130
75
75
85
83
120
85
84
84
161
60
115
94
74
87
70
95
82
117
80
122
93
181
92
84
92
97
82
85
92
106
108
124
228
123
248
110
105
128
179
176
125
116
194
117
145
125
129
77
98
99
74
152
118
154
499
194
323
149
223
59
168
135
101
124
94
221
101
125
148
118
73
165
110
121
72
69
79
77
94
86
125
146
116
112
60
91
124
163
88
116
64
124
76
69
190
132
82
80
69
82
120
172
97
84
84
79
133
78
85
118
93
172
129
102
140
116
145
81
153
84
86
123
232
161
112
97
181
81
155
125
157
85
136
118
153
148
78
76
77
96
111
114
158
133
63
57
76
74
73
90
70
72
62
75
439
112
130
97
74
188
270
153
192
603
94
159
102
177
151
119
134
84
127
181
129
166
112
50
195
182
64
147
123
108
135
85
72
119
166
62
156
168
83
227
297
113
132
124
183
145
182
96
140
90
60
74
68
82
69
105
76
87
72
66
176
107
137
54
114
163
233
81
76
93
123
122
145
76
121
138
149
129
350
111
134
46
166
84
109
335
184
121
122
120
72
167
72
150
185
128
257
91
122
54
158
443
90
75
129
88
136
92
113
53
123
111
687
121
75
129
211
100
331
158
265
278
499
199
124
132
81
112
77
156
166
241
193
110
196
149
94
126
127
133
597
280
141
76
71
139
136
56
95
137
106
80
105
120
214
153
174
134
171
110
436
81
98
112
143
102
179
101
155
135
206
103
60
73
125
99
151
175
112
58
183
142
110
211
156
253
94
91
75
118
150
51
131
115
205
82
118
155
135
104
124
137
101
151
163
84
101
101
168
62
146
91
111
76
233
217
82
88
80
144
139
175
210
120
126
535
90
132
111
130
84
150
61
126
110
132
190
156
527
134
147
163
108
91
61
98
86
101
73
116
66
69
113
136
81
128
193
156
105
135
167
58
156
165
95
121
138
173
95
145
142
249
92
178
105
115
107
106
128
135
162
117
200
54
150
59
128
146
123
226
245
148
50
506
133
124
134
112
321
136
128
105
106
82
136
124
38
95
81
144
113
94
111
103
103
148
119
101
103
88
142
111
122
104
210
100
175
134
102
140
85
128
135
138
173
113
68
115
147
131
109
92
141
118
162
108
139
145
58
163
156
139
133
126
93
120
129
131
78
100
121
218
116
146
99
96
136
128
129
133
151
148
149
116
134
103
135
109
82
95
102
123
114
175
114
196
105
174
143
117
80
127
64
152
44
111
145
173
132
142
266
125
91
173
62
69
211
125
53
381
132
119
109
124
114
181
85
151
168
107
169
118
134
108
104
112
168
72
70
45
221
44
81
114
121
132
209
117
111
97
213
120
151
108
159
102
210
154
139
213
101
125
120
76
101
157
140
135
185
147
187
187
169
95
130
86
166
148
200
178
116
61
196
211
152
51
115
123
177
114
118
173
166
120
111
158
130
196
98
123
115
100
113
112
109
109
110
158
150
132
86
84
126
103
136
141
90
147
141
111
136
111
140
122
135
127
133
112
136
121
155
109
123
101
138
164
97
83
254
125
109
111
93
176
85
114
159
144
110
83
68
150
82
116
226
127
113
171
120
110
158
94
106
77
92
103
124
51
207
147
135
92
157
111
132
96
113
83
98
201
78
138
78
138
95
111
111
175
127
146
196
152
99
102
88
98
196
126
105
131
152
78
89
116
77
127
205
241
98
197
150
140
101
77
67
83
87
90
96
71
189
70
928
96
70
64
146
78
155
104
72
115
150
71
101
116
104
113
140
202
111
588
147
113
143
139
115
130
99
112
111
151
67
170
113
114
231
140
118
125
194
173
141
113
115
127
156
99
130
116
143
141
102
120
136
102
92
132
77
86
61
72
87
68
130
172
149
142
186
632
1640
158
111
151
170
117
194
191
122
401
114
283
172
54
103
118
123
74
109
107
257
213
117
103
83
80
82
65
97
139
106
154
123
82
252
150
119
117
165
100
144
78
75
95
120
46
83
119
186
123
90
71
96
128
171
63
144
100
65
114
113
71
124
100
161
102
118
120
114
125
583
144
123
153
94
113
126
134
131
113
139
594
108
107
108
131
99
73
105
128
141
108
75
107
162
116
147
131
73
91
203
76
69
123
172
133
108
86
169
132
257
75
82
103
83
190
94
132
175
113
183
92
151
205
142
90
133
144
153
102
135
160
121
150
134
92
104
124
152
135
138
68
118
91
159
72
60
94
95
99
104
126
111
131
102
136
84
97
123
104
110
164
149
103
167
159
68
115
802
102
234
227
71
231
121
118
670
166
273
175
170
68
182
94
207
168
223
71
113
102
201
126
128
122
227
207
159
135
148
116
221
182
126
123
143
149
144
149
110
125
132
156
141
138
128
141
92
201
193
111
166
116
309
162
174
144
280
189
187
177
134
114
182
100
177
123
98
135
160
104
73
131
88
144
154
224
108
114
153
121
105
111
120
152
153
140
107
173
137
155
266
144
179
147
146
154
125
107
100
211
127
1127
197
182
158
156
132
112
213
197
135
183
206
160
185
126
168
114
91
228
110
124
115
217
68
164
123
140
148
130
87
129
120
217
105
173
94
148
208
159
141
65
132
104
413
508
134
125
265
190
175
70
69
121
174
316
105
105
143
219
104
86
136
156
163
178
159
137
133
184
140
182
116
111
85
83
148
118
77
190
87
149
55
116
133
104
106
116
153
50
110
153
129
205
141
128
131
209
2030
120
139
152
185
118
109
111
139
154
184
168
105
135
115
182
60
76
109
62
140
114
138
140
116
130
162
167
113
167
108
81
224
179
142
99
156
95
96
116
169
140
140
99
85
65
75
76
138
110
273
153
56
121
58
139
164
625
157
191
256
94
87
152
404
103
144
126
131
124
154
147
112
107
130
93
109
229
143
140
129
150
122
138
105
137
146
141
132
137
116
212
93
95
147
124
125
202
148
115
199
117
134
113
108
111
148
210
486
278
132
183
194
135
130
64
931
82
162
177
144
79
80
150
162
110
68
118
139
51
66
122
80
110
112
188
127
154
154
155
55
178
102
157
169
139
706
169
198
136
196
212
119
167
155
173
166
191
140
181
127
188
140
122
92
134
98
124
55
109
176
158
129
117
140
128
167
141
129
158
146
98
103
123
128
97
93
119
97
119
142
174
86
135
96
88
102
107
572
128
97
94
120
488
111
126
119
97
135
148
124
192
131
133
62
217
96
205
86
155
106
63
162
136
123
208
163
123
211
126
118
101
123
138
130
103
251
147
168
150
132
118
148
144
184
156
189
110
127
136
127
103
79
169
97
162
109
168
131
164
408
100
126
116
180
147
143
76
75
161
137
135
132
170
124
177
142
267
460
143
481
158
117
90
141
138
189
370
139
100
132
273
144
143
118
161
134
82
97
137
108
129
106
206
125
164
129
126
159
146
127
166
109
184
119
209
142
187
153
133
129
163
288
145
192
373
138
273
496
144
108
160
133
72
166
53
93
108
132
106
160
163
128
77
125
127
161
206
125
145
69
89
214
138
68
363
108
67
77
119
92
129
176
257
163
154
168
177
177
114
73
103
437
259
137
329
111
324
128
115
135
162
104
184
146
114
116
121
172
204
152
90
130
138
1186
165
146
131
155
107
143
166
138
148
110
145
147
159
98
220
111
33
150
110
136
150
135
76
106
228
516
150
159
191
154
227
155
119
79
112
229
104
107
119
107
142
368
131
108
103
143
117
110
70
108
97
80
83
126
636
164
140
87
127
115
108
113
79
129
117
85
129
1344
107
152
136
118
132
370
77
605
169
124
108
360
129
713
396
158
102
89
89
51
139
108
130
52
236
135
140
134
136
162
148
252
215
105
110
144
133
214
129
152
103
135
166
149
132
101
136
101
209
168
105
121
70
104
193
225
107
169
101
97
106
122
115
129
175
64
67
77
67
78
74
107
82
86
202
274
109
84
187
194
113
118
280
88
94
131
132
101
168
142
105
156
134
169
189
183
101
114
85
77
93
83
85
63
79
75
130
103
148
83
127
112
171
158
83
90
83
166
138
134
470
118
100
125
129
133
123
125
128
134
111
124
182
115
206
118
88
143
144
143
135
134
130
144
224
134
124
120
121
639
150
138
304
137
270
130
31
148
96
137
55
136
109
79
336
228
107
127
73
170
93
161
82
154
170
730
114
111
141
158
105
59
187
138
82
122
94
113
103
87
131
82
131
76
174
166
127
61
330
155
144
159
113
96
154
69
91
80
136
151
75
144
129
137
138
125
134
81
72
149
170
108
465
94
138
94
78
87
66
188
125
128
112
95
93
82
117
155
113
125
178
111
89
95
108
111
56
141
162
373
272
116
107
111
114
142
148
99
136
136
775
118
108
89
122
132
110
96
440
84
102
126
131
723
372
54
291
153
62
100
215
102
98
73
101
108
121
124
273
113
91
115
60
133
104
74
81
80
110
98
73
218
92
82
80
94
136
135
124
75
79
81
98
82
125
112
76
136
80
83
73
77
102
95
61
83
88
92
73
94
161
125
97
68
148
83
69
74
70
71
70
136
89
143
79
64
53
77
102
69
77
85
135
108
182
212
158
177
200
72
168
141
145
211
157
197
140
97
88
218
148
83
115
219
109
266
128
211
235
125
100
168
112
165
62
294
88
156
174
40
116
171
159
102
153
136
102
66
74
69
78
107
94
122
119
92
114
162
94
78
124
139
47
71
77
72
134
71
71
90
119
103
116
105
61
316
149
82
118
111
86
88
145
131
112
736
113
126
136
115
158
141
74
107
227
157
118
189
144
116
122
128
87
78
102
260
120
218
75
59
70
74
119
80
107
62
59
72
106
272
55
96
106
35
60
105
348
69
121
129
184
265
236
120
100
145
110
544
195
129
115
50
185
91
120
182
100
127
88
174
67
110
130
91
239
182
115
66
113
202
123
142
135
120
180
198
255
168
105
160
168
109
132
142
135
101
81
72
67
72
81
96
109
90
62
76
83
103
184
32
183
101
172
114
59
94
154
148
102
106
147
585
118
204
130
131
211
74
148
99
174
132
113
172
70
120
112
175
91
126
45
96
69
81
163
163
141
103
81
81
89
76
103
160
134
297
112
72
178
105
160
648
118
138
147
226
519
238
90
156
87
123
148
174
141
142
140
100
109
256
67
308
69
68
91
80
143
142
228
178
118
106
133
77
77
61
75
133
191
192
94
200
225
75
89
215
136
102
175
153
231
124
144
166
183
91
82
118
85
141
253
135
166
137
89
95
92
161
218
258
401
109
115
163
177
146
272
165
127
100
87
124
162
144
143
140
113
37
166
102
132
116
123
115
73
124
203
141
130
136
149
102
74
123
134
64
128
86
154
145
323
157
121
71
73
118
122
72
102
89
204
109
265
134
106
514
84
96
165
129
83
139
135
132
142
114
77
186
85
157
74
100
89
109
119
119
141
162
108
94
101
102
75
145
112
407
199
145
155
183
151
109
173
126
98
149
216
154
146
236
87
200
359
103
109
147
297
92
87
101
289
111
110
184
74
221
315
107
119
97
176
72
545
512
116
43
57
159
190
177
48
146
126
97
63
92
163
126
135
138
149
165
127
193
84
84
183
111
599
109
95
83
113
151
147
130
133
138
153
194
180
104
175
159
75
146
159
136
121
126
96
106
109
162
132
165
124
150
146
142
1335
127
169
117
114
88
91
131
101
101
101
170
124
93
97
139
106
119
556
112
117
140
110
108
107
125
121
215
172
107
117
149
60
92
103
126
115
97
81
42
119
117
89
109
93
79
249
150
75
148
148
63
141
60
187
204
122
122
148
110
163
149
137
156
168
246
108
162
111
173
275
166
114
130
207
76
127
216
115
80
148
154
266
119
201
175
88
230
143
161
105
103
107
72
295
124
134
119
96
190
101
78
73
122
202
133
107
206
142
182
61
152
102
168
171
163
185
72
177
79
161
79
93
168
147
152
101
105
92
94
138
113
141
210
128
130
75
175
164
121
133
130
131
130
134
136
161
95
122
120
156
100
124
137
127
139
128
172
131
109
144
126
125
126
107
115
135
164
467
120
275
92
123
98
151
110
162
42
158
137
112
138
169
127
270
123
127
97
131
88
73
150
121
69
100
153
139
183
1443
99
137
221
134
170
86
260
77
77
133
147
115
152
170
323
180
117
107
318
115
102
94
101
142
153
119
95
143
100
64
79
80
102
118
78
113
92
97
167
88
72
76
114
73
125
89
83
173
130
89
114
56
128
145
138
132
124
148
150
110
110
143
91
152
119
57
189
98
92
454
116
102
73
128
173
120
143
99
121
116
128
140
140
101
133
141
104
121
116
163
110
92
98
113
127
129
151
114
126
147
144
141
128
133
77
84
110
66
116
67
112
137
131
172
158
158
190
187
178
210
222
163
142
690
130
190
157
231
181
144
122
99
104
169
131
113
76
140
159
91
78
96
180
79
69
73
80
86
186
145
193
89
99
69
170
174
137
79
138
123
166
131
143
101
144
134
165
168
142
66
81
135
182
103
154
92
78
149
141
111
190
144
148
83
118
119
106
86
53
86
84
78
121
79
137
128
97
147
124
196
93
106
286
149
128
317
147
92
109
81
114
138
81
160
151
85
111
102
78
120
126
151
99
77
78
157
151
343
149
128
361
192
111
99
249
101
87
127
173
146
94
177
124
120
120
131
154
142
96
121
180
110
175
96
130
155
111
133
121
108
82
84
78
86
80
88
115
122
99
115
105
164
94
102
109
88
149
103
146
118
164
121
207
91
77
50
76
109
104
69
85
133
84
113
199
75
160
104
159
137
108
115
151
93
158
200
174
165
139
80
128
116
114
252
1709
241
145
162
118
118
361
120
196
180
150
131
160
145
142
207
134
143
125
198
133
176
179
175
215
137
164
128
250
157
295
181
119
116
91
184
153
164
144
66
116
131
95
125
120
183
120
138
139
146
154
330
112
152
134
136
159
131
180
151
122
166
82
112
104
172
150
156
107
84
137
238
124
138
170
153
226
144
298
646
87
278
107
170
181
116
151
137
145
95
145
178
226
91
197
171
502
156
144
110
119
157
114
105
122
140
104
127
291
152
169
170
155
135
105
120
369
85
145
171
157
96
187
158
129
72
82
106
172
292
148
229
146
268
168
271
137
168
161
230
505
270
178
207
129
131
177
169
134
117
94
75
136
70
140
109
115
121
169
156
159
133
141
130
125
149
121
190
588
125
743
190
66
134
133
142
163
123
158
143
116
121
100
147
105
71
85
74
80
95
125
73
114
124
124
135
117
252
139
92
177
90
88
131
98
112
103
145
108
125
96
54
114
120
96
72
64
52
69
131
236
118
58
149
302
159
81
110
149
130
181
101
96
135
181
101
78
112
123
110
149
203
137
269
159
145
197
145
118
96
68
124
109
108
105
93
678
182
138
137
127
112
128
111
122
132
210
136
116
179
92
131
119
170
99
127
152
163
62
223
123
118
142
114
386
157
105
87
165
144
79
87
168
184
223
203
782
90
84
191
123
80
154
99
136
277
120
130
72
315
843
112
120
120
164
143
109
139
140
207
86
91
137
180
127
156
115
130
127
127
161
108
160
143
125
166
82
129
154
122
128
92
133
54
153
136
186
137
99
92
120
289
178
66
136
82
179
116
148
138
101
108
125
115
85
31
109
103
155
122
166
137
121
118
105
183
104
120
185
128
137
122
227
262
122
180
175
103
135
116
139
100
143
140
110
131
83
139
131
148
159
158
153
132
133
151
106
162
131
137
181
132
202
185
171
150
192
169
129
82
168
141
173
142
137
145
105
118
131
129
104
103
177
120
99
120
148
151
228
76
176
169
148
160
149
92
99
145
231
60
187
143
195
216
94
166
139
235
161
106
164
67
140
134
129
105
152
100
149
184
160
152
166
122
158
169
114
123
95
130
139
80
138
131
173
119
160
146
172
152
138
144
118
240
144
184
165
191
105
120
168
89
91
220
192
136
191
133
110
263
76
171
149
247
197
153
234
237
53
163
104
139
140
144
134
115
220
141
148
117
185
149
125
131
112
179
171
136
143
45
144
79
131
143
128
99
144
86
95
95
251
143
126
144
185
125
108
136
98
137
177
97
173
145
147
85
229
145
158
164
142
116
117
132
187
121
247
125
133
149
144
130
122
229
94
109
128
81
77
129
74
236
461
199
135
192
137
169
136
133
119
183
255
125
121
96
139
137
121
125
133
68
151
99
133
220
162
181
108
94
141
100
320
56
63
106
142
114
134
165
128
114
105
170
79
132
186
106
212
282
124
224
170
142
170
119
152
112
71
101
109
115
133
98
83
107
169
97
111
208
154
138
179
417
142
106
133
97
131
120
118
38
95
78
253
278
478
178
136
120
147
111
72
142
181
118
79
125
117
82
124
177
129
128
115
162
72
151
71
74
96
46
30
104
114
130
76
137
169
169
150
81
82
93
32
137
88
59
103
183
185
126
150
191
191
97
161
87
98
109
300
100
78
87
89
89
85
68
86
87
74
67
132
86
213
135
94
158
126
100
119
80
167
129
78
124
134
103
167
162
138
102
138
119
137
152
126
236
148
94
124
105
171
142
97
121
168
140
252
146
141
157
140
129
160
116
711
139
102
361
139
116
183
291
88
144
206
287
66
107
123
87
107
100
102
84
154
89
139
163
100
152
196
143
128
138
139
71
102
92
91
72
74
96
78
51
73
120
124
109
66
92
111
116
150
173
152
131
209
84
81
85
106
134
115
165
89
148
95
106
132
107
47
107
195
110
103
83
369
80
90
103
129
152
76
85
314
89
151
591
375
127
131
84
144
104
104
88
185
402
145
105
101
1740
116
141
107
108
91
91
136
116
224
1015
329
171
137
114
150
316
117
93
118
125
116
171
82
128
87
293
147
79
632
188
200
133
121
122
157
131
123
141
98
109
91
76
126
82
96
67
93
75
65
81
96
85
145
207
106
136
82
81
83
90
82
66
86
78
226
87
139
127
212
82
77
133
84
75
98
93
159
90
76
92
73
91
116
83
77
81
105
73
131
91
78
78
80
94
77
74
66
85
77
78
118
101
114
162
96
118
107
71
130
247
173
74
216
121
137
104
119
82
82
132
80
155
90
100
149
179
162
161
142
258
113
204
145
265
115
126
176
356
116
139
100
123
169
73
98
145
145
85
73
70
64
109
161
98
120
131
213
85
76
80
105
112
66
82
76
84
84
231
123
114
94
84
78
94
88
197
74
84
84
167
174
90
188
128
104
117
128
87
118
95
81
151
96
135
171
168
163
102
146
126
334
83
87
90
95
402
102
74
74
80
73
84
110
105
142
82
79
93
93
77
81
63
106
78
76
71
174
121
81
197
136
181
230
101
294
80
213
192
157
111
210
86
196
98
195
101
174
180
120
180
165
115
118
82
199
97
212
198
100
116
95
94
80
104
173
168
119
145
99
191
286
132
123
107
1122
105
114
78
75
76
70
113
163
97
101
89
95
183
193
109
144
121
163
70
81
78
70
274
469
87
228
59
327
35
109
76
108
170
111
69
100
98
130
162
109
68
126
178
99
104
54
130
72
112
137
117
74
127
150
114
96
84
133
124
139
119
117
138
150
361
355
131
408
209
147
155
342
146
619
179
116
124
169
140
241
186
185
100
127
90
164
122
73
103
100
193
151
138
355
99
162
100
123
107
84
85
79
101
397
135
174
242
174
74
196
78
181
119
90
117
162
391
92
244
163
165
80
113
88
127
168
92
201
122
171
103
79
139
156
160
108
71
96
122
155
154
136
83
134
153
150
125
108
162
135
117
131
136
94
76
125
177
95
137
130
109
107
86
126
125
88
191
172
94
137
116
99
153
136
158
74
112
135
132
106
271
201
131
98
121
124
88
154
134
117
130
75
134
112
89
185
228
156
98
252
158
164
231
77
71
108
91
173
131
146
121
151
125
102
105
175
147
116
104
244
133
162
148
84
109
136
175
147
192
138
120
294
95
85
207
148
171
168
63
135
206
171
111
213
141
101
94
31
127
80
101
134
181
156
166
108
174
95
64
156
208
103
123
95
194
179
126
170
144
66
159
109
120
426
120
171
156
85
110
105
101
120
178
127
123
179
116
107
97
144
124
132
132
49
63
110
134
104
108
121
123
117
99
143
86
132
126
130
159
145
127
162
134
144
133
143
102
192
165
105
93
122
105
110
151
128
125
402
128
134
112
78
122
109
125
146
116
96
93
114
140
112
93
96
186
160
138
145
104
89
57
107
82
62
70
80
116
54
169
155
189
86
101
75
82
116
1156
164
157
238
106
116
111
92
83
125
132
195
99
163
211
172
134
79
142
138
137
173
69
166
139
159
129
98
215
125
47
77
259
173
157
129
82
122
110
186
159
167
144
180
109
111
303
176
55
158
368
211
235
154
113
149
152
157
81
123
117
178
192
149
136
109
133
139
110
220
142
122
198
144
117
141
101
142
135
137
117
185
97
124
167
121
80
129
93
163
197
169
124
240
123
138
129
104
126
96
153
122
123
132
138
48
120
154
113
128
123
152
105
106
139
132
123
117
197
231
127
138
105
122
67
195
184
103
141
206
111
154
154
119
135
102
132
117
121
112
106
112
126
70
107
110
107
113
111
116
127
113
125
74
125
145
101
65
1014
287
148
185
146
147
129
390
162
114
58
128
121
96
83
192
91
91
113
58
93
155
92
173
58
358
100
133
104
105
55
79
82
155
79
131
77
144
604
184
96
103
104
97
144
98
158
119
165
126
126
136
142
162
87
181
166
162
157
107
118
136
153
61
188
572
146
122
66
76
179
139
139
176
134
131
135
217
141
103
95
148
121
104
165
78
127
122
100
212
92
118
112
137
100
92
93
91
90
73
73
129
157
180
143
251
185
276
158
99
193
367
633
135
140
118
192
234
189
168
88
53
156
130
145
76
143
106
189
126
76
162
103
92
80
104
82
126
97
129
100
142
110
97
137
125
124
113
84
169
186
63
103
150
128
77
108
92
110
419
95
111
67
91
94
174
121
142
130
136
80
171
88
56
145
145
68
92
102
82
130
56
135
113
76
132
146
105
301
131
88
132
139
140
28
124
106
95
248
158
121
156
206
103
103
93
173
143
91
134
128
69
147
107
76
142
35
137
102
454
132
142
651
128
95
97
147
118
55
157
231
285
113
150
166
163
187
99
140
148
140
157
112
127
110
245
92
115
112
97
85
67
68
81
91
103
127
146
106
103
115
109
106
108
139
141
140
145
325
88
165
146
155
169
478
47
89
206
130
66
149
80
178
85
155
247
182
107
86
108
184
141
64
122
73
146
128
262
175
105
203
167
126
113
131
114
82
150
156
78
60
176
128
115
142
161
141
177
423
187
210
160
134
115
151
129
177
174
124
203
200
175
155
370
194
162
190
116
111
109
130
131
143
109
107
123
139
102
115
127
144
138
149
165
72
127
143
153
143
130
136
126
120
71
112
107
130
64
137
121
163
751
130
126
116
196
128
162
140
140
138
215
180
104
316
144
137
210
89
113
105
115
86
227
327
122
610
117
160
79
116
380
147
103
124
188
170
144
137
133
113
152
129
356
80
142
325
146
124
167
167
342
150
458
102
174
81
839
148
92
78
122
108
185
136
151
140
153
154
167
153
179
135
240
87
199
210
174
121
109
146
86
149
105
195
112
148
116
96
139
98
94
123
119
94
133
97
373
155
188
122
78
97
117
89
121
163
198
105
154
149
151
203
109
79
69
118
117
130
132
84
67
86
136
128
118
116
133
122
137
131
134
654
139
101
87
112
49
193
178
157
113
514
100
214
95
78
90
98
82
67
94
97
140
192
103
92
94
175
151
156
61
135
120
203
275
2722
204
354
122
112
159
196
208
112
80
73
175
159
129
71
128
266
90
129
110
122
101
120
166
124
162
151
155
99
112
278
78
96
166
135
72
111
145
145
149
174
108
370
231
69
276
118
280
399
136
144
119
121
84
132
92
123
183
308
233
153
267
143
161
122
69
79
142
111
59
118
80
207
95
120
110
136
108
146
151
168
153
135
101
128
124
121
94
134
194
116
119
90
162
159
113
144
136
102
156
123
132
121
95
320
122
148
107
50
137
122
106
133
122
176
148
110
341
112
135
128
145
107
167
100
122
137
102
129
94
130
494
98
74
492
86
105
73
144
163
148
121
148
117
131
140
124
115
97
162
118
226
106
69
76
136
79
312
157
123
192
123
93
159
109
106
118
146
195
135
122
166
144
103
106
154
160
118
162
244
129
127
114
304
153
155
133
196
126
164
131
120
114
99
125
112
103
165
132
115
107
134
162
108
128
147
147
81
145
153
430
118
100
107
260
128
227
162
133
150
171
127
113
191
137
166
103
207
98
116
70
126
129
1124
94
88
111
136
91
99
151
126
145
84
145
128
553
116
443
127
154
128
189
218
127
193
153
125
162
131
67
199
149
150
139
178
103
146
114
132
144
69
70
104
83
107
134
172
58
148
126
73
146
51
125
124
137
144
222
64
73
143
80
154
151
112
117
107
136
112
157
168
211
140
156
152
153
178
161
134
169
131
224
206
96
187
148
117
294
118
161
104
122
154
117
108
177
187
158
119
168
102
145
182
148
158
205
557
162
154
115
162
125
147
139
120
126
171
132
130
166
85
364
89
100
176
126
35
118
162
108
176
203
120
166
145
144
83
128
168
109
126
163
124
114
143
93
105
189
98
127
80
155
164
117
133
79
109
81
137
89
135
60
115
208
116
84
80
121
82
193
168
261
123
222
120
132
94
126
451
168
70
233
195
76
176
86
170
161
121
111
152
136
120
116
175
148
143
150
99
123
149
132
139
111
153
110
143
148
151
122
173
176
592
135
136
163
139
154
120
186
146
120
223
189
131
87
133
144
96
104
158
135
89
136
90
89
76
98
74
84
90
63
63
129
154
185
133
157
123
177
228
40
116
107
144
52
67
91
86
92
257
168
159
141
214
170
153
55
180
104
97
79
96
67
51
62
68
95
85
120
162
140
148
204
150
85
192
48
141
133
155
136
70
103
133
119
98
73
124
117
145
109
171
130
847
146
89
103
96
171
52
164
147
131
170
165
105
136
144
173
193
124
133
140
126
195
129
674
163
210
156
102
132
124
518
105
403
54
110
117
107
88
160
77
115
109
259
121
103
155
130
131
180
77
140
198
69
79
82
85
86
73
73
158
48
131
97
146
170
194
78
118
80
21
615
116
80
84
120
108
162
202
58
108
105
99
152
89
91
95
124
75
151
272
108
144
103
123
151
179
347
602
176
131
144
93
118
107
131
108
148
107
132
113
106
109
132
251
116
213
146
113
138
102
147
113
118
128
96
121
91
116
93
97
94
97
135
124
105
116
121
236
117
832
116
103
100
131
451
78
100
117
100
106
111
101
111
180
98
141
101
78
105
82
70
82
144
134
79
89
163
165
92
154
91
73
116
98
93
122
118
117
87
71
107
73
84
79
84
178
78
77
185
87
95
122
100
132
156
90
146
60
119
74
74
76
105
90
83
62
159
72
75
84
130
79
77
143
91
167
72
97
80
108
85
107
81
73
102
72
131
78
91
121
81
80
80
178
105
160
181
96
75
94
79
106
122
130
122
175
110
101
172
53
85
87
96
83
164
146
127
118
88
138
77
83
107
161
55
89
83
97
117
46
179
78
136
61
106
85
103
79
94
81
81
112
78
173
135
92
92
82
61
137
77
74
81
86
96
108
81
292
97
124
87
114
136
114
51
135
177
151
147
84
467
141
504
111
159
148
76
79
111
80
104
142
170
130
176
139
83
91
75
87
115
184
160
104
85
142
86
83
76
74
89
84
101
158
104
179
88
89
161
124
53
134
415
109
65
147
141
64
92
121
115
73
114
88
158
116
135
178
127
186
95
122
92
137
114
101
90
127
87
134
179
105
126
144
99
202
193
125
207
191
157
185
95
128
86
84
85
101
94
100
66
63
62
208
91
150
130
144
275
87
74
76
63
119
94
176
162
164
101
110
125
142
143
114
141
84
204
96
122
135
56
150
110
169
127
68
155
156
143
83
85
201
95
127
140
141
95
99
339
107
135
104
140
156
219
153
129
97
620
599
129
136
377
109
279
159
174
158
108
89
116
98
230
114
127
113
145
698
135
86
83
77
72
411
135
220
128
130
74
117
180
85
104
86
398
94
129
211
106
260
154
237
153
143
177
187
118
197
183
180
130
156
92
127
74
73
70
147
93
140
249
63
81
94
240
125
155
136
270
1179
196
111
113
118
237
93
127
110
75
304
185
105
135
125
148
74
101
108
99
143
215
156
108
79
176
158
143
96
355
111
78
283
306
110
67
79
106
257
113
143
46
90
106
179
71
72
74
151
193
67
114
80
138
158
139
111
133
63
44
258
87
79
325
190
126
142
127
109
137
121
107
90
127
96
124
175
126
130
139
125
182
90
143
167
211
147
264
147
213
139
148
77
163
151
338
139
231
130
260
170
125
129
168
166
1364
195
93
107
157
204
127
155
135
124
165
119
137
156
275
169
101
169
154
111
45
209
118
132
229
101
148
189
138
95
181
149
123
74
155
135
94
111
150
99
130
132
98
168
124
131
157
123
139
90
158
121
129
113
133
158
117
95
120
102
106
103
156
156
153
146
104
119
117
160
138
100
134
129
137
157
333
108
52
106
94
181
120
115
130
120
116
145
161
125
266
234
135
155
139
144
127
127
153
279
127
124
156
99
119
162
72
114
86
202
72
146
94
206
127
109
102
113
368
41
147
281
80
123
477
59
87
212
155
135
78
130
125
82
167
248
154
116
97
111
86
96
86
182
124
462
125
68
125
186
125
124
134
110
123
325
175
96
124
124
139
64
135
170
82
92
350
106
156
226
200
80
119
75
114
73
121
131
118
132
111
79
220
140
146
86
123
144
102
110
171
131
141
134
202
133
117
127
121
89
61
93
131
101
115
158
159
119
118
109
167
138
180
79
139
71
127
160
133
149
121
89
124
102
104
118
142
127
88
168
119
128
109
146
155
143
111
98
189
118
93
123
360
147
243
57
181
212
67
124
139
74
106
92
113
124
158
120
119
179
98
109
95
32
141
175
140
146
153
78
124
160
131
180
1111
132
114
121
101
54
118
181
143
150
114
124
210
114
161
162
308
432
94
188
137
172
117
81
182
126
98
80
83
77
193
130
143
151
97
224
99
92
120
74
81
105
57
114
89
76
103
125
90
191
63
82
81
102
77
82
6951
105
119
145
44
81
132
85
86
122
154
82
85
132
103
146
119
96
138
124
87
172
84
117
98
120
115
147
123
120
116
123
144
129
109
82
146
118
155
118
131
142
155
100
167
169
175
80
153
116
100
80
86
40
221
198
135
154
87
202
173
122
126
128
326
202
214
161
179
149
190
165
133
156
215
137
139
85
98
74
167
124
99
105
76
87
68
79
180
102
84
100
122
111
171
129
151
231
91
95
182
99
158
116
126
137
143
92
219
105
50
118
117
173
169
104
96
90
137
97
115
102
98
157
135
117
190
127
115
127
116
84
141
113
118
162
85
91
108
126
89
112
137
114
124
182
215
116
146
87
123
98
113
137
66
91
137
157
129
133
121
87
154
114
126
79
77
128
118
290
127
77
159
86
107
69
134
136
124
121
137
74
58
121
122
83
120
212
115
116
176
146
137
107
126
95
79
126
121
128
125
163
101
78
61
77
112
167
118
113
104
112
85
100
97
81
105
100
106
149
126
145
106
200
86
150
110
102
154
141
176
145
132
135
119
245
148
54
110
250
167
82
104
159
82
260
391
147
176
203
73
128
140
1125
140
249
289
393
132
162
138
1149
197
136
200
140
364
150
134
171
160
134
164
161
164
157
175
131
146
130
358
159
177
165
163
340
140
152
96
109
126
78
149
101
139
185
329
83
109
147
140
113
148
149
231
109
317
108
106
335
173
166
136
178
136
137
187
111
114
88
161
134
130
115
181
109
248
142
126
136
126
127
197
83
208
235
113
207
89
169
158
69
320
112
71
136
115
147
174
117
222
101
140
127
120
133
163
127
108
134
142
127
119
137
195
348
110
139
170
166
104
148
167
138
127
139
196
210
144
179
107
74
153
126
933
142
87
590
127
176
119
51
133
254
123
716
181
127
372
139
93
126
93
109
148
143
257
122
119
121
76
102
89
121
138
114
195
105
140
129
188
136
119
168
129
109
132
112
144
142
149
170
197
169
169
142
96
157
66
145
139
130
95
80
78
81
165
112
128
143
151
94
267
101
98
105
99
119
117
184
212
113
123
92
100
135
95
140
143
130
143
73
94
69
83
180
113
76
77
167
148
130
137
190
121
142
141
608
155
150
112
147
77
78
142
164
148
128
80
203
161
117
84
86
68
136
153
94
95
83
116
161
151
108
124
100
165
109
116
119
82
154
139
155
168
117
200
113
105
339
136
155
425
121
126
119
215
182
118
181
153
145
52
128
125
96
184
142
73
73
120
853
129
125
179
102
128
127
101
150
93
113
128
559
131
197
77
146
106
57
4146
139
152
89
108
171
144
178
125
97
155
146
175
108
145
101
127
151
146
76
135
153
101
116
94
149
164
73
117
149
175
106
118
139
102
117
99
117
135
122
107
112
127
111
114
177
144
142
164
100
118
116
172
781
106
109
95
108
95
84
163
236
109
106
130
725
150
118
101
84
264
130
129
725
344
155
140
125
177
306
146
150
117
133
117
153
469
103
162
134
140
895
138
110
211
114
133
97
149
175
153
190
159
153
142
150
120
139
2802
164
77
95
157
105
137
128
106
159
119
230
139
228
199
130
65
135
199
181
141
87
122
284
91
97
92
89
146
168
190
144
245
113
115
111
139
107
112
97
127
83
133
152
141
192
156
126
139
138
152
63
130
102
98
121
161
161
94
149
132
177
161
151
128
256
161
215
160
225
139
182
139
119
170
259
99
171
138
135
126
98
184
77
193
112
115
172
132
131
184
86
115
99
186
53
127
113
196
129
72
115
83
126
108
109
237
161
140
112
102
139
195
117
129
113
145
99
132
131
159
202
137
119
60
163
108
191
190
167
125
438
135
187
131
104
143
148
101
114
151
175
95
133
138
160
115
102
127
161
95
310
169
143
409
122
180
231
158
143
125
158
173
152
170
103
95
114
81
588
94
192
249
132
176
83
88
112
126
699
150
216
92
148
149
104
110
89
100
553
199
76
159
138
105
126
73
105
144
80
237
113
179
87
99
94
82
225
51
134
158
105
139
146
173
143
128
56
186
367
124
276
125
163
139
121
249
127
67
100
160
91
208
92
138
140
110
151
129
146
115
115
109
100
120
147
342
396
139
123
102
124
104
131
131
165
159
113
109
150
159
142
100
140
125
162
143
143
241
143
123
230
152
102
77
68
104
73
131
145
75
71
66
70
72
139
96
126
337
145
172
170
92
87
92
152
87
117
179
197
90
95
194
68
107
116
127
164
166
95
87
68
57
57
58
47
77
74
83
156
140
195
96
160
152
110
106
149
116
103
155
175
132
109
112
123
84
118
105
311
120
132
93
110
108
136
125
71
118
333
160
152
183
115
134
755
107
37
118
115
150
144
249
148
120
149
124
157
117
102
1269
89
105
198
239
99
84
104
233
120
83
87
108
124
118
91
135
42
44
62
139
179
161
145
78
94
179
285
64
161
72
73
89
112
103
135
111
154
76
128
130
95
144
138
121
163
107
162
89
102
126
107
122
113
164
110
98
98
103
104
79
70
110
146
154
109
145
124
233
228
157
143
124
136
122
138
96
522
97
101
102
246
110
462
132
112
104
238
203
99
106
97
119
112
134
87
108
105
107
127
1509
92
99
113
105
87
863
129
255
104
86
145
81
130
139
110
121
95
109
130
107
179
98
115
94
99
132
111
112
91
231
219
95
83
69
94
66
85
84
140
126
81
114
73
91
95
80
120
77
156
142
140
90
86
80
133
113
85
87
83
87
67
89
72
266
68
73
66
66
86
72
81
86
70
85
99
86
75
132
75
112
95
75
89
89
76
82
140
103
71
69
125
106
83
119
128
211
200
165
85
99
139
140
194
244
80
118
108
127
96
157
87
102
72
75
56
136
228
252
135
90
102
134
145
159
119
91
94
90
100
196
142
56
105
136
98
119
102
128
84
44
69
81
180
118
43
166
82
170
182
198
161
80
86
96
150
81
87
85
168
112
79
77
65
77
70
113
78
210
153
98
240
106
120
100
141
82
139
140
89
180
48
165
88
144
296
135
142
156
113
168
154
172
132
103
97
140
212
134
483
127
55
71
94
225
194
124
88
76
100
104
61
76
65
76
80
89
93
140
139
105
137
161
128
261
128
298
82
62
116
173
87
184
42
111
217
60
144
314
155
172
123
53
139
99
111
116
111
193
49
177
240
118
160
223
146
165
131
320
106
180
291
222
151
164
181
62
81
72
71
79
76
131
138
143
73
87
37
60
138
81
186
97
243
258
32
96
74
128
180
64
139
89
95
177
127
127
162
320
142
606
126
91
312
241
142
149
108
90
110
78
92
129
103
113
101
151
127
55
59
110
102
94
78
98
145
134
538
121
109
88
124
121
144
152
141
176
144
133
154
88
433
94
72
69
245
155
122
135
99
171
366
95
139
134
76
98
101
193
113
239
70
98
122
121
87
80
77
90
69
150
136
109
155
318
71
115
92
82
163
145
79
139
97
197
271
128
153
107
107
100
86
78
185
91
151
123
56
152
127
60
139
61
86
115
143
133
132
183
122
121
107
64
149
223
130
97
56
135
167
105
104
122
120
222
55
86
141
178
126
84
174
143
119
197
105
88
155
108
87
137
103
128
114
118
114
185
181
178
137
102
112
93
106
179
96
166
148
83
146
84
161
74
77
111
94
210
88
138
132
91
169
154
89
159
146
88
131
289
153
154
127
108
152
189
103
99
117
170
135
110
159
200
153
105
235
104
223
142
97
143
200
111
159
89
200
160
163
110
124
233
141
141
77
77
122
88
138
169
130
161
172
167
135
92
134
129
110
154
124
204
128
219
139
156
65
103
105
137
138
179
163
73
127
88
44
97
207
169
155
97
103
88
124
151
156
122
110
149
108
85
95
100
104
167
168
133
143
126
138
103
174
179
119
120
149
123
111
147
128
183
165
100
179
169
146
110
105
120
154
134
161
122
110
114
103
114
111
138
110
111
459
113
140
130
161
114
333
119
134
101
136
154
118
82
108
58
286
63
185
117
78
151
184
140
184
57
85
90
113
129
132
372
66
109
63
88
134
135
196
177
109
52
77
204
129
120
192
153
82
237
131
136
163
153
100
135
81
110
314
560
112
59
121
69
222
154
93
123
104
112
150
134
186
165
145
79
111
164
147
162
210
163
403
254
135
71
112
77
136
146
172
112
62
82
186
118
134
120
137
160
110
157
149
120
108
118
167
103
116
102
262
128
143
103
112
130
124
81
131
96
112
52
151
105
156
59
171
82
145
140
108
108
93
96
91
117
165
152
101
98
134
110
120
110
175
91
165
125
154
140
156
186
44
153
112
125
218
95
136
153
122
112
93
137
145
1753
142
184
133
97
115
182
109
142
149
200
103
164
108
120
133
123
133
96
172
82
117
162
147
98
93
150
161
140
162
117
83
211
310
129
110
78
126
118
153
163
106
81
75
91
140
86
124
127
119
139
134
97
125
78
70
111
66
121
92
91
78
104
225
173
93
191
128
164
122
103
76
118
193
91
99
165
92
162
85
106
167
136
90
139
163
137
129
137
140
128
116
127
93
144
164
178
108
88
133
131
134
104
135
78
131
86
86
151
102
96
118
99
124
111
111
152
128
106
94
147
95
91
91
205
85
112
147
140
136
167
152
159
161
115
207
169
188
213
135
615
165
198
177
120
143
81
83
68
154
113
111
170
102
145
133
129
91
106
112
59
83
116
75
193
73
151
84
97
85
62
83
116
79
166
112
184
125
110
111
136
146
143
144
143
91
114
137
83
107
121
157
136
93
98
112
111
145
123
151
68
151
124
105
136
142
132
90
140
117
102
146
55
167
95
125
205
131
169
198
114
99
113
117
209
129
99
129
109
104
98
104
249
76
164
138
160
78
99
72
124
124
108
118
184
128
153
171
152
206
95
137
127
111
160
110
118
100
153
75
190
137
119
144
115
122
118
113
128
122
103
115
148
133
164
99
78
53
58
135
85
96
120
129
90
101
110
173
90
109
163
136
112
304
136
388
178
105
114
80
102
112
57
53
180
193
167
88
104
94
64
41
54
179
65
202
130
180
71
204
194
76
123
126
97
183
162
53
265
114
179
137
133
85
157
501
117
170
87
151
149
148
141
168
128
158
767
279
456
144
179
64
115
124
183
146
231
126
149
130
227
93
150
122
126
91
118
117
185
113
104
133
112
119
106
119
91
151
119
117
127
1004
117
147
147
159
169
82
69
445
77
104
88
119
139
166
182
120
167
686
204
223
184
131
162
144
183
114
124
189
174
183
207
188
194
184
134
88
116
92
212
160
143
160
480
109
397
148
154
160
132
89
121
128
144
96
128
137
707
114
194
128
146
85
168
159
120
200
160
273
151
117
165
116
78
80
125
136
181
196
145
395
132
188
132
200
92
171
173
155
496
162
91
129
94
106
98
141
106
40
226
98
102
146
124
135
123
109
63
118
98
117
153
129
141
127
107
103
100
117
124
85
151
130
322
112
197
148
92
178
99
79
131
92
98
137
71
79
99
112
137
128
160
138
98
121
124
122
65
136
103
89
117
130
78
116
169
104
125
74
209
183
82
86
72
92
77
144
85
150
135
83
90
74
152
104
177
187
146
143
389
183
177
217
107
83
243
170
168
179
121
91
130
174
163
93
103
87
142
127
148
93
135
55
106
152
112
112
126
155
98
149
133
50
99
150
185
148
69
202
158
281
210
209
98
263
91
118
348
108
163
134
246
189
110
78
111
111
200
124
176
91
152
152
136
141
110
94
138
144
129
118
114
99
91
129
479
146
112
99
111
207
105
285
120
163
178
143
97
295
101
123
121
153
192
139
163
259
126
139
139
143
114
187
142
113
251
105
164
153
152
144
304
129
113
185
134
145
123
109
109
148
98
86
92
104
109
155
125
57
144
149
935
120
69
409
115
103
92
216
229
93
90
114
114
93
121
104
118
106
88
363
87
699
88
79
263
173
118
100
76
102
104
133
118
115
123
99
163
176
177
147
142
298
192
109
89
137
170
136
120
197
135
118
147
111
204
102
179
154
158
162
126
192
98
89
120
134
120
156
116
80
337
105
58
144
130
131
106
200
137
141
172
79
117
112
99
154
381
140
116
167
136
149
159
104
151
183
110
166
153
152
81
116
172
138
119
90
121
168
91
156
82
115
145
89
149
145
158
174
71
120
135
132
147
117
160
78
135
135
128
172
138
159
164
198
170
125
141
145
184
116
84
120
147
109
233
97
99
137
113
306
126
124
188
57
101
103
139
90
141
91
129
135
112
155
74
317
102
214
79
175
135
201
117
366
99
145
119
179
141
288
145
172
128
98
160
76
136
122
124
123
147
140
96
120
113
136
98
130
171
119
91
128
169
167
559
151
202
75
90
113
110
141
102
154
168
113
171
152
162
177
129
128
126
113
137
173
99
165
140
71
166
796
92
267
78
108
120
125
127
161
106
141
87
94
166
125
103
126
74
356
96
94
132
136
139
54
104
80
114
108
131
158
132
58
115
119
89
83
143
69
122
120
727
148
250
134
213
120
150
153
120
603
166
110
165
147
64
521
95
130
129
68
141
134
168
137
111
271
594
147
120
82
87
99
72
132
187
148
94
102
113
108
159
152
166
178
132
156
179
142
90
113
77
135
85
110
77
137
184
168
168
112
164
90
77
65
76
189
95
63
50
60
60
64
125
185
136
111
104
117
200
71
83
104
119
88
116
82
98
102
472
159
90
130
161
113
132
112
135
95
74
150
92
73
69
79
110
101
67
132
142
89
148
92
131
101
157
86
95
140
110
136
119
108
117
145
108
146
94
144
110
126
85
201
140
227
111
149
128
88
158
70
120
128
74
141
87
218
122
244
129
120
100
151
141
139
211
96
121
126
112
105
149
181
87
117
67
171
86
83
89
100
79
90
110
124
98
97
269
95
71
148
84
167
97
64
134
99
143
71
106
89
85
115
97
154
77
107
87
64
162
149
85
125
157
174
81
146
82
103
160
86
100
107
100
83
133
123
121
93
105
151
104
109
104
123
109
107
151
159
128
149
106
109
91
80
119
104
366
107
98
125
128
64
131
321
123
120
98
147
559
138
94
105
113
119
185
95
105
116
111
104
122
85
112
92
125
316
75
189
111
102
89
115
106
96
137
386
108
90
113
105
73
100
86
126
93
92
114
90
385
88
86
73
67
84
96
78
107
94
200
98
80
72
103
110
53
74
73
60
80
97
75
60
100
73
117
85
91
95
72
127
97
135
125
80
62
81
83
83
82
75
117
105
120
84
123
64
118
85
85
78
65
77
70
82
122
141
74
65
109
84
231
107
96
137
175
167
188
172
154
117
144
142
158
182
78
108
169
153
226
188
95
160
149
249
100
131
457
141
123
104
175
68
185
223
137
82
61
172
154
193
136
130
113
92
65
114
83
60
70
54
133
110
85
76
136
143
36
86
67
77
104
133
198
75
100
102
94
152
48
77
93
149
85
84
107
91
83
99
75
156
81
101
81
839
116
112
72
102
132
92
98
195
132
149
154
187
157
116
110
158
159
112
138
148
171
86
106
83
83
67
85
109
152
76
115
80
124
71
86
85
85
74
63
49
47
165
118
109
130
165
167
268
63
159
162
101
88
84
109
122
85
269
182
61
153
140
102
88
105
128
186
87
92
127
113
141
141
142
157
133
78
111
114
273
172
118
167
185
158
173
186
161
172
131
68
81
69
76
62
75
111
109
79
64
71
148
136
127
61
105
83
228
142
144
586
86
176
109
123
171
145
110
288
112
92
67
112
164
215
154
141
175
208
75
115
158
89
157
37
163
157
103
150
152
94
149
97
90
127
109
91
133
297
102
114
243
4488
114
141
134
154
136
164
156
187
148
262
213
167
109
392
41
154
148
102
106
137
157
119
119
162
74
69
65
127
224
143
208
115
133
85
107
152
82
83
85
107
141
437
90
125
399
53
243
207
104
189
153
96
172
108
161
141
156
100
83
83
77
87
102
146
202
361
58
78
127
63
86
629
122
93
122
120
115
113
146
136
133
99
300
121
86
300
82
174
125
108
131
146
72
141
82
317
134
294
129
108
159
128
150
163
148
140
98
93
125
76
87
238
71
135
115
108
138
199
143
99
139
169
85
319
146
145
114
195
861
88
126
130
96
142
113
121
87
131
99
149
76
208
224
212
149
137
71
91
125
198
72
145
134
122
121
418
129
154
156
187
145
135
114
130
156
166
134
150
119
101
115
152
578
89
146
114
234
134
280
183
115
135
58
117
780
230
118
107
132
86
140
96
122
99
178
110
134
43
53
102
130
133
159
237
165
160
73
206
78
148
112
80
64
113
188
118
131
147
181
119
146
114
131
143
115
130
91
164
229
103
110
135
116
94
140
153
119
129
121
106
91
175
119
117
135
104
91
128
124
74
137
122
162
152
131
112
112
166
124
120
129
114
91
140
144
104
99
130
110
265
119
111
185
120
115
96
238
134
134
84
119
124
83
284
241
89
82
146
60
71
114
76
58
155
123
81
40
68
143
115
85
61
133
160
76
87
139
106
205
154
122
56
108
115
126
76
82
90
148
87
86
122
143
148
105
162
80
49
101
217
143
125
109
130
163
146
268
179
163
113
96
79
142
109
158
220
137
130
127
97
132
109
104
98
396
211
78
130
65
151
145
118
127
114
123
230
118
120
136
60
122
123
154
198
195
117
136
115
99
96
130
100
108
92
117
104
131
98
108
244
186
114
127
164
113
92
92
133
157
110
110
137
130
114
116
109
111
107
105
126
128
113
182
129
114
129
117
109
166
140
139
141
91
137
125
111
139
289
122
206
123
103
140
163
132
210
200
202
146
95
111
85
92
117
106
95
105
1572
147
231
141
172
136
147
147
111
108
121
134
117
83
86
137
134
145
157
150
268
178
212
201
174
166
158
132
153
176
85
116
103
172
93
76
90
67
118
65
104
103
133
92
73
94
69
130
116
117
73
80
113
99
52
78
157
127
131
92
138
134
102
79
129
105
154
141
90
72
113
116
114
113
143
56
191
184
169
115
109
90
206
108
124
96
129
185
69
138
115
154
150
100
147
107
104
97
114
126
135
157
118
174
150
122
260
223
69
113
100
83
82
84
277
108
186
162
156
141
178
144
165
130
174
167
160
208
131
173
166
212
145
101
40
108
174
125
150
221
155
57
122
126
174
95
147
97
62
85
87
306
153
90
131
82
148
142
153
148
102
135
138
88
126
125
132
91
126
78
139
131
122
148
94
90
133
672
182
180
125
74
87
110
129
131
107
93
137
151
127
127
94
168
101
166
111
114
140
176
137
147
94
121
112
153
68
148
198
99
200
85
121
108
107
130
156
107
175
104
136
96
81
81
70
153
179
79
94
251
66
144
89
119
123
166
56
61
185
162
91
141
147
132
108
91
131
122
120
137
112
148
124
88
108
106
103
104
111
98
103
122
138
97
80
59
92
86
96
105
145
92
117
93
111
124
98
146
90
97
127
185
120
142
259
116
131
237
115
95
147
107
268
72
51
43
193
197
131
167
176
105
115
249
101
295
105
145
125
272
87
130
76
117
74
60
104
56
86
355
127
66
190
149
135
168
131
146
135
134
143
156
136
196
124
98
140
119
121
188
172
112
146
126
165
146
248
212
179
350
113
119
92
60
107
131
103
93
89
120
91
150
182
146
384
166
173
148
189
161
95
114
165
144
123
133
160
239
173
164
116
249
302
579
151
99
207
189
2769
378
102
136
75
251
153
131
147
143
247
112
176
151
272
44
118
359
298
168
248
226
146
162
205
98
93
140
130
137
132
122
123
158
188
160
137
164
149
147
117
110
151
106
151
270
87
177
102
428
204
208
238
159
120
81
69
76
199
170
154
154
171
125
202
154
149
159
130
149
202
207
110
105
100
130
92
161
143
335
99
128
117
118
148
118
128
124
94
117
113
100
84
113
118
158
144
150
179
164
146
126
80
146
190
123
102
194
192
116
73
78
82
120
131
148
94
96
70
170
125
99
113
112
109
141
116
174
124
95
118
61
89
190
51
117
96
159
123
100
205
134
89
90
89
157
66
64
110
124
70
125
110
159
110
57
172
111
569
184
99
172
125
88
151
88
289
171
138
142
187
130
165
144
160
113
118
111
168
75
132
141
101
183
136
136
122
104
149
99
85
93
76
112
111
61
118
186
112
135
109
201
218
180
76
89
238
116
135
133
114
214
200
115
198
77
210
107
115
110
88
153
284
54
115
146
158
72
162
125
169
90
140
73
194
126
93
161
430
139
153
189
151
106
134
166
118
94
130
220
139
139
124
115
92
179
173
294
129
277
166
136
112
83
106
75
133
110
121
287
103
89
224
87
246
117
142
143
126
123
125
53
85
165
129
166
101
116
129
120
42
153
141
245
146
572
52
83
69
108
201
147
165
93
676
58
120
98
100
268
95
62
346
233
103
91
138
144
92
308
108
127
107
119
112
126
116
130
174
120
139
71
114
122
122
135
114
135
133
127
206
89
159
168
151
175
136
141
163
142
141
155
141
138
212
117
135
171
165
119
130
135
143
216
90
113
181
160
217
129
138
138
114
106
93
104
129
143
198
155
140
159
151
155
127
127
115
203
105
154
103
97
160
119
172
115
146
93
84
219
84
166
144
145
158
112
166
120
117
162
134
137
157
123
113
228
69
146
95
138
151
449
166
155
181
112
170
120
476
214
166
231
165
131
158
172
113
96
130
87
283
99
118
87
156
166
215
75
168
99
85
157
113
184
175
121
136
120
81
113
154
124
103
199
101
73
72
97
178
214
152
2101
151
152
125
124
185
147
164
113
82
145
123
133
147
151
124
127
170
104
162
178
133
122
194
115
189
84
120
125
221
139
125
136
134
99
117
146
128
139
143
220
126
113
130
96
113
111
214
142
65
137
288
85
170
189
105
70
166
184
167
120
87
121
133
129
139
146
274
123
126
142
96
115
105
117
133
145
142
113
104
63
153
61
165
127
139
112
77
111
117
194
193
107
111
147
145
211
133
182
165
117
293
241
157
157
346
141
120
107
46
180
114
98
102
141
128
128
326
153
152
122
133
143
160
132
145
247
118
185
129
188
95
124
97
149
154
127
155
144
76
107
151
105
75
79
149
139
92
163
113
122
137
140
118
328
90
78
76
74
84
86
62
86
77
86
84
138
107
282
148
113
143
427
40
627
131
149
148
142
141
53
72
170
114
217
110
134
179
197
85
83
84
77
102
74
78
101
72
70
206
182
131
150
148
107
116
138
201
125
174
113
135
123
63
84
135
102
139
182
156
105
130
119
98
153
128
155
232
111
104
123
125
138
84
200
119
131
79
139
144
189
152
128
227
173
141
153
150
166
111
60
100
102
131
239
142
106
76
130
132
92
80
178
99
99
60
172
132
25
101
181
119
125
72
127
121
138
128
96
63
70
98
60
75
74
97
122
97
82
146
106
111
139
309
106
104
63
132
71
95
63
118
90
101
149
126
133
117
90
101
89
102
137
121
93
131
360
104
146
192
114
166
140
175
99
132
139
137
1038
184
114
53
112
83
101
143
98
235
104
207
256
104
86
105
107
128
224
96
91
111
119
213
106
122
100
64
748
129
284
136
877
144
95
103
125
201
86
131
95
101
108
531
117
119
128
138
129
260
109
75
209
90
181
87
186
157
120
87
73
138
79
107
90
102
139
82
76
173
65
78
125
101
82
93
73
71
106
86
86
77
76
92
161
88
91
153
110
99
62
110
133
242
77
79
84
181
86
132
75
132
123
99
82
74
75
71
301
86
84
79
97
72
149
89
88
183
154
84
127
114
57
102
212
114
162
136
261
120
127
122
165
104
168
79
85
88
134
80
975
120
152
119
68
32
168
96
110
207
178
165
129
156
168
80
110
77
124
89
124
71
78
181
92
118
101
66
72
199
194
134
88
197
81
138
75
89
79
85
85
97
101
182
130
68
70
79
139
147
73
136
119
92
152
82
105
142
110
132
123
830
58
101
93
214
88
126
92
254
107
114
76
155
225
77
85
79
110
101
110
160
162
85
72
76
107
127
120
101
110
96
72
108
66
140
87
78
78
65
96
212
53
98
210
73
181
164
145
144
71
195
187
133
176
140
98
202
135
125
180
148
147
174
338
196
197
166
165
155
95
117
134
119
82
172
139
112
150
114
131
190
152
179
397
164
175
183
156
128
89
88
76
68
85
147
89
108
89
67
76
109
230
118
175
119
114
77
97
127
84
84
101
82
290
147
140
995
104
111
109
154
82
230
152
150
104
198
47
148
150
96
103
104
106
116
96
87
119
94
109
112
152
98
87
81
98
223
449
135
79
93
130
116
81
100
132
128
109
198
274
163
156
135
156
116
144
60
276
198
85
226
167
193
98
135
102
107
76
90
110
262
125
243
98
104
116
80
103
78
80
72
98
165
111
97
106
209
88
342
120
117
69
88
100
238
72
80
148
411
77
88
97
173
156
87
165
91
128
188
1515
67
209
306
120
116
118
135
57
193
173
167
89
118
178
159
187
127
363
131
86
111
87
160
144
157
139
153
150
135
213
91
144
505
106
159
478
122
102
128
83
165
138
145
112
82
103
74
140
117
125
136
159
143
111
152
133
147
837
117
151
105
127
126
154
152
93
235
37
123
64
89
158
147
128
74
134
326
87
257
146
154
132
135
101
159
119
67
96
148
347
136
135
121
103
174
118
109
146
146
143
195
113
98
120
152
510
192
59
101
68
150
206
100
119
110
184
148
125
43
122
205
105
106
91
87
130
95
140
149
95
132
160
133
133
141
96
129
78
231
106
99
89
110
106
95
158
163
129
131
135
92
103
126
98
139
60
154
192
105
87
202
117
93
126
156
419
103
112
159
129
130
174
132
172
120
107
113
148
110
816
850
110
113
118
123
96
169
113
89
133
125
107
198
120
110
166
350
98
134
452
284
119
122
511
97
107
130
167
107
122
140
111
127
209
135
123
136
183
167
145
111
70
56
92
83
100
114
79
168
100
106
198
86
126
100
100
106
35
55
144
99
105
256
146
57
79
67
203
87
101
129
100
84
177
183
241
99
74
119
176
110
297
105
157
132
143
204
132
136
59
119
142
125
173
197
76
1141
202
114
108
119
92
76
96
159
167
116
168
93
115
96
151
165
150
206
152
161
119
120
122
75
114
137
140
154
138
187
173
129
123
110
114
105
103
125
118
137
89
94
116
103
139
127
130
118
144
99
117
179
139
103
112
146
119
145
107
154
122
98
179
94
150
121
137
117
98
104
152
107
94
107
237
124
84
187
182
109
268
178
139
110
84
140
150
159
141
178
109
106
125
114
129
78
114
259
148
86
131
140
142
151
107
85
116
121
97
101
94
101
121
172
210
152
217
142
108
170
213
108
134
158
130
166
111
401
101
111
139
155
77
154
90
77
69
76
116
195
84
140
162
98
127
131
98
79
68
108
78
144
90
92
87
62
494
146
134
102
85
92
130
88
149
156
130
96
118
118
69
99
128
108
362
166
108
141
76
131
143
127
62
101
159
178
117
86
93
104
152
114
86
133
144
151
110
122
99
140
164
113
157
146
130
141
163
126
227
138
155
108
77
164
82
84
131
113
116
125
138
153
223
130
168
205
190
137
201
105
179
241
176
177
179
120
125
375
87
162
138
96
126
65
103
181
112
169
99
83
105
78
93
104
99
185
135
128
98
164
68
107
131
108
86
169
209
113
159
94
112
127
116
174
148
99
91
107
100
155
122
106
173
154
206
119
127
142
84
93
120
156
85
141
128
171
105
125
137
127
93
114
107
121
144
155
115
125
144
133
141
200
165
57
150
59
145
140
143
48
106
146
154
112
85
84
197
89
201
70
68
123
127
122
138
62
89
64
113
92
41
134
96
235
135
111
317
78
85
130
149
132
571
77
122
163
131
160
102
97
124
125
111
93
196
318
78
97
84
81
164
115
99
126
112
112
104
121
97
134
142
96
121
164
142
137
218
145
170
117
118
101
76
88
268
120
82
130
81
224
71
83
89
152
218
97
37
105
100
67
91
168
92
128
78
137
176
45
748
132
115
151
138
206
150
202
105
90
114
240
183
159
150
140
147
154
92
437
113
285
164
287
172
138
436
186
230
175
265
111
169
138
154
108
127
99
83
108
288
59
97
115
186
81
117
97
147
91
89
135
143
122
124
152
96
128
189
109
222
174
102
91
179
144
131
140
149
252
157
195
153
133
158
129
208
113
188
173
122
278
155
199
115
149
169
172
196
142
211
90
177
125
188
203
204
113
203
112
125
141
166
100
132
177
153
123
96
131
115
151
125
93
82
114
160
157
206
103
154
302
158
316
134
137
117
68
103
122
169
133
160
243
127
134
174
83
154
147
159
97
144
151
156
273
316
127
103
73
111
99
87
72
204
88
165
56
71
144
108
157
81
126
93
151
122
139
116
197
119
132
130
165
91
132
139
160
112
125
120
112
84
78
126
120
77
128
195
110
82
77
130
594
121
102
116
134
166
115
138
180
120
125
101
143
163
110
107
148
115
126
124
105
121
106
133
77
71
75
76
88
828
150
98
129
456
115
101
50
172
189
141
148
150
383
131
148
162
131
153
152
58
104
117
141
104
127
119
96
158
141
73
88
120
127
154
106
494
200
126
134
191
104
153
119
95
104
122
184
126
161
170
261
113
178
117
227
152
175
269
182
145
131
164
216
147
325
140
102
173
108
141
90
238
102
159
83
162
84
98
93
80
120
110
191
109
116
98
76
93
123
160
160
116
136
205
178
156
157
129
135
113
146
123
98
111
136
171
149
125
127
105
151
221
122
186
168
94
153
122
97
115
143
168
113
131
129
174
133
141
257
85
223
89
110
139
799
434
174
87
93
112
161
66
94
153
121
145
139
187
124
104
78
353
542
98
76
119
143
122
155
124
89
123
76
93
605
136
573
245
115
146
170
118
144
113
105
119
145
144
97
81
132
128
83
142
142
143
165
193
192
101
138
137
168
144
139
180
180
140
125
159
133
134
149
195
143
117
121
129
128
126
275
144
106
163
164
139
86
160
131
183
445
173
118
131
126
107
291
172
105
137
137
186
103
87
159
136
178
88
335
126
147
211
220
140
132
112
168
124
327
237
109
132
39
164
128
149
168
78
159
167
122
87
82
199
130
157
127
109
105
228
165
152
141
183
113
426
94
110
105
120
120
223
211
110
103
186
95
141
128
405
254
87
157
171
111
81
136
126
133
170
148
117
106
94
160
200
78
71
160
127
167
148
103
132
209
122
114
119
180
135
216
144
114
137
74
133
185
112
136
159
177
103
202
107
130
126
192
142
123
154
128
127
80
88
147
117
132
127
174
147
157
122
117
141
419
235
170
104
193
133
109
277
138
152
92
160
109
135
156
104
205
121
193
213
182
192
2413
141
171
159
278
140
106
93
63
109
107
106
95
135
109
73
112
156
175
152
102
171
204
125
151
127
1083
148
114
94
1926
84
160
131
226
131
126
92
129
245
128
292
122
117
474
103
88
86
160
166
110
99
73
95
119
104
115
169
108
101
118
129
115
391
135
137
98
161
154
124
115
166
159
171
71
119
101
131
127
149
320
138
148
133
78
121
158
142
216
109
213
169
93
85
111
155
124
120
157
128
131
223
62
71
88
64
263
75
75
128
212
99
101
131
127
82
274
95
121
163
173
167
172
118
202
121
133
112
158
136
184
111
204
120
162
147
87
81
58
75
71
53
71
138
106
81
165
115
144
123
148
279
103
127
115
111
104
156
116
141
108
96
104
54
136
131
159
135
130
123
395
128
133
135
112
553
58
112
120
159
109
121
125
129
75
141
173
169
120
126
144
141
136
133
100
387
402
119
166
82
118
116
211
129
83
113
115
137
114
69
98
134
166
133
90
84
86
48
143
182
128
124
74
74
53
72
96
103
72
138
266
96
113
113
85
131
365
113
62
71
135
101
171
171
76
116
99
84
135
117
114
119
193
203
76
113
100
100
72
362
120
126
93
144
115
134
127
380
79
247
124
427
127
146
121
386
89
563
114
114
110
99
82
107
96
102
104
104
148
1304
88
137
116
105
86
127
143
114
93
89
115
139
135
97
90
114
119
157
104
71
111
111
116
293
395
128
92
128
106
97
365
76
100
135
81
124
146
116
93
76
96
75
78
92
81
89
84
82
165
80
68
86
135
137
72
71
93
88
78
74
101
100
142
108
76
82
110
82
110
73
67
102
86
97
165
97
81
104
85
106
84
77
64
173
76
85
101
69
70
73
79
72
142
154
87
31
85
103
83
134
121
148
133
86
208
116
100
78
143
151
97
82
97
93
225
112
82
120
78
136
170
117
114
84
181
141
562
260
152
138
82
166
98
174
167
100
105
131
170
96
87
180
158
114
76
81
134
91
82
45
695
60
83
123
114
155
139
95
99
83
78
101
244
119
255
76
101
73
89
84
80
94
87
67
134
184
108
157
33
114
114
102
332
137
77
164
81
80
66
129
73
100
359
146
47
78
303
109
78
68
70
143
194
172
239
75
68
75
103
112
78
409
106
99
92
73
96
68
92
97
72
62
76
196
153
148
108
92
247
79
112
375
69
134
68
233
177
81
141
94
132
69
85
136
302
115
87
243
183
76
175
132
117
143
102
162
99
135
155
166
151
354
150
179
157
111
153
154
223
107
222
132
90
78
85
76
63
69
110
149
69
63
159
138
114
133
110
105
63
129
67
69
81
95
119
124
95
241
350
94
93
110
113
136
87
72
135
140
164
231
70
205
78
151
109
81
187
129
171
89
119
162
135
130
131
105
92
79
131
111
120
65
156
103
140
69
170
125
619
119
144
90
320
143
168
224
341
111
89
102
132
102
95
194
101
114
117
112
193
93
67
131
136
203
107
127
175
180
80
136
59
137
70
117
123
199
469
268
181
117
233
163
127
112
157
159
129
133
383
110
351
108
133
142
96
88
70
125
152
103
179
86
67
188
128
131
147
86
154
108
107
142
137
148
147
131
171
150
173
115
128
127
143
115
155
128
92
127
114
79
101
130
101
131
138
128
101
131
60
55
194
198
98
156
122
113
107
57
175
104
137
95
118
136
93
120
183
64
103
149
74
81
79
177
94
44
62
151
156
103
116
83
87
116
71
85
147
146
176
85
143
151
117
156
73
183
119
155
61
136
141
83
153
168
150
119
113
121
99
115
82
187
120
173
122
127
80
224
220
254
217
271
147
224
136
80
193
204
99
125
124
152
93
187
64
145
209
100
182
113
133
140
111
104
124
97
111
104
125
103
127
145
163
133
133
76
152
68
131
147
171
122
108
110
124
74
182
129
83
292
143
135
132
141
122
114
125
153
173
178
187
140
142
138
172
131
116
132
145
107
113
115
208
156
99
182
144
160
88
176
117
151
130
90
112
91
120
116
99
90
105
95
104
45
126
119
96
101
160
93
105
107
128
133
117
109
104
142
117
169
513
194
90
99
119
107
72
143
103
111
185
103
163
117
105
121
126
338
56
81
157
132
144
95
101
324
124
155
114
128
59
255
174
77
125
126
193
181
138
234
219
109
150
89
142
209
111
210
128
138
63
166
55
121
101
173
136
141
100
180
494
183
129
169
111
80
155
135
109
152
74
94
91
50
168
148
176
59
157
102
140
122
157
124
114
135
123
108
177
174
175
326
103
114
137
141
96
109
104
133
139
132
112
103
108
330
109
117
165
87
86
80
165
103
136
919
132
114
129
124
139
142
141
165
101
131
135
113
127
118
122
112
108
377
138
114
93
103
75
59
110
212
116
94
188
81
92
120
121
135
107
140
133
116
101
88
130
107
57
136
100
101
212
176
101
226
151
169
96
117
208
97
139
127
58
94
135
107
101
202
128
217
182
161
136
123
69
117
110
111
179
134
40
102
101
136
58
141
133
176
239
86
118
95
102
83
68
70
108
85
85
137
75
165
131
112
294
127
109
80
91
101
103
169
126
191
135
118
164
677
111
80
117
105
119
73
103
154
130
115
143
257
83
159
176
157
104
118
93
149
92
120
73
170
88
122
110
171
171
127
143
104
129
107
144
126
117
158
28
120
200
154
105
107
104
87
78
93
138
148
133
192
199
175
128
212
293
121
126
161
245
176
171
217
156
169
134
69
300
67
118
110
130
152
114
306
105
112
84
55
77
68
147
53
70
127
117
218
40
122
83
237
201
131
98
84
182
132
109
135
133
134
174
63
132
162
158
113
115
61
109
217
98
158
124
118
131
75
140
158
161
82
102
98
94
435
132
56
120
111
131
117
103
125
119
99
142
140
164
153
61
352
158
131
104
79
128
145
215
125
103
151
81
88
75
100
101
138
177
110
78
96
635
196
101
150
129
91
141
103
95
103
161
149
84
70
121
290
137
93
142
161
155
126
87
102
86
75
127
146
127
85
114
112
265
124
119
43
75
110
169
108
114
98
94
109
91
107
110
111
118
177
120
144
137
155
168
179
148
104
53
266
181
126
787
120
66
66
172
701
120
121
223
108
72
58
333
149
160
104
86
105
149
86
116
104
97
101
171
163
155
161
158
153
124
122
93
118
137
142
180
123
179
156
199
180
143
166
130
117
166
154
164
1047
133
217
140
281
163
129
196
100
148
150
142
91
202
188
111
106
130
88
153
129
111
123
179
119
76
179
133
627
153
146
161
141
124
109
119
113
111
111
155
196
151
136
129
162
111
159
164
149
169
383
162
141
154
159
99
150
225
155
137
498
147
148
150
171
69
252
108
198
164
166
146
156
247
97
113
129
124
134
160
139
86
103
114
208
126
139
135
330
127
147
162
136
131
177
1186
206
114
99
459
130
122
71
71
156
481
213
119
103
130
149
149
123
153
194
175
138
155
147
144
125
155
108
142
168
106
84
224
97
117
106
125
126
197
152
112
139
122
133
56
168
105
147
132
165
91
142
169
146
85
113
142
130
145
124
120
100
97
114
80
129
116
136
72
125
90
82
114
112
358
150
120
135
154
127
125
104
148
169
102
124
186
120
84
205
146
128
130
107
108
84
146
81
72
75
93
841
137
950
190
127
119
132
115
137
105
107
131
135
118
354
255
195
124
132
122
196
140
113
96
144
110
27
186
181
188
109
135
189
133
118
122
137
148
121
148
134
203
259
157
95
161
68
145
719
156
106
164
94
135
160
173
270
222
158
166
132
128
131
348
181
116
93
92
100
116
154
118
134
92
148
173
130
182
88
79
149
139
145
137
157
89
129
130
108
61
113
166
143
187
118
148
188
154
83
177
176
207
165
117
104
117
155
116
132
98
131
123
154
127
110
141
96
152
77
104
163
157
99
142
97
148
133
116
114
157
129
123
69
132
130
121
105
96
86
79
74
95
911
89
102
153
97
106
92
222
122
128
115
116
140
72
149
142
114
85
151
159
114
92
277
173
117
102
435
195
77
216
76
125
140
139
142
104
177
176
112
113
184
110
86
189
197
92
115
155
120
157
94
149
156
154
140
159
167
134
128
173
130
85
136
181
84
131
143
307
119
132
120
865
166
77
131
154
118
147
133
129
130
134
156
82
111
83
110
129
350
136
155
126
103
100
72
85
112
265
84
128
110
115
124
208
144
93
150
291
278
113
99
124
158
179
186
120
115
132
158
131
131
414
157
176
209
199
120
124
127
163
105
143
191
1097
192
166
117
111
177
197
105
122
62
60
170
174
123
124
126
141
113
128
126
97
129
196
76
113
98
154
162
67
169
64
213
89
121
159
568
202
141
111
63
131
101
132
108
81
85
148
84
115
153
143
92
110
127
126
112
82
95
121
118
116
126
164
156
89
148
102
127
121
114
199
172
97
138
190
155
181
166
145
158
189
60
127
135
115
227
169
273
113
95
109
87
218
63
119
165
129
465
146
187
244
124
102
135
134
103
140
117
136
87
56
1307
353
161
100
524
111
67
109
119
122
133
362
132
152
200
136
97
98
129
116
143
171
114
133
131
90
100
70
152
144
191
106
255
170
60
110
136
168
109
99
140
136
359
68
126
63
85
157
78
135
169
127
109
173
118
114
392
132
112
88
131
234
137
127
126
128
233
126
123
72
108
252
107
129
147
117
166
240
140
157
154
63
81
92
177
143
128
77
117
105
112
99
67
81
65
75
3788
74
70
73
69
138
107
122
99
189
89
252
137
33
78
109
72
116
151
104
202
145
110
104
71
100
170
132
219
111
134
90
81
69
78
126
78
71
171
70
92
106
104
106
163
75
136
107
273
131
97
125
130
122
121
89
107
108
156
136
135
127
252
153
56
153
77
135
94
141
106
106
76
82
101
142
126
113
137
136
258
155
138
148
124
133
98
113
108
99
128
129
359
147
129
146
414
174
72
128
78
104
130
189
121
94
174
106
179
212
107
87
101
158
164
89
179
135
102
113
78
83
68
76
84
144
172
93
110
110
124
106
124
151
126
146
41
136
76
123
69
81
94
80
120
133
150
240
100
92
96
132
88
77
116
100
122
207
112
96
108
121
122
314
95
136
101
73
129
97
75
139
102
97
118
111
109
115
390
110
124
129
109
158
116
141
105
310
107
293
106
164
154
340
134
111
110
567
900
125
106
125
125
128
125
100
104
81
112
307
93
84
113
127
164
115
130
126
812
106
105
100
107
81
93
94
82
74
87
82
124
84
141
92
151
70
91
74
166
91
91
95
140
113
77
79
73
87
157
89
78
68
140
62
131
74
113
81
85
88
80
116
31
92
99
101
145
84
70
71
98
87
76
101
66
64
88
135
61
77
92
106
109
81
102
250
100
176
143
101
264
119
109
101
138
68
141
110
118
103
72
136
80
81
92
74
64
86
387
161
108
133
373
196
141
106
222
93
161
158
59
98
143
83
116
135
175
149
97
151
69
123
67
87
111
136
112
87
127
67
115
129
73
70
128
103
75
68
180
65
70
98
117
77
83
70
157
95
103
86
86
142
126
171
126
182
99
145
170
146
101
182
141
148
100
126
82
108
198
156
300
164
530
111
110
122
139
115
105
97
128
58
80
78
79
120
142
104
139
81
82
299
90
140
73
68
69
74
71
189
138
131
121
374
172
137
192
184
108
314
77
129
174
159
55
139
139
863
133
168
264
138
59
71
49
137
113
91
99
133
95
117
63
109
159
92
375
150
80
168
189
1310
327
131
97
167
162
134
135
80
330
84
64
146
134
179
87
72
69
100
79
191
60
124
82
199
501
109
163
94
125
76
313
787
517
452
87
113
156
138
254
129
98
184
135
92
92
91
119
124
177
117
109
122
119
80
78
120
122
116
141
91
121
111
75
107
101
99
51
114
95
168
199
98
143
139
108
152
127
355
154
95
140
503
90
74
108
218
147
115
153
154
384
145
142
100
73
220
68
183
70
255
76
81
154
206
108
62
83
90
89
407
252
174
186
461
92
152
103
157
117
187
200
74
74
154
177
149
158
86
78
67
160
83
149
154
154
126
76
123
82
192
136
120
113
106
94
161
51
271
248
91
194
137
129
198
102
153
157
132
118
125
174
73
143
50
76
86
159
71
351
131
163
88
93
71
92
120
123
107
77
155
167
79
73
100
116
139
116
156
88
78
82
98
92
108
94
79
81
126
59
175
366
119
111
191
112
105
176
111
75
118
177
77
164
118
226
144
111
198
191
95
144
426
119
153
124
117
146
112
127
127
76
134
128
111
131
112
182
127
113
1191
172
134
111
148
225
194
88
222
153
100
266
63
102
128
133
99
79
80
263
105
177
189
605
133
99
74
120
121
254
127
75
164
163
129
85
127
113
119
117
92
81
68
74
163
120
96
169
110
121
123
120
114
139
107
141
82
133
124
174
155
131
143
156
168
106
107
113
92
90
162
112
154
142
213
143
119
140
135
162
137
133
149
121
165
110
95
119
134
114
127
144
131
110
113
115
144
101
137
98
119
128
138
159
100
100
95
97
183
184
124
125
106
87
118
166
65
290
80
123
176
239
99
115
102
91
178
73
105
105
130
185
192
90
125
77
95
66
128
348
129
55
139
103
154
188
115
102
317
101
99
131
144
94
522
197
88
103
117
137
49
268
112
59
74
64
146
230
71
118
87
130
139
125
137
109
129
164
120
43
221
141
128
119
102
169
107
178
146
76
156
102
92
125
159
130
57
101
77
169
117
95
190
153
247
188
122
103
93
103
119
168
127
136
142
127
112
118
139
156
122
89
203
120
125
71
221
134
132
147
150
284
131
114
92
118
142
141
116
131
96
182
153
178
140
121
129
246
171
96
145
178
149
132
89
86
187
161
137
74
157
160
104
109
131
119
110
113
161
124
145
157
174
91
131
160
124
2197
115
156
98
110
110
137
136
108
102
136
178
43
125
98
193
151
130
174
329
107
134
239
199
83
685
106
149
159
116
115
79
189
77
147
84
132
131
74
84
145
73
147
101
77
75
93
160
103
136
98
95
134
250
95
62
79
84
116
131
126
63
135
117
132
96
112
145
139
175
81
106
109
116
49
149
131
170
136
195
90
154
124
130
144
121
176
95
125
124
137
155
165
99
160
129
92
138
129
118
151
142
135
618
110
116
129
132
147
149
105
87
72
143
84
92
97
103
120
162
112
152
136
225
166
122
218
195
193
146
198
171
394
103
174
114
54
193
105
138
107
62
117
179
92
47
93
78
74
86
108
137
85
144
70
116
96
97
149
119
125
105
141
103
128
80
101
143
97
96
70
86
82
205
114
78
97
153
102
129
59
138
119
110
125
112
104
87
70
150
244
237
102
126
81
152
103
122
118
103
96
97
176
126
132
79
201
111
107
528
165
109
135
95
147
127
188
137
152
167
154
144
126
60
64
116
116
31
72
102
87
108
97
103
82
133
118
107
110
84
70
247
115
76
111
207
115
173
78
123
117
123
177
156
140
130
109
127
116
129
129
110
109
131
68
112
79
75
106
97
93
129
105
120
117
124
147
129
97
120
173
153
293
134
144
119
120
130
101
123
115
93
117
55
161
95
60
314
109
56
105
59
103
106
225
228
121
70
388
85
122
163
92
95
149
88
115
104
192
150
159
75
92
297
229
109
120
144
113
184
127
110
148
537
306
102
145
135
109
162
139
121
211
220
142
196
160
184
186
117
88
134
126
174
77
187
124
133
118
116
128
124
95
154
130
143
120
171
146
115
134
109
145
120
141
198
103
121
195
96
138
190
129
126
243
172
194
135
114
158
74
124
145
546
134
79
213
179
177
244
104
207
128
199
123
126
94
175
238
158
271
130
164
110
83
111
122
61
183
130
152
140
159
109
120
165
172
168
159
159
203
100
98
118
135
164
134
127
141
176
175
143
144
92
69
120
115
181
150
126
174
193
184
158
147
187
187
89
168
128
141
137
126
134
90
122
101
93
85
55
122
136
141
148
111
106
115
101
179
127
76
181
148
145
120
116
146
129
166
118
111
105
170
149
145
130
86
103
91
162
82
134
121
168
90
67
100
90
104
105
101
132
89
121
165
117
146
129
160
158
159
138
319
117
67
140
61
103
109
66
150
94
124
88
86
66
76
112
147
132
118
432
126
240
118
73
115
145
153
432
117
135
140
262
150
136
119
314
152
134
78
111
98
97
124
115
121
141
21
163
128
101
115
149
103
147
172
149
140
147
147
146
192
147
109
106
100
193
122
181
174
116
206
109
229
691
244
91
302
364
223
155
48
90
48
148
131
122
100
199
131
102
169
128
135
102
101
75
109
161
109
111
137
156
146
88
100
218
136
133
157
144
156
135
127
104
81
137
129
210
141
126
149
112
166
123
112
147
67
116
108
132
190
81
157
113
426
152
104
160
115
110
120
123
158
202
106
158
97
80
156
127
115
92
96
101
99
167
58
161
130
55
46
75
82
168
117
87
109
108
164
161
122
105
144
77
98
211
137
99
164
290
119
82
84
139
167
136
124
146
142
145
147
154
164
71
153
127
119
115
173
142
132
119
142
191
109
128
141
127
137
159
191
153
140
193
263
252
146
148
224
163
189
168
135
252
218
191
97
127
113
141
134
128
125
138
173
165
190
108
133
133
124
149
125
142
139
146
169
1899
229
168
128
134
112
126
157
213
92
190
151
148
80
108
188
97
132
176
126
204
158
142
69
98
329
204
99
135
86
120
162
123
151
141
161
968
199
205
146
353
161
124
119
97
69
112
110
166
86
154
154
133
440
87
142
103
155
285
161
107
142
181
183
118
126
101
79
356
194
106
187
91
110
112
83
85
127
141
90
83
109
122
99
160
103
197
120
97
195
216
144
158
494
73
69
150
123
114
83
146
126
146
98
116
122
144
162
109
164
145
160
330
168
185
138
151
195
136
148
134
148
137
143
135
160
160
173
186
147
163
111
87
67
151
78
105
158
119
110
106
337
163
95
109
60
110
106
164
109
115
133
119
119
137
104
90
105
313
115
124
127
110
133
96
117
158
134
103
131
60
98
81
73
102
100
661
123
147
187
167
86
137
152
640
324
139
143
227
264
120
333
125
118
60
186
99
156
561
138
82
172
76
114
119
158
104
144
381
119
136
149
120
118
104
84
127
510
124
125
87
142
115
125
170
122
205
139
91
138
384
169
99
126
127
154
79
98
114
123
150
101
96
192
88
127
88
78
78
138
76
61
69
95
83
89
104
195
497
229
261
72
113
222
137
139
230
129
156
140
179
108
360
60
266
119
104
149
111
105
97
69
153
81
75
63
70
3063
86
108
68
137
116
1533
131
113
158
155
162
139
77
117
116
106
123
119
89
133
117
144
123
83
125
127
171
190
109
118
121
176
156
88
67
151
124
110
165
115
183
145
184
162
175
107
175
141
190
273
74
77
315
134
128
110
194
131
145
117
123
273
154
76
98
144
177
100
116
107
72
107
169
137
45
173
226
160
193
82
75
167
129
104
82
81
81
67
184
130
130
156
41
112
127
115
95
130
116
222
110
164
92
156
109
120
83
156
106
106
98
191
75
63
95
95
272
100
129
260
88
104
149
114
150
95
66
1311
123
445
126
169
107
145
135
164
167
124
73
115
113
105
102
141
107
124
89
108
268
115
112
190
162
99
118
288
121
53
260
434
217
74
305
147
127
331
102
184
120
120
81
103
91
120
79
130
148
49
110
106
320
255
181
518
86
98
68
150
91
118
90
90
80
83
87
84
70
80
86
83
121
103
79
82
85
131
60
73
118
78
143
87
136
89
77
119
91
102
81
97
169
102
68
91
90
77
61
94
96
97
78
64
69
80
158
98
79
106
79
92
74
68
95
73
126
78
120
130
260
28
129
110
48
111
124
112
137
47
150
132
273
177
114
137
87
89
140
84
80
168
223
193
77
125
201
100
123
118
101
136
138
108
211
109
106
190
79
235
88
91
87
96
74
80
190
88
108
158
71
103
130
58
140
82
145
132
245
87
69
84
88
49
159
118
126
34
89
75
83
149
101
244
105
218
138
73
137
100
142
129
112
122
115
219
103
92
110
132
102
255
168
150
757
136
179
108
95
74
100
90
154
21
166
103
64
72
75
137
112
158
184
60
77
80
184
77
87
73
71
73
141
200
94
69
79
160
116
155
181
172
396
77
67
94
172
134
38
128
117
68
118
122
288
215
126
126
149
70
114
66
102
99
138
154
117
118
90
219
71
177
234
144
229
250
95
117
275
127
194
115
152
90
66
76
88
54
276
180
86
75
177
117
145
90
100
112
153
131
70
85
105
99
160
92
73
199
166
92
777
113
86
96
352
282
121
117
127
74
127
159
150
100
193
132
106
93
79
130
183
86
138
422
106
86
76
102
121
107
138
110
348
229
337
114
247
108
172
126
127
171
396
204
186
93
69
108
176
149
146
83
143
160
108
97
104
79
151
86
58
85
78
190
250
146
171
207
133
190
116
59
98
60
85
167
241
132
317
105
233
196
104
305
103
80
113
84
134
214
134
84
89
92
57
80
79
105
132
141
116
127
137
199
120
140
130
86
97
121
78
163
131
108
920
151
57
112
101
169
82
105
236
128
117
812
109
100
164
183
239
107
106
129
91
81
140
134
118
204
215
125
126
203
131
126
127
96
126
97
81
179
128
234
84
133
73
106
86
893
77
227
124
466
151
196
165
143
82
241
161
110
70
80
140
106
117
110
138
121
125
122
141
119
145
119
99
107
117
133
352
120
309
139
148
142
150
150
122
161
97
160
131
131
138
148
169
131
272
135
104
235
297
100
442
151
104
193
63
161
104
132
119
78
109
175
127
129
105
190
171
169
111
202
116
199
109
150
128
106
143
118
113
128
129
143
103
179
149
105
88
137
110
95
89
71
160
121
148
123
128
98
109
147
172
102
68
496
159
145
71
91
134
118
146
228
123
144
113
144
139
139
131
133
81
109
205
134
133
120
143
118
119
118
362
80
124
96
105
85
304
107
192
95
122
133
137
116
136
212
99
106
93
114
127
106
69
112
172
123
98
154
108
202
78
126
91
122
173
171
67
90
180
153
95
132
60
92
80
158
91
141
213
101
140
77
106
189
172
114
106
152
124
103
78
94
154
118
128
103
137
142
121
70
172
150
111
78
272
149
98
138
85
208
144
157
173
62
149
107
128
192
132
97
172
127
75
162
95
108
122
109
153
147
71
110
151
72
127
183
87
252
162
87
85
149
102
129
114
111
187
148
120
112
93
126
116
163
122
132
123
126
90
105
101
114
152
149
105
132
390
82
132
124
206
121
116
114
149
99
123
100
123
97
155
131
114
145
121
118
127
164
128
85
380
93
87
117
178
117
149
147
149
137
83
124
90
141
133
100
113
96
107
164
106
103
201
105
106
120
116
73
100
120
122
110
126
176
157
108
139
184
132
108
150
69
88
148
90
172
180
174
70
205
153
119
74
213
32
134
130
120
116
79
81
101
80
74
105
131
128
139
179
134
133
95
73
66
67
196
146
104
72
109
101
84
73
390
68
82
80
101
137
132
126
138
83
127
131
114
125
104
112
111
96
159
168
121
167
139
119
126
148
114
154
149
67
107
129
98
92
78
99
79
68
111
129
111
172
118
122
111
168
94
94
141
145
156
169
48
89
142
88
122
73
78
166
132
165
132
166
146
161
115
220
131
114
205
216
186
246
207
185
174
259
118
146
128
144
103
105
126
87
130
125
189
111
130
103
99
91
60
153
156
103
93
125
253
150
91
181
76
86
115
105
132
88
121
78
105
93
56
105
94
184
136
95
86
86
495
136
110
129
114
124
107
130
147
99
60
132
127
149
189
106
116
79
151
127
104
130
112
213
136
176
248
126
88
97
177
90
125
323
86
117
154
131
134
185
157
132
171
58
131
86
72
86
179
93
78
72
95
84
183
96
183
129
124
105
105
118
129
104
276
111
123
65
175
111
121
118
148
165
115
143
114
113
144
118
125
112
93
99
110
124
75
73
65
83
66
170
97
147
130
118
101
102
155
146
120
99
106
120
143
241
120
132
342
142
121
85
204
123
167
113
364
101
213
99
101
65
123
130
111
174
144
95
100
104
240
82
158
140
135
91
172
187
78
127
178
129
476
174
106
60
89
123
138
160
129
71
202
245
215
172
139
174
136
138
161
166
121
135
182
123
131
462
142
145
106
149
162
124
119
143
120
132
188
182
147
92
144
88
120
119
117
145
165
122
94
128
1240
132
100
2366
148
144
144
119
106
139
117
112
90
1414
124
261
190
124
188
188
79
209
88
378
88
161
176
111
183
488
183
157
108
126
111
129
158
86
123
157
117
141
119
156
110
170
159
147
120
177
156
125
141
116
66
108
134
118
155
121
119
133
78
184
139
311
162
131
112
273
234
140
148
125
68
69
136
280
110
126
145
184
125
113
144
160
151
152
135
107
159
184
190
98
114
99
96
111
103
294
128
157
130
120
90
155
148
176
154
109
112
115
46
137
120
148
160
118
113
123
164
112
113
214
109
150
151
139
118
75
95
78
111
108
328
75
73
69
75
131
121
98
116
149
134
162
347
143
99
115
197
150
78
138
99
352
380
178
74
117
77
55
250
99
87
124
63
61
91
87
84
75
66
104
108
95
85
285
129
171
147
139
146
472
298
153
139
485
89
96
131
90
165
76
121
125
159
90
732
108
150
100
105
133
106
103
144
192
156
134
86
170
65
138
145
213
175
326
605
133
192
237
234
138
178
256
273
341
163
287
171
204
168
106
122
116
76
117
154
173
134
124
126
164
119
599
110
97
157
89
114
162
156
115
56
120
151
134
108
113
122
130
144
93
189
138
146
176
143
150
121
115
94
125
135
139
154
164
145
136
164
109
118
126
153
207
369
85
126
120
63
178
186
248
140
104
98
96
105
65
129
103
160
130
114
106
109
77
115
188
447
127
79
128
52
89
118
137
218
126
78
295
123
122
83
73
278
91
148
85
231
132
167
777
107
363
79
153
101
103
80
149
148
77
160
167
122
164
121
123
149
128
133
143
115
124
185
112
112
141
182
1396
132
199
143
130
121
67
119
119
197
123
130
222
152
61
132
128
226
109
116
142
112
129
123
157
83
132
141
162
136
165
171
186
211
139
126
125
247
113
163
101
100
129
113
190
95
154
109
141
97
96
162
128
170
119
148
139
115
164
87
193
86
162
538
133
105
120
159
121
149
166
161
103
102
158
141
167
140
130
151
257
148
179
147
180
158
116
170
167
120
148
130
132
81
123
99
594
94
124
82
344
128
145
94
165
115
54
132
140
117
121
78
127
57
145
296
162
82
97
82
108
52
169
155
126
123
173
103
145
138
140
188
94
119
95
121
113
158
126
161
119
213
144
117
151
133
164
118
154
116
84
184
124
143
144
123
138
99
143
150
172
190
178
148
134
170
355
171
575
174
115
127
193
184
62
67
110
170
100
153
156
169
74
169
129
96
97
86
159
303
122
103
140
91
121
105
142
136
102
136
114
162
128
120
108
144
150
89
119
83
133
109
107
150
136
209
91
111
119
170
131
867
106
118
146
148
146
124
145
151
125
91
115
999
140
133
120
75
105
221
180
135
93
141
105
142
147
132
296
152
136
131
126
116
116
203
145
136
127
109
133
153
158
142
117
102
150
94
98
122
104
657
88
168
164
122
183
98
89
165
130
109
119
91
119
90
80
141
97
68
65
83
69
93
84
212
107
1165
544
72
138
199
173
142
69
159
115
108
102
209
96
138
104
90
116
69
118
126
114
139
155
86
74
53
65
85
71
80
104
142
147
136
140
161
111
117
224
81
89
192
155
199
157
109
186
114
119
121
142
176
140
116
177
137
88
138
572
91
214
424
144
99
118
149
162
136
25
47
174
169
175
497
122
135
136
194
368
240
68
121
137
90
90
123
122
163
183
111
104
170
184
114
65
93
84
107
78
204
208
296
193
82
74
121
116
83
80
69
82
65
86
129
86
82
141
63
141
115
95
111
82
243
226
99
146
106
86
64
152
115
65
77
81
90
144
97
112
221
203
148
128
179
173
136
125
87
513
128
101
79
127
111
111
115
93
722
91
100
93
74
203
340
123
128
89
106
213
116
165
79
116
107
105
90
106
122
113
127
112
81
158
68
150
134
103
703
98
102
110
205
85
353
321
106
767
116
96
273
125
89
108
183
102
125
103
58
136
293
116
204
85
1746
