0.0209781
0.0157612
0.0156211
1.19212
0.00968817
0.0171887
0.00926835
0.011426
0.00714302
0.0239172
0.0347291
0.0146318
0.0105669
0.0187191
0.0228955
0.0322958
0.0477007
1.47623
0.0117669
0.0380565
0.00966648
0.00368052
0.0372777
0.0370769
0.0645519
0.0349542
0.0210406
0.00869949
0.0339066
0.032301
0.00570111
0.0263329
0.0174623
0.0163604
0.0120333
0.0094052
0.0230265
0.0243244
0.0247749
0.01728
0.0335301
0.0511017
0.00552373
0.0189165
0.0302401
0.0151576
0.0257814
0.0123557
0.0180286
0.0685848
0.0493693
0.0109977
0.0112413
0.0201108
0.696656
0.0269097
0.0110186
0.0394255
0.0154752
0.0172966
0.0342684
0.027241
0.0322259
0.0234718
0.0151528
0.0163089
0.00226315
0.0103626
0.0112913
0.0237927
0.00430526
0.0222334
0.0345411
0.0218994
0.00842622
0.0190254
0.0294688
0.0166883
0.0146746
0.0354798
0.00449358
0.011574
0.0137517
0.0157048
0.0588317
0.0227502
0.00753407
0.0238349
0.0139648
0.0180597
0.0115716
0.0159914
0.0211662
0.0166126
0.023375
0.0251167
0.00721744
0.00572191
0.0122405
0.0199593
0.0222702
0.0202783
0.0276576
0.0157195
0.0218643
0.0293946
0.00731747
0.00232492
0.00382034
0.0168341
0.020654
0.0114888
0.0139032
0.0153251
0.0271851
0.00575101
1.8863
0.00989844
0.143323
0.0535453
0.653013
0.030086
0.0285396
0.0366595
0.00553606
0.00318037
0.0263795
0.0177861
0.497888
0.00613179
0.0129599
0.0384473
0.0888686
0.0167645
0.0241037
0.0141256
0.00600985
0.0288371
0.0122239
0.029301
0.0322015
0.699252
0.0190865
0.0320245
0.0070324
0.0527436
0.0246916
0.011269
0.0160195
0.0189893
0.0108123
0.0206818
0.015768
0.0229021
0.040766
0.0289596
0.00609347
0.00669031
0.0546974
0.0510273
0.0119958
0.0333411
0.00526172
0.00849499
0.0255012
0.0340286
0.0216247
0.0273925
0.00505933
0.0159297
0.048944
0.00357402
0.0153103
0.0288018
0.030296
0.0272569
0.0157286
0.00900629
0.0380613
0.0645226
0.0116249
0.993874
0.0650794
0.00948476
0.0177142
0.0110872
0.00921206
0.0157976
0.0118156
0.0093861
0.020365
0.0149562
0.00961862
0.0174319
0.00760889
0.0323664
0.00299956
0.016271
0.0526421
0.0269808
0.00990652
0.00571811
0.0236601
0.00716616
0.0209558
0.0165569
0.0322184
0.0228603
0.0220511
0.0429361
0.0143886
0.0197103
0.0220095
0.0519007
0.00927729
0.0182625
0.0140545
0.0281237
0.018238
0.0149377
0.0114045
0.00620152
0.0064764
0.00522063
0.0081815
0.0052741
0.0071048
0.0135861
0.023911
0.0149503
0.0132475
0.0187652
0.0191143
0.00888747
0.0288795
0.0381244
0.00094315
0.0152438
0.0160976
0.0624286
0.0292746
0.0240594
0.00269681
0.0105394
0.00532419
0.0135764
0.00972459
0.0124017
0.0222143
2.42106
0.0126976
0.0276828
0.0170551
0.0345231
0.0356877
0.0173879
0.0107095
0.00943328
0.0232451
0.0174095
0.0254021
0.0151168
0.0163956
0.0205059
0.0131698
0.0153591
0.0178589
0.0165927
0.0471031
0.052478
0.0264095
0.0350123
0.0195276
0.0384493
0.00687986
0.00733896
0.0165943
0.0154056
0.0184262
0.0246679
0.0089524
0.00389777
0.0289916
0.0218918
0.014448
0.0470897
0.0108368
0.0092717
0.0271468
0.00456544
0.0348461
0.0258272
0.00611403
0.0385411
0.0376882
0.0148818
0.0125645
0.0193986
0.0142896
0.033553
0.00373595
0.0105997
0.020158
0.0254493
0.0406856
0.0446456
0.0128382
0.024138
0.00776445
0.0184527
0.0130606
0.0856975
0.0142515
0.0490216
0.0370601
0.0268249
0.0133613
0.0235055
0.00236441
0.0427262
0.014552
0.016159
0.0314031
0.0140109
0.0119364
0.0316403
0.0130613
0.054172
0.012927
0.07508
0.0140827
0.0316325
0.0416421
0.0187005
0.0147403
0.0428599
0.00380406
0.0393067
0.00557192
0.0312424
0.0114445
0.0254749
0.00735262
0.0143536
0.0121345
0.0158507
0.0162319
0.0169139
0.0203751
0.0268239
0.0142175
0.0121392
0.0147442
0.00747855
0.0191111
0.0141929
0.0113655
0.0562129
0.0190196
0.0212852
0.0068527
0.0106216
0.0108934
0.00734876
1.21852
0.0394105
1.09292
0.0164957
0.00736851
0.0140989
0.00930302
0.01831
0.0172331
0.0437572
0.0137627
0.048789
0.00641842
0.0660392
0.0321909
0.0168465
0.0178248
0.0617992
0.0148401
0.0307401
0.0291899
0.0180547
0.0250265
0.0487069
0.0024004
0.0415674
0.0284964
0.0445636
0.042422
0.0199773
0.0387924
0.0156951
0.0142305
0.0218836
0.0271549
0.0270306
0.016938
0.0495327
0.00746798
3.65806
0.00607953
0.0273072
0.0237987
0.0123935
0.0418209
0.026087
0.0229758
0.0130441
0.0160511
0.0573269
0.0170339
0.0338357
0.0289059
0.0196752
0.0244866
0.00702928
0.0236948
0.00743734
0.0276035
0.0452115
0.010606
0.0221141
0.0367533
0.0561961
0.0223558
0.0262833
0.00393503
0.0117851
0.011927
0.00622013
0.0156601
0.0223693
0.0240989
0.0154859
0.0148229
0.0140997
0.0267971
0.0129552
0.00871556
0.0172702
0.0357854
0.0457218
0.00941254
0.0661897
0.01464
0.01789
0.0227843
0.0282739
0.0118058
0.0167923
0.030249
0.0227156
0.0410755
0.00535939
0.0133168
0.0136956
0.0330753
0.0264923
0.0186109
0.0121663
0.0161337
0.0283729
0.0176574
0.0321402
0.0586826
0.0147656
0.0207126
0.0212683
0.0297101
0.0117494
0.0169505
1.60495
0.0111483
0.016566
0.01194
0.00898227
0.017735
0.0111936
0.0143804
0.026172
0.013346
0.0300654
0.960178
0.0172484
0.595614
0.0117478
0.0258048
0.029677
0.0353881
0.033257
0.0136402
0.0233163
0.013656
0.0208751
0.0200298
0.0198983
0.0117711
0.0275767
0.0332611
0.0238252
0.00848007
0.00316371
0.00669194
0.0180724
0.0149591
0.0264505
0.0118815
0.0118364
0.0291884
0.00533486
0.0240254
1.08638
0.0139544
0.0217212
0.0141262
0.0238127
0.0118932
0.0352842
0.07604
0.00711808
0.0329628
0.92753
0.00942684
0.0248289
0.0250411
0.0193856
0.0253975
0.0292883
0.0280304
0.0228135
0.00721891
0.0103261
0.0350292
0.0416468
0.0125669
0.0170378
0.012981
0.0796439
0.0216637
0.00980346
0.0593968
0.0216071
0.0363753
0.0950052
0.0155401
0.02789
0.00642221
0.022344
0.0164359
0.00548584
0.0239615
0.00430369
0.00364305
0.0454512
0.0184282
0.0234126
0.00902885
0.0419704
0.0275121
0.0309322
0.0189148
0.0119659
0.0278224
0.00644757
0.0192724
0.0192809
0.0188266
0.0120787
0.0499129
0.00962823
0.0639672
0.00929059
0.0156463
0.0193386
0.0179334
0.0211523
0.00976658
0.012645
0.0222902
0.0116073
0.00437968
0.0283571
0.0229265
0.0425631
0.00920681
0.0279533
0.00541439
0.0218651
0.0315132
0.0526587
0.0226245
0.030174
0.0103494
0.0162859
0.0103039
0.0161239
0.0034387
0.0229006
0.00947198
0.021877
0.00838635
0.0122854
0.0052683
0.0292992
0.0115883
0.0329892
0.0160802
0.0230301
0.0151378
0.00548868
0.0145658
0.0109652
0.010007
0.0153071
0.0214125
0.0243563
0.0138308
0.0363606
0.0153953
0.0151935
0.0141547
0.0222796
0.00746435
0.0479573
0.0167305
0.0290069
0.0211386
0.0227907
0.0227703
0.965075
0.0129278
0.029439
0.029903
0.0170789
0.026166
0.00728951
0.00579956
0.0277717
0.016574
0.0327325
0.0204815
0.00867324
0.0368017
0.0251276
0.0325038
0.0107981
0.0164073
0.0204013
0.00789131
0.0229482
0.011281
0.00765573
0.013523
0.0278792
0.00604666
0.00527405
0.0468756
0.027709
0.0201624
0.0124907
0.024197
0.0192435
0.0218286
0.0150828
0.0196376
0.014332
0.0229622
0.023818
0.0541302
0.0114032
1.22687
0.0121024
0.0424908
0.0386958
0.0164833
0.0101762
0.00673465
0.0372673
0.00531551
0.0208745
2.29105
0.00639729
0.0183734
0.0200859
0.0102688
0.0074991
0.00657835
0.0123998
0.0183384
0.0112407
0.0193071
0.0437159
0.0120337
0.0131908
0.0757385
0.0362399
0.00933945
0.0191717
0.0084504
0.00895848
0.00450545
0.0190349
0.0110823
0.00588508
0.0140215
0.0108729
0.0126476
0.055039
0.0223143
0.0157491
0.0134087
0.0236714
0.0341982
0.0122608
0.0298003
0.0229288
0.0164451
1.24584
0.0448143
0.0148187
0.00757175
0.0079338
0.0225271
0.0101867
0.0427353
0.012552
0.0342477
0.014441
0.00952634
0.0118249
0.00839916
0.0082942
0.00481618
0.0231859
0.0302316
0.0109369
0.0296921
0.00980368
0.00323374
0.0142373
0.0181002
0.00786876
0.0112598
0.00503289
0.015394
0.0220755
0.0348006
0.0559562
0.00448991
0.0149532
0.00572647
0.0136026
0.0160972
0.00943659
0.00690873
0.00968102
0.0223504
0.0201727
0.0523628
0.0206268
0.010164
0.056979
0.0218378
0.00126741
0.0156889
0.067665
0.0168452
0.02802
0.0247341
0.0212579
0.0472197
0.0673219
0.0221464
0.0179057
0.0115537
0.0216205
1.56798
1.01053
0.00631995
0.0170429
0.00404052
0.0230688
0.0126841
0.0322382
0.0543156
0.047857
0.0212293
0.00882447
0.0071236
0.871003
0.0117707
0.0108404
0.00517024
0.00691407
0.0667157
0.027764
0.0231064
0.014694
0.0236465
0.0126005
0.0103696
0.0241214
0.0229696
0.0129808
0.0274814
0.0315228
0.00827687
0.885427
0.0118652
0.0117333
0.0212144
0.0143799
0.00860662
0.0105766
0.0127819
0.0169751
0.0147778
0.0243445
0.697594
0.0381454
0.0273527
0.0110541
0.0197544
0.604527
0.00913938
0.00699935
0.0513536
0.0179125
0.0209578
0.0312362
0.0214671
0.00727506
0.00430968
0.023151
0.0724486
0.00943243
0.0640802
0.0230542
0.0446212
0.00998111
0.0290364
0.0159841
0.0278946
0.00907624
0.00382396
0.0563996
0.0124008
0.0317218
0.0046895
0.023785
0.013921
0.0125069
0.0197592
0.00751468
0.0081704
0.0368468
0.00891199
0.0217962
0.0176615
0.015112
0.00467812
0.00195314
0.0228835
0.0145991
0.0122434
0.0391332
0.0379913
0.0319431
0.0131228
0.0227049
0.00814147
0.0138799
0.0118825
0.0290964
0.0275498
0.00639166
0.00619277
0.00836923
0.0104409
0.0226237
0.0447307
0.00645824
0.0245495
0.0366412
0.0210801
0.0140188
0.0084602
0.0173928
0.0137532
0.0552361
0.0113568
0.0182088
0.0227834
0.00458873
0.0131991
0.0434406
0.00199447
0.0239158
0.00658541
0.0147672
0.0148633
0.00952316
0.0300314
0.00129029
0.00972762
0.0164892
0.0297417
0.784194
0.0184748
0.00801432
0.0147443
0.0173193
0.00894176
0.0415003
0.0206444
0.0590359
0.0307134
0.00506014
0.0374924
0.0361119
0.00461151
0.010312
0.00560705
0.023261
0.0147152
0.0147602
0.00681586
0.0249144
0.0082742
0.0423933
0.0302231
0.0568769
0.0247311
0.0246641
0.0416996
0.0141337
0.0169329
0.0128168
0.0190434
0.0116857
0.00931224
0.927248
0.0281381
0.0116559
0.00806057
0.0117716
0.0310083
0.0340385
0.0202248
0.00864175
0.0352441
0.0205644
0.0349397
0.0132989
0.0249858
0.0174403
0.0217297
0.00971693
0.829791
0.00563405
0.010637
0.0204589
0.0111376
0.0165954
0.0340978
0.0421168
0.0167681
0.012868
0.0087925
0.00942491
0.00512641
0.0523375
0.0621981
0.0194184
0.0202426
0.00483275
0.0152707
0.00791971
0.014942
0.00994941
0.01521
0.010455
0.0465688
0.0118409
0.0240534
0.0104847
0.0213128
0.0177159
0.0174542
0.0308094
0.016221
0.00765128
0.00825316
0.0344025
0.0264933
0.0119513
0.0100029
0.0187248
0.0222706
0.0298992
0.125254
0.0126377
0.822447
0.0293541
0.0235881
0.0227476
0.0203965
0.0182859
0.0299039
0.0118402
0.0549771
0.0254304
0.0116917
0.0170436
0.022928
0.0194643
0.0238901
0.0178856
0.00467293
0.00806599
0.00888907
0.0260717
0.0235811
0.0271027
0.0136059
0.0103109
0.0261964
0.00760265
0.00592205
0.00324676
0.026658
0.0169941
0.0154868
0.00844728
0.0199782
0.014251
0.0296484
0.0185705
0.0525062
0.0165757
0.0318025
0.00698324
0.0189647
0.00589115
0.0188673
0.0212593
0.0125688
0.0275062
0.0333951
0.0233411
0.0172206
0.0543676
0.0229494
0.0154364
0.0345877
0.0317033
0.0342273
0.0511512
0.0152212
0.0094823
0.0118156
0.0204123
0.0291304
0.0170906
0.0218556
0.0376736
0.0616058
0.0190202
0.0407405
0.0285826
0.00907698
0.0190697
0.0270053
0.0289031
0.0316002
0.0246007
0.0242211
0.030959
0.00621431
0.0114394
0.00495756
0.0072331
0.025341
0.00642639
0.0198697
0.022511
0.0173201
0.0664626
0.0122404
0.0115841
0.00847403
0.0321266
0.0225782
0.023258
0.00620615
0.0184677
0.0591237
0.0177834
0.0339292
0.039731
0.00434096
0.0122374
0.00584377
0.0117789
0.0357217
0.0161313
0.0262658
0.0625466
0.0526288
0.031852
0.00393126
0.0126254
0.0101562
0.0294244
0.00859557
0.012691
0.0244323
0.0126257
0.0126219
0.0170169
0.006114
0.0160583
0.013893
0.0199171
0.0195789
0.0166962
0.011221
0.00809961
0.0151759
0.0186032
0.0270641
0.0201468
0.0347138
0.015724
0.00805405
0.0317146
0.0221338
0.0300885
0.0342111
0.0182219
0.00867605
0.0224121
0.0280613
0.0549339
0.0305316
0.0102461
0.00681051
0.023551
0.0205259
0.0118507
0.0098189
0.058499
0.0172413
0.0115639
0.0352189
0.0107481
0.0396976
0.0140486
0.0439901
0.0124528
0.0291482
0.0139807
0.0115577
0.0252522
0.00739929
0.0301025
0.00455505
0.0193851
0.0197374
0.0178626
0.00789056
0.0183917
0.0274715
0.0373163
0.0482277
0.00798257
0.00570882
0.0317104
0.0363131
0.022463
0.0737509
0.0124285
0.0317702
0.0517868
0.0162071
0.0334834
0.0539057
0.0230339
0.0130762
0.0355493
0.0269281
0.0223773
0.00983116
0.700036
0.0328336
0.0123841
0.0356442
0.0195545
0.018129
0.771658
0.0216694
0.00891398
0.014356
0.0262366
0.00638479
0.00973117
0.0166684
0.0113402
0.0204599
0.0121025
0.00720842
0.0136175
0.043606
0.0161728
0.0150875
0.0072198
0.0287988
0.488304
0.0067793
0.0206405
0.0237731
0.0096739
0.0352299
0.0450813
0.0237494
0.020081
0.0420734
0.0222223
0.00389954
0.0379112
0.0166217
0.010701
0.0335865
0.0294544
0.00526528
0.019355
0.0137039
0.00761164
0.128603
0.00719855
0.0225968
0.0211836
0.0271001
0.0133329
0.0270918
0.015853
0.0278769
0.0106064
0.0227562
0.0150619
0.0194998
0.0392933
0.0311925
0.02282
0.0399648
0.0103321
0.0434992
0.00953311
0.0550473
0.0436438
0.0083371
0.016897
0.0100623
0.0190419
0.0252932
0.0136599
0.0314491
0.02017
0.0196273
0.0153306
0.0419212
0.039235
0.00992277
0.0189555
0.0247813
0.026572
0.0196839
0.02984
0.0369608
0.0351187
0.0149729
0.0161936
0.0284437
0.0281381
0.0122713
0.00536973
0.00293915
0.0399607
0.0247894
0.0216848
0.0279392
0.0204918
0.0316564
0.0193208
0.0239334
0.0263954
0.0316227
0.0103806
0.00775375
0.0117508
0.00540015
0.00792278
0.0380609
0.0223607
0.0187212
0.0358379
0.0228398
0.0329331
0.0175273
1.29726
0.0114354
0.00681738
0.0361406
0.0245562
0.0632813
0.00895916
0.0253498
0.0166934
0.0231151
0.0305149
0.0675644
0.0367919
0.0161308
0.0143512
0.0133481
0.0179985
0.0189677
0.00618889
0.0373264
0.040693
0.031326
0.0475246
0.053817
0.0130925
0.0190067
0.0234948
0.0440468
0.00959485
0.00723973
0.0249537
0.0367873
0.0147925
0.0267478
0.033554
0.0049961
0.0192997
0.0411019
0.00758308
0.0288498
0.0112907
0.00193407
0.0167127
0.0210876
0.0365122
0.0235127
0.0145323
0.0091132
0.0319909
0.0294793
0.0204489
0.0149444
0.021544
0.0129701
0.0133154
0.0228493
0.0157506
0.0070192
0.0215923
0.0292275
0.0144227
0.0227989
0.0186431
0.0127683
0.0162166
0.0206086
0.047088
0.0363242
0.0101842
0.0281357
0.0182032
0.0115726
0.0368864
0.0377169
0.0259661
0.0372724
0.0151319
0.0120198
0.00592924
0.0257065
0.00583837
0.00769461
0.0130517
1.40631
0.0107356
1.68261
0.006735
0.0344741
0.00698578
0.0191367
0.0293811
0.0190159
0.0132879
0.0104221
0.00942738
0.0143492
0.0190361
0.0256076
0.0143123
0.00579273
0.0143792
0.0107163
0.00988272
4.26273
0.0165168
0.00732982
0.0240117
0.0091159
0.0104823
0.00642122
0.00293971
0.0184647
0.0111929
0.0265973
0.00543301
0.0140566
0.026001
0.708279
0.0175947
0.00424216
0.0236692
0.0501822
0.0136234
2.59088
0.00954173
0.0497007
0.0111867
0.0121332
0.0168858
0.0273342
0.0276625
0.0140044
0.0217419
0.0287994
0.0282779
0.00665805
0.11595
0.00968933
1.14378
1.04144
0.0100021
0.00970734
0.735585
0.0321319
0.0252756
0.0284424
0.0031888
0.0204312
0.0188128
0.00833361
0.814832
0.00826596
0.0358075
0.0148686
0.0160974
0.0209556
0.018342
0.0148257
0.0133493
0.0137296
0.0126605
0.0239134
0.011381
1.3467
0.0138253
0.00816107
0.00708351
0.00740394
0.011122
0.0481751
0.0096696
0.0081728
0.015121
0.0254879
0.0129936
0.00594629
0.00544543
0.0167914
0.00685163
0.00250442
0.0220451
0.00886433
0.0513035
0.0285202
0.0212467
0.0208005
0.0117303
0.00610477
0.00602606
0.0806522
0.0327892
0.0275957
0.00664163
0.0435266
0.00668738
0.0220475
0.0166494
0.00791945
2.20751
0.0245455
0.00760339
0.0112511
0.0061059
0.023478
0.0112433
0.0113775
0.0263099
0.00811685
0.0202504
0.0288827
0.00922025
0.0163475
0.0106673
0.026336
0.0238322
0.0210276
0.021353
0.0123542
0.011285
0.0127801
0.0148354
0.0511524
0.0216775
0.0418314
0.00501153
0.00459595
0.0358155
0.0107269
0.00696262
0.0179907
0.0411505
0.012272
0.00973413
0.0317938
0.0134699
1.08556
0.0103003
0.00837207
0.578464
0.0110929
0.049283
0.00863433
0.0191187
0.00708805
0.0204485
0.00328066
0.0327143
0.0116712
1.25281
0.0167795
0.0223223
0.012504
0.0389484
0.00690466
0.0175165
0.0254461
0.0135725
0.0676977
0.0268299
0.0443152
0.0322402
0.0189286
0.0173025
0.0118643
0.0250005
0.0195636
0.0208569
0.0273396
0.0459478
0.0519213
0.0139168
0.0260749
0.0144433
0.00142467
0.00997233
0.01298
0.00729869
0.0227952
0.0218787
0.0488687
0.0140326
0.0220875
0.0281881
0.0259533
0.0278872
0.00145966
0.020625
0.0123642
0.0197893
0.00770441
0.0174709
0.0208434
0.0234517
0.0340855
0.0166479
0.0303108
0.024528
0.0146975
0.0137833
0.0329296
0.0133598
0.0425106
0.0356145
0.0419931
0.0565658
0.0184755
0.0116905
0.00901929
0.0142097
0.015615
0.00782396
0.010418
0.00361072
0.0254438
0.0124223
0.0271782
0.0190794
0.0202504
0.00428049
0.0224428
0.0312992
0.0168007
2.14975
0.0214811
0.0133299
0.0181964
0.0206901
0.00584237
0.0522985
0.021586
0.0231714
0.00755831
0.019749
0.0129712
0.00864678
0.00415896
0.0322322
0.0128916
0.0238922
0.0223383
0.0159882
0.015502
0.00952188
0.02914
0.0291499
0.0154613
0.03907
0.0493489
0.0272845
0.0219796
0.00680467
0.00721269
0.015918
0.0244305
0.00290163
0.00297088
0.0123805
0.0262484
0.0121753
0.0103992
0.0267264
0.0273693
0.0540443
0.0159686
0.0591102
0.0222875
0.00733472
0.0137902
0.0410617
0.0161756
0.00471566
0.0282398
0.0349643
0.0170492
0.0347415
0.0184421
0.0127304
0.0126036
0.0351052
0.0330458
0.0144285
0.0188894
0.0208812
0.00948199
0.024879
0.024432
0.0358166
0.0361364
0.0295765
0.0119567
0.0113349
0.016527
0.0136666
0.017918
0.0202212
0.0464254
0.024305
0.985492
0.0293119
0.0102874
0.0157722
0.0125812
0.046378
0.0690657
0.00951777
0.0295179
0.0305328
0.0113752
0.01514
0.00832249
0.0340471
0.00501075
0.0228162
0.0112778
0.0143191
0.00295855
0.0438699
0.0224905
0.0344984
0.0306534
0.0461481
0.0124285
0.0224173
0.0337526
0.0196526
0.0205055
0.0172191
0.0220582
0.0208377
0.0143652
0.0138914
0.0216413
0.0142547
0.011388
0.0213028
0.0166278
0.0123097
0.0101921
0.0661581
0.0256526
0.00594352
0.00721282
0.0193058
0.0210482
0.0365872
0.0219661
0.034657
0.0174173
0.0181404
0.0123519
0.0122788
0.0101883
0.0235008
0.00436508
0.0236512
0.0203751
0.0208283
0.0180698
0.0100077
0.0583649
0.0186356
1.17372
0.0113331
0.00903685
0.0135186
0.00745836
0.0248933
0.014049
0.0295125
0.0091931
0.0520712
0.00442089
0.0111357
0.0199483
0.00950764
0.0166021
0.00595764
0.0136771
0.00311123
0.87809
0.0497484
0.0282627
0.0175473
0.0293107
0.687423
0.00360381
0.0122471
0.012951
0.0104752
0.0168094
0.0188059
0.0188275
0.0143352
0.0117927
0.0230914
0.0270681
0.738382
0.0129945
0.0149104
0.0410524
0.0186158
0.0119574
0.027428
0.031474
0.0130515
0.0173687
0.00266952
0.0241112
0.0635288
0.0421808
0.0488937
2.98972
0.0116692
0.0674234
0.0528665
0.0315813
0.0246312
0.0229825
0.0142808
0.030804
0.0207511
0.0113827
0.0290184
0.0323347
0.0071297
0.0112524
0.0136011
0.0234954
0.0259692
0.0122987
0.0132939
0.0212478
0.0246852
0.0102034
0.0182492
0.0224314
0.0254918
0.0305578
0.035485
0.0442856
0.0214312
0.0408034
0.0475057
0.0152108
0.0148629
0.0116171
0.0233808
0.0120313
0.0162117
0.00496761
0.034107
0.00838128
0.00629951
0.0210104
0.0206599
0.0745448
0.0153632
0.0171037
0.0165955
0.0388911
0.0205428
0.0288316
0.0379293
0.0117984
0.0251496
0.0454641
0.00700955
0.0122232
0.0265745
0.0805288
0.0149733
0.0218723
0.0258254
0.015722
0.0110291
0.0246255
0.802305
0.0207339
0.00971193
0.027023
0.00704559
0.0137981
0.705604
0.854121
0.0155569
0.0209104
0.0142996
0.00982443
0.0056956
0.0132533
0.0148814
0.860859
0.0107557
0.0383448
0.0195324
0.0137981
0.0295032
0.00400244
0.0488934
0.0267069
0.0159054
0.0179562
0.0447567
0.0262309
0.0087927
0.00887034
0.0241149
0.0163287
0.0136177
0.0257839
0.00980924
0.00984574
1.00154
0.0260817
0.01935
0.815024
0.00316974
0.0073691
0.0108747
0.0346104
0.0123492
0.0129601
0.014318
0.0191426
0.0504591
0.0233744
0.0173746
0.016263
0.0259034
0.0175496
0.038724
0.0478213
0.0188871
0.0358424
0.0238688
0.00990239
0.044553
0.0145042
0.0331362
0.019463
0.0831646
0.00921783
0.0413203
0.0557291
0.0157323
0.0192734
0.00967877
0.00199876
0.0163747
0.0273529
0.0165744
0.028823
0.0103094
0.0342193
0.0443086
0.0224073
0.0286695
0.0100785
0.024481
0.0085548
0.770733
0.022773
0.912734
0.0203393
0.0275048
0.822721
0.0118209
0.00819585
0.0145492
0.0109325
0.009219
0.00861475
0.0342612
1.65448
0.0123242
0.0156547
0.0226684
0.00971949
0.0409417
0.0245397
0.0120761
0.0483468
0.00660524
0.792895
0.0398015
0.018058
0.0163445
1.41668
0.029354
0.0410313
0.0106058
0.0124341
0.0249907
0.028079
0.0234939
0.0218539
0.0125489
0.0349247
0.0110618
0.0447444
0.0197765
0.014891
0.0314689
0.0519979
0.0163844
0.0107441
0.00790644
0.00534111
0.0332967
0.00370907
0.00871493
0.0323035
0.0213317
0.00533004
0.00867127
0.00915095
0.00864303
0.0178892
0.0200977
0.00850622
0.00953782
0.0258524
0.0264675
0.0359442
1.22658
0.0163732
0.0147699
0.0283517
0.021911
0.00949103
0.0232678
0.847099
0.014806
0.0595601
0.0144279
0.0223441
0.0111082
0.0394105
0.0207195
0.0224137
0.0256877
0.00578267
0.0110204
0.0238863
0.0439714
0.856013
0.0535822
0.0495414
0.0216291
0.0146719
0.00997563
0.0312983
0.0221777
0.0105253
0.00666387
0.0204035
0.0028803
0.024984
0.00874308
0.0413186
0.0102668
0.0276075
0.0312967
0.0167865
0.0203004
0.0218185
0.0637992
0.0076109
0.020188
0.0334776
0.0160917
0.110972
0.00972891
0.00688109
0.016405
0.0101018
0.0067843
0.0220517
0.00999968
0.013984
0.00346365
0.0351568
0.0157308
0.0209657
0.00797997
0.0189366
0.00731546
0.0422692
0.0220162
0.0203437
0.0181558
0.0335898
0.0303305
0.0139484
0.0281506
0.00988452
0.0129507
0.0397581
0.047788
0.0194205
0.0123094
0.0226266
0.0405442
0.0103048
0.0203092
0.0198548
0.0132873
0.0238706
0.0148674
0.0268095
0.0186145
0.0126253
0.016138
0.0218444
0.021766
0.0246496
1.34773
0.00521049
0.0182559
0.0155477
0.0114508
0.00756253
0.016454
0.019233
0.0170735
0.00507605
0.0283121
0.00683469
0.0258621
0.0106036
0.0151643
0.0255039
0.0104613
0.0179413
0.0246435
0.0252206
0.028473
0.0100279
0.0265928
0.0194014
0.00595739
0.0129654
0.0353296
0.0160309
0.0305332
0.0131586
0.0089492
0.0136034
0.0157177
0.00648808
0.043323
0.0166079
0.0212587
0.00579195
0.0173122
0.00660472
0.0127388
0.0512629
0.0265303
0.00959976
0.0191162
0.0127002
0.00290206
0.033688
0.0153355
0.00631119
1.93329
0.0145693
0.024981
0.0256129
0.00952319
0.0304795
0.0245541
0.0125842
0.0222981
0.0158012
0.0215791
0.0335396
0.0217961
0.02414
0.0210929
1.12591
0.0325295
0.0202353
0.00595052
0.00724548
0.00703519
0.00901503
0.0133149
0.02371
0.009928
0.0070724
0.01658
0.0123494
0.0601781
0.00361545
0.0380662
0.00948287
0.0164103
0.00697442
0.00418581
0.0235382
0.0133096
0.008978
0.0198312
0.0065808
0.633071
0.0108262
0.757045
0.0118876
0.0150183
0.00554138
0.00679682
0.0248302
0.0299056
1.20822
0.0115119
0.00852028
0.015921
0.00363922
0.0118087
0.0173669
0.03086
0.0169201
0.0130458
0.0312707
0.00313115
0.0277958
0.00504674
0.00955317
0.0471151
0.0199545
0.0130247
0.0128305
0.0298844
0.0133868
0.0151635
0.0227253
0.00725529
0.914659
0.0169427
0.733373
0.0204401
0.00635829
0.0176442
0.00787425
0.0111654
0.00352647
0.0111268
0.00889468
0.0288916
0.0188596
0.0067301
0.0195855
0.00386835
0.0505923
0.0190487
0.0188296
0.0696355
0.0107325
0.0181819
0.0178724
0.0413504
0.00995574
0.00691693
0.0120387
0.507391
0.376457
0.01771
0.0303563
0.00345759
0.00873728
0.0456408
0.846
0.0363598
0.0254337
0.0141635
0.0239562
0.0160965
0.00635058
0.0176044
0.00102673
0.016549
0.0259354
0.0109427
0.00439122
0.009898
0.0122817
0.0142083
0.0284273
0.022483
0.0129519
0.0252885
0.000980534
0.00702689
0.0294483
0.00523577
0.0692292
0.00906126
0.0410858
0.0178825
0.0260552
0.0196792
0.0144894
0.0702572
1.59156
0.0169628
0.00959858
1.04314
0.0131945
0.0264769
0.0159347
0.0149007
0.0155255
0.0205577
0.00524863
0.0192697
0.012212
0.0250549
0.0039216
0.0134819
0.0246435
0.53037
0.00982396
0.0096514
0.0123203
0.00842775
0.00597608
0.0125941
0.0153021
0.00379428
0.0156027
0.0311992
0.0301208
0.0233465
0.0223166
0.00808119
0.0361936
0.0185316
0.0148894
0.0200664
0.028987
0.0175687
0.0133173
0.0337303
0.0150423
0.0109624
0.0395491
0.00572514
0.00763214
0.0328952
0.843185
0.0103616
0.0199082
0.0398251
0.0175467
0.0159822
0.0214568
0.0218336
0.013141
0.00887793
0.0256122
0.0133676
0.0368222
0.0260552
0.0181378
0.0240698
0.0136432
0.021924
0.0284652
0.0353018
0.0441688
0.0113325
0.00723518
0.0122088
0.0179663
0.0251502
0.00441718
0.00996491
0.0169883
0.00608435
0.0153969
0.00308772
0.0201563
0.0353986
0.0360852
0.0114983
0.0239067
0.0125754
0.00884491
0.0602621
0.0297987
0.0357412
0.0143588
0.0173062
0.00936774
0.0107487
0.0184976
0.0142527
0.0161568
0.0217991
0.0198524
0.0117477
0.00923005
0.0230892
0.0163533
0.0171544
0.0176533
0.00383707
0.0143501
0.0236393
0.0192426
0.0271062
0.0152652
0.0151706
0.0176517
0.0289913
0.0122621
0.01538
0.00495383
0.0184776
0.0223517
0.0277767
0.00695161
0.0170058
0.0272372
0.00653151
0.030384
0.0121371
0.0363178
0.0264248
0.0151225
0.018235
0.018123
0.00674839
0.0182673
0.0388706
0.0168296
0.00997851
0.0168912
0.0130093
0.046805
0.0347582
0.00912495
0.0290552
0.0279176
0.0215122
0.0265168
0.0305472
0.00565197
0.0121073
0.0108209
0.0219379
0.0318303
0.00983646
0.00961491
0.00697731
0.0182733
0.0439815
0.0158059
0.0321143
0.025301
0.00514121
0.0170106
0.042143
0.0112504
0.0571146
0.0140753
0.00746238
0.0237145
0.0171845
0.00871477
0.0170981
0.0205124
0.0073508
0.00752491
0.0197896
0.0232625
0.0184446
0.0190891
0.0178565
0.029128
0.950756
0.00484171
0.0179385
0.0186327
0.0469733
0.0622563
0.0363463
0.0128906
0.0115927
0.00695225
0.0114422
0.0354178
0.00943355
0.0327637
0.00896831
0.0186454
0.0211216
0.0221336
0.00672705
0.0118182
0.0222401
0.0237684
0.0345933
0.0312655
0.0183935
0.00704749
0.059815
0.00649024
0.0565654
0.0090676
0.0279404
0.0113102
0.0395136
0.0107522
0.0173653
0.0125233
0.0161421
0.0123955
0.0122775
0.0108087
0.0398163
0.00780403
0.0160441
0.0138271
0.0246485
0.0192928
0.0392882
0.0187754
0.0105943
0.0398046
0.0280831
0.0412252
0.0185366
0.00761762
0.023468
0.00622029
0.0401424
0.0119108
0.0265487
0.0383263
0.0292251
0.0704128
0.0199783
0.0445352
0.00856095
0.007588
0.0472941
0.0141482
0.0186653
0.0437129
0.00918559
0.0283393
0.00881363
1.36365
0.0185824
0.0327353
0.0270218
0.0113369
0.0214749
0.022441
0.0196955
0.0257045
0.0260118
0.0304251
0.0298048
0.0113199
0.0121736
0.0284168
0.0117539
0.0133616
0.0102999
0.024818
0.01649
0.0137592
0.0227973
0.014353
0.0724366
0.0152064
0.0079618
0.0264206
0.0147439
0.0171772
0.0313884
0.0253959
0.00815579
0.0116459
0.0773333
0.00932741
0.00698124
0.0618906
0.0310315
0.00782214
0.0129963
0.0220951
0.0304097
0.0419454
0.0432938
0.0367191
0.00610168
0.005976
0.0439016
0.00539155
0.0217748
0.00858359
0.00428501
0.0124586
0.00252003
0.00710601
0.00872423
0.0362482
0.0405911
0.0175624
0.0288916
0.0112131
0.0232409
0.00871906
0.0106598
0.0591201
0.00747416
0.0202796
0.0275516
0.0120372
0.0127349
0.0118572
0.00712311
0.0655185
0.0131014
0.0187152
0.0329793
0.00496713
0.0189436
0.0194734
0.0103705
0.0248687
0.0116011
0.0232082
0.0169373
0.00389597
0.0187098
0.00582558
0.0186254
0.0268769
0.0204868
0.0109918
0.0151416
0.0136942
0.0377489
0.0129906
0.0255256
0.021706
0.04152
0.0266668
0.00839766
0.00705681
0.00879519
0.00591868
0.00336188
0.0224176
0.0248338
0.0301182
0.0146198
0.00925658
0.0236089
0.0160365
0.0122959
0.0422866
0.00846586
0.0164957
0.0128688
0.0152399
0.0168754
0.0553306
0.00210411
0.0089627
0.00582735
0.805561
0.0283865
0.0203445
0.0156436
0.0108664
0.0146246
0.0159534
0.00658195
0.0171269
0.0228047
0.0134047
0.00478168
0.028467
0.0414535
0.0141491
0.0149424
0.00820925
0.019402
0.0155151
0.0472821
0.023994
0.015499
0.00656549
0.00785299
0.0151985
0.0093481
0.0119357
0.00591346
0.0224363
0.0203992
0.0287663
0.00912779
0.00867568
0.0198952
0.0241764
0.0462654
0.012171
0.00642466
0.0103716
0.0369448
0.0296427
0.0279412
0.0225809
0.00934051
0.00335117
0.0394543
0.0148013
0.0252647
0.00639035
0.00478917
0.0142603
0.0146398
0.014867
0.0292369
0.0156331
0.0360043
0.00423239
0.00960351
0.0143143
0.0226191
0.0115537
0.00858555
1.4661
0.0153922
0.0106855
0.00553685
0.012602
0.0133732
0.0331329
0.0118
0.0139838
0.0039031
0.018106
1.65016
0.0268073
0.0867357
0.0225123
0.0228
0.0234117
0.0109704
0.0265686
0.0133299
0.0206076
0.0172932
0.0654965
0.946174
0.0179436
0.0078083
0.0125796
0.00331263
0.0402332
0.0204502
0.0389078
0.0157624
0.0160374
0.0202589
0.00335932
0.00917177
0.00372839
0.00549465
0.0223792
0.0243325
0.00672162
0.0208434
0.0208921
1.61632
1.78903
0.010527
0.0244767
0.0166541
0.0420559
0.010792
0.00853953
0.0155663
0.0103898
0.0099811
0.0209152
0.0148382
0.00846332
0.0216747
0.0172666
0.00724202
0.0221994
0.0301774
0.0192823
0.0551322
0.0122923
0.0298632
0.0155815
0.668745
0.0187271
0.00456037
0.0823563
0.0268176
0.0229419
0.0317883
0.0610477
0.0167061
0.00599311
0.0191361
0.0386598
0.0134024
0.0132716
0.014087
0.0644856
0.0146176
0.00585707
0.0116283
0.0386235
0.0332645
0.0172892
0.0293754
0.00875251
0.0126358
0.0154732
0.0249525
0.00540341
0.0138719
0.0101439
0.0409492
0.0143912
0.0208046
0.0243515
0.014737
0.0192561
0.00616401
0.0125676
0.0440392
0.0118821
0.0305175
1.92163
0.0492149
0.0358167
0.0263448
0.0103301
0.0049235
0.0557277
0.017319
0.00731215
0.0306789
0.0177226
0.0440202
0.0374688
0.0234955
0.00425839
0.0196944
0.0269126
0.0419835
0.0356425
0.0272568
0.0230222
0.0332821
0.021911
0.0165429
0.0365273
0.0127873
0.027562
0.0575259
0.0250683
0.00704165
0.0430467
0.048711
0.0519936
0.0816416
0.038087
0.0430104
0.00630435
0.0300839
0.0136268
0.0370517
0.00768984
0.0136351
0.0298937
0.0250104
0.0185666
0.0167038
0.0402759
0.0368427
0.00877157
0.0116171
0.0358242
0.0251478
3.56215
0.0142654
0.0115495
0.0217301
0.0297431
0.00905184
0.0351053
0.0145741
0.0293784
0.0105697
0.0169098
0.0140336
0.00601301
0.00855665
0.642359
0.0216656
0.0217892
0.0231387
0.0394866
0.014636
0.0200611
0.0125097
0.0259323
0.025353
0.0153298
0.0349863
0.0250101
0.0135082
0.00646694
0.00936528
0.0117645
0.00600877
0.0240278
0.0147703
0.0289408
0.068308
0.0281898
0.0245919
0.0094506
0.0239212
0.055546
0.00275645
0.0233856
0.0166942
0.0120541
0.0392415
0.00767961
0.027413
0.0235144
0.0321273
0.0331498
0.0235937
0.0162646
1.35015
0.0168202
0.0104369
0.0336959
0.00678467
0.0293027
0.0133596
0.00654754
0.0152929
0.0136828
0.011448
0.035616
0.0421845
0.00508032
0.0205658
0.0149622
0.014439
0.0343084
0.00574697
1.09712
0.0220187
0.0201204
0.00913456
0.00489575
1.46221
0.00877906
0.0369228
0.00536678
0.0119003
0.013822
0.018759
0.0172239
0.0164943
0.0479678
0.015229
0.00680939
0.015037
0.0231096
0.0219134
0.0181659
0.0292948
0.0081799
0.0158216
1.63582
0.0102119
0.0188214
0.0257706
0.0282598
0.0374103
0.0283689
0.00752346
0.00921806
0.0149915
0.0050427
0.0228407
0.00908822
0.0063575
0.0367883
0.0327773
0.0272237
0.0270123
0.0228691
0.0175251
0.0060747
0.021284
0.00963058
0.0162135
0.0269928
0.0402051
0.0105915
0.0239674
0.0298657
0.0286078
0.028111
0.0184217
0.899615
0.00857054
0.0136789
0.0175831
0.00564033
2.14
0.0106292
0.0274979
0.0111709
0.0235005
0.0129474
0.0125141
0.0107676
0.0180493
0.0151248
0.0179224
0.0205513
0.00383202
0.0306092
0.0247867
0.00377235
0.0219895
0.0106472
0.0240073
0.0202228
0.00405692
0.0123858
0.0356007
0.0235029
1.05694
0.00928582
0.0642289
0.0302911
0.00864504
0.0109905
0.0138026
0.0120922
0.0161587
0.00970042
0.0105496
0.0416033
0.00893516
0.0287332
0.00915838
0.0243981
0.00690941
0.0126918
0.0077304
0.0102893
0.0218881
0.00934191
0.0207974
0.0148927
0.0208378
0.0289226
0.0385377
1.50306
0.00694575
0.0127566
0.0258185
0.0081105
0.0436122
0.00581449
0.0542715
3.49212
0.0146902
0.0265949
0.0165535
0.0146775
0.00606852
0.0197181
0.0195292
0.0155325
0.696148
0.0169069
1.03349
0.00697588
0.0208017
0.00765895
0.0286104
0.0158535
0.0138195
0.0329119
0.0219706
0.0140887
0.00948738
0.0207204
0.0189064
0.0211555
0.0128165
0.0141981
0.00989823
0.0069765
1.17632
0.0278539
0.0207652
0.0128866
3.77665
0.00529156
0.0210696
0.00634834
0.00995469
0.0268146
0.0300654
0.0261402
0.03388
0.0121398
0.00820982
0.0246578
0.0112652
0.952244
0.0112292
0.0410011
0.0187751
0.00917766
0.0266466
0.00949395
5.26722
0.0245797
0.0365489
0.0117938
0.0595136
0.00599479
0.00254105
0.0178635
0.0293279
0.00439216
0.0346219
0.0339695
0.01119
0.0266204
0.0140371
0.00846597
0.0194272
0.0383376
0.0108886
0.00326585
0.0376171
0.00755477
0.0406679
0.774553
0.0108969
0.0245579
0.0125232
0.0102051
0.0141305
0.0448422
0.0194103
0.0157715
0.0134004
0.0280276
0.0185046
0.0455218
0.0173857
0.0204243
0.0175456
0.0262915
0.0169731
0.0322028
0.0383191
0.0298779
0.033201
0.0152738
0.0448586
0.0214382
0.0508301
0.00529897
0.0148302
0.0286232
0.0130186
0.00426918
0.027817
0.010348
0.00551134
0.00806483
0.038802
0.0269604
0.027993
0.0373324
0.00715048
0.0122755
0.0153599
0.0176319
0.0193521
0.01615
0.0235369
0.00870461
0.0119738
0.00829569
0.0191338
0.0212614
0.0271681
0.0113368
0.0483276
0.0562579
0.00402058
0.0256236
0.00960305
0.0187898
0.00859765
0.00953374
0.855672
0.0381422
0.0232278
0.0182601
0.0122407
0.0186695
0.0239743
0.0274348
0.0119182
0.0264882
0.0186174
0.0397945
0.0373555
0.0129186
0.0266463
3.0344
0.0124666
0.0331664
0.0178401
0.0376284
0.0198749
0.0112549
0.0221309
0.0147211
0.0234076
0.0281645
0.0187645
0.0134907
0.0108808
0.0241273
0.0148041
0.00496748
0.0197839
0.0111798
0.0300459
0.053354
0.0146972
0.01281
0.0177345
0.0189043
0.0144544
0.022693
0.0418653
0.0264842
0.0105588
0.0106824
0.00931431
0.00953612
0.0174512
0.0273456
0.0114519
0.0132018
0.0197741
0.0165657
0.016925
0.0204705
0.0108011
0.0244389
0.00601706
0.00897809
0.0330185
0.0205835
0.00964469
0.00553487
0.0375194
0.00856134
0.0510821
0.0451819
0.0167193
0.00472126
0.0217833
0.00761515
0.0222139
0.0111953
0.0342423
0.00839915
0.0349339
0.0456558
0.0221291
0.00955784
0.01478
0.0124015
0.0279606
0.0148182
0.0209335
0.01076
0.0226008
0.00605171
0.0101954
0.0132085
0.0291
0.0170287
0.00972179
0.0355746
0.0276799
0.0234765
0.0263485
0.0202821
0.0315594
0.0122494
0.013227
0.0412382
0.0171143
0.0256944
0.0311838
0.0537342
0.0150897
0.0138316
0.025368
0.00682442
0.032013
1.19307
0.0258444
0.0233222
0.0286527
0.021757
0.0218018
0.0127541
0.0354857
0.0298017
0.0172681
0.0146143
0.0502363
0.0256948
0.0271538
0.0121289
0.0203666
0.0203442
0.020922
0.0281377
0.01892
0.00844053
0.0232244
0.0101018
0.0200619
0.035142
0.0201876
0.0409433
0.0200691
0.0120983
0.00375443
0.00677693
0.058958
0.0240799
0.00778532
0.0252972
0.0198969
0.00753978
0.0147288
0.00673623
0.0220551
0.0122153
0.036139
0.0162539
0.0233544
0.0159552
0.00822998
0.00882585
0.00386146
0.0345637
0.0161366
0.0135283
0.0134759
0.0368461
0.060223
1.61336
0.0211904
0.0390483
0.00818578
0.0422086
0.00832084
0.00793347
0.0172583
0.0190797
0.0248309
0.0559647
0.00880367
0.0077791
0.0694114
0.0655193
0.0161657
0.00931322
0.0143813
0.00791869
0.0274968
0.00736252
0.0304077
0.00254431
0.0232838
0.0698616
0.0123445
0.023477
0.0364183
0.0267698
0.0422812
0.038251
0.0408093
0.00980786
0.0137123
0.0212031
0.0419817
0.010928
0.0289058
0.007951
0.0056955
0.020907
0.00810864
0.0147852
0.0179685
0.0167783
0.040286
0.0307444
0.0127969
0.00782009
0.0237647
0.0299462
0.00808898
0.0258013
0.0276541
0.013564
0.0504943
0.0038734
0.0228882
1.42152
0.00271968
0.0102528
0.0208805
0.0386634
0.00904316
0.0226958
0.0104895
0.0141875
0.353622
0.0104895
0.0196362
0.00697645
0.0143345
0.0618129
0.0115394
0.0216666
0.00263265
0.00683349
0.00769015
0.0164893
0.0309008
0.00779062
0.0466843
0.00920931
0.00812078
0.00578632
0.00240095
0.0133059
0.0141622
0.039371
0.0222871
0.0217072
0.0307546
0.0153628
0.0156867
0.010617
0.035112
0.0229983
0.0121053
0.0181496
0.0127693
0.810667
0.0113249
0.0141125
0.0193611
0.0337088
0.00534299
0.00824659
0.0203583
0.0174603
0.0115057
0.0455932
0.00276697
0.0404312
0.0333218
0.0160494
0.0155811
0.0140296
0.0139422
0.019636
0.0191801
0.0258855
0.0344753
0.0334727
0.0328384
0.0456924
0.0448163
0.0376287
0.0250514
0.0311223
0.0138798
0.00828641
0.0112921
0.0154884
0.0202168
0.0318862
0.0344113
0.0308691
0.045835
2.29373
0.012309
0.0135631
0.0194269
0.0369243
0.0161256
0.0271657
0.00811429
0.0124566
0.0143859
0.048796
0.0149338
0.00919792
0.0175961
0.0172765
0.018149
0.0138364
0.0275515
0.0186824
0.0234491
0.0792952
0.00990551
0.00800506
0.013034
0.0148368
0.00242203
0.0345306
0.0277302
0.0373428
0.0371583
0.0206975
0.0211894
0.00821314
0.0172257
0.0137535
0.000863701
0.0255211
0.0357456
0.0607761
0.0162088
0.0116636
0.0203142
0.00680016
0.0390566
0.0349146
0.0196536
0.0114034
0.00910632
0.0211602
0.00379432
0.0232323
0.00929328
0.0263569
0.0150805
0.0131289
0.0166682
0.0146343
0.00739928
0.0139453
0.560823
0.024256
0.0450694
0.0173374
0.0323163
0.0382972
0.0433786
0.012613
0.0579076
0.0280967
0.022071
0.0143295
0.072595
0.00501256
0.0260344
0.0203944
0.00987548
0.0254559
0.00967431
0.0174395
0.0317972
0.0268666
0.0822919
0.0210086
0.0147672
0.0601913
0.0322829
0.0231631
0.013298
0.0105401
0.0086056
0.0284349
0.0999846
0.0185119
0.018842
0.00546996
0.00926629
0.0327929
0.0275386
0.0408313
0.0397568
0.0317579
0.0170108
0.0456327
0.0135878
0.0342476
0.0166786
0.0404889
0.0144064
0.00889648
0.013275
0.0203165
0.0280769
0.0127811
0.0191133
0.00836888
0.00789992
0.0299222
0.0135108
0.0113084
0.0124782
0.00894766
0.0225092
0.954373
0.0315376
0.0274442
0.00475565
0.0109922
0.00772842
0.0124385
0.0163756
0.0172741
0.0235835
0.01391
0.0310893
0.0350353
0.0165446
0.00836085
0.0176033
0.0228901
0.0167961
0.0110687
0.0520611
0.017031
0.0226854
0.0242773
0.0163489
0.0314839
0.0424675
0.0210797
0.0234674
0.0407369
0.0304062
0.00937289
0.0202757
0.0149002
0.0517787
0.0148591
0.0362172
0.00594214
0.0239948
0.0202499
0.023187
0.0269044
0.0312837
0.00608542
0.0142581
0.0225866
0.0094041
0.028679
0.0168238
0.0201988
0.0221431
0.0316241
0.0107869
0.0298837
0.0253835
0.0148324
0.014165
0.0242297
0.0184043
0.00931261
0.0210601
0.02824
0.0124585
0.0249067
0.0319074
1.63179
0.016899
0.00640999
0.0220789
0.0176127
0.0290057
0.0262538
0.0146627
0.0249915
0.0192515
0.0117868
0.00629086
0.0206648
0.010927
0.0179533
0.0292036
0.0101463
0.0336337
0.0172294
0.0242942
0.012212
0.020577
0.0475847
0.0162715
0.836345
0.0301638
0.00776988
0.0281334
0.0172564
0.00665452
0.0112974
0.0229181
0.00718744
0.804177
0.0223197
0.0305117
0.0128208
0.016031
0.00492323
0.00693173
0.00889571
0.00877974
0.00452264
0.0199946
0.0106967
0.0428199
0.0176619
0.0133287
0.0377064
0.018834
0.0270506
0.0508829
0.0476246
0.0186962
0.0240217
0.0344684
0.00694286
2.52381
0.0215603
0.00641176
0.024326
0.0255879
0.0302983
0.0259238
0.0199166
0.0112962
0.0200278
0.0271053
0.00830068
0.0207768
0.0057339
0.0149569
0.0467512
0.00650511
0.00707741
0.0167087
0.0219222
0.00927096
0.0113186
0.0311481
0.0220849
0.0213358
0.0220516
0.0187165
0.0446462
0.0249639
0.0119733
0.017177
0.0228462
0.0141231
0.00879238
0.0191413
0.0308811
0.016215
0.00746764
0.0119453
0.0174581
0.043162
0.00671708
0.0160869
0.0554913
0.022498
0.0394348
0.00572493
0.0129478
0.0173259
0.0200154
0.013477
0.0333389
0.0146135
0.0125057
0.00565239
0.0191351
0.0466126
0.0267166
0.0158768
0.0187035
2.05822
0.0100022
0.0273584
0.019629
0.00821431
0.012487
0.0550336
0.0185024
0.00253074
0.0206503
0.0245995
0.00916423
0.840829
0.0359496
0.024841
0.0325017
0.0205852
0.0263727
0.0257546
0.743963
0.010652
0.00623519
0.0118668
0.013465
0.0204652
0.01794
0.0106047
0.0463853
0.0084119
0.00755445
0.0207521
0.0174604
0.0183872
0.0227854
0.0132834
0.0395196
0.00710829
0.00860475
0.0148716
0.0253345
0.0153894
0.00884724
0.0404679
1.15292
0.0284786
0.0128082
0.027362
0.0117316
0.0257834
0.0150576
0.0248183
0.0176453
0.0110529
0.0455436
0.0173066
0.0114213
0.0168325
0.0165248
0.00330442
0.0204968
0.0221158
0.0128505
0.795273
0.0374633
0.74012
0.00978524
0.00790706
0.00908632
0.0351448
0.018258
0.0211409
0.0104769
0.0107913
0.0243962
0.0211797
0.0098789
1.25948
0.00959731
0.818702
0.0303794
0.00464
0.00903541
0.0047908
0.0362746
0.0214494
0.0180731
0.00608868
0.010441
0.0335627
0.0176773
0.0213802
0.0408788
0.0266419
1.70265
0.0232032
0.0204662
0.0126972
0.050014
0.068698
0.0200522
0.0308291
0.0122275
0.0216487
0.031278
0.0121917
0.0288306
0.0194491
0.0297667
0.0282657
0.00341199
0.00981753
0.0399701
0.0311687
0.00796268
0.0216571
0.0164656
0.0143561
0.0104
0.018807
0.0122653
0.0108576
0.0174739
0.0194014
0.00400091
0.02857
0.0352101
0.010535
0.0162273
0.00691875
0.0193955
0.0235506
0.0234016
0.00694625
0.00890775
0.00947879
0.00578998
0.0124718
0.0263153
0.0156037
0.00817139
0.00875295
0.00514475
0.0210105
0.0241136
0.0392559
0.0208583
0.015691
0.0102643
0.0142571
0.00379503
0.0175871
0.0163896
0.0145965
0.0240795
0.00866046
0.00959576
0.0351877
0.0195218
0.0477306
0.0441084
0.0163779
0.0252377
0.0333715
0.0134354
0.00328413
0.0120361
0.0255659
0.024371
0.0461156
0.00511492
0.0444127
0.01172
0.0305035
0.0227946
0.0206011
0.0132981
0.0178131
0.0391086
0.0112168
1.08222
0.0429644
0.00539241
0.0267902
0.00713042
0.0405788
0.0046847
0.0224194
0.0144411
0.0284773
0.0208688
0.0116588
0.01059
0.0226658
0.00490843
0.0353215
0.00837117
0.0212857
0.0263633
0.0382517
0.0429307
0.0167439
0.0312597
0.0488663
0.0391491
0.0117729
0.0140014
0.0162352
0.0384361
0.032389
0.0144727
0.0243023
0.0210147
0.0175069
0.0350758
0.0093686
0.0176799
0.0226713
0.030447
0.0111448
0.0136908
0.0255276
0.00609827
0.0278518
0.0178453
0.0247534
0.00801223
0.0093146
0.0210867
0.0677183
0.00489843
0.0560844
0.00832367
0.0310034
0.0225693
0.0140757
0.0246372
0.0385309
0.00978703
0.00767245
0.0131361
0.0257802
0.00890999
0.0229981
0.013629
0.00885824
0.0173667
0.00815268
0.0103864
0.0372744
0.0541861
0.00508017
0.0233631
0.0104807
1.4339
0.00490659
0.00505146
0.0035782
0.0373117
0.0213183
0.0123447
0.0102963
0.0210285
0.0347787
0.0169117
0.0117814
0.0267762
0.038701
0.00653051
0.0271301
0.0144627
0.0118336
0.0113791
0.016783
0.0124253
0.0228315
0.0160835
0.0195293
0.00721924
0.00903429
0.0390305
0.0219691
0.0156661
0.0101646
0.0200095
0.012291
0.0095745
0.00678799
0.00751105
0.0282189
0.0255838
0.0162737
0.018653
0.0174544
0.0134278
0.0340328
0.0175472
0.027345
0.0238037
0.0126016
2.09955
0.0378825
0.01535
0.0137357
0.0130385
0.0214356
0.0269825
0.0298421
0.00847105
0.0164312
0.00624879
0.0143501
0.0181222
0.0164405
0.0666212
0.0123785
0.0173571
0.0180254
0.0156198
0.0160598
0.0411645
0.0121558
0.026315
0.00658111
0.0238344
0.00521069
0.0189326
0.0093311
0.0120299
0.0253805
0.0120932
0.0153846
0.0371504
0.0275728
0.0121216
0.00979014
0.0247564
0.0389381
0.0135749
0.00395733
0.0193516
0.0206594
0.0340226
0.0123224
0.0216581
0.0299958
0.02554
0.0482031
0.0308067
0.00878115
0.0301756
0.00454269
0.00746729
0.0205086
0.0146443
0.043489
0.0324411
0.00758826
0.0312158
0.0308322
0.0223241
0.0312542
0.00612179
0.0285208
0.0303543
0.0122604
0.0184043
0.00851398
0.0262392
0.0264329
0.0171368
0.0116887
0.0144308
0.638983
0.019039
0.0184181
0.0111229
0.0373112
0.047115
0.00342567
0.0244215
0.00655074
0.00951097
0.0107912
0.0208387
0.00914812
0.0150114
0.0291068
0.0187652
0.0205706
0.0218841
0.0228152
0.0178401
0.00649032
0.0243905
3.29871
0.0241435
0.0285379
0.0150496
0.0113697
0.0124365
0.0138629
0.0170551
0.0121289
0.0359193
0.0241457
0.0128925
0.01623
0.0374141
0.0254488
0.0179853
0.0277216
0.0272555
0.0251992
0.0319288
0.0150438
0.0140008
0.013152
0.0107442
0.0163078
0.0214172
0.0269083
0.0262431
0.0294964
0.0537812
0.0143413
0.0202755
0.0183679
0.020671
0.0301906
0.0140252
0.0575889
0.0164238
0.0241767
0.00834315
0.0282762
0.0346156
0.0262945
0.0206592
0.020414
0.00420269
0.0244195
0.0311577
0.0124188
0.0184128
0.0335098
0.00933713
0.0159133
0.00507377
0.00868364
0.00229507
0.0346894
0.0295556
0.0153225
0.0279104
0.0247553
0.00478074
0.0232879
0.0234436
0.0252478
0.0114323
0.0252577
0.0310002
0.0119675
0.0285633
0.0100152
0.0121396
0.0141139
0.00537487
0.800539
0.0300423
0.0209051
0.0776023
0.0104448
0.00816775
0.0324355
0.022955
0.0214786
0.0252345
0.01444
0.0235087
0.0156422
0.0128586
0.0293554
0.0153984
0.0200489
0.00809771
0.0109249
0.0234443
0.0409633
0.0436075
0.00233874
0.00644477
0.120883
0.0308329
0.021452
0.00713996
0.0192666
0.0261882
0.0170874
0.0161584
0.0122275
0.0382605
0.00947733
0.0341435
0.00694026
0.0149992
0.00685661
0.0412865
0.0150267
0.00683676
0.0118402
0.0141488
0.0174496
0.0177164
0.0124587
0.00597642
0.0119638
0.0197736
0.0157511
0.0115685
0.0110534
0.00898994
0.0252173
0.0281398
0.0286667
0.0279541
0.013601
0.053413
0.0209463
0.00633801
0.0120334
0.010808
0.00707375
0.0108504
0.0085493
0.0717877
0.0147217
0.0297206
0.0167441
0.0454175
0.0437997
0.0109256
0.012846
0.0201622
0.0198742
0.0320799
0.0440597
0.0216014
0.0252695
0.00772522
0.0119368
0.0111283
0.00314669
0.0113386
0.00938922
0.00559323
0.0206206
0.0255962
0.0177687
0.00893753
0.0230048
0.0537728
0.0567095
0.0124137
0.0122434
0.622435
0.00831739
0.0131297
0.0295784
0.0346905
0.0278109
0.0133561
0.00923671
0.0084834
0.0237225
0.0125563
0.00554912
0.00820986
0.024076
0.0168057
0.0228913
0.0373784
0.0177293
0.00441217
0.505758
0.0436765
0.0180135
0.0465185
0.0270542
0.0379324
0.0278062
0.0354503
0.0295088
0.0253922
0.0121841
0.0242703
0.0285267
0.0323785
0.00908518
0.0247202
0.0276793
0.0344997
0.0104789
0.0264086
0.0162542
0.0138457
0.00778052
0.0746789
0.0213439
2.65735
0.0383121
0.020315
0.0303192
0.0262636
0.0191894
0.0130789
0.0126499
0.0366815
0.0120407
0.0393036
0.0601845
0.0176045
0.00864971
0.0137432
0.0476194
0.0269367
0.0159109
0.0148584
0.0241772
0.0200777
0.0329166
0.00941316
0.0127883
0.0273963
0.0098031
0.0217796
0.0163837
0.00666972
0.011643
0.0351904
0.0171794
0.029306
0.013823
0.0120685
0.0211533
0.0386622
0.0346886
0.0289601
0.0088544
0.0513113
0.0243296
0.0127242
0.0211372
0.0203173
0.0382699
0.023127
0.0129452
0.0106051
0.0243644
0.0134292
0.0425078
0.0376859
0.0339937
0.0261563
0.0497501
0.0265569
0.0296973
0.0175782
0.0215122
0.007938
0.0147179
0.00778298
0.0228605
0.00617602
0.0140619
0.0330102
0.0180559
0.00368058
0.0119246
0.0228309
0.0051002
0.02947
0.0358547
0.0151097
0.0202207
0.0154512
0.0394965
0.0209036
0.00738932
0.0081124
0.00202371
0.0337137
0.0247256
0.0330523
0.0107767
0.0287376
0.0113597
0.0169662
0.0132966
0.00633696
0.00283335
0.00774609
0.0135222
0.0071422
0.0107492
0.0250078
0.00509321
0.0064633
0.0269193
0.0163961
0.00854113
0.0172355
0.0305617
0.0119964
1.50097
0.0226354
0.00981629
0.00627168
0.0180242
0.00568628
0.00964708
0.0357613
0.0207563
0.0102249
0.0106055
0.019374
0.0258029
0.00591537
0.0242376
0.00366353
0.032004
0.0408313
0.0141855
0.0233521
0.00528485
0.009794
0.0148074
1.33282
0.0470852
0.0257365
1.10445
0.008139
0.0193711
0.0263908
0.0164364
0.0100209
0.0408623
0.00847315
0.0248986
0.0138696
0.0466069
0.0129836
0.0165857
0.0133633
0.0345448
0.033739
0.00334518
0.04058
0.00682752
0.0193099
0.0233094
0.0152374
0.0136093
0.0543645
0.0165466
0.0042346
0.0140622
0.0178174
0.00997542
0.0133358
0.00878446
0.0404977
0.0399891
0.016749
0.0191333
0.0123845
0.0145396
0.0286408
0.0105936
0.0131001
0.0212212
0.015174
0.0162731
0.00437916
0.00392662
0.00595575
3.29245
0.0109497
0.0112247
0.0327522
0.0546012
0.0207169
2.15766
0.0212796
0.0299431
0.0193049
0.0337333
0.0435515
0.0349281
0.00930227
0.00521996
0.0261328
0.0281666
0.01868
0.0195897
0.0187699
0.0186342
0.0257937
0.0113239
0.0201797
0.0371857
0.0143554
0.00916655
0.0378113
0.0162421
0.0288921
0.00667168
0.0461832
0.0210887
0.0173633
1.79048
0.0561953
0.0404052
0.0541762
0.0322491
0.0159562
0.0217488
0.0105429
0.0108317
0.0382634
0.0124148
0.0119881
0.0438636
0.0311797
0.0220411
0.0320518
0.0262645
0.0121214
0.0308749
0.02231
0.006347
0.027596
0.0068225
0.0396697
0.0292557
0.00987852
0.0211599
0.00656947
0.00499806
0.0205645
0.0133821
0.0088483
0.00585255
0.0337611
0.0139416
0.032228
0.016967
0.0579735
0.00787122
0.0203631
0.0277345
0.0128671
0.0124152
0.0106721
0.00669165
0.0428793
0.0900234
0.0129844
0.0157584
0.0268191
0.0128473
0.629259
0.0317444
0.0233006
0.0259938
0.0229102
0.00925353
0.0792026
1.02682
1.12497
0.017855
0.0170877
0.0705259
0.0105994
0.00731177
0.0102744
0.0408715
0.00415635
0.0428997
0.0117427
0.0184806
0.0155572
0.0283241
0.0181432
0.00612006
0.00858126
0.0156082
0.0767331
0.0178545
0.015192
0.0121005
0.0262621
0.00593069
0.0370709
0.017371
0.0220079
0.0176954
0.0183224
0.0197629
0.0224024
0.0150989
0.0123342
0.0159788
0.0217142
0.0125778
0.00815198
0.0344468
0.00910279
0.00200915
0.0133566
0.0194866
0.017044
0.0175763
0.0182238
0.0144927
0.0262243
0.0238026
0.0181471
0.0142654
0.0192702
0.0265151
0.0233336
0.0182767
0.00670798
0.01955
0.00591855
0.0211304
0.00733992
0.00817095
0.0206967
0.0563503
1.78858
0.0112888
0.0406607
0.010873
0.018821
0.0279541
0.0495437
0.0129695
0.0230001
0.0140068
0.0109412
0.025526
0.00804834
0.0718767
0.0245149
0.0116323
0.021043
0.00849996
0.0474742
0.0109258
0.0179865
0.0189925
0.0318302
0.0151668
0.00943325
0.0397115
0.0174371
0.0214594
0.0364856
0.0185059
0.00988923
0.0167161
0.0288729
0.0330773
0.0154398
0.0397623
0.018645
0.0105251
0.0121295
0.00845838
0.0292213
0.0174991
0.00886043
0.00999993
0.00511108
0.0166494
0.0162446
0.010941
0.0170771
0.00913959
0.0307915
0.0159211
0.0161481
0.0267724
0.0425506
0.018595
0.0205168
0.0109613
0.0158387
0.0115255
0.00582254
0.0517179
0.0376715
0.018097
0.0102665
0.0251555
0.0321929
0.010362
0.0388298
0.0032893
0.0210648
0.0236847
0.0212547
0.0101844
0.0158965
0.0574267
0.0136609
0.0173133
0.0227302
0.0362462
0.017864
0.0117433
0.019749
0.0239336
0.019058
0.0195814
0.0160891
0.00943505
0.0203144
0.0289701
0.0216029
0.0475546
0.0257182
0.0235123
0.00739799
0.0099136
0.00822022
0.0420088
0.0129376
0.0119704
0.0173291
0.00462026
0.0115669
0.0223424
0.00926365
0.0120266
0.0159117
0.0323659
0.0190489
0.0143511
0.0180083
0.0270695
0.0182233
0.0149047
0.0198192
0.0409865
1.07439
0.0158194
0.0164577
0.0114526
0.0210206
1.41841
0.0325695
0.005768
0.0636087
0.0125912
0.00629913
0.0425847
0.0126313
0.029342
0.0135416
0.0336661
0.00741619
0.00347197
0.00957924
0.0130525
0.0111921
0.0138674
0.0162876
0.0258454
0.013367
0.0202871
0.00928358
0.00998145
0.0354999
0.0226593
0.0175759
0.0189941
0.0258235
0.00713923
0.0325607
0.0157354
0.0274233
0.0349911
0.0743102
0.0204421
0.0113064
0.0209451
0.0885107
0.0072221
1.28508
0.0115584
0.0226184
0.0106391
0.0115684
0.00403246
1.65341
0.0288092
0.00723291
0.0100023
0.00444695
0.0271627
0.00479939
0.0423074
0.00562954
0.0225581
0.0166464
0.0583238
0.00292279
0.00777637
0.0191191
0.0151239
0.00763199
0.0448203
0.042336
0.0185165
0.0185934
0.0209829
0.0157938
0.00637236
0.0205102
0.036842
0.0259413
0.0288221
0.0220816
0.0256184
0.0266886
0.026455
0.0208949
3.76332
0.0335685
0.00703468
0.0297756
0.0387319
0.0182124
0.0148887
0.0191389
0.0243174
0.0400096
0.016374
0.0285871
0.0109237
0.0113221
0.0175447
0.0121563
0.0363629
0.0134052
0.012508
0.0301101
0.0077097
0.00604522
0.0125764
0.0262404
0.00253726
0.0410323
0.00940547
0.0211179
0.0172003
0.0146971
0.0160895
0.0263517
0.0119966
1.45337
0.00841923
0.0105235
0.014794
0.02938
0.00611671
0.0276406
0.0109517
0.0114846
0.0475795
0.00426705
0.0169427
0.0135409
0.00937797
0.0110218
0.00384764
0.0185512
0.0197657
0.0329981
0.0263281
0.0318767
0.0141689
0.0103298
0.0190329
0.0117537
0.0151832
0.0149398
0.0253798
0.0329711
0.0262806
0.00349028
0.0437272
0.0190761
0.0259205
0.0148663
0.020831
0.0128826
0.0232621
0.0120355
0.0140956
0.0136697
0.0118475
0.0160822
0.00648623
0.0229392
0.0183711
0.0373819
0.0139614
0.0510791
0.0142927
0.0216007
0.0222764
0.00918143
0.0118424
0.0172308
0.00462678
0.0280545
0.0191451
0.00686798
0.0415849
0.0119642
0.0311627
0.0216103
0.0128328
0.0325141
0.0505772
0.0476482
0.0269139
0.0313057
0.00383112
0.0174363
0.0117224
0.0133173
0.0206695
0.0136883
0.0101539
0.00841161
0.00653644
0.0136714
0.0105322
0.0176521
1.558
0.00141264
0.0584889
0.0104363
0.0137686
0.019626
0.00987039
0.0218432
0.0382629
0.0269056
0.0280957
0.0224907
0.0136688
0.0245507
0.0405405
0.0231397
0.0408663
0.00751393
0.0249656
0.00980413
0.0251948
0.0262817
0.0101341
0.0278303
0.0539859
0.0177255
0.00314304
0.0158192
0.0304475
0.0204826
0.0289485
0.00446061
0.0195649
0.016068
0.0148892
0.0192945
0.0152589
0.0224871
0.0111258
0.022868
0.00947903
0.0197659
0.0204814
0.0166973
0.0310191
0.0104467
0.0134309
0.0301299
0.0232623
0.0252444
0.0261177
0.0127557
0.0537144
0.0108969
0.00568929
0.0371723
0.0415621
0.0267785
0.0484175
0.0237106
0.504275
0.474122
0.0246725
0.0128172
0.0271644
0.0422247
0.00672094
0.00384864
0.0187113
0.0108528
0.00502956
0.0441378
0.024091
0.00995677
0.019019
0.0385203
0.027137
0.00344405
0.0353181
0.0179974
0.00779862
0.01648
0.0303453
0.0264548
0.00816955
0.0340853
0.0305948
0.00723109
0.0113047
0.00637479
0.021096
0.0167186
0.0351111
0.0174351
0.0423558
0.0170709
0.0208073
0.027046
0.0403701
0.0148634
0.0106597
0.04302
0.023902
0.00892776
0.0127277
0.0212858
0.0208744
0.0139445
0.0210461
0.0136355
0.0094815
0.0322254
0.0296392
0.0358325
0.0107524
0.0352972
0.0412296
0.0134895
0.0399805
0.0297659
0.0186573
0.0114458
0.0112986
0.0132925
0.0713448
0.0329965
0.0128455
0.0113057
0.0150786
0.0302385
0.028574
0.00853718
0.0167363
0.00403995
0.00886291
0.00410109
0.043187
0.0138217
0.0292272
0.0281471
0.0374962
0.00808685
0.0182184
0.0101996
0.0151304
0.0324751
0.0379147
0.111093
0.00572054
0.0166894
0.0438876
0.0802878
1.46353
0.0283513
0.0126875
0.0181376
0.0119388
0.041178
0.0250197
0.00731662
0.0373273
0.0106255
0.0330115
0.0169899
0.664106
0.0312658
0.0116701
0.0173136
0.0406449
0.0105597
0.012815
1.47845
0.0183424
0.034125
0.0293457
0.0615399
0.01191
0.0135244
0.0162372
0.0142808
0.0220897
0.0112834
0.0280499
1.42365
0.0149095
0.0222627
0.00560106
0.00529786
0.00277899
0.0249348
0.0202623
0.0525908
0.0168372
0.0054795
0.031255
0.0414536
0.011561
0.0132199
0.0220426
0.01733
0.0361315
0.0129258
0.011349
0.875746
0.0286069
0.00838949
0.0172378
0.0138055
0.00843898
0.0137905
0.0275832
0.0287656
0.0225953
0.00437059
0.00547008
0.0246883
0.0294993
0.0410672
0.012439
0.0310064
0.0106761
0.0102539
0.0429388
0.011537
0.011919
0.00532274
0.011774
0.00962921
0.0141872
0.0130758
0.0176734
0.0185355
0.0177055
0.00972208
0.0286433
0.0160781
0.008443
0.0133835
0.0464922
0.0424614
0.89646
0.0095918
0.0233747
0.00493417
0.0297957
0.0264854
0.0532274
0.0237524
0.0432605
0.0172857
0.0162548
0.03532
0.0127913
0.0198882
0.0309417
0.0133286
0.0365333
0.0305551
0.0212821
0.00843755
0.0109427
0.0276362
0.00394112
0.00621465
0.0170416
0.00473765
0.0586203
0.0163315
0.0298688
0.0221445
0.0280999
0.0130271
0.0280733
0.00427514
0.0185193
0.0105235
0.019122
0.0207733
0.00643462
0.00873214
0.00914446
0.00697325
0.00524152
0.0113003
0.00938896
0.0204663
0.539297
0.00267386
0.00694359
0.0408619
0.00686615
0.0230928
0.00756079
0.0102438
0.0163274
0.0102648
0.0389243
0.0360084
0.023735
0.00697587
0.044728
0.0139876
0.0180209
0.0145937
0.0123238
0.00661531
0.0157723
0.0347445
0.0147416
0.0145778
0.014472
0.481055
0.0124155
0.0203014
0.0134678
0.00873832
0.0110178
0.0111434
0.00563778
0.0227194
0.0238769
0.0261338
0.0254632
0.0220968
0.0203857
0.011804
0.0453909
0.00818495
0.0161719
0.0104392
0.0416187
0.835124
0.0303211
0.817101
0.0241686
0.00703094
0.0277205
0.0188047
0.00718835
0.00648498
0.0584441
0.011538
0.0410502
0.0283452
0.0206657
1.22108
0.977295
0.952471
1.1569
0.00734471
0.0307077
0.0177699
0.0295572
0.0359011
0.024738
0.0111675
0.0326549
0.0324257
0.00309775
0.0283585
0.0113933
0.0176227
0.0259644
0.00708375
0.00919508
0.021632
0.00664138
0.0160621
0.0196845
0.0174053
0.0382865
0.0109453
0.0164081
0.016747
0.0136542
0.0398959
0.00944721
0.0219904
0.0193262
0.0429473
0.0158086
0.0160968
0.823317
0.0193541
0.0289
0.0334578
0.0114185
0.00708442
0.0124853
0.0207579
0.0267801
0.0314909
0.0217273
0.00927945
1.01964
0.0336565
0.0117653
0.037889
0.00281283
0.0133784
0.0319329
0.0116173
0.01061
0.0224752
0.0436627
0.00588342
0.0183403
0.00372961
0.0120515
0.0265473
0.0164776
0.0170536
0.0072596
0.0117623
0.0292198
0.0235307
0.0249418
0.0179824
0.0168361
0.00783457
0.0126715
0.0193985
0.0217238
0.0022476
0.02173
0.0271291
0.0335761
0.0130239
0.0169696
0.0117361
0.024529
0.0382765
0.0199188
0.0197993
0.0049142
0.00976737
0.0658285
0.00629537
0.022973
0.0248288
0.026435
0.018573
0.0118939
0.0329809
0.0212626
0.0426875
0.024741
0.029484
0.0149888
0.0229497
0.00829027
0.0241224
0.0327503
0.0565083
0.012218
0.0192284
0.00923853
0.0155785
0.0302306
0.0174717
0.0231146
0.0182115
0.0160112
0.0558951
0.00779374
0.0189016
0.0117004
0.0329378
0.0191936
0.0107379
0.0103095
0.0172405
0.0139834
0.0234666
0.0229835
0.0180293
0.0266764
0.0121033
0.00706838
0.0242339
0.0126293
0.0281728
0.0793173
0.0289027
0.00677918
0.00746255
0.0171187
0.0207775
0.0120774
0.0265788
0.0164351
0.0126602
0.0512989
0.040849
0.0227362
0.0127103
0.0105657
0.0283646
0.038125
0.0150879
0.0428651
0.00355535
0.0275196
0.0177451
0.0302057
0.023614
0.00671267
0.0225706
0.0154991
0.0486879
0.0369963
0.0351975
0.0253947
0.0146779
0.0259865
0.0136399
0.0396543
0.0451251
0.0203556
0.00587668
0.016504
0.0223883
0.0207644
0.00566972
0.0364383
0.00904196
0.0119812
0.00782131
0.00665917
0.0183219
0.0106247
0.0230371
0.0331527
0.0233823
0.0209377
0.00776291
0.0104956
0.00786362
0.0475894
0.00881645
0.0355695
0.0109515
0.0255297
0.00808054
0.0273798
0.0198028
0.0152203
0.0241742
0.0582187
0.0115535
0.0161801
0.00748116
0.022951
0.0499625
0.017986
0.00377578
0.0336994
0.00233964
0.0199043
0.0244113
0.00872956
0.0215731
0.0106392
0.0115861
0.0164698
0.0104067
0.0218119
0.00950643
0.0184473
0.0365472
0.00661031
0.0089885
0.0110133
0.0243776
0.0334482
0.010637
0.00626694
0.0391861
0.0711153
0.00384013
0.0167179
0.0299348
0.0116064
0.035234
0.00962133
0.0389017
0.0100513
0.0247519
0.0101599
0.0195852
0.0245088
0.0067835
0.0292442
0.00623565
0.0128192
0.00808436
0.0142841
0.0228195
0.034909
0.00887501
0.0100598
0.00486669
0.0145668
0.0104651
0.0185472
0.0193005
0.0169133
0.00421992
0.0249785
0.00987789
0.0193946
0.0605391
0.0309717
0.0159114
0.0315949
0.0599803
0.0179165
0.0108774
0.0175262
0.0041625
0.0112434
0.0281727
0.0771832
0.0223025
0.0194118
0.0138047
0.0187871
0.0240119
0.0276176
0.0302399
0.00599614
0.0096324
0.0572644
0.026569
0.0163619
0.00738932
0.0120225
0.024634
0.0210459
0.0146041
0.00751575
0.0192328
0.0484033
0.011087
0.0299253
0.0214471
0.034378
0.00945885
0.0189945
0.014488
0.0205633
0.023996
0.00369243
0.0103715
0.860978
0.0169149
0.014132
0.0146496
0.0390203
0.0203282
0.0362617
0.0356399
0.00859797
0.00987266
0.00464059
0.0110096
0.0125885
0.0310254
0.0196923
0.0372218
0.0500203
0.0250829
0.0267032
0.0543035
0.0085331
0.0185685
0.00876728
0.0177399
0.0311982
0.0243777
0.0265789
0.00355969
0.00995178
0.05463
0.00581795
0.0248725
0.0411201
0.00556177
0.0430377
0.051173
0.0188764
0.0167873
0.0134202
3.83677
0.0188115
0.0439731
0.0454344
0.0545003
0.588848
0.0222248
0.0247296
0.0181041
0.0369172
0.0106423
0.0146788
0.00584867
0.0176109
0.0266488
0.016335
0.0429409
0.0119855
0.0107603
0.0127064
0.0236552
0.0158466
0.00349413
0.0127699
0.0234035
0.0133885
0.026819
0.0190474
0.00976201
0.0181354
0.020596
0.0122917
0.029763
0.0142266
0.034495
0.0114739
0.0262116
0.0458437
0.0500809
0.0113622
0.00895502
0.02028
0.0185928
0.0670572
0.0127824
0.0112836
0.00444783
0.0369065
0.0266256
0.0149701
0.0111935
0.0229136
0.010214
0.0096448
0.0101136
0.032544
0.0434708
0.0213863
0.0351005
0.0278344
0.0159636
0.0337233
0.0189796
0.0409236
0.021498
0.0109603
0.037728
0.00669092
0.0237754
0.0453281
0.0146339
0.0197652
0.00615964
0.0136742
0.0171473
0.0130198
0.0130053
0.0193591
0.016365
0.00385617
0.0237295
0.0173586
0.019708
0.0244097
0.0356476
0.0139024
0.0169786
0.0196746
0.0127612
0.00976421
0.023396
0.0238317
0.0105941
0.0200441
0.0369206
0.0566937
0.00776974
0.0627148
0.0135414
0.0101267
0.00960546
0.0140847
0.0140693
0.0210916
0.042244
0.00786738
0.0333152
0.028723
0.0158604
0.00391094
0.0130497
0.0177933
0.034254
0.0251569
0.0186171
0.00885931
0.0279253
0.0107848
0.0200875
0.0136754
0.0118448
0.0244107
0.0327048
0.0202059
0.00896951
0.0144429
0.00558458
0.0221426
0.0484825
1.62147
0.0266012
0.00568128
0.00789298
0.017114
0.00413752
1.42679
0.0142946
0.023997
0.0103138
0.0130405
0.0122042
0.0423774
0.0115231
0.0246545
0.0049376
0.00125048
0.024374
0.0340713
0.0119578
0.0141339
0.0301502
0.021757
0.0424577
0.0196697
0.0499892
0.0395175
0.016392
0.0412723
0.00877446
0.00753634
0.0228948
0.0405439
0.00873966
0.00461015
0.00707007
0.0260117
0.0586096
0.039515
0.00777105
0.0130496
0.0374939
0.0127527
0.016863
0.0272065
0.0118382
0.0343336
0.0310894
0.0055988
0.0208538
1.65582
0.00502422
0.0139605
0.0167357
0.0103909
0.014101
0.0114217
0.0151564
0.0233917
0.0117108
0.00431203
0.0188324
0.0225345
0.0310187
0.0277913
0.0221863
0.0364781
0.00689822
0.0627222
0.0331859
0.0323955
0.00485899
0.0245083
0.0135423
0.0350516
0.0223706
0.0108066
0.00958231
0.0135551
0.0213897
0.0309676
0.00817771
0.00267529
0.00856949
0.00906268
0.0135577
0.0247499
0.0289862
0.0115952
0.0255659
0.111473
0.0323256
0.0326333
0.011527
0.0452598
0.0236306
0.0249738
0.0029869
0.0105446
0.0249056
0.06291
0.00778251
0.0353194
0.0216073
0.0569879
0.0338329
0.0152002
0.0227724
0.00761409
0.0223445
0.0139898
0.0185586
0.00735475
0.0118684
0.010021
0.0131786
0.0317081
0.0336171
0.00550369
0.00910435
0.0225966
0.0218634
0.0395158
0.0277242
0.0189121
0.0402234
0.0119685
0.0119902
0.0198002
0.0182513
0.0037467
0.0105489
0.013422
0.00598731
0.0143392
0.0142766
0.00443576
0.0199252
0.0191969
0.0151115
0.0137082
0.0174534
0.00509396
0.0487787
0.0187992
0.0171213
0.0280826
0.0284728
1.32941
0.0321744
0.0160661
0.0226801
0.0189031
0.832508
0.0143761
0.0172916
0.0108552
0.017664
0.0357488
0.0152575
0.034091
0.0292928
0.014881
0.021099
0.0409596
0.0280937
0.00279309
0.00314152
0.0131356
0.0220655
0.0762814
0.0450424
0.00797479
0.0208375
0.0123214
0.0073533
0.0285091
0.00931289
0.0158658
0.0132519
0.00427776
0.0358762
0.0480778
0.0182837
0.0121336
0.0123242
0.0158966
0.0244164
0.0319145
1.34441
0.0344756
0.0149331
0.0202359
0.0115271
0.00771711
0.00709575
1.54608
0.0142652
0.652209
1.08436
0.0137311
0.0236687
0.0139417
0.016139
0.00475713
0.014467
0.0100518
0.0129029
0.0247212
0.0124123
0.0226011
0.0249998
0.0187059
0.0211532
0.0145875
0.0133878
0.011556
0.00964082
0.0244057
0.0198677
0.00807108
0.00897969
0.0312251
0.0111159
0.0226166
0.0137945
0.017772
1.17889
0.0132008
0.0174486
0.00863989
0.0151296
0.0208859
0.0174483
0.0229979
0.0230126
0.00669678
0.0131476
0.00356134
0.0195523
0.070303
0.033877
0.0138288
0.0355249
0.00809583
0.0168364
0.0118214
0.0101728
0.0209782
0.0146093
0.0186875
0.0188815
0.00791762
0.0120859
0.0229873
0.00724234
0.0485833
0.00696714
0.011262
0.0162714
0.0157612
0.0201877
0.00945028
0.00743082
0.0230489
0.0426978
0.0263272
0.00772247
0.00919994
0.0191965
0.0077382
0.0275178
0.0117317
0.0187285
0.0198806
0.0017951
0.0179256
0.0267217
0.019558
0.00986689
0.0109587
0.0259499
0.0227464
0.00622782
0.00826369
0.0245457
0.0136419
0.0147598
0.0408714
0.0166047
0.00959716
0.0542525
0.0170222
0.0183559
0.0078784
0.0305927
0.00980522
0.0200323
0.0025846
0.0142209
0.460668
1.11147
0.0146085
0.00167301
0.0178713
0.0142578
0.00910643
0.0183232
0.0165379
0.0127371
0.0245028
0.0206431
0.0097106
0.0146092
0.0112973
0.0362078
0.0141467
0.0137941
0.0100426
0.0144316
0.0331575
0.00537069
0.0290944
0.0277988
0.0187416
0.00374098
0.023595
0.0335175
0.0106626
0.0290869
0.0306855
0.0236491
0.0445746
0.0250106
0.0122897
0.0336048
0.00222449
0.00604149
0.00837557
0.807343
0.00713312
0.00728128
0.0259018
0.00939252
0.0476938
0.0435249
0.0163561
0.0318575
0.0106334
0.0191094
0.00901433
0.0130218
1.45152
0.0215286
0.0140569
0.0198266
0.022093
0.0188815
0.0125485
0.00206454
0.0126134
0.0261474
0.0113399
0.0598074
0.0105436
0.00330001
0.0141072
0.0124977
0.0628362
0.0111069
0.0304042
0.0103746
0.0232148
0.0155115
0.0552432
0.0056134
0.022011
0.019209
0.0181859
0.0289277
0.00678277
0.0167164
0.0217485
0.0116113
0.0117289
0.00223743
0.00890196
0.0254692
0.0175877
2.56597
0.012988
0.00720496
0.0133514
0.0296909
0.0301778
0.0283593
0.0202427
0.0112083
0.0390404
0.0046312
0.0350101
0.0341504
0.0179128
0.00859194
0.043846
0.0173497
0.0148217
0.0148375
0.0401829
0.0399793
0.0203444
0.0252152
0.00325994
0.0213877
0.0204185
0.0164846
0.0119475
0.0112885
0.0103134
0.0168364
0.0186562
0.0232114
0.0214185
0.0077767
0.0202802
0.0370765
0.0231821
0.0202894
0.0463479
0.0124547
0.028667
0.0160681
0.0158935
0.019649
1.26928
0.00817232
0.0358919
0.00759576
0.0242802
0.0111962
0.00908379
0.0277663
0.0338649
0.030587
0.00740292
0.0130541
0.00683743
0.00983079
0.0427934
0.0176838
0.00962387
0.0106533
0.011862
0.0324801
0.0236059
0.0214075
0.0361991
0.0381982
0.00510485
0.0174963
0.00867873
0.012224
0.00352517
0.00950586
0.031057
0.0421851
0.0244414
0.0492553
0.0279464
0.0103796
0.0128383
0.0511239
0.00832218
0.075066
0.0319889
0.0194588
0.00519464
0.052212
0.01526
0.0363135
0.0163226
0.00630845
0.0204929
0.0188949
0.00391129
0.0488377
0.02635
0.0176996
0.043351
0.00341946
0.0432509
0.0240989
0.0277206
0.0275732
0.0190695
0.0177276
0.00960553
0.0243142
0.0167786
0.00715648
0.0131989
0.0106218
0.0180212
0.00930942
0.0111009
0.0149042
0.0191204
0.0187255
0.0202319
0.00497046
0.017667
0.00983599
0.0167686
0.0332485
0.0105309
0.017131
0.00536147
0.0723621
1.0441
0.0194476
0.0204739
0.0193199
0.0117547
0.048004
0.00669294
0.0112863
0.046014
0.0527732
0.0180661
0.0108122
0.00682181
0.010238
0.0308597
0.0168447
0.00577102
0.0376701
0.0312613
0.032197
0.0136118
0.00896781
0.0145471
0.0167629
0.0161648
0.010603
0.0334741
0.0339026
0.00559093
0.0140965
0.0209127
0.00846589
0.0416583
0.0229723
0.00293484
0.0253264
0.00823688
0.0267869
0.0238426
0.0226568
0.0125639
0.0257298
0.0059751
0.0207005
0.0250515
0.0200934
0.0246436
0.00669909
0.0171959
0.0104767
0.014453
0.020906
0.036971
0.0608746
0.0659994
0.0271213
0.00627046
0.0108322
0.0225742
0.0283234
0.0202094
0.00960025
0.023078
0.0131599
0.005347
0.00571075
0.0174861
0.0173401
0.0144506
0.0141797
0.0068495
0.00714257
0.0573119
0.0171343
0.0215902
0.0374542
0.0129367
0.0338347
0.00463598
0.0262842
0.0336662
0.056975
0.00447677
0.0259885
0.0148382
0.00733088
0.0154049
0.0141728
0.0315176
0.032868
0.0137412
0.016849
0.0122212
0.00695906
0.0403728
0.0256363
0.0395461
0.0582115
0.0569901
0.0101021
0.0133309
0.046013
0.0202187
0.0361372
0.0662067
0.00973202
0.0135806
0.0156372
0.0196849
0.0322903
0.00710103
0.0382486
0.026904
0.0238543
0.027389
0.0257838
0.0125222
0.00661406
0.0705756
0.0262105
0.0650972
0.0203206
0.00779549
0.0113674
0.0150398
0.0137712
0.0136484
0.0179228
0.0185648
0.0134044
0.0128827
1.02957
0.0103319
0.00674547
0.0380916
0.0126626
0.0701627
0.0631658
0.0268919
0.00813256
0.00954229
0.0403608
0.0130334
0.0602143
0.0329185
0.0503322
0.0344814
1.65699
0.00939237
0.040688
0.0136245
0.00364404
0.0177877
0.0151536
0.0174375
0.0319391
0.0161575
0.0181703
0.0150057
0.0354736
0.0362836
0.00467225
0.0167398
0.0287148
0.0496214
1.46317
0.0125827
0.0111248
0.0189535
0.020385
0.0107716
0.0132443
0.0268819
0.0276284
0.0217448
0.0364212
0.0342424
0.0226229
0.0238509
0.00665986
0.0100702
0.0231801
0.0115425
0.0235594
0.024607
0.0189711
0.0161093
0.0442798
0.0161
0.0260683
0.0097817
0.0219981
0.0370811
0.00748172
0.0403246
0.0133537
0.0331672
0.011458
0.00350003
0.0200353
0.0169476
0.0114471
0.0112861
0.74271
0.0246877
0.00978284
0.013372
0.0231739
0.0161366
0.00874654
0.0136724
0.0277739
0.0130322
0.0327105
0.0565957
0.0503759
0.00783581
0.0145527
0.00703983
0.0111262
0.0362298
0.0294244
0.0395604
0.0105891
0.0242994
0.0179989
0.0275251
0.00741354
0.0125793
0.0192464
0.0607256
0.604657
0.022129
0.0428148
0.00399378
0.0225949
0.0142348
0.010135
0.0271743
0.0123359
0.014384
0.0150421
0.00838964
0.0156268
0.00624884
0.0228301
0.0132066
0.0318545
0.880533
0.013787
0.0125339
0.0255534
0.0192278
0.020813
0.00498751
0.0208749
0.00995439
0.00938297
0.0127827
0.0399507
0.0157776
0.00206923
0.00245739
0.0193168
0.00776415
0.0113692
0.0163056
0.0256181
0.0151452
0.00867631
0.0083335
0.0198185
0.00941332
0.0169735
0.0178115
0.023453
0.00681046
0.028972
0.00909255
0.0129942
0.0430789
0.0241696
0.015269
0.00729273
0.0216419
0.0231852
0.00693261
0.0372706
0.0355313
0.0286708
0.00774933
0.00532527
0.026825
0.0111987
0.0202009
0.0144144
0.023761
0.0100614
0.0404441
0.0150315
0.0513719
0.00637951
0.039298
0.0208871
0.0312851
0.0358371
0.00612617
0.0153281
0.0306146
0.0158149
0.00853082
0.00131718
0.0166056
0.0109719
0.0104015
0.0125598
0.0165713
0.00986086
0.00350331
0.0296612
0.0226008
0.0180364
0.0081367
0.0349459
0.0339091
0.0100319
0.0237624
0.0225802
0.0386997
0.048663
0.0351133
0.0119652
0.0507962
0.0354116
0.0132286
0.0284117
0.0116354
0.042607
0.0169743
0.00283309
0.0205362
0.0079053
0.0262386
0.0257533
0.022113
0.0124371
0.0146659
0.0762915
0.0234383
0.0142724
0.0266513
0.246532
0.00837499
0.0261148
0.0344774
0.0728423
0.0250609
0.0249689
0.0168445
0.0206702
0.0323194
0.00785849
0.0241326
0.0523128
0.00684517
0.0113655
0.0135434
0.0168463
0.0370614
0.0518747
0.0155371
0.00837743
0.0176345
0.0240367
0.00791086
0.0160242
0.00367752
0.0183796
0.0399418
0.00810911
0.0149386
0.0188637
0.0056756
0.00900226
0.00985102
0.0384957
0.0634349
0.0204894
0.043346
0.0138849
0.0123418
0.022812
0.018366
0.0221841
0.00246084
0.015555
0.00318887
0.0202764
0.0167905
0.0138508
0.0226658
0.0397331
0.0154728
0.032998
0.0280036
0.0106816
0.0120974
0.0079914
0.0240521
0.0387465
0.0125344
0.0274693
0.0831365
0.0177688
0.00725651
0.0263917
0.0133665
0.01032
0.0123774
0.0199787
0.0112676
0.020652
0.0222794
0.00679616
0.0137403
0.0223957
0.0127469
0.943389
0.0357665
0.0298212
0.0313077
0.0109429
0.0188059
0.00522534
0.0255549
0.0133325
0.0173642
0.00650597
0.074436
0.0239971
0.047473
0.0179622
0.0131474
0.0316839
0.00628735
0.0263569
0.00775001
0.0187165
0.0346517
0.0211523
0.0164095
0.0135593
0.0145431
0.0331207
0.017439
0.0126683
0.0267499
0.0099179
0.0247571
0.0192762
0.0152864
0.0105956
1.00938
0.0383813
0.012027
0.0469644
0.0260379
0.0164763
0.0115564
0.0081756
0.011542
0.0137283
0.0146427
0.0205347
0.0188524
0.0218244
0.00943794
0.0263336
0.0106756
0.0467477
0.0580212
0.0521513
0.00724342
0.0102428
0.00377333
0.0126997
0.00955956
0.00695313
0.0261841
0.0744457
0.0173801
0.0243168
0.0153783
0.0108785
0.0254049
1.32122
0.0285831
0.0363224
0.00399311
0.0311136
0.0226767
0.0152098
0.0150533
0.0222484
0.0491413
0.00933779
0.0203755
0.0147966
0.0277413
0.0318207
0.00945616
0.0245029
0.0170029
0.023885
0.0488252
0.0297397
0.0587834
0.0318697
0.0143572
0.0264459
0.00257394
0.00853028
0.00569947
0.0131659
0.020351
0.0444739
0.0192147
0.00846171
0.0119489
0.00833306
0.0299656
0.0405064
0.00636627
0.021471
0.0119892
2.08918
0.0238113
0.0119525
0.009318
0.0204405
0.0107422
0.00833873
0.00371453
0.00982184
0.0448446
0.00993044
0.0168763
0.0178393
0.0231467
0.0188396
0.0127725
0.0126998
0.0341818
0.0370594
0.0316535
0.0138125
0.0204286
0.00570027
0.0241639
0.0179196
0.00431927
0.0110888
0.00205368
0.0110387
0.020058
0.0254541
0.0186392
0.0152016
0.00700358
0.0103466
0.0437121
0.04844
0.00385143
0.996098
0.0206453
0.0159708
0.0345077
0.00692638
1.21918
0.0121883
0.00718764
0.00972038
0.00722735
0.0174331
0.0117492
0.0161303
0.0337046
0.00964268
0.0163101
0.996714
0.0169586
0.017181
0.011153
0.0172518
0.0128996
0.00795864
0.0115767
0.0149117
0.0122347
0.00804085
0.0116732
0.00338981
0.0357922
0.0139221
0.0225864
0.0118499
0.0248832
0.0294063
0.0103196
0.0179428
0.023482
0.0105074
0.00956523
0.00923235
0.0181055
0.0150705
0.0132632
0.0646743
0.0535129
0.00772421
2.65665
0.0121513
0.024681
0.0505895
0.0266307
0.0119047
0.0183381
0.00675048
0.0187878
0.0122258
0.0111236
0.0279454
0.0131429
0.0272023
0.0122559
0.0201173
0.0261276
0.0242422
0.00386878
0.0136986
0.00971797
0.0165851
0.025507
0.00753185
0.0116973
0.0124464
0.0424655
0.0111185
0.0183464
0.0100573
0.0214226
0.0207892
0.0164757
0.0096167
0.0129158
0.0136292
0.0134132
0.0370864
0.0143753
0.0514219
0.0238731
0.031758
0.0111246
0.0206525
0.00692758
0.014112
0.025557
0.0148905
0.0190374
0.00842355
0.0189855
0.0116138
0.0152843
0.00483485
0.0135556
0.00491836
0.0200247
0.0158792
0.022499
0.0112607
0.0122148
0.0203617
0.0198329
0.0104913
0.0132545
0.0606213
0.0124685
0.00777769
0.0251583
0.0135039
0.023381
0.0131645
0.0197033
0.0439451
0.0317786
0.0217308
0.0110926
0.0665175
0.0305271
0.0204468
0.00779762
0.025739
0.0649469
0.00704642
0.0203598
0.039004
0.0427159
0.0109882
0.0124366
0.0126123
0.0307873
0.01039
0.0153983
0.0202804
0.0349748
0.0217559
0.0264252
0.0572626
0.00756516
0.0201347
0.00929294
0.0142759
0.0140927
0.0244191
0.0215564
0.00985975
0.0150421
0.00657172
0.0310828
0.0154201
0.0114009
0.00953814
0.0407638
0.0713234
0.893959
0.0187024
0.0219231
0.0064255
0.00694864
0.0540503
0.0101732
0.0104966
0.0349158
0.016804
0.0245715
0.00962239
0.697316
0.00912357
0.0130224
0.0137868
0.0171519
0.0232626
0.0277755
0.00182636
0.0378389
0.0159831
0.0299972
0.0332969
0.0168684
0.028499
0.0135655
0.017659
0.0227022
0.0289492
0.037056
0.0128623
0.0074313
0.0416465
0.0434326
0.00890417
0.0167038
0.0386353
0.0183541
0.0318844
0.025427
0.0106108
0.0220897
0.0158998
0.0202762
0.00820718
0.0216693
0.0236875
0.023774
0.00426435
0.00754897
0.00790781
0.0219786
0.0290304
0.0107433
0.0131109
0.00839469
0.0575212
0.0325012
0.0212183
0.0541513
0.0279314
0.039035
0.0105146
0.0140415
0.0144117
0.0246065
0.0321628
0.0170339
0.00777495
0.00661549
0.0309278
0.0241991
0.0124306
0.0205912
0.0652387
0.0135784
0.0446235
0.0310915
0.0192611
0.020003
0.0109042
0.0165806
0.0236055
0.0235821
0.0223428
0.00756616
0.0193254
0.0240061
0.0235001
0.0198712
0.0231455
0.0156053
0.0260058
0.01549
0.0531795
0.0357174
0.0686624
0.0366013
0.028954
0.0232647
0.0206286
0.0267904
0.020195
0.0296648
0.0164576
0.03368
0.0257577
0.00338068
0.00881074
0.0157133
0.0202829
0.00802226
0.00671251
0.013722
0.00247977
0.0135092
0.0287031
0.023257
0.044301
0.0240504
0.0324424
0.0110039
0.0200294
0.00752653
0.0137763
0.0215184
0.0177571
0.0663637
0.0211063
0.0156843
0.0147605
0.0113186
0.00727456
0.814187
0.0103129
0.00739646
0.0245304
0.0187396
0.068469
0.0241126
0.00563911
0.0297891
0.0215513
0.00889229
0.0172827
0.0271789
0.0554156
0.0262429
0.0110322
0.0337086
0.0324613
0.0286866
0.0177177
0.0224088
0.0218937
0.0562646
0.0180908
0.00668341
0.0139005
0.0176267
0.027003
0.0159409
0.0239866
0.00743054
0.00693654
0.0300826
0.00475365
0.0188377
0.0225755
0.0225774
0.0183251
0.0271008
0.0116849
0.0209059
0.0110024
0.0241915
0.0361914
0.050008
0.0185596
0.0274005
0.00764126
0.0115574
0.00720396
0.0049007
0.00679063
0.0143912
0.0119141
0.0119123
0.00530838
0.0136329
0.00906572
0.0220464
0.0114864
0.0271701
0.0231978
0.004903
0.00521923
0.0103283
0.00972063
0.00920124
0.00761153
0.0103498
0.00570876
0.0226195
0.0340507
0.0366622
0.0143071
0.0359273
0.00579081
0.0190212
0.0203059
0.0174006
0.00737808
0.0043752
0.0473606
0.0134387
0.0179525
0.0224394
0.00984424
0.02944
0.0330061
0.0195484
0.0229333
0.0267715
0.0758836
2.22672
0.0324784
0.0404174
0.0260111
0.00654737
0.0165315
0.018185
0.00677491
0.0321578
0.0132097
0.0193862
0.014501
0.0133184
0.00360206
0.0401416
0.0367646
0.0148792
0.00581086
0.01775
0.0390259
0.0175799
0.0234294
0.0188098
0.0128227
0.0185438
0.0157503
0.0264847
0.0535898
0.0136327
0.0137328
0.0129786
0.0305273
0.0563911
0.00558894
0.0122527
0.0170734
0.0163825
0.0168894
0.0253154
0.00866163
0.00346914
0.00970194
0.0167553
0.0155046
0.0102247
0.0537831
0.0323834
0.0155211
0.0279195
0.0170034
0.0103154
0.0238959
0.00915509
0.0286183
0.0618166
0.00881616
0.0186238
0.0306718
0.0624346
0.0353131
0.00238704
0.00762413
0.0222412
0.0179169
0.0152084
0.0208586
0.0139218
0.00943635
0.0165043
0.0228115
0.0116998
0.0122409
0.00856263
0.0113881
0.00817421
0.0234016
0.0175228
0.0171206
0.0166718
0.0332048
0.0171928
0.0332975
0.00932071
3.16894
0.0250624
0.0256971
0.00775378
0.0266683
0.00758888
0.00658363
0.0168637
0.0061963
0.0191864
0.00580234
0.035364
0.0189509
0.0270591
0.019881
0.0146892
0.0121938
0.0180255
0.0355372
0.0171004
0.0111287
0.0168868
0.00484255
0.0138985
0.0200558
0.0606065
0.0253423
0.00805326
0.0114246
0.0268879
0.0214301
0.00629698
0.0423882
0.00906043
0.0355705
0.023316
0.0290874
0.0160601
0.0180642
0.025325
0.0383332
0.00316751
0.00589749
0.0148117
0.00872381
0.0432815
0.0123173
0.0249188
0.0366084
0.0150636
0.0481465
0.0518039
0.0417597
0.0188789
0.039259
0.0101579
0.00829067
0.0264682
0.0144536
0.0189576
0.0187251
0.010086
0.00955317
0.0181962
0.0232575
0.0924217
0.0220893
0.0101619
0.0381631
0.0185708
0.0212141
0.0060457
0.0643705
0.0297007
0.0197538
0.0339899
0.0125608
0.0032933
0.0195971
0.0343059
0.00913648
0.0389329
0.0113363
0.0186668
0.0116454
0.0200091
0.00692903
0.0198226
0.0042744
0.0796847
0.0574166
0.00826305
0.012611
0.0389203
0.00837417
0.0233053
0.0327954
0.00709972
0.027224
0.0120003
0.0877565
0.0106538
0.0263014
0.0197258
0.0205398
0.0173483
0.00936415
0.0167446
0.0352776
0.0126834
0.0645602
0.0074792
0.0299661
0.0247422
0.0298416
0.00183119
0.0262251
0.0457198
0.0128677
0.0240999
0.0679998
0.0505933
0.0180121
0.0129442
0.0399586
0.0117353
0.016257
0.0114583
0.0116717
0.00617329
0.00514606
0.0303943
0.00349098
0.0152178
0.0226455
2.34059
0.0158247
0.015725
0.0165715
0.0229076
0.041396
0.028886
0.016212
0.0168604
0.0179363
0.0201034
0.011418
0.039381
0.0298658
0.0149869
0.0160971
0.0235239
0.00513139
0.0239084
0.0177247
0.0127119
0.010516
0.0151554
0.0140295
0.0118624
0.00973455
0.0178445
0.0157412
0.0427756
0.0092817
0.0102306
0.0138709
0.0306081
0.024279
0.00301133
0.0205125
0.00686498
0.0109752
0.0294307
0.0155369
0.0128962
0.00778583
0.0291778
0.0415994
0.0197837
1.52767
0.0371891
0.0445935
1.0069
0.851542
0.0121403
0.0144788
0.0255153
0.0374538
0.935402
0.0243614
0.0280039
0.0129192
0.0318306
0.602805
0.00605012
0.0140505
0.0158298
0.0108468
0.00664117
0.02837
0.00323231
0.0269061
0.00792837
0.0269881
0.0320174
0.0156433
0.00812168
0.0187502
0.0282401
0.0123843
0.0562996
0.00580421
0.0347993
0.0366873
0.00869097
0.0229414
0.0206326
0.0518403
0.0146146
0.0131117
0.0109141
0.0157422
0.00480699
0.0304695
0.0202285
0.00670756
0.0272097
0.0144976
0.018016
0.0234301
0.0254774
0.015956
0.00782376
0.00833166
0.0198739
0.0337221
0.0191252
1.19292
2.24909
0.0323192
0.0178834
0.0137256
0.00575937
0.0147403
0.00393806
0.0593553
0.00807353
0.0209099
0.0181735
0.0249208
0.0267644
0.0129376
0.0277975
0.047823
0.00837242
0.0276484
0.0228514
0.0308752
0.0279027
0.00883746
0.0189817
0.0166565
0.0511386
0.0168258
0.0301831
0.447192
0.0183519
0.0256291
0.0150812
0.0068547
0.0331145
0.00755686
0.0146917
0.501157
0.01645
0.0162953
0.00720128
0.0247215
0.0201269
0.00848639
0.00529361
0.0308726
0.0266333
0.012231
0.0162016
0.00563726
0.0523566
0.710081
0.0181789
0.040941
0.0241946
0.0218314
0.033609
0.0150936
0.0239176
