0.00317607
0.95021
0.00281648
0.00348711
0.00248866
0.00218545
0.00387478
0.335189
0.00485643
0.00177423
0.00307902
0.483855
0.00188056
1.23826
0.00253854
0.000839152
0.00223959
0.918325
0.00492734
0.0031996
0.630588
0.00340501
0.00340207
0.00120296
2.07328
0.00250543
0.588651
0.00514803
0.00280974
0.0033571
0.00488653
0.00100543
0.00098329
0.0063423
0.00258698
0.00138547
0.00961441
0.00796933
0.00153099
0.00876743
0.000897601
0.00499071
0.00297627
0.000829536
6.32153
0.00303725
0.00378198
0.00377897
0.00345813
0.0322522
0.520276
0.000977329
0.800963
0.00147489
0.005244
0.159711
0.650267
0.0050425
0.00357744
0.00188722
0.00370888
0.00174465
0.000665963
0.00197358
0.00506492
0.00501266
0.0007732
0.00430256
0.268729
0.00462745
0.000945354
0.00446564
0.00610688
0.00379304
0.00675424
0.00217395
0.00538687
0.00178899
0.00245884
0.0031092
0.00206405
0.00411356
0.00228719
0.00463433
0.001367
0.00408648
0.00254898
0.00317557
0.00493122
0.00218764
0.00527471
0.00455714
0.00170445
1.60639
0.00303335
0.000845817
0.00199439
0.00465061
0.00269521
1.25621
0.00259497
0.00238887
0.00333401
0.00653954
0.00303597
1.78266
0.00396252
0.00215595
0.00336486
0.00109356
0.002248
0.00442734
0.00413325
0.00383685
0.00327531
0.0021439
0.00582835
0.00479313
0.00350795
0.00478656
0.00714722
0.00662222
0.0100086
0.00223404
0.0028653
0.0030277
1.02609
0.318738
0.00407149
0.754173
0.00358315
0.00657299
0.00335502
0.000926951
0.0063954
0.0161287
0.00524894
0.00315849
0.00358564
0.00747952
0.00492171
0.00182083
0.00336651
0.00727572
2.2919
0.00874429
0.00613288
0.00772573
0.0125897
0.00317975
0.00546257
0.00894024
0.328506
0.00358092
0.00721083
0.000530772
0.000898418
0.00549118
0.00295673
0.000859306
0.00487208
0.00246245
0.00862723
0.00339452
0.00177947
0.000445371
1.26566
0.00599834
0.00133527
0.00238435
0.00194394
0.0215921
0.00154683
0.00322865
0.425424
0.00288816
0.00305727
0.00430159
0.000551119
0.00461816
0.00355882
0.00370573
0.00370681
0.0240341
0.00625652
0.00450289
0.00431283
0.00435721
0.00215552
0.00157322
0.00137693
0.0053099
0.00492161
0.00534675
0.00273413
0.00489438
0.00029844
0.00338065
0.00247485
0.00277547
0.00316874
0.00284479
0.00223864
0.0021918
0.00605683
0.0041636
0.00307357
0.00756018
0.00464443
0.00484965
0.00230184
0.0051072
0.00879657
0.00626073
0.00196258
0.00301995
0.0036159
0.0035901
0.00305179
0.0109427
0.00895419
1.84267
0.0275952
0.00664749
1.45658
0.00406189
0.0104896
0.00108832
0.007765
0.00202848
0.00180311
0.00269217
0.0147616
0.00375202
0.00476373
0.00711119
0.000469775
0.00280924
0.00832204
0.00576476
1.10856
0.00241466
0.00261278
0.00774752
0.0063017
0.00524398
0.00867807
0.00510684
0.000611839
0.00644813
0.00429887
0.0104579
0.00584976
0.00835824
0.00177193
0.00852048
0.754148
0.00599454
0.00289362
0.00667128
0.00799405
0.00282185
0.01497
0.00611524
0.00375648
0.00213141
0.00492332
0.00712095
0.0113532
0.00232667
0.00745944
0.00255494
0.00113934
0.00220323
0.00461537
0.00376402
0.0011995
0.00215311
0.00159688
0.00406169
0.00589378
0.00358992
0.00409434
0.00407267
1.48322
0.00539266
0.0121575
0.00270949
0.00234406
0.00315809
0.00124289
0.00500196
0.00345488
0.00351271
0.00189147
0.0108224
0.001357
0.0138385
0.00542998
0.00634255
0.00487778
0.00447137
0.0146364
0.00132209
0.00312337
0.00914803
0.00561438
0.000737343
0.00379446
0.00395868
0.00295832
0.00263852
0.00111161
0.00828044
0.014788
0.00577953
0.000120515
0.0049961
0.0056739
0.00434649
0.00304049
0.00441355
0.00296957
0.00250458
0.00757182
0.0046275
0.00981872
0.009981
0.00885723
0.00378255
0.00349204
0.00789302
0.00381288
0.00508577
0.00298571
0.00379049
0.00202759
0.00848328
1.77848
0.00242697
1.08886
0.00492977
0.00306604
0.0017602
0.00705838
0.00342112
0.000847527
0.00845987
0.170256
0.00236059
0.00139433
0.0110818
0.00334021
0.0046164
0.00309198
0.00720167
0.00613229
0.00297944
0.0044694
0.00299607
0.00365071
0.00475243
0.00930124
0.00223407
0.00246863
0.00616208
0.00296005
0.00607905
0.00263097
0.00124634
0.00157573
0.00911234
0.0115056
0.00395621
0.00565525
2.321
0.00562809
0.411905
0.00509154
0.0016405
0.00427729
0.580224
0.313113
0.00634888
0.00368608
0.00441667
0.00580094
2.01854
0.0029163
0.000245673
0.00569735
0.00256814
0.00254602
0.00602693
0.00343015
0.00558437
0.00355936
0.0022137
0.00341489
0.00365059
0.0116352
0.00219796
0.00276537
0.00686584
0.00109057
0.00542937
0.00373529
0.00162234
0.00591851
0.00381283
0.00261703
0.00291134
1.18531
0.00298914
0.00454066
0.0005474
0.00189111
0.00597216
0.000861566
0.00179473
0.000125641
0.0043287
0.00820777
0.00269634
0.00217587
0.00592309
0.00239365
0.00715474
0.0029213
0.00281339
0.00603887
0.00475267
0.003006
0.00178941
0.00223621
1.71085
0.00224528
0.00678945
0.00302163
0.00363709
0.00226214
0.00286166
0.00344436
0.00378006
0.00398732
0.772462
0.00229195
0.00562794
0.00274759
0.341442
0.00539946
0.0183672
0.00574669
0.000850269
0.00444456
0.00395646
0.00660317
0.0043666
0.00180524
0.00174418
0.00407028
0.00285527
0.00594702
0.00177105
0.00530215
0.00325351
0.505833
0.00149016
0.00649037
0.00453876
0.00502961
0.00331732
0.070935
0.00465471
0.00125728
0.00441372
0.00987594
0.00794577
0.0048633
0.0106049
0.00738191
0.00402981
0.00393831
0.00520364
0.00122599
0.0150382
1.20866
0.00467659
0.00422279
0.444453
0.00263506
0.00286474
0.00124347
0.00303678
0.00607786
0.00606491
0.582439
0.0037378
0.0082026
0.0107462
0.00294521
0.00685532
0.00559634
0.481582
0.00952455
0.0046671
0.0079394
0.003311
0.00198476
0.00535136
0.00897896
0.00125686
0.00552468
0.00495403
0.00136359
0.0045875
0.00190801
0.0115239
0.00106224
0.00398735
0.0100156
0.526477
0.00129303
0.386152
0.00498327
0.00362471
0.00207191
0.00358343
0.00652852
0.00729778
0.00351918
0.0014898
0.00260233
1.83997
0.0060254
0.00204965
0.000972321
0.00501617
0.00842655
0.00594685
1.08693
0.00291336
0.00255156
0.00254879
0.00341733
0.00369448
0.00607974
0.00175838
0.00298037
0.00103593
2.98477
0.00290349
0.000848352
0.00142131
0.00418414
0.00714929
0.00104241
0.00722877
0.0103266
0.00544113
0.0118242
0.00391163
0.00792715
0.00428792
0.00229965
0.00456346
0.00336428
0.00558626
0.00130706
0.00554098
0.00224843
0.00439062
0.00484201
0.00417579
2.7147
0.00226316
0.00210256
0.00260118
0.00672275
0.0122635
0.00128442
0.00973658
0.00220234
0.00593529
0.00720073
0.343891
0.00191237
0.00712883
0.00250558
0.00225175
0.00472208
0.00299836
0.000650034
0.0129574
0.00648444
0.000886087
0.00637879
0.00343999
0.00239386
0.00391629
0.00525132
0.0033964
0.00798683
0.0057071
0.00510603
0.00280373
0.00441384
0.00585774
0.00474172
0.0023535
0.00233583
0.00496506
1.48211
0.00169412
0.00309682
0.00220206
0.00180964
0.00680262
0.00487287
0.00347265
0.714759
0.00140571
2.58994
0.00445635
0.0048754
0.0020074
0.00413718
0.00490587
0.00290391
0.00409373
0.000569929
0.00384411
0.00470446
0.00682582
0.000983019
0.00446357
0.00114502
0.00229721
0.00225973
0.00285517
0.876068
0.98805
0.00304456
0.00190199
0.00561367
0.00631121
0.00356825
0.00331372
0.00370623
0.00310855
0.00426329
0.00585027
0.00276152
0.00212075
0.00566217
0.00644394
0.00173043
0.00432489
0.00503053
0.00187349
0.00398824
0.0064843
0.0108735
0.00610234
0.00478885
0.00286992
0.00683212
1.10265
0.309376
0.00530998
0.00251472
0.00329735
0.00184397
0.00100827
0.00650912
0.0036626
0.00589946
0.0051802
0.0055219
0.00658372
0.111275
2.40471
0.00570776
0.00416915
0.605892
0.00582459
0.00121376
0.000975285
0.0049875
1.00275
0.00364955
0.00529276
0.000580633
0.0104075
0.00380289
0.00288317
0.726965
0.000852603
3.42314
1.12145
0.00280719
0.606498
2.71344
0.00256882
0.00251895
0.00607936
0.00269345
0.00485197
0.00903917
0.00633503
0.00160204
0.00382074
0.0045792
0.00190438
0.00948592
0.00350849
0.00474672
0.631556
0.0155241
0.0053311
0.00427089
0.00588821
0.675732
0.004653
0.0151748
0.00435488
0.00333469
0.0014051
0.00511531
0.00210566
0.00845922
0.521398
0.00267949
0.000958854
0.000611959
0.00221422
0.00314899
0.253249
0.00140962
0.0074313
0.638339
0.00416412
0.00681258
0.00530679
0.0103232
2.10189
0.000812211
0.00206066
0.005842
0.00658725
0.491398
0.00137475
0.00588981
0.00633488
0.397947
0.00372479
0.0015305
0.00254748
0.00177116
0.0020301
0.00209516
0.00513088
0.915506
0.00209412
0.00128855
0.606107
0.00192986
0.00291298
0.00405446
0.00569772
0.0106211
0.00195434
0.00296091
0.00301836
0.00441041
0.00466597
0.0021602
0.00630906
1.95453
0.00262658
0.0010927
1.27647
0.000586986
0.00253356
1.20376
0.00635137
0.923189
0.000997022
1.01542
0.00289725
0.00809162
0.00248943
0.00265931
0.00260877
0.369636
0.00431397
0.0020694
0.00500593
0.00418573
0.00310201
0.00276046
0.00431298
0.598388
0.00943496
0.00221716
0.00294304
0.00379709
0.00260961
0.795791
0.00140817
0.00724598
0.00180818
0.00397652
0.00214656
0.299146
0.00183754
0.00265734
0.00391179
0.667354
0.00370124
0.00146138
0.0024293
0.00617715
0.0035957
0.706437
0.00159115
1.70819
0.520041
0.761983
0.00257511
0.000937984
0.00366186
0.00326759
0.00226401
0.00262602
0.0032922
0.00922111
0.00158156
0.00208562
0.556121
0.00341793
0.00192177
0.00594053
0.00118446
0.00529084
0.00714219
0.86987
0.00431739
0.00221525
0.00266919
0.00724472
0.0036735
0.00236991
0.00516556
0.00618971
0.00213078
0.00103607
0.00313091
2.90164
0.00154184
0.00104362
0.00289107
0.00282679
0.00492563
0.000358375
0.00359075
0.00074236
0.00970726
0.00194743
0.00341352
0.00502524
0.00185321
0.0027387
0.000720062
0.00460588
0.00123595
0.000542015
0.00378321
0.0022971
0.00315184
0.00271543
0.00791121
0.00459819
0.00832868
0.00701162
0.0044175
0.00286644
0.00417847
1.90081
0.00544591
0.00231108
0.00367388
0.00131116
0.0019025
0.00284606
0.00585202
0.00123037
0.0040562
0.00391684
0.0214993
0.00758233
0.00745512
0.0082886
0.463418
0.00686931
0.00354111
0.00240649
0.00623847
0.00358695
0.00388686
0.00659508
0.380407
0.00225709
0.0048457
0.00797034
0.00464263
0.00147273
0.00731345
0.00839082
0.761909
0.00640238
0.00426642
0.00450014
0.00603962
0.00560691
0.00360175
0.00256681
0.00236624
0.00416112
0.00102187
0.00598479
0.00374599
0.00470846
0.00294525
0.00515054
0.00199387
0.00693088
0.0031248
0.00808143
0.00810793
0.000703557
0.849914
0.00479386
0.00427755
0.00419736
0.00427423
0.00705622
0.0021946
0.00191858
0.00551479
0.0045054
0.0019767
0.00337249
0.006301
0.00231067
0.00108916
0.00277796
0.00206856
0.00291435
0.00297924
0.00738885
0.00608897
0.00378604
0.00178887
0.000971966
0.00554422
0.010206
0.00197509
0.0045899
0.00153765
0.00145392
0.00707247
0.000662959
0.00374659
0.00365721
0.00275483
0.0102374
0.00393053
0.000983812
0.000988773
0.00458567
0.00375767
0.000299927
0.00308353
0.00458152
0.00239649
0.838899
0.00400422
0.00572144
0.00270062
0.00242042
0.0088693
0.00865633
0.00618336
0.00111811
1.38938
1.51993
0.00554824
0.00607274
0.00525171
0.0022991
0.00527889
0.00218787
0.00218226
0.00250569
0.00408915
0.00400242
0.00821316
0.0128313
0.00271546
0.00195564
0.00110987
0.00150054
0.00667294
0.00294038
0.000443367
0.00261282
0.00132739
0.0030995
0.0022632
0.00365914
0.00734758
0.00496469
0.00545933
0.00866342
0.00586119
0.00462829
0.00196553
0.00405854
0.00417229
1.00493
0.00375363
0.00445553
0.00309431
0.00612401
0.00592706
0.00248362
0.00666441
3.65694
0.00383809
0.00549425
0.00201468
0.00614664
0.00348458
0.00643342
0.006059
0.00775254
0.0742068
0.00320046
0.00560207
0.00125998
0.00060763
0.00157051
0.00505168
0.00442984
0.00208508
0.00225044
0.0032679
1.38125
0.0068678
1.17736
0.00431082
0.00291103
0.00595262
0.00116206
0.00218402
0.00637861
0.00112442
0.00549675
0.00101307
1.33792
0.00252598
0.00187277
0.0011579
0.00518752
0.00499427
0.00327199
0.00448048
0.0043745
0.00955626
0.00624887
0.0107641
0.00281285
0.00383832
0.00101862
1.27945
0.00216242
0.00651277
0.00416604
0.00475044
0.0156717
0.00447284
0.00540394
0.0161019
0.00211646
0.00214313
0.00736928
0.00472064
0.00558202
0.0013605
0.00572099
0.00484827
0.000409967
2.9689
0.00330579
0.00660731
0.00576322
0.0113384
0.00155064
0.00207896
0.00191938
0.0120965
0.0133925
0.0105274
0.00669993
0.00201001
0.00648238
0.00325741
1.20212
0.00253751
0.00660108
0.00350488
0.00457204
0.496479
0.00398555
0.00541157
0.00480728
0.463297
1.03533
0.00321253
0.00323446
0.00360494
0.801004
0.00277155
0.00660311
0.00194138
0.00103226
0.00453609
0.00257242
0.00149153
0.00602597
0.00876463
0.00303798
0.00353694
0.00209276
2.79332
0.00598884
0.00213397
4.48427
0.000283512
0.00516651
0.00269072
0.00609816
0.513234
0.00152241
0.00154877
0.00601263
0.00376896
0.00820334
0.00445855
0.00138477
0.00661509
0.000684687
0.00313251
0.236125
0.00811605
0.00253177
0.00207266
0.00301098
0.00164785
0.00441348
0.00476275
0.0048671
0.00767903
0.003161
0.00404713
0.00294827
0.00329136
0.0135354
0.00202926
0.0078934
0.0129582
0.00101216
0.00323002
0.630054
0.00154266
0.00281988
0.00165028
0.00431303
0.001436
0.00851447
0.00468513
0.00434138
0.00562563
0.460887
0.0028774
0.00160743
0.00247294
0.00555771
0.00158187
0.00349211
0.00699642
0.00215344
0.000915938
0.00509696
0.00177238
0.00110166
0.00451183
0.00337679
0.00280176
0.00416459
0.000881595
0.00433184
0.00147914
0.00351335
0.00407802
0.00286548
0.000974261
0.00491712
0.00501043
0.637034
0.00513091
0.00283131
0.00630063
0.00772824
0.0596034
0.00496362
0.00529822
0.00524513
0.00190782
0.251589
0.00556368
0.00582786
0.00220522
0.0141654
0.0011169
0.00174796
0.00478082
0.00247047
0.00222649
0.00236663
0.000995215
0.00262384
0.00496493
0.000912603
0.00205447
0.00192004
0.00512201
0.00941703
0.00346333
0.00225049
0.00320805
0.0024563
0.00302866
0.00487233
0.00167631
0.00357654
0.00045597
0.00454718
0.00322177
0.233683
0.417072
0.00427614
0.00913702
0.00436037
0.0033793
0.00376794
0.00500717
0.00346118
0.00119704
0.965407
0.00739934
0.00354196
0.00183482
0.00157229
0.00276653
0.000519826
0.00437402
0.00141618
0.00329425
0.0041819
0.00523673
0.257655
0.00326506
0.282616
0.00226759
0.00554488
0.00298371
0.00587351
0.00575993
0.00287718
0.000933374
0.00812894
0.00928491
0.00267163
0.00426936
0.00502406
0.000961757
0.00320711
0.00311939
0.00308506
0.00208082
0.00232908
0.011553
0.00167037
0.00149954
0.00455989
0.00214532
0.00230298
0.00167191
0.000252705
0.00237309
0.0095877
0.00592921
0.00134783
0.0081393
0.00506481
0.00856141
0.00509277
0.00357577
0.00359331
0.00519241
0.00153376
0.00360861
0.0034607
0.00769895
0.00290866
0.000881687
0.00147125
0.00331132
0.00498066
0.00470178
0.00445156
0.00159046
0.00202679
0.00754827
0.00127048
3.23564
0.651623
0.00297785
0.00427891
0.00306609
0.00261551
0.00164408
0.00459256
0.00463708
0.013217
0.0050907
0.00736272
0.00773253
0.00414795
0.0149137
0.00789418
0.00698051
0.00169077
0.0118135
0.00616504
0.000999211
0.00767007
0.00319829
0.00524681
0.000935219
0.00177074
0.0116123
0.00291611
0.00900693
0.0115186
0.00267991
0.00324002
0.00267385
0.00345034
0.00685091
0.0023283
0.0111345
0.0049447
0.00307295
0.00954751
0.00473034
0.00366539
0.00695172
0.0105223
0.0043894
0.00142242
0.00830115
0.00455398
0.00533176
0.00470976
0.00513072
0.00188793
0.00402384
0.00527304
0.00601182
0.00271484
0.00189106
0.00198519
0.00500963
0.00867261
0.00300101
0.00396958
0.00557934
0.00162869
0.00652923
0.00244023
0.00398967
1.00708
0.00685198
0.00489484
0.00715243
0.001666
0.00263546
0.00568888
0.00148398
0.000746643
0.00171941
0.00869688
0.00693005
0.00227715
0.00301057
0.00292311
0.00457396
0.00247579
0.0013862
0.00514218
0.00402192
0.00245395
0.00149993
0.00399468
0.00297101
0.00245828
0.00309741
0.000677514
0.00367355
0.00455653
0.00609493
0.00203163
0.00526046
0.00451414
0.932035
0.00504305
0.00372612
1.64071
0.0128487
1.30897
0.00117092
0.000928521
0.638939
0.00287234
0.85398
0.0168975
0.545041
0.002476
0.825655
0.00589757
0.00238235
0.00409803
0.0057512
0.00506632
0.00104858
0.472314
0.0025656
0.00197404
0.0100001
1.01007
0.00364182
0.00200647
0.00320378
0.00306943
0.00371329
0.00275727
0.00593041
0.941772
0.0011338
0.00328322
0.000201278
0.00230151
0.491367
0.285551
3.40785
0.00169511
0.00121776
0.00400355
0.00186284
0.00248626
0.00349231
0.507818
0.615947
0.00359015
0.00339886
0.0046381
0.00383732
0.00696879
0.00163466
0.00302033
0.00528357
0.00413133
0.00565891
0.00368566
0.00344339
0.00164214
0.0026832
0.0035269
0.000508553
0.195309
0.776219
0.000674145
1.23789
0.741241
0.0120868
0.894021
0.217286
0.00376571
1.97384
0.00218252
0.00840867
0.00155682
0.00140604
0.00664814
0.000741377
0.743454
0.00384033
0.00170495
0.742616
0.00332202
1.41191
0.846662
0.00304692
0.00152769
0.000950834
0.00320256
0.00311636
0.00158568
0.000560033
0.00340427
0.00537663
0.00482964
0.00304267
2.48325
0.00616709
0.00518781
0.643792
3.29755
0.00458347
0.0007644
0.00076209
0.00459084
1.15656
0.0017924
0.00568032
0.00626848
1.19073
0.000832879
0.55113
0.00385761
0.00592834
0.000893324
0.00556373
0.424428
0.160643
0.00389723
1.39148
0.00291891
0.00636296
1.21061
0.00643114
0.834522
0.00378712
0.00400194
0.771913
0.00470967
0.00376834
0.283417
0.00297162
0.00381249
0.00897381
0.00647181
0.00505339
0.305252
0.0047682
0.00127154
0.00384792
0.00685841
0.00644487
0.00797892
0.00288802
0.00475205
1.05371
0.00361441
0.00316117
0.00427322
0.00297237
0.00215281
0.00521563
0.00294732
0.38801
0.00306397
0.729499
0.00849328
0.00402225
0.00617154
0.00592169
0.00151691
0.00285822
1.4257
0.0015199
0.890253
0.00306104
0.00240022
0.00939737
0.374446
0.00197935
0.0128716
0.00478106
0.00173661
0.00154384
0.00513408
0.455927
0.00389059
0.00576414
0.00465606
0.00438129
0.00377179
0.00334329
0.00729938
0.292822
0.00439714
0.00500395
0.003002
0.00318691
0.00238373
0.00118802
0.00182131
0.0106745
0.00168107
0.000605431
0.00167932
0.00519396
0.00558998
0.00202623
0.00139941
0.000229196
0.00723261
0.00306095
0.00183191
0.00558307
0.00336769
0.00377337
0.00428261
0.00288009
0.00792134
0.00502207
0.00546897
0.00283239
0.00579167
0.00191308
0.00427368
0.0057796
0.0101762
0.00263144
0.00442134
0.00200846
0.00474758
0.00515901
0.00230713
0.00205632
0.00663777
0.00552255
0.00448542
0.00563387
0.00426427
0.00632105
0.0044315
0.00185647
0.00122844
0.000816302
0.00340988
0.00749426
0.00901687
0.00600734
0.524533
0.00244536
0.00854257
3.16133
0.59892
0.68827
0.042636
0.00415162
0.399106
0.00334661
0.00984789
0.480216
0.0057639
0.00834917
0.480869
0.00262417
0.00254408
0.0042234
0.00160691
0.00791633
0.00269208
0.00657505
0.0100345
0.00736518
0.00335878
0.00428973
0.00065856
0.007625
0.0101253
0.00294454
0.00370472
0.00496258
0.00180278
0.00326205
0.00400034
0.00114066
0.00582071
0.0009905
0.00186439
0.00472247
0.00278617
0.00197623
0.00237161
0.0140373
0.00528475
0.00230775
0.00262881
0.00604841
0.00269225
0.00272608
0.760235
0.00441121
0.0104162
0.00825019
0.00355064
0.00306872
0.000766102
0.00237313
0.00347558
0.00532558
0.0011947
0.00465094
0.0041502
0.00374461
0.00182608
0.00713147
0.510779
0.0147541
0.00131431
0.163979
0.00341621
0.00399053
0.00686857
0.0109841
0.00571214
0.000747182
0.000792681
0.00174739
0.0116528
0.391268
0.0024312
0.00301389
0.00272387
0.0067705
0.00570938
0.00834265
0.00520879
0.330056
0.00156054
0.00107877
0.00113242
0.00480326
0.676818
0.0036579
0.00301931
0.0110647
0.0049461
0.000915123
0.00280896
0.00363071
0.00396099
0.00810144
0.00539904
0.00397529
0.00233069
0.00364234
0.00320116
0.00404829
0.00463853
0.00132787
0.00113414
0.00312721
0.00680988
0.0010086
0.00274014
0.00548958
0.00135589
0.0032322
0.00516977
0.000603425
0.00051526
0.00262881
0.00690316
0.00348794
0.00435959
0.00482641
0.00289038
0.002664
0.00325813
0.00923301
0.0064625
1.34376
0.0113882
0.00257208
0.00449497
0.00987748
0.00783579
0.00573505
0.846895
0.00302712
0.00432452
0.00808994
0.00633942
0.00219525
0.00281342
0.00436753
0.00523723
0.00579704
0.00489245
0.00314481
0.0133555
0.000878342
0.00323085
0.00641217
0.00350453
0.00185624
0.00522182
0.00335934
0.00228383
0.00140238
0.00302759
0.000870345
0.00239787
0.00397533
0.00458798
0.00433988
0.00490318
0.00370608
0.00117952
0.00414828
0.000889889
0.00768779
0.00495269
5.99634
0.00326599
0.00146352
0.00456469
0.00623661
0.0082658
0.00311065
0.00254837
0.00219511
0.00864088
0.00618924
0.00119484
0.000760149
0.00326419
0.00323727
0.00391134
0.00624685
0.00329122
0.00173934
0.00970179
0.00434224
0.00952853
0.00737238
0.00253684
0.00216133
0.0052682
0.0038569
0.00314253
0.0136696
0.00693848
0.00388342
0.00344465
0.00212513
0.00526099
0.00317794
0.00557187
0.00859254
0.00346621
0.00262962
0.00316625
0.00371424
0.00215623
0.00467441
0.00797101
0.00272523
0.00241041
1.25492
0.00108826
0.000726799
2.21088
0.00164816
0.00445866
0.0032452
0.00120696
0.00156619
0.00388791
0.0120144
0.00153143
0.00704238
0.00834186
1.07799
0.0021234
0.00296246
0.00223589
0.00392341
0.0072062
0.00172986
0.00604831
0.00292217
0.0036631
0.00523309
0.00472629
0.00365915
0.562446
0.0040152
0.0029206
0.00294838
0.00497602
0.00391477
0.00994809
0.0152515
0.893682
1.11347
0.00612792
0.00294121
0.00112357
0.000939285
0.00166042
0.00390088
0.00525497
0.00217394
0.00169446
0.0014874
0.00300227
0.00679692
0.00815222
0.00736189
1.12416
0.00636242
0.00455475
0.00571338
0.00307686
0.00205808
0.00698648
0.00406984
0.0037872
0.237318
0.00469916
0.0042036
0.00368067
0.00156641
3.03524
0.0104975
0.779304
0.00629402
0.00333139
0.00529279
0.00678252
0.00276749
0.00160201
0.00868808
0.00866941
0.00468691
0.0064866
0.000312341
0.00854277
0.00720076
2.371
0.00388126
0.00332384
0.000932465
0.00611975
0.00500725
0.00599324
0.00320017
0.00658403
0.00219636
0.00438563
0.00292838
0.00939432
0.0028974
0.00169504
0.0023973
0.00318157
0.00488949
0.0088936
0.551943
0.560307
0.00250309
0.00426525
0.00089899
0.00191491
0.00538573
0.00202823
0.00267492
0.00125984
0.00482023
0.000500538
0.00405319
0.0046859
0.0069512
0.00206862
0.00267292
0.00504104
0.00210169
0.00403348
0.00976524
0.00318087
0.00725515
0.00246623
0.00679048
0.000750293
0.00746517
0.00160662
0.00224816
0.00274186
0.00371375
0.00784935
0.00194565
0.00307682
0.00171709
0.00215586
0.00812505
0.00377069
0.00330909
0.00198615
0.0085944
0.00353068
0.00102477
0.00502127
0.00145815
0.478012
0.00417689
0.256764
0.00598772
0.00476209
0.00445598
0.00114335
0.167202
0.0016873
2.10034
0.00356764
0.178174
0.00673279
0.00825132
0.000542013
0.00707451
0.0013525
2.44774
0.00704704
0.00411952
0.0170332
0.00598688
0.0101301
0.00636295
0.00480658
0.00189572
0.00212771
0.00449999
0.0110664
0.0217977
0.00476011
1.38376
0.00162499
0.00130971
0.000737163
0.00786665
0.00617779
0.00718693
0.00664395
0.00563711
0.00544732
0.00225
0.00363979
0.00523517
0.00207195
0.00307351
0.000835922
0.00830763
0.00513936
0.00406477
0.0105477
0.00441341
0.00561708
0.00727612
0.696744
0.00449261
0.00287978
0.00352722
0.0126585
0.00659674
0.00514026
0.00700057
0.0084855
0.00642512
0.00620175
0.00241099
0.00206871
0.00370415
0.00112546
0.00143962
0.319709
0.00629723
0.00241701
0.0016956
0.00507172
1.42421
0.00549696
0.00522088
0.00431461
0.0063316
0.00291348
0.00517768
0.00476718
0.642424
0.00708354
0.00225283
0.00170539
0.00147749
0.00556973
0.000273739
0.00294847
0.00351646
0.00724132
0.00191586
0.00953501
1.71602
0.00172208
0.000805628
0.00288246
0.00461216
0.00435799
0.00583563
0.00341641
0.00520254
0.00241968
0.00300819
0.00372127
0.00751488
0.00427319
0.00464345
0.00451696
0.00386233
0.0041808
0.00939332
0.00455574
2.65034
0.0013972
0.00731369
0.00246302
1.07965
0.00335388
0.0019797
0.000801933
0.0011293
0.00630762
0.00297249
0.00240373
0.00264021
0.00280676
0.00112626
0.00356817
0.00455482
0.00138188
0.00354515
0.00475299
0.0061323
0.00368208
0.00298308
0.0029756
0.00247026
0.000699191
0.00306038
0.00523322
0.0040086
0.00542876
0.000347571
2.2818
0.00225268
0.00535359
0.00524618
0.00280613
0.00237553
0.907287
0.0063226
0.00377067
0.00864844
0.00284043
0.000277982
0.00325647
0.762065
0.00637499
0.00501536
0.00618033
0.00121328
0.00487212
0.00877046
0.00520431
0.00184974
0.00806296
0.00528698
0.00255523
0.00141455
0.00409101
0.00119867
0.00349937
0.00494285
0.000423601
0.00436454
0.00370798
0.00701239
0.00379664
0.00290547
0.00278091
0.61493
0.34604
0.000832399
0.70737
0.00704001
0.501638
0.158824
0.00579252
0.29805
0.00288511
0.00129922
0.00710379
0.00465317
0.00386054
0.00196101
0.0022032
0.481689
0.00299462
0.988696
0.00426332
0.00899146
0.00306
0.00654037
0.0038737
0.000789568
0.00182007
0.633902
0.0041511
0.00709053
0.00619217
0.00091552
0.00100088
1.7305
0.00676724
0.00310242
0.00223072
0.000911676
0.0042915
0.00128031
0.00131053
0.00227366
0.0042838
0.00631496
0.467848
0.00769024
0.00653686
0.556921
0.00171084
0.00318965
0.00403561
0.00401369
0.00252896
0.638121
0.00577607
0.00410045
0.0061447
0.652372
0.00785201
0.690867
0.00280295
0.00244564
0.00206689
0.00413355
0.00465753
0.00286272
0.0065988
0.00738009
0.00200654
1.9588
0.00148486
0.661608
0.00338235
0.0062039
0.00390516
0.002927
0.00291179
0.00634534
0.444718
0.00784184
0.00397525
0.00473796
0.00225428
0.480563
0.00131333
0.222848
0.00558359
0.0156263
0.00736466
0.00551882
0.00510506
0.00448017
1.03832
0.00287828
0.0042567
0.0054369
0.00454356
0.438387
0.00386995
0.0044971
0.00187102
0.00297128
0.00349959
0.00226054
0.000800272
0.00483378
0.00151954
0.442749
0.00848502
0.00152022
0.00310408
0.00578141
0.00374985
0.60383
0.00429604
0.00359485
0.00165612
0.911961
0.00189817
0.581423
0.00143096
0.00108167
0.0028704
0.00433627
0.00773631
0.00539323
0.00342242
1.20739
0.00665707
0.00744948
0.00596006
0.00133988
0.0012934
0.00266047
0.00476751
0.69347
0.00576838
0.00516613
0.00270654
0.00165261
0.00102823
0.00573677
0.00214768
0.000953061
0.00257174
0.00409518
0.00513033
0.00525125
0.00510463
0.010194
0.00854191
0.000670137
0.00631317
0.00293937
0.00298535
0.00626834
0.00170451
0.00676835
0.00316874
0.00105617
0.00479852
0.00558886
0.00872059
0.00587298
0.00488595
0.00438894
0.515066
0.475111
0.00695044
0.00282032
0.00568176
0.00474641
0.00143153
0.222468
0.00382173
0.00114094
0.00347713
0.00167799
0.894957
0.000739111
0.00545111
0.00210678
0.00452757
0.0046251
0.00853329
0.00416355
0.00836643
0.00466531
1.40827
0.00157804
0.00137774
0.00718261
0.00376124
0.00143566
0.0010537
2.1352
0.0024767
0.00304412
0.00358343
0.00303139
0.00551413
0.00163701
0.00117801
0.00239833
0.0028341
0.0074168
0.00239679
0.00311461
0.00612294
1.01457
0.00218958
0.00332421
0.00422929
0.00350178
0.00487359
0.00167256
0.00363296
0.00271219
0.00268182
0.00451773
0.00453909
0.00409402
0.00426326
0.00612629
0.584832
1.46816
0.00914269
0.00245517
0.00755079
0.00460399
0.00481868
0.0069827
0.0121137
0.00155471
0.00552954
0.00267776
0.00398996
0.00324377
0.971288
0.0048569
0.0121145
0.00333044
0.36625
0.00295718
0.00522926
0.00337626
0.00081499
0.00454501
0.695637
0.00453206
0.00810131
0.00818788
0.00187944
0.00429489
0.0010027
0.00347883
0.00977413
0.00732874
0.00662153
0.00421112
0.00321251
0.00296563
0.0037799
0.00543465
0.00837337
0.00855883
0.00942187
0.00259163
0.00519553
0.00559847
0.00246424
2.76729
0.00323032
0.11241
0.00689295
0.0044663
0.0026456
0.00782089
0.00645141
0.581353
0.00663068
0.00941716
0.0031599
0.00723616
2.46474
0.00199271
0.00470851
0.00404075
0.00355816
0.00692237
0.00417441
0.0017969
0.00667429
0.00211785
0.00147392
0.00627385
0.00337606
0.00500379
0.003359
0.00355146
0.00173055
0.00377634
0.00612207
0.00490081
0.758918
0.00593115
0.00471839
0.00104012
0.00213388
0.685694
0.00534259
0.00319761
0.00720406
0.000649609
0.00255939
1.29565
0.00125488
0.00412084
0.00211046
0.00420294
0.0011877
0.0097047
0.00606342
0.00570047
0.00428152
0.00479793
0.00791569
0.00287171
0.0136107
0.00527712
0.00297141
0.00568641
0.00553264
0.00561034
0.00317245
0.000879468
0.00844603
0.000461473
0.00427341
0.00347622
0.00639627
0.00620871
0.00165629
0.00485693
0.00955839
0.00428816
0.00736267
0.00226035
0.00443744
0.00421818
0.00245793
0.00617634
0.000399368
0.00420367
0.00415686
0.00488091
0.0100278
0.00801017
0.00385711
0.00438741
0.0014415
0.00146224
0.0036435
0.00153401
0.00532106
0.00167351
0.00383984
0.00619943
0.00125526
0.00247303
0.00364488
0.00436572
0.00577513
0.00364895
0.00284501
0.00221468
0.00247511
0.005369
0.00590733
0.00147691
0.00316924
0.00667246
0.0022295
0.00111357
0.0067272
0.00420547
0.00441066
0.00527456
0.00393101
0.00578384
0.00242339
0.00411383
0.00504482
0.00148037
0.00666119
0.00196519
0.00575126
0.00498677
0.00482008
0.00472912
0.00165359
0.00340375
0.00234211
0.00280812
0.00768988
0.00387186
0.00929075
0.00392583
0.00119828
0.00450252
0.00832122
0.00667153
0.409814
0.00328544
0.49963
0.00132796
0.0089097
0.00472871
0.00334607
0.000911824
0.00826301
0.012761
0.00613935
0.00506392
0.00216638
0.00310429
0.00221308
0.00585176
0.00597649
0.166346
0.00298295
0.0063646
0.00255821
0.00989468
0.00181043
0.00327684
0.00383067
0.00730269
0.00274636
0.0019003
0.00200665
3.0448
0.00324369
0.00461208
0.00394847
0.00138239
0.00355977
0.0022529
0.000932051
0.000226582
0.0101052
0.00302033
0.00291802
0.00512222
0.0042438
0.00603051
0.00952202
0.0060116
0.00755909
1.16479
0.0053248
0.00660181
0.00151562
0.0305871
0.00435281
0.00131565
0.00841132
0.00260088
1.90972
0.000714526
1.00774
0.00287924
0.0099692
0.00337172
0.00329852
0.00419719
0.00654966
0.0013112
0.0100856
0.00145501
0.0011097
0.0101855
0.00430007
0.00346235
0.0045361
0.00368651
0.00172495
0.00630327
0.00545847
0.00225068
0.00519705
0.0044628
0.00730597
0.00866502
1.17876
0.00562521
0.0041128
0.00500302
0.00819605
0.00387447
0.000584627
0.00306438
0.00591665
0.00165685
0.00400592
0.000847613
0.00624949
0.00169981
0.00860989
0.00210865
0.00377529
0.00429574
0.00358612
0.00479663
0.00986904
0.0055546
2.99408
0.00240578
0.00259063
0.00360578
0.00395392
2.39554
0.00560462
0.00193122
0.00306212
0.00279291
0.78822
0.00208361
0.0137111
0.00278649
0.0011456
0.00374218
0.00319115
0.00267932
0.00415874
0.00721858
0.00349685
0.00137093
0.00469597
0.00565673
1.77916
0.00608704
0.00364785
0.00532707
1.2772
0.00664433
0.00734791
0.00199706
0.294135
0.231569
0.00467588
0.0041169
0.00301072
0.0019852
0.00171503
0.00508872
0.00252446
0.00226513
0.00337043
0.00709693
0.00741718
0.00194157
0.00386273
0.00493902
0.00201306
0.00512998
0.00262131
0.00667644
0.00104191
0.00164245
0.346738
0.00197831
0.00138977
0.00408213
0.00883484
0.00244115
0.0132008
0.00154408
0.0017773
1.89662
0.00297482
0.00704878
0.00391607
0.00514109
0.00381642
1.69259
0.0120382
0.00588562
0.00255997
0.00362434
0.00182979
0.00458947
0.00473904
0.00624598
0.0229704
0.00536076
0.00794323
0.00365218
0.00490987
0.00927198
0.314207
0.000562705
0.00155027
0.00352346
0.00560442
0.00486339
0.00264752
0.00159384
0.00581927
0.00490718
0.00251968
0.00290173
0.00204125
0.00206591
0.00115122
0.371166
0.0100913
0.00409195
0.010788
0.0044897
0.00548977
0.00396663
0.00308162
0.00213307
0.0147895
0.948381
0.00225631
0.0053152
0.00384822
0.00248479
0.000981455
0.00346186
0.00583961
0.00373055
0.0057338
0.00509466
0.00447008
0.00810131
0.00203411
0.00704049
0.00356882
0.00567706
0.00626479
0.00267502
1.48427
0.00627986
0.00356606
0.00808826
0.00534399
0.0035333
0.00589008
0.00460512
0.00351884
0.00493845
0.00489109
0.00145038
0.00699614
0.00244187
0.00323233
0.00479581
0.00384003
0.00443987
0.00844173
0.00325659
0.00239809
0.00533907
0.00780023
0.00316259
0.00148087
0.00376872
0.000380853
0.00990647
0.00761805
0.00572482
0.00180735
0.00895801
0.00533175
0.00237765
0.0136199
0.00274859
0.00824709
0.00134385
0.00621343
0.00286921
0.0042733
0.0039398
0.0032775
0.00657064
0.0049068
0.00268488
0.00404456
0.00236858
0.00587904
0.00278828
0.00552923
0.00235823
0.00105481
0.000560617
0.00465894
0.000981104
0.00492609
0.00240262
0.00139048
0.00452486
0.00214199
0.00448242
0.00555397
0.00745114
0.00179273
0.00291452
0.0114104
0.00317839
0.00132472
0.502991
0.00198573
0.00396707
0.0091224
0.00172583
0.00335929
0.00250322
0.00278743
0.00092707
0.00129797
0.00163001
0.00175248
0.00605715
0.00984102
0.000951525
0.00292309
0.0051452
0.00868802
0.00277155
0.00340186
0.00212528
0.00656645
1.4474
0.00442293
0.00426386
0.00480104
0.0041654
0.00236206
0.00231782
0.00471239
0.00275851
0.279064
0.00240644
0.00540443
1.06335
0.00607648
0.00311871
0.00344104
0.00350443
0.00370238
0.00683251
0.25254
0.00482469
0.00759208
0.00296244
0.0019484
0.00264449
0.00223721
0.000733278
0.00134216
0.00138112
0.00221428
0.533387
0.00391132
0.00479869
0.00694069
0.00872378
0.00132249
0.00792769
0.00626173
0.00315111
0.00316012
0.00315955
1.40725
0.00468429
0.00315437
0.00327699
0.00583685
0.538161
0.00213669
0.180485
0.0025449
0.00272308
0.290181
4.14784
0.00224287
0.406041
1.15383
0.00267251
0.00179048
1.11056
0.00477996
0.00625881
0.00523975
0.00149895
0.00184033
0.00796125
0.557378
0.00158339
0.000954198
0.00569496
0.666493
0.00225499
0.00267945
0.00415599
0.00756953
0.00205143
0.359049
2.70906
0.0039814
0.00169318
0.00277952
0.00615158
0.00601434
0.906144
0.00347073
0.00229957
0.412775
0.00576468
0.00176314
0.00433292
0.00103271
0.00385088
0.883413
0.000750151
0.00682217
0.00431479
3.11198
0.0011102
0.00376439
0.00884553
0.0035016
0.00129709
0.00279086
0.00220124
0.938418
0.0010327
0.903219
0.000595216
1.09973
0.00293148
0.00264908
0.00265281
0.00339647
0.00498099
0.00201769
0.0043811
0.995527
0.0118841
0.524404
0.00663944
0.00316585
0.490506
0.00386286
0.00113056
0.409446
1.13756
0.00810207
0.747204
0.00792832
0.00346328
0.459627
0.00336793
0.000200565
0.00113042
0.00479758
0.00162608
0.00384632
0.00506945
0.338716
0.00386183
0.00365381
0.995851
0.00155743
0.00462206
0.505838
0.00193274
0.00752965
0.424423
0.00714225
0.0044164
0.0011623
0.296999
0.00168461
0.00144331
0.00385829
0.00162357
0.00103054
0.00689636
0.694807
0.00212166
0.00564486
0.00136155
0.00162873
0.00177642
0.00435411
0.00463842
1.18103
0.000796059
0.00357321
0.474491
0.00246651
0.00526676
1.24808
0.00435585
0.000587501
0.00417802
0.0032216
0.0016524
0.00138642
0.00233687
1.51941
0.00312265
0.0123375
0.000855361
0.00484706
0.00314525
0.000603633
0.359436
0.00241692
0.480217
0.00580211
0.766236
0.00483105
0.00106179
0.00376791
0.0012142
0.0029588
1.36299
0.00211347
0.00272551
0.00404493
0.00490961
0.00685186
0.00179952
0.0045457
0.00481344
0.004702
0.00712952
0.0022186
0.00081828
0.52097
0.012093
0.00427709
0.00491141
0.00256448
0.00461847
0.00229881
0.00359622
0.00580578
1.23088
0.262629
0.0047944
0.00185249
0.00386064
0.00315054
0.00468771
0.00775141
0.00395271
0.00246468
0.00569478
0.00232679
0.00252192
0.00847203
0.00308986
0.00350609
0.00331562
0.00341897
0.00214471
0.0100195
0.00447962
0.00369562
0.00435343
0.00533986
0.00146268
0.00351826
0.00152292
0.000786167
0.00658705
0.00744516
0.000558967
0.00325657
0.00376519
0.00144552
0.00137093
0.00696404
0.00693678
0.00117017
0.00432936
0.00282309
0.00362558
0.0039522
0.00264684
0.809127
0.00245659
0.00419475
0.00376355
0.00216704
0.00692085
0.00286841
0.00307717
0.00354852
0.00407292
0.00264305
0.00408963
0.00424226
0.00416047
0.00475243
0.00348503
0.00218503
0.0032731
0.00898959
0.00238234
0.00707258
0.00808705
0.865127
0.535956
0.00287684
0.00348226
1.06965
0.00113993
0.00608343
0.0028083
0.00609724
0.00562711
0.00507593
0.00654351
0.383665
0.00282593
0.00247636
0.0100909
0.00950172
0.00293242
0.00356067
0.00733526
0.732145
0.00275396
0.00501093
0.0133624
0.00793347
2.37696
0.00544018
0.00201418
0.0141389
0.00981482
0.0049995
0.00438017
1.67962
1.94967
0.00258192
0.00266727
0.00237856
0.00944705
0.000282548
0.000531403
0.0053393
0.00711438
0.0101812
0.00126026
0.00384388
0.00992423
0.00850006
0.00761757
0.00281726
0.00394068
0.00421052
0.00374376
0.00321747
0.00293707
0.142738
0.00856159
0.00206376
0.00522906
0.0052365
0.0175338
0.00452729
0.00439321
0.00985975
0.00216551
0.00312032
0.00271996
0.00383264
0.00154636
0.00425353
0.00199706
0.00460523
0.00303096
0.00109809
0.0096662
0.00138593
0.00476641
0.00164003
0.000525979
0.0050509
0.00729271
0.00553632
0.00679608
0.00335842
0.00495136
0.0129215
0.0020858
0.00494558
0.00350472
0.0046755
0.00263295
0.00113121
0.00445789
0.0010694
0.701304
0.000998302
0.0063752
0.00358087
0.00168906
0.00399902
1.83961
0.00178088
0.00312479
0.00541268
0.00468642
0.00301173
0.00469808
0.00162822
0.00985831
0.00508421
1.41186
0.680887
0.00355168
0.00580671
0.0062671
0.0025051
0.00119911
0.00289293
0.00145275
0.00586492
0.00123131
0.010254
0.0047586
2.13662
0.00641653
0.00761207
0.00427368
0.000684693
0.00696161
0.0065069
0.00682498
0.00154234
0.00269449
0.00103058
0.00388799
0.00898308
0.00439271
0.00302808
0.00337402
0.0132849
0.725258
0.000761422
0.870216
0.00336413
0.00219614
0.00630406
0.00452036
0.00206517
0.00329072
0.00410668
0.00212255
0.00469629
1.31161
0.0121194
0.00162915
0.00891372
0.00507776
0.00107422
0.00653731
0.000446917
0.00432286
0.00273719
0.00491083
0.0111316
0.00416202
0.00293829
0.0111607
0.00240683
0.00996129
0.0099228
0.00400573
0.00645547
0.00462206
0.00120536
0.00466843
0.00375491
0.00151171
0.00901424
0.00377931
0.00470109
0.00313837
0.000780969
0.00356085
0.00385673
0.857306
0.00501468
0.0029846
0.0107685
0.00293078
0.00129924
1.42746
0.00367218
0.00364958
0.00069666
0.326426
0.00696893
0.00134538
0.00962299
0.00250852
0.00737714
0.00847861
0.00660119
0.00267628
0.0051359
0.00446978
0.00338553
0.00513072
0.00183908
0.0035482
0.00306442
0.00404956
0.012429
0.00332612
0.00425866
0.00941068
1.31211
0.00351697
0.868651
0.00401799
1.00779
0.00282658
0.00175343
0.00331262
0.00389133
0.241137
0.00364379
0.00872393
0.0116086
0.00866915
0.00163916
0.232365
0.956325
0.00140155
0.00249383
0.00224244
0.00475454
0.00214696
1.15217
0.00707138
0.401444
0.00581
0.00411899
0.00711148
0.0052249
0.0077977
0.0051786
0.00964487
0.00276473
0.199123
0.00351771
0.0057505
0.00285099
0.000420185
0.00478085
0.0043918
0.291165
0.00103437
0.00509722
0.00594329
0.00403704
0.00270533
0.00494348
0.0046074
0.00751584
2.62102
0.00188681
0.00262424
3.10825
0.00342629
0.00724315
0.00245792
0.00445068
0.00262554
0.00462535
0.269371
0.00366089
0.00423813
0.00138217
0.00135303
0.00840408
0.00230336
0.309788
0.000700694
0.00247073
0.00964076
0.0046219
0.00311143
0.00980512
0.151131
0.00128166
0.00187561
0.00768148
0.00117979
0.00143237
0.00373879
0.00237434
0.0049711
0.00163778
0.00415534
0.00464665
0.00262257
0.00159707
0.000456683
0.00489661
0.0023238
0.00545882
0.00394227
0.00221029
0.00242724
0.00404602
0.00673763
0.00288643
0.00682567
0.00404669
0.00195236
0.00226121
0.00385068
0.00428102
0.00734046
0.00411075
0.00289261
0.00467014
0.00693982
0.00353044
0.00132507
0.00430677
0.00678949
0.0138944
0.00348219
0.00307128
0.00314075
0.358567
0.858184
0.00396221
0.00326311
0.00445874
0.827715
0.00724634
0.00328346
0.00368665
0.00468785
0.0045581
0.00271799
0.00391046
0.000692445
0.00731443
0.00192981
0.00742019
0.00219435
0.000567227
0.00600117
0.00806853
0.000901181
0.00456603
0.00232441
0.00155864
0.00197734
0.0106422
0.767501
0.0040065
0.384501
0.00556281
0.39364
0.00277231
0.00805368
0.00114623
0.00396264
0.000510919
0.00147916
0.00428489
0.00323315
0.00214246
0.00393254
0.000261564
0.00776795
0.00387499
0.00635457
0.00765958
0.00280134
0.0178109
0.00350188
0.00462148
0.00615556
0.00602063
0.00699211
0.0107979
0.00237967
0.00653995
0.0033068
0.00561486
0.00449752
2.67609
0.211202
0.00401154
0.00700379
0.00534817
0.00117327
0.000667171
0.00261684
0.00119427
0.00107383
0.00426825
0.00145818
0.00347957
0.00280647
0.00145973
0.00311638
0.0098394
0.00347019
0.00197621
0.00321691
0.00598947
0.00417519
0.000969359
0.000917625
0.00316814
0.00323146
0.015054
0.00990935
0.00303185
0.00935724
0.00315268
0.00250693
0.00635604
0.00351393
0.00581673
0.010876
0.00628546
0.00639225
0.00465933
0.00226874
0.00330015
0.0031206
0.648545
0.00240027
0.0030839
0.00242919
0.566287
0.00342119
0.00467633
0.00125196
0.00556064
0.00232595
0.00244961
0.00318189
0.00260429
0.00322797
0.00271656
0.00502829
0.00788361
0.00144946
0.00246847
0.00184037
0.0022984
0.00295356
0.00124527
0.00478911
0.00347599
0.00646401
0.00414053
0.00664399
0.00308184
0.00271481
0.00370212
0.00566137
0.00805523
0.00449446
0.00349338
0.00240587
0.00122972
0.00649132
0.00185892
0.00223662
0.0036274
1.69666
0.00586206
0.00224612
0.0041471
0.00388435
0.00251021
0.00382249
0.0030563
0.00470122
0.00203762
0.00671363
0.00313268
0.00348406
0.00148866
0.00397252
0.00765066
0.00382442
0.00914799
2.03713
0.0037151
0.004986
0.00302568
0.00313822
0.00227553
0.00403006
0.00541636
0.00818671
0.00770395
0.00330626
0.00291905
0.00441349
0.00694189
0.409262
0.00145929
0.00789418
0.00302541
0.027829
0.00214038
1.05961
0.625129
0.00183104
0.00260426
0.00249429
0.00601111
0.00785748
0.236469
0.00636202
0.00070598
0.473429
4.75857
0.00443315
0.00408333
0.00263897
0.00229183
0.00364945
0.985157
0.000957413
0.393215
0.00202979
0.00200737
0.00129057
0.00292176
0.00137611
0.0076717
0.00324936
0.505808
0.00163227
1.20285
0.695485
1.14941
0.00574052
0.00335441
0.00939868
0.592395
0.00142408
0.00519872
0.00294233
0.455363
0.0088718
0.00176636
0.00497246
0.00207818
0.00441476
0.00728854
0.000950494
0.00540664
0.00568264
0.00226446
0.812787
0.00798976
0.00137956
0.338325
1.07367
0.0259857
0.00691701
0.48787
0.00216853
0.00216954
0.0033237
0.00289501
0.00668909
0.00458368
0.398242
0.00527764
0.269168
0.00472651
0.00400373
0.00138753
0.00276152
0.787964
0.00704695
0.134986
0.0126688
0.616507
0.00325152
0.00314848
0.0044199
1.96329
0.00618892
0.00352614
0.00291063
0.00459472
0.00163254
0.00417877
0.00379278
0.00215666
0.342502
0.00612045
1.00413
0.00314052
0.00221566
0.00912708
0.00100546
0.00281715
0.000736651
0.00180655
0.00215491
0.00407637
0.00521503
0.00567268
0.00245433
0.00247291
0.00350937
0.00467427
0.0019147
0.0027224
0.00207514
0.00291814
0.00134926
2.11361
0.675005
0.00676191
0.0040203
0.0039855
0.00135201
0.00233318
0.00483149
0.00780359
0.00248418
0.000524235
0.00250297
0.00380985
0.00479713
0.00170007
0.00429264
0.00410906
0.0394624
0.00486181
0.00139236
0.343174
0.00312778
0.00660824
0.0033269
0.00317172
0.0163887
0.423946
0.00552774
0.00127874
0.00285641
0.648821
0.00303634
0.00209387
0.383511
0.621205
0.00197697
0.00310132
0.00269262
0.888051
0.474154
0.00216681
0.00185337
1.23338
0.00246597
0.00253773
0.00650036
0.00415205
0.00282968
0.00280817
0.000109416
0.000783811
0.292715
0.00235411
0.000619364
0.00363042
0.00250318
0.00331365
0.00371172
0.00245779
0.00455878
0.00244031
0.00267398
0.00595149
0.0071414
0.00181596
0.000288514
0.320165
0.00600039
0.268221
0.00367928
0.00134192
0.00185704
0.00321591
0.00986244
0.00518398
0.00890155
0.000209111
0.118401
0.614765
0.00185209
0.00912871
0.0130593
0.320026
0.00275803
0.537836
0.00333411
0.000440111
0.00238637
0.00462843
0.00355395
0.00304277
0.00534399
0.00359448
0.00607514
0.0147072
0.00529075
0.0050783
0.00266063
0.148072
0.00327562
0.00453349
0.00229423
0.00201097
0.00238996
0.00797843
0.563942
0.00443814
0.0053346
0.00355269
0.00306584
0.003222
0.00672837
0.00505084
0.00864014
0.00340345
0.00317756
0.00245719
0.0033511
0.00229172
0.00505596
0.0015021
0.718189
0.00440997
0.00387136
0.00192937
0.0018785
0.00183045
0.00754592
0.00258179
0.735428
0.00198037
0.0031642
0.00154731
0.00588777
0.0136732
0.00362219
0.00355495
0.00181191
0.00332679
0.462989
0.00134789
0.00499368
0.00917026
0.00640483
0.000677108
0.00799567
0.00552037
0.00200461
0.00388782
0.00190788
0.00635762
0.00509247
0.00243408
0.0164235
0.011635
0.00940964
0.00891809
0.00357407
0.00126514
0.0010854
0.00290815
0.00421541
0.0104556
0.00422155
0.00582571
0.00224328
0.00242206
0.80282
0.0036563
0.0036015
0.0105811
0.00499599
0.00656832
0.00635836
0.00423309
0.00318709
0.00157387
0.00463614
0.55181
0.00882197
0.00782304
0.00695941
0.00334131
0.0086324
0.00764599
0.00342402
0.00149583
0.00482396
0.0072152
0.00673926
0.00862594
0.00364784
0.00739282
0.00362843
0.00149583
0.00412675
0.00710686
0.0118841
0.00659464
0.00157559
0.0028728
0.00388006
0.0065289
0.000949578
0.00825909
0.00364309
0.301948
0.00268908
0.00101638
0.00330125
0.00686671
0.00521185
0.00344707
0.00422893
0.00184237
0.00577762
0.00315203
0.00521711
0.00115266
0.00106504
0.00175484
0.0016009
0.00248551
0.00677233
0.00492131
0.00151013
0.00739375
0.00448235
0.00427736
0.00448362
0.00541461
0.000887113
0.000967319
0.00275896
0.00451631
0.00350086
0.00134801
0.00582997
0.00156564
0.000884123
0.000423651
0.0126871
0.00241558
0.00424085
0.004474
0.00397643
0.279493
0.00412643
0.00149636
0.0040143
0.00827965
0.0064292
0.0119453
0.00544735
0.00480387
0.00366025
0.290945
0.000237347
0.00496538
0.00609033
0.00519902
1.08867
0.0033481
0.00181966
0.00217828
0.0101792
0.00242216
0.00544548
0.000597856
0.00318047
0.00348841
0.00321047
0.00488097
0.00459431
0.01025
0.00224247
0.00397382
5.75608e-05
0.00505258
0.000389144
0.00366889
0.00744598
0.00142883
0.00435125
1.71178
0.00804537
0.0156891
0.0366193
0.00354122
0.0031715
0.00585552
0.0023349
0.00533848
0.00594547
0.00263548
0.0109524
0.00177058
0.00693903
0.00469179
0.00131841
0.00239847
0.00452532
0.00493709
0.00216731
0.00610852
0.00653193
0.00315835
0.00298342
0.000433743
0.00356
0.941819
0.00587702
0.0016841
0.00528183
0.00294065
0.00662297
0.00655011
0.00354756
0.00304816
0.00672338
0.00325707
0.00758899
0.00113982
0.00332428
0.00310519
0.00389008
0.00332448
0.00367815
0.00236243
0.0101467
1.61795
0.00557493
0.00557607
0.00955671
0.00357899
0.00424898
0.00649256
0.00227579
3.06643
0.00947475
0.000809911
0.00223782
0.00203696
0.00317153
0.00419391
0.00860915
0.00773771
0.00478883
0.00201574
0.00911087
0.00570079
0.0012622
0.00267715
0.00575207
0.00242916
0.00285796
4.38452
0.0110402
0.000921276
0.0112966
0.0106626
0.00269846
0.69732
0.00268996
0.00502344
0.00140916
0.005233
0.00425203
0.00890968
0.00298415
0.00481978
0.00555663
0.00557102
0.00431175
0.00541934
0.933094
0.0040299
0.00486084
0.00524692
0.00371711
0.00687057
0.0121816
0.00109145
0.522326
0.00632255
0.0027387
0.00200198
0.00530307
0.00229621
0.00408776
0.00480857
0.00376208
0.00831723
0.0019534
0.0754049
0.00268346
0.00155126
0.0064044
0.0115996
0.00667111
0.0019728
0.00850353
0.283675
0.0032695
0.0159361
0.00297521
0.00251126
0.00329947
0.0149297
0.00126656
0.00537951
0.00233708
0.00428058
0.0144361
0.000788657
0.534123
0.00255709
0.00389995
0.00690056
0.000714294
0.00333684
0.002048
0.0015156
0.00781846
0.00482114
0.00342936
0.00710574
0.00292054
0.00235067
0.00252137
0.00336422
0.00229547
0.00644713
0.0077352
0.00290737
0.00362629
0.0036502
0.00249547
0.0067049
0.00404286
0.758009
0.0107015
0.00547581
0.000745278
0.00278215
0.00152799
0.313723
0.0120274
0.648505
0.00489307
1.46803
0.00334037
0.00443263
0.00325948
0.00353247
0.00315583
0.00212836
0.00280419
0.00416105
0.00580946
1.41112
0.00768025
0.00181955
0.00229003
0.00220322
0.00102168
0.00399334
0.00164385
0.779647
0.00718767
0.00493228
0.00999792
0.00171391
0.00642538
0.00884054
0.00755744
0.00552928
0.00222861
0.00560342
0.00673949
0.00401625
0.00168694
0.00379171
0.00782327
0.00181563
0.00497395
0.00377656
0.00433069
0.000294743
0.000933615
0.00389772
0.00811203
0.00441973
0.00102387
0.00100981
0.00228869
0.00261597
0.00207186
0.00483835
0.00122247
0.00330346
0.00535843
1.10462
0.00455966
0.00408894
0.00309476
0.00347957
0.0145181
0.765057
0.00222256
0.00360913
0.00262127
0.00629963
0.00430199
0.00437293
0.00286226
0.0027342
0.00285082
0.00161872
0.00538506
0.00196496
0.00384737
0.00208331
0.00257984
0.000681622
0.00502163
0.00152605
0.00640629
0.00370343
0.00220648
0.00427023
0.000856866
0.356598
0.00253532
0.0100353
0.821738
0.00257345
0.00642742
0.0112745
0.00305273
0.0050811
0.0140795
0.00199427
0.00534542
0.00157505
0.323816
0.00798583
0.00985506
0.00133166
0.00434127
0.0084292
0.00804395
0.736451
0.00495074
0.00255417
0.00372532
1.10239
0.0048152
0.00279032
0.00334242
0.00505612
0.00382328
0.00583118
0.00928865
0.00346079
0.00158831
0.00329716
0.00302709
0.00807928
0.00910644
0.00319183
0.00712848
0.00307727
0.00250715
0.783955
0.0011812
0.00220284
0.00562917
0.00688148
0.00265392
0.00521361
0.00570395
0.00120609
0.00205887
0.00257584
0.00496639
0.00522584
0.000995643
0.00543778
0.00470532
0.00198699
0.00151708
0.00408362
0.527953
0.00544012
0.00622047
0.00500056
0.0026449
0.410223
0.00493162
0.0049723
0.00338862
0.00405547
0.00646681
0.00651833
0.00534043
1.48966
0.00441134
0.00619578
0.00122078
0.0014442
0.00921335
0.00175296
0.00131396
0.00142755
0.00491684
0.0045864
0.00463357
0.0056453
0.4262
0.00437219
0.00297102
0.00360371
0.0138616
0.00256593
0.00197632
0.00684256
0.000848197
0.00519287
0.00331653
0.00422013
0.000928763
0.00143277
0.00437
0.00701512
0.00336745
0.00232601
0.00319825
0.00388078
0.00398775
0.00135351
0.0024684
0.00308315
0.000778866
0.00421914
0.00924201
0.00163542
0.00280447
0.00212181
0.624372
0.00170594
1.13785
0.00100198
0.00616199
0.00332365
0.00331438
0.180252
0.00173752
0.00215301
0.00197737
0.0015432
0.00947568
0.00232354
0.00181257
0.00475428
0.000305257
0.00827063
0.00303466
0.00231189
0.410551
0.00702304
0.00671131
0.00605889
0.00123013
0.00216029
0.00255399
0.00256594
0.0018486
0.00914159
0.0925594
0.00557476
0.00983458
0.000734939
0.00446759
0.0021424
0.00511081
0.00171448
0.00185082
0.00204794
1.39674
0.00553797
0.00273243
0.00559176
0.00257021
0.779414
0.00619641
0.150502
0.00569479
0.922141
0.00473929
0.00222147
0.359997
0.0061978
0.00682289
0.00695702
1.30945
0.00104143
0.00411421
0.00588802
0.0014873
0.00483077
0.00205255
0.00151071
0.00193149
0.00266862
0.00224028
0.0048304
0.391877
0.000825598
0.00139286
0.565822
0.00251519
0.00107177
0.639209
1.02966
0.38761
0.0018763
0.0013136
0.00603464
0.277654
0.00308268
0.00506407
0.00459975
0.00868617
0.00701096
0.00408906
0.00291791
0.374835
0.00696673
0.0065247
0.00552944
0.00293214
0.00157233
0.00372554
0.00979732
0.00246772
0.502699
0.00685956
0.00845607
0.659231
2.60172
0.0019711
0.00618307
0.00274097
0.00597118
0.00267334
0.00601728
0.00232402
0.00365591
0.770367
0.803016
0.00202213
0.004362
0.000563026
0.763181
0.00424019
0.00540011
0.000621041
0.00398657
0.00170271
0.00384622
0.00268832
0.00348166
0.00149162
0.00649702
0.00340687
0.00072236
0.00491643
0.00371639
0.00900254
0.00444359
0.00244401
0.00103757
0.000622754
0.00690374
0.00752738
0.985486
0.395661
0.00376406
0.00421325
0.00204765
0.00296412
0.00252474
0.00330305
0.17459
0.000826146
0.00667028
0.00479493
0.00295717
0.445096
0.00612276
0.0026964
0.00159492
0.00455898
0.00069318
0.0519387
0.00818623
0.00326012
0.498731
0.984401
0.000727104
0.00394891
0.00231408
0.00653221
0.00480069
0.00502518
0.00167278
0.583157
0.00189443
0.00413817
0.94825
0.329572
0.0081197
0.237759
0.922136
0.00438741
0.00147265
0.00503558
0.00644791
0.00696621
0.00327568
0.00115504
0.00293643
0.000750632
0.00709856
0.00385365
0.00681805
0.00561746
0.00362052
0.00314958
0.00640701
0.00845273
0.826676
0.00548814
0.00150779
0.00331444
0.00329196
0.00255458
0.00313366
0.0087071
0.00580444
0.745089
0.0035681
0.00411836
0.00426907
0.00568074
0.658305
0.00780933
0.869996
0.00387605
0.00464153
0.00203683
0.00288052
0.000928118
0.00416095
0.00109677
0.00129515
0.00268595
0.0036294
0.00298306
0.0020102
0.0025683
0.00502455
0.00329868
0.00518841
0.00263133
0.00472297
0.260026
0.00393112
0.00228521
0.00393923
0.00198457
0.000984192
0.00493934
0.00169205
0.00391935
0.0053545
0.00475237
0.0076799
0.000150201
0.00554235
0.00342037
0.00240462
0.00745378
0.00424113
0.00130353
0.00569912
0.00235562
0.00584411
0.00363461
0.00213374
0.00125795
0.00272171
0.00406304
0.00127922
0.00336529
0.0022688
0.00154972
2.99594
0.00145181
0.00518222
0.00347261
0.00259543
0.00401275
0.00342565
0.00383711
0.00508577
0.000916443
0.00241833
0.00457828
0.00253105
0.00542186
0.00156133
0.00793924
0.00146285
0.0126225
0.00882568
0.000249469
0.00192083
0.00788997
0.000479679
0.533679
0.00518687
0.0063916
0.000750455
0.0056852
0.00197948
0.00881733
0.0023738
0.00339927
0.00328096
0.00343251
0.000839725
0.00404027
0.00129715
0.011783
0.0101169
0.00799889
0.00538565
0.00388159
0.00344125
0.00209521
0.00674759
0.00553251
2.42607
0.0108725
0.00137108
0.00512917
0.00532887
0.00493264
0.0049071
0.0060813
0.00216369
0.00255573
0.0109364
0.00732482
0.689282
0.000399494
0.0120781
0.00728345
0.00638791
0.00172695
0.00995665
0.00791719
0.00262523
0.00645016
0.00422989
0.000903584
0.00552325
0.00275266
0.0457787
0.00639246
0.00414812
0.00363777
0.00657824
0.00120197
0.00219285
0.00496974
0.0101959
0.00215144
0.00266274
0.00646856
0.00822243
0.00441613
0.00249189
0.00345015
0.0046261
0.00196251
0.00287277
0.00841
0.00237592
0.00354011
0.00147838
0.499822
0.000414452
0.000406929
0.0142193
0.00671494
0.00720493
0.00330298
0.00068582
0.00182277
0.000829067
0.00360957
0.00623541
0.00672393
0.00613408
0.00363297
0.00510055
0.00494775
0.00587848
0.0020512
0.00210993
0.00293663
0.00234575
1.01956
0.00105658
0.00349213
0.00480962
0.00129639
0.00375125
0.00174426
0.00755963
0.00410249
0.00732502
0.00405464
0.00111327
1.28658
0.00532015
0.00185124
0.00250631
0.0060063
0.0038402
0.00451137
0.0026515
0.0015817
0.00848512
0.00682733
0.00471626
0.00174514
0.00372508
0.00302688
0.00431429
0.00140358
0.00326066
0.000374937
0.00725876
0.000489874
0.00145368
0.00231522
0.000741152
0.00180156
0.00391615
0.00739683
0.00943273
0.00313008
0.00320222
0.00368722
0.00528886
0.00702695
0.00263497
0.00168318
0.00551807
0.0131272
0.00514297
0.00357962
0.000631384
0.00162233
0.000162237
0.00403519
0.00453116
0.00283449
0.000601108
0.00316856
0.00318409
0.00194523
0.00343456
0.00314226
0.00489569
0.00701701
0.00712699
0.00793369
0.00145486
0.00567071
0.00217231
0.00407236
0.00293139
0.00569309
0.0078399
0.00112041
0.00264796
0.0063434
0.89625
0.00791194
0.00722366
0.0061831
0.0113857
0.0076048
0.00331218
0.000949885
0.403442
0.00335132
0.00693739
0.00648518
0.00166949
0.00208425
0.000887309
0.00761193
0.00456889
0.133085
0.541758
0.00643987
0.00255714
0.00343169
0.000461347
0.00500187
0.00113941
0.00112434
0.00241388
0.00787129
0.00640713
0.00537548
0.00300645
0.00865015
0.00817092
0.00307461
0.0023558
0.00739723
0.00344877
0.00713608
0.00236106
0.00409655
0.00766594
0.0036026
0.00157584
0.00398343
0.00678358
0.00835226
0.00300529
0.00356679
0.00157662
0.00664051
0.0301329
0.00501418
0.00506552
0.00151578
0.00635754
0.00153588
0.00337595
0.00516317
0.00429201
0.00326548
0.00422134
0.00532578
0.00365793
0.00672276
0.000466972
0.00306311
0.0059465
0.00243182
0.00652946
0.00642479
1.00228
0.00361918
0.00112548
0.00532958
0.0037267
0.382224
0.00251986
1.12464
0.00438184
0.00288124
0.00517883
0.00463785
0.0031879
0.00782994
0.00112802
0.0101022
0.00597723
0.00252049
0.0015856
0.00262432
0.00348795
0.0445476
0.00546342
0.00581184
0.00354564
0.002813
0.00507655
0.000559012
0.00377057
0.0068304
0.006055
0.00285411
0.00302379
0.00337353
0.00365679
0.00155175
0.0304557
0.00141851
0.00364897
0.00119719
0.00172804
0.00283664
0.00688109
0.533958
0.00676264
0.310843
0.0044988
0.00808038
0.00166823
0.0024892
0.00320202
0.00183053
0.00145013
0.00580831
0.0011015
0.00408278
0.00263273
0.00532282
0.00412802
0.00914355
0.00268955
0.00187424
0.00494487
0.0102403
0.0034528
0.00300739
0.00203234
0.00405731
3.00599
0.00283001
0.00266652
0.0103781
0.00317456
0.00448395
0.219196
0.00270924
0.00445042
0.401309
0.0022865
0.00288893
1.12929
0.000721567
0.00233154
0.00273859
0.00365706
0.00242641
0.166878
0.00347968
0.00238028
0.00183642
0.000587998
0.00970822
0.00911199
0.00221142
0.0031799
0.00845959
0.00883419
0.00407357
0.00527296
0.00420048
0.00412798
0.00293064
0.00449848
0.00450416
0.00162039
0.00386167
0.00424943
0.00141191
0.00420606
0.00298658
0.00417319
0.0063238
0.00523346
0.00200105
0.00464662
0.0147626
0.00918762
0.00511988
0.00389072
0.0146853
0.00432428
0.00460202
0.00444818
0.320388
2.65787
0.00673523
0.0014587
0.00449903
0.741007
0.0060515
0.0031308
0.00555935
0.0056773
0.499056
0.00268442
0.00577017
0.00365118
0.0150818
0.00422156
0.00246094
0.00688358
0.00888249
0.00050349
0.0019578
0.00299666
0.00150285
0.00277338
0.00495593
0.0055908
0.00145165
0.329126
5.39751
0.00357115
0.00164251
0.00625247
0.0019351
0.00819353
0.00724763
0.0111178
0.00218923
0.00145467
0.00347236
0.00782922
0.00307727
0.0127888
0.00148328
0.00213462
0.00438315
0.00424067
0.0046446
0.00184297
0.0107431
0.0132571
0.00149826
0.00186325
0.00334603
0.00146487
0.00484097
0.00675932
0.00174841
2.27336
0.00447173
0.0164858
0.000710107
0.0026608
0.0045422
0.00902001
0.00542185
0.00274987
0.0027023
0.00998112
0.00083868
0.00389104
0.00284123
0.00504171
0.00306895
0.860992
0.00142832
0.0204273
0.0030183
0.00580256
0.00425005
0.00615981
0.00553306
0.00356503
0.00588269
0.00596468
0.00665903
0.00257952
0.0080908
0.00536255
0.00243038
0.00844568
0.00344834
0.00188911
0.00825914
0.00810632
0.00996451
0.00256629
0.00561125
0.00382106
0.00175235
0.868786
0.00867815
0.00688135
0.00472096
0.00599192
0.00747523
0.00582822
0.00240503
1.30187
0.00454326
0.00334499
0.00929671
0.00225853
0.00376104
1.42776
0.00213262
0.00311713
0.00661897
0.00386431
0.00102989
0.00400006
0.00298793
0.0036309
0.00539712
0.00064971
0.00384479
0.00598059
0.00784479
0.00519825
0.0030408
0.0114296
0.00631705
0.00554372
0.00317225
1.30486
0.00524965
0.0018909
0.00361801
0.00383187
0.926416
0.00211435
0.002461
0.00489519
0.00431199
0.00145513
0.533703
0.000687225
0.812744
0.167574
0.00309557
2.05476
0.000336697
0.00253037
0.00632721
0.00229757
0.00422659
0.00254689
0.00189349
0.585313
0.00532206
0.00989672
0.00449838
0.376475
0.00836539
0.746606
0.0018884
0.00238838
0.002984
0.00233257
0.00175523
0.00388479
0.00494793
0.00340936
0.000556784
0.68839
0.000733975
0.00265323
1.17117
0.00706992
0.465673
0.00444915
0.00280396
0.0030749
1.02805
0.00449668
1.1121
1.05976
0.00377546
0.00351894
0.0017756
0.00187956
0.00177895
0.00900275
0.00233539
0.00345682
0.00264716
0.619557
0.00228602
0.292285
0.640937
0.00149074
0.00503568
0.00800873
0.00630915
0.00364049
0.00298444
0.00310753
0.00453799
0.00410692
0.380692
1.09698
0.00136194
0.988191
0.00269857
0.00546015
0.871974
0.563649
0.00231541
0.58118
0.00058378
0.00572362
0.00585804
0.00433123
0.0011091
0.278597
0.00521421
0.00286844
0.00263987
0.00257692
0.620281
0.00561861
0.286808
0.00438911
0.00448265
1.53891
0.00208317
0.0049309
0.00476142
2.41918
0.00602979
0.00323324
0.506614
0.00245157
0.0114503
0.005919
0.00169097
0.00822687
0.00486888
0.00608694
0.00380415
0.00760069
0.00164696
0.00109984
0.00197643
0.365298
0.00458574
0.00324495
0.00292589
0.010404
0.877952
0.00790753
0.00131022
0.00200787
0.00376306
0.00347246
0.00200666
0.00434395
0.351068
0.00568938
0.00306884
0.926151
0.575058
0.00197523
0.00478464
0.681705
0.377101
0.00150297
0.0060976
0.00618736
0.00218997
0.0070305
0.00324734
0.619177
0.00244914
0.0051731
0.00311731
0.00103303
0.164745
0.00292389
1.06438
0.00457794
0.00388974
0.536584
0.00280408
0.0539811
0.00452058
0.00498737
0.00281584
0.00290523
0.004132
0.00493046
0.00306589
0.00331895
0.00521316
0.00153056
0.933424
0.00238885
0.000869185
0.00503045
0.00151161
0.00243341
0.00131567
0.0044582
0.00764828
0.521141
0.977575
0.00504273
0.00404408
0.00540703
0.00301297
0.00305791
0.00273259
0.0052849
0.565864
0.000934716
0.00468823
3.10118
0.00919407
0.00419578
1.21789
0.00657636
0.00609427
0.00662967
0.00230076
0.00739021
0.00587664
0.00761162
0.00583192
0.00451864
0.00235039
0.000565273
0.659209
0.685042
0.181528
0.125269
0.00202265
0.00155667
0.00940205
0.00345844
0.00510454
0.00569309
0.00354614
0.0048503
0.00510675
0.00176065
0.00133746
0.00417951
0.00208298
0.000747578
0.00175988
0.00130392
0.00281238
0.00187121
0.00200005
0.00106329
0.00532175
0.00224491
0.00241973
0.00740432
0.00100762
0.00372246
0.00268079
0.00212525
0.0023137
0.00299169
0.00149926
0.0043377
0.00252401
0.00872944
0.00060239
0.00319851
0.00790723
0.00291986
0.00194666
0.00341056
0.00346908
0.00240632
0.000394636
0.00466549
0.00212635
0.00381367
0.00117228
0.00299155
0.0035714
0.00373364
0.00343614
0.00418625
0.00707321
0.106383
0.00879836
0.00482886
0.00214433
0.00409587
0.00411853
0.0019723
0.00495654
0.00968277
0.00532362
0.00232605
0.00708017
0.00155502
0.00491545
0.00560508
0.00892209
0.00752034
0.00229862
0.00548815
0.00292883
0.00310307
0.0119855
0.00150567
0.00751808
0.00154901
0.005369
0.000328607
0.00792192
0.00592715
0.00744919
0.00322725
0.00306494
0.00967878
0.0112783
0.00619073
0.00385857
0.00545489
0.00179269
0.455321
0.00203289
0.00474091
0.000729592
0.00861219
0.00311086
0.00337966
0.00127308
0.271141
0.00543565
0.00254151
0.00086114
0.00135941
0.00266537
0.00953067
0.00674052
0.00276199
0.00627379
0.00365266
0.0152214
0.542278
0.00489149
0.00279132
0.00207424
0.00255526
0.0017726
0.00110027
0.0022861
0.00870244
0.00428702
0.00670326
0.00422395
0.00228099
0.219306
0.00536725
0.00287351
0.00399614
0.00279408
0.00342153
0.00130568
0.0095548
0.00733168
0.00192536
0.00632729
0.00540915
0.523643
0.00390071
0.0061954
0.00358121
0.00660339
0.00442499
0.00620923
0.00322546
0.00170169
0.00751622
0.0110684
0.00482442
0.0015685
0.00354668
0.00187123
0.00328723
0.00315855
0.000662732
0.00506459
0.00241586
0.00820787
0.00342584
0.0050703
0.00203736
0.000262482
2.98232
0.00289224
0.0115087
0.00410701
0.00283528
0.00541927
0.0026707
0.00613082
0.00484651
0.00595001
0.00649867
0.00124803
0.00412804
1.50603
0.0027676
0.00754675
0.00534645
0.00333002
0.00513809
0.0109247
0.367058
0.00539649
0.00552368
0.0079244
0.00675794
0.00507893
0.00419474
0.00532002
0.00338273
0.00602444
0.00902133
0.000834115
2.78597
0.71979
0.00690686
0.00215996
0.00575028
0.00521562
2.10145
0.00726619
0.00323681
0.00970064
0.0045306
0.00121983
0.00301113
0.0031453
0.0071065
0.00461907
0.00573633
0.00621907
0.00468799
0.0078459
0.00264458
0.00484905
0.00207108
0.00352125
0.000972404
0.00303619
0.00514923
0.00310598
0.711671
0.00143013
0.00225264
0.00159757
0.00439172
0.00880379
0.00603439
0.00455342
0.00444752
0.00910324
0.00597034
0.00453451
0.00392509
0.00649133
0.00360556
0.00277294
0.00665071
0.00486185
0.0134562
0.00369655
0.0022508
0.00364619
0.127675
0.0147591
0.177661
0.00516983
0.00489125
0.00209075
0.00113021
0.00492734
0.00116874
0.00151653
0.00361923
0.00115476
0.00861846
0.00651772
0.00353924
0.00597558
0.00285442
0.00183641
0.00656366
0.0058656
0.00211217
0.0114088
0.0073247
0.00163763
0.169579
0.00282873
0.320082
0.00300199
0.00783427
0.00632671
0.00186634
0.212233
0.00354508
0.00349
0.0107887
0.00322705
0.00598444
0.00170289
0.00531555
0.00639811
0.457053
0.00678638
0.00216384
0.92712
0.00531483
0.00750553
0.00687174
0.0101171
0.00534092
1.64552
0.00548285
0.698976
0.00288151
0.00802324
0.00567606
0.00634404
0.000753616
0.00487398
0.00101876
0.00308179
0.00578477
0.00420431
0.00505761
0.00476728
0.00487293
2.03713
0.000661227
0.00114199
0.00506003
0.00320523
0.00373223
0.00244549
0.429039
0.00491182
0.364652
0.00578249
0.00270249
0.00428187
0.00540478
0.00252535
0.00112945
0.00596022
0.00510141
0.439306
0.00374224
0.00178619
2.30394
0.00931072
0.00268147
0.00322132
0.00476791
0.00230962
0.00560113
0.000517272
0.00388798
0.00554961
0.00778075
0.00115152
0.474253
0.00175022
0.00497125
0.00743558
0.0023031
0.00196665
0.508256
0.00253319
0.000824105
0.00215426
0.00137913
0.00737016
0.00376416
0.00927279
0.00153175
0.00248832
0.00519262
0.00313604
0.00118826
0.00351339
0.613436
0.0076043
0.00496981
0.00622624
0.00164312
0.00561395
0.00247375
0.0053089
0.000969914
0.00539406
0.00268859
0.00148233
0.00147363
0.00322912
0.00271938
1.252
0.00521389
0.00572078
0.00326153
2.75897
0.00442299
0.206174
0.00260825
0.00566484
0.00455013
0.00626031
0.00938002
3.06365
0.00486334
0.00460343
0.00546071
0.00452413
0.411862
0.00322415
0.00241691
0.00650464
0.0053986
0.00477323
0.00428788
0.00907887
0.00359588
0.00229949
0.00113201
0.00399232
0.00276176
0.00590137
0.0027969
0.00319189
0.00131841
0.633897
0.00279591
0.000766895
0.00905856
0.00158146
0.00330675
0.00451055
0.218733
0.548785
0.00185297
0.00387969
0.00284646
0.00718157
0.0020871
0.00614065
0.00174527
0.0112304
0.000422574
0.00644901
0.00262682
0.00676723
0.00287911
0.642839
0.00425202
0.00628087
0.00529839
0.00193089
0.00341306
0.00670647
0.0294174
0.0114888
0.00188176
0.00428262
0.000291856
0.585029
0.00404265
0.00185539
0.00672768
0.00241787
0.00583248
0.00425393
0.00353307
0.00404488
0.510145
0.00385424
0.00222572
0.00783853
0.00431319
0.00149821
0.722011
0.00140469
0.00559048
0.961454
0.00441278
0.660051
0.0135441
0.163245
0.00355099
0.00564626
0.00370722
0.00498151
0.00556605
0.00568692
0.00485351
0.00360834
0.00992854
0.00315344
1.28543
0.00201257
0.00472663
0.005245
0.00359523
1.22594
0.00172902
0.00181968
0.00254139
0.00623811
0.00281111
0.00628065
0.00215768
0.00332042
0.00200684
0.0103551
0.00363727
0.00567639
0.00699511
0.00565759
0.00363574
0.00480048
0.0144759
0.000399226
0.00460673
0.00823812
0.0053943
0.00912292
0.00130189
0.00643116
0.00381812
0.678726
0.00665001
0.00218829
0.00475543
0.00401188
0.00202222
0.00291984
0.00424512
0.840283
0.0034369
0.00347121
0.00278443
0.570231
0.0041286
0.00273823
0.00815989
0.663587
0.00192849
0.00374213
0.00313511
0.000705371
0.00403495
0.010741
0.00679588
0.00438388
0.0050942
0.00696054
0.00546904
0.00448276
0.00259283
0.000320335
0.00131298
0.00635429
0.00509523
0.00509559
0.00643363
0.00481153
0.00653961
0.0127029
0.00247234
0.00204596
0.00503676
0.00196887
0.00511426
0.00128122
0.00420508
0.00818961
0.00356305
0.00328765
1.12044
0.00833948
0.00582598
0.00105334
0.000290037
0.00410318
0.000932227
0.00116357
0.000956144
0.00576601
0.00323535
0.00316894
0.00281444
0.00328008
0.00234979
0.00128287
0.413552
0.00183512
0.00306003
0.980496
0.00384154
0.00544005
0.000306683
0.00321488
0.00384147
0.00705807
0.00682947
0.689684
0.00334805
0.00167589
0.0030937
0.00491638
0.00441021
0.00383496
0.00462094
0.00364178
0.0022029
0.0031427
0.234107
0.00529177
0.00716622
0.00150478
0.00177857
0.00654693
0.00289229
0.00250022
0.00304788
0.00522564
0.00273166
0.00170319
0.00520391
0.00416293
0.00489709
0.0054958
0.00208339
0.0114129
0.00134798
0.0111933
0.00270591
0.941849
0.421421
0.00190941
0.00759943
0.00729328
0.00338188
0.00347853
0.00271113
0.00513037
0.00672171
0.00788903
0.00502441
0.00532204
0.00519718
0.00212128
0.00822291
2.39334
0.525462
0.00131062
0.419374
0.00434893
0.00527412
0.00506695
0.142417
0.00475297
0.00367847
0.00896989
0.002962
0.00345994
0.00106702
0.00301457
0.00330263
0.00186607
0.00231553
0.56347
0.00361521
0.00291524
0.1665
0.999777
0.720705
0.00353589
0.00213288
0.266727
0.00201296
0.00469754
0.00794528
0.00652183
1.53502
0.764651
0.00751502
0.0125621
0.00862757
0.00373242
2.31586
0.00106446
0.00427992
0.00300436
0.419918
0.00303458
0.00162888
0.773951
0.00518014
0.00185908
1.0881
0.00397852
1.48877
0.00308724
0.00300312
0.00299738
0.000243975
0.0014321
0.000622926
0.586024
0.00227956
0.00467809
0.00123955
0.00776767
0.00664736
0.00273803
0.00412385
0.67174
0.00582798
0.00564936
0.00552624
0.00353714
0.00467088
0.00162301
0.447325
0.00853589
0.00338212
0.00391581
0.00219486
0.0115215
0.00383261
0.00247907
0.425667
0.0421426
0.00504021
0.00299253
0.00191813
0.00523871
0.00630061
0.00497652
0.00249733
0.00337661
0.512772
0.00607451
2.7773
1.44217
0.00390561
0.00157458
0.00237833
0.00679606
0.00495441
0.00592
0.00139924
0.0028381
0.83941
0.00646288
0.00156535
0.000807105
0.00253365
0.00204538
0.00326671
0.00629166
0.000985147
0.00289123
0.000471975
0.00163854
0.00319312
0.00375252
0.00344031
0.00264557
0.00465243
0.0052355
0.00622104
0.000473444
0.00347774
0.0207842
0.691363
0.00720437
0.00320153
0.00197837
0.0016528
0.000798845
0.0012677
0.441493
0.00780404
0.00414457
0.954161
0.0109604
0.00138098
0.00424589
0.00530596
0.00565617
0.00440007
0.43638
0.00818326
0.771306
0.00168047
0.00197204
0.0034381
0.003013
0.0012417
0.00474978
0.00637579
0.650607
0.00166934
0.00294732
0.00392751
0.0112943
0.0068574
0.00258295
0.00575317
0.00611209
0.00356456
0.00223161
0.00321033
0.0046939
0.00500938
0.00117647
0.00715228
0.00377778
0.000372974
0.00246144
0.00331938
0.00287617
0.0045019
0.00215943
0.00311249
0.00247604
0.00152103
0.00254839
0.00188222
0.00213901
0.00618125
0.000615825
0.00185218
0.0045395
0.00521768
0.00196262
0.00474388
0.00272305
0.0025625
0.0115391
0.00256138
0.00523303
0.00299439
0.00305413
0.00197797
0.00188986
0.00343862
0.0026193
0.00157604
0.00356001
0.00382687
0.00202305
0.00433743
0.00244861
0.00321134
0.00868641
0.00351767
0.00396001
0.000891256
0.00275966
0.0191486
0.0063043
0.00940135
0.00224241
0.00341811
0.00533671
0.00838366
0.841024
0.729262
1.0316
0.00411254
0.00269951
0.0137111
0.806069
0.00317342
0.00253312
0.216201
0.00716196
0.404087
0.00698607
0.00195519
0.00495103
0.594986
0.00433876
0.00972868
0.00473555
0.00159133
0.00384805
0.000630363
0.00638141
0.00336191
0.00749267
0.00253563
0.00766487
0.0114691
0.0023769
0.00850092
0.00450659
0.00421944
0.00216276
0.00944084
0.00312311
0.0014331
0.0024032
0.00591386
0.00291974
0.00517304
0.451543
0.00370794
0.00236945
0.000908666
0.00567576
0.0100642
0.00182596
0.00733541
0.00150071
0.00466392
0.00535223
0.00449625
0.00283569
0.00590674
0.00478074
0.0134375
0.00200484
0.00454348
0.00249718
0.00416917
0.00720155
0.00131236
0.00939508
0.00184282
0.00364944
0.00115305
0.0024893
0.00244389
0.00404176
0.00360781
1.92797
0.00431631
0.00458528
0.00739385
0.00249409
0.0164381
0.00699461
0.00765909
0.00259485
0.00193358
0.00680412
0.00317693
0.000614991
1.56322
0.00364547
0.00437944
0.00206408
0.00969648
1.21816
0.00329371
0.00725331
0.00560818
0.00490341
0.00460479
0.00567686
0.0019241
0.00173781
0.0100881
0.00808288
0.00262402
0.00495161
0.00384932
0.00528
0.0032888
0.00315673
0.00278536
0.000962682
0.000687195
1.1183
0.00802733
0.0140994
0.00558935
0.00252526
0.00451699
0.0069099
0.00263706
0.0140636
0.00715818
0.00998972
0.0131858
0.00288757
0.00932423
0.00658283
0.0025656
0.00184949
0.00242141
0.440261
0.00406521
0.00363314
0.00335701
0.00580772
0.00235789
0.00519049
0.00301463
0.0023668
0.000561745
0.00301893
0.00288067
0.00457271
0.00226269
0.00692021
0.00978828
0.00512582
0.00306672
0.00109949
0.00532362
0.00309316
0.00321788
0.00885818
0.00526879
0.00202133
0.00582573
0.0038
0.581936
0.00489284
0.00246754
0.000376416
0.00175795
0.00420652
0.000973837
0.00257678
0.00283481
0.00337649
0.000924151
0.00378894
0.00299012
0.0070504
0.00231599
0.00359004
0.00842489
0.00157818
0.284579
0.00697694
0.00369929
0.00942165
0.00494701
0.00318893
0.00128983
0.0034321
0.00566532
1.30807
0.459002
0.452897
0.00562521
0.00816038
0.000659626
0.00235373
0.00636231
0.00234293
0.0016651
0.00374515
0.00247155
0.00476496
0.00417489
2.37774
0.00510395
0.0041447
0.00284855
0.00069793
0.00388619
0.00573922
0.00595456
0.00599532
0.00743319
0.00619985
0.000376669
0.00228813
0.00326089
0.000507584
0.00146504
0.00375213
0.00277166
0.00181401
0.0058719
0.00120578
0.00656488
0.00155308
0.00382073
0.000970159
0.00156149
0.0012534
0.00341181
0.00240656
0.00635208
0.000907803
0.00360679
0.00190369
0.00274363
0.00287384
1.04881
0.00693129
0.00169653
0.0166552
0.00601162
0.0117211
0.00492528
0.00461943
0.00145901
0.00693805
0.00802265
0.00219768
0.00156792
0.00808338
0.00292684
0.00230474
0.00516557
0.00494764
0.00246215
0.00511781
0.00154793
0.00253363
0.00613262
0.00526944
0.00535606
0.000365921
0.00591773
0.00265636
0.00357805
0.00203078
0.00736262
0.00360599
0.00170184
0.00411346
0.00298934
0.004801
0.00173179
0.00209693
0.00425716
0.00270277
0.00167964
0.00352052
0.00605219
0.00137715
0.00518221
0.000537154
0.00402975
1.93021
0.00443401
0.00413409
0.00817328
0.00213746
0.00582632
0.00453168
0.000761283
0.015951
0.00571183
0.00258855
0.0063127
0.00597129
0.00471796
0.37996
0.00945233
0.00202163
0.00468468
1.10918
0.000817726
0.00454621
0.00501935
0.000990827
0.00568101
0.00592034
0.00577537
0.00561747
0.785923
0.00396908
0.00523864
0.0058242
0.00383276
0.000981021
0.00197631
0.00186387
0.00708121
0.00789358
0.00881448
0.160784
0.00402056
0.00732539
0.300078
0.00351875
0.99812
0.00567893
0.00328763
0.00176096
0.00530434
0.00571405
0.00139211
0.486099
0.00409343
0.00292333
0.00369603
0.00814207
0.00336182
0.00332588
0.005636
1.70653
0.000709717
0.00149415
0.00592335
0.00450924
0.00223025
0.00466231
0.00444326
0.00563548
0.00438517
0.00254251
0.0053674
0.00171432
0.00231245
0.00243656
7.39116e-05
0.00285838
0.00504171
0.00506226
0.00252162
1.23977
0.001908
2.05224
0.000916605
0.00262764
0.462275
0.00410907
0.00518735
0.0014978
0.00697995
3.70631
0.86723
0.584544
0.00202469
0.00258908
0.00221254
0.00618466
0.00582507
0.00488207
0.00119321
0.00359956
0.00257827
0.65753
0.00209798
0.00513872
0.00103747
0.00141926
0.00345338
0.00600152
1.01721
0.00152908
0.00360354
0.00570213
0.00141272
0.00333131
0.000471304
1.68591
0.00262486
0.00153938
0.0038594
0.00162072
0.00295244
0.00443447
0.00395092
0.00602184
0.00310209
0.00559061
0.00493881
0.00254072
0.00359968
0.00586426
0.00841776
0.00589901
0.0139516
0.00355518
0.00402744
0.00331787
0.00468088
0.00163952
0.00291692
0.00155724
0.00423831
0.00660446
0.00554901
0.000830109
0.00788863
0.00289351
0.00612942
0.000491766
0.000669069
0.0056756
0.00680072
0.00485485
0.00780834
0.00270513
0.00691325
0.000903856
0.00412572
0.00454947
0.00662303
0.00582782
0.00908385
0.00270394
0.00394775
0.00557243
0.00596542
0.00318916
0.0063094
0.00492043
0.00264223
0.00536176
0.00291737
0.00308297
0.00827352
0.00894776
0.00215782
0.00451946
0.00215113
0.0014238
0.000925129
0.0112725
0.00236449
0.00257337
0.00114733
1.68912
0.00275635
0.00871825
0.0031355
0.00835998
0.00730984
0.00105558
1.34507
0.0055075
0.00412823
0.00918431
0.00778763
0.00346177
0.00720961
0.00390387
0.00195379
0.00236706
1.43882
0.00912748
0.00702474
0.00147836
0.00224927
0.00171566
0.00735922
0.00130985
0.00078525
0.001039
0.000720109
0.00677464
0.00672677
0.00255506
0.00574488
0.00104131
0.00062206
0.0048269
0.00308271
0.114952
0.00165572
0.0159732
0.00445123
0.00467006
0.00517557
0.00219855
0.00306127
0.00370984
0.00476782
0.000292801
0.00999797
0.0038291
0.00369568
0.00253388
0.00727842
0.00573421
0.00395563
0.00113258
0.00152921
0.00202829
0.0066148
0.699006
0.0025079
0.00368213
0.00322392
0.00484229
1.24688
0.00436097
0.00501394
0.00114843
0.0418572
0.0017847
0.00316479
0.000755673
0.0003456
0.0033716
0.00427847
0.00588549
0.00376643
0.00713591
0.519009
0.0110338
1.19693
0.00481831
0.00433972
3.61401
0.380586
0.00410095
0.00294062
0.00765005
0.00208312
0.00287585
0.00348754
0.00537031
0.000993202
0.00136612
0.00404051
0.00131136
0.00199389
0.00285727
0.635072
0.00777917
0.00477198
0.00339997
0.00480666
0.357859
0.00506913
0.00448827
0.000480379
0.00333357
0.572204
0.00439236
0.00293543
0.000725453
0.00775356
0.00237515
0.00469593
0.00145096
0.00183742
0.00497795
0.00282328
0.00419963
1.44037
0.00207821
0.00472682
0.0030426
0.33393
0.00359699
0.0053373
0.00663077
0.00322301
0.00405885
0.00355624
0.00594347
0.00464301
0.00489216
0.00434687
0.345644
0.00174556
0.00295953
0.231902
0.0054387
0.002796
0.00247293
0.531778
0.00135206
0.00246229
0.00671502
0.00292962
4.39708
0.0029557
0.00375729
0.00201264
0.00366264
2.60191
0.463297
0.00874614
0.00306054
0.00437403
0.00151648
0.00624639
0.00593976
0.00463864
0.00619341
0.00460195
0.0020559
0.00690636
0.0018667
0.000905176
0.00779869
0.00322536
0.0106144
0.00163426
0.00136096
0.354695
0.00455146
0.00407948
0.00641907
0.00300866
0.00345535
0.00398305
0.00270446
0.00119297
0.00328499
0.000932696
0.00591061
0.00374594
0.0022906
0.00302861
0.00248578
0.00210456
0.00589499
0.428249
0.103299
0.00219246
0.00237059
0.00410727
0.00545927
0.00114802
0.00320237
0.00273036
0.587765
0.00225004
0.00470278
0.489448
0.00585382
0.00436313
0.00124746
0.00447115
0.00366381
0.575627
0.0028666
0.00253017
0.0032859
0.347663
0.00101988
0.00464757
0.00600493
0.00537774
0.0044559
0.00537796
0.44627
0.00611864
0.00572297
0.00368744
0.00636826
0.000730798
0.00452261
0.00221649
0.580259
0.00309118
0.000947725
0.0121913
0.272891
0.0102431
2.92932
0.00429323
0.00459646
0.000510655
0.713792
0.00555466
0.0035502
0.0017922
0.545214
0.00112364
0.00135905
0.607347
0.978854
0.00553536
0.00202965
0.943484
0.846658
0.829662
0.00045665
0.487031
0.00241617
0.000681066
0.00487642
0.00594926
0.00466603
0.00541957
0.017692
0.222441
0.00378861
0.00121787
0.00452389
0.000676492
0.00378738
0.00371328
0.0106357
0.0117717
0.00669361
0.00498492
0.00545751
0.00229234
0.00143768
0.00441435
0.00239454
0.00398466
0.0031039
0.00130458
0.00249184
0.00347361
0.00241391
0.00252118
0.00373511
0.00336033
0.00413941
0.00314382
0.00664625
0.81173
0.00370519
0.00302867
0.00141091
0.00579301
0.00500514
0.00195229
0.00185941
0.00215333
0.00192312
0.000680164
0.869386
0.00200452
0.479344
0.00502582
0.00393538
0.00425697
0.00229178
0.00590676
0.00733619
0.00305478
0.000596738
0.00390729
0.00153903
0.226761
0.00172814
0.00427108
1.18202
1.21219
0.00238966
0.00271926
0.00409138
0.00277682
0.00444761
0.257593
0.893422
0.719844
0.192475
0.00315264
0.004604
0.00274908
0.00248233
0.0140529
0.0100098
0.00338279
0.00270777
0.00994946
0.00369072
0.00422436
0.00483672
0.638629
0.0115026
0.00711681
0.00527643
0.00499084
0.00939685
0.0105457
0.0039521
0.00678124
0.00230261
0.00454862
0.173604
1.24206
0.000994606
0.0015301
0.0131407
0.00257016
0.0088743
0.0037094
0.00287251
0.00333866
0.00954706
0.00359343
1.16462
0.000772997
0.00320217
0.00396119
0.00343138
0.0123515
0.00478828
0.00174361
0.00851108
0.00432035
0.000247437
0.000833723
0.00312077
0.00387704
0.00412343
0.00766957
0.00410878
0.00878406
0.00583754
0.00191037
0.00593814
0.00675904
0.0046551
0.00321958
0.0126413
0.00347165
0.00790455
0.00653904
0.00254195
0.00619543
0.0047005
0.00355029
0.00242845
4.06846
0.00158015
0.00624689
0.00310303
0.00143962
1.00563
0.00573775
0.00174995
0.00608048
0.00396671
0.00666269
0.00330975
0.00551146
1.04088
0.00125761
0.0022808
0.00333174
0.00632261
0.00198325
0.00349068
0.00603966
0.00339643
0.00616928
0.00622633
0.00135961
0.00324424
0.00204894
0.00479676
0.00422571
0.00150282
0.00688884
0.00473273
0.00197925
0.00587365
0.00261663
0.00522603
0.00258278
0.00386771
0.00115579
0.0032395
0.00426346
0.00173684
0.00723667
0.00985636
0.00204233
0.00948166
0.0060718
0.00507592
0.00292484
0.00231072
0.00248345
0.000231811
0.000786725
0.00296712
0.000740557
0.00721001
0.00303536
0.000209108
0.00821505
0.002517
0.00361435
0.00666256
0.00408279
2.12068
0.00268025
3.06293
0.00820491
0.00211313
0.000495653
0.00389897
0.00334415
0.0023453
0.0036886
0.00560501
0.00233425
0.00425074
0.00275242
0.00407454
0.000381823
0.00311263
0.00157953
0.00648299
1.6021
0.00519516
0.00522312
0.00391938
0.0017612
0.0096981
0.00892485
0.00828446
0.0145145
0.00196906
0.00394477
0.00431158
0.018703
0.00403264
0.0144277
0.00484432
0.00641695
0.00525316
0.27719
0.00329709
0.00716643
0.00683303
0.00463381
0.00623571
0.00342016
0.00459826
0.00488688
0.00506602
0.00988667
0.00389611
0.00136631
0.00472478
0.00166568
0.00592361
0.00553522
0.00577357
0.00243321
0.00169835
0.00324025
0.00513429
0.00409008
0.00403146
0.00356737
0.00369111
4.36882
0.00273814
0.00656441
0.00539515
0.00612901
0.00228841
0.00146086
0.00179727
0.00373175
0.000771818
0.00696559
0.00366442
0.00177451
0.00472631
0.0063609
0.00177359
0.00410428
0.00303845
0.00315232
0.00907098
0.000176282
0.00297606
0.0019411
0.00428479
0.00341415
0.00505318
0.00638883
0.00426181
0.000463848
0.000758185
0.00490485
0.00354519
0.00959611
0.00144815
0.0017385
0.00461955
0.00456387
0.000685779
0.75911
3.76141
0.00598943
0.00238982
0.00585209
0.00166704
0.00247089
0.00354099
0.00238982
0.00901542
0.00580825
0.000924415
0.0064696
0.0100715
0.00748708
0.00184936
0.00619764
0.00383272
0.00160195
0.00372918
0.00940637
0.00113664
0.005998
0.00568064
0.00379215
0.0031071
0.0015255
0.00349912
0.00328322
0.000753484
0.00300165
0.00115708
0.00301869
0.00463764
0.00538663
0.00166494
0.00176987
0.0069838
0.00248276
0.00493983
0.00334982
0.000954098
0.00469191
0.0103193
0.00428415
0.00153285
0.00262473
0.00248301
0.00669255
0.00424638
0.00606211
0.002966
0.00364686
0.00562807
0.00385095
0.00202989
0.00317348
0.00205045
0.00288694
0.00472507
0.00321655
0.805041
0.382499
0.00311736
0.0037818
0.00105492
0.00199405
0.00421689
0.00738662
0.0087995
0.00701576
0.00382552
0.00127122
0.00709809
0.00505442
0.92234
0.00365519
0.00501367
0.00487698
0.00504076
0.00521052
0.00376027
0.00317796
0.790768
0.00716793
0.732882
0.00599368
0.00299912
0.28877
0.00373932
0.000775736
0.00300668
0.0036138
0.631015
0.00145581
0.00605389
0.00116636
0.00667443
0.000712997
0.00117374
0.00361218
0.013273
0.00814287
0.00466998
0.00354818
0.00159404
0.00375768
0.00482405
0.00336084
0.0108576
0.00543499
0.0075522
0.00369942
0.00109985
0.00453335
0.00639336
0.00554839
0.0023258
0.00705467
0.00289878
0.00489459
0.925707
0.370329
0.00377163
0.00451734
0.00410762
0.233591
0.00372115
0.00590853
0.00462353
0.00599673
0.0049114
0.00936121
0.00469596
2.06346
0.00524839
1.87067
0.00209975
0.00788468
0.00596691
0.00337265
0.00462767
0.00161057
0.0124819
0.00710374
0.00232163
0.00437145
0.00610669
0.000834135
0.00353293
0.00517765
0.00525634
0.00639984
0.00191715
0.00837824
0.00157441
0.404431
0.00515312
0.00600797
0.00822409
0.00679839
0.0104587
0.00522301
0.00352961
0.00520529
0.00122303
0.00426892
0.00617587
0.00148049
0.00161821
0.00128401
0.00325528
0.00611743
0.501983
0.00322272
0.580405
0.00225978
0.00621109
0.00320104
0.00796449
1.34656
0.0013499
0.00372731
0.00883483
0.0100533
0.0105212
0.00126758
0.00298669
0.00179726
0.00278225
0.00637206
0.00203328
0.000506369
0.00538511
0.0054142
0.00453281
0.00172608
0.0125664
0.00554048
0.27779
0.00952035
0.00286684
0.271404
0.00924583
0.00534893
0.00942002
0.00438215
0.00667888
0.00405942
0.0027785
0.0063774
0.00364366
1.98616
0.00918618
0.00140623
0.01032
0.00541415
0.00524485
0.00507347
0.00428035
0.00218995
0.00509974
0.00666806
0.00600908
0.00225251
0.00375052
0.00549197
0.00633639
0.0028692
0.00731357
0.0072134
0.00730834
0.00641888
0.371356
0.00207635
0.00369253
0.00436098
0.00421982
0.00269419
0.00247025
0.00150883
0.00249084
0.00155471
0.00269131
0.00170094
0.00463872
0.00249936
0.00800422
0.00834235
0.00670091
0.00224474
0.00411383
0.00100132
0.00569258
0.00388427
0.00120038
0.00153769
0.0236343
0.0022219
0.00649603
0.00248007
0.0021137
0.00255434
0.00169416
3.217
0.00197395
0.00424445
0.00732001
0.0025723
0.00507498
0.00257492
0.00272141
0.00106811
0.0027717
0.00223077
0.000833965
0.00311916
0.00238937
0.00410201
0.00184916
0.0032042
0.00628031
0.00212948
0.00165401
0.00431336
0.00671771
0.00207936
0.00268183
0.00686375
0.00146883
0.00220443
0.00416902
1.5563
0.00200236
0.00365986
0.00291437
0.00147272
0.00149386
0.00572682
0.00388186
0.00266699
0.191344
0.00397102
0.00409194
0.669378
0.00670466
0.53411
0.00313665
0.00921944
0.00652144
0.00583132
0.00334757
0.00314124
0.00833063
0.00527949
0.00541427
0.00268927
2.39777
1.10872
0.00667778
0.00134875
0.005032
0.00253935
0.00168765
2.53543
0.00378969
0.00161561
0.00129485
0.000453553
0.600451
0.000363274
0.450072
0.00217652
0.00290799
0.839659
0.00240367
0.00102897
0.0025027
0.00585213
0.0020099
0.606094
0.552055
0.37342
1.04863
0.0042063
0.00357496
0.00155848
0.00437484
0.002759
0.0177157
0.00432847
0.00712749
0.00197165
0.00127034
0.143721
0.00620034
0.887264
0.00626299
0.00361712
0.00581959
0.00400727
0.00477613
0.00267407
0.00123058
0.00315392
2.92694
0.00271726
0.00141114
0.460651
0.510796
0.00335578
0.00211022
1.90045
0.759832
0.00148576
0.00324943
0.00323405
0.00090615
0.00282149
0.00446465
0.000989839
0.00186071
0.0019417
0.00226294
0.00212543
0.00246582
0.00989526
0.00781086
0.0061418
0.00205973
0.00675458
0.00367217
0.00346289
0.00379503
0.00337823
0.00140274
0.00432872
0.00212844
0.00392097
0.00353155
0.00418855
0.00374054
0.265936
0.00659739
0.00633433
0.00511929
0.00209982
0.521828
0.00431705
0.00408951
0.00190133
0.00170528
0.00596004
0.00203191
