0.00145463
0.000775669
0.000654635
0.00175952
0.00131209
0.000168931
6.42201e-05
0.273405
0.000359502
0.000209547
0.00102752
6.85713e-05
0.000245854
0.000233111
0.00182531
6.58645e-06
0.00411999
0.000379637
0.000145358
0.000558807
0.000494483
0.000722679
0.00039197
0.000549852
0.00138084
0.00186874
0.000367964
0.00110538
0.00188084
0.641963
0.000503223
0.00143507
0.000682637
0.000864629
0.000652905
0.000234767
0.000718942
0.00145724
0.000539709
0.00305977
0.000981578
0.00115209
0.00127488
0.000757669
0.00140729
0.00114396
0.000903201
0.000121619
0.000897538
0.00105016
0.00111643
0.000203093
0.00157303
0.00168091
0.00156141
0.000691159
0.000724316
0.00384617
9.5794e-05
0.00105724
0.000719903
0.000996294
7.93516e-05
0.00012013
0.0158891
0.000454715
0.000319106
0.000690854
0.00274245
0.00125671
0.00284372
0.64697
0.579778
0.63751
0.519396
0.00210812
0.571164
0.00117314
0.00182029
0.000691158
0.000529723
0.000647581
0.000908312
0.000777465
0.00124752
0.00447255
0.0028303
0.00183361
0.0091884
0.000676974
6.41302e-05
0.000514859
0.000165774
2.45128e-05
0.0032345
0.00416959
0.00465393
0.00257941
3.30229e-06
0.00249536
0.000886318
0.00125217
0.00159725
0.0100189
0.000279652
0.00250788
0.00331298
9.69583e-05
0.00214337
0.801553
0.00124196
0.000592555
0.00224059
0.0014471
0.000272761
0.00233228
0.00180685
0.00183965
0.00020437
0.00203073
0.00168789
0.000759874
0.00010277
0.00517404
0.000474247
0.000517628
0.000568673
0.636977
0.00137583
1.8662e-05
0.001113
0.603093
0.000210146
0.00121092
0.00101774
0.00106961
0.000530979
0.000231304
0.000534881
0.000957556
0.00101812
0.000609851
0.000771087
8.16149e-05
0.000489861
0.00110796
0.000768597
0.000781623
0.000451547
0.000324871
0.000187193
0.00885562
0.623257
0.000219179
0.00286824
0.000306284
0.000669714
0.000865558
0.0010141
2.4937e-05
0.00223505
0.000531167
0.00304248
0.000851477
0.000533775
0.000305585
0.000732162
0.000426912
4.23839e-06
0.000710684
0.000613569
0.00146981
0.00143207
0.00034526
0.000982097
0.000405479
0.00119601
0.0017119
0.000533876
0.000592172
0.000361371
0.000126837
0.000741915
1.84021e-05
0.000730704
0.00146686
0.00114584
0.000279816
0.000330149
0.000276993
0.00182611
0.000163478
0.000589509
0.00119071
0.000239581
0.00226335
0.000443172
0.00017792
0.00323106
0.000543327
0.000796564
0.000232051
0.000990449
0.000871917
0.000950404
0.00453609
0.000856671
0.000386609
0.000123759
0.00144225
0.00167434
0.000784631
0.000270978
0.000695439
0.00144354
0.00176985
0.000390141
0.0013192
0.000946495
0.00304923
0.000789756
0.000847482
0.673163
0.00156281
0.000436502
0.000271029
0.000491975
0.000473287
0.000772915
0.000289208
0.000983207
0.000617638
0.00166113
0.000325485
0.000323088
0.00259879
0.000168482
0.0012053
0.00183404
0.00134471
0.00221893
0.000964756
0.000540618
0.000252687
0.00133629
0.00216198
0.000452623
0.180473
0.000248232
0.000237572
0.000107416
0.000201902
0.000749819
0.00235043
0.00121606
0.00237689
0.000552921
0.00209412
0.00205499
0.0011389
0.00115859
0.000196307
0.000811072
0.00294841
0.000164752
0.00506153
0.00271093
0.000106608
0.000230686
0.000539208
0.00078101
0.000122721
3.13741
0.00084265
0.000506119
0.00363878
0.000921963
7.99946e-05
0.642395
8.5277e-05
0.000794654
0.00428314
0.000334536
0.000212873
0.000867801
0.00030358
8.70622e-05
0.000324552
0.000737644
0.000522621
5.10691e-05
0.00076399
0.00141997
0.00216909
0.00117709
0.000124888
0.00100989
0.000488132
0.00166861
0.000772162
0.000836616
7.63852e-05
6.90552e-05
2.58019e-05
0.00140837
7.63111e-07
0.000471745
0.00116212
0.000647321
0.000598309
0.0354257
0.499851
0.00106783
1.78429e-05
1.84974e-06
0.00103645
7.27291e-05
0.000650422
0.00113781
0.000753941
9.05874e-05
0.000446339
0.512025
0.00035049
0.00365681
0.000633595
0.00140515
0.000609987
0.000135731
2.04787e-05
0.000769978
0.000318374
0.00131291
0.000857156
1.20852
0.000260969
0.000936192
0.000625049
0.616245
0.000103925
0.000500752
0.000663778
9.32334e-06
0.00102186
0.000565637
0.000374956
0.00116442
0.000455533
0.000836867
0.00151402
0.000991982
0.00191128
0.000964258
0.000320345
0.000242472
0.00360326
0.000869086
0.00126267
0.000379811
0.000304223
0.00258352
0.000610278
0.000321794
0.00143354
0.510978
0.494855
0.00116685
3.05819e-05
0.000856214
0.000875255
0.000184013
0.0096679
0.00176258
0.000465163
0.00117111
0.000933037
0.00244769
0.648531
0.000640201
0.00361985
0.000856502
0.000711213
0.00026983
0.00113549
0.000746979
0.000183526
8.09608e-05
9.45477e-06
0.603867
0.000697027
0.000906265
0.0015864
0.000206294
0.00357228
0.000338285
0.781212
0.00203263
0.000429327
0.00258935
0.000451188
0.000676989
0.000379422
0.560501
0.0019537
9.24848e-05
0.000408474
0.319362
0.00289858
0.00132974
0.00254536
0.00109479
0.00202393
0.00197815
0.00134044
0.000494217
0.00123759
0.00134064
0.00444203
0.000486285
0.00137544
0.231482
0.00157167
0.00039838
0.000859368
0.000276146
0.000654903
0.000856158
0.00362507
0.00138009
0.00238988
0.000710732
0.683646
0.00123568
0.000759025
0.000399465
0.058299
0.00280944
0.000901688
0.000114798
0.000166826
0.000131481
0.000246172
0.000750552
0.00186633
0.000182153
0.622859
0.000891697
0.00403697
0.00026542
0.000727722
0.000749301
0.00156946
0.000912742
0.00104363
0.0018345
5.19141e-05
6.38378e-05
0.000563131
0.00223474
0.000239196
9.88277e-05
0.00208386
0.00126045
0.00065316
0.00174797
0.00362849
0.205447
0.604849
0.000832299
0.00304343
0.000324774
0.000133039
0.00092443
0.00335707
0.00164358
0.001206
0.00184229
0.00181186
0.00229326
0.513069
0.00369232
0.00706634
0.00554031
0.365104
0.00651946
0.000725856
0.000999688
0.00970207
0.00171554
0.00492913
0.00612081
0.0163705
0.00124751
0.00371226
0.00531249
0.000362572
0.00154062
0.00667762
0.0016515
0.000673249
0.00124929
0.000285106
0.00134809
0.000434204
7.37529e-05
0.000104412
0.000871642
0.000739812
0.000680004
0.00194654
0.000413018
0.000609336
0.000313628
0.00211164
0.000329012
0.000270479
0.000949783
3.49655e-06
0.000500999
0.000210198
0.000442297
0.00155315
0.00102742
0.00612952
0.00135853
0.00149109
0.000300004
2.65848e-05
0.000514976
0.000690867
0.000294497
0.000608863
0.00169825
0.00110375
0.00112021
7.83561e-06
0.352291
0.118732
0.000344235
0.000766253
6.11346e-05
0.000247181
0.000733275
4.47879e-05
0.000870937
0.00106413
0.000873254
6.78191e-05
0.00170936
0.000514153
0.00114309
0.524365
0.000236021
0.00113164
0.0020107
0.698114
0.0011747
0.000954976
0.000729707
0.00091556
0.000644721
0.0012212
0.00149113
0.004447
0.000307885
4.19617e-05
0.000615615
1.52945e-05
0.000860904
0.00113253
0.000607056
0.00101503
0.000671126
0.000570498
0.000631938
0.00283219
0.00116007
0.000237225
0.00092665
0.000373764
8.75424e-05
0.00192421
0.000444625
0.000726377
0.000495636
0.0489229
0.00027277
0.000438312
0.337056
0.000126502
0.000504418
0.000257188
0.000470443
0.000460347
0.000656954
0.000751978
0.000248386
0.000689815
0.000511247
0.000138747
0.000552334
0.00105752
0.000838276
0.0016831
0.00019749
0.00301981
0.00119785
0.00268619
0.000851568
0.00061977
0.00160263
0.00218553
0.000256281
0.000427075
0.00117656
0.100116
0.000473466
0.000736281
0.0013926
0.00188762
0.000125275
0.00160485
0.00241274
0.352726
0.00124702
3.0609e-05
0.000823574
0.000990367
0.000841183
0.00246797
0.000248796
3.31835e-05
0.00202066
0.00192984
0.0045422
0.00236397
0.00247952
0.00480287
0.000107009
0.624496
0.0022204
0.0018064
0.000997513
0.000344842
0.00109183
0.000473404
0.000327469
0.00142935
0.00197881
0.00112415
0.000669345
0.00205569
0.00118975
0.000747552
0.000416405
0.000642961
0.00134094
0.000903913
4.90356e-05
0.000520284
0.000240482
0.00881626
0.00715795
0.00274133
0.00201927
0.000725311
0.00031626
0.00165016
0.0028513
0.00178694
0.000934211
0.00101221
0.000452435
0.000874503
0.000559602
0.00102855
0.000244985
0.000260088
0.000625629
0.000741558
0.00153864
0.00781261
0.000939685
0.000839709
0.000615478
0.000849052
0.00125361
0.000315247
0.000508994
0.000330864
0.00102968
0.00242988
0.00475877
0.00175872
3.79874e-05
0.00144774
0.00106478
0.00122091
0.000842741
0.000303221
0.00104932
0.000384866
0.00189247
0.00108566
0.000779665
0.000620545
0.705948
0.000419518
0.74004
0.000447024
0.00289174
0.00303078
0.000753502
0.000783401
9.38529e-05
0.00237223
0.000898345
0.000347641
0.000791994
0.000240563
0.55888
0.000610988
0.00178379
0.000167055
0.000788051
0.000789267
0.000969863
0.000854428
1.35893e-05
0.00037658
0.705687
0.000832344
0.00262558
0.0019275
0.000666067
0.0016475
2.4147e-06
0.00115235
0.000648948
0.000863774
0.0012629
0.000487886
0.00173261
0.00130356
0.000266051
0.00120111
0.00268119
0.000105396
0.000565982
0.000187812
0.00043905
0.0016262
0.00139352
0.00195543
0.00429729
0.00136153
0.00306414
0.00075624
0.000681922
0.000293897
0.00297341
0.000448987
1.58895
0.000789165
0.517453
0.00247531
0.00109367
0.00024467
0.000356994
0.000196244
0.000664954
0.00117598
0.00120441
9.19428e-05
0.000522893
0.000241061
0.0113001
0.00769827
0.0109171
0.00249359
0.0111209
0.00293535
0.0040887
0.00552624
0.00185661
0.00221724
0.000657983
0.00179174
0.516776
6.64901e-05
0.00304543
0.00055928
0.000464764
0.0016878
0.00290642
0.00534541
0.000222689
0.00357259
0.0021048
0.000681441
0.00543069
0.00307349
0.00543054
0.0016116
0.002466
0.00526186
0.000861234
0.00386257
0.00278037
0.00609783
0.00431563
0.00222951
0.00673647
0.00102349
0.00252152
0.00307814
0.00525828
0.00417968
0.000296943
0.000721508
0.00214527
0.000677363
0.000157015
0.0117815
0.000596068
0.000453638
0.0010195
0.672842
0.000488828
0.00142179
0.00174607
0.000647119
0.00206205
0.000786912
0.000629351
0.000767904
0.000869774
0.00405185
0.000769848
0.00083418
0.000302003
0.00515378
0.000812587
0.00143714
0.00209745
0.0102488
0.253137
0.000842152
0.0021859
0.000941443
0.000169003
0.0034371
0.000336056
0.000762542
0.000459226
0.000571661
0.000100281
0.000114103
0.00546978
0.00347008
0.00257404
0.00101354
0.00350107
0.00267641
0.000554463
0.00352145
0.000864851
0.00106186
0.00260063
0.433993
0.0046178
0.00151357
0.00809676
0.000572842
0.00437028
0.00234856
0.00168046
0.00481836
0.000638396
0.000495599
7.55963e-05
0.00149295
0.00140858
0.00129657
0.000203996
0.00159712
0.000213513
0.000486248
0.00108606
0.00175685
0.00134779
0.00462636
0.00106739
0.000376038
0.000375373
0.000602089
0.00074056
0.000634305
0.000448025
0.000726755
0.00389205
0.00317175
0.000499596
0.000833664
0.00212975
0.00277485
0.00253311
0.00319799
0.00223724
0.000835944
0.623753
0.00446776
0.00404866
0.000116183
0.000565181
0.00179997
0.00101135
0.000702147
0.000337973
0.00169831
0.000327217
7.86764e-06
0.000906653
6.34094e-05
6.92319e-05
0.000471963
0.000407656
0.001517
0.000408069
1.51453e-05
0.00021254
0.00386296
0.000111849
0.00318006
0.00566291
0.00481767
8.78152e-05
0.00146699
0.000440303
0.00137073
0.000328328
0.00140002
0.00078589
0.000775892
0.000991906
0.00134509
0.00336561
5.567e-05
0.00056658
0.00138146
0.000795842
0.0013179
0.00029671
0.0002235
0.000168657
0.000895909
0.679879
0.000320871
0.000269356
0.000204523
0.000185147
0.000533505
0.00114017
0.000889637
0.00022285
0.000652637
0.000681728
0.00088836
0.000263323
0.000551392
0.000144848
0.00174139
0.000274907
0.000507798
0.000158741
0.000653703
0.000688205
0.660896
0.000939137
0.00153445
0.000148411
0.000575816
0.00307825
7.76469e-05
0.000331603
0.00200788
0.00219289
0.0024116
0.003614
0.000426633
0.00139832
0.00121657
0.00274236
0.0125881
0.00148722
0.000233405
0.00306769
0.839646
0.000908251
0.0013908
0.000581117
0.000516542
0.00254331
0.00134375
0.00194814
0.00334406
0.00251318
0.000887174
0.000205223
0.00287158
0.000546174
0.000919194
9.19881e-05
0.000415838
0.000254851
1.60992
0.00195747
0.000936154
0.000490283
0.0011871
0.000585381
0.00104288
0.00014128
0.00161455
0.000349527
0.000178935
0.000295966
0.00133481
0.590676
0.00138913
0.00021133
0.00105045
0.000141098
0.000265447
0.000915614
0.00268255
8.67265e-05
0.612717
0.000251945
0.00076632
0.000222981
2.59444e-05
0.00262773
0.00144661
0.00106615
0.000192648
0.00275201
0.0014966
0.00138336
0.0016277
0.000461934
0.00107363
0.000313837
0.000584331
0.00208578
0.00506427
0.00148343
0.000429085
0.00077352
0.000853041
0.000710275
0.000921251
0.000141794
0.00158223
0.00287042
0.000748034
0.0003372
0.00230461
0.000145097
0.000512939
0.505325
0.00105874
0.00188225
0.000388082
0.00235606
0.00149948
0.00216089
0.000689504
0.00225476
0.00027198
0.000457154
0.000296113
0.0012974
0.0011792
3.07926
0.626534
0.0016606
0.00110865
0.0016581
0.00120575
0.00152642
0.0023644
0.000459246
0.000782235
0.00113818
0.00121991
0.000865345
0.00323147
0.0025904
0.000453316
0.00226084
0.001959
0.00153376
0.00131148
0.00125672
5.77491e-05
0.000908055
0.00172977
0.00121812
0.00434743
0.000291586
0.000421166
0.000464575
0.000224794
0.000248467
0.000419775
0.00096
0.0013915
4.22293e-05
0.000117676
0.000112381
0.00134583
0.000903539
0.00121459
0.000403245
0.000435285
0.000380832
0.000313334
0.00155757
0.000959648
0.000509384
0.000647759
0.000340674
0.000175007
0.00159357
0.00121927
0.00181986
0.00148883
0.00105804
0.00171556
0.00129411
0.000941925
0.000150778
0.000620056
0.00326721
0.00455499
5.43734e-05
0.000702727
0.00390496
0.0028724
0.00120291
0.000321087
0.000319947
8.50576e-05
0.00113758
0.00302301
0.000893214
0.000805001
0.000822252
0.00100832
0.00173163
0.00052678
0.00163778
0.569156
0.00159437
0.00117998
0.00044275
0.00108476
0.000886564
0.000325578
0.000613525
0.00158247
0.00243351
0.000250949
0.000489066
2.21265e-06
0.000761478
0.00105466
0.00153718
0.000710737
0.000648285
0.000428992
0.000247008
0.000440213
0.000431495
0.000712218
0.00300333
0.00164853
0.0018142
0.000676372
0.00050329
0.00108793
0.000210407
0.000277487
0.000585566
0.000479454
0.002053
0.000932022
0.00113646
0.000378456
0.000584743
0.000449334
0.000631617
0.000156012
0.00128104
0.000410525
0.000567928
0.000618751
0.00091904
0.000411666
0.000925415
0.00155966
0.000474459
0.00179526
0.000846871
0.000436153
0.00154253
0.00100338
0.00188398
0.000254326
0.000881894
6.68246e-05
0.000284811
0.000156879
0.000556552
0.000123039
0.000147468
0.00098017
0.00252781
0.000324918
0.000197557
0.000306331
0.000145936
0.000260879
0.000952548
0.000400072
0.000229032
0.000788499
0.00458936
0.00121185
0.000274672
0.00320793
0.001197
0.00103779
0.00179527
0.00217403
0.0010424
0.000416355
9.52014e-06
0.000168494
0.000398059
0.00240889
0.000520218
0.00076159
4.05365e-05
0.00137629
0.000891436
0.00157558
0.00163887
0.00144805
0.000883361
0.000972722
0.00169056
0.00145052
0.00120318
0.000185692
0.00207705
0.000273026
0.000355462
0.00195161
0.00111102
0.00192735
0.513104
0.00239414
0.000405993
0.0022417
0.400864
0.00135318
0.000526483
0.00435965
0.000232892
0.00172817
0.00138798
0.000232544
0.000273522
0.0025128
0.00142046
0.00311929
0.00101487
0.00071959
0.713007
0.244256
0.00132436
0.00190722
0.0141287
0.000786265
0.00385433
0.00640355
0.00320342
0.00373569
0.000242469
0.00764242
0.00633154
0.00341299
0.339578
0.00558505
0.71844
0.762708
0.00674332
0.70313
0.635496
0.000878358
0.00382659
0.00186306
0.000304686
0.00545544
0.00193301
0.0036524
0.00434004
0.0133167
0.00516501
0.00068065
0.000583203
0.00406997
0.000768998
0.00471821
0.00132889
0.00580103
0.0106245
0.00588752
0.00405728
0.00415095
0.0044356
0.0114799
0.00723218
0.00945816
0.00224019
0.358458
0.00471645
0.00104399
0.007322
0.00127064
0.00406401
0.00488887
0.00404429
0.00134988
0.00329312
0.000827393
0.00236285
0.00181386
0.00200611
0.625545
0.000110762
0.000184111
0.000319435
6.24761e-05
0.000262165
0.0034177
0.000355494
0.00115945
0.00189587
0.000452618
0.000201384
0.00165542
0.00299701
0.00346667
0.00146198
0.00297599
0.000526094
0.00259411
0.000542278
0.00111611
0.000670298
8.07218e-05
0.00037073
0.000957972
0.000549579
0.000148027
0.000699777
0.000347332
0.000813297
0.000305753
0.00275317
0.000382421
0.000881832
0.00066354
0.000224145
0.00802816
0.00570004
0.00928185
0.000134467
0.00059322
0.000172044
0.000844897
0.000578391
0.00166717
0.000973604
0.000593674
0.000354277
0.00102368
0.475731
0.0113681
0.000389907
0.00130624
0.000148977
0.00208087
0.00043616
0.00119759
0.000656676
0.000586376
0.00133568
0.000697188
0.000465635
0.00046388
2.70941e-05
0.00132442
2.88561e-05
0.000200536
0.00109727
0.00020713
0.00130897
0.00065931
0.000994464
0.000278804
0.0020958
0.00107227
0.00414204
0.000499906
0.00127972
0.00117103
8.5652e-05
0.0011927
5.06529e-05
0.000182293
0.000368328
0.000759751
0.000728477
0.00481336
0.0023142
0.000253997
0.000680713
0.00167824
9.31382e-05
0.000841352
0.000972348
0.000469623
0.00187373
0.00212203
0.00127376
0.00150815
0.00111068
0.00527339
0.000397684
0.000459991
0.000457889
0.00155963
0.00117595
0.000553748
0.000550273
0.00139996
0.00164457
8.78902e-05
7.31298e-05
0.00110738
2.35145e-05
0.00222647
0.000522875
0.000990968
0.0953153
0.000332332
0.00568427
0.000826033
0.00358244
0.00104634
0.000322366
0.00143781
0.00086218
2.17126e-05
0.000260744
0.473013
0.00139163
0.000641333
0.000265812
0.000987701
0.748025
0.000372951
0.000393588
0.000409813
0.000558213
0.00019008
0.00116871
0.00436908
0.00110896
0.00250708
0.00110745
0.238471
0.000350478
0.000674717
0.00146417
0.000549486
0.000405821
2.28513e-05
0.00109985
0.000861507
0.000606456
0.000421479
0.00071686
4.37386e-08
0.000365248
0.00154572
0.000571351
0.00104119
0.00094748
0.000896646
0.000243743
0.000194009
0.000431436
0.000868133
0.000985594
0.00222634
0.00350546
0.000692579
0.00102565
0.000977773
0.00161726
0.000453669
0.000790579
0.000368358
0.00111794
0.00114878
0.000428556
0.660096
0.000879751
0.000531933
0.00104229
0.000131778
0.000912617
0.000147709
0.000867433
0.000858231
0.0030679
0.000702508
0.00158184
0.00111301
0.000979344
0.000167218
0.00252525
0.00233783
0.000136406
0.000678878
0.00384125
0.000390455
0.000161267
0.00025231
0.00128677
0.000809141
0.00029647
0.000775865
0.00210853
1.49871
0.000880178
3.13911
0.00213756
0.00369884
0.00165623
0.00258358
0.000895636
0.00113545
0.0040914
0.589972
0.0012179
0.00121997
0.000928493
0.00363609
0.0016444
0.00256226
0.693859
0.00131273
0.000731129
0.00170629
0.00239247
0.000979987
0.000789236
0.00175565
0.000587771
0.000901686
0.00135072
0.000504078
0.000876173
0.000890259
0.000204614
0.000198771
0.000281694
0.000594699
0.000801692
0.00144685
0.000212326
0.000492835
0.000813233
0.000440266
0.00248052
9.98408e-05
0.000706173
0.541766
0.000319864
0.00043356
0.000483347
0.000898382
0.00590343
0.00501519
1.61784e-05
0.000231019
0.00153689
0.000483033
0.00874517
7.16853e-05
0.000234278
0.000359246
0.00133489
0.00439308
0.000398396
0.000519143
0.000709353
0.000128094
0.00942072
0.00352036
0.0024685
9.37605e-05
0.000816416
0.000638843
0.712194
0.00580461
0.00107092
0.000303094
0.00195841
0.00116604
0.00127409
0.00139436
0.00126312
0.000221882
0.000465326
0.00011065
0.000527419
0.00155585
0.000124664
0.000686888
0.000342972
0.000394213
7.22239e-05
0.000312236
0.68665
0.000943025
0.456743
0.000636535
0.00176841
0.00231382
0.00152223
0.00251207
0.00196461
0.000708111
0.00359518
0.0019122
0.00153446
0.00120378
0.00159398
0.00123681
0.00167127
0.000657223
0.00231999
0.00167682
0.000860068
0.000446511
0.000839943
0.000516176
0.00099349
0.000217865
0.00078392
0.00189763
0.000658333
0.000364108
0.000222581
0.00225902
1.3316e-06
0.00117587
0.00194906
0.000469782
0.00136962
0.878655
0.000612094
0.00181111
0.000786759
0.00448638
0.000765293
0.000149668
0.000683629
0.000221253
0.000502638
0.000656376
0.000710274
0.000448102
0.000335527
0.00113277
0.000722243
0.00195489
0.00146565
0.00148816
0.000502202
0.00116257
0.000258008
0.00316862
0.0013333
0.0010456
0.000447529
0.000130477
0.00034315
0.000340854
0.00046534
0.00020228
0.00267807
0.00086581
0.00067401
0.000714298
0.000343794
0.000629382
0.0011878
0.000802271
0.000479095
0.000869168
0.000594361
0.00114019
0.000456485
0.00119131
0.0024285
0.00093055
0.00031382
0.00196957
0.0016047
0.00220456
0.0001702
0.00336057
0.000184427
0.00228571
0.000495315
0.00143569
0.00183213
0.00266486
0.00498231
0.00339838
0.00227762
0.00169269
0.000607888
0.00050151
0.00081559
1.88505e-05
0.00340005
3.03145
0.000522543
0.00105393
1.48415
1.37623e-05
4.91148e-05
0.000198837
1.44834e-05
6.63663e-05
0.0017556
0.00178413
0.000374952
0.00102864
0.000956596
0.00123045
0.00177851
0.00150667
0.000207795
0.000847919
0.00108819
0.00133194
0.0029107
0.00104552
1.93797e-05
0.00198957
0.00123555
0.00310882
0.00124215
0.000651555
0.00257642
0.000684474
0.69297
0.000475819
0.00143215
0.0013925
3.64256e-05
0.00110096
1.52341e-05
0.000647021
0.00239054
0.00264754
0.00126684
0.00271883
0.00198932
0.00205703
0.00153502
0.000439206
0.000450255
0.000760836
0.000498464
6.25952e-06
0.000635749
0.000457078
0.000230519
2.87084e-05
0.0010307
0.000828519
6.81302e-05
0.000698014
0.00133979
0.000385812
0.000684849
0.000634821
0.00223854
0.000586427
0.000958786
0.000127827
0.00146516
0.00263713
0.00443562
0.000579985
5.55991e-06
0.000284621
0.000847742
0.00259564
0.00300785
0.00036116
0.00348747
0.00209246
0.000480542
0.000493139
0.000599727
0.000310546
0.000362297
1.80939e-05
0.000644772
0.00025016
0.000988744
0.000429242
0.00041154
3.10916
0.000749891
0.00267837
0.00111244
0.00137423
0.975263
0.00320893
0.490469
0.477812
0.000834052
0.0016578
0.00191697
0.00107836
1.44728e-06
0.00141416
0.000665166
0.000801733
0.00140779
0.000658751
0.000919192
0.00116819
0.000704745
0.000753154
0.000762127
0.00106502
0.000790693
0.00309976
0.000810608
0.000322217
0.000555022
0.00138096
0.00210554
0.000371283
0.000781987
0.00238799
0.000464384
0.00431899
0.00214387
0.000797921
0.00225137
0.00389648
0.00317412
9.71803e-05
0.000811983
0.00117349
0.000291004
0.00103743
0.00679506
0.290547
0.000444083
0.000707816
0.00174198
0.00197687
0.00202889
0.000754967
0.00147332
6.79316e-05
0.298599
0.0011242
0.406468
0.0012887
6.37867e-05
0.00043647
0.00169295
0.000699497
0.00057153
1.75684
0.0012108
0.000302151
0.000704646
0.00013566
0.00118931
0.000706488
0.000477416
0.00103498
0.320626
0.000246752
0.00140403
0.00155793
0.000349722
0.00149
0.735348
0.00160886
5.72867e-05
0.000800654
0.000586189
0.000825079
0.286532
0.000421088
3.85956e-05
0.000237502
0.000576415
0.00105402
0.00056816
0.00100342
0.000437803
0.00201468
0.00137018
0.000928672
0.00138656
0.00164112
0.00240369
0.000346113
0.000111479
0.000171229
0.00100617
0.00118808
0.00020616
0.000886236
3.60365e-05
0.72786
0.00604673
0.000161857
0.000653971
0.00471151
0.00060213
0.00141681
0.000700883
0.441499
0.000137153
0.00102981
0.000679644
0.00223805
0.00248474
0.000631323
0.000854889
0.000624829
0.00103173
0.00219663
0.789587
0.00115094
0.0123129
0.000918177
5.69161e-05
5.82046e-05
0.00147999
0.000891025
1.29502
0.000343693
0.000423554
2.88165
0.000130135
0.00110044
0.000498913
0.00149354
0.000606135
4.49123e-05
0.000236019
0.000260774
0.00280874
0.000171704
0.00205198
0.000288585
0.000531808
0.00017697
0.00101738
0.000124405
0.00126637
0.00188832
0.00209827
0.00111631
0.00136115
0.00120965
0.000941984
2.87689e-05
0.00404766
0.00153563
0.00104805
0.00251787
0.00169049
0.000219566
0.000875016
0.000931579
0.000727381
0.000126062
0.000199942
0.00202631
0.533316
0.000654264
0.00024646
0.00138382
0.453033
0.000406943
0.00732224
0.00116443
0.000121434
0.000733313
0.000493274
0.000655888
0.000607654
0.00108805
0.000199356
5.10265e-05
0.000660108
0.000639117
0.000467409
2.96458e-05
0.000212788
0.00115865
0.00107164
0.00032858
0.000378326
0.000767857
0.00222407
0.00165765
0.00144678
0.000685408
0.00186054
0.00137261
0.000898129
1.89238e-05
0.000975581
0.00197087
0.00283461
0.00388797
0.00180593
0.000509531
0.00052569
0.0011636
0.00175168
0.00429595
0.00179121
0.00177265
0.00363732
0.000840013
0.000356103
0.00488459
0.00326787
0.922657
0.000132368
0.000741441
0.000940475
0.00673307
0.000262871
0.00022974
0.00150472
0.00151013
0.00516228
0.000912952
0.00630627
0.000308811
0.000945151
4.98665e-05
0.000282341
0.000598221
0.000323416
0.00118674
0.000719466
0.000848283
0.000242227
0.000479611
0.00101307
0.000923685
0.00088544
0.00132656
0.00238033
0.000969978
0.000749895
0.0004853
0.000363444
0.00154552
0.00046213
0.00084741
0.000851531
0.00125627
6.4901e-05
0.00112883
0.000544202
0.000812041
4.33479e-05
0.000924403
0.00267298
0.00293863
4.79357e-05
0.000867316
0.00027554
0.00258293
0.0136792
0.000362154
0.00328621
0.000164207
1.86012e-05
0.0011205
0.00163439
0.000471351
0.00398796
0.0021064
0.000645456
0.0016862
0.000625447
2.1392
0.000674765
0.000599426
0.00148185
0.000196589
0.000880314
0.00171332
0.00122396
0.00115058
0.0016873
0.00131077
0.00329767
0.00154296
0.001478
0.0003147
0.000228908
0.00114625
0.000520824
0.000411581
0.000414708
0.00247273
0.000990116
9.59338e-05
0.000840641
0.000487506
0.00057031
0.00106901
0.000274114
0.00172361
0.00176907
0.000564178
0.00231431
0.000808518
0.000973546
0.00134934
0.00350415
0.00022964
0.00180271
0.000877628
0.00112615
0.000331129
0.00089945
0.00110452
0.00130904
9.82124e-06
0.000284893
0.000400842
0.0003129
0.000661422
3.85395e-05
0.00130587
0.000289571
0.000504746
0.00153576
0.00120655
0.000264056
0.000235543
0.000137459
0.00103316
0.000697627
0.000792094
0.000418626
0.000914769
0.00068799
0.000306436
0.000330217
0.0010132
0.000700068
0.000123231
0.0010634
0.000333549
0.000261538
0.00187464
0.00182884
0.00200393
1.26405e-05
0.0598846
0.000503315
0.00203371
0.000297832
0.00120274
0.000530184
0.000311656
0.000328416
9.13709e-05
0.000216068
0.00063589
0.00139431
0.000383492
0.00116393
0.00188996
0.00174316
0.000458905
0.10968
0.00119005
0.00158437
9.49318e-05
0.000177441
0.000575737
0.000261908
0.00117877
0.000645215
0.00241789
9.23732e-05
0.000871923
0.00138803
0.00110461
0.00117475
0.000343508
0.000640513
0.000150728
0.000402598
0.000306135
0.000243998
0.000284684
0.000236869
0.000184427
0.000831674
0.00131644
0.644903
0.000785914
0.000285333
0.000384429
0.000744192
0.00164892
0.0031179
0.00153901
0.00180201
0.00553675
0.000120638
0.00179594
0.00106933
6.27329e-05
0.00117176
0.000106964
0.579919
0.00288646
0.00239319
0.00338296
0.000829507
0.00114973
0.000570841
0.000772394
0.00104621
0.000559838
0.000648477
0.84231
0.00128891
0.00109046
0.00122905
0.000940636
0.000462029
0.000306216
3.8097e-05
0.000744293
0.00166309
7.10246e-05
0.000369353
0.000805537
0.00161569
0.000734208
0.00115073
0.000293828
0.000763653
0.00150856
0.000502324
0.000378778
0.000503637
6.93857e-05
0.00154709
0.000936133
0.000806936
0.000267361
0.000127551
0.00163966
1.4765
0.00325672
0.00289277
0.00059101
0.000152246
0.00146872
9.77434e-05
0.00170389
0.772079
0.000232335
0.00312616
0.00384045
0.00197081
0.00010983
0.531466
0.00212705
0.00176523
0.0019599
0.00141001
0.00254968
0.0010297
0.000753824
0.000111571
0.000162741
0.00194062
0.000585857
3.10872
0.000153177
0.000165344
0.000275161
0.000194583
0.000224326
0.000351606
0.00388786
0.000673823
0.00141429
0.00131149
0.00019253
0.0007305
0.000386572
0.000104028
0.000437378
0.000118884
0.000955341
0.000944378
0.000458102
0.00115044
0.000145996
0.000236846
0.00161514
0.000941523
0.000367028
0.000118212
0.000287216
7.13044e-05
0.000881971
0.000269843
8.22687e-05
0.00105929
2.50363e-05
0.000876149
0.000238435
0.000379396
0.000211552
3.87377e-05
4.63593e-06
0.000788101
0.000189882
0.00111803
0.000762227
0.000958193
0.000473006
0.0016132
3.04718e-05
0.000493998
0.00147728
0.000387336
0.000138524
0.000981425
0.000655164
0.00217705
0.000751486
0.00137116
0.00560087
0.000858502
0.000501484
0.00183549
0.000135139
0.000973743
0.000804165
0.000646843
0.000427253
0.00133629
0.00103538
0.000616171
0.000655472
0.00152433
0.000193138
2.57223e-05
0.00286331
0.00199183
0.520599
0.00129908
0.000554593
0.000444506
0.00093565
0.000508985
0.00174127
0.00076367
8.48882e-05
1.08045
0.00121542
0.000937793
0.000528099
8.3438e-05
0.000795404
0.000335696
0.000768738
0.0020934
0.00256543
0.00115475
0.000682199
0.000369972
0.00107356
0.000293981
1.12849e-05
0.000825351
0.00245371
0.000457193
0.00440848
0.00290452
2.29994e-05
0.000829709
0.00220906
0.00185114
0.0038516
0.000840466
5.01925e-05
0.00098544
0.00110961
0.00175836
0.000353195
0.000618518
0.00286866
0.000158768
0.00198117
0.000275966
0.00165727
0.0011157
0.000440289
0.00020747
0.00138733
0.00654779
0.00101445
0.00354359
0.00326787
0.00165756
0.00178047
0.00422217
0.519344
0.00272548
0.000117674
0.00134751
0.00152745
0.00175664
0.000569221
0.00646367
0.000239916
2.1274
0.00111399
0.00235155
0.565694
0.000421311
0.00232803
0.000700044
0.00082577
0.000555441
0.00181398
0.00088267
8.25229e-05
0.000752159
5.54821e-05
0.000435052
0.000930966
0.00012328
0.000188564
0.000873387
0.61835
0.00157325
0.00237709
0.00164896
0.000714085
0.000262384
5.78772e-05
0.000922024
0.00118487
0.0015712
0.080456
0.000461047
0.00204218
4.69498e-05
0.00212472
0.00118806
0.00268983
3.13188e-05
0.000326108
0.00449215
0.000613384
0.00143639
0.00101923
0.000399839
0.0373549
0.00112354
0.00057103
0.000887936
0.70178
0.00043133
0.000214301
0.00134901
0.00117753
0.000898406
0.000477555
0.000113122
7.51317e-05
0.00241349
0.000233954
0.00127584
6.30953e-05
0.000690465
0.875929
0.00040615
0.565361
0.000475018
0.00342949
0.323578
0.00085744
0.00110312
0.000439699
0.000387202
0.00108552
0.00136377
0.000748266
0.00272027
0.00257596
0.00336586
0.00163066
0.610524
0.00282172
0.000485506
0.00189679
0.00253343
0.00204796
0.326465
0.000922961
0.000568202
0.00252664
0.00173072
0.000323211
0.00184645
0.00161761
0.00129003
0.000836023
0.000478688
0.00124814
0.00382209
0.00162718
0.00719878
0.00240383
2.96618e-05
0.00332397
0.00119589
0.000485721
0.000394909
0.00103435
0.000847335
0.00156297
0.00069842
0.000982994
0.00258935
0.000477625
0.00055942
3.39872e-05
0.000343245
0.00105713
0.000277549
0.00324683
0.00353468
0.000669007
0.00289137
0.00252678
0.000896082
0.00279638
0.00997157
0.00819732
0.00776362
0.00662385
0.00720025
0.0032232
0.0014564
0.00013342
0.00187647
0.000404111
0.00113369
0.000941119
0.000696719
0.000804596
0.00140439
0.00125613
0.000779114
0.000959744
6.36576e-05
0.000859261
0.000148709
0.00138309
0.000643487
0.00120755
0.00195285
0.000147721
0.00221961
0.00056717
0.00150639
0.000102486
0.000664192
0.000244635
0.000343014
0.00145381
6.32398e-05
0.000623204
0.00131323
0.000992818
0.000286733
0.00156699
0.00338537
0.000726579
0.00144482
0.00527
0.00216262
0.000338792
0.000500337
0.000165091
6.54146e-05
0.00411686
0.00487946
0.871287
0.00129197
0.000585906
0.000281922
0.000980175
0.00158412
0.00119018
0.000765755
0.00102463
0.000414778
0.00054515
0.00116229
0.00123957
0.000191977
0.00182205
0.00436676
0.000240632
0.00536295
0.00350339
0.000804756
0.000750157
0.00101042
0.00120153
0.000349566
0.000871091
0.000420789
0.000550038
0.0005206
0.000727343
0.00206926
0.00216887
0.00165685
0.000346496
0.00398966
0.00188196
0.00210829
0.0031519
0.000833538
0.00039988
0.000668502
0.000470569
0.000646854
0.00251157
0.00419246
0.00026527
0.000995016
0.00128671
0.00282119
0.000419371
0.000573909
0.00161991
0.0019668
0.0007416
0.00402158
0.005049
0.00146571
0.00241614
0.00265366
0.000123291
0.00107431
0.0040994
0.000895891
0.00197246
0.00280992
0.00478896
0.00295871
0.00309898
0.00631125
2.84212e-05
0.00156586
0.000251056
0.000436181
0.00147886
0.000483516
0.00186863
0.00140034
0.00128791
0.00109765
0.000229575
0.000531034
0.000320425
0.000596994
0.000469135
0.000794515
0.000324822
9.57447e-05
0.00164627
0.00129021
0.000286173
1.19034e-05
0.0044698
0.00167437
0.000248532
0.000897303
7.29527e-05
0.000696095
0.000164559
0.000848806
0.00123019
0.00158116
0.000226578
0.00141172
0.000480923
0.000368498
0.0108018
0.00136002
0.000282345
0.00066641
0.000169366
0.000212966
0.000972636
7.68427e-05
0.000497884
0.000182775
0.000472411
0.000672284
7.63968e-05
0.000968576
0.00356842
0.00184483
0.0012384
0.000115022
0.0157816
0.000607697
0.000778995
0.00162765
0.0013285
0.00122285
0.000518757
0.000967606
0.000209771
0.000186702
0.293435
0.00124261
0.000146331
0.000778398
0.00193361
0.000576281
0.000385797
0.000495077
0.00089078
0.000286617
0.000781175
0.00110117
0.000218644
0.150987
0.00156404
0.00217389
0.000230319
0.000717398
0.00197301
0.000138122
0.00127164
0.00197088
0.00225191
0.00545681
0.00147285
0.00181807
0.00016337
0.000951228
0.00349856
0.0287717
0.00158574
0.552133
0.00192577
0.00043765
0.00068014
0.000627459
0.00282311
0.000604026
0.00254053
0.000551197
0.000963603
0.000468523
0.000203373
0.000579588
0.00192126
0.000170428
0.000453662
0.000450759
2.01881e-05
0.00303002
0.000920188
0.000602573
0.000163763
0.00122103
0.751565
0.000840177
0.00261502
0.00357858
0.00302293
0.00600982
0.000123455
0.000584139
0.000139865
0.000280162
0.00137663
0.00123486
0.000763856
0.000957961
0.000265862
0.000266377
0.000127925
0.00245997
0.00319051
0.000261549
0.00217002
0.00131733
0.000423233
0.000294168
0.00196711
0.00159737
0.00221223
0.00101779
0.000626791
0.000513834
0.000952377
0.00115077
0.000357679
5.40582e-06
0.000819616
0.00127876
0.000375125
0.00263458
0.000670567
6.33646e-05
0.00158892
0.00232678
0.00168856
0.000740527
0.00162003
0.00166085
0.00109963
0.00137948
0.00231265
0.000729206
1.66911
0.000526505
0.00334356
0.000871722
0.000698464
0.000491451
0.000228076
0.000902867
0.00038289
0.00102108
0.00176507
0.000310736
0.00174529
0.00151259
0.000617742
0.0013033
4.23901e-05
0.000129502
0.00116209
0.00035916
0.000453964
0.00130898
0.000283297
0.00216829
0.000911773
0.000854531
0.000392496
0.00139508
0.000232501
0.00012392
0.00120512
0.00196298
0.00237278
2.54266
0.00130465
0.00148572
0.000963588
0.00123856
0.000959677
0.000715698
0.00115932
0.000640773
0.000532477
0.000982765
0.000706032
0.00016099
0.000237007
0.00213475
0.000156725
0.000710182
0.000130882
0.00130186
0.00102157
0.000724047
0.000917638
0.000960656
0.000511515
0.000226153
0.705035
0.000804216
0.00120116
0.000201872
1.7337e-05
0.00106406
0.000950695
0.000618101
0.000959976
0.000358341
8.0866e-05
0.00161845
0.00148812
0.0014717
0.000379853
0.000347057
0.00307139
0.0117021
0.000573133
0.000832606
0.000831756
0.000989444
0.000924856
0.00176147
0.00131707
0.637859
0.00353688
0.000106199
0.722238
0.000801745
0.000674777
0.00131311
0.00118124
0.733159
0.00045036
0.000532697
0.00249877
0.000631803
0.000342608
0.00209895
0.000707957
0.000527638
5.51334e-05
0.00208074
0.0120835
0.00303971
0.000286118
0.00262392
0.433487
0.000740936
8.18895e-05
0.00168264
0.730313
0.00145041
0.000573066
0.0022851
0.00203779
0.0009234
0.00121386
0.00151442
0.00160681
0.000410977
0.000485257
0.000417592
0.00273073
0.00216477
0.000220246
0.000439795
0.00321237
0.00314437
0.00226325
0.000752177
0.00262024
7.24718e-05
0.000428287
0.00223154
0.000441663
0.00143212
0.00275559
0.000251732
0.000611894
6.16248e-05
0.0013057
0.00124071
0.00274101
0.000473737
0.000934576
0.667094
0.00112846
8.12187e-07
0.000178221
1.37301
0.00018228
0.00160953
0.000535885
0.631859
0.00282828
0.000900815
0.00158225
0.00165849
5.75386e-05
0.00231581
0.000905931
0.445452
0.00248246
0.00252443
0.00253978
0.00059497
0.00285329
0.00207097
0.000948174
3.12967
0.0030234
0.00103056
0.00304411
0.00026001
0.000780519
0.000874264
0.000890839
0.00130496
0.00612345
0.00160208
0.000615323
0.00226707
0.00150543
0.00151287
1.72362
0.000434275
0.000469903
0.000563509
0.000539006
0.00307012
0.00174095
0.000397645
0.000353093
0.00096973
0.000274957
0.00199744
0.000536792
0.000133624
0.000321621
0.00106483
0.000530852
0.00412106
0.000362399
0.000527079
0.00279478
0.00156446
0.00123122
0.000133411
0.00104891
0.00196763
0.000513491
0.000800179
0.000358043
0.000816834
0.0022887
0.408221
0.00106042
0.53127
0.00217866
0.00556178
0.000740214
7.58042e-05
0.000239439
3.13449
0.000164181
0.000452833
0.00185874
0.00192994
0.0025042
0.000455309
0.00130775
0.00285663
0.531348
0.00443567
0.00027042
0.00225759
0.379953
0.000284005
0.000218701
0.00061714
0.000811313
3.141
3.23372e-06
0.00226345
0.000387754
8.10593e-05
0.00081835
0.00956426
0.000847926
0.00141327
0.808661
0.00184797
0.000627629
0.00191099
0.686977
0.00338877
0.00133763
0.000604845
0.000981511
0.00272452
0.00161375
0.00122472
0.00032613
0.000718775
0.000671606
0.000165162
0.000300484
0.000579898
0.00156373
0.000963622
0.000870736
0.00121265
0.000671398
0.000190222
0.000289187
0.000228039
0.000895953
0.00320191
0.000995603
0.00247242
0.000367295
5.01652e-05
0.000367018
0.00252262
0.000900999
0.000496656
0.000101857
0.000710863
0.00128635
0.000288285
0.000665327
0.000391908
0.0010286
0.00113253
0.000491583
0.000899883
0.000481344
0.00120814
0.00058648
0.000893884
0.00107905
0.00163284
0.000586229
0.00262161
0.003134
0.0032852
0.00130054
0.000157389
0.000686865
0.000289825
0.6589
0.00421162
0.000700273
0.000265664
0.000778618
0.00253661
0.000441393
0.00166734
0.0018539
0.000684369
0.00116687
0.00975729
0.00158493
0.000396289
0.00106346
0.000651193
0.00248453
0.000160118
0.000714039
0.000492557
0.00259598
0.00271446
0.00717966
0.00521602
0.00318121
0.000387628
0.000614403
0.00130422
0.000257993
0.000406985
0.000982329
0.00209518
0.000928616
0.000866851
0.00146576
0.00175838
0.000219577
0.00093868
0.000771855
0.00314608
0.000146499
0.00364656
0.000991505
0.00128432
0.00175229
0.00725932
0.000792549
0.000999933
0.00218822
0.000181399
0.00124849
0.000723658
0.0012805
0.000725755
0.000413768
0.00648037
0.00488403
0.00129031
0.00397342
0.00193572
0.00112807
0.000419003
4.89803e-05
0.00122028
0.644549
0.00119368
0.00102883
0.001335
0.000756798
0.00235984
0.00134872
0.000670395
0.00241984
0.00101331
0.000343017
0.00290312
0.000561685
0.000752878
0.00213508
9.28535e-05
9.61783e-05
0.000422524
0.00155718
0.00040347
0.00185169
0.000422098
0.000558551
0.000786738
0.00254257
0.000637426
0.00161795
0.000935499
0.00656479
0.00189997
0.00185082
0.00127854
0.000496507
0.000424028
0.00271997
0.00126554
0.00166766
0.00258271
0.00181222
0.00112951
0.00111426
0.0015558
0.000837671
0.00356402
0.00107544
0.00293152
0.000451206
0.00115972
0.00306966
0.001741
0.00130491
0.00151108
0.000726217
0.00109675
0.00102978
0.000677383
0.00105022
0.00253842
0.0012407
0.00116332
0.000167141
0.00206202
0.000145176
0.00141194
0.000172029
0.003217
0.000346529
0.0018232
0.0011808
0.000515514
0.000481791
0.000721304
0.00147776
0.000906287
0.00110609
0.00274923
0.000389591
0.000705263
0.0016265
0.00141459
0.001844
0.409578
0.000478873
0.00187342
0.000936008
0.736058
0.00143208
0.000648779
0.00194997
0.00178993
0.557133
0.474969
0.00166966
0.00024579
0.000807265
0.000833965
0.00146916
0.00180559
0.00492012
0.511193
0.00443086
1.68147
0.332026
0.41155
0.0012131
0.00378973
0.00148848
0.0051822
0.000570659
0.001141
0.000890443
0.00316755
0.00272684
0.00229657
0.00155858
7.92382e-05
0.00195641
2.86252
8.03306e-05
0.000437476
0.000679143
0.00739543
0.00305349
0.00114912
0.0202532
0.000442314
0.00263855
8.54142e-05
0.00121299
0.00138124
0.001911
0.00104225
0.00173331
0.000167241
0.00150041
0.00302796
0.00180342
0.000919084
0.00205287
0.000384094
0.650913
0.000181704
0.000397915
0.00190331
0.000254278
0.00364626
0.00634596
0.00160802
0.000252944
9.86387e-05
0.00177848
0.658084
0.00102661
0.0047213
0.00123283
0.00325213
0.00517407
0.00248154
0.00358932
0.00399721
0.00244714
0.000742729
0.00326872
0.00123691
0.000791436
0.00287808
0.0159899
0.00185459
0.0034108
0.000872027
0.00237459
0.00131858
0.00268179
0.410039
0.000819118
0.000449553
0.0018931
0.000435917
0.00200827
0.00234279
0.000478191
0.000951019
0.00146815
0.000461596
0.00105692
0.00141955
0.00278192
0.000359674
0.00251782
0.000960562
0.00106951
0.000262279
0.000539234
0.000272063
0.00366268
0.00195985
0.00198946
0.000942282
0.00219409
0.0023912
0.00335802
0.0021475
0.00213038
0.000590544
0.00475031
0.00138059
0.507543
0.00464936
0.00426834
0.00532084
0.000100477
0.000953686
0.000633559
0.000483876
0.00111333
6.58631e-05
0.00594384
0.00213941
0.00099512
0.000810429
0.616535
0.00108415
0.00152204
3.13322e-05
0.406007
0.00208932
0.00066407
0.000249141
0.00294005
0.00225358
0.004125
0.042963
0.844393
4.64814e-05
0.00399306
0.000291267
0.000860576
0.00659452
0.000647483
0.00766391
0.00514169
0.00639444
0.0015908
0.00188666
0.00111317
0.00245384
0.000755227
0.00189234
5.8021e-05
0.00221525
0.000918239
0.000735249
0.000603963
0.00047079
0.000759014
0.0762622
0.000103745
0.00450201
0.000851204
4.51793e-05
4.67027e-05
0.000150502
0.0013565
0.00174404
0.0014981
0.00382167
0.00250747
0.00233518
0.000527557
0.000667232
0.00333509
0.00111065
0.0013443
0.00184649
0.000403833
0.00132999
0.00219458
0.000683623
2.88409
0.00229737
0.000143334
0.00110814
0.00281521
0.000350805
0.000487464
0.000392807
0.00389343
0.00031969
0.00262542
0.00123168
0.00475271
0.000647999
0.00617102
0.00717216
0.00257754
0.0066558
0.000926094
0.00404501
0.00224307
0.00846114
0.0049049
0.00401543
0.0112822
0.010215
0.0071557
0.000478046
0.00386697
0.0081603
0.00177722
0.000933035
0.00220247
0.000103964
0.00130782
0.00202469
0.00100808
0.00164358
0.00122468
0.00067154
2.99806e-05
0.000651803
0.000536383
0.00552717
0.00123052
0.457522
0.0019514
0.000953027
0.00122494
0.00104174
0.00121959
0.000765855
0.000623057
0.000232105
0.00100936
0.00171738
0.00228178
0.000532664
0.000896544
9.06592e-06
0.00128796
0.000771133
0.000111334
0.000854907
0.000488771
0.00717032
0.000412295
0.000232004
0.00130879
0.484759
0.000323414
0.000228231
0.000639361
0.00118601
0.000358994
0.00162932
0.00120662
0.000201015
0.000631115
6.99114e-05
0.00111583
0.000284232
0.000469139
0.00107899
0.000448781
0.000967803
0.000850904
0.000379535
0.00190519
0.000250482
8.06462e-05
0.000868578
0.628972
0.00101018
0.00109156
0.000392736
0.000930487
0.00047363
0.0011315
0.000714453
0.000210004
0.000874838
0.000380195
6.39809e-05
0.00153358
7.79243e-05
0.00104167
0.000802217
0.000462883
0.000502783
0.00286705
0.00163266
0.000184228
0.00179998
0.000613245
0.000982458
6.20324e-05
0.000430022
0.00152307
0.00100081
0.000813021
0.000726811
0.000231083
0.00132898
0.000426457
0.000124442
0.0006411
0.00119869
0.00103782
0.000193954
0.00134287
0.00178517
0.000524614
0.00276136
7.76849e-05
0.00309178
0.00143021
0.00024068
0.00050765
0.000397727
0.000189068
0.000439117
0.000988145
0.000164649
0.00128504
0.000326312
0.000171639
0.00113929
0.00094049
0.00102487
0.00120401
0.00130656
0.000336863
0.000452757
0.000205533
0.00295077
0.000478055
0.00150877
0.000419653
0.000440795
8.98309e-06
0.00118729
0.000686716
0.00121946
0.00317968
3.13364
0.000121515
0.000570938
0.00151068
0.00105854
0.000895923
0.00149308
0.00967123
0.00447226
0.00205854
0.00126489
0.000539962
0.000760944
0.0032562
0.00184529
0.00172616
0.00138041
0.000568753
0.000185112
0.000402139
0.00343342
0.000614122
0.0015737
0.00142505
0.000190617
0.00239374
0.000234018
0.000289175
0.000590988
0.00268098
0.00277809
0.00131319
0.00152667
0.00214215
0.00440764
0.00242052
1.50264e-06
0.00437608
0.00434673
0.00139999
0.00364226
0.00140897
0.000160057
0.000526293
0.000268543
0.00219889
0.00542091
0.000612468
0.000156071
0.000646182
0.000245759
0.00132975
0.0016782
0.000724322
0.000880394
0.000424985
9.54619e-05
0.000610964
0.00232781
0.000852568
0.000821018
0.00114453
3.99351e-06
0.000421456
5.214e-05
0.00162654
0.00109807
0.000517298
0.000372082
0.000427242
0.000176568
0.746332
0.000213054
0.000438539
0.000411881
0.000502528
0.000754097
5.92128e-05
4.70701e-05
0.0143315
0.0075275
0.000282299
0.00129217
0.00162293
0.00398426
0.0148982
0.0121776
0.0288252
0.00908989
0.00384271
0.0399888
0.047496
0.0216746
0.00280667
0.0331696
0.00132311
0.00353123
0.030377
0.0388884
0.036793
0.000239487
0.0368393
0.00922777
0.00690814
0.0299264
0.00924686
0.00137173
0.0180551
0.00154479
0.00470575
0.0138147
0.0182241
0.0107267
0.00102252
0.0113175
0.00469924
0.00442067
0.00777
0.00765838
0.0119163
0.00168731
0.00259872
0.00118474
0.000826626
0.00011664
0.00329277
0.00313442
0.00194212
0.000779386
0.00021953
0.00140252
0.30507
0.00187068
0.649099
0.000374664
0.00168668
0.000614146
0.000248154
8.20647e-05
0.000672715
0.00138844
0.000424495
0.00122716
0.000710337
0.00105901
0.000207502
0.0028622
0.000188861
0.00184296
0.00130464
0.632508
0.00220921
0.00216266
4.55699e-05
0.00017907
0.0010176
0.00121571
0.00130753
0.00294463
0.00014305
0.00119393
8.7687e-05
0.01135
0.000761199
0.00171969
0.0017565
0.00205678
0.000706345
0.000242574
0.000513294
0.894985
0.000168159
0.00163194
0.00319089
0.00090793
0.010304
0.000700787
6.30168e-05
1.32173e-05
0.00207532
0.00460345
0.00190886
0.000886418
0.00100705
0.000432198
0.00193737
0.00251832
0.00126436
0.00367339
0.0008931
0.00601985
0.00200516
0.0034461
0.00150395
0.00177048
0.00065307
0.000539765
0.00408917
0.000221768
0.0163073
0.000512206
0.00121952
0.744686
0.00189151
0.00154652
0.000642727
0.00133143
0.00314133
0.000486161
0.000676296
0.000380424
0.00211656
0.000389885
0.000802465
4.34897e-06
0.000607138
8.57702e-07
0.00156122
0.000915297
0.000772814
0.000640716
0.000106504
2.75428e-05
0.00308325
0.00346464
0.000185964
0.000998962
0.000490144
0.000972436
0.00054163
0.000886961
0.000468029
0.000858334
0.00148653
0.000597199
0.00021469
0.000182546
0.00095407
0.00161063
0.648227
0.00165086
0.000278697
0.000765562
0.00140128
0.00356407
0.00480204
0.00300616
0.00261256
0.00087356
0.534705
4.84639e-05
0.00222907
0.000421302
0.00121282
0.000780281
0.00268127
0.00204476
0.000245577
0.00112587
0.000858273
0.000430543
0.00188626
0.000461924
0.000144477
0.00238456
0.000628062
0.00282511
0.00126548
0.00171988
0.000649708
0.0197475
0.000599649
0.00152722
0.00453293
0.0020921
0.0032182
0.00126916
0.000133949
0.00514479
0.00221698
0.00207842
0.00198427
0.00243157
0.000160149
0.00266053
0.476591
0.00406926
9.74115e-05
0.000176439
0.000193097
0.00135369
0.000170783
0.000734712
0.0013264
0.000492441
0.553451
0.00104055
0.00579815
0.00188204
0.00162757
7.74269e-06
0.0018703
0.00195826
0.000110175
0.00358643
0.00146559
0.00167407
0.00185639
0.00142574
0.000761717
0.000809729
0.000573553
0.000445064
9.05048e-05
0.000199804
0.000254966
0.00200167
0.0001226
5.78326e-05
0.000834139
0.0351079
0.00137897
0.000496059
1.25136
0.000377874
0.000159893
0.000382928
0.000602101
0.000964295
0.00174023
0.000432597
0.00171761
0.439946
0.00035937
0.00064289
0.000126481
0.000106418
0.000158858
0.00146095
0.000802275
0.000599083
0.00173974
0.000630562
0.000134872
0.000828923
0.000584208
2.65676e-05
0.0204703
0.00115284
0.00100043
0.758516
0.000109368
0.000370958
0.000676671
0.000827254
0.004502
0.000728136
0.00108463
0.000727313
0.000413281
0.00569456
0.00100573
0.00115858
0.000531016
0.00104474
0.000846029
0.00181436
0.00263685
0.000786663
0.000876589
0.000536037
0.000791886
0.00125153
0.00253649
0.00125375
0.00132096
0.00218697
0.000921674
1.16071
0.00113224
0.00364062
0.00108096
0.000747095
0.000652513
0.000719424
0.000416245
0.413266
0.000611514
0.000377271
0.000267182
0.417174
0.00029397
0.00154002
0.00113738
0.00025921
0.546215
0.000253232
0.000465282
0.00241073
0.000454792
0.000571761
0.00049142
0.00140283
0.0040611
0.0025
0.00226594
6.8121e-05
0.00174534
0.000861775
0.00173048
0.00165472
0.0013562
0.000578374
3.35816e-05
0.000462958
0.00179232
0.000346916
8.86986e-05
0.000944858
0.000152167
0.000894615
0.000317527
0.00112756
0.00058894
0.0055386
0.00295443
0.00130424
0.000890566
0.00117458
0.000397158
0.00310921
0.000961121
0.0049107
0.00629047
0.00123401
0.00573191
0.000740047
0.000746389
0.00133103
0.00053338
0.000413385
0.000696175
0.000660707
0.000538842
0.000720607
0.000490399
0.000257127
0.000498391
7.06884e-05
0.000608568
0.000103425
0.00095224
0.000788341
0.000897956
0.00208403
0.000154711
0.000193121
0.000254764
0.00283693
0.00206868
3.09744
0.001685
0.0031748
0.00334886
0.00121653
0.0032397
0.00333661
0.00291687
0.00077759
4.37964e-05
0.00164603
0.0073499
0.00216728
0.000438518
0.00293874
0.00395126
0.00342772
0.00142831
0.00552301
0.579304
0.00304993
0.00208083
0.0037257
8.04754e-05
0.42274
0.553816
0.000322824
0.00558872
0.00124585
0.496429
0.0012744
0.00189765
0.00253728
0.61789
0.00198281
0.498549
0.00216286
0.000493519
0.00496828
0.000978959
0.000451573
0.000142916
0.000255834
0.00618767
0.00124763
0.00149878
0.00163929
0.000180368
2.95674e-06
0.000175954
0.00205494
0.00119971
0.00214891
0.692056
0.00259813
0.00139077
0.000445987
0.000671802
0.000473189
0.000680689
0.000978915
0.00108497
0.00320201
0.00101434
0.000411158
0.000636665
0.00106698
0.00416701
0.00600354
0.0026015
0.00141059
0.00148705
0.000821845
0.000279686
0.000670272
1.73805e-05
0.00213521
0.00269027
0.543052
0.611184
0.00137536
0.000362067
0.000224716
0.0020726
0.00117484
0.00431307
2.74177e-06
0.000141233
0.00209389
0.00269432
0.000228891
0.00249344
0.00104738
0.0102167
0.00257865
0.00599205
0.00219692
0.00287774
0.00550597
0.00569786
0.00082127
0.00365052
0.00147534
0.0053735
0.000839119
0.000250747
0.000627981
0.00265919
0.00207087
0.00869418
0.00308242
0.00390056
0.00101652
0.00174863
0.00126727
3.54379e-05
4.82623e-05
0.00171472
0.00041064
0.000236112
0.00189222
0.00187695
0.000601176
0.000735267
0.00292192
0.00174356
0.000291491
0.00299744
0.00248351
0.000609428
0.000328909
0.275383
6.59333e-05
0.00220162
0.00155745
0.00187287
0.514975
0.00441505
0.00334955
0.000193704
0.000884313
0.00457787
0.00489101
0.00105291
0.00219417
0.000778281
0.0026771
0.00183296
0.00151796
0.00113717
0.000151206
0.00385239
0.000891959
0.0027004
0.000821495
0.63462
0.00228687
0.00371179
0.000700666
0.003386
0.00212373
0.00568996
5.98073e-05
0.785858
0.00584214
0.000400702
0.00230635
0.00088742
9.18522e-05
0.000223519
0.000701741
0.0012847
0.000893559
0.00138884
0.00060426
1.96743e-05
0.000671516
0.00103304
0.514921
3.00149e-05
0.000812047
0.00020995
0.00125984
0.0016065
0.001553
0.00191605
0.000988461
3.85793e-05
5.18293e-05
0.00381521
0.00462448
0.00133634
0.000458927
0.00205798
0.000629977
0.000851738
0.00145241
1.60677
0.00217809
0.000515255
0.00268732
0.000203742
0.0010138
0.000314823
0.000107138
0.00122914
0.000371459
0.000769042
0.00028424
0.000514838
0.00169322
0.00125998
0.000271873
0.000486252
0.000453574
0.000119477
0.000120319
0.00297434
0.00155301
0.000749354
0.000211866
0.00216986
0.000970097
0.000557414
0.00123298
0.000309771
0.000658371
0.00301833
0.0423149
0.00222522
0.00350333
0.00438926
0.00105612
0.00418323
0.00578738
0.00407861
0.00757908
0.00280792
0.00460128
0.00168995
0.00142588
0.000983911
0.0068938
0.0023594
0.00343417
0.336804
0.00325077
0.0023544
0.00569166
0.00893913
0.00248467
0.00409352
0.00202556
0.00124285
0.486305
0.0030939
0.609779
0.00386505
0.00131762
0.000257155
0.000119958
0.00124204
0.00215108
0.394962
0.00119345
0.000988396
0.000543054
0.000190427
0.000932399
0.00124888
0.000358157
0.00126392
0.00112098
0.00138305
0.000587048
0.00100862
0.000165117
0.000159114
0.000961744
0.000293866
0.00134779
0.00237384
0.00134786
0.00130845
0.000638948
0.000743489
0.000399166
0.000931538
0.000151089
0.000274059
0.00133517
7.98022e-07
0.000515083
0.000854994
9.40013e-05
0.00215884
0.310882
0.00399002
0.00289078
0.00216202
0.000506572
0.000741403
0.000995591
0.00238574
0.877524
0.000563122
0.000126651
7.53789e-05
0.000854594
0.000163433
0.00244261
2.67182
5.74423e-05
0.000567659
0.00145879
0.00176045
0.00131449
0.00213598
0.000704929
0.00227882
0.000614784
0.00948807
0.00160407
0.000555389
0.458447
0.0006369
0.00411886
0.470953
0.000505116
0.00121232
0.00140726
0.000249103
0.000320017
0.00231614
0.00416525
0.00297612
0.00344741
0.0028131
0.000697699
0.00337942
0.00174085
0.000296277
0.00162269
0.00231021
0.00109222
0.00167734
0.751433
2.55439
0.00152552
0.00176004
0.00108805
0.000591525
0.00445493
0.00166925
0.000914092
0.000563327
0.00604199
0.000447358
0.000679031
0.00436615
1.81697e-05
0.000886301
0.00317511
0.00425278
0.703499
0.00159905
0.00267681
0.0033471
0.000805274
0.00143041
0.0016258
0.00494721
0.0136393
0.00200653
0.00371262
0.0024212
0.000822919
0.00135986
0.00191417
0.00984742
0.00344181
0.475661
0.0021247
0.776288
0.00516661
0.0015903
0.000526908
0.00282875
0.000344332
0.000765435
0.00148758
0.000706465
0.00163732
0.459633
0.00191404
0.00109074
0.00106972
6.12756e-06
4.02057e-05
0.000305084
0.00558368
0.00241049
0.00253784
0.000569324
0.333329
0.00213427
0.000623594
0.00168448
0.00147959
0.000222512
0.00106548
0.00289105
0.005504
0.00624933
0.000131228
0.0025269
0.00300396
0.000827751
0.00796095
0.00149503
0.0018816
0.000908457
0.000845164
0.00138464
0.00132504
0.00295242
0.000467823
0.000300387
0.000271147
0.000976147
0.00166975
0.00107504
0.00110671
0.00217813
0.0025933
0.00191846
0.00405496
0.00149351
0.00440073
0.53807
0.000636893
0.0038234
0.000321917
0.00528054
0.00193334
0.00355175
0.00244904
0.00555032
0.00239718
0.00182313
0.00473853
0.0017712
0.00321914
0.000438806
0.00102973
0.00357838
0.00276378
0.00796444
0.0018745
0.00285575
0.00161578
0.00109679
0.00508486
0.000710293
0.00106168
0.000303961
0.000985151
0.00559574
0.00666255
0.00323132
0.000543207
0.00525123
0.00030872
0.00447741
0.00613247
0.00440515
3.06831
1.88377
0.000288187
0.000936477
0.00339869
0.770242
0.00727086
0.00239355
0.000927479
0.0059251
0.00114129
0.00041096
0.00230881
0.00458094
0.00409276
0.00257661
0.00085463
0.00358446
0.00543912
0.000818211
0.635882
0.00172779
0.00249844
0.00167595
0.000669563
0.000515569
0.00192222
0.00534913
0.00554044
0.00415841
0.000634186
0.00265665
0.000280638
0.00133887
0.0021806
0.000185113
0.00109187
0.00307239
0.000815524
0.0022051
0.00152432
0.00172917
0.720826
0.00302082
0.00201817
0.00164452
0.00347601
0.00379369
0.00194791
0.351639
0.00218594
0.00383439
0.002948
0.00237352
0.00058389
0.00200193
0.00367595
0.00198424
0.00441496
0.0101977
0.00569506
0.00713728
0.00016466
0.00361392
0.00636242
0.000309677
0.00103224
0.0041969
0.00508874
0.00572602
0.00213751
0.00125008
0.00474395
0.000584043
0.000217391
0.00103614
0.00227159
0.00219341
0.000814138
0.0023694
0.00088686
0.00267373
0.00251264
0.000454176
0.00173336
0.00116572
0.00118603
0.00105642
0.00219189
0.000441898
1.36871e-05
0.00322192
0.00161436
0.00149007
0.000603656
1.68208
0.000457641
0.0298353
0.00166743
0.000544824
0.00102645
0.000851585
0.00304674
0.00399794
0.00122958
0.000909472
0.00175193
0.358621
0.00147712
0.000271303
0.00219545
0.000257199
0.00245365
0.00165502
0.00145983
0.00116696
0.000994399
0.00163541
0.00177251
7.48381e-06
0.00343003
0.00082696
0.00219646
0.00296257
9.33131e-05
0.000723965
0.00130096
0.0966861
0.00110646
0.000113439
0.00146483
0.000440361
0.00126556
0.000326891
0.00117803
0.00181268
0.00254862
0.000337945
0.00121013
0.00029757
0.000584707
0.00166157
0.00032249
0.0009145
0.00178184
0.00153873
0.000296996
0.000469323
0.00844864
0.000647051
0.00188472
0.000197109
0.000447697
0.00141945
0.000463163
0.000946192
0.00104061
0.00166699
0.00139556
0.0163252
0.000360303
0.000253096
0.000381393
0.367738
0.000628407
0.00064282
0.000893695
0.000352665
0.000418862
0.000552826
0.000278848
0.000159831
0.000434086
0.000673003
0.0011377
0.00106436
0.713106
0.000431454
0.000397959
0.000709436
0.000890648
0.00252072
0.000770229
2.93979e-05
0.00281556
0.000442651
6.5584e-05
0.000834311
0.00139986
0.00131078
0.000723118
0.000694175
0.00203119
0.000785187
7.73504e-05
0.000298135
0.000819855
0.00215733
0.000502213
0.00249463
7.88455e-05
0.000304086
0.000801778
0.000906387
0.00118845
0.100069
0.00064601
0.00209682
0.00182277
0.000391078
0.00192808
0.000434651
0.0008576
0.00111915
3.13649
0.000964034
0.00198787
2.16979e-05
0.000226096
0.00117614
0.000839753
0.000276042
3.69289e-05
0.00114925
0.000255726
0.00209091
0.000662765
0.000274662
0.00138221
0.0016023
0.000910142
0.000233541
7.19477e-06
0.00175555
0.000346244
0.000994105
0.000574029
0.00108906
5.92676e-05
0.00243793
0.00243594
0.00125096
0.00106056
0.00193524
0.000182537
0.000685553
1.3521
0.000542452
0.000718514
0.000317616
0.000409363
6.5579e-05
0.00115146
0.000113506
0.000469594
0.000844308
0.000361348
0.000284647
0.000861825
0.00246301
0.000209414
3.58519e-05
0.000237057
0.00184222
0.000173256
0.000589938
0.00156474
0.00156957
0.000205294
0.00103742
0.000687582
0.0040032
0.00198754
0.0012662
0.000208013
0.000595014
0.00293362
0.00353813
0.000477021
0.00132699
0.000237414
7.97709e-05
0.000530428
1.3929e-05
0.475179
0.000191079
0.000272328
0.000154566
0.00142793
6.45345e-05
0.000547623
