3.6359
3.55359
3.28871
3.64317
4.27055
3.51513
2.76936
3.25051
4.40407
3.26607
3.5601
3.12079
3.7476
3.06817
3.08266
4.18884
2.79695
3.22215
2.62271
2.89496
2.77286
2.87741
3.06444
2.87391
3.11222
4.12357
3.35572
2.66419
3.31196
4.77287
3.15185
2.63122
5.32049
3.38447
3.33204
4.55161
3.87675
3.40509
5.48791
3.08475
3.24297
3.05306
3.81148
4.20729
4.37737
3.35919
6.04425
3.89883
4.17606
4.8584
4.1683
3.50686
3.59915
4.78101
5.27767
3.63599
5.6253
5.51083
5.27385
3.72997
4.45878
4.61863
3.77646
4.49603
5.16568
6.07807
4.01633
2.58086
4.91575
4.8856
3.59453
6.93424
6.9153
6.37521
6.45592
3.94991
5.82616
3.98344
3.39561
6.60845
2.27725
4.81663
3.68781
4.50809
6.10108
5.02081
6.7926
4.07528
6.42747
10.6767
5.77115
4.20652
10.3955
7.24976
3.97521
5.39883
8.56212
4.231
8.94468
10.3741
4.47362
5.69847
8.4266
10.6493
6.3601
6.03343
5.63471
6.74467
4.87562
6.35281
4.78075
3.80689
4.22355
4.80011
6.29598
4.67005
3.45439
4.61369
4.73461
3.21529
5.29405
4.01723
5.33751
5.49393
4.08324
5.58119
4.13629
5.17017
4.833
4.53155
4.45804
3.50206
4.42053
6.46165
2.95123
3.49903
2.44289
10.3989
2.58732
3.34115
2.45017
3.33454
2.72053
2.77733
2.47226
2.59522
4.03548
2.56659
4.01358
4.61898
2.45943
4.64521
2.46493
3.37731
3.6171
3.79956
3.24024
3.4045
3.67993
3.13145
2.4361
2.87051
3.81698
3.93666
2.37977
2.66908
3.00881
3.63097
5.55458
2.7423
3.53144
4.08505
2.91984
2.90581
4.94001
5.40574
4.59091
3.06688
2.92874
4.64533
2.81241
2.29055
3.05801
2.67385
2.74088
2.55228
3.22347
5.38245
5.17162
3.81879
3.16597
3.80329
5.09147
2.79174
3.25472
4.14973
2.78309
3.14858
3.1247
2.82707
2.90702
3.34035
4.00716
4.17889
4.02033
3.09169
3.22055
2.78367
3.41423
4.85409
4.1074
3.5357
3.19579
5.28628
4.65405
4.15975
4.00224
4.91119
4.50654
3.79497
3.69967
3.62322
4.67119
2.69099
3.3322
2.68964
4.75972
3.36111
2.78366
3.50916
3.36561
2.92512
3.00313
2.90692
4.34067
3.73644
4.14463
3.12019
3.87851
5.1074
3.50252
2.65784
3.3083
4.76045
4.05437
4.41869
3.60179
2.45523
4.09468
3.7519
4.1257
3.82937
3.79168
3.23753
3.67404
3.95922
3.32837
3.81233
3.9542
5.4656
4.53579
3.40455
6.48644
3.27377
4.09624
3.03739
3.13779
5.66105
3.25365
4.42756
2.63532
3.64008
3.44159
3.78677
6.99175
3.63746
3.11896
5.20407
3.41775
3.0558
6.88965
2.66379
6.62556
2.75195
2.59598
3.06738
3.40336
5.02766
5.02923
3.3082
2.61416
3.2944
2.59039
3.59036
3.6824
3.57105
3.2005
3.3156
3.18795
3.01899
2.94451
2.55912
2.32845
2.46091
4.00194
3.28139
2.58237
4.99572
2.64202
2.91185
6.02885
3.80309
4.60694
4.75137
2.34086
3.40048
2.82162
3.09056
4.00322
4.57029
3.17874
2.84523
4.51272
3.14466
4.71154
2.68323
2.70074
2.58698
5.23482
1.74661
2.63035
3.0833
5.02458
3.00902
2.55247
1.81448
3.60925
3.69233
2.8047
2.57451
3.66227
3.51611
4.23305
3.0202
4.51509
2.84236
3.04911
2.54264
3.11132
4.06002
2.80683
2.4351
2.7337
6.15461
5.85172
2.6649
2.7481
2.7951
2.83038
3.84361
2.94516
3.29381
3.05401
3.59616
3.81702
2.86692
3.32977
3.47996
2.63196
2.66529
3.16518
4.5929
2.80221
3.26226
2.75864
3.88051
2.81719
2.76629
4.10137
3.23738
2.88421
4.05932
3.20766
2.53871
3.47663
3.51058
3.99361
4.1952
2.4567
2.76688
2.52696
5.12478
2.90306
2.95199
5.36204
3.27648
3.29514
3.40951
3.40169
2.99389
6.08821
1.91305
3.49315
3.36906
3.02281
5.49023
2.98944
5.70754
2.61836
3.1869
3.10963
3.19334
4.08074
4.65569
3.80811
3.24451
3.34488
3.1231
4.42737
3.48485
3.70042
3.21467
3.81109
4.8866
1.82642
4.10101
5.0517
6.42809
4.94062
3.9122
4.37197
4.72296
4.378
4.79005
5.98497
4.24647
6.44707
3.68183
2.81926
7.12768
3.91697
3.75221
4.68078
6.37633
3.62756
6.07773
6.97011
5.80817
5.65276
4.58719
6.72775
7.86385
6.02763
5.7649
6.21982
3.02209
2.31697
2.99174
3.01032
3.07169
1.93828
5.87614
7.65141
12.3131
4.13086
4.04551
15.3616
8.94147
5.20654
7.17491
5.52648
11.7018
11.9198
8.55651
14.2812
7.49443
17.4662
8.74994
7.30012
8.31804
16.5154
12.6344
15.3227
11.0282
13.029
9.3897
15.2951
13.8145
17.0185
17.9798
20.0694
23.0568
17.7157
16.4837
19.6458
16.3723
13.903
12.479
2.86583
3.41931
3.15484
2.94552
3.83021
4.30992
4.04762
2.80563
4.90044
2.5369
2.75352
2.85499
2.72639
4.71674
3.21218
2.50878
2.474
3.24325
2.55309
4.64516
2.6809
4.15348
3.55234
3.21344
2.2214
2.87801
2.4583
3.18715
3.14037
4.28357
4.88586
2.81096
3.28056
3.00037
2.94644
3.52126
2.7724
4.45771
3.0727
2.34692
2.47494
3.123
2.64668
2.77154
2.86294
3.81923
1.96328
2.08238
1.99951
3.24207
1.75549
3.47274
2.7243
2.99723
3.14085
2.63258
3.61898
2.62234
2.63349
5.2949
2.79317
2.74994
2.39514
3.84038
2.82065
3.7199
5.05994
4.77911
3.89491
3.78832
2.53952
2.90983
2.76746
2.73831
2.33458
2.94143
3.54059
2.5439
3.5032
2.90872
4.02307
2.62905
4.41191
3.11913
3.28659
3.41952
4.00898
3.09239
3.55541
4.14742
3.43296
4.97655
2.77024
4.15578
2.61599
5.77805
3.40355
3.70148
4.71749
3.16735
3.91271
4.04487
6.22169
3.51936
5.07413
3.83075
3.77677
4.62298
3.96817
2.98009
3.14825
3.53583
4.22258
3.90783
3.9052
3.82011
4.3135
3.69429
2.8423
3.21768
2.09267
3.89983
4.29057
4.0365
3.81108
5.01674
3.98379
3.70735
3.46144
2.95761
4.03923
4.88788
4.52912
3.76132
4.89488
7.09379
3.94389
4.46094
4.32878
4.27431
3.46914
6.31397
4.08735
4.33561
5.25199
4.32471
2.88072
2.79407
3.07104
4.70089
1.89374
2.02839
4.00825
3.73263
3.2661
3.61121
2.40959
2.3344
1.27413
1.13635
1.17999
0.99717
1.13094
7.38899
11.6576
7.08386
11.5193
10.2357
3.7396
5.99188
9.60371
8.56575
3.20331
1.32662
1.28672
1.72987
1.2049
0.876627
1.09568
1.3128
1.09581
0.900272
1.31985
0.961576
1.09991
1.12883
1.57109
0.80484
0.929919
0.881829
0.826623
0.760051
0.792158
0.737706
0.948437
0.940546
3.6128
7.9045
5.44461
1.60811
1.19771
1.18044
1.2701
4.07291
5.23971
5.66372
3.02596
4.74747
9.51906
3.59424
4.22479
3.38666
4.96633
3.8306
3.54613
4.85776
8.29374
6.98803
2.43376
2.81932
2.09371
2.79481
3.96484
9.46746
4.1852
7.50202
5.16058
3.26142
3.53885
6.37974
5.6015
5.6729
5.21578
5.04814
5.7938
6.18104
4.55504
4.62128
4.63529
4.58821
5.42201
4.76894
4.51041
5.02176
5.14982
5.64012
4.50832
6.4332
5.56917
4.5052
4.78529
4.90053
2.47603
2.37133
6.27708
5.10761
6.00911
5.31025
5.54549
6.14042
5.92557
5.94896
6.66632
6.14762
7.98488
5.52847
7.88611
6.36254
5.6268
4.23787
1.44915
1.43314
1.92086
1.21793
1.77031
1.36595
1.57889
1.28348
7.29428
7.50609
9.93807
8.06506
4.06373
15.1358
12.9343
11.4355
10.628
9.20282
11.9765
12.7048
6.69118
15.2259
11.0271
14.0403
14.3432
8.56453
12.6429
10.3066
10.8299
10.9141
7.27402
13.9361
12.5601
11.7009
10.5536
12.1136
8.08952
10.8958
14.4552
10.5177
10.9822
13.4332
13.5057
14.1493
11.0966
11.1102
11.6125
11.5079
13.3173
14.6488
1.97191
0.793962
0.868019
0.983194
0.807843
0.997836
1.01434
1.03665
1.06044
0.921613
1.1996
1.3472
3.36995
1.14656
1.00852
0.90211
1.4985
2.00188
1.46132
10.1975
9.30124
7.22257
8.10227
10.075
5.6478
8.11471
4.05947
10.4629
8.84678
2.56289
4.71165
1.39682
1.13598
1.0223
1.53041
1.29489
1.12203
1.31887
2.40238
2.40345
6.60803
4.47449
3.75727
2.52237
3.18369
4.41932
6.19283
5.70369
4.7683
2.60186
4.68573
4.86916
5.64217
3.91757
6.30754
7.97077
9.2071
8.17722
4.72269
6.19417
6.22544
1.48756
0.96239
1.47601
0.935833
1.23769
1.18965
0.732254
0.835355
0.841874
0.805621
0.869288
1.62948
7.92993
6.29599
6.67928
9.98667
7.04934
9.20587
8.68479
4.78653
4.00886
10.0455
8.79072
9.42803
5.47379
4.62483
9.21481
8.18327
9.78034
5.56611
9.25524
9.54917
10.706
13.8533
3.36094
1.33665
1.84194
2.53778
1.66351
3.22687
5.62649
4.30527
2.34819
2.94732
3.28875
3.39517
2.88227
1.58522
1.11741
1.07287
1.8133
1.21168
8.04961
9.92749
5.16107
7.51338
7.98889
2.69298
1.86966
1.78319
1.66675
1.46079
1.1805
2.91436
2.53226
3.99378
2.42
10.3439
6.7495
5.59262
4.40051
11.1079
6.7301
8.72861
7.78111
7.19332
7.59151
3.5865
6.25667
7.38791
6.52058
4.78983
5.83416
9.44851
1.52283
1.4205
1.72654
1.99043
3.03274
1.46285
1.20542
1.65454
1.36807
2.6145
2.41854
1.75419
6.75972
6.07899
4.86986
6.91843
6.2797
6.95562
5.3651
5.18855
5.22105
7.01606
4.34337
6.9134
6.52652
9.2796
7.18762
4.5514
4.78681
7.07085
5.88648
6.85783
6.8465
8.66077
5.95654
4.39829
4.20417
4.51038
7.46361
7.77534
4.0631
5.02962
8.96178
8.5459
6.75
8.14699
6.71863
6.27878
6.05606
3.88129
3.34765
4.54774
6.02659
5.97144
3.55036
4.31022
2.55034
2.86462
2.96121
3.14354
3.04538
4.34708
6.65139
5.46435
3.03183
2.9887
3.20434
3.59501
6.99786
6.43453
4.79528
5.60727
3.09111
2.91986
4.30763
2.73775
2.73706
2.94812
3.41426
5.40567
3.08608
4.57139
4.25347
4.61291
3.57701
3.16951
3.85923
3.96554
3.50338
2.79644
3.78294
4.43701
5.06335
5.56275
4.43114
4.57166
4.2294
3.00609
4.324
4.09672
2.41671
3.32368
5.12939
4.32601
3.48338
3.49686
7.10808
6.03277
2.61062
5.01795
3.11426
2.6663
3.85534
4.21655
3.34186
3.9957
6.77007
3.59665
4.85429
5.28481
3.78482
4.05005
6.78296
4.03959
4.16467
4.24291
5.36545
5.637
4.5772
4.1386
2.92645
4.30771
5.74354
6.28476
3.06766
7.19593
5.98138
7.82678
3.18582
6.18042
7.71696
8.19943
4.45358
5.16885
8.36467
6.35927
5.4282
7.05563
7.12458
8.47412
6.10585
4.62192
1.57732
1.50243
1.57889
2.18663
1.76567
1.39114
2.33047
1.88968
2.15838
1.73998
1.5919
2.55523
1.65568
2.16973
2.39374
2.42164
1.99957
1.52821
1.67605
3.55314
5.62081
4.91211
5.66445
6.54004
8.06388
6.64909
5.67783
5.39997
7.0988
8.93373
4.56157
4.77568
5.30803
8.03162
7.01063
7.27035
2.76294
1.92753
1.30677
2.44385
1.47266
0.954118
1.34694
0.899399
1.1513
7.82074
8.80946
5.51138
6.44338
6.09679
2.1236
2.95809
2.00791
2.93005
4.28525
4.09354
6.98898
9.59111
2.92608
3.22265
1.5987
2.96044
11.9348
11.2662
1.22857
1.12868
1.11307
1.52626
1.56872
1.08059
0.90783
1.01258
0.774951
0.816385
1.7342
2.02477
1.00419
1.15345
1.5344
1.15121
1.695
1.49794
1.34731
1.177
1.07648
2.56369
1.00711
0.951829
1.09781
0.939978
0.901976
1.71898
1.5642
1.13542
1.00812
0.962954
1.39864
1.75893
1.02065
1.25385
1.95148
1.14873
1.30203
9.18244
5.57835
3.22308
7.58919
5.18782
8.7716
5.63467
7.92074
4.95249
5.59884
3.20175
6.07522
5.06419
2.76455
1.87252
1.48246
1.27016
0.972672
0.944073
0.878056
1.25128
2.12843
10.2109
6.06271
8.60337
7.20579
8.32678
4.38659
3.59519
1.25479
5.9495
5.37703
6.60034
4.18204
5.06175
5.7234
6.92818
6.41574
5.83283
5.85946
4.82377
5.44018
5.03899
4.56553
3.10672
2.56807
2.78722
5.83565
2.78254
4.02656
4.9773
5.22959
3.62841
7.39645
3.82215
6.17482
7.54875
6.43553
3.93763
7.44514
5.52608
7.04795
2.83745
1.8064
1.37813
1.22208
2.02542
4.56744
4.56987
3.91352
5.82316
9.13924
12.4975
8.19779
17.8734
8.5208
5.33435
5.50125
8.58366
8.11212
9.76186
9.02471
14.6215
11.9949
15.2361
20.2993
13.9254
12.9196
18.4507
14.3092
18.2637
16.2315
18.4602
14.3752
19.8459
10.3742
14.6986
9.14768
10.1837
13.5611
18.3696
14.907
15.9303
12.7534
18.6828
22.2107
16.6882
17.4856
10.3329
15.3479
20.5726
13.4674
12.9488
15.6721
21.0065
20.2803
22.3994
19.6404
19.7798
13.1747
13.8305
18.6458
13.2602
16.6612
14.0019
8.81915
8.15622
10.0432
6.50036
8.35201
3.95072
7.87131
7.60211
5.95002
5.60941
7.06396
5.18661
2.6913
3.35428
2.56361
4.04438
3.59582
3.5789
3.31149
3.57514
10.9742
11.5976
9.13409
12.2039
8.22988
13.0309
11.1064
13.0245
11.792
2.20501
2.50171
3.63784
2.40335
1.25774
1.58969
1.79669
4.51861
2.49713
1.74909
2.80723
2.91105
8.39345
8.62399
8.38032
8.586
7.46265
3.99741
2.97822
2.01994
1.09566
1.02631
1.01594
1.0108
0.866518
0.739834
0.732798
0.826514
0.826394
0.786188
0.761801
0.828667
0.744968
0.673039
0.817276
0.760444
0.846088
0.869305
1.0559
1.03903
1.10854
1.1659
3.17458
1.28908
1.45301
8.17986
2.28858
1.52873
11.0771
10.6379
6.4543
11.1654
8.12244
13.1765
12.5216
4.59851
9.21693
3.98096
3.52658
2.68048
2.68321
2.51433
3.26543
3.27768
3.43808
2.67626
2.7463
2.51516
2.50436
2.42586
2.84761
2.9047
2.38126
3.98375
4.33492
2.84941
3.5421
3.36684
2.32145
3.62487
2.28397
2.86862
2.74427
2.26592
1.18661
1.82695
2.77556
2.86862
2.74932
2.93854
4.16399
2.61869
3.61042
2.97676
2.8195
3.30733
2.07047
3.30116
4.42665
2.51461
2.73012
3.0147
3.19621
2.85559
2.41597
2.37278
4.49939
4.04624
2.53984
2.69071
2.78612
2.84401
2.22794
1.91448
2.51279
2.59685
2.47124
2.80024
2.94147
2.80473
2.9487
2.53172
2.56883
2.98744
2.35386
3.28874
4.46959
3.39793
1.82825
1.49693
2.28569
1.57442
1.61522
2.47816
1.9296
1.85587
3.01507
2.88744
3.28303
3.30377
3.89586
3.18208
2.82255
2.45934
2.2585
3.53047
6.3181
2.915
2.09916
3.05523
3.19027
2.91969
3.22473
4.32516
2.79899
2.50894
3.2165
4.43629
3.16528
3.07239
2.8185
4.06256
3.10354
4.43885
3.55353
2.55516
3.27409
2.66508
2.78094
2.64827
3.54567
3.58916
2.64824
4.73033
5.19573
5.92223
4.72534
6.77462
6.08058
9.25621
5.12535
4.91961
6.95679
7.96593
5.90149
9.22686
9.96857
12.1575
8.70454
12.2039
9.04219
10.6112
9.28362
9.45821
4.74761
3.9633
8.51783
4.22439
4.78441
5.14607
8.02641
5.55006
5.11804
5.8769
3.06834
6.84808
7.77754
7.43395
5.23545
3.67415
5.65421
6.38806
6.46777
1.83149
1.7839
1.85432
1.58082
1.75406
1.64355
8.67075
1.8117
2.43792
1.48114
1.42416
1.09972
0.946241
0.897021
0.926936
0.845318
0.913821
1.0679
7.72808
1.12141
0.837584
1.11544
1.11919
6.23396
9.39041
10.1178
8.89443
10.6111
9.0532
10.9452
4.83626
3.15047
1.92367
2.42694
8.05655
7.07976
2.44709
2.37976
2.94212
8.99336
8.50961
11.366
2.29523
3.68302
3.88193
4.8909
5.12763
1.3911
3.85881
4.72554
2.06982
4.64396
4.96341
4.6778
2.45729
1.54892
0.86858
0.769449
0.828492
0.906958
5.23762
4.92715
5.87823
2.11388
5.30253
4.74339
3.37106
3.53863
8.33408
8.90711
4.61672
4.06449
4.6369
8.09445
6.83529
4.75093
7.21233
4.95483
8.25396
7.87068
10.472
5.58453
5.85241
5.43538
5.53322
3.76178
5.59845
2.9522
2.60873
2.93245
3.09473
2.29203
2.18585
2.85477
2.54637
2.46462
3.5772
3.00299
4.73897
2.52781
3.04854
5.53879
4.12873
2.9466
2.74109
3.91602
4.38713
4.72128
3.78833
5.13784
3.07361
4.57863
5.11731
2.35775
4.26477
3.90151
3.02386
3.49381
4.0979
3.57359
3.97242
3.24136
3.88302
3.05949
2.96878
4.12257
4.83579
3.30486
3.74031
3.02006
3.02469
3.52701
3.05073
4.07403
4.18904
3.69415
4.06601
4.52119
4.67463
4.17695
3.26442
4.95427
4.86007
5.51317
5.7824
2.71087
5.1591
3.60888
6.37966
5.05296
6.42608
4.62241
4.62555
5.2301
4.43
7.20358
9.58767
10.9241
10.321
7.5213
16.0048
9.29323
9.224
8.65
6.14907
4.43043
7.06576
5.30632
3.8811
5.85065
9.1821
6.57658
6.17164
12.5282
1.5039
3.25611
2.43649
1.86878
1.04684
0.994925
1.02545
1.2945
1.18087
0.927419
1.02775
1.25086
1.37401
5.31922
5.44544
6.61591
3.83456
5.80249
5.47299
3.83638
5.19416
5.59062
4.2776
4.18953
5.19875
3.81803
4.64435
5.3035
4.55959
4.9668
4.30468
2.61962
1.23116
1.59205
2.92963
1.51177
0.951498
1.173
1.06585
1.14212
1.42196
1.01426
1.70522
3.56151
0.937965
1.5078
1.16503
1.05395
1.04183
1.58922
1.04839
7.27491
1.96424
1.52407
2.201
1.26195
0.98078
0.800918
1.00918
1.02427
0.7879
1.05303
3.29463
4.57755
7.11566
5.39434
7.92605
6.60726
2.94614
2.7012
8.64867
6.61281
8.16244
6.17096
10.2564
8.0022
7.90887
2.1847
7.09519
2.72744
4.53009
2.36209
2.7222
3.5318
4.87529
2.42256
3.01364
4.44182
9.68213
6.3092
4.64703
9.45625
11.7534
9.06925
12.1374
2.96337
1.52522
11.4403
7.29286
10.0224
3.01517
1.26573
1.35871
3.37352
2.40546
11.9955
10.8068
4.95132
5.58093
8.00684
5.38317
5.65056
6.86396
4.44586
4.93897
5.05501
5.58426
3.98449
4.42878
4.39529
5.13746
5.80545
5.66029
6.17859
6.70498
5.73052
5.59064
5.27162
4.74588
5.16892
8.34504
4.29781
4.64901
6.04163
4.93638
4.01081
5.1425
6.75841
5.34462
6.02978
7.2607
3.92607
6.28245
5.73087
4.84902
4.89724
6.5471
3.69659
4.21208
4.50339
3.40088
4.49228
3.89514
9.41757
4.99543
2.89289
2.35004
2.0418
2.32105
1.83507
2.23784
2.54536
2.2154
4.35553
2.83503
3.41259
3.51934
6.10422
6.75881
2.46685
2.67262
4.62998
4.55544
2.54141
2.71612
3.91909
2.90069
3.14285
4.22034
3.54141
2.56947
6.29589
3.00926
4.15658
3.12631
2.42364
3.9617
2.61458
2.74612
3.08891
2.81331
2.63315
2.70904
2.44778
4.16798
2.65993
2.39294
2.69276
3.8679
2.53266
3.1698
5.11728
3.23006
4.39266
2.87206
2.94266
7.469
4.1744
3.22875
2.95279
3.09548
2.5265
4.75664
2.61871
3.16769
4.25279
2.79672
2.60813
4.2207
3.93698
4.66234
2.70705
3.3391
3.55222
2.8026
2.77134
6.99055
2.19923
5.64566
3.16207
2.52995
3.03524
3.31187
2.10785
4.03625
3.1921
4.72932
4.89585
3.38603
4.72726
3.29728
3.36247
2.81633
4.01761
2.49214
3.73897
3.46297
3.955
3.52694
3.28399
2.37733
4.487
3.62763
3.31989
3.38453
2.99659
4.0033
4.04138
3.77584
4.09362
4.74323
2.22763
3.01254
3.35409
4.46872
3.71439
2.71992
2.85786
2.79303
2.69479
5.72285
5.25474
2.67764
2.4252
3.13403
3.06412
3.46401
2.66549
3.60166
3.61482
3.34799
3.38322
3.70697
3.18656
4.13697
5.57267
6.66936
6.02966
5.9234
5.20146
4.22272
5.3395
2.33501
6.02786
1.95338
3.72372
2.75667
4.1942
5.94007
6.55959
5.13311
5.90104
2.57234
2.87709
4.22792
3.04286
4.98141
10.2416
3.8585
7.45575
9.85631
6.5501
4.2105
6.51323
11.0135
2.16424
9.76217
8.64234
4.94647
8.79377
9.53209
2.16921
3.34736
5.65608
6.88343
6.2229
2.7263
3.29034
2.29034
3.09174
5.17705
1.69963
2.54285
2.20152
3.4599
4.21653
3.14885
2.48512
1.94427
2.33076
1.4629
3.94939
2.46045
4.76164
2.35007
2.53175
1.61486
2.39011
1.62675
1.5718
2.34868
5.28387
4.85805
6.23608
4.69913
4.15806
5.8068
6.04491
5.39244
4.58838
6.02519
3.36746
4.84986
7.77505
4.74565
7.69754
6.90504
7.23652
8.64097
6.33564
5.12175
8.16952
5.93751
7.3632
6.25748
5.77075
5.43784
4.79807
5.67907
3.83161
3.38317
3.55131
4.24411
3.06593
4.02159
2.40543
3.77173
3.15139
4.71845
4.46212
5.94959
6.1616
3.3624
2.62158
3.43653
2.74169
3.43382
2.97573
3.03367
6.10691
3.64282
3.27219
3.01475
3.87912
2.37198
2.61462
3.79638
3.4526
2.86359
2.85615
2.91047
3.12951
2.50926
2.62653
3.05888
3.34658
2.78476
2.1475
3.37984
3.30318
4.27099
2.81422
3.0526
2.38247
2.45055
2.3518
2.49035
2.4749
2.26836
3.07175
2.73679
2.93469
2.66362
3.17213
2.46553
2.96417
2.61819
3.05061
2.78615
2.4068
2.46415
2.43795
6.61596
3.98755
2.75795
2.81474
3.12566
3.52784
2.55706
3.71063
2.80669
3.97652
3.61481
3.16962
3.14306
2.79354
2.43634
2.9912
2.59845
2.57834
2.81076
2.37186
2.41884
3.13467
2.66249
2.37727
3.01512
3.34947
3.07714
3.11849
2.6408
3.15102
3.01111
3.32572
2.58783
2.66847
3.00641
4.00536
2.55703
2.67921
3.92657
2.8613
2.56204
2.63
3.29686
2.42234
2.35905
2.96889
2.81673
2.89094
4.35522
4.97476
3.76898
5.06796
4.91949
5.46479
4.08173
5.97851
3.01415
3.64597
5.71226
4.75439
3.79589
4.74864
2.16052
4.85265
5.23093
4.62256
2.21277
4.39179
4.36825
3.43829
8.57997
8.67435
9.26723
2.38326
2.94989
3.99275
1.86948
0.922736
1.57894
1.20395
0.921966
0.99287
1.28246
1.21522
4.11992
4.17978
1.66049
2.3133
1.87854
1.17035
1.44576
1.28272
1.33491
1.23822
1.05152
1.99612
1.24788
1.68109
1.84986
1.95918
2.02786
1.68719
3.78446
1.963
1.19309
1.47572
1.38722
1.99794
6.15332
4.44242
3.26853
4.53038
2.54923
2.90529
6.77149
2.78973
2.94452
10.4249
4.67718
11.16
4.45391
8.26943
5.2647
8.19747
6.21188
6.16152
10.0971
13.0542
8.65836
2.47163
6.84662
2.02496
6.00648
8.63142
1.46903
2.91894
1.55666
1.79978
2.7855
1.8258
0.959962
1.8446
2.19969
1.9473
0.99585
1.283
0.884895
0.888031
0.903371
1.86239
2.25811
2.98408
2.49473
1.3019
1.60748
1.46509
1.54707
1.81735
2.53859
2.83613
2.80978
1.9701
2.98684
1.78988
2.15753
1.51571
1.44934
3.72643
3.06858
1.5036
2.11007
1.59274
2.56147
1.19407
1.25075
4.47374
1.06508
1.40676
1.85052
1.4063
2.68752
2.15639
3.83717
1.70646
1.3563
1.24271
1.24444
1.54551
1.22574
2.63003
0.947078
1.27193
0.828876
1.01781
1.07082
1.0732
4.52237
2.52895
1.33819
2.21829
1.44844
2.73076
6.87807
3.70014
1.7016
1.31723
1.49232
4.95433
5.80653
4.68927
3.25015
4.31729
6.38947
3.28076
4.96297
4.47443
2.59693
7.29379
7.71409
4.34901
4.82835
1.61088
5.0613
6.2183
2.57421
7.94329
4.22454
6.8383
8.14209
4.3115
4.60215
5.53508
7.81637
4.66083
6.52795
6.54105
5.16174
4.56801
6.72561
3.08404
3.61241
4.06415
3.70867
3.81626
5.06214
5.95178
5.3672
3.30382
4.13099
6.65748
5.45552
7.52998
5.13262
4.06753
4.47413
4.19627
6.92712
5.75964
6.26877
3.63211
6.64698
5.6829
4.40558
5.03819
5.12807
11.3945
3.96046
7.40083
8.29773
6.42058
7.43103
8.84659
7.65564
9.1197
7.63533
14.5824
7.437
7.51286
6.91122
6.26284
5.69984
5.75023
7.98259
3.22936
2.48866
2.42303
2.41097
3.71575
2.48842
3.01948
2.65467
2.52895
3.19357
2.85171
2.89987
2.50142
2.63191
4.20723
3.12002
2.56056
2.71746
3.76205
2.77893
3.65033
2.57713
2.9558
2.37006
2.78157
4.27778
2.25943
2.69213
3.00683
3.43041
3.22997
3.276
2.36446
2.97116
4.76503
2.919
3.65936
3.57632
2.67106
3.56263
3.71498
2.67592
3.05086
2.62282
2.8146
3.77996
3.26672
3.55989
3.27048
4.12933
4.19714
4.41242
5.20763
3.99533
4.63582
4.99146
5.52095
3.89064
4.35725
5.06408
5.50409
6.63533
3.04333
6.34576
3.94063
8.37171
5.07082
4.67769
4.89646
7.60739
4.60188
6.85557
4.73979
5.2011
5.40557
5.35971
4.39211
3.58167
5.30204
5.12456
6.62879
5.40626
1.15497
1.13506
0.955852
0.967756
1.0925
1.08727
1.85719
11.4959
11.7818
11.3959
7.82107
3.62079
14.6691
4.17197
2.74342
1.40899
1.06881
1.16834
1.53394
1.68363
1.32878
1.11932
1.14796
1.27388
1.64418
0.91712
2.81866
3.74357
3.8248
4.03457
3.6264
3.61097
4.43733
3.9004
3.53653
3.76895
3.34691
3.49339
3.31926
4.19595
3.71805
3.15733
2.70892
1.8238
2.31753
1.81711
2.26028
11.1201
4.14649
1.19601
0.876856
0.83633
1.1228
1.21455
0.955526
0.936134
1.20323
0.94993
1.81107
2.02267
1.16355
0.850822
1.39652
0.837578
1.2306
0.961185
1.34034
0.983717
1.49028
1.03765
1.27587
3.54347
2.9774
5.76036
2.48523
2.20533
16.9119
2.92178
4.42733
14.4702
11.8016
1.68231
1.10628
2.35535
5.00897
14.3285
6.79811
12.5583
1.29114
1.18335
1.23558
1.16327
1.13663
1.23167
1.02798
1.21213
1.01724
1.04928
1.03158
1.91939
5.18976
4.95859
3.84
4.22661
6.05096
6.37848
4.07109
3.54359
2.64744
2.80343
2.19304
7.17021
5.05937
4.88273
6.65292
3.20496
3.63585
3.32135
4.59119
4.41297
4.00538
4.04571
4.86634
4.70023
5.2534
6.24207
4.92167
2.23761
4.24223
4.25061
10.9827
2.89666
4.36679
3.25199
7.95098
5.14481
4.14809
5.92957
4.92653
4.16378
8.19886
6.4158
9.0135
11.5663
11.0439
7.85906
6.44569
10.2491
4.96892
10.5591
6.08552
8.85535
8.00265
4.86441
5.40352
6.63098
5.31879
4.87752
5.52299
3.85181
4.28137
3.19521
2.6454
2.46004
2.53833
3.05333
2.86072
3.01455
3.61359
2.57456
2.30686
2.82447
3.12988
4.46517
2.35577
4.92129
2.55993
2.2402
2.15719
3.95707
2.96003
3.71886
3.31254
2.34432
4.00042
3.30281
2.59688
3.09468
3.05314
2.52109
3.07597
2.15496
3.49022
2.40389
2.23023
3.43478
2.35316
2.58538
2.6671
2.62624
3.56212
2.90291
4.09068
3.14568
3.65013
3.54619
2.23668
3.52712
3.06139
3.35383
2.52013
4.60026
2.56393
2.43833
3.51441
5.16235
3.7542
2.91833
3.067
4.31428
2.95957
3.46976
3.4409
5.40821
2.68164
2.73789
3.09559
2.96373
3.18156
4.73271
5.66214
7.77622
7.45402
6.22178
9.0318
4.83187
8.1138
4.68759
6.97509
7.4188
5.20179
5.17461
6.66961
6.46176
5.02835
9.4803
7.4553
8.04354
8.50741
7.61925
9.35837
8.42028
2.59006
3.05051
2.79341
2.86593
1.56838
1.60041
1.35269
1.59981
2.22322
1.8222
1.56945
1.81459
1.0392
1.20686
1.46985
3.43884
11.822
1.48376
1.96504
1.31468
1.12837
13.9971
8.82151
14.5219
12.6596
12.6782
16.2032
1.48192
1.00083
0.966878
1.03243
0.969708
0.958423
1.22838
7.40798
7.94768
8.35741
10.8147
9.95136
9.1755
6.28393
10.6533
2.74729
1.37876
2.46779
1.11787
1.25423
0.976114
1.40631
1.10868
1.09569
0.979724
1.34183
0.926452
1.20151
0.963593
1.13057
3.76813
4.7194
10.0523
3.41939
3.63115
7.62561
6.18833
1.91003
1.43947
5.40239
3.96498
1.85112
0.974722
0.858988
0.871601
2.64558
6.54191
3.26508
3.40201
1.97031
2.96088
3.48115
2.67221
1.62582
1.88883
1.02325
1.00351
2.31931
1.05603
1.26919
1.96104
5.85971
6.5383
6.33458
6.87124
4.89816
7.64172
5.36201
2.75168
1.91184
1.01008
1.36061
1.71049
2.46824
2.49515
5.72793
4.07585
6.30778
6.35769
4.10968
4.23874
4.58054
3.69482
2.33621
3.21399
3.37934
2.05179
2.06574
2.5733
3.38481
3.086
3.69109
3.02055
2.63429
3.51394
3.33861
5.3969
3.60443
4.14604
4.85658
3.67323
3.52968
4.02157
5.97656
4.03769
4.12262
5.23301
3.16124
3.67503
2.86243
3.6209
3.22375
3.7348
3.06366
3.3276
4.97291
3.80415
3.82434
3.43477
4.06756
3.70376
3.63279
3.7229
3.8172
3.86419
3.41907
3.74083
3.63772
3.25557
4.23405
3.86812
5.17273
4.50906
3.95345
2.81504
3.93772
3.37402
9.37805
4.35274
3.54149
6.79827
5.23303
4.94974
5.24239
3.99882
1.81369
7.69101
3.29561
3.56069
4.3545
6.70997
5.07828
4.14618
2.53041
4.90655
6.69474
3.56661
7.293
3.22449
7.75765
8.71676
10.1515
13.1174
8.02635
10.3657
8.70453
6.30657
5.88449
6.75561
6.25835
7.28079
8.6311
6.28327
5.06766
4.67981
5.83475
5.23327
3.74127
4.29295
4.19714
4.64279
6.61369
5.77101
5.04816
4.20039
5.47275
7.26553
6.2558
6.57003
4.83929
4.20627
4.4957
3.66498
4.86003
6.08554
5.92315
3.71574
4.85678
7.65815
5.1125
4.68441
4.53344
4.68225
5.56115
4.93109
4.69939
5.69329
4.78327
6.21831
4.90952
7.35947
3.84137
3.78292
7.96499
3.90395
6.47501
3.74902
5.93677
9.18822
10.7592
6.38157
4.93492
12.9981
8.59139
5.76639
6.06836
6.38383
6.66436
13.0068
3.35907
2.29332
3.72338
6.0469
10.3703
10.3113
2.17661
2.57749
3.89301
2.07389
1.49299
8.57091
1.51915
1.49778
1.44044
11.7815
9.36819
8.52503
9.27904
7.21111
3.05741
2.63644
1.16818
1.70397
1.40771
4.17333
2.37027
1.31271
1.27466
3.31267
3.66467
4.07511
4.28819
3.92565
3.96017
2.78114
4.64785
5.17759
3.2152
5.17481
3.68791
4.59551
4.52426
5.74038
6.09974
4.84733
5.70538
6.26923
3.73597
7.02206
4.23401
7.72086
6.17946
5.43364
3.78988
6.59472
5.19824
5.13096
5.5422
5.24549
8.57669
4.7408
5.82229
7.19823
6.38599
6.68797
6.04601
5.27231
6.35079
7.85919
5.8269
9.79513
4.74185
7.23698
4.90833
4.91425
4.06002
3.48198
3.09713
2.3913
2.67091
2.37433
2.59687
2.71836
4.1473
2.84295
2.60189
4.50991
2.33525
3.42356
2.77725
2.99568
2.39197
3.00703
2.60918
3.01748
3.10365
4.60239
3.04422
2.73259
2.80119
2.74135
2.62215
2.59709
2.53294
2.39016
3.09736
3.29508
3.1685
2.49406
3.08075
2.97854
3.08205
3.45103
3.72319
3.47783
4.58979
5.79639
2.32117
2.73185
5.57855
4.75375
4.4991
4.31782
5.61476
2.71029
6.81121
7.77995
5.7898
7.08319
8.23299
7.64729
9.57637
4.33174
6.60212
9.09702
4.75907
4.24799
3.8998
5.01448
3.01399
3.32067
2.59595
3.54307
10.7537
12.0414
14.3895
10.9958
9.28184
8.30847
10.2248
8.48258
9.80278
9.33696
10.6558
6.82997
4.98313
4.59388
9.22442
9.75377
8.55634
5.98153
10.1659
5.89772
6.10653
8.46578
8.86582
5.69368
5.23718
5.07649
8.4503
6.60315
8.25926
4.98798
4.2809
7.86413
5.97719
8.15542
13.3067
14.1013
14.4579
12.0768
11.9153
3.56595
5.36407
4.55777
10.2766
11.1703
9.869
4.93312
1.60288
1.85154
11.1704
11.0457
11.7368
10.2851
6.46259
1.86763
8.09145
7.68756
4.11168
5.15413
6.30403
7.08151
5.77812
5.35484
5.71825
5.7206
10.9407
5.17553
5.6878
5.11818
6.3105
6.4012
6.61531
7.08414
8.38423
5.70457
6.80892
7.43756
6.72424
6.97717
9.11251
11.2881
5.58334
6.86985
6.8849
7.17307
9.4886
5.02528
9.8168
10.153
11.884
10.8715
9.98628
9.83395
6.42536
11.5228
12.1239
11.8429
9.76617
9.3328
12.2582
6.46634
11.6604
10.2827
9.92371
10.7136
10.4469
10.47
7.42392
9.8754
3.56037
7.4951
7.56886
9.00992
7.66996
6.31472
5.30746
6.43083
5.24374
6.27142
7.26505
4.22046
5.32331
5.69781
3.37455
5.62103
4.08977
3.79982
5.8188
3.40892
5.34969
3.13538
3.75683
4.51368
4.08915
3.65807
4.07135
6.21946
3.51545
6.5236
5.56062
5.1933
5.99439
4.26329
5.30089
6.48538
4.5006
4.8648
4.22009
5.90602
5.92035
5.06224
3.59831
11.4329
3.75786
3.35786
3.48648
5.8562
5.72468
4.85585
4.169
3.40445
3.32837
3.23829
8.52082
5.78395
7.55135
9.23112
7.08172
9.33145
8.33971
5.21136
6.43728
6.09998
5.03103
5.12201
6.46467
4.90975
2.4836
4.55198
5.22413
2.86237
5.20817
5.30032
6.71351
3.48408
4.54856
6.53432
6.88447
6.4585
6.90883
3.47365
7.282
3.48793
3.84568
5.93482
8.1556
2.40267
3.72711
5.23893
12.0081
2.32603
6.49917
3.19087
4.18328
3.72091
11.1295
11.0576
13.0223
15.4603
14.6626
5.76862
10.5206
5.35636
8.64459
8.53723
4.24463
5.89545
11.3261
7.7209
4.53835
5.82337
6.00063
6.3089
5.67239
5.93327
6.38618
1.18256
2.31933
1.28895
1.47831
6.88799
8.05872
7.86498
2.4477
1.34164
4.00074
8.89144
8.39733
5.96574
4.5617
3.32838
3.07206
5.77885
3.50754
6.97865
8.52413
9.66795
10.76
4.99042
4.6842
11.0818
11.636
12.1052
9.92651
4.61648
3.58999
2.46027
2.76692
9.32949
10.6228
5.54314
3.32842
7.46104
4.69863
4.78771
5.79924
4.0791
4.847
8.96448
8.49285
5.07072
3.91795
7.17667
7.63587
6.86862
7.28146
4.76502
5.27331
3.83722
8.66367
5.73409
8.43922
6.39072
10.521
9.10526
11.119
11.4733
9.81517
10.8078
9.70395
9.01288
8.54268
11.0385
6.12396
4.66034
4.97944
8.47612
4.20234
5.41403
5.52443
5.93263
5.59374
5.15589
5.99088
4.4221
5.61922
7.29298
2.45927
2.31544
2.86561
5.90424
8.99367
5.51359
4.72897
3.82259
6.89166
2.84005
4.36818
5.54076
6.75051
7.34483
8.49535
7.2187
4.56497
2.31187
5.3318
9.99396
7.23842
7.11887
6.43233
14.7453
9.59101
10.0653
10.1633
8.27907
8.32872
5.95772
11.1813
8.9303
10.9153
10.6491
22.2609
25.0068
22.5583
21.7085
11.1436
19.394
24.0962
25.4166
26.2712
17.9428
22.1294
11.2189
11.3549
8.87197
13.7422
5.25097
5.99972
5.76611
4.75955
5.19497
4.86926
5.12158
3.35125
5.25752
3.78489
1.95893
9.9085
1.92546
4.31549
4.97105
5.19823
6.26059
5.27709
4.8834
5.33345
5.44187
5.99796
6.42577
5.01019
4.88364
4.24813
3.10475
4.07735
2.45554
3.18724
3.16355
2.79564
3.13369
3.21413
2.04629
2.98972
2.5671
2.71161
3.30328
3.0559
3.00651
2.4518
3.10516
4.65366
3.25363
4.47218
2.61277
2.51852
2.38298
5.09509
5.05445
3.19959
4.58732
2.71606
2.87467
2.85465
3.22988
2.99378
2.88595
2.39795
2.71649
2.43234
2.61608
3.13739
2.77019
2.71266
3.05668
2.53473
2.93831
2.50625
3.74425
3.46673
3.20225
4.23624
3.22592
2.50765
2.90466
3.06441
3.06737
3.57282
3.23599
2.88958
4.47909
4.76776
2.83068
2.49287
4.44099
3.38783
4.01741
2.99709
5.05595
4.63651
2.96784
3.45168
3.52199
3.89028
3.03694
3.3555
3.56824
3.8735
2.56985
2.64515
2.50035
3.90208
4.11308
4.3433
3.26149
2.6841
2.66059
3.53557
5.55494
3.98777
3.52296
4.735
4.2077
2.67834
3.38257
4.13773
4.2893
3.96198
3.74199
1.97247
4.46658
4.03327
4.81044
3.71428
4.34029
3.64712
3.58142
6.02982
4.91302
5.99773
9.17975
5.70952
7.02751
5.36072
6.87433
6.96996
5.10515
8.0545
6.19599
8.26191
5.63382
7.04571
7.89283
6.67223
5.6712
6.81445
5.87286
4.84521
6.89075
6.36939
7.80075
7.26467
7.53213
5.46149
7.10487
9.25909
8.68751
8.74315
10.0634
13.2486
3.94637
10.906
13.1052
11.3488
5.20928
9.58019
10.2247
5.49568
15.2304
5.98895
9.54999
7.46415
2.58544
2.54792
2.78121
1.62717
1.54269
1.34979
3.54074
2.47943
1.54371
1.8788
1.81179
3.028
1.26358
1.48225
1.5653
2.19211
1.82173
2.11616
2.18014
1.29551
1.5751
2.29134
1.26143
1.093
1.06348
0.979872
1.04678
1.09274
1.15418
0.922595
0.917152
0.848209
1.17402
0.943653
1.18484
1.15996
1.25616
2.06716
24.2755
21.1998
2.97056
11.8556
16.3724
19.7973
25.9338
23.3633
23.2398
24.5863
18.0842
17.2313
22.2177
24.7293
23.2586
47.9196
50.3528
26.633
24.7528
21.5225
39.9407
24.534
16.2749
25.3603
21.732
14.7765
21.6704
22.5787
25.3328
24.846
22.2963
22.0839
27.031
20.1395
24.4045
24.9193
21.5832
18.2159
17.5572
11.2125
10.4246
12.9399
7.87635
7.25072
4.54947
6.44574
6.59059
7.38297
6.27216
4.38396
5.62713
5.19038
5.86815
7.11344
6.41026
5.88929
5.48823
5.72026
5.43575
5.86467
3.59188
5.49086
4.90783
5.52875
5.00836
5.40198
5.54778
5.38746
4.70491
3.48011
5.26198
7.22265
5.15253
7.40886
5.81344
6.27113
5.4305
4.7561
6.03838
3.89406
5.70487
6.04676
6.69532
6.9433
5.61825
5.46698
5.99604
6.38919
5.55424
4.31124
5.11902
8.63846
8.63617
7.19332
5.35402
8.00967
9.12983
8.42258
6.42723
10.799
10.1436
12.0457
12.0539
14.0031
9.8739
5.12028
8.19549
7.5362
11.2477
11.6025
11.4455
8.50537
10.4384
8.12316
9.26793
6.31556
5.63195
4.08613
5.6673
3.03324
3.40283
3.65507
2.94764
3.41691
3.79976
2.64619
3.91043
4.02147
5.16562
4.7612
5.55188
2.3198
4.57076
5.49069
3.79196
3.58295
5.12656
5.22863
2.93261
3.39261
3.55182
3.21517
3.58443
3.87781
2.50718
5.12825
2.81993
3.53288
6.35447
4.0977
4.54296
4.17439
4.87805
4.28958
7.27821
4.68975
4.41999
6.41505
4.76225
5.85049
4.00749
5.35553
5.60083
4.10427
4.85753
4.16521
3.11959
3.25576
2.30813
5.16653
3.10073
3.40694
4.89511
3.75836
3.76437
4.11447
4.31447
3.695
6.23957
4.00366
2.26835
1.43243
1.52845
5.36786
7.99565
3.27701
3.92907
5.78189
4.66502
4.6531
5.77397
7.3256
7.35269
6.44489
4.94365
7.16626
6.93039
3.83374
7.66818
5.26768
7.89158
6.41738
5.84769
6.08645
4.84491
5.62633
3.55683
4.71323
5.07661
7.28856
2.72468
5.72341
5.15811
3.68975
3.79843
5.5175
8.28009
3.93478
6.90939
4.0581
5.37902
4.19459
6.63506
5.95539
6.16741
5.50155
5.97882
5.4684
4.48782
3.97181
3.6362
4.71248
3.19653
2.54391
2.37072
2.02786
2.2344
2.33095
2.50765
3.42098
2.40192
2.34397
2.71267
3.06831
3.04775
3.14251
3.31223
3.43195
2.87311
2.75884
3.02504
4.10627
3.08504
3.42585
3.54762
2.78865
4.25451
3.18653
2.93156
3.53214
2.71042
3.31676
3.71591
3.13057
3.99172
3.877
3.91862
3.69934
2.78119
3.88525
4.03112
6.06561
3.35813
4.33016
3.60097
5.76531
3.32781
3.66608
3.48537
4.66722
4.06304
3.71426
5.64805
3.28735
3.85164
4.13576
4.27859
2.35432
2.68573
3.43472
3.70058
2.82293
3.63201
3.27895
3.98962
3.80712
4.12511
3.74705
4.83053
3.77813
4.3037
3.35028
4.69949
5.46782
3.80104
2.62353
5.28022
4.37858
4.85127
2.47647
3.54855
4.77579
2.78892
4.37853
3.67788
3.614
5.88237
4.63232
5.98361
4.40499
5.40121
6.14996
5.22947
5.7273
5.57996
4.67028
5.68424
6.10415
4.37508
9.29139
6.53268
7.56886
5.81902
6.23992
5.76514
5.2782
4.36076
6.1815
2.83767
2.78737
2.44308
1.92861
1.2491
1.36417
3.61812
9.07092
8.83954
5.26669
6.96357
8.60277
6.50227
7.03893
4.69461
6.42146
5.32675
5.72487
3.98176
11.3653
9.31359
9.0366
2.37214
1.7847
1.83352
2.38255
2.21865
2.66928
3.09511
4.89608
2.30357
1.91541
3.01599
1.79516
1.68746
1.75117
2.26508
1.82945
1.46775
1.6242
1.79488
5.87338
7.16208
6.55115
6.12962
8.64892
6.92673
7.35918
7.39231
6.14916
6.34622
2.54571
1.33859
8.14202
8.30093
6.15403
6.16501
6.82433
7.12921
7.51346
8.54801
8.16594
6.12045
8.28147
5.52049
4.92577
5.08307
7.40893
8.96571
5.31674
8.3314
6.99269
4.8184
6.23877
6.61625
8.40679
6.61476
8.17714
4.84649
6.32544
6.32221
8.17538
7.57
6.45866
7.91768
9.22895
6.2084
3.5301
8.774
3.57874
6.42147
3.6848
2.5792
4.31793
3.99937
10.0844
7.08969
5.66614
7.89754
6.39442
6.50133
2.11419
7.95491
2.16955
2.86512
8.78523
8.93839
2.17267
2.98506
7.12299
8.35215
6.88858
6.3722
2.95287
5.25
5.32465
2.6467
2.32412
3.97663
6.05523
4.65968
3.12947
3.98504
3.32854
2.9758
6.60097
5.56618
5.92099
2.87226
4.63968
2.74021
9.05829
3.382
5.32466
10.791
8.42703
4.01077
9.37868
5.51593
8.04551
12.9701
11.3358
7.72961
6.46211
9.1663
5.61259
7.83592
4.98294
7.75306
8.35975
7.01296
10.781
9.67944
6.70273
9.14437
5.07528
8.22887
6.98913
5.70342
7.68879
4.79546
8.49872
6.05369
6.15438
4.89586
7.39656
6.60336
8.52175
6.67332
5.52057
7.61828
4.14375
4.4412
6.41699
5.72371
7.9928
7.87652
6.1819
5.35696
8.60566
9.78676
9.88501
6.04522
7.73524
5.60032
6.18952
4.46514
7.25761
6.47943
6.61011
6.70322
6.14212
4.78801
6.23425
5.42445
6.36893
5.15048
4.09549
5.64769
5.54834
4.02867
4.31852
4.78582
2.87552
4.08803
4.60739
7.45099
6.33294
7.17197
6.23641
2.66188
2.84111
1.54512
5.36026
2.57309
6.04153
3.05025
1.64159
1.82535
1.2524
2.77073
5.4497
2.82277
1.58644
2.69713
2.98763
4.67871
4.05816
4.53333
4.38531
3.60366
3.6288
2.78255
3.62007
8.81134
10.3562
3.0589
2.56081
3.6117
2.06247
4.04915
1.61112
1.29608
2.45723
1.55001
5.08489
1.47313
1.29142
1.27137
1.47079
1.33856
1.7928
1.92911
1.69342
1.49031
1.60208
3.67058
1.33401
1.12862
1.89188
1.05822
1.0786
1.10839
1.00016
1.01167
1.128
1.13107
1.25743
3.49406
6.08136
8.09762
5.44738
8.85847
5.35245
8.52459
5.24751
8.3743
7.64664
7.16888
7.45027
6.13846
9.6846
8.92394
7.00519
6.51996
6.64301
6.79854
6.74437
6.31683
4.46245
4.51017
6.27446
4.65924
5.48577
6.02322
4.34193
5.73174
4.83014
5.75958
6.22186
6.30267
2.84992
2.69076
2.545
8.85589
5.96961
6.16261
5.55669
3.0612
3.15237
5.30856
5.00334
1.49369
2.04638
1.25554
2.63225
3.33006
4.00508
3.67885
1.88915
1.39052
1.384
2.04873
1.68963
5.78936
2.78855
7.50074
3.10365
2.19243
3.01155
6.57125
2.45599
4.00583
6.26066
7.15866
3.79352
8.34129
3.70461
4.4187
6.7798
4.91058
6.95112
4.74171
6.34682
3.39939
4.30538
6.80733
8.0662
4.42068
5.52926
7.2667
5.49567
6.85565
5.87663
6.27992
2.98987
6.46711
8.66627
7.30061
5.25015
6.74074
7.90235
6.93169
7.42668
5.14489
3.17358
6.52173
4.83012
3.56427
4.56987
6.13482
3.11844
6.64164
6.67031
6.96867
3.85408
5.89232
3.65803
7.12968
11.3545
6.60914
3.60072
6.71567
3.32276
6.56302
4.69901
5.9078
8.03846
7.48005
8.32425
5.2553
7.42977
4.43335
4.11253
7.85809
6.04019
8.66153
5.17017
10.6842
10.6423
8.6355
10.1053
7.83978
3.32109
12.7089
10.7238
10.6004
13.6162
13.5105
18.9626
15.343
15.5552
11.2215
15.3129
12.8752
13.1748
19.4576
18.213
15.0706
10.7641
11.4226
10.9513
11.0327
11.3662
10.9035
9.19098
11.3828
9.61174
8.6397
6.73308
8.96977
5.86757
6.78048
6.95928
6.95683
8.30356
8.54842
7.51466
6.91102
11.0824
2.23853
1.67677
2.46497
10.6483
6.50216
9.55233
7.41289
7.61734
7.56488
2.45282
7.70771
5.63156
5.98233
6.63487
6.81304
6.53197
8.19397
5.28254
3.55562
8.57238
9.23237
3.82984
3.88669
6.82207
3.83413
9.0854
3.75739
2.78976
4.01147
4.52371
6.42272
3.81119
3.07578
3.23291
2.91362
5.34959
5.65519
6.07638
5.39404
6.67967
8.41872
7.6883
8.45794
7.8988
8.72538
10.676
9.63459
12.5194
9.33182
11.9602
9.84382
10.8095
12.2945
12.8947
9.4865
12.5353
9.56003
11.7531
11.1765
10.7382
11.2748
11.1789
11.4696
12.1413
8.10343
11.5878
10.8311
10.631
10.144
13.6694
11.4022
10.8976
11.7689
9.05331
8.36569
11.5633
11.5746
12.0837
11.7811
12.3726
8.97739
10.3447
6.82227
9.8476
8.08441
9.43032
7.5796
7.17951
6.60369
5.7334
7.1593
8.0114
7.00701
4.03612
5.74945
6.94176
4.13826
7.78606
4.66049
8.55425
8.17126
4.90811
3.53887
4.51497
6.38321
6.21821
5.56198
4.29634
5.51648
5.45747
4.89104
4.59143
4.89241
4.84887
6.73357
5.27726
6.06596
8.50101
6.98245
6.15394
4.66046
6.28634
6.56087
6.3203
4.83739
4.78269
6.43944
5.17694
6.31185
5.23326
6.1797
6.72558
4.74255
5.83414
6.20808
7.12074
6.18106
7.52412
6.19237
7.99139
7.64568
7.24918
8.1303
7.30169
6.9717
6.98094
6.75172
7.08647
8.40092
6.19663
10.6227
6.7925
9.90801
7.80288
4.82386
13.1038
10.1523
12.7918
10.8329
3.04514
13.5593
7.2967
1.2702
2.13088
1.13486
1.13039
1.1286
1.07247
0.716312
1.06226
0.928464
1.03032
0.875775
2.09694
7.25495
8.46306
6.91519
4.42073
5.88599
3.81844
5.63598
6.78427
5.52112
5.23651
6.31353
5.11723
3.36807
4.80025
5.66397
5.73889
7.2562
5.42723
7.21955
7.97306
4.25156
4.64189
7.24624
4.19328
6.34508
4.35087
8.38819
6.35879
8.06938
4.96286
4.06359
4.45589
7.27411
8.3086
5.40799
3.38099
5.99292
3.70327
5.4839
4.2987
2.86861
4.30112
3.93763
3.48911
4.18324
2.63199
2.70438
3.05864
2.72044
2.44954
2.5729
4.34763
2.75011
2.78714
2.99179
2.80028
3.02488
2.28999
2.4621
2.6243
2.4016
2.52663
2.82583
4.10012
2.3929
2.68637
3.49956
3.48593
5.19275
2.50572
3.88044
2.62636
3.10965
3.85192
2.5617
2.86159
2.33019
2.51644
2.27542
6.53766
2.84556
3.09335
2.52617
2.33239
2.72612
2.149
2.76012
2.54717
4.88214
4.30707
3.47756
3.20349
3.40441
3.17526
4.01582
3.27724
2.31522
3.28118
2.37822
3.00897
2.50208
3.98669
3.92576
1.95978
2.26705
4.29352
3.6475
5.60597
3.65283
4.05307
3.40886
2.5672
5.61025
3.14217
4.03924
3.3831
6.70605
3.68103
6.40533
3.36807
3.14364
4.25233
3.58223
3.40588
3.48767
8.05188
4.75575
4.89892
4.75134
4.26675
4.17749
4.03613
5.26969
3.60284
5.13879
10.4788
4.86742
4.6028
4.24141
4.76694
4.50282
4.4447
3.76248
4.26596
4.92666
4.69771
4.08618
4.20331
5.07846
3.11411
4.4097
4.60937
5.4131
4.57026
10.5034
4.41737
4.41977
7.87367
4.38667
4.51859
10.9488
4.48689
4.45453
4.22011
4.34958
4.55687
4.67442
4.66039
4.54559
10.5268
4.52046
4.35769
4.33147
4.67285
3.98439
4.95649
4.63901
4.17206
4.24281
4.26527
4.36138
4.55661
4.74945
3.86313
5.54523
3.62638
4.45464
4.30638
4.65128
4.92383
4.47085
4.76353
4.71077
4.50381
5.29561
4.27311
