0.00500581
0.04085
0.0180748
0.0192519
0.121194
0.0100832
0.0161967
0.0588923
0.00374533
0.0626897
0.00785536
0.0156539
0.0149205
0.0323454
0.43942
0.00601022
0.0175681
0.0112642
0.017378
0.038097
0.189508
0.0140468
0.0606134
0.00249812
0.94016
0.0179672
0.00345358
3.19676
0.00955987
0.0023751
0.115293
0.00873588
0.294313
0.00430042
0.104675
0.0104979
0.0108404
0.0329128
0.055338
0.00299915
0.271463
0.00346159
0.070462
0.021762
0.0199255
0.209375
0.0261168
0.00377974
0.0297022
0.021054
0.0962598
0.0125434
0.0159674
0.25077
0.00757434
0.0108528
0.161149
0.0324305
2.38274
0.0142754
0.00708326
0.00794234
0.0116403
0.142143
0.00257169
0.00507662
0.0506127
0.0400514
0.143952
0.00699949
0.0213537
0.0127176
0.00298428
0.00371405
0.0113902
0.0313091
0.00755577
0.369926
0.00797465
0.803835
0.0249622
0.0192579
0.0112216
0.0166524
0.0216643
0.0162571
0.00863987
0.036476
0.467735
0.184615
0.0112883
0.00212539
0.0185408
0.00499584
0.510924
0.0039599
0.854443
0.144803
0.339954
0.0112378
0.00443466
0.00443371
0.00389853
0.0253014
0.0268181
0.0110901
0.00307229
0.0138325
0.0458983
0.276341
0.00261206
0.00943055
0.00248726
0.0079775
0.0312267
0.0149783
0.0130443
0.0283292
0.0255783
0.0118874
0.00539425
0.00523374
0.00540921
0.00564422
0.0453088
0.00800787
0.00990171
0.0168793
0.216899
0.0577204
0.0790575
0.223071
0.0348883
0.0698057
0.0518243
0.0458698
0.131507
0.00786142
0.717747
0.00361204
0.212768
0.00423939
0.0110703
0.00374006
0.00251052
0.00645086
0.00757824
0.00609995
0.0290213
0.0166442
0.00840008
0.211028
1.46097
0.526478
0.0061964
0.0426058
1.17189
0.0106929
0.135372
0.0046594
0.0103721
0.0193404
0.0041838
0.00315468
0.0580322
0.00901861
0.130864
0.258164
0.0395063
0.0717362
0.212895
0.019661
0.0105104
0.127985
0.0204515
0.113004
0.0205506
0.195063
0.0118553
0.0569373
0.0169347
0.832573
0.0637368
0.863472
0.00788458
0.17137
0.136727
0.0339804
0.0563224
0.0132055
0.0125012
0.0182127
0.078632
0.364128
0.00717931
0.191797
0.00291826
0.027628
0.312462
0.245441
0.23359
0.0593668
0.0203683
0.0132021
0.00504002
0.0273535
0.0188992
0.0085637
0.117119
0.190099
0.0106532
0.00676408
0.0222514
0.0116984
0.0128439
0.00531661
0.0032983
0.0171313
0.0805523
0.00651013
0.0717094
0.0473356
0.0503726
0.919811
0.0126941
0.0399188
0.00670492
0.121108
0.00639316
0.00406926
3.1902
0.0418838
0.00763267
0.0170037
0.117805
0.0661722
0.00323068
0.119322
0.030794
0.00807335
0.187176
0.00872609
0.00357557
0.00136798
0.0146273
0.0146518
0.00178172
0.00528467
0.00778014
0.0200093
0.00511712
1.60581
0.927596
0.00223703
0.00389395
0.0063014
0.0105176
0.755536
0.00740354
0.273779
0.00660086
0.00721844
0.00597012
0.0041838
0.0188322
0.0127419
0.0117817
0.00794448
0.00221646
0.0023364
0.00641386
0.0050429
0.00968046
0.488905
0.00542643
0.00660921
0.00430529
0.00504423
0.0105182
0.00986325
0.00408483
0.00570117
0.0128481
0.0347247
0.919616
0.0116522
0.00251312
0.0466283
0.0214975
0.0963149
0.0257169
0.00566519
0.0187156
0.136049
0.0109122
0.00330951
0.0284918
0.0171575
0.0225496
0.0334868
0.0489988
0.0100627
0.00585135
0.0174835
0.0254633
0.0255284
0.0771865
0.171924
0.0401026
0.00977767
0.53776
0.00607059
0.153233
0.00420103
0.0313442
0.508691
0.714604
0.0501693
0.0085566
0.0100294
0.0185051
0.0195053
0.260343
0.00892403
0.0576904
0.0182967
0.00941908
0.136895
0.568382
0.684031
0.157769
0.480965
0.00290457
0.0275788
0.00339077
0.00897813
0.0114968
0.00360665
0.105654
0.199185
0.00578775
0.0063469
1.08496
1.37953
0.0459415
0.611823
0.0284306
0.0706327
0.00368246
0.0056394
0.149138
0.703673
0.0375243
0.00923611
0.451824
0.0549567
0.135355
0.039493
0.00829354
0.0109413
0.0105558
0.362724
0.00833172
0.00412011
0.0198422
0.253856
0.0591651
0.0260839
0.0227777
0.0054298
0.0187386
0.0946094
0.0576347
0.142764
0.0114937
0.0194304
0.00477525
0.149284
0.012089
0.0235553
0.0606012
0.384264
0.318201
0.0378103
0.0149354
0.00832761
0.019796
0.0867219
0.604801
0.619562
0.0175949
0.0308943
0.156804
0.0242713
1.52225
0.00537235
0.0263189
0.146046
0.00599305
0.232683
0.0120845
0.0338528
0.0140996
0.0120492
0.0444873
0.00380214
0.0139288
0.168403
0.478797
0.0110887
0.0200182
0.00922246
0.0549619
0.0145566
0.00908094
0.031105
0.0432852
0.539191
0.00332272
0.0562045
0.0622956
0.0143167
0.0279197
0.0118315
0.00316915
0.0114842
0.0346815
0.057374
0.0110544
0.046921
0.0170647
0.0116407
0.0579356
0.0149661
0.506794
0.474893
0.0192061
0.015219
0.707812
0.506145
0.0154674
0.0164439
0.000903677
0.0303766
0.0128174
0.00944589
0.00763957
0.0177867
0.0157422
0.00352181
0.0107905
0.0025864
0.0337785
0.0102812
0.0038147
0.0111872
0.0316361
0.0155745
0.00767895
0.0085226
0.769328
0.473497
0.0242175
0.0126199
0.0315686
0.0232678
0.00923139
0.0226779
0.0107684
0.00618568
0.00909393
0.00210911
0.0252928
0.0302534
0.0198204
0.00576018
0.00347506
0.00757991
0.0164689
0.0101447
0.0149035
0.00448218
0.0271011
0.00257419
0.0106947
0.00663732
0.0125365
0.012661
0.0168689
0.0104102
0.0626874
0.00568951
0.00278544
0.00394093
0.0191272
0.0222318
0.00493515
0.0109148
0.00940501
0.0369031
0.00693587
0.0144107
0.0358168
0.0281566
0.00922949
0.00802673
0.0190687
0.0322405
0.00500804
0.0286982
0.00230875
0.0262516
0.00972758
0.0116106
0.0118193
0.0188823
0.0186354
0.015681
0.0163143
0.00774611
0.0244659
0.0520131
0.0147494
0.0155114
0.0307079
0.00521013
0.00441028
0.0185075
0.00302554
0.00436938
0.0229385
0.0170686
0.016749
0.0111861
0.0137715
0.0326893
0.0110716
0.0140187
0.0168388
0.0243881
0.00533063
0.0132358
0.00736541
0.0102781
0.0176037
0.0160166
0.0154544
0.00641183
0.0608872
0.00666731
0.0513968
0.0180576
0.0165628
0.00441314
0.00495578
0.012145
0.0155867
0.00458491
0.0329896
0.0109142
0.0163886
0.013532
0.0126556
0.0073134
0.00889824
0.00847949
0.005154
0.00399636
0.00888878
0.00639443
0.0209385
0.0100183
0.0185603
0.0115836
0.00215505
0.0142649
0.0112302
0.00608829
0.00968533
0.00466099
0.0103812
0.00922635
0.00770614
0.0135465
0.00517366
0.00219312
0.0187717
0.0243567
0.00178743
0.0039633
0.00944764
0.0177644
0.0123409
0.0167023
0.0067946
0.0189765
0.0102824
0.00108319
0.0108153
0.00942544
0.0136858
0.00747143
0.00702667
0.00923684
0.00589461
0.0137013
0.00434144
0.0106116
0.00917298
0.00628783
0.00435445
0.00434655
0.00717598
0.00589071
0.0024681
0.00537645
0.00198647
0.00551308
0.855124
0.0169072
0.00608283
0.0141904
0.0102012
0.00386123
0.00575808
0.00876069
0.0105277
0.00583668
0.0029277
0.0077805
0.0119241
0.00972231
0.0101337
0.0136795
0.00617698
0.0148454
0.000851669
0.0104588
0.00371437
0.00718488
0.00451566
0.00760684
0.0439468
0.00577455
0.0121631
0.00265602
0.00305668
0.00430634
0.0146152
0.00905967
0.00453494
0.00605829
0.00635613
0.00737888
0.018255
2.45327
0.0111108
0.00902939
0.00450277
0.0150974
0.0309168
0.0794784
0.0345098
0.0051776
0.00728945
0.00553141
0.0408946
0.017761
0.364354
0.151563
1.10456
0.0102029
0.0121113
0.0192181
0.0416603
0.0495357
0.00457614
0.00792936
0.0066331
0.00437878
0.0043453
0.404904
0.00226242
0.0123421
0.00897312
0.00782612
0.0155104
0.011804
0.021862
0.0059401
0.0169859
0.0587194
0.155013
0.0118093
0.41058
0.0101167
0.00639573
0.00924144
0.00677882
0.0159043
0.120575
0.0633798
0.00783263
0.00656635
0.0113693
0.0157059
0.0132472
0.0113448
0.0123982
0.00493067
0.0295351
0.0246762
0.0227153
0.0161963
0.0197296
0.0427501
0.00207614
0.0015869
0.00775462
0.0130766
0.00622362
0.0940938
0.0134895
0.00866412
0.0335906
0.0106767
0.0481076
0.00998211
0.112881
0.0102484
0.00958681
0.00538581
0.0228408
0.00254512
0.046672
0.00514882
0.171782
0.0232267
0.0219331
0.00463326
0.0489061
0.00722029
0.00395236
0.0387777
0.139485
0.0390454
0.515074
0.00658895
0.153267
0.00235936
0.00198458
0.101563
0.368586
0.00547892
0.169694
0.00248307
0.523678
0.00845104
0.00550505
0.0194471
0.00921706
0.0178297
0.00778861
0.0736055
0.00807472
0.0141584
0.0104772
0.00407589
0.0142776
0.00465018
0.00445445
0.00287738
0.00797922
0.0118039
0.376625
0.023091
0.0092046
0.00550715
0.0211934
0.00197891
0.0162592
0.00652266
0.104173
0.0100502
0.0122814
0.0091433
0.0448408
0.0150345
0.0235615
0.00482598
0.0141975
0.00434396
0.0142065
0.00895492
0.212353
0.01427
0.154299
0.00617258
0.0025266
0.011203
0.013781
0.139445
0.00844934
0.00275355
0.00582848
0.00438657
0.0287968
0.0174619
0.00699381
0.00268014
0.0305802
0.00560367
0.346905
0.00293182
0.0385858
0.00593233
0.0443386
0.00340627
0.017286
0.0479606
0.0995122
0.0449774
0.0147449
0.00415797
0.501313
0.0209999
0.0201691
0.032162
0.323653
0.00799019
0.0839326
0.00748665
0.0136126
0.00512005
0.0207587
0.0237077
0.00188535
0.0135668
0.0516676
0.0148298
0.00704244
0.00459962
0.013874
0.0134882
0.153968
0.00608264
0.0032657
0.0179709
0.00639541
0.0301881
0.00877313
0.0406317
0.00216159
0.00222331
0.0126981
0.00181003
0.0130768
0.00358192
0.00921129
0.466116
0.0101033
0.00988899
0.0081024
0.0113477
0.0394596
0.136073
0.0294154
0.102588
0.0210695
0.0106925
0.0283314
0.0171765
0.00790694
0.0174953
0.111342
0.00471116
0.00317256
0.0528326
0.00625183
0.0301147
0.701109
0.0803284
0.136914
0.00649004
0.139194
0.0224342
1.49496
0.0132714
0.227927
0.030395
0.00602527
0.806496
0.0112621
0.0112689
0.012299
0.421423
0.00826922
0.0340475
0.0120657
0.00859495
0.315141
0.0172581
0.00756123
0.460572
0.0376838
0.00781603
0.112806
0.084937
0.172669
0.0136283
0.00254565
0.00467764
0.00385125
0.0281943
0.00780518
0.00903182
0.0734478
0.0399217
0.00836004
0.00820944
0.026756
0.0451585
0.00949899
0.00579107
0.0248685
2.07678
0.00725714
0.155687
0.00651715
0.00842586
0.00490983
0.569064
0.0118819
0.288334
0.00429643
0.0660086
0.00786473
0.0314262
0.144675
0.0191106
0.0256903
0.0197002
0.0697835
0.00416383
0.0036412
0.0440181
0.173462
0.0232085
0.0138912
0.0150784
0.464609
0.0857025
0.00545275
0.103652
0.113799
0.179894
0.00269123
0.457539
0.0275849
0.0573908
1.02785
0.0107135
0.00859737
0.0135502
1.44161
0.0054476
0.0385383
0.0135376
0.0652473
0.00463548
0.00942022
0.022174
0.350501
0.00533099
1.20116
0.0343871
0.179067
0.0185778
0.00585253
0.00474619
0.710969
0.0604196
0.00977759
0.00264767
0.0111315
0.0205939
0.0360541
0.0101883
0.00600666
0.0271071
0.0207871
0.0318504
0.00323137
0.00424992
0.00217419
0.0177283
0.00391546
0.00488838
0.0330084
0.0140996
0.00982909
0.0330017
0.0357057
0.0214446
0.0103351
0.0935485
0.0148225
0.0150549
0.00104463
0.0308128
0.00832989
0.967322
0.00302272
0.0195373
0.0375136
0.0347757
0.50984
0.0113513
0.240379
0.0140342
0.0241701
0.00919992
0.00634356
0.0127797
0.0213228
0.0113202
0.00552775
0.00360183
0.0322865
0.028436
0.00157757
0.00534923
0.0208219
0.0113788
0.0209508
0.00669863
0.0467333
0.0305044
0.00388572
0.0610184
0.0121116
0.0210264
0.00911777
0.00402583
0.0271546
0.011559
0.01047
0.665983
0.0022274
0.0233709
0.0272886
0.00302054
0.020208
0.0122716
0.0210658
0.00544555
0.0223693
0.0100354
0.012029
0.0496333
0.0113964
0.00440272
0.00347181
0.0128931
0.0119874
0.0175252
0.0112889
0.546786
0.0087598
0.0219142
0.00945322
1.23468
0.0179058
0.00323159
0.0179866
0.00496843
0.0276905
0.0296073
0.00743086
0.0205152
0.00342231
0.00419887
0.00468144
0.0278704
0.00877363
0.0118613
0.0252212
0.0356683
0.00720424
0.0109587
0.0149544
0.0029182
0.0065065
0.0265741
0.0136831
0.0101924
0.0121033
0.007612
0.0217876
0.0500654
0.00641101
0.00361548
0.0251846
0.0225041
0.00558037
0.0028156
0.00270478
0.0192235
0.0194985
0.00879463
0.00425461
0.00903263
0.00740285
0.0101279
0.010856
0.747108
0.00463671
0.0151468
0.0186043
0.0100088
0.0145664
0.0384881
0.00154943
0.00666333
0.0134782
0.00705982
0.00901541
0.00673686
0.0113803
0.0121818
0.0184285
0.00551993
0.00292277
0.0221789
0.0138505
0.0147943
0.0110766
0.0173598
0.00536125
0.00509399
0.00873896
0.0060957
0.0208098
0.00677449
0.0114868
0.00222547
0.016698
0.0168989
0.012392
0.171295
0.0120622
0.0284018
0.00967338
0.00541612
0.38133
0.0323756
0.00329108
0.0136629
0.00525913
0.00419646
0.022605
0.0249818
0.0393996
0.0120671
0.0346118
0.00699638
0.0366891
0.00719942
0.0360947
0.0237848
0.0120722
0.00822815
0.0698197
0.00413503
0.0628661
0.438043
0.00936514
0.0487082
0.00464161
0.0133634
0.00125856
0.0548134
0.0114715
0.0100703
0.0653291
0.0143878
0.0160805
0.0041889
0.135331
0.0114854
0.0155992
0.0277874
0.0269916
0.00350107
0.00985503
0.00998366
0.0261165
0.00711221
0.181852
0.0100704
0.0277663
0.00116712
0.00469134
0.0198802
0.409735
0.00618741
0.00473006
0.0060029
0.053513
0.00613068
0.00721684
0.0213363
0.00777983
0.0514015
0.00948162
0.00597578
0.0221924
0.0094346
0.253815
0.00944767
0.0387985
0.0196834
0.00791493
0.00632636
0.00893904
0.00756983
0.0125508
0.00238958
0.00154389
0.00758427
0.00939631
0.00560588
0.00485921
0.00892898
0.0378724
0.00976072
0.118172
0.0404171
0.40893
0.152181
0.039999
0.00664177
0.00666446
0.0457617
3.38056
0.0447666
0.0320677
0.0169127
0.0152573
0.112422
0.0323278
0.192917
0.00499587
0.0614675
0.0105571
0.0141638
0.00548931
0.00343367
0.00510646
0.0322251
0.164284
0.284367
0.0244427
0.0157289
0.151865
0.0644528
0.0941577
0.0357923
0.00175381
0.079735
0.00750183
0.0282512
0.200449
0.154781
0.0198806
0.161252
0.033844
0.654286
0.13767
0.0114308
0.0906635
0.0105194
0.225557
0.541116
0.37069
0.0457268
0.0167263
0.0424975
0.664661
0.258776
0.52847
0.0420174
0.021615
0.0477288
0.00341984
0.0112256
0.0124789
0.00349836
0.0114487
0.588814
0.304661
0.0401824
0.0146169
0.243029
0.710991
0.103257
0.316311
0.251927
0.00836751
0.258208
0.216389
0.0843039
0.0222995
0.163365
0.00706407
0.00710872
0.547754
0.488472
0.000708746
0.0630951
0.0116429
0.0259233
0.00607209
0.0127808
0.0306526
0.0805561
0.00776104
0.00735453
0.123829
0.00699703
0.0406104
0.00788889
0.771738
0.0113026
0.00933928
0.0403824
0.0043071
0.0614813
0.0431844
0.112707
0.00504413
0.165305
0.00449451
0.0961623
0.0774102
0.00639139
0.0761254
0.532298
0.0143765
0.0705842
0.0530174
1.36274
0.402266
0.00334614
0.00879943
0.0496316
0.193658
0.0316408
0.0181769
0.00656631
0.0782717
0.368309
0.511297
0.544194
0.0784712
0.00389919
0.00734655
0.0162611
0.0134408
0.0065488
0.00331636
0.0126036
0.00409752
0.00394424
0.163301
0.0901653
0.00371986
0.098855
0.00961611
0.0693381
0.0118959
0.0128551
0.0280835
0.00365437
0.392083
0.00989528
0.00253618
0.0648029
0.00441562
1.84917
0.00710969
0.0211612
0.903412
0.0630023
0.387047
0.0047714
0.0190925
0.108348
0.0236561
0.0113634
0.0122881
0.0114962
0.419214
0.0061242
0.0116814
0.0152826
0.213823
0.0240816
0.46945
0.450104
3.24486
0.019267
0.0242935
0.0451815
0.106368
0.669922
0.33296
0.0283297
0.00845505
0.0180305
0.0102881
0.420945
1.32272
0.0112233
0.0130616
0.0421701
0.0574308
0.103613
0.636218
0.413966
0.324001
0.00449697
0.00755461
0.0393911
0.0651315
0.00451455
0.0093219
0.00979913
0.00525014
0.287614
0.150034
0.572255
0.254773
0.00442043
0.00523347
0.0158457
1.22856
0.00396918
0.0416931
0.00815418
0.575126
0.0087008
1.89545
0.0651843
0.00904943
0.0955645
0.114447
0.0208008
0.530576
0.00870276
0.00619883
0.0990604
0.315919
0.242075
0.00231527
0.56643
0.0330081
0.0141462
0.00638609
0.518039
0.0377915
0.0201836
0.182037
0.0403911
0.103868
0.267627
0.104556
0.0204112
0.046679
0.0270478
0.00924634
0.00750277
0.501516
0.0014781
0.0191286
0.509978
0.0104113
0.00487599
0.00766866
0.00395958
0.00349543
0.0112869
0.00495252
0.0084456
0.00654662
0.00550432
0.016492
0.00592209
0.0244153
0.0122373
0.00658875
0.0358586
0.00900075
0.00903877
0.00284493
0.00991765
0.0212953
0.010546
0.0315228
0.00670726
0.00966403
1.78663
0.0181172
0.0425032
0.144433
0.0859424
0.0281266
0.0291144
0.00876099
0.70326
0.0275693
0.0692349
0.00845509
0.0194796
0.0377287
0.00336733
0.120306
0.0592279
0.037908
0.018525
0.0270296
0.00974138
0.00935643
0.00658731
0.006124
0.0233898
0.0195807
0.00903508
0.0107172
0.00543052
0.00947838
0.0426086
0.0349009
0.015447
0.00324473
0.0122467
0.000607764
0.026021
0.02916
0.0257551
0.00961597
0.0532205
0.0118415
0.00433128
0.15352
0.0235405
0.038602
0.00320929
0.00464734
0.00649018
0.0320127
0.0257518
0.0412849
0.00469554
0.00823066
0.0110573
0.0168841
0.0201714
0.00535335
0.0251472
0.00873874
0.00802776
0.00466718
0.0443463
0.00194531
0.00415924
0.00721266
0.0140434
0.00572199
0.0113454
0.0131733
0.00207254
0.00935156
0.0222957
0.0281166
0.0117699
0.00276996
0.0121776
0.00388139
0.0269057
0.00978168
0.0162605
0.0148861
0.00345611
0.018601
0.0280687
0.00697761
0.00665585
0.0102986
0.00777904
0.00721061
0.016135
0.00685657
0.0198655
0.0359495
0.0690677
0.0105676
0.00490888
0.0156706
0.00514229
0.00893908
0.0141129
0.0018975
0.0180815
0.00479468
0.00405734
0.00752351
0.0374055
0.611889
0.0230936
0.0255737
0.0027889
0.0038462
0.0282911
0.0206929
0.0173225
0.0136748
0.011226
0.00523999
0.0144487
0.00311663
0.0400412
0.00440824
0.0208016
0.0128686
0.00484592
0.0143933
0.00849097
0.00615538
0.0243597
0.0305089
0.0292333
0.0460477
0.0032506
0.0083429
0.0300727
0.00450207
0.00795882
0.00980277
0.0275487
0.00509455
0.00228022
0.0386241
0.0164134
0.0279382
0.00844093
0.0187741
0.152747
0.00938243
0.00844147
0.0141257
0.00852403
0.00480184
0.00343196
0.00826834
0.00106646
0.0216068
0.0062972
0.00448032
0.0103608
0.00543799
0.00581413
0.0142412
0.00173597
0.00791778
0.0120383
0.0138596
0.0110598
0.00894736
0.00289875
0.00934313
0.00651571
0.0106044
0.00956724
0.012771
0.0119081
0.00800427
0.0186809
0.0106334
0.0287538
0.00864244
0.00480618
0.0132947
0.00588832
0.00946871
0.0205661
0.0173118
0.00272173
0.0060667
1.46423
0.0284226
0.00545118
0.00544241
0.00857047
0.00336623
0.0064527
0.00407424
0.023505
0.00802966
0.00369029
0.00534197
0.0248629
0.00354141
0.015159
0.00416813
0.00477099
2.39184
0.0101979
0.0020397
0.00206088
0.00229855
0.0136458
0.00550064
0.00331582
0.0187525
0.0155945
0.00632828
0.0214062
0.00778383
0.00956806
0.054541
0.00741532
0.0102941
0.0240599
0.00794847
0.0113784
0.0375508
0.015523
0.00622802
0.0202069
0.00437293
0.0041437
0.0208254
0.0152886
0.0273601
0.00714103
0.00198818
0.0127859
0.0193907
1.47386
0.00680528
0.0119016
0.0101048
0.00831959
0.00207811
0.0116685
0.00338196
0.0180252
0.0138824
0.0062243
0.0154519
0.00629968
0.00828288
0.00567379
0.00676987
0.00989027
0.0156013
0.0100424
0.00645294
0.00366306
0.0116038
0.00879184
0.0127095
0.0115795
0.0167401
0.0120219
0.00276374
0.0164027
0.00602133
0.0193127
0.00784502
0.0216464
0.0159629
0.0109691
0.0296263
0.00834595
0.0135964
0.00156345
0.00836943
0.00378158
0.00654742
0.0047316
0.00679861
0.013577
0.00931064
0.00259158
0.00594776
0.0139263
0.0104563
3.09766
0.0119707
0.0220675
0.00598648
0.0119788
0.00351171
0.00367202
0.00759437
0.0112954
0.0128838
0.0143441
0.00720327
0.00589691
0.0112586
0.019063
0.00995296
0.398416
0.0128014
0.00589556
0.0103386
0.0143412
0.0161068
0.017321
0.00726017
0.00455348
0.013074
0.0155791
0.0199655
0.0194617
0.0112852
0.000878988
0.00468515
0.0116122
0.00741238
0.00627212
0.00427358
0.00403069
0.0111909
0.000529086
0.0309532
0.0136432
0.0144079
0.00647901
0.00373011
0.0167346
2.26278
0.0146186
0.00509842
0.00724441
0.0184001
0.00308097
0.0220814
0.00238335
0.0118369
0.0237729
0.00600156
0.00625115
0.00791188
0.0638107
0.0301322
0.00916167
0.00824961
0.00922649
0.00905657
0.0552859
0.0192912
0.010178
0.0131937
0.0128594
0.00264016
0.00924079
0.0100204
0.00542952
0.0156978
0.00389666
0.47965
0.0431781
0.00605152
0.0271076
0.0167118
0.00841177
0.0255417
0.00967434
0.0149155
0.0597566
0.383865
0.011873
0.00168006
0.581624
0.131433
0.00381706
0.0038879
0.0025546
0.00834004
0.065903
0.0548645
0.00890278
0.009784
0.00484778
0.00263142
0.00176408
0.0235645
0.010871
0.00368633
0.011265
0.0078696
0.079156
0.0182059
0.00869602
0.0108874
0.00788497
0.00909191
0.00558263
0.00732786
0.00587136
0.00706088
0.00374443
0.0155068
0.00482147
0.00799091
0.0166478
0.0077063
0.00348996
0.00812426
0.00870257
0.00169748
0.00520015
0.0164008
0.00309435
0.0419915
0.576882
0.00878911
0.80008
0.00149428
0.0102928
0.0041811
0.497244
0.0217912
0.0116327
0.855394
0.00993331
0.00369743
0.00612525
0.646057
0.0145992
0.00742719
0.00707074
0.0083619
0.004688
0.00806253
0.00742985
0.0247327
0.00384676
0.0078216
0.00911595
0.00289875
0.00375633
0.00673419
0.0218852
0.0181762
0.0126533
0.00947158
0.0153629
0.00316355
0.0108795
0.0113433
0.00881898
0.0154112
0.000925231
0.00891448
0.0038631
0.00996815
0.00695292
0.00595735
0.0116508
0.0213498
0.00616078
0.00498412
0.0067641
0.00616212
0.0153934
0.00944836
0.0127106
0.00610853
0.00583828
0.00342274
0.00255325
0.00708262
0.0136132
0.0144623
0.00682773
0.00698214
0.123219
0.00550163
0.0328605
0.00629541
0.115572
0.006451
0.0081145
0.0109012
0.0121099
0.0095136
0.0122072
0.00542969
0.0113741
0.00633657
0.0179423
0.0279851
0.00793653
0.0124444
0.00551337
0.0850539
0.00604472
0.00522111
0.0146772
0.0196978
0.00423179
0.00717321
0.0560379
0.00445455
0.029236
0.0140029
0.0490238
0.0229732
0.00502995
0.00159695
0.115047
0.00200162
0.920805
0.0312307
0.0278312
0.0215436
0.00252072
0.00707984
0.0268273
0.00687431
0.0150711
0.393721
0.0997834
0.0149723
0.0247954
0.0153326
0.00139085
0.00271637
0.00530113
0.0199249
0.0068848
0.00778783
0.0141928
0.00163132
0.00730782
0.00390658
0.00265517
0.0045247
0.00170048
0.0074371
0.0267988
0.00441807
0.0160561
0.00774836
0.00206872
0.00483119
0.00789459
1.90281
0.0125773
0.0114196
0.00729993
0.0259893
0.0351362
0.00538041
0.0178633
1.41472
0.0395399
0.00343338
0.0101479
0.00623543
0.0123181
1.165
0.0113502
0.0143797
0.00799091
0.00217938
0.00979048
0.156481
0.00868139
0.0277369
0.0203817
0.00467229
0.0176981
0.00842546
0.00609833
0.0242335
0.00307253
0.00514218
0.00180234
0.0112817
0.530796
0.00308972
0.0291407
0.113733
0.00596946
0.0299657
0.00437687
0.0137248
0.145177
0.0127225
0.0577466
0.0111886
0.0639251
0.0137486
0.0435801
0.036886
0.00463667
0.103361
0.167931
0.00373074
0.154918
0.0125031
0.105655
0.00312847
0.00409178
0.00382165
0.0445135
0.0438438
0.00752706
0.0031346
0.00384887
0.0223402
0.00886395
0.0165078
0.103934
0.0903073
0.00479985
0.00171516
0.00367801
0.0566549
0.183765
0.124236
0.00747911
0.00373836
0.0102806
0.0333387
0.0120756
0.054922
0.00455765
0.0325572
0.632607
0.0205831
0.0204889
0.00334732
0.0530447
0.00915847
0.00671547
0.0989944
0.322777
0.00867103
0.00628409
0.0660262
0.105783
0.00263988
0.0223982
0.0153793
0.0169145
0.056854
0.00370411
0.322791
0.00121084
0.019551
3.85126
0.333578
0.116489
0.0251237
0.0578439
0.00859309
0.0211864
0.00622967
0.0513073
0.0107295
0.0710318
0.0202939
0.0152222
0.00559101
0.00911054
0.0146336
0.00767816
0.163247
0.0278584
0.017648
0.0159401
0.093208
0.0968063
0.109139
0.0134674
0.0101576
0.21116
0.0642043
0.00814172
0.00517233
0.041904
0.0214447
0.0254674
0.235117
0.0178579
0.192331
0.0100249
0.00970747
0.00579333
0.00491181
0.00530354
0.0029892
0.0113314
0.0168239
0.00599677
0.00304599
0.00406536
0.0156434
0.00272808
0.00544177
0.0173785
0.119815
0.321536
0.00361934
0.0235959
0.0151173
0.0016591
0.00315737
0.00890732
0.0141894
0.0218562
1.03645
0.101309
0.210607
0.0260736
0.0193812
0.00812184
0.0104904
0.023713
0.0189408
0.0222646
0.0264828
0.0584676
0.00403039
0.00297552
0.00263434
0.00886643
0.00865301
0.0151914
0.00334467
0.00344636
0.0302699
0.0181328
0.00736864
0.024407
0.01793
0.00738659
0.0178611
0.0202331
0.904796
0.130206
0.0174754
0.00999198
0.0127343
0.00160064
0.0295587
0.00963292
0.00253675
0.0177654
0.00744345
0.00126534
0.157494
0.00166852
0.0348397
0.0118125
0.00859332
0.0199018
0.00564117
0.16349
0.00239034
0.0103764
0.00505014
0.0103762
0.152544
0.262609
0.0102967
0.0401269
0.00241668
0.0327069
0.00654044
0.0219346
0.22882
0.238202
0.00219346
0.00250833
0.00891727
0.126103
0.0171173
0.00664304
0.0165838
0.0105372
0.090569
0.00910087
0.360015
0.0209129
0.104593
0.00463857
0.00258308
0.0198809
0.0196423
0.00286853
0.0235998
0.00482086
0.111081
0.00689388
0.00206009
0.00700394
0.0217805
0.0544289
0.00551561
0.00650143
0.0133062
0.0104362
0.00822376
0.0117599
0.00654469
0.00375629
0.00637232
0.00828508
0.00436354
0.0239081
0.0104927
0.00823014
0.00757878
0.00912491
0.00864284
0.00490036
0.779271
0.0070705
0.0935997
0.373337
0.0107291
0.00381229
0.00340599
0.00520853
0.00593225
0.00493593
0.847942
0.0317029
0.0170018
0.00761875
0.00314001
0.00559896
0.0121217
0.00635047
0.0143112
0.0159038
0.00802234
0.319259
0.0098602
0.00778159
0.0192112
0.00819192
0.175922
0.00755224
1.72305
0.0259109
0.0186168
0.000872891
0.0607344
0.0134323
0.0111403
0.0193287
1.01624
0.0274726
0.00823465
0.00260287
0.00418635
0.00633601
0.0145873
0.00616881
0.0649228
0.593049
0.0168568
0.00368284
0.00977409
0.00960226
0.00765366
0.00842565
1.17441
0.00725538
0.00779657
0.012638
0.00300045
0.518815
0.0715033
0.444409
0.00868016
0.00804461
0.0098115
0.00713179
0.0213289
0.00778724
0.00294072
0.00261967
0.0169777
0.00239825
0.0122555
0.0060926
0.0113666
0.0162683
0.0072721
0.0137262
0.00303721
0.0129483
0.0148398
0.0155265
0.459822
0.00238288
0.00353006
0.00444939
0.00348175
0.694268
0.011195
0.0143535
0.00564075
0.0207754
0.00380249
0.00245731
0.00154022
0.00778164
0.00577636
0.00971779
0.0127279
0.00727497
1.43662
0.0079076
0.00605957
0.0101919
0.00106121
0.00499576
0.0194771
0.00981586
0.00976054
0.0074701
0.00397045
0.00779791
0.00561028
0.00539577
0.00630568
0.0125648
0.762577
0.271531
0.0116213
0.96886
0.0180049
0.0042753
0.00811542
0.0126696
0.0186145
0.00612926
0.00764248
0.00685629
0.00224577
0.013516
0.00707496
0.0034255
0.0164399
0.00425269
0.00242025
0.00797869
0.00924667
0.377926
0.00530245
0.00803534
0.0089219
0.00584961
0.00808544
0.00244816
0.0109871
0.00872377
0.00257819
0.00412322
0.00447779
0.00675
0.0154078
0.0117406
0.0148544
0.00622332
0.0219045
0.0126612
0.00492341
0.0390211
0.0134714
0.0116684
0.307802
0.0261052
0.00274938
0.0207729
0.00923982
0.0112936
0.012004
0.410521
0.00815243
0.0108534
0.0241548
0.014548
0.0122418
0.00323327
0.0143641
0.00349549
0.00936734
0.00764515
1.28339
0.00395123
0.0137163
0.0472198
0.00369126
0.00222939
0.00350565
1.91999
0.0661345
1.41226
1.30807
0.00600413
0.00312255
0.0101383
0.00434768
0.00341213
0.0299336
0.0184218
0.0080108
0.0213443
0.00170442
0.00907018
0.0108735
0.0623201
0.0085197
0.0335516
0.70896
0.0127643
0.0169079
0.00362674
0.0173037
0.00198969
0.0282517
0.00348285
0.00328369
0.011412
0.0383736
0.0181139
0.0288665
0.482364
0.0162122
0.0326201
0.0166146
0.00196826
0.005566
0.0100501
0.00385874
0.0126418
0.0121288
0.0197057
0.0367639
0.0101815
0.0105867
0.0171905
0.00451577
0.0220838
0.0442588
0.00544046
0.00880621
0.00970861
0.00817608
0.010906
0.424989
0.0107948
0.00708591
0.0147408
0.0119871
0.0120774
0.00124067
0.0438163
0.0386456
0.00168316
0.00430006
0.0107955
0.0095026
0.0577889
0.029543
0.037645
0.0045469
0.0106391
0.0114257
0.0604307
0.0273123
0.0114159
0.0175445
0.0132687
0.0040347
0.00276133
0.0207446
0.0179929
1.11648
0.00764251
0.0083642
0.00741914
0.0050852
0.0125918
0.0317866
0.00348989
0.00966073
0.00450163
0.028414
0.00671472
0.0581392
1.18708
0.00556449
0.0281169
0.00569454
0.0123852
0.0248098
0.0331958
0.0505866
0.00330286
0.00481991
0.0187325
0.00971091
0.0141966
0.0118928
0.00343917
0.0179018
0.00312375
0.0197115
0.0157152
0.0156293
0.0182989
0.0288021
0.0199784
0.0083282
0.0128578
0.0252492
0.0153389
0.0281687
0.0338854
0.00791926
0.00280286
0.0129606
0.0373813
0.0187803
0.0174248
0.0290163
0.00607605
0.0159697
0.00243943
0.00814974
0.00495818
0.0142575
0.0046485
0.0190141
0.00600476
0.0343544
0.0127392
0.0169587
0.000445084
0.00878405
0.016362
0.00650069
0.013517
0.00480332
0.0132861
0.00829725
0.00556922
0.00907763
0.0121479
0.00926706
0.0217501
0.0238474
0.0204753
0.0117785
0.0072681
0.0037424
0.0101065
0.0172965
0.00382018
0.0194935
0.0135852
0.0140978
0.0296558
0.0184235
0.0115689
0.00633413
0.00982758
0.00770609
0.00822035
0.00357318
0.00453243
0.0143154
0.00980628
0.0119855
0.0042353
0.0270902
0.0190998
0.00212826
0.00581213
0.0108219
0.0277171
0.0147452
0.0202253
0.0101334
0.0114094
0.00302494
0.00766853
0.00222258
0.00819938
0.00178539
0.0046476
0.0105626
0.00221049
0.00936966
0.0140473
0.0083954
0.73851
0.00749751
0.00358751
0.00866269
0.00557889
0.00750168
0.00750408
0.0106125
0.00968348
0.00923971
0.00344608
0.00466368
0.00844832
0.0103263
0.0120157
0.00681746
0.00217514
0.0149578
0.00623561
0.00413614
0.00641616
0.00562098
0.0155055
0.00963026
0.00541821
0.00562865
0.0133418
0.0101055
0.00452182
0.00336678
0.00509396
0.00681794
0.0173784
0.00799465
0.0121148
0.00743235
0.00292019
0.0156077
0.00912471
0.00364175
0.00846039
0.00345842
0.0173171
0.00893767
0.0194965
0.00884195
0.00718872
0.0142329
0.0157817
0.0143178
1.09072
0.0421581
0.0164376
0.0318395
0.00459137
0.0199636
0.00849247
0.0164103
0.00912545
0.00976285
0.00563525
0.0100495
0.0115733
0.0177801
0.0111538
0.0142116
0.0253445
0.00466026
0.0211435
0.0091578
0.00736942
0.0219225
0.0254246
0.0117832
0.0172717
0.0163667
0.00860741
0.0158199
0.0197715
0.0115884
0.0126452
0.00943135
0.0100121
0.0264344
0.0204168
0.0174905
0.0105588
0.00702801
0.0129923
0.0152217
0.0201845
0.0083759
0.00839158
0.0233288
0.0181789
0.0237187
0.00985531
0.00479771
0.00734523
0.0157419
0.0097738
0.0301074
0.0162874
0.0154522
0.0316058
0.0192917
0.00520971
0.0180892
0.00886587
0.00601266
0.0185027
0.0168188
0.0128915
0.00820095
0.016198
0.0202305
0.0165695
0.0126003
0.0192699
0.0224033
0.018202
0.0134916
0.00382899
0.00861977
0.0113054
0.0172612
0.00653361
0.0177064
0.0111541
0.00662428
0.0105927
0.00345805
0.016237
0.00292507
0.0194143
0.0132594
0.0158594
0.00385674
0.0022817
0.0111717
0.0135981
0.0158029
0.0204423
0.00609334
0.0103694
0.00866797
0.00792131
0.0173043
0.0111966
0.0107276
0.0140727
0.00393255
0.00652085
0.0123758
0.0153331
0.0207073
0.0105691
0.00312273
0.00744461
0.0162062
0.0121165
0.0084472
0.00989096
0.0230588
3.33103
0.0175029
0.0124946
0.0207623
0.00514739
0.0241238
0.0149849
0.00649448
0.0407889
0.0121608
0.0127352
0.0034875
0.00723855
0.00850461
0.0136309
0.00596219
0.00982039
0.0162981
0.00581943
0.0295028
0.00715896
0.0133387
0.802348
0.00457309
0.00859505
0.0129595
0.00682205
0.0070265
0.0335804
0.0191879
0.014383
0.0190404
0.00540464
0.00868487
0.00708251
0.0206312
0.031785
0.0172758
0.0252423
0.0202455
0.0156533
0.0113733
0.00308536
0.00972796
0.00534205
0.00448832
0.016814
0.0051969
0.013993
0.00283925
0.0102571
0.0109143
0.0044849
0.00340785
0.0042134
0.00936998
0.0095023
0.015606
0.0213964
0.0135291
0.030455
0.0138735
0.768997
0.155187
0.00571012
0.00310965
0.00166271
0.0733333
0.115399
0.0082969
0.0219784
0.00365147
0.00325379
0.421103
0.0120211
0.0196379
0.144465
0.0187646
0.0347249
0.00662348
0.0103473
0.0764235
0.242591
0.0114009
0.00783303
0.986763
1.21498
0.0102269
0.0115167
4.95889
0.01307
0.0330823
0.00559553
0.00406945
0.025835
0.00717859
0.0181174
0.0973687
0.00601752
0.00652014
0.0047754
0.0779268
0.00981375
0.002035
0.00692866
0.00431304
0.018975
0.0105852
0.0107443
0.00638402
0.0188982
0.00185746
0.00952353
0.642768
0.0143347
0.13667
0.0278716
0.00778569
0.00947383
0.00552768
1.35905
0.559923
0.00713846
0.135304
0.157278
0.0164556
0.00833513
0.00947314
0.163991
0.0171574
0.00941437
0.00333804
0.0134405
0.0088398
0.342476
0.0383601
0.00681138
0.0119015
0.0117531
0.0566504
0.00417101
0.20516
0.0145234
0.010319
0.00965442
0.0213073
0.0280551
0.0789569
0.0787992
0.23685
0.00826784
0.00381312
0.011371
3.19511
0.0375586
0.0214615
0.0229394
0.00591903
0.00894039
0.0179896
0.0055467
0.0331058
0.00621277
0.00909961
0.00999579
0.00585144
0.0115458
0.0350487
0.00762003
0.0298456
0.00535902
0.0028138
0.0220909
0.0158562
0.922617
0.0184598
0.00883243
0.00849579
0.00786655
0.00274424
0.00722845
0.0220658
0.00883925
0.0196681
0.00269921
0.0254717
0.0158819
0.0171732
0.0148977
0.0113837
0.0272748
0.024253
0.0162702
0.0238482
0.00937401
0.00601113
0.0148995
0.0373804
0.0160385
0.00572196
0.00478505
0.0131559
0.00591991
0.040535
0.0274843
0.00923332
0.0135355
0.0637713
1.1657
0.00581124
0.0865729
0.0073622
0.0154979
0.0386032
0.00308076
0.00447721
0.00453253
0.983885
0.144324
1.20581
0.00222481
0.0137953
0.0137176
0.014212
0.0449408
0.0191918
0.0151973
0.363048
0.0199596
0.00814525
0.0167733
0.0245196
0.0226509
0.498244
0.0403658
0.00895673
0.021816
0.0102465
0.00595906
0.01355
0.0057541
0.00704764
0.0668077
0.00278292
0.00879863
0.012074
0.527735
0.010615
0.0199073
0.0182209
0.00811288
0.00555338
0.0406722
0.0438526
0.219781
0.00619867
0.0143685
0.00906877
0.00795274
0.00773049
0.00900364
0.0732563
0.0250016
0.0819185
0.0233752
0.00397248
0.0180621
0.00353595
1.06524
0.0052088
0.0400214
0.0178852
0.0147026
0.0145262
0.267564
0.404161
0.0154375
0.00909474
0.0754126
0.167966
0.0352025
0.0995903
0.108267
0.0156542
0.115949
0.00814631
0.00215607
0.0280637
0.0181298
0.00539143
0.00357557
0.00645884
0.011623
0.00383402
0.00590234
0.0219579
0.00772374
1.7926
0.0128497
0.012071
0.00656247
0.0080999
0.00902294
0.00801106
0.0481803
0.00712832
0.102993
0.29346
0.00586178
0.131339
0.0053257
0.00848923
0.0109782
0.00348529
0.00350098
0.0163281
0.00630377
0.0110013
0.218334
0.0266847
0.0498672
0.383996
0.018234
0.00453323
0.0142691
0.00272624
0.00935655
0.00396871
0.00597903
0.00472121
0.109241
0.0071713
0.00224607
0.121733
0.0136298
0.0330184
0.294733
0.0999033
0.0145501
0.0091537
1.35511
0.0763372
0.0635699
0.00696151
0.00344832
0.0160944
0.00719357
0.148637
0.069559
0.0118722
0.0328525
0.0106609
0.0077184
0.0984374
0.00475974
0.0183054
0.116173
0.00814961
0.00749561
0.0421552
0.0396559
0.832201
2.89964
0.00667109
0.290276
1.14114
0.585891
0.0106378
0.0149833
0.0996525
0.0291552
0.0396288
0.0218523
0.0158065
0.698193
0.00402574
0.00652737
0.00980148
0.00657174
0.00295939
0.0031355
0.0055941
0.0208718
0.346294
0.399648
0.00753679
0.0188405
0.675275
0.00674018
0.00833805
0.00265153
0.00508535
0.00255897
0.0145321
0.00441094
0.00739604
0.0115936
0.00747152
0.00956228
0.0142634
0.675186
0.0073999
0.00262236
0.00710044
0.0143918
0.00658724
0.0468242
0.00382827
0.00741269
0.597137
0.289057
0.0158349
0.050407
0.334347
0.743577
0.0356631
0.242853
0.00646945
0.0254539
0.0100086
0.391579
0.154808
0.107377
0.0105929
0.0882813
0.000318624
0.2
0.0725753
0.0592996
0.0126217
0.00358363
0.00457549
0.0288588
0.297741
0.0063365
0.358208
0.186914
0.160565
0.0151884
0.0107191
0.00141739
0.0146817
0.237621
0.0639886
0.0437057
0.00425599
0.0448793
0.00446122
0.00995772
0.00488393
0.00555724
0.808233
0.0105252
0.459654
0.214447
0.105325
0.0226661
0.0163713
0.00912239
0.0221746
0.551234
0.0125736
0.0244678
0.0149045
0.00733505
0.00580451
0.00489851
0.035262
0.0107985
0.0113022
0.0393342
0.0610133
0.0231155
0.00769028
0.010375
0.0101809
0.011274
0.0168164
0.00357204
0.00682853
0.0334624
0.0185652
0.0486089
0.0222597
0.00299621
0.0159447
1.07062
0.0816162
0.0077234
0.0119774
0.0909741
0.0209527
0.00721396
0.00994565
0.0203157
0.00951023
0.0166354
0.00155468
0.0230212
0.0121311
0.0248759
0.0306601
0.0633327
0.0481265
0.00112308
0.0115548
0.0243538
0.533488
0.0490181
0.0043959
0.0116893
0.00490383
0.00743341
0.00584453
0.0499225
0.00897723
0.0441947
0.0096587
0.00286473
0.00618392
0.00325394
0.0891282
0.0537193
0.538606
0.0110069
0.0393756
0.00500793
0.0238808
0.035429
0.0156069
0.00263416
0.0123188
0.0112118
0.020291
0.0225132
0.00745465
0.871909
0.0134384
0.011592
0.00905269
0.00813239
0.73315
0.00415264
0.014427
0.00896766
0.00912632
0.25206
0.388641
0.00875011
0.0345618
0.0386939
0.0850818
0.0160094
0.0158425
0.0034312
0.345412
0.0501323
0.018038
0.00768924
0.00989364
0.017059
0.00246125
0.00100731
0.00448231
0.193414
0.0032548
0.0203278
0.0132651
0.0025201
0.0118578
0.00989671
0.015362
0.0109812
0.00533149
0.00153932
0.992885
0.00387454
0.94168
0.0062481
0.0357254
0.00710652
0.0131443
0.991573
0.0335571
0.0674072
0.012456
0.0141883
0.0142175
0.00219137
1.20824
0.00529114
0.782623
0.0065741
0.00657093
0.0282179
0.00658095
0.0180507
0.00910019
0.0020951
0.00505221
0.00572435
0.0140755
0.0079722
0.0127201
0.0104625
0.0176458
0.00452702
0.0277314
0.0131972
0.0193702
0.0374902
0.0507854
0.0196148
1.41169
0.0126374
0.0148677
0.0486396
0.00651788
0.0211536
0.0430257
0.0162249
0.0288878
0.00849674
0.0207553
0.0157029
0.0332041
0.00880526
0.0112779
0.00247238
0.0153545
0.00885521
0.00744278
0.0109882
0.024607
0.013405
0.0303483
0.000521445
0.477691
0.0259636
0.00309353
0.0310519
0.00862768
0.00651932
0.0410763
0.00949193
0.0298169
0.035024
0.0175818
0.00282431
0.018785
0.00981351
0.0342246
0.0172028
0.0463427
0.0136878
0.0010137
0.0123699
0.0132526
0.00585921
0.0287094
0.0122218
0.00150634
0.0107299
0.00223767
0.00721061
0.00611105
0.00725749
0.00976087
0.00816424
0.0112886
0.0104283
0.00759079
0.00551766
3.7674
0.0255013
0.0110153
0.010677
0.00473175
0.00744386
0.0216784
0.00869554
0.00230932
0.0126986
0.0148224
0.00462767
0.0104449
0.0257962
0.0279334
0.00891965
0.002539
0.0930841
0.0113419
0.00507224
0.0176093
0.0111698
0.0173948
0.0125101
0.0188278
0.00908643
0.00798717
0.0124842
0.0250567
0.0142863
0.00721882
0.0322421
0.0206819
0.00842463
0.00731331
0.0314925
0.0198128
0.0046431
0.0302062
0.0112852
0.00376817
0.00345003
0.0093626
0.00579598
0.0175348
0.0198827
0.00622826
0.00545872
0.0127039
0.0121673
0.0133904
0.00869894
0.00973668
0.0100832
0.0324711
0.0131655
0.021358
0.00739277
0.0134996
0.0152751
0.011184
0.00415652
0.0046751
0.0102669
0.0175261
0.00555261
0.00724989
0.0256475
0.0176484
0.00907347
0.0212881
0.0197269
0.00353457
0.00358234
0.0108184
0.0106636
0.021909
0.00333699
0.00512319
0.00820415
0.0107516
0.00661619
0.00251047
0.0106675
0.0127588
0.00468681
0.0100742
0.02967
0.00812106
0.00765484
0.00587369
0.00419405
0.0106833
0.00470204
0.0119567
0.0188849
0.00670756
0.00851895
0.00539634
0.00803756
0.0238121
0.0033597
0.00785885
0.00988819
0.00605315
0.00771175
0.00627362
0.0111627
0.0214377
0.00489994
0.00445099
0.0454992
0.0191558
0.0168104
0.0198684
0.00722748
0.00211476
0.00165885
0.00863757
0.0166356
0.00234863
0.00650785
0.00542591
0.000909758
0.00947566
0.00648748
0.0176988
0.0317064
0.00271687
0.0125797
0.00889914
0.00299758
0.00400558
0.0316898
0.00586878
0.00548189
0.010689
0.343261
0.0134218
0.00964948
0.00658522
0.00910588
0.0202366
0.00983411
0.0189045
0.00588979
0.0145084
0.011968
0.0101161
0.00609836
0.0124451
0.0077165
0.00530001
0.0137195
0.00955845
0.0103966
0.00601078
0.00529356
0.00870296
0.00260859
0.00353564
0.840452
0.0278048
0.0339684
0.358398
0.00636178
0.397264
4.09744
0.105913
0.636672
0.492094
0.00339434
0.0281037
0.0513814
0.00708116
0.0232843
0.26031
0.784762
0.526583
0.0778253
0.0396201
0.019361
0.018106
0.5141
0.105189
0.0518598
0.48482
0.225631
1.187
0.00222747
0.29169
0.00619576
1.0438
0.0072331
0.0544946
0.0194578
0.232356
0.0211447
0.0337206
0.0711332
0.00236478
0.0229364
0.0576859
0.0198971
0.0269335
0.0110699
0.00897762
0.0187204
0.0185134
0.00351271
0.00567621
0.00702241
0.00495431
0.319527
0.00646173
0.00345598
0.0440065
0.0251865
0.0109468
0.0132374
2.15965
0.765638
0.00938068
0.0595483
0.011015
0.359446
0.19858
0.0131157
0.0186495
0.0121953
0.00902032
0.242033
0.00430976
0.00826186
0.0128912
0.0228459
0.514125
0.0163559
0.00513147
0.0220964
0.0141216
0.0165119
0.704656
0.00902399
0.00258978
0.0104844
0.0658294
0.160119
0.0130136
0.0287922
0.00377574
0.0136809
0.00814956
0.0147457
0.0462251
0.00412246
0.131411
0.00338216
0.268196
0.00545169
0.0127823
0.0078923
0.0192764
0.0109389
0.120036
0.00625442
0.020232
0.00672
0.0274579
0.0741165
0.00541718
0.019992
0.00576537
0.0126482
0.00817918
0.0045221
0.00854219
0.00469881
0.010899
0.409909
0.0170535
0.00433612
0.0202629
0.236927
0.00444019
0.0220462
0.0126236
0.00370608
0.00640017
0.017619
0.0108678
0.00580765
0.00769359
0.00739487
0.00322446
0.0150743
0.00415789
0.0980123
0.0203892
0.00553032
0.0132792
0.00634091
0.0200811
0.00147571
0.0118118
0.572587
0.00525817
0.0102887
0.00956471
0.0137863
0.0102536
0.0831012
0.00547509
0.0756117
0.00703232
0.0028285
0.00631851
0.573861
0.205272
0.0218994
0.213664
0.0248234
0.0028844
0.0427191
0.135373
0.038169
0.257319
0.0342155
0.397826
0.588332
0.0343691
0.234798
0.181145
0.170492
0.0130241
0.0391277
0.622589
0.206859
0.0103717
0.142937
0.0575348
0.814813
0.0139478
0.0101241
0.235294
0.0418869
0.0146541
0.537063
0.00733379
0.00316342
0.176557
0.148105
0.0104476
0.236183
0.0162262
0.234645
0.0443913
0.0837693
0.766977
0.0125571
0.0991261
1.20947
0.00474532
0.0308849
0.0136408
0.144816
1.00555
0.0502955
0.0983597
0.0302319
0.600229
0.274402
0.00498117
0.110915
0.142942
0.00835214
0.00534642
0.0378772
0.00395632
0.00537065
0.0536623
0.231536
0.34654
0.0124166
0.222622
0.177962
0.00716119
0.0053496
0.206774
0.0178962
0.00390599
0.242433
0.0350981
0.112073
0.0202294
0.181142
0.0107508
0.0105853
0.029111
0.00313786
0.00310602
0.210033
0.00385325
0.0143403
0.0763615
0.0148695
0.0278694
0.040127
0.00402896
0.00374585
0.0249701
0.165995
0.0031547
0.00736661
0.223295
1.01561
0.00637019
0.00576876
0.0834011
0.00345361
0.0246227
0.00830964
0.45955
0.0212716
0.0193384
0.0352364
0.0100075
0.167501
0.247414
0.00828871
0.0057434
0.265714
0.0381848
0.0104962
0.0246708
0.00343966
0.0306087
0.0053708
0.00563371
0.0147886
3.11763
0.00306265
0.528029
0.021446
0.0229571
0.00316165
0.0169809
1.4305
0.0274474
0.00914969
0.0102968
0.0186594
0.0156139
0.0138328
0.0108205
0.015579
0.0030079
0.01935
0.0866204
0.00131366
0.0266058
0.0177713
2.84525
0.0178041
0.300175
0.0893417
0.00202783
0.283736
0.0269827
0.00242766
0.0512885
0.0155381
0.0299163
0.0510278
0.011128
0.00806876
0.0772495
0.00630826
0.0937319
0.0117517
0.204882
0.0159425
0.126211
0.0282703
0.0235097
0.281884
0.306964
0.00125273
0.194114
0.0216146
0.00568629
0.0654028
0.00873167
0.0448025
0.00612886
0.00793069
0.0035062
0.0102853
0.151679
0.31811
0.00517988
0.00473798
0.00668683
0.00514839
0.00963658
0.469807
0.0879098
0.0214662
0.00739736
0.00610007
0.0176379
0.379308
0.00416588
0.111456
0.0177848
0.00172957
0.589142
0.00224067
0.0098735
0.248817
0.319063
0.0532703
0.0230465
0.00476702
0.048008
0.161099
0.00846131
0.0318706
0.0132881
0.00960888
0.0496428
0.00382944
0.0111759
0.0110607
0.17493
0.0231573
0.0201563
0.02295
0.0247081
0.0187168
0.112393
0.0258698
0.00763113
0.00335824
0.384713
0.00692737
0.00305757
0.0082186
0.454312
0.0302195
0.0112399
0.22371
0.00190178
0.00318986
0.0115584
0.0637362
0.00399726
0.293671
0.945349
0.0211567
0.0132304
0.00175899
0.010884
0.0130136
0.0136934
0.00303402
0.321356
0.0579481
0.00778738
0.240605
0.305337
0.00230094
0.0151297
0.0125136
0.395712
0.0132559
0.0400861
0.00863164
0.00799251
0.0143121
0.0132638
0.171348
0.356529
0.00650971
0.00741226
0.0238345
0.0231425
0.0125302
0.0135041
0.480259
0.00831499
0.0240857
0.106985
0.0153018
0.0156195
0.035873
0.0270732
0.039448
0.00682084
0.00113124
0.0182793
0.073647
0.0154288
0.0199081
0.473577
0.00884385
0.101074
0.0144715
0.233266
0.127076
0.00355834
0.0139399
0.307812
0.0648034
0.00259759
0.0106046
0.261862
0.00622984
0.00778501
0.107831
0.0353303
0.211763
0.0130382
0.0341225
0.0112888
0.135955
0.50338
0.00553417
0.0274364
0.00930381
0.00298703
0.0109764
0.0217354
0.262665
0.0110033
0.0152687
0.00701532
0.0167859
0.012265
0.359225
0.00367995
0.799726
0.00217154
0.117424
0.0122762
0.0603096
0.0868025
0.000921347
0.00931501
0.00596673
0.0157198
0.0141898
0.00796639
0.00698173
0.00947938
0.00241547
0.00773026
0.00285149
0.871245
0.00845941
0.00704633
0.00786877
0.00377209
0.00337006
0.00768836
0.0903192
0.00645666
0.0186633
0.0144078
0.00166718
0.142075
0.339857
0.0563085
0.00387306
0.05964
0.0106865
0.00200653
0.0614328
0.00616939
0.00336888
0.09436
1.54181
0.0182679
0.28056
0.301802
0.01233
0.0576475
0.00272912
0.221394
0.00402809
0.385722
0.125405
0.37305
0.00234891
1.21349
0.00454668
0.582035
0.442019
0.310196
0.00497473
0.361504
0.196662
0.0208311
0.053396
0.00373471
0.00304998
0.184312
0.0399114
0.00869897
0.0203118
0.0067302
0.0122829
0.00439721
0.258685
0.0737292
0.00956064
0.00499777
0.0211018
0.00255332
0.304855
0.262812
0.652149
0.006321
0.00894682
0.0208623
0.0112728
0.0357453
0.100593
0.00701739
0.0142062
0.037539
0.00759329
0.198036
0.0898649
0.0109093
0.00350973
0.0109833
0.400967
0.621226
0.0230668
0.00497813
0.414496
0.044434
0.376282
0.0133567
0.0172527
0.00897227
0.357461
0.00130223
0.0777185
0.0676266
0.184422
0.0183342
0.0955405
0.390638
0.452113
0.166886
0.0588176
0.0183074
0.522419
0.00467363
0.020522
0.00606834
0.0126139
0.00917302
0.0132276
0.0192022
0.0612962
0.892089
0.00301039
0.0560059
0.00887957
0.521649
0.00250037
0.0237281
0.210688
0.0182093
0.0704088
0.370698
0.00914144
0.565329
3.71767
0.014494
0.07375
0.0711606
0.0568571
0.589273
0.00593583
0.0193954
0.025411
0.0328317
0.00353237
0.133677
0.0238305
0.0181081
0.0367516
0.0113913
0.00525309
0.0613233
0.00434991
0.348112
0.153291
0.00340912
0.083922
0.0183877
0.0183047
0.105508
0.011258
0.0168731
0.842368
0.412001
0.00400654
0.00795925
0.603103
0.0222874
0.021545
0.0637477
0.00587383
0.00805108
0.0148248
0.0256702
0.158364
0.00330408
0.184429
0.893
0.548254
0.110888
0.0252584
0.00590566
0.0140977
0.00950678
0.524602
0.177209
0.0110538
0.934942
0.146819
0.241964
0.0176606
0.0101855
0.0219855
0.225434
0.0142708
0.0145464
0.014175
0.609763
0.03765
0.336929
0.0578257
0.124749
0.00339858
0.0020561
0.0193439
0.582312
1.30694
0.0200776
0.00541242
0.51416
0.0210686
0.00882382
0.0115011
0.0207567
0.0221341
0.00753579
0.00903977
0.0386281
0.00940471
0.0112353
0.0127821
0.00312999
0.00585632
0.0177192
0.011765
0.132004
0.0354613
0.380449
0.0112372
0.276298
0.10546
0.00993738
0.00580397
0.06588
0.0295495
0.00688484
0.00209149
0.125269
0.0136622
0.0322021
0.22388
0.0295485
0.0106375
0.0232287
0.0025763
0.00906578
0.111208
0.0487824
0.444269
0.0123565
0.0209644
0.0108651
0.455918
0.00850246
0.00679612
0.0540368
0.0214668
0.0468821
0.00226137
0.0055249
0.0930531
0.00626492
0.0044437
0.0308299
0.141607
0.0905043
0.0251141
0.00608902
0.0335302
0.0852937
0.00501018
0.0108765
0.00558699
0.00593399
0.0139601
0.0315856
0.0393317
0.0843482
0.0590949
0.0472539
0.141658
0.00721336
0.121567
0.0780835
0.0215456
0.396837
0.0101184
0.0233823
0.0142233
0.00585872
0.00953581
0.0147172
0.0225653
0.0119667
0.0110552
0.0118011
0.0280388
0.252572
0.00344632
0.246866
0.00551433
0.0172628
0.0379821
0.115085
0.00822633
0.00858626
0.00924482
0.0159293
0.00814465
0.00672537
0.00418399
0.00325058
0.111608
0.0132294
0.072416
0.00442311
0.0574317
3.89544
0.00247158
0.209215
0.0110813
0.0320807
0.018799
0.0744475
0.00363513
0.00586099
0.00343067
0.0134761
0.0246052
0.0080365
0.00869674
0.0686777
0.00550797
0.007111
0.00909881
0.102577
0.0166074
0.00654086
0.00414156
0.00256341
0.0099818
0.00665256
0.0275331
0.00497577
0.0160669
0.00978226
0.0245774
0.0030939
0.00978091
0.00508492
0.00879997
0.0086334
0.042756
0.0028762
0.0074924
1.58149
0.00673736
0.00233051
0.00689204
0.0454052
0.0105848
0.00520757
0.00651967
0.00684737
0.00463116
0.0158466
0.0103772
0.0176165
0.0113354
0.0149938
0.00829172
0.00100445
0.00534453
0.00239396
0.00234925
0.00215917
0.00281819
0.00419551
0.00899556
0.0273016
0.00614988
0.011281
0.00875134
0.00391309
0.00239223
0.0141562
0.00789605
0.00246663
0.00449308
0.010021
0.0136931
0.00674231
0.0104417
0.00517537
0.0123504
0.00580277
0.00486415
0.0133943
0.00977901
0.00438985
0.0027033
0.00791108
0.00374779
0.00771144
0.0276561
0.0312353
0.103157
0.03819
0.0051587
0.0107556
0.0472036
0.00433843
0.010031
0.0320455
0.00687015
0.0144371
0.00888051
0.0122231
0.0225891
0.00517016
0.0108039
0.000731826
0.00809954
0.0162744
0.00786869
0.00992259
0.0140021
0.00165017
0.00743606
0.961583
0.0103929
1.08562
0.0368869
0.611179
0.950518
1.12685
0.0166864
1.16792
0.00603242
0.206853
0.159156
0.00958038
1.73831
0.00763563
0.00434714
0.00511073
1.37899
0.00326789
0.00861821
0.00801968
0.00725662
0.00695151
0.042951
0.0122385
0.007861
0.00165472
0.0106101
0.0116938
0.0082271
0.00707681
1.44202
0.0129609
0.00515379
1.14466
0.0126733
0.0128668
0.00644182
0.00438401
0.0158185
0.00792332
0.00926128
0.010045
0.00454967
0.00949191
0.021621
0.00419024
0.00393098
0.0236476
0.00627926
0.00325352
0.0047057
0.00742688
0.00671234
0.0122594
0.0197598
0.0223104
0.00949139
0.0156365
2.01478
0.107606
0.00810635
0.00246301
0.00847122
0.00502259
0.0128784
0.0165015
0.011644
0.402474
0.0156586
0.027897
0.310161
0.00243467
0.810408
0.00126753
0.00172299
1.03449
0.0185846
0.00229891
0.0112236
0.0150016
0.10213
0.00519855
0.0452476
0.0104398
0.00791048
0.0425825
0.010969
0.0103414
0.00332771
0.00864616
0.00313554
0.0195852
0.0164039
0.00701521
0.00577755
0.00419412
0.0286265
0.427937
1.33861
0.0065905
0.0195334
0.00947926
0.00902438
0.00502435
0.00707664
0.030462
0.00769524
0.975922
0.0117902
0.00734538
0.00659433
0.0243786
0.00713194
0.00640196
0.0410322
0.0177208
0.00177713
0.00719529
0.0111766
0.00136434
0.00140659
0.0145335
0.171554
0.91092
0.0149015
0.351433
0.00888712
0.416483
0.0117327
0.0337534
0.013077
0.00664141
0.00768714
0.0101657
0.0625756
0.0202767
0.00585798
0.0151616
0.0189496
0.0038138
0.00427003
0.00166573
0.012118
0.0120585
0.0182775
0.0107255
1.28071
0.00829488
0.0139874
0.0163596
0.0113315
0.0133729
0.0502568
0.286279
0.00638999
0.0387694
0.022733
0.019671
0.0469495
0.00830551
0.00335328
0.0260223
0.988281
0.0272048
0.725729
0.00736384
0.0156501
0.00973817
1.16905
0.00378959
0.0129649
0.0335493
0.0288518
0.574099
0.0221349
0.0245024
0.0019943
0.00699089
0.0491581
0.00525041
0.00362027
0.00303823
0.00205241
0.521204
0.0147486
0.0188918
0.0313537
0.0441094
0.572251
0.0438239
0.00421906
0.0026433
0.0222018
0.0109826
0.00834544
0.00299664
0.0216783
0.367297
0.0157675
0.00542727
0.00919359
0.0780686
0.00502595
0.00326797
0.0128973
0.0103648
0.00748826
0.0046603
0.00859404
0.0055219
0.00257467
0.011731
0.0123757
0.0151716
0.019795
0.0188683
0.00477296
0.0110332
0.0184951
0.0126206
0.0181378
0.00432959
0.0138749
0.489738
0.0262282
0.00721355
0.00839898
0.0043862
0.0120273
0.00312408
0.010945
0.00771492
0.0154418
0.000432796
0.0164789
0.352645
0.0148247
0.00297406
0.00653895
0.00456158
0.0121531
0.736023
0.00374088
0.00880208
0.0169336
0.851298
0.000854474
0.0185821
0.00693752
0.0135745
0.0112921
0.00304428
0.00238386
0.00889518
0.00939497
0.0095976
0.0112505
0.0186353
0.0139089
0.935834
0.0110356
0.00470118
0.00409519
0.00547478
0.0138369
0.0148998
2.77331
0.00541016
0.107719
0.00715147
0.00819578
0.00639936
0.432164
0.0132735
0.00443216
0.017498
0.0128874
0.00367247
0.0122242
0.00190983
0.0105512
0.0118489
0.00794181
0.0114361
0.889645
0.00538661
0.00338703
0.15202
0.0107153
0.00809603
0.0199367
0.0141013
0.088376
0.00709027
0.002701
1.72621
0.00869087
0.00666396
0.00591615
0.0056039
0.0131618
0.00992811
0.0083154
0.00807306
0.842046
0.725223
0.0295407
0.0188022
0.0123418
0.00467695
0.476179
0.000275744
0.00477324
0.0217172
0.00356035
0.00405004
1.04492
0.00465643
0.0176107
0.00646444
0.0142025
0.00274994
0.00584667
0.0138775
1.86854
0.0103965
0.00610354
0.00339843
0.00867945
0.00494474
0.00577788
0.00097776
0.00753803
0.0116904
0.00369398
0.0414705
0.0135377
0.00968009
0.0117844
0.00268108
0.00342923
0.0135797
0.00836773
0.00543805
0.020541
0.00619891
0.00776018
0.00421864
0.00708067
0.0181733
0.00506379
1.09235
0.00565989
0.441017
0.0661159
0.0152718
0.00705693
0.00318269
0.535209
0.00506473
0.00793988
0.00665758
0.00776523
0.0106022
0.00729477
0.00690538
0.507777
0.0191994
0.0148631
0.0386401
0.0136699
0.00233148
0.00547455
0.00435131
0.00714733
0.00479624
0.00279206
0.00218184
0.0104254
0.0062897
0.00405337
0.00729628
0.131961
0.00442717
0.0138528
0.0177481
0.00201823
0.00472319
0.0121525
0.00197328
0.00942116
0.00354916
0.00751093
0.00561519
0.0375486
0.0172288
0.00751296
0.00884264
0.00808319
0.00470569
0.0116444
0.0265069
0.00253994
0.00310215
0.00199107
0.0153795
0.00544829
0.00312557
0.183455
0.00892962
0.00522191
0.0117079
0.669996
0.00643535
0.00859007
0.0303517
0.00409032
0.00893936
0.0143943
0.0113751
0.0182872
0.0020562
0.00773996
0.00559099
0.128991
0.0185725
0.00976307
0.00692145
0.00308592
0.0162219
0.0176809
0.0095635
0.00965842
0.046778
0.0444729
0.00724558
0.033093
0.00222565
0.00476565
0.00467225
0.00949761
0.00874089
0.169306
0.377639
0.00571476
0.00715122
0.0114632
0.049541
0.170728
0.0580026
0.0111692
0.0169257
0.0173651
0.00743538
0.585819
0.0352786
0.0221009
0.0650907
0.018947
0.0367042
0.0118266
0.00353812
0.0516171
0.0102247
0.00567293
0.026809
0.0137224
0.136717
0.010848
0.00452106
0.0601555
0.00209092
0.00694808
0.019333
0.375418
0.0139035
0.00387065
0.0356569
0.0753584
0.22785
0.00473134
0.00776025
0.078532
0.607133
1.16362
0.200326
0.790606
0.11932
0.0874351
0.0249103
0.296981
0.0019222
0.0169407
0.563662
0.148442
0.0193387
0.0177673
0.00405504
0.00971938
0.0273101
0.0452228
0.00578933
0.253752
0.0203167
0.0561752
0.0134252
0.0073317
0.0165571
0.00440177
0.0173572
0.0203081
0.0136163
0.821809
0.0162723
0.0656158
0.0167056
0.00678322
0.00200538
0.0911804
0.0222126
0.0458341
0.0904222
0.0171123
0.0100787
0.173728
0.0117213
0.742155
0.00338404
0.029868
0.0451931
0.480915
1.24749
0.00795511
0.313086
0.788396
0.438484
0.00765901
0.0180029
0.0325624
0.0110289
0.00425552
0.0146837
0.00370145
0.036543
0.0547354
0.00811139
0.179909
0.00409717
0.567052
0.00775757
0.010138
0.00488587
0.00579337
0.015468
0.0315532
0.00686846
0.0030055
0.618052
0.00868832
0.00997745
0.00480007
0.109532
0.018343
3.69432
0.0153654
0.00349798
0.0118995
0.0161673
0.0358701
0.00477026
1.41491
0.0107864
0.0227547
0.0194221
0.0134368
0.00796028
0.0963875
0.0077005
0.0843288
0.0250357
0.0106607
0.00822221
0.00908411
0.00349683
0.0078306
0.0154606
0.0912395
0.00584583
0.0162512
0.052683
0.0722496
0.00653173
0.00911196
0.0145051
0.0239919
0.0307409
0.0266964
0.00362022
0.0377529
0.00265596
0.0491638
0.00263193
0.00301569
0.00175161
0.00674681
0.0043756
0.0167861
0.0105995
0.0820946
0.00714607
0.00804526
0.0265919
3.5676
0.0341513
0.00428149
0.0190608
0.00561298
0.0402547
0.00386791
0.00978212
0.0589601
0.0195473
0.0215349
0.00471011
0.00835405
0.0108146
0.00577909
0.00457054
0.0189606
0.317722
0.0127701
0.00814814
0.00264806
0.0116786
0.00301345
0.000781061
0.0236304
0.00774901
0.026118
3.86955
0.0499694
0.00291703
0.01401
0.0183369
0.0080488
0.00394059
0.0174977
0.00577044
0.00869813
0.00781231
0.00712686
0.00581784
0.00817894
0.286794
0.00365361
0.0955407
0.0093277
0.0101788
0.000550847
0.0105839
0.00589552
0.012196
0.0270378
0.0236283
0.0202173
0.00773358
0.573268
0.0464742
0.00554329
0.0107834
0.54087
0.00905387
0.0148307
0.00760686
0.0108186
0.0150901
0.0102419
0.00658153
0.00945354
0.0139072
0.00307278
1.13187
0.0137465
0.00726117
0.00959169
0.00883009
0.0187905
3.53833
0.00558559
2.27144
0.0041565
0.00491548
0.0191991
0.0167632
0.0115441
0.00445878
0.0187611
0.00965683
0.0348558
0.0057932
0.00347496
0.0031963
0.0036013
0.253939
3.28505
0.0057823
0.0104978
0.00861399
0.00234379
0.0101737
0.0114649
0.007351
0.00683261
0.0139893
0.00951804
0.00352062
0.00531738
0.000547517
0.0134156
0.00704277
0.0873284
0.0747575
0.00292014
0.0749914
0.0299636
0.00275413
2.89147
0.0148288
0.00552409
0.00841552
0.00946855
0.00429826
0.0163667
0.00638249
1.43252
0.0243551
0.00754906
0.941071
0.00644065
1.48226
0.0295144
0.445329
0.0299487
0.0194574
0.015141
0.0206832
0.00190217
0.00657891
0.0402575
0.00398224
0.0199096
0.00804615
0.0307964
0.00630442
1.48757
0.00526725
0.0232741
0.00484299
0.0032206
0.320977
0.00399803
0.00326855
0.0154184
1.15259
0.0179456
0.0170075
0.01809
0.0197609
0.0425639
0.00602352
0.00238067
0.00454574
0.133934
0.00850324
0.0193679
0.0503103
0.00265189
0.0784483
0.00654829
0.0146864
0.741629
0.00631079
0.33854
0.0111636
0.03835
0.00670091
0.00553635
0.0267808
0.044356
0.0446609
0.32478
0.00837131
0.00417631
0.0507827
0.00677161
0.0781304
0.00587702
0.888631
0.0168602
0.00966598
0.0256551
0.0264966
1.20525
0.00280626
0.010703
0.00416808
0.0170487
0.0165073
0.00892515
0.00568651
0.00860497
0.0162469
0.00743575
0.013487
0.00410312
0.0696274
0.0265723
0.0628953
0.00264646
0.00317423
0.00547991
0.00320317
0.45628
0.00173585
0.00712859
0.00408561
0.0171565
0.0303787
0.029074
0.035807
0.010723
0.0480362
0.01493
0.00493313
0.00205708
0.0136436
0.0300708
0.0429721
0.00801023
0.0265077
0.0114802
0.00686331
0.00685586
0.0130264
0.0107659
0.019307
0.0036396
0.0049711
0.118306
1.78483
0.0109105
0.00713921
0.00492376
0.0167138
0.0656739
0.0110249
0.00801142
0.018954
0.0337575
0.00555379
0.0137652
0.00389167
0.028174
0.0112355
0.0137512
0.006025
0.00781009
0.00530712
0.0121726
0.0132098
0.00852636
0.0140468
0.031526
0.00266415
0.0365441
1.68167
0.953315
0.143984
2.99556
0.0286592
0.012546
1.22134
0.0171792
0.00654838
0.00457524
0.577061
0.00413765
0.00257443
0.00686057
0.00620484
0.00922159
0.0086991
0.00232987
0.00478599
0.0126979
0.591515
0.00222517
0.0173168
0.0204057
0.0098624
0.0151207
0.0111015
0.0197389
0.000840915
0.00470523
0.00762664
0.013964
0.00919021
0.0127229
0.0034609
0.0161605
0.0301962
0.00303686
0.0107578
0.0342835
0.00269706
0.00556603
0.0366248
0.0314057
0.0101235
0.0060487
0.0139634
0.0168344
0.0277311
0.0082814
0.01976
0.0105771
0.0142371
0.00468744
0.0476158
0.0188226
0.028986
0.0535596
0.0040538
0.0291102
0.0125438
0.0154676
0.0125415
0.394978
0.558554
0.00287097
0.00534599
0.00431112
0.00676263
0.00781556
0.00244805
0.00751079
0.00688793
0.00413737
0.0116695
0.00883597
0.0219741
0.025283
0.00375117
0.00993706
0.0113033
0.0032311
0.0505177
0.0284322
0.0128559
0.0146094
0.0276098
0.00763254
0.00706306
0.0126207
0.0325062
0.00606959
0.00965413
0.00208039
0.00259262
0.0102552
0.012386
0.0105057
0.0112507
0.0206438
0.0121517
0.00716283
0.00666669
0.0077214
0.00373949
0.010965
0.0158446
0.0284201
0.0022032
0.0295691
0.024437
0.00518694
0.0163926
0.0218829
0.0126762
0.0221606
0.0118227
0.00450536
0.00690446
0.0047166
1.31608
0.0132143
0.0190662
0.013693
1.07222
0.0100796
0.0213924
0.00761231
0.0370648
0.0157992
0.00392904
0.0117062
0.0221086
0.00640819
0.0161639
0.0123005
0.0025697
0.0075377
0.00408271
0.0148825
0.0135395
0.00508344
0.00421539
0.0107903
0.0141277
1.88997
0.0186712
3.46769
0.00195049
0.0183891
0.00999693
0.00379785
0.0113968
0.00257841
0.002107
0.00504076
0.004906
0.00248708
0.00489546
0.0143898
0.00865032
0.0034001
0.00565066
0.0193097
0.0088391
0.0138309
0.0071408
1.87352
0.00957448
0.0162237
0.00480924
4.46233
0.000528362
0.00988415
0.00706684
0.00647631
0.00630751
0.0141872
0.00984555
0.00524904
0.00917887
0.0038229
0.00255248
0.00569809
0.00613896
0.00214991
0.00698099
0.00408481
0.0128884
0.00837693
0.0176775
0.00665126
0.0083383
0.01343
0.016344
0.00364589
0.00447891
0.00416706
0.0263201
0.023724
0.00692372
0.00677374
0.00526896
0.00707244
0.00964309
0.00843991
0.0124187
0.00714497
0.00517662
0.00664026
0.00726807
0.00653528
0.00737934
0.00368941
0.0118226
0.0110491
0.0111855
0.00568867
0.0131352
0.00729984
0.016067
0.00738587
0.0139108
0.0026982
0.0030914
0.0063323
0.00285038
0.00742935
0.00891332
0.00466195
0.0101952
0.00354875
0.012529
0.00541191
0.0226151
0.00376665
0.362664
0.321196
0.00675726
0.00774934
1.69699
0.319962
0.002708
0.0753081
0.00261908
0.0141197
0.0164962
0.0367981
0.00828158
0.264222
0.00959604
0.00418545
0.0527367
0.0168898
0.0155083
0.0149726
0.0172099
0.00528707
0.0240859
0.00758107
0.0177086
0.0155397
0.00178664
0.00449699
0.0125133
0.00364092
0.0141816
0.0439206
0.0205952
0.0214985
0.025224
0.0216015
0.558769
0.337148
0.00713333
0.138428
0.234427
0.89392
0.0190013
0.0696597
0.00741251
0.123784
0.0147546
0.0500503
0.023757
0.0196644
0.0979045
0.0116974
0.00281003
0.657886
0.00398116
0.00464074
1.20776
0.791181
0.0115811
0.0078522
0.00466135
0.321141
0.0171875
0.00545059
0.0268813
0.00419168
0.0274667
0.0669732
0.00332383
0.00678586
0.0134697
0.0271428
0.00653537
0.00280527
0.0111749
0.308638
0.212156
0.063263
0.0327376
0.0210285
0.00552193
0.0313847
0.00375475
0.0301918
0.00706385
0.0227058
0.00971771
0.0248903
0.0126281
0.121717
0.492489
0.38901
0.0112477
0.607117
0.00711016
0.0212912
0.359539
0.00770175
0.510649
0.0120008
0.0138924
0.164173
0.0173708
0.00993118
0.00681933
0.0120716
0.00803414
0.014472
0.287688
0.00187778
0.480813
0.02853
0.00549461
0.0269263
0.731476
0.00265109
0.033111
0.0224063
0.0269408
0.225894
0.0149111
0.0145555
0.464467
0.107566
0.895364
0.0089951
0.0171451
0.0281077
0.265187
0.0143329
0.00525857
0.0246933
0.0151648
0.0162342
0.0139648
0.0501085
0.00283104
0.00630474
0.00460491
0.00664244
0.00823086
0.006341
0.00943268
0.00388879
0.457379
0.0189807
0.00934291
0.149962
0.014279
0.0158813
0.840465
0.0250031
0.474548
0.0368961
0.0297116
0.00751954
0.0112913
0.0392463
0.0768637
0.216345
0.426909
0.00493907
0.0111987
0.0284542
0.0120497
0.0169151
0.0487517
0.0131525
1.10119
0.0877866
0.030986
0.0823977
0.00267737
0.0415426
0.0306416
0.0698393
0.0211907
0.631058
0.00623978
0.00634117
0.0171142
0.0610181
0.0753337
0.0326386
0.0310855
0.0056226
0.00410839
0.201
0.0174846
0.414019
3.11624
0.0648199
0.00333417
0.0498813
0.0947251
0.676433
0.00357976
0.0405129
0.0142984
0.00717131
0.0086645
0.00942014
0.0277028
0.0503577
0.255772
0.00303314
0.129756
0.190275
0.54169
0.219487
0.021457
0.0128687
0.00828092
0.0467966
0.0162819
0.285608
0.182646
0.459496
0.900451
0.0128949
0.102682
0.00642193
0.0101287
0.087312
0.197886
0.0136569
0.142773
0.0374634
0.269128
0.325097
0.0314741
0.00577827
0.00908251
0.252877
0.00367418
0.00331173
0.390628
0.0186566
0.261408
0.066188
0.0381491
0.00879126
0.0558586
0.128523
0.386987
0.271663
0.0283723
0.027034
0.0238694
0.180604
0.0460883
0.00825436
0.0143519
0.00760088
0.0214935
0.0201281
0.00959083
0.0098738
0.101024
0.155993
0.183285
0.00954291
0.0055684
0.0137429
0.0174125
0.038816
0.00336011
0.0998269
0.0170675
0.00539958
0.00747429
0.0127513
0.00753039
0.00298369
0.0196755
0.0127881
0.179345
0.0406017
0.0195106
0.00951995
0.0379923
0.00344899
0.151676
0.0148292
0.00275432
0.0102543
0.00528131
0.0161922
0.0083603
0.0107964
0.0325047
0.00157112
0.0204191
0.0543035
0.0497453
0.137382
0.00591801
0.0024283
0.0241844
0.00341868
0.00422188
0.00568573
0.0226338
0.0101849
0.00243704
0.0614752
0.0928742
0.155699
0.00287059
0.00711412
0.020902
0.00605621
0.0149086
0.00365875
0.0165634
0.0171142
0.0127486
0.0490735
0.157205
0.0329107
0.0029984
0.00419391
0.00939057
0.0436702
0.002917
0.00326877
0.00275617
0.0248153
0.0132747
0.0116916
0.026342
0.0124002
0.721847
0.0331691
0.038193
0.0701111
0.0158472
5.3611
0.00825234
0.00620637
0.0278969
0.0298088
0.00808999
0.00248983
0.0060335
0.00278041
0.0268462
0.0642873
0.00210016
0.00721065
0.0191224
0.130641
0.0265204
0.00831071
0.0104062
0.00348418
0.0051765
0.0100502
0.0260247
0.0321847
0.735723
0.00718065
0.00689493
0.556745
0.00976759
0.000769818
0.00161293
0.0493986
0.00493268
0.0133446
0.0060865
0.0110766
0.0380178
0.810194
0.0184222
0.00748821
0.12632
0.00203191
0.0165706
0.00970171
0.012329
0.00234587
2.60398
0.086195
0.00875915
0.0094324
0.563387
0.00575818
0.00513915
0.00824093
0.0133971
0.00254564
0.00995431
0.021226
0.0121188
1.69523
0.00625932
0.0127829
0.00386125
0.0102525
0.0273137
0.00458591
0.00927631
0.00202926
0.0141007
0.00375397
0.00829033
0.0102405
0.00364915
0.0104837
0.0375549
0.0150609
0.0104686
0.00446953
0.527119
0.0188987
0.00648427
0.00590013
0.00385243
0.022337
0.00815601
0.00896241
0.046029
0.210029
0.0120188
0.0123776
0.929908
0.0264143
0.00264034
0.00963356
0.018805
0.023247
0.0145795
0.00398782
0.00800779
0.00552351
0.00714844
0.0141587
0.0113614
0.0179639
0.00551151
0.00515747
0.0100749
0.262315
0.0227135
0.0353881
1.35388
0.00615253
0.247525
0.00428072
0.111164
0.013379
0.116253
0.209669
0.0586859
0.0256278
0.83432
0.00763425
0.0208723
1.6472
0.0151371
0.00660558
0.00714332
0.0322463
0.00733158
0.00675046
0.293639
0.0062005
0.0224276
0.00369153
0.00518366
0.0015959
0.87744
0.963491
1.22207
0.00490474
0.00756656
0.015459
0.0061938
0.615891
0.00554734
0.0205552
0.778105
0.00882981
0.00346021
0.00613693
0.00240128
0.0136448
0.0862405
1.39748
0.00942279
0.00868661
0.00509023
0.00970397
0.00848578
0.00772269
0.750817
0.00776192
0.00431571
0.693055
0.0109551
0.00399181
1.49406
0.0750399
0.00925096
0.0109227
0.00419073
0.00550394
0.0113435
0.00634553
0.016361
0.00427069
0.0129062
0.634623
0.00915694
0.00905764
0.0462049
0.0320647
0.0114989
0.00440389
0.0161718
0.0343372
0.106823
0.00744573
0.00679863
0.00379458
0.605605
0.0168362
0.018746
0.0127082
0.00335026
0.0114978
0.0354813
0.00471937
0.00365703
0.00189723
0.00570398
0.004034
0.0823841
0.00227267
0.00575471
0.00635329
0.0067523
0.151552
0.121001
0.763779
0.250146
0.0220589
0.990549
0.00583025
0.0533064
0.0075166
0.0532096
0.0587122
1.32224
0.0123165
1.02343
0.669931
0.0148101
0.010331
0.167179
1.31499
0.0473486
0.0343719
0.00379239
0.0173504
0.0149558
0.0262561
0.0849191
0.434589
0.00425694
0.00459962
0.0128435
0.00349513
3.61727
0.00532479
0.0457773
0.121975
0.109932
0.0405361
0.00515675
0.0264091
0.317073
0.0757989
0.0500139
0.080237
0.210205
0.0103449
0.0307136
0.00269926
0.0197136
1.40054
1.04366
0.0229126
0.429336
0.0233752
0.00427515
0.020285
0.109924
0.0622417
2.01845
0.00374198
0.00287832
0.0801119
0.00805859
0.0275632
0.0214036
0.0226625
0.00635533
0.00548811
0.00817436
0.00262069
0.0249742
0.0861988
0.00428477
0.00772896
0.0365533
0.0949753
0.419803
0.0162809
0.135215
0.0193369
0.00613218
0.00668717
0.0223586
0.017561
0.00357761
0.0255074
0.046692
0.0122428
0.0742666
0.0349762
0.701956
0.00197691
0.82566
0.00192694
0.397439
0.0113452
0.00357842
0.00714351
0.0759385
0.0926303
0.0605655
0.00667875
0.481157
0.00233278
0.00626738
0.00356366
0.00243212
0.0141408
0.0225586
0.045135
0.206662
0.0231288
0.00580972
0.0113398
0.00402502
0.00838413
0.00428447
0.0229515
0.0140611
0.00424618
0.0466919
0.00581581
0.00388632
0.0466144
0.010596
0.00198615
0.00304253
0.0164562
0.00999475
0.0074945
0.751563
0.00866501
0.0141878
0.001193
0.00842537
0.00598008
0.00166049
0.014402
0.722741
0.00773454
0.00656196
0.00620409
0.0080261
0.0173613
0.00381023
0.663195
0.0211386
0.00875164
0.0188111
0.0172217
0.0218832
0.0126542
0.00588108
0.0161262
0.00710707
0.0067941
0.0196766
0.00520805
0.00900561
0.0176029
0.0120592
0.0194779
0.0206641
0.00482911
0.00309928
0.0224417
0.0217308
0.0116162
0.788977
0.0212157
0.0138131
0.00770498
0.0165803
0.0206675
0.0137014
0.0069046
0.0229027
0.030217
0.00697684
0.00231575
0.0101001
0.0113442
0.0257217
0.0300744
0.0247919
0.0144461
0.0144333
0.00991355
1.30044
0.011313
0.00552264
0.034104
0.00740096
0.00238397
0.0043258
0.00481632
0.00236258
0.00559499
0.0515296
0.0281157
0.00712418
0.00502907
0.0187651
0.0079443
0.0172759
0.00353401
0.00831138
0.00928561
0.00300779
0.00755155
0.00562965
0.0126646
0.00571964
0.00900272
2.34538
0.0212551
0.00328847
0.00596277
0.0100646
0.00342916
0.0113392
0.00927258
0.0304491
0.00894873
0.0282338
0.0101952
0.0788714
0.0044304
0.0117738
0.0121334
0.00610476
0.0192226
0.0172518
0.0253301
0.0181889
0.00370105
0.0106763
0.00539172
1.33666
0.0112652
0.00526486
0.00572977
0.00901029
0.0156869
0.0181487
0.0112463
0.00680262
0.00765953
0.0205834
0.0181704
0.0052859
0.0154946
0.0355111
0.00135077
0.0121285
0.0299956
0.0152195
0.00139854
0.0267214
0.00558316
0.00856955
0.0113821
0.00632374
0.0045392
0.00759827
0.0078103
0.00429997
0.00282786
0.00815476
0.0165559
0.00560897
0.00480539
0.0201674
0.0179759
0.00399552
0.00307246
0.0345995
0.000903635
0.00806648
0.00849572
0.0185879
0.0174912
0.0151621
0.00533966
0.00386853
0.0104713
0.00305726
0.0107176
0.00554118
0.00625751
0.00454859
0.00705447
0.00887661
0.0199659
0.00399821
0.00426642
0.0182819
0.028487
0.0160791
0.02215
0.0102649
0.017768
0.0220456
0.00351726
0.00674128
0.00699387
0.03449
0.0141287
0.00928495
0.00565888
0.0158442
0.0172623
0.0203703
0.00758912
0.00666021
0.0158613
0.0181743
0.00223444
0.00651689
0.00772481
0.0143901
0.00896797
0.0178733
0.0036882
0.00795353
0.00475451
0.0131433
0.00508946
0.00941007
0.0138067
0.00222719
0.007985
0.00563569
0.00315479
0.492521
0.00972262
0.00357191
0.0134544
0.0202081
0.00512096
0.00298168
0.00957403
0.0023844
0.0111378
0.0101805
0.0130369
0.0134084
0.00414851
0.0317311
0.00415536
0.00313572
0.00545756
0.0110452
0.00485243
0.00884325
0.001685
0.00581905
0.00428223
0.00335871
0.0012658
0.00705035
0.00229536
0.00497227
0.00404339
0.00797754
0.00638346
0.00313729
0.0112234
0.0069418
0.0107388
0.0133846
0.00870489
0.00488678
0.00671577
1.12344
0.010075
0.0104384
0.00541744
0.00428784
0.00798559
0.00613225
0.00879392
0.0051974
0.0109929
0.0028467
0.0108863
0.00392307
0.00343136
0.00270545
0.00528431
0.00708883
0.00175738
0.0050487
0.00882636
0.00704778
0.00693373
0.0147998
0.00606544
0.0109346
0.0125822
0.00643407
0.00769588
0.014319
0.0232753
0.00298204
0.0125557
0.0129178
0.00345859
0.00658481
0.00497326
0.00247032
0.00632837
0.0145809
0.00446603
0.0060286
0.00757522
0.00194443
0.0062146
0.00913307
0.0074915
0.00444757
0.00925709
0.00388069
0.00383988
0.0051298
0.00890467
0.00265772
0.00422703
0.00335524
0.00225239
0.0113264
0.0164005
0.00616706
0.00868068
0.00188404
0.00627533
0.0526179
0.0119902
0.00529812
0.0145037
0.00698211
0.00638917
0.00345519
0.00677479
0.00419685
0.00524726
0.00819503
0.0101015
0.00258108
0.100139
0.0213202
0.0191018
0.0188606
0.0158473
0.0380018
0.0158831
0.0190863
0.0167468
0.0199592
0.037463
0.024605
0.0126605
0.00264513
0.0301504
0.00347347
0.00469975
0.011431
0.00464583
0.00413309
0.00301917
0.0122824
0.0361272
0.0175509
0.00320821
0.154535
0.018613
0.0014201
0.00167923
0.0216677
0.0183161
0.00893266
0.00978922
0.0130985
0.0448216
0.0222245
0.00216385
0.0178099
0.020185
0.0342501
0.0244212
0.0270135
1.01265
0.0541344
0.0488283
0.0341245
0.0114963
0.0198732
0.0354955
0.0301594
0.0240572
0.203228
0.00287625
0.0270886
0.0333912
0.00442335
0.389417
0.0373527
0.0409616
0.0529124
0.00189207
0.00243463
0.00472877
0.0111567
0.0212355
0.0375376
0.0105354
0.00302258
0.536155
0.0115224
0.288475
0.00573049
0.011639
0.011232
0.0126594
0.00580275
0.00492054
0.00248331
0.0049815
0.00731724
0.0282271
0.00624701
0.0196378
0.0250474
0.011901
0.0120079
0.0126857
0.0262042
0.00994768
0.00974297
0.0203545
0.0272126
0.041133
0.0164102
0.0153853
0.0052721
0.140679
0.107331
0.00472345
0.626078
0.0460676
0.0183135
0.0126405
0.0503611
0.00641254
0.0164571
0.0133567
0.0101071
0.0142913
0.0263836
0.0203987
0.00296102
0.00178988
1.46065
0.00581319
0.00883073
0.00255246
0.00694146
0.00402366
0.0108429
0.0229389
0.0145417
0.00505881
0.019482
0.00563682
0.00489584
0.687752
0.00696273
0.102113
0.00792221
0.0155935
0.00541934
1.7754
0.0111058
0.016285
0.00332018
0.0167471
0.0431761
0.00905619
0.0170801
0.0276017
0.00815616
0.0298011
0.00618175
0.0129858
0.0454652
0.00885777
0.0104098
0.00698262
0.0744345
0.0178262
0.00998541
0.0111784
0.0182997
0.00632028
0.00248971
0.00446645
0.0325385
0.00508383
0.027135
0.00311247
0.00506832
0.0199717
0.00504424
0.0131437
0.254428
0.00944398
0.0165455
0.00953728
0.0224643
0.0122707
0.0541286
0.0130477
0.0053744
0.00651548
0.0121403
0.0612098
0.0175283
0.00887226
0.0566635
0.0429162
0.013324
0.00241968
0.7417
0.0190278
0.0023608
0.0379922
0.0377437
0.0102001
0.00684022
0.0204813
0.240882
0.00389359
0.10704
0.00776642
0.00727662
0.01801
0.0122984
0.0577459
4.5659
0.0244042
0.01888
0.0165538
0.380956
0.399107
0.0498195
0.0475416
0.00372449
0.00659985
0.00728487
0.00970124
0.0128032
0.0148079
0.0083908
0.0126724
0.0472954
0.0106785
0.0231073
0.388601
0.00831591
0.0382143
0.0421624
0.00974236
0.0148289
0.0225176
0.00384975
0.0223245
0.295648
0.0891511
0.0100467
0.0501402
0.0166003
0.00428406
0.0481626
0.210364
0.161813
0.0433509
0.0401608
0.0442765
0.940668
0.093378
0.328505
0.00415085
0.0244293
0.0125189
0.0040574
0.147512
0.396824
0.0246177
0.0320345
0.00688704
0.021032
0.0191318
0.00454854
0.0217924
0.0257497
0.0138938
0.00898843
0.171571
0.423883
0.664406
0.0167408
0.755612
0.0278452
0.023335
0.935214
0.0124278
0.157743
0.0100483
0.0271211
0.00371497
0.0132443
0.009643
0.0943428
0.0111351
0.0158314
0.00338902
0.0206807
0.15957
0.121064
0.0107198
0.201247
0.00495163
0.802267
0.00708522
0.0291162
0.0678376
0.127956
0.0450356
0.0137727
0.210797
0.0134177
0.0272745
0.362542
0.0294572
0.0173985
0.122197
0.0235721
0.00928409
0.00569567
1.00733
0.00347206
0.0593865
0.011629
0.564303
0.0523122
0.0217554
0.0246625
0.0188224
0.00455002
0.00649802
0.0175791
0.0023283
0.0162305
0.0227897
0.0105926
0.00764212
0.0190749
0.0156388
0.0156163
0.143459
0.00599074
0.0418312
0.041024
0.0206362
0.00741412
0.0509315
0.245767
0.0191565
0.0270917
0.0234735
0.0179684
0.249001
0.000736955
0.0583826
0.0044159
0.0335306
0.0219261
0.012921
0.033635
0.0205727
0.0185359
0.0169326
0.0803681
0.0498137
0.83381
0.0028741
0.00719008
0.0326247
0.549757
0.00876638
0.00529377
0.00620741
0.0033677
0.0214745
0.200489
0.148527
0.0311125
0.0078288
0.00423248
0.0795919
0.0459427
0.0106257
0.0249703
0.0161302
0.044653
0.00564516
0.0129372
0.00421522
0.0229313
0.00828234
0.0042753
0.039941
1.21111
0.00816087
0.343021
0.00688431
0.0138961
0.0154451
0.0428031
0.0145139
1.12659
0.502009
0.00382008
0.023477
0.0412282
0.745547
0.00313512
0.0185556
0.00338464
4.99826
0.033718
0.0152726
0.51165
0.0076478
0.0077051
0.0131468
0.0263687
0.0115786
0.00761898
0.0176648
0.00606554
0.0101132
0.00785459
0.0349608
0.0262444
0.0140825
0.0517862
0.0222969
0.0245946
0.00194983
0.0138673
0.019669
0.0318336
0.000829452
0.03569
0.0152617
0.0326596
0.0422034
0.00716475
0.00280263
0.0201768
0.128785
0.0189219
0.0114103
0.018871
0.0093144
0.00633813
0.410768
0.355112
0.389184
0.00664074
0.0143681
0.0115568
0.00856504
0.0083612
0.0148502
0.0141418
0.0106272
0.00547099
0.0070144
0.00953916
0.0154499
0.00533893
0.00357528
0.00784203
0.0135545
0.0056817
0.0782961
0.0130147
0.0116888
0.0355669
0.00716547
0.00420486
0.0842078
0.00475862
0.0129736
0.0160824
0.013582
0.0156929
0.0244439
0.0224202
0.0213021
0.00832313
0.0111211
0.0112928
0.00588608
0.0070387
0.00283472
1.46863
1.38406
0.00813212
0.183869
0.0150301
0.00693431
0.0141528
0.00836048
0.00927318
0.00685659
0.00792961
0.0473586
0.00961746
0.0375767
0.00755783
0.0657282
0.00923107
0.00595206
0.0583847
0.0264982
0.0168203
0.010015
0.0136943
0.00825523
0.0834346
0.00550807
0.000863894
0.0052524
0.0818861
0.00372383
0.0366914
0.00567754
0.00200947
0.0055425
3.68336
0.0173746
0.00702509
0.00168615
0.0102281
0.00783597
0.00848885
0.0110082
0.00121081
0.00783919
0.0107646
0.027842
0.00286822
0.00162805
0.00753285
0.00475961
0.0142731
3.81455
0.00424953
0.00682923
0.0189552
0.00450378
0.0391433
0.00725566
0.0133923
0.00529177
0.101175
0.865258
0.00327919
0.00310452
0.00221824
0.0130192
0.00950881
0.0618886
0.0312311
0.0137714
0.0267674
0.0189653
0.00300711
0.00769906
0.0644332
0.00804955
0.01174
0.0445296
0.00575734
0.0037818
0.0108943
0.0109865
0.00928351
0.0259762
0.0314338
0.00671535
0.0340954
0.0233833
0.00414697
0.000997595
0.0468573
0.00694428
0.00103862
0.00843905
0.0129057
0.0333533
0.00459189
0.163437
0.00541345
0.0101821
0.0220673
0.00398956
0.0367986
0.00460719
0.00941006
0.00277067
0.00943924
0.0020144
0.0044775
0.0192527
0.318264
0.0623601
0.00397251
0.0099175
0.00658485
0.103117
0.00970698
0.00628357
0.00270337
0.0121474
0.021171
0.00355198
0.0517257
0.0194812
0.0051983
0.00570401
0.0079328
0.0171398
0.0382521
0.00742009
0.00737898
0.00104287
0.00129834
0.0121111
0.00724612
0.067156
0.00904876
0.0217085
0.00443302
0.0191539
0.00385524
0.00335149
0.026065
0.00920327
0.00370538
0.0101446
0.00540645
0.0116821
0.0621205
0.0394729
0.0623692
0.00329164
0.0408387
0.0053025
0.0254478
0.0716627
0.0341408
0.126518
0.0104721
0.00626985
0.044539
0.00932738
0.00638223
0.00603473
0.00209476
0.00940722
0.105003
0.0100638
0.00801468
