205
170
225
205
234
225
234
234
250
279
288
171
288
254
225
225
205
291
200
171
219
171
259
288
239
205
205
205
259
187
225
171
205
237
200
216
225
200
250
171
248
224
234
170
187
234
205
254
288
282
171
234
171
225
171
225
259
254
259
288
171
279
224
237
255
205
171
197
171
255
205
259
288
205
199
171
254
225
225
225
200
323
174
268
288
317
225
322
354
225
240
205
171
205
260
171
206
205
171
259
174
619
205
288
254
258
225
205
171
253
720
225
288
171
200
171
205
171
171
205
253
259
200
225
234
282
225
254
200
225
259
259
171
259
220
254
288
205
259
200
256
225
254
224
349
272
209
259
225
199
240
248
241
171
200
396
225
200
247
277
254
205
288
205
225
394
259
234
288
205
234
205
225
234
234
225
200
199
225
260
253
171
254
205
200
259
360
254
234
259
200
240
446
171
353
171
225
225
399
347
171
174
398
234
259
348
412
460
288
171
171
259
259
234
171
288
225
225
234
259
225
225
200
600
321
200
389
581
501
339
509
476
219
298
171
205
254
200
304
234
171
200
200
205
259
205
171
259
225
205
254
234
254
254
288
224
225
200
225
225
235
276
698
391
856
234
235
205
216
174
234
221
320
234
205
225
205
259
225
288
225
294
171
171
171
200
240
264
225
171
234
205
301
339
274
288
279
171
289
285
347
380
483
374
171
174
326
329
294
298
409
200
171
206
216
387
452
288
219
324
304
205
183
225
200
200
460
434
727
259
234
208
171
171
288
259
205
200
342
353
171
320
354
171
427
225
250
234
200
225
205
254
171
322
262
259
200
171
171
205
288
234
247
187
254
451
272
200
268
203
171
288
190
234
225
278
788
383
306
268
275
315
190
205
200
225
206
288
254
336
288
396
396
258
224
268
240
193
582
288
264
313
225
259
171
171
225
211
225
240
243
212
320
244
348
203
225
288
171
221
275
216
288
288
437
225
217
219
171
205
225
216
237
259
171
234
224
225
200
205
259
169
174
257
275
171
211
240
205
203
241
202
234
216
291
308
320
222
365
275
397
250
336
296
206
405
379
375
320
307
476
318
431
208
360
234
310
353
234
256
259
295
200
171
259
234
203
234
221
240
262
317
206
254
241
253
225
274
241
225
228
174
174
288
203
288
200
254
259
309
174
200
288
228
327
310
297
238
211
237
836
270
212
291
348
459
253
225
237
268
332
311
254
234
279
221
343
259
293
342
276
232
209
665
205
266
200
362
304
284
190
343
268
336
222
260
307
308
224
273
313
235
292
327
228
558
206
252
419
257
257
254
355
349
200
236
319
263
369
225
338
342
203
171
234
200
259
239
200
259
256
197
288
254
259
171
208
162
234
233
205
174
254
259
286
239
259
259
171
206
174
288
200
275
217
254
208
203
253
174
259
270
205
390
200
227
205
221
225
259
225
234
259
261
171
254
254
262
225
225
205
203
208
291
291
257
200
325
205
225
171
228
288
262
205
180
284
291
288
288
174
174
225
333
219
273
200
288
203
239
262
171
288
232
304
282
293
288
295
171
276
313
241
241
283
241
309
314
285
311
228
343
279
297
265
291
333
341
438
271
337
255
281
441
326
263
308
470
257
239
234
372
171
190
257
224
259
274
322
261
238
257
225
240
294
454
262
304
288
283
370
268
512
229
271
235
174
378
254
221
206
234
216
323
206
225
261
291
227
324
279
243
327
240
225
279
225
205
229
550
580
472
315
307
271
288
276
508
640
259
171
225
224
200
288
259
225
200
234
200
171
205
205
200
228
204
234
254
200
259
200
270
205
200
241
265
288
550
317
205
365
308
203
234
355
234
225
208
187
237
234
200
171
254
220
387
227
225
239
248
200
241
228
276
234
317
256
266
171
259
242
350
228
228
316
284
228
258
205
308
275
171
244
244
289
328
404
200
222
350
227
171
288
225
205
288
171
288
225
204
288
489
361
289
366
292
173
431
243
604
254
248
422
372
463
278
372
518
345
205
288
225
203
254
259
203
171
240
234
288
171
171
205
259
259
225
208
254
237
205
224
288
225
225
206
308
268
225
259
225
288
205
228
174
275
322
288
228
317
225
225
205
206
225
254
262
242
221
311
275
171
268
304
262
225
237
219
334
317
260
250
260
232
262
253
319
286
181
243
228
429
288
259
225
171
205
352
263
259
289
322
259
200
225
225
225
225
200
205
200
171
171
237
171
288
285
205
254
225
290
300
225
217
171
259
259
171
254
171
171
274
347
248
205
254
227
241
262
206
406
227
225
245
301
225
372
222
262
225
234
288
259
171
171
278
427
275
222
259
254
482
193
237
228
334
219
190
293
249
419
259
219
220
268
171
171
205
262
200
240
205
288
236
180
254
205
171
259
237
234
174
288
234
225
206
235
200
208
268
171
262
200
273
635
391
228
203
211
645
257
296
327
353
270
305
201
426
348
267
292
370
257
288
292
236
352
318
171
235
449
260
754
364
304
294
291
259
237
174
270
262
190
241
347
243
381
234
291
332
261
295
368
216
222
293
171
315
343
464
561
209
291
171
416
234
234
254
304
639
269
219
527
285
270
383
183
253
258
544
497
367
223
273
420
206
401
413
371
200
174
346
240
434
237
331
804
451
412
302
259
348
223
237
171
257
273
259
262
205
254
246
239
279
266
304
377
367
616
343
372
232
555
691
505
283
327
426
205
205
241
187
348
208
247
171
322
328
420
259
336
264
225
222
243
418
269
246
483
262
205
291
234
223
234
234
316
257
330
329
371
263
293
424
282
217
225
289
220
319
240
345
311
234
291
376
240
219
206
392
337
228
269
237
205
288
171
295
282
205
288
200
288
234
332
203
281
277
244
317
241
314
248
171
254
225
254
171
288
234
348
263
396
276
420
288
288
254
254
200
225
225
224
270
256
404
225
171
327
259
239
278
235
326
524
518
292
386
260
275
381
371
270
243
257
259
171
200
438
234
200
286
288
375
225
259
237
253
250
337
288
339
283
203
473
259
450
322
415
302
404
221
483
338
693
296
291
469
317
361
296
294
323
244
291
469
390
260
420
259
291
228
174
393
273
289
206
332
543
292
294
234
205
183
255
357
216
177
225
240
171
265
232
307
271
254
222
260
190
193
361
205
234
292
241
275
244
258
359
358
395
262
569
206
260
332
330
423
363
376
200
211
241
294
229
362
244
203
310
415
256
219
386
171
262
225
243
377
171
174
259
219
288
276
253
183
225
294
205
205
276
338
240
648
302
257
338
288
260
282
353
323
285
377
304
283
407
203
347
171
300
351
288
702
296
381
273
262
234
208
259
262
193
276
216
257
190
228
245
288
310
322
361
319
313
262
300
225
260
313
280
244
331
378
319
229
354
228
250
285
257
364
405
273
253
211
193
227
282
174
672
253
240
373
222
263
415
340
466
591
257
237
395
349
398
400
297
216
275
240
219
237
222
234
291
237
262
313
208
262
228
224
294
276
240
302
225
441
324
225
266
327
224
254
174
237
212
308
219
209
294
332
225
273
307
339
196
375
323
234
345
183
171
219
279
177
257
205
205
174
288
242
200
208
171
168
234
171
221
254
208
288
208
240
228
205
171
262
171
225
234
237
257
304
259
190
225
200
464
171
257
240
254
197
171
225
242
234
304
288
355
239
221
174
237
205
237
302
288
597
379
203
308
321
260
174
238
276
294
276
209
260
292
329
451
225
278
329
477
448
374
327
238
314
269
282
171
203
329
254
331
234
509
199
225
311
206
457
453
227
253
236
241
329
298
288
241
353
309
235
208
222
334
265
476
399
305
171
208
247
342
238
274
238
400
254
254
200
225
376
225
311
234
200
256
254
171
302
307
266
551
359
292
498
301
336
216
266
329
225
322
311
205
477
234
171
254
288
249
480
604
304
319
401
927
257
376
300
265
436
281
327
299
388
372
254
237
533
352
205
313
341
350
262
325
453
348
289
234
225
171
288
200
225
234
254
171
205
225
205
234
288
205
200
225
225
205
233
225
171
259
373
301
406
435
231
205
171
171
200
200
269
259
205
240
234
347
399
296
190
294
279
244
259
294
240
288
254
234
258
288
231
225
200
205
259
304
200
256
203
360
302
328
274
269
254
235
259
308
278
271
308
359
250
283
271
187
305
330
295
289
301
334
575
270
260
275
298
292
319
237
365
205
171
289
305
261
587
202
222
308
592
330
273
225
421
343
285
219
251
324
474
205
206
288
183
225
240
171
254
259
304
205
205
205
200
259
259
225
171
254
200
171
225
205
225
205
259
200
171
200
234
273
205
200
205
352
387
302
259
225
171
257
259
200
205
200
254
171
228
339
225
267
259
206
205
288
254
254
234
338
268
428
293
357
171
288
250
302
308
298
292
217
521
266
256
234
260
338
331
244
299
200
506
247
469
266
657
311
293
228
265
353
221
193
190
224
275
174
421
821
171
205
207
262
243
320
222
206
171
324
315
399
187
275
442
231
190
323
258
669
241
224
338
295
258
253
327
171
205
171
225
225
200
234
234
225
225
200
254
259
259
225
171
258
205
234
225
200
224
200
200
234
200
254
225
259
171
171
225
205
200
225
169
225
205
205
259
174
234
225
205
288
254
225
171
200
234
225
234
171
205
199
205
200
205
234
205
205
200
254
365
200
200
288
200
254
288
171
288
225
200
288
225
216
200
200
254
259
205
259
342
171
330
264
525
262
171
225
200
237
260
205
237
225
288
205
254
200
183
254
200
225
171
234
279
205
200
171
171
205
205
304
225
232
171
171
254
288
205
200
288
234
225
200
200
200
171
225
171
225
288
240
171
234
200
171
225
234
171
208
315
222
235
225
205
205
259
200
205
171
240
234
241
171
200
261
234
240
254
206
205
205
638
259
294
205
205
205
254
259
171
206
225
288
171
234
171
254
225
259
205
200
205
234
225
205
288
259
174
259
171
583
234
205
225
353
262
240
254
225
171
171
339
516
323
288
259
398
200
200
288
237
288
225
174
225
205
254
234
225
322
238
525
244
687
260
382
368
646
323
391
237
200
259
259
254
205
237
288
205
200
200
205
234
387
259
171
171
234
200
254
205
200
171
225
171
288
239
269
320
357
312
205
476
305
359
205
171
547
289
256
259
200
171
234
288
205
200
205
225
199
288
301
171
205
254
200
288
216
234
427
224
187
219
237
193
250
270
277
652
320
341
249
312
430
264
336
421
171
288
171
205
273
193
171
254
285
400
171
224
171
263
639
442
390
942
200
171
221
527
225
171
170
288
259
477
238
303
505
386
206
424
289
171
234
259
259
171
200
279
439
171
200
254
205
234
259
259
225
269
279
287
200
171
171
288
395
171
171
240
225
323
336
279
278
300
355
271
713
516
187
171
258
221
484
270
240
260
268
288
211
320
326
313
380
294
378
314
286
259
288
235
254
200
234
228
187
342
346
270
332
257
242
193
171
234
174
205
259
234
259
171
257
171
288
171
206
220
346
225
200
231
203
301
225
171
205
250
298
240
328
297
311
312
352
279
244
363
425
293
309
203
326
260
241
234
350
224
286
183
276
367
252
457
353
679
604
225
441
237
257
364
556
383
361
200
254
228
200
208
208
208
253
203
262
234
366
171
190
293
257
180
208
200
225
288
322
203
231
234
273
225
435
294
298
273
244
209
208
259
311
320
200
217
309
237
256
234
287
259
171
205
171
208
203
260
173
234
241
171
290
241
317
203
237
278
208
329
262
227
231
347
225
260
294
282
365
295
313
250
522
322
352
236
468
409
265
288
228
254
275
322
258
349
298
243
364
283
256
256
367
273
424
461
307
190
316
327
219
234
183
228
237
259
171
171
208
205
205
253
205
174
240
240
206
183
259
234
228
254
259
200
203
254
257
254
203
200
225
208
234
200
171
242
260
243
791
234
183
171
234
205
216
229
288
254
205
220
220
288
190
237
205
225
262
237
228
208
354
200
203
203
234
317
294
200
171
206
278
171
241
260
224
263
262
234
286
200
235
203
239
221
200
291
225
278
234
222
281
259
257
288
171
298
220
228
322
277
430
229
278
325
222
273
358
351
338
443
278
237
234
250
279
292
293
234
199
315
171
276
206
262
377
216
356
282
248
250
260
282
235
294
208
259
244
269
288
304
208
810
205
291
201
228
247
208
187
304
228
315
232
376
308
254
353
234
254
205
260
573
266
291
208
259
171
253
357
319
280
359
171
254
461
234
254
206
553
337
329
244
559
382
507
323
612
756
234
225
205
288
171
168
225
225
200
282
200
200
254
200
205
254
234
205
259
200
171
205
234
206
171
288
234
225
292
355
171
317
171
275
229
271
205
233
171
254
299
225
208
187
259
234
225
259
254
203
262
234
257
282
171
203
330
205
342
234
257
262
288
430
174
305
258
308
225
225
330
312
309
288
296
206
275
282
357
289
242
222
259
254
291
205
170
200
225
171
260
308
177
358
278
446
303
370
337
196
410
383
354
387
275
1029
297
488
216
286
174
259
174
205
203
174
259
171
225
259
268
200
254
225
225
171
258
254
260
254
225
200
174
200
216
225
234
171
200
225
228
200
262
205
228
174
205
171
171
288
211
259
279
257
174
174
228
229
259
268
378
221
224
259
206
250
282
307
308
293
262
290
260
285
266
273
321
245
401
310
183
391
225
254
288
171
205
171
221
254
247
239
171
254
200
200
259
205
171
259
234
171
233
231
234
200
259
224
273
234
262
381
231
254
205
225
259
225
209
234
205
203
222
260
224
225
298
295
285
228
288
275
227
234
171
320
313
323
206
205
171
204
200
307
200
229
377
208
250
266
331
171
203
265
177
266
262
253
174
528
304
302
241
253
262
225
263
211
174
205
288
171
254
228
254
254
171
254
205
225
275
509
174
254
237
262
205
171
171
203
331
324
244
283
327
275
329
260
206
311
387
285
219
292
299
174
187
193
302
303
326
174
241
243
333
441
365
307
253
274
332
725
308
348
675
304
262
266
433
228
257
283
291
205
311
329
301
276
276
307
190
273
301
367
203
254
187
308
295
390
316
722
295
187
177
225
205
254
259
284
433
281
450
384
312
280
250
550
358
332
205
251
296
444
321
615
183
273
190
203
317
275
225
235
354
291
374
273
516
298
288
238
307
314
254
247
298
274
174
329
252
383
200
280
203
323
469
325
307
298
417
307
687
340
352
405
252
442
265
200
171
174
361
227
368
203
289
402
309
248
346
361
382
355
387
297
355
288
722
275
273
234
171
200
200
288
336
338
234
349
277
533
241
303
225
298
259
232
425
336
361
300
288
422
241
343
291
327
373
376
244
200
205
295
225
234
225
421
286
225
254
258
254
225
389
174
278
341
255
400
290
203
429
171
171
205
200
234
203
254
276
295
250
203
276
231
205
171
234
233
225
288
225
451
218
348
200
237
246
289
292
200
219
275
416
325
236
285
260
190
734
338
324
449
225
183
205
200
355
273
171
174
205
302
200
171
307
327
278
371
174
264
257
254
391
288
247
327
228
237
278
260
236
206
533
389
519
300
286
318
273
660
1098
301
297
222
284
392
312
200
208
205
309
523
257
263
283
282
190
351
270
228
234
225
200
205
273
227
227
327
244
229
254
227
241
278
253
292
237
222
314
274
358
244
190
250
187
350
371
225
241
203
326
259
276
308
235
361
356
332
641
260
242
288
437
214
294
368
299
276
243
292
316
209
256
173
171
268
250
372
241
293
431
358
219
288
247
171
313
288
205
171
297
243
358
284
447
493
386
298
295
224
350
518
440
289
345
171
259
234
474
263
315
321
672
228
193
171
259
258
190
288
320
273
203
342
190
239
307
276
250
263
294
203
256
256
393
190
171
257
321
292
423
573
480
259
232
345
257
275
262
187
330
490
219
256
286
346
171
321
298
203
356
325
282
331
241
497
270
291
209
231
333
377
282
472
321
345
282
250
174
259
257
200
225
240
208
240
257
197
203
273
294
186
200
296
311
294
174
219
240
350
239
206
245
234
459
257
330
257
283
327
340
217
269
312
230
219
423
498
311
203
229
291
318
260
234
190
200
234
237
262
234
171
237
205
250
205
208
171
174
313
200
263
209
205
234
200
259
225
174
228
225
253
254
200
209
257
300
208
259
205
322
295
203
268
228
214
240
203
254
200
234
313
311
259
234
215
229
243
257
278
174
311
350
183
291
222
171
239
397
298
275
388
343
334
237
345
452
378
552
362
350
489
329
227
257
284
254
265
320
205
288
241
254
260
225
229
437
266
380
237
294
220
254
244
259
325
307
370
351
275
285
259
225
234
349
265
311
171
299
405
327
410
289
288
237
237
234
262
205
205
254
225
200
254
259
262
285
388
323
288
225
238
257
243
338
448
219
247
300
314
225
314
171
200
205
262
287
407
237
514
476
315
292
310
271
270
631
334
295
321
237
253
275
171
277
311
224
268
299
187
203
203
256
306
302
492
224
205
234
225
234
171
217
259
200
259
225
205
200
200
205
200
288
225
171
225
225
171
259
219
300
260
557
680
225
494
234
288
259
259
170
225
279
308
203
224
364
382
370
339
277
360
234
205
171
288
288
205
171
288
258
259
254
268
307
171
276
275
203
273
352
229
303
296
287
222
235
193
307
295
335
193
278
253
284
418
268
349
337
336
322
425
286
266
294
276
216
220
336
171
288
171
358
311
364
343
529
352
228
320
269
221
342
293
355
209
304
259
393
295
234
237
254
206
225
200
205
205
200
257
234
225
234
205
234
288
205
259
216
200
254
200
205
225
205
205
225
253
254
288
291
225
171
234
240
448
310
200
200
171
206
234
288
225
288
225
254
272
395
241
237
225
200
216
234
259
200
332
434
270
278
288
288
234
187
253
276
241
342
317
396
241
358
478
276
281
317
206
341
222
456
204
364
171
377
370
508
305
238
245
467
198
366
365
299
244
234
424
291
205
316
273
305
278
353
174
333
268
255
221
222
313
292
259
289
359
281
348
329
318
475
228
327
613
241
296
234
234
205
225
288
216
205
205
225
225
171
254
237
225
205
171
237
200
205
254
288
234
225
234
200
225
200
234
205
200
171
225
254
225
254
205
194
225
225
206
234
288
288
171
254
171
234
219
234
200
171
171
254
204
225
288
200
253
259
200
234
259
200
302
225
237
288
171
205
259
171
171
205
291
225
200
259
288
240
200
259
224
288
531
259
344
476
465
254
205
288
205
171
205
205
171
200
234
205
237
219
225
205
225
205
206
171
225
225
171
254
205
225
259
234
229
205
259
200
225
205
259
288
174
200
171
205
225
225
225
288
225
234
205
265
200
205
259
234
205
288
237
171
208
289
661
260
240
171
225
254
204
288
234
246
221
244
200
462
510
205
234
246
205
171
279
200
259
236
225
254
259
254
200
259
225
254
225
259
205
205
200
171
171
170
225
369
254
254
200
225
803
765
234
339
237
202
294
545
339
206
205
310
288
234
691
278
200
259
225
200
254
254
200
234
200
234
206
205
234
205
234
171
480
505
310
481
200
237
378
407
388
748
282
257
171
288
288
171
225
200
173
313
234
171
254
180
205
205
200
283
254
269
171
171
259
259
205
200
171
282
228
302
509
323
174
297
196
275
288
225
234
283
222
259
171
200
171
225
288
234
225
171
234
171
205
288
208
171
200
205
463
579
336
254
259
240
296
349
259
317
328
478
193
275
306
228
221
171
276
317
200
288
259
171
313
731
225
259
278
273
225
200
225
259
228
694
359
313
225
200
234
225
259
205
234
171
171
319
437
235
458
303
234
374
205
171
225
183
205
225
234
225
379
268
171
171
208
203
259
200
225
219
171
234
171
353
205
259
465
294
200
174
288
314
291
307
451
339
517
413
326
502
221
225
288
680
270
183
225
505
267
352
171
392
298
338
414
958
383
346
319
234
183
256
225
174
171
174
234
171
297
234
174
262
259
288
209
206
259
200
190
225
466
203
225
254
234
255
260
200
234
187
266
268
244
254
200
254
237
341
234
320
254
243
270
241
205
259
288
225
237
259
288
304
289
241
309
208
361
282
235
288
281
361
225
244
250
238
435
317
275
304
569
301
262
340
600
224
205
279
275
232
206
225
206
289
171
234
237
288
461
253
225
222
239
323
208
240
275
219
234
174
234
259
342
242
262
253
239
243
234
247
206
322
228
193
247
278
205
336
174
222
298
237
221
257
271
208
228
254
269
274
278
171
262
288
211
171
314
225
200
240
312
320
319
291
395
364
365
289
257
471
228
273
212
225
246
265
313
278
277
285
279
225
294
286
244
462
187
246
253
275
378
296
235
326
205
293
294
365
238
200
234
288
231
225
200
171
259
205
228
288
174
200
171
205
234
288
205
171
228
171
240
171
228
254
288
225
200
205
200
288
205
308
240
200
293
260
611
208
307
200
241
254
174
259
174
254
237
174
225
200
262
225
288
228
209
290
205
234
288
241
221
209
275
262
234
171
228
234
288
259
293
278
228
259
254
171
254
288
225
234
225
217
254
244
206
205
237
200
259
363
288
307
305
283
549
280
255
471
331
222
343
247
325
365
329
276
225
351
326
268
190
376
269
304
209
311
290
310
205
354
262
332
248
313
257
225
305
734
241
291
278
288
291
250
416
205
362
288
545
206
259
228
322
321
254
305
331
415
279
234
171
327
225
171
277
259
332
336
284
205
239
254
256
307
370
333
254
295
241
339
288
208
353
254
225
268
240
721
477
183
320
321
838
439
1245
449
288
237
205
254
234
171
254
234
234
200
225
225
234
225
205
234
171
259
205
237
171
200
200
171
200
259
288
259
263
275
288
208
174
205
240
219
203
200
295
174
322
268
203
254
262
237
234
350
203
636
291
231
206
367
228
259
203
234
174
228
216
174
257
200
253
322
271
288
174
314
296
219
250
235
203
225
254
240
257
279
332
260
240
225
200
234
274
225
259
171
237
234
486
271
222
429
448
319
279
238
455
289
637
314
695
333
530
360
739
200
259
243
268
205
203
174
259
268
288
255
254
200
205
171
216
216
259
208
288
259
171
228
294
208
200
200
288
205
205
187
200
260
200
208
333
171
171
233
244
234
317
259
174
225
248
171
208
234
270
206
234
239
237
206
396
248
252
235
257
190
222
403
244
174
200
291
294
289
273
293
190
205
171
225
205
259
316
302
321
310
254
301
259
277
254
240
205
240
200
237
254
279
288
200
171
205
171
225
258
288
407
259
205
200
254
233
254
234
225
237
200
244
376
237
254
205
269
307
232
208
203
273
307
239
328
205
254
256
171
200
234
225
200
225
205
241
237
229
282
187
361
247
317
321
225
624
334
400
473
407
317
407
229
342
590
234
225
174
225
240
200
171
288
205
225
288
322
234
243
208
171
291
225
234
200
259
254
200
540
171
206
464
413
313
259
668
257
351
577
739
319
201
304
254
317
297
356
285
297
356
523
214
302
359
454
319
256
253
373
227
599
289
308
283
297
259
276
302
254
308
203
257
228
193
357
305
250
228
234
203
577
311
380
395
311
319
330
203
250
329
209
262
250
200
297
171
171
200
332
262
395
212
335
294
244
425
442
346
266
276
285
222
459
258
320
311
444
368
399
254
225
366
225
294
378
527
241
423
400
621
254
357
336
221
222
286
322
345
288
309
304
639
306
193
316
299
351
282
262
469
451
615
424
346
307
781
263
331
259
205
234
205
513
222
256
288
171
227
225
386
289
320
247
260
278
304
225
345
259
304
343
234
252
262
205
225
174
253
288
373
352
333
208
335
311
462
171
266
299
295
311
329
240
313
219
227
240
322
228
350
451
463
295
272
200
200
171
348
260
225
225
288
205
278
286
260
347
363
263
228
208
289
315
225
233
225
288
254
200
234
259
253
270
345
203
307
270
237
206
171
234
234
239
348
282
515
234
288
328
225
504
471
317
243
429
193
282
601
288
183
271
247
320
187
205
203
205
209
352
237
254
222
174
279
234
330
219
446
190
234
266
250
206
284
237
234
190
365
225
220
411
390
472
314
270
342
456
271
267
350
237
459
484
323
235
218
200
282
353
205
219
196
266
291
505
187
298
228
250
406
295
200
200
268
208
269
243
244
384
259
396
266
320
279
239
273
336
320
174
244
291
351
224
294
200
221
250
203
362
260
187
224
323
271
237
241
243
225
466
500
303
392
302
313
258
270
256
174
222
307
237
361
288
247
282
205
225
171
254
241
391
260
254
292
253
421
254
200
259
225
433
253
200
234
208
259
279
315
258
281
678
520
171
458
232
291
371
234
285
304
369
225
257
257
262
228
291
353
318
228
187
228
259
316
291
270
225
298
283
417
298
318
257
231
250
323
237
336
187
272
596
250
357
251
497
298
312
418
225
190
247
241
227
367
312
276
263
240
260
299
301
276
472
284
305
348
667
336
322
353
299
366
323
393
333
254
392
319
291
171
236
290
208
291
254
259
282
312
174
259
214
294
254
288
259
262
279
336
203
259
308
282
296
386
504
277
294
294
235
246
216
474
273
279
273
276
298
494
382
174
263
276
315
221
190
205
307
234
200
257
288
259
174
268
259
205
171
171
237
262
293
234
254
260
325
225
200
198
262
228
187
224
259
244
288
174
200
200
225
220
239
205
171
205
208
374
257
294
242
257
260
190
174
174
205
200
242
208
307
273
171
306
269
282
314
460
190
291
200
237
303
258
308
367
468
283
290
386
514
412
199
418
317
271
403
297
203
225
288
200
294
254
319
291
274
237
306
874
260
237
255
263
315
203
383
234
171
225
203
225
387
291
296
272
225
237
348
297
486
388
424
206
330
225
200
373
200
225
259
364
171
235
470
254
291
205
238
234
453
256
291
337
360
353
452
353
345
290
292
381
310
318
294
263
206
225
259
200
263
308
183
363
200
304
228
422
413
345
222
228
397
345
342
272
324
205
393
347
208
219
345
288
234
288
237
325
227
390
316
171
234
224
171
254
171
225
306
171
234
200
205
205
171
200
240
205
224
234
259
254
205
362
348
320
600
259
223
288
225
225
259
197
288
234
391
291
273
200
485
278
318
271
342
380
254
171
254
171
304
170
254
171
199
268
171
234
304
294
222
278
190
307
174
237
312
183
234
183
333
281
224
344
358
254
278
341
256
355
534
340
363
395
306
297
427
394
291
285
270
337
234
215
200
200
174
174
266
315
339
397
250
277
364
225
256
260
285
270
416
234
405
171
259
243
225
200
288
200
205
234
259
205
254
171
171
225
200
171
171
225
202
288
205
259
237
254
288
288
254
205
254
171
322
252
171
434
171
276
241
205
234
171
173
200
234
200
171
254
200
267
349
269
264
234
259
228
336
200
319
238
216
348
352
400
205
259
220
288
362
225
254
240
259
378
241
339
288
313
216
295
313
295
318
343
279
225
268
257
404
328
422
322
323
623
293
382
234
298
259
390
476
362
171
333
275
472
457
269
187
281
283
309
425
290
327
333
278
377
305
482
372
212
271
395
187
323
301
273
234
200
199
234
254
225
205
225
259
259
200
287
171
205
254
171
259
288
225
259
171
171
259
200
200
234
288
205
171
254
200
288
171
199
234
171
225
171
259
288
225
259
171
200
200
259
259
259
233
225
1068
205
171
205
225
259
259
234
205
205
259
225
200
209
200
174
205
234
257
259
225
240
254
205
206
205
208
234
254
234
259
254
254
254
282
328
311
281
222
205
294
205
204
254
200
254
183
234
204
174
234
225
288
200
225
237
254
259
171
283
205
254
254
171
288
234
225
200
259
200
1150
171
205
254
205
253
288
170
254
171
259
200
205
205
200
259
171
259
234
288
225
237
200
256
255
319
276
205
237
174
171
200
225
259
171
1064
278
234
222
247
288
234
234
171
249
247
200
171
171
270
171
288
225
254
171
268
253
225
200
225
171
254
205
254
205
225
279
225
200
205
254
301
329
234
610
257
171
174
448
278
254
237
305
200
234
221
225
336
205
240
171
254
225
225
288
200
200
237
254
259
206
205
171
302
587
413
317
205
391
432
733
206
462
314
237
225
205
216
234
200
225
183
200
225
300
231
171
367
220
200
170
339
234
205
205
288
234
225
234
262
171
531
355
452
262
225
424
254
590
240
171
171
171
225
234
171
183
205
254
259
225
234
200
171
171
430
294
200
171
234
259
200
291
298
225
259
419
224
327
627
271
436
384
268
438
333
219
590
617
273
366
205
171
259
200
313
350
171
205
341
310
200
171
205
225
200
605
572
278
225
225
224
200
200
254
225
254
237
349
263
367
250
183
205
285
225
183
254
259
254
288
288
200
193
239
237
171
254
259
206
225
225
288
332
254
200
527
225
205
379
259
288
208
254
190
289
514
200
379
330
361
272
257
343
254
200
193
346
451
229
219
272
365
340
579
273
171
523
225
336
248
334
259
288
234
224
237
241
225
228
234
262
228
227
262
206
205
254
259
200
272
244
481
174
190
225
294
244
282
307
313
208
262
234
254
208
254
294
257
313
328
273
171
424
221
291
209
322
309
259
228
273
283
288
277
332
231
246
416
388
260
244
231
174
343
306
867
256
295
219
321
337
774
364
216
244
254
291
228
240
205
206
244
200
206
225
241
291
291
274
288
171
259
234
171
313
171
174
171
205
171
228
200
263
228
313
304
241
269
209
240
242
317
290
283
316
247
339
262
415
269
263
227
200
237
183
333
228
296
291
291
203
250
168
209
288
345
171
266
174
208
228
294
262
241
171
225
317
200
200
413
228
313
256
310
308
254
240
273
235
297
316
273
359
231
199
244
275
276
343
408
254
266
262
234
296
273
431
382
275
326
417
234
205
240
200
200
225
225
241
286
225
200
254
257
174
259
171
288
262
259
208
279
254
240
237
209
243
234
174
203
254
203
259
288
243
205
232
294
225
228
253
259
225
254
174
240
200
205
260
208
234
205
205
225
259
291
316
479
171
237
237
205
271
250
256
309
257
225
216
255
276
224
254
205
225
262
171
225
203
297
256
224
237
253
240
200
259
243
287
295
257
302
235
301
203
211
288
318
225
274
244
241
286
278
270
323
301
345
511
248
272
273
233
275
323
196
277
228
392
367
273
333
288
222
326
622
184
224
307
292
273
257
282
377
200
259
448
238
205
203
193
254
259
265
288
250
353
171
250
262
279
221
266
299
638
386
208
262
250
227
209
200
206
262
183
278
324
296
228
348
322
512
288
171
276
234
205
183
266
313
434
833
292
234
343
354
330
174
259
307
259
234
203
200
254
259
288
234
171
285
259
205
205
225
205
171
165
254
225
259
288
288
234
205
225
333
463
336
171
408
283
288
203
254
282
174
305
216
216
203
205
328
237
345
228
239
364
200
294
200
282
208
260
270
450
288
234
270
225
262
244
254
224
206
294
224
234
217
279
270
224
221
225
287
380
262
193
264
278
279
228
234
206
235
254
225
288
254
233
200
257
332
341
364
190
244
638
616
313
548
440
437
447
308
215
297
303
225
225
225
225
243
205
197
234
254
205
288
261
171
288
200
234
174
205
288
225
205
256
293
254
242
288
219
174
259
200
203
239
237
200
217
257
205
254
225
248
259
288
205
287
206
257
234
171
171
320
307
200
260
278
262
205
382
225
254
200
259
257
234
215
270
284
200
248
259
291
222
333
222
234
317
234
203
288
234
838
225
294
291
234
171
225
234
254
225
240
234
234
254
206
254
171
259
208
371
234
205
187
292
288
342
225
225
206
234
200
205
233
283
265
206
242
225
244
259
278
224
286
242
250
203
208
225
290
237
342
254
200
225
171
200
200
275
187
200
430
171
296
190
205
273
276
273
329
278
337
282
257
295
232
205
225
171
234
171
288
288
231
225
171
171
288
208
174
291
254
257
174
288
232
206
257
205
225
488
240
259
205
234
225
438
415
544
511
263
303
288
755
288
409
385
193
247
274
307
238
321
209
237
497
268
274
232
364
358
193
288
463
251
269
331
254
396
275
367
171
237
259
171
205
271
351
254
257
273
256
253
295
304
261
368
266
303
265
219
315
250
287
347
260
230
388
174
205
288
312
322
291
346
347
329
370
409
367
752
401
256
275
410
279
397
395
432
258
540
285
253
378
362
205
279
249
203
346
351
275
301
288
260
325
639
291
262
294
285
177
263
777
221
345
294
336
244
339
352
257
190
383
393
202
381
235
365
600
430
225
217
225
205
193
219
275
243
224
285
211
293
253
338
203
611
298
339
242
286
300
401
268
254
200
206
171
259
200
174
232
257
262
228
295
224
301
305
234
213
262
285
225
528
237
294
456
302
237
389
254
292
259
312
290
284
225
205
205
234
288
259
234
254
225
171
234
330
304
260
295
309
256
224
254
171
288
259
205
205
259
225
350
361
470
288
266
203
234
200
237
259
288
205
240
355
355
200
200
174
279
288
203
254
246
288
465
307
345
263
382
171
376
257
321
236
234
234
205
171
273
259
288
273
225
265
254
287
240
313
317
314
405
263
279
377
260
254
376
257
301
475
225
715
263
263
489
315
231
221
570
942
269
289
589
619
458
496
254
569
587
522
202
240
256
241
407
234
219
267
171
307
249
288
237
171
194
329
203
275
275
196
200
174
259
279
257
225
389
294
419
234
183
300
268
312
200
228
200
388
312
279
376
237
250
326
298
294
271
274
434
281
321
262
366
896
206
347
339
279
174
454
257
262
322
379
371
200
199
203
295
243
259
234
171
300
234
376
200
254
254
208
216
250
288
384
350
259
318
377
387
293
314
311
174
273
460
208
467
377
257
225
373
391
367
307
239
256
293
259
265
171
293
246
308
381
199
339
742
206
383
300
370
209
256
243
295
402
465
250
305
208
279
234
392
342
222
552
465
268
228
232
227
304
342
219
291
220
208
298
272
262
487
396
285
174
454
241
479
501
263
250
286
311
465
452
289
253
544
327
190
205
203
237
257
286
295
268
322
203
203
297
187
227
228
256
174
270
232
296
234
296
323
282
261
247
254
273
222
225
368
336
225
320
190
286
247
308
502
331
275
228
422
208
493
289
259
171
257
171
237
219
254
205
174
205
259
171
291
288
208
208
234
225
208
225
252
225
171
200
200
225
234
273
211
208
259
260
302
205
268
288
180
187
203
282
205
310
254
228
288
234
225
171
275
313
244
288
225
294
208
259
171
240
206
304
237
259
313
257
396
244
316
221
295
206
400
389
420
371
332
290
344
222
410
313
265
247
208
275
174
200
359
259
262
258
225
510
171
337
872
279
205
399
221
171
291
317
278
311
276
219
240
259
254
406
171
337
219
288
345
273
287
286
260
237
247
200
241
205
450
294
237
400
225
259
206
254
259
307
329
424
266
275
344
287
381
332
212
212
190
240
259
345
288
310
171
205
225
254
237
208
343
418
362
326
337
428
321
316
329
347
262
254
345
298
203
225
270
462
219
424
231
243
293
352
378
291
365
574
225
205
259
225
171
288
173
254
200
234
254
171
254
288
234
171
234
170
203
225
199
259
205
357
469
275
269
234
259
247
171
200
171
205
259
225
307
382
327
410
254
212
193
295
351
272
254
225
225
288
254
250
287
205
200
259
225
234
427
328
255
300
412
297
311
219
257
288
293
274
289
262
222
394
326
265
244
307
354
359
241
336
278
286
313
386
300
296
463
305
352
283
273
277
225
171
281
358
357
285
228
171
273
391
291
317
259
222
200
200
190
423
337
392
288
259
171
234
171
206
205
216
200
225
259
205
264
200
205
225
254
225
174
254
254
171
237
288
205
205
254
254
254
225
323
206
171
171
257
322
326
200
205
259
171
200
254
200
225
171
225
355
676
332
358
171
203
254
225
205
240
224
294
432
219
174
273
171
324
240
273
485
266
206
292
257
291
291
260
225
193
316
237
310
205
278
294
228
313
241
478
221
232
457
350
237
426
519
273
304
254
680
418
478
302
333
345
282
286
309
208
254
276
270
227
328
325
228
436
284
379
269
310
320
294
234
205
257
417
264
234
200
205
225
225
234
205
259
171
171
237
288
168
225
200
171
254
234
171
254
199
288
259
234
222
225
171
237
288
200
171
288
225
200
205
200
287
171
239
205
254
234
225
259
197
205
200
171
234
234
206
171
234
259
225
225
225
171
259
225
254
259
254
193
254
225
234
200
205
259
240
174
288
234
183
200
205
200
205
231
254
171
288
187
259
317
348
243
308
200
225
259
240
259
270
225
234
260
205
288
171
254
200
205
205
234
225
234
254
475
225
254
259
288
253
200
234
232
200
288
200
171
171
225
205
171
171
200
225
225
171
225
200
288
294
200
234
288
206
205
259
288
225
303
369
288
355
254
254
250
225
288
200
259
200
294
325
288
632
611
205
259
288
234
288
269
225
241
200
254
205
234
171
259
254
234
225
200
200
234
259
171
205
254
225
200
219
254
205
259
254
298
387
234
660
171
208
288
287
235
240
205
190
254
205
219
266
360
259
171
171
259
200
206
270
237
225
254
288
205
225
200
235
190
353
526
487
254
284
236
284
481
626
227
200
225
205
205
205
254
205
234
225
259
259
225
171
294
254
225
200
200
259
200
259
225
334
221
200
288
278
398
227
219
377
200
260
244
400
259
260
259
392
171
237
234
288
254
254
288
225
288
261
254
288
355
225
259
234
200
205
225
478
324
231
225
519
273
174
401
288
410
329
394
395
381
348
270
569
450
574
225
205
254
294
431
343
171
174
298
272
225
171
200
223
254
260
346
264
171
254
225
171
254
234
171
205
225
815
415
331
329
278
259
421
171
259
259
225
219
200
254
259
208
250
234
200
234
171
200
206
219
241
330
203
208
300
200
200
512
225
171
187
206
275
247
298
459
313
314
374
316
284
200
205
254
386
329
200
270
323
322
326
525
217
358
292
279
292
459
383
286
257
214
200
262
254
226
262
251
291
206
240
290
304
225
200
259
174
225
294
205
200
288
171
260
190
200
187
237
294
228
208
268
205
225
259
174
259
244
208
260
259
263
200
364
244
216
521
276
271
298
320
259
216
254
402
190
259
174
289
359
248
268
499
277
548
625
256
257
448
250
298
228
436
234
203
243
217
254
225
262
208
304
405
203
171
208
171
219
269
228
275
234
225
225
243
254
174
228
231
259
317
234
309
208
254
206
291
262
291
219
187
253
418
347
311
276
413
373
270
370
379
294
174
174
257
288
254
190
225
273
275
205
228
225
288
239
259
291
216
312
171
291
311
301
827
459
321
211
282
237
259
216
231
380
317
304
346
281
203
336
272
441
310
393
281
235
294
281
270
289
352
276
200
310
288
333
502
222
380
206
241
288
225
239
225
225
234
242
270
234
205
254
259
205
200
200
259
254
291
271
200
237
174
257
183
200
237
288
294
262
171
228
171
260
228
189
200
305
208
247
237
171
225
174
202
291
171
259
171
171
240
281
254
205
259
288
234
171
234
240
196
225
297
305
208
203
200
205
257
171
259
325
289
253
237
250
243
288
234
208
288
234
274
262
190
206
288
283
319
328
171
247
269
208
239
225
244
466
292
270
225
281
363
258
256
266
211
259
337
327
452
244
313
225
300
291
219
266
288
310
320
309
373
327
248
281
241
234
261
304
209
269
412
291
445
212
250
529
264
206
205
285
291
279
273
283
295
349
278
283
275
360
368
505
259
314
238
208
203
262
171
225
219
206
732
449
262
354
354
234
450
254
288
535
234
297
174
452
647
292
261
505
230
241
617
279
455
254
259
205
270
259
171
205
254
171
225
200
225
291
268
225
259
208
200
237
171
225
225
234
183
224
260
225
259
770
352
254
225
254
254
287
187
203
174
174
244
270
253
288
225
346
239
257
254
231
252
259
238
263
200
228
174
228
225
256
187
259
254
291
200
224
228
177
291
287
373
244
450
216
260
282
259
187
187
224
205
298
174
247
288
288
205
259
200
225
259
205
205
326
281
272
334
596
411
277
364
231
256
540
552
234
336
676
261
313
599
225
171
200
215
208
262
220
254
225
288
225
225
259
200
240
234
206
225
234
200
208
291
225
234
187
203
288
268
209
208
288
260
200
227
302
291
216
234
217
225
295
208
200
260
205
225
228
200
174
215
294
292
257
205
228
240
254
193
311
234
208
244
308
171
171
240
274
254
251
272
253
270
254
288
225
288
254
171
334
225
410
292
259
225
225
225
225
234
259
205
171
285
200
200
254
205
171
288
307
228
257
206
200
205
234
171
225
234
259
371
225
380
212
374
329
254
282
257
174
278
294
171
285
190
187
257
229
200
240
200
313
259
171
259
225
273
364
320
228
339
303
171
513
203
273
301
445
244
297
269
433
255
275
259
225
208
234
211
225
193
205
225
205
174
234
259
259
234
174
200
200
205
288
288
288
304
171
200
277
225
259
293
477
174
417
259
332
195
329
556
389
224
279
276
462
391
524
399
292
335
335
359
248
318
232
208
428
225
238
449
289
252
335
296
247
258
239
203
363
225
325
200
205
338
273
259
220
312
237
291
332
295
262
174
224
336
294
377
370
288
320
227
281
225
371
288
205
254
484
218
255
275
263
257
260
383
800
377
273
281
341
290
301
298
355
809
430
305
290
260
348
208
205
311
240
265
353
262
308
315
234
360
270
334
305
311
326
367
333
350
339
336
305
275
361
552
349
324
285
203
244
289
392
507
302
392
298
270
200
224
225
200
278
219
220
288
201
224
262
259
190
219
400
346
286
279
241
738
283
288
306
396
225
205
282
288
296
216
241
275
241
338
242
250
248
259
171
346
344
360
187
309
244
231
219
349
171
294
598
296
205
390
269
288
259
171
288
225
262
225
288
254
234
205
273
296
222
246
249
271
355
325
320
288
171
205
288
234
234
242
183
275
222
208
287
205
200
171
288
171
205
171
205
291
171
327
225
259
287
259
193
240
525
554
243
364
242
339
275
254
292
257
722
199
234
205
254
225
345
200
288
244
234
330
234
282
345
307
271
254
592
260
307
425
219
270
338
317
203
259
205
466
391
203
279
284
206
255
200
299
307
637
416
205
380
530
519
404
285
259
306
288
224
253
219
234
470
206
417
321
205
205
254
288
334
358
271
256
274
281
349
257
324
260
311
255
345
260
379
203
350
200
308
219
345
239
270
234
295
273
284
365
383
263
337
289
286
356
416
234
265
322
250
394
273
284
231
329
240
253
251
727
379
237
260
259
171
297
196
174
288
259
171
254
211
234
192
259
279
287
228
298
234
200
298
273
279
294
193
199
203
680
473
430
231
242
385
302
279
200
336
269
259
509
259
228
345
234
253
304
273
286
253
305
278
225
281
360
171
325
267
206
273
278
240
330
519
371
378
232
270
427
260
321
304
305
447
193
297
274
222
205
264
219
262
311
279
498
291
345
315
243
315
488
561
316
264
471
385
310
291
279
317
323
454
227
348
206
208
225
294
171
203
262
262
263
313
257
290
269
171
288
200
338
325
203
244
254
283
220
278
276
394
193
219
365
473
190
386
225
238
294
215
311
310
299
243
361
193
300
269
319
318
237
216
254
174
228
262
234
234
174
342
203
217
234
257
199
171
206
205
171
171
205
288
171
174
259
203
288
253
251
208
294
223
257
205
228
234
206
177
208
260
248
174
273
225
291
200
200
278
242
260
268
327
234
313
221
259
288
257
353
234
397
339
261
232
228
285
250
281
208
206
313
222
307
238
343
388
227
678
378
619
537
254
311
262
174
200
506
259
259
228
282
297
386
174
310
219
589
276
285
376
225
229
171
323
187
224
349
266
211
250
366
289
468
297
225
200
222
441
200
171
278
278
281
569
208
288
352
259
289
260
260
491
200
263
470
384
241
294
447
314
253
537
387
382
225
232
276
227
361
165
326
174
234
200
259
276
387
384
487
254
260
433
422
994
673
256
296
203
338
316
328
171
206
360
349
216
208
333
349
273
300
251
208
250
378
509
234
237
288
205
259
225
171
225
200
171
288
254
234
206
259
171
205
288
205
200
233
205
378
493
281
438
323
254
276
205
225
225
200
254
234
306
302
279
273
272
389
206
262
331
257
254
234
254
200
200
199
254
205
204
234
288
293
390
316
282
174
401
280
243
311
190
368
261
316
291
257
313
310
231
244
335
278
283
273
288
190
307
473
310
273
475
227
308
288
244
355
329
258
174
171
399
360
274
301
231
360
332
329
240
302
228
418
288
276
225
246
262
257
200
420
225
254
205
234
259
225
225
234
397
225
205
206
205
259
259
275
203
233
259
205
259
225
288
225
234
259
234
288
241
205
174
273
360
187
278
225
169
254
259
234
288
171
288
231
205
307
299
352
321
225
288
205
234
225
225
206
308
429
254
313
259
216
286
338
240
250
529
206
365
565
477
236
470
203
171
278
383
255
260
203
288
363
358
778
313
320
354
276
232
349
271
340
266
257
237
906
519
221
370
562
298
275
254
339
295
502
190
355
190
241
286
328
360
346
284
287
353
367
254
273
304
415
200
234
200
254
205
200
205
288
205
171
205
225
171
200
225
258
254
200
199
254
222
225
259
204
234
225
225
240
171
254
263
225
171
200
288
234
171
205
254
234
171
171
200
259
260
234
288
225
248
205
206
200
234
171
200
254
294
225
225
225
171
225
200
254
225
307
225
254
205
206
273
259
205
268
254
288
288
288
171
234
171
234
294
294
234
288
282
262
234
484
310
249
259
288
234
237
171
171
205
225
225
234
237
234
199
205
200
200
253
304
171
171
171
262
171
234
171
200
206
171
200
234
200
198
171
171
225
171
234
199
254
225
288
234
204
205
254
171
234
234
200
200
254
254
171
171
332
291
477
171
174
240
234
200
200
217
259
273
372
240
275
294
200
200
225
288
254
746
288
205
259
259
200
200
234
200
225
171
200
171
254
288
200
225
224
202
225
225
608
231
259
448
225
612
273
240
523
259
288
205
227
302
200
205
220
237
234
378
312
335
200
259
205
205
168
288
205
236
254
171
171
171
254
200
237
513
1091
240
325
203
288
377
552
673
465
332
171
171
225
259
259
225
234
234
288
293
259
171
240
205
259
171
211
282
234
288
205
225
171
234
225
225
269
494
519
560
286
208
355
300
171
254
259
225
373
288
252
197
200
288
254
240
205
259
171
205
254
208
233
171
171
254
288
200
448
486
278
288
254
260
259
296
297
527
308
346
672
342
303
423
206
757
607
225
225
225
237
307
373
225
205
268
536
225
200
259
225
171
431
552
367
168
205
240
234
288
259
237
225
234
533
259
221
272
253
225
546
254
225
200
254
171
205
259
225
348
208
171
234
225
286
320
174
174
244
219
200
254
397
225
254
219
174
183
294
225
332
313
282
418
332
308
386
200
234
241
254
200
321
171
444
498
444
380
282
254
264
268
244
288
919
289
288
281
259
171
240
237
171
174
239
292
174
244
203
244
262
206
225
228
266
244
225
228
187
310
227
241
223
203
218
205
379
257
225
234
205
171
171
281
187
242
209
288
200
243
208
279
229
174
240
228
216
266
240
555
220
317
342
299
311
244
512
310
528
342
297
276
361
276
196
288
581
322
314
200
269
559
418
278
216
217
275
216
703
234
254
288
254
174
171
296
200
234
288
234
225
205
171
171
208
254
174
254
275
171
241
288
228
257
200
288
257
174
208
243
228
171
205
327
248
255
174
911
187
234
258
291
265
254
254
257
174
288
208
275
278
314
312
225
260
244
228
257
255
237
238
203
273
277
244
767
284
205
253
278
294
360
237
298
258
340
256
307
337
174
464
278
257
434
263
335
347
225
417
260
367
225
174
187
364
186
324
317
293
206
259
200
208
228
294
174
259
234
225
225
205
262
257
300
205
240
200
203
183
225
225
234
171
200
171
171
288
174
288
205
174
200
268
228
259
225
237
211
225
174
247
252
277
234
304
200
225
171
208
208
234
228
208
171
208
278
205
563
225
319
268
203
288
254
171
254
271
208
234
277
278
203
220
171
234
322
258
237
291
200
259
225
205
416
219
291
171
271
203
171
439
200
217
324
264
288
240
330
227
200
294
316
254
318
219
338
174
313
360
341
227
221
474
354
250
174
331
291
399
255
303
253
332
323
275
284
312
238
196
317
219
239
239
257
234
383
485
200
254
479
190
385
356
288
225
259
206
424
171
290
229
259
205
234
294
216
262
496
205
638
240
569
434
607
228
336
283
476
312
419
225
271
288
171
225
397
402
329
238
444
332
304
403
317
294
205
254
260
174
259
205
225
234
288
254
171
200
260
200
222
259
225
200
217
288
205
288
288
254
225
225
288
206
353
556
206
263
300
237
254
237
267
174
205
203
278
187
240
234
270
262
350
259
231
254
225
353
506
309
328
310
234
257
257
237
284
190
174
288
208
259
254
288
240
171
224
171
174
401
339
205
278
259
219
208
372
462
281
410
234
225
254
225
205
225
205
227
320
292
288
277
337
293
620
470
266
289
327
401
695
346
523
392
212
248
205
234
240
225
209
174
171
225
171
237
171
254
237
205
259
271
225
257
228
200
183
288
206
254
262
170
205
171
254
234
228
225
234
294
225
254
259
225
262
225
250
200
200
234
381
174
237
288
240
304
260
197
254
237
205
268
190
219
205
244
267
239
262
304
268
279
424
314
273
174
247
321
200
259
203
248
254
345
375
254
565
280
194
225
254
171
206
299
225
200
254
288
237
225
270
234
257
244
254
225
266
203
205
200
234
225
225
234
208
202
288
276
323
327
221
275
304
171
244
259
219
187
286
246
234
250
237
332
348
269
171
200
234
225
259
270
190
171
263
270
343
320
222
228
190
262
235
291
362
237
295
205
305
171
228
225
203
174
203
200
171
259
208
171
225
254
205
241
179
259
171
199
288
259
294
171
254
203
269
259
239
308
331
263
272
294
257
177
298
293
387
225
231
348
338
277
350
329
302
340
357
225
256
263
263
332
278
263
237
370
276
281
270
329
334
330
200
228
282
294
202
225
200
275
278
302
258
288
291
278
220
281
239
312
322
221
497
225
174
654
260
183
228
225
228
205
254
234
277
628
470
354
291
356
602
265
357
424
453
464
307
367
276
276
384
190
313
405
352
240
270
200
205
257
294
815
255
206
322
171
228
205
211
206
273
239
248
263
285
355
444
252
598
257
497
402
351
291
190
257
222
379
367
407
262
549
326
549
243
234
234
237
212
278
390
234
291
382
282
282
318
234
259
433
222
330
369
319
419
254
227
206
205
200
288
206
260
286
363
238
276
354
309
288
269
395
234
203
259
442
359
363
378
354
247
289
254
497
288
216
313
200
273
288
225
240
171
273
262
174
228
205
171
200
394
291
316
236
190
314
212
183
222
254
200
171
200
205
200
268
231
187
237
291
262
203
385
259
206
288
234
254
200
340
339
582
254
254
288
254
237
254
360
292
196
289
316
382
438
319
228
228
379
357
234
200
171
244
248
171
288
206
234
257
288
208
308
230
289
592
541
324
239
286
225
259
228
346
259
469
250
250
282
479
279
231
289
443
503
222
253
290
472
407
497
338
363
322
219
254
224
200
384
200
362
232
205
306
352
296
288
234
171
234
415
271
171
291
224
183
336
361
248
206
301
222
217
244
254
250
295
277
229
285
240
260
526
221
313
208
231
244
225
308
238
247
258
322
314
190
292
260
257
351
674
645
288
233
257
385
275
291
261
323
273
288
200
254
234
288
203
332
259
388
266
322
203
288
307
316
380
286
300
272
336
332
412
243
308
309
228
241
321
274
277
326
263
330
301
234
269
254
290
219
237
242
187
282
339
193
254
363
379
203
206
342
200
289
311
300
244
337
222
281
170
279
187
298
313
259
451
360
407
231
248
658
260
326
415
342
234
310
330
238
373
231
273
276
265
234
425
295
463
174
262
373
357
461
254
306
450
327
227
294
240
268
292
228
234
228
225
234
203
174
288
205
294
282
293
304
234
208
171
331
331
254
318
279
329
279
193
256
381
224
470
316
273
310
371
472
310
634
467
348
278
268
237
354
311
445
320
307
314
253
171
174
228
247
288
206
225
171
257
234
293
389
205
225
174
254
206
234
200
200
237
234
171
203
220
225
225
234
174
342
259
232
200
288
225
277
237
257
244
228
208
205
311
208
208
286
242
234
307
262
216
205
288
288
257
285
286
324
240
208
332
313
281
313
269
171
415
247
276
271
306
290
254
405
244
378
372
288
462
209
278
285
171
305
262
227
222
273
612
193
360
285
401
620
267
228
225
224
227
244
288
353
215
583
639
284
310
171
333
425
231
171
164
225
333
248
262
432
330
227
339
217
291
225
225
193
200
225
171
225
234
292
171
329
256
352
275
190
238
276
311
337
415
463
259
199
320
244
197
437
254
171
225
259
589
297
1190
273
327
282
347
370
402
316
291
244
206
355
200
224
200
259
252
279
347
205
268
237
244
271
228
289
377
462
212
205
225
200
240
225
205
171
200
225
225
225
234
259
254
234
268
288
225
200
225
205
225
409
257
259
246
270
225
348
174
260
225
254
224
200
237
269
253
240
320
289
310
274
294
234
288
205
259
288
205
254
288
203
254
259
200
225
203
312
329
278
203
237
247
278
293
270
240
278
222
370
262
297
254
171
203
353
278
250
448
239
278
288
301
304
187
309
381
288
320
239
469
312
225
205
282
467
300
292
341
265
300
235
203
304
205
288
315
322
445
370
401
414
234
174
430
205
259
171
254
288
205
205
288
225
225
200
259
205
205
171
234
225
288
171
171
171
263
171
205
259
254
254
221
200
171
171
216
491
262
259
234
254
171
200
205
225
225
225
288
433
206
276
291
171
225
205
200
225
200
254
440
345
310
1174
254
225
222
269
333
300
330
288
409
280
286
237
259
288
203
203
648
356
313
317
288
250
247
298
278
260
286
337
372
206
441
263
190
374
285
279
329
366
231
370
291
286
350
243
253
605
248
259
342
316
415
269
336
346
257
464
401
352
320
274
294
265
245
258
171
254
234
171
171
259
205
205
254
288
234
205
225
268
240
288
225
200
259
237
254
171
200
234
288
171
205
200
225
225
293
171
171
205
170
225
171
193
234
259
225
259
254
288
254
259
171
254
259
288
200
205
165
200
225
259
234
225
205
288
171
225
241
222
205
200
225
250
259
254
171
171
225
234
288
225
200
288
200
342
234
225
234
237
205
293
219
599
231
259
259
200
171
259
259
171
225
291
254
225
200
288
259
200
225
259
171
259
205
205
225
235
225
171
254
171
234
288
259
200
288
206
205
234
254
171
259
171
200
234
259
200
254
205
234
259
259
234
225
288
288
171
234
282
269
171
415
259
225
171
171
171
171
200
225
254
263
217
205
277
254
200
225
171
171
203
225
234
225
288
200
260
174
237
225
240
225
205
171
225
288
234
171
247
225
234
298
171
259
205
171
205
273
200
329
200
171
241
341
539
234
217
304
171
254
332
286
287
225
225
205
225
225
208
254
200
171
225
288
225
225
234
205
292
273
481
203
297
297
351
382
430
212
359
259
259
171
253
200
171
205
200
234
225
259
254
259
205
288
205
335
234
200
288
205
225
259
260
288
288
319
293
219
281
187
228
481
231
291
224
259
225
333
225
205
288
200
288
171
200
221
234
206
171
200
225
171
200
171
294
200
171
273
273
422
225
193
316
209
203
294
271
411
311
424
446
235
268
200
300
241
225
234
288
205
585
291
171
288
222
495
225
171
205
223
259
412
301
326
205
254
171
254
183
225
205
225
234
183
457
359
231
298
233
603
225
169
268
288
200
225
211
259
266
276
259
200
205
171
237
259
225
361
262
288
206
200
171
205
271
193
288
278
200
524
200
366
450
409
279
364
321
439
237
200
205
240
317
257
287
320
328
263
792
322
359
436
389
261
414
459
183
381
225
225
234
171
174
171
304
288
276
228
208
416
205
279
240
228
288
200
225
234
291
339
234
174
329
254
208
208
187
174
205
225
200
408
187
205
237
234
174
294
259
288
203
208
200
313
225
343
205
325
341
222
286
253
270
231
304
270
351
238
206
388
247
295
282
291
282
330
225
287
288
420
1023
332
253
222
242
291
308
287
203
288
225
239
205
171
217
254
241
278
239
291
200
225
304
313
275
225
200
171
219
251
239
171
291
234
307
304
171
257
234
313
237
304
367
174
273
310
219
203
274
209
205
171
254
200
174
291
174
205
254
259
250
262
259
374
273
288
225
221
190
232
262
373
291
293
292
187
203
376
174
240
275
219
281
370
300
226
280
310
174
377
206
420
304
431
232
423
284
286
340
241
294
354
291
259
276
293
259
307
171
225
205
288
205
205
345
205
203
237
225
262
261
205
203
174
228
205
200
272
234
203
228
171
259
234
171
200
270
225
234
259
208
259
225
288
206
200
254
237
250
259
259
208
342
205
205
208
251
250
322
171
208
177
200
200
216
225
240
259
219
234
225
253
234
254
205
225
203
219
171
209
288
237
202
203
208
262
254
190
362
256
291
288
268
190
203
298
360
323
315
221
291
281
294
239
262
291
190
392
260
391
221
292
304
327
280
399
314
429
216
225
257
299
190
218
240
272
238
253
395
344
276
393
300
203
278
272
322
374
187
177
291
351
511
171
333
254
286
227
263
399
200
259
288
241
262
190
370
228
316
335
367
275
728
200
253
259
254
200
257
447
486
285
309
421
361
304
202
425
200
200
216
205
205
249
280
240
312
203
351
216
171
338
370
370
252
205
259
234
205
208
254
225
225
225
205
200
225
200
171
254
171
288
225
259
237
171
225
234
288
234
171
288
424
316
228
428
307
293
307
183
225
311
225
336
224
288
334
283
288
225
171
248
174
283
208
237
187
277
368
258
266
203
278
291
327
254
205
205
304
280
200
228
313
199
203
259
228
302
206
322
257
241
291
276
250
234
288
398
254
259
259
216
288
288
200
234
497
260
399
222
342
517
284
439
377
222
362
257
325
473
308
297
453
716
254
200
225
200
174
200
294
303
254
171
171
234
253
205
200
285
165
268
234
171
288
257
200
205
234
234
194
240
208
205
219
254
288
234
295
259
174
254
228
288
240
200
410
225
262
291
327
198
294
319
293
237
219
627
316
276
200
251
171
334
278
254
746
259
298
171
319
261
294
250
228
439
225
259
259
254
205
263
310
240
286
339
200
258
329
234
259
171
254
171
200
205
205
225
225
254
225
171
240
260
315
251
237
288
206
259
294
254
200
225
225
279
227
336
281
225
286
278
247
225
203
257
257
432
262
237
273
234
171
254
200
205
254
225
200
257
294
289
293
193
319
205
285
342
273
355
275
241
286
309
234
219
215
267
254
288
262
234
225
262
234
171
200
203
270
254
205
228
270
203
205
288
200
174
268
254
237
254
291
200
288
241
253
270
370
329
366
222
415
190
376
413
255
286
373
517
330
392
294
326
251
349
320
230
282
174
439
246
295
260
314
611
215
273
190
1094
219
262
200
331
293
285
334
287
316
330
205
240
348
224
260
240
345
271
231
200
258
251
359
234
257
310
257
209
237
228
288
200
329
468
232
454
298
202
384
206
458
183
495
273
280
380
318
355
307
466
430
205
340
234
265
241
205
203
661
211
318
229
453
224
234
224
347
273
270
374
261
365
273
288
245
171
541
301
273
266
276
276
374
418
230
360
383
279
330
323
309
332
237
225
216
171
258
259
247
291
276
286
260
284
323
203
206
443
447
274
320
234
330
420
291
259
288
205
205
174
276
219
340
376
234
428
348
190
255
254
200
224
360
334
272
190
425
259
206
222
254
219
469
320
237
288
288
174
217
254
234
288
241
259
205
234
254
171
282
314
421
337
273
281
592
271
174
203
200
254
234
200
194
171
291
323
278
333
257
257
291
234
259
234
205
254
254
349
257
331
259
225
263
200
269
218
308
399
326
275
363
276
281
514
320
322
219
253
206
225
205
234
282
205
171
335
171
285
217
470
262
216
206
319
342
315
183
265
208
328
243
332
219
317
276
404
227
254
228
260
307
368
287
577
340
395
240
333
314
483
242
224
346
240
262
254
367
331
208
385
241
268
241
288
200
205
254
225
353
291
244
259
302
284
171
171
333
282
208
200
316
331
315
275
187
200
329
342
253
241
490
332
300
365
370
285
351
337
241
254
259
246
237
289
171
357
228
314
439
291
587
312
392
205
306
231
253
365
225
254
284
288
234
253
234
499
206
288
285
200
171
254
257
556
259
259
332
273
277
404
203
203
288
275
247
337
352
477
508
260
225
322
361
205
264
326
302
559
257
270
225
200
241
171
383
366
291
312
332
250
307
252
174
445
346
222
372
269
311
260
282
174
338
349
321
272
613
359
439
261
244
234
299
275
291
342
257
303
411
279
349
206
255
203
274
187
283
206
224
1030
273
200
171
339
321
222
737
517
257
271
326
314
259
171
257
171
259
322
209
217
252
266
273
271
322
286
261
290
289
384
227
225
174
174
308
247
190
228
239
285
313
361
220
314
240
301
365
420
295
264
291
387
295
335
435
357
228
241
216
271
200
273
171
225
234
205
259
260
240
225
200
240
174
171
291
208
231
259
291
174
200
259
259
208
206
224
254
208
259
237
205
225
174
225
190
225
291
174
288
268
322
228
200
200
203
234
423
273
288
220
208
276
254
237
273
239
219
272
348
171
221
222
402
237
206
316
281
326
495
251
225
293
424
346
273
295
279
391
501
461
237
250
288
234
395
171
279
257
205
463
327
825
257
289
268
274
190
225
284
205
299
257
232
269
297
453
205
291
263
458
322
302
200
203
200
252
205
336
618
254
361
205
487
261
243
241
237
268
225
208
171
249
284
313
295
329
310
274
269
349
582
310
292
244
254
359
225
289
259
205
217
288
294
268
557
314
513
219
549
231
267
238
289
274
310
558
206
257
256
225
260
313
236
209
375
303
245
292
424
221
292
408
309
222
259
288
205
171
259
225
234
288
171
254
171
225
171
200
234
171
259
234
203
232
216
225
577
304
269
171
326
415
205
259
237
200
259
205
228
219
288
279
317
336
291
244
405
401
171
200
288
171
171
225
205
225
234
259
288
200
278
341
275
237
310
241
171
257
171
260
232
263
257
189
370
313
304
263
314
171
343
174
294
227
258
237
250
670
281
449
237
225
237
580
252
247
171
174
405
335
254
380
274
324
285
212
301
246
259
283
209
362
234
432
311
339
200
273
205
205
200
248
254
225
234
216
208
268
200
200
234
205
254
205
254
171
234
234
260
254
288
225
216
205
234
243
193
225
205
288
361
288
401
200
200
288
254
225
200
205
225
171
171
445
357
174
256
205
204
225
225
225
268
304
275
226
423
481
241
243
332
216
287
230
497
348
420
322
356
259
256
350
298
288
370
205
288
258
348
435
396
241
345
354
271
276
468
308
324
187
254
349
403
307
274
208
227
352
322
301
287
335
429
374
443
435
358
353
319
205
352
216
290
340
187
300
257
313
244
235
174
295
288
205
234
259
225
171
259
225
171
200
259
254
254
254
200
171
234
200
205
200
234
259
171
206
234
205
259
200
205
254
200
259
225
225
200
225
225
171
205
200
225
200
225
237
288
200
225
618
205
200
259
254
171
304
225
225
225
254
288
259
171
200
234
279
254
200
205
202
225
288
171
205
254
200
259
234
259
205
205
240
200
200
254
171
259
244
346
282
336
259
206
200
259
174
234
174
200
171
200
200
205
205
200
259
200
322
253
216
171
200
200
288
200
237
234
260
250
234
205
225
288
200
171
288
221
240
225
194
240
174
200
259
217
254
259
205
200
205
288
225
205
259
225
312
228
183
336
225
205
234
205
209
171
171
234
335
376
203
234
345
200
234
204
205
234
513
171
308
225
259
170
200
234
259
225
200
259
200
171
225
259
225
254
259
216
171
386
225
234
254
225
392
279
205
266
259
237
259
320
384
206
225
203
174
200
259
539
288
171
254
259
240
205
171
205
225
206
200
254
234
200
250
237
264
171
322
273
312
311
190
307
200
283
628
225
200
225
200
200
171
200
254
288
225
205
234
171
254
254
234
171
200
200
225
205
234
294
225
259
208
267
219
387
269
238
254
285
311
222
171
259
234
254
234
234
259
225
205
259
288
225
171
237
234
225
225
200
205
225
200
171
205
386
298
281
200
203
218
363
312
339
346
336
177
292
284
260
675
237
326
323
283
225
234
205
396
330
259
254
244
293
200
225
205
288
225
413
470
317
259
237
225
288
259
259
205
205
225
406
389
333
289
699
288
234
171
288
200
225
288
205
203
234
337
390
205
288
254
234
225
171
259
261
237
234
200
190
259
234
313
407
171
225
174
360
262
408
257
224
310
333
359
341
298
234
254
203
410
421
356
203
281
285
193
248
412
241
187
268
356
354
276
254
171
203
208
234
288
288
208
433
399
288
268
253
313
174
200
225
254
259
259
234
200
275
254
266
203
171
356
203
174
273
171
228
174
171
270
290
171
200
187
203
200
332
241
299
254
282
232
279
220
240
222
341
203
498
415
309
285
193
284
387
289
361
323
266
351
311
281
653
264
285
288
279
875
339
171
259
288
262
259
288
288
239
288
238
282
228
200
295
387
228
225
241
244
250
228
174
208
214
246
237
279
234
225
171
254
237
200
308
307
263
232
300
299
259
349
275
506
268
171
278
338
259
171
257
257
239
291
219
225
288
224
263
254
259
254
309
224
221
239
365
239
309
259
286
200
322
273
286
345
320
247
266
349
314
279
264
275
282
369
291
259
295
279
268
461
288
192
397
257
306
211
364
322
383
224
257
265
462
428
283
200
262
288
171
209
259
203
171
171
209
254
234
228
200
225
225
234
225
228
259
304
171
259
171
174
203
225
217
174
266
208
234
225
265
257
288
171
183
327
238
168
205
293
217
234
174
270
206
254
205
254
273
171
241
200
240
259
259
262
291
200
227
200
291
316
381
171
368
171
228
208
239
187
291
234
174
205
291
313
288
217
221
259
237
215
203
250
254
282
253
227
187
279
303
244
389
219
203
403
206
383
295
288
294
174
296
273
263
618
203
225
322
291
318
279
171
207
321
260
281
300
177
216
528
190
235
251
243
240
426
281
296
313
292
319
257
313
232
203
231
294
253
200
254
308
293
253
193
171
228
237
250
335
316
206
234
333
288
690
279
240
225
209
304
228
219
295
347
187
430
254
225
352
171
332
288
189
486
297
451
326
352
458
404
330
295
225
171
288
199
234
234
225
225
288
259
225
199
171
171
288
294
260
225
205
234
225
234
254
171
225
171
205
171
206
320
231
307
272
200
242
288
268
291
291
241
203
174
323
257
225
234
302
174
250
280
190
322
309
242
259
288
312
244
203
254
205
257
228
174
262
301
254
288
331
219
287
187
211
315
221
270
278
257
372
282
380
225
234
171
208
200
259
254
200
259
283
254
351
310
276
267
241
584
285
578
219
309
228
465
511
334
496
353
418
291
225
203
225
254
259
205
203
171
234
234
234
205
205
171
254
288
225
200
174
234
308
291
225
174
259
203
234
222
205
171
317
288
259
289
200
206
259
174
240
342
234
329
234
208
240
253
203
202
259
244
220
288
268
254
296
295
278
260
206
200
387
205
276
259
250
200
311
260
291
456
208
244
234
270
259
225
200
171
256
282
272
462
294
171
237
259
225
237
254
205
254
205
205
171
205
240
206
171
200
234
311
228
288
171
171
216
225
225
200
292
288
269
298
276
250
254
219
328
205
205
245
203
293
273
256
328
295
304
205
259
225
234
254
200
205
307
295
225
307
254
221
329
295
170
381
274
255
206
466
288
234
272
259
434
225
205
225
225
237
183
228
174
240
237
205
171
228
259
203
240
205
285
259
262
237
279
254
260
200
296
208
225
203
345
274
393
244
472
327
329
250
288
276
234
380
586
345
313
298
270
252
263
471
375
251
280
228
302
361
332
232
355
311
260
496
310
203
234
273
262
288
280
209
278
260
244
275
288
323
292
208
248
264
222
228
446
306
340
366
171
285
462
203
288
209
256
234
254
206
352
342
295
275
363
276
306
253
265
383
278
319
310
312
242
270
219
365
326
729
200
200
332
206
174
360
315
219
235
289
363
240
203
456
435
361
262
282
296
203
301
425
502
659
222
449
522
260
368
288
232
278
301
219
314
190
389
413
455
288
171
205
288
219
193
438
225
229
344
250
228
330
230
337
259
263
465
441
250
225
256
325
171
165
200
225
265
244
234
311
386
459
307
171
263
235
237
247
371
328
440
250
247
212
275
438
295
200
552
174
190
298
301
254
501
254
171
254
389
225
234
288
206
225
259
190
314
261
244
278
313
312
241
467
234
259
200
237
237
194
234
231
249
333
270
257
228
205
240
205
225
234
171
234
323
357
258
320
237
278
234
288
205
257
400
252
281
244
334
328
603
378
294
389
239
260
200
259
254
220
205
288
386
200
215
240
234
263
254
236
259
278
237
291
225
235
225
403
240
289
174
379
376
200
287
260
594
647
390
299
240
216
316
200
241
345
387
219
200
376
171
291
276
190
276
257
171
174
531
234
263
432
282
268
208
241
277
237
241
300
237
205
263
227
243
237
237
282
426
216
202
319
298
339
277
307
225
444
211
205
288
283
298
237
206
200
208
232
241
443
250
367
478
776
219
347
205
281
282
664
288
347
344
330
234
519
205
307
318
208
200
288
352
237
254
503
238
235
203
259
205
814
292
244
835
275
205
235
235
458
183
228
254
292
268
203
288
323
260
490
205
294
243
755
171
431
291
428
333
313
353
307
272
313
271
253
263
265
205
591
260
307
312
307
443
457
265
367
276
280
412
262
263
224
286
292
266
219
233
259
257
326
247
259
462
256
298
333
246
371
271
326
294
241
365
409
276
450
307
209
335
314
275
224
544
377
225
352
263
316
257
239
234
367
262
228
250
277
203
278
271
229
253
234
205
237
200
174
190
240
234
427
371
429
228
271
227
257
318
294
253
325
479
276
229
270
360
386
401
566
193
304
394
371
225
319
225
259
239
174
219
253
259
205
234
205
220
254
265
282
245
205
259
225
228
240
276
228
268
219
228
171
171
288
205
237
171
262
257
200
225
262
205
177
257
262
208
225
171
203
294
257
322
165
217
367
234
193
351
302
325
200
304
205
310
386
260
277
171
250
248
284
291
278
193
373
278
271
347
358
380
300
595
463
431
505
354
313
254
225
228
171
259
171
291
205
361
286
615
285
309
247
234
307
228
276
320
345
338
336
481
187
234
257
557
276
297
288
270
397
262
257
205
183
381
279
205
235
205
200
254
288
174
200
200
225
205
225
254
381
339
246
515
281
321
312
238
420
384
317
273
544
350
174
307
222
225
260
171
359
348
355
401
368
313
356
349
233
584
263
254
337
343
352
247
281
289
209
424
353
367
205
242
685
250
300
349
273
311
271
259
168
225
208
288
288
288
205
259
171
259
254
174
254
225
171
225
270
250
259
254
253
313
345
296
307
205
259
278
225
171
200
205
205
200
284
225
278
254
262
312
235
405
229
397
225
288
200
259
259
200
205
225
200
234
208
225
350
219
279
329
408
262
509
288
248
254
448
174
200
230
206
261
256
271
288
355
237
257
396
323
326
622
461
221
278
235
315
240
354
222
267
290
225
240
206
362
336
319
277
240
193
390
266
263
200
358
228
269
304
228
171
289
254
225
225
200
234
288
205
282
225
171
254
254
171
234
216
171
205
200
171
254
208
259
171
171
199
250
205
234
234
225
380
234
236
200
174
584
380
259
254
259
205
259
200
204
234
259
171
297
326
289
307
288
193
288
205
288
171
258
369
288
761
283
200
205
369
333
235
432
256
244
284
381
383
250
253
393
240
315
375
209
200
212
225
389
222
250
453
273
257
244
421
603
260
254
222
318
244
340
367
219
259
636
375
275
388
311
491
222
481
241
216
279
310
310
348
222
306
359
510
337
348
332
183
274
436
326
254
234
259
225
259
171
270
225
254
223
288
234
241
254
171
234
225
171
234
171
259
259
171
200
205
205
205
237
259
205
171
462
288
234
171
288
205
217
225
200
288
200
200
225
254
225
288
225
188
205
225
234
259
200
268
254
364
221
254
200
237
234
234
335
259
288
216
205
205
254
171
241
234
259
288
205
205
225
254
200
288
234
254
1059
225
362
381
330
199
250
234
254
225
275
211
174
200
200
253
234
234
165
234
225
254
257
225
200
206
225
200
171
288
225
200
259
254
234
171
225
200
200
171
225
234
288
254
234
205
288
205
258
252
288
205
205
171
205
171
259
254
225
254
320
171
345
312
206
288
171
171
200
205
171
225
498
275
259
203
237
171
228
254
282
208
403
200
205
256
205
254
205
200
257
234
254
225
205
200
205
234
200
200
200
288
205
235
234
171
254
200
377
202
171
355
171
171
254
238
276
208
200
408
288
254
294
271
801
171
171
234
208
225
205
171
171
200
234
259
259
259
234
288
851
237
203
240
254
386
254
320
291
456
325
171
225
259
254
288
171
259
260
225
171
288
225
205
288
225
288
234
268
205
287
200
240
241
200
234
259
344
206
250
348
366
202
430
193
367
237
217
254
561
254
225
259
171
275
225
225
171
225
171
406
237
259
254
171
200
288
259
225
420
414
245
368
360
361
252
269
457
407
293
208
261
330
211
259
302
265
358
168
171
225
294
528
411
169
234
399
512
254
225
200
259
234
393
479
234
203
254
243
253
205
288
171
282
234
598
425
421
258
398
253
619
225
205
234
288
225
259
241
254
279
206
200
253
171
264
225
171
247
323
319
534
259
273
200
259
297
200
260
296
171
415
260
324
332
193
289
248
283
270
276
225
205
254
394
217
225
449
413
273
272
243
171
286
505
300
313
386
237
237
291
225
225
174
205
225
183
522
228
281
234
234
241
259
234
172
254
208
260
205
234
174
220
254
313
294
241
173
200
237
174
205
240
171
171
234
322
297
205
276
234
263
275
291
255
634
250
630
225
307
200
315
311
302
239
329
196
274
251
275
358
259
489
281
261
352
238
368
272
329
228
316
208
412
171
288
200
205
262
216
208
270
203
220
297
262
288
174
259
183
254
288
208
259
228
165
200
205
224
259
240
174
241
208
254
240
308
295
228
174
286
291
262
241
448
265
352
279
257
241
209
257
304
257
239
183
245
262
225
288
282
318
174
205
275
187
241
257
205
305
444
174
225
244
190
310
367
268
221
365
227
266
376
307
250
300
292
279
373
325
521
247
403
263
275
323
231
187
224
314
262
345
408
262
286
264
296
345
228
225
225
300
174
288
291
285
206
288
205
205
253
171
288
205
229
228
237
205
205
288
171
200
225
259
221
234
254
389
291
259
231
234
208
203
431
200
234
225
200
208
262
174
288
171
200
229
225
228
183
237
228
275
228
262
221
234
174
206
818
239
254
187
409
183
329
234
262
200
221
237
254
171
171
208
219
291
270
183
171
317
200
225
271
171
295
219
332
228
289
254
278
283
235
253
270
278
225
200
266
329
237
225
229
314
365
301
231
465
256
256
313
222
269
234
335
250
273
247
370
291
320
772
302
297
297
265
397
320
253
493
231
228
196
278
317
225
257
395
261
171
239
232
281
294
320
174
234
240
298
174
339
387
291
219
208
457
203
254
225
299
319
316
357
174
401
385
276
786
351
390
205
227
317
314
171
259
310
228
257
276
733
323
284
171
524
253
200
200
206
171
288
232
259
234
200
171
205
200
225
225
225
171
200
288
253
205
234
200
279
234
253
205
171
206
171
316
339
259
225
200
260
205
515
225
270
237
234
259
174
225
228
208
274
174
187
368
200
171
272
340
275
221
307
205
219
234
200
225
240
174
205
171
224
260
228
174
304
205
200
200
343
228
244
261
270
273
453
234
200
216
234
171
203
171
254
171
259
270
355
177
425
315
302
269
260
532
386
428
559
259
460
190
282
213
238
200
234
216
200
200
234
203
225
200
205
216
254
288
171
270
234
225
234
237
288
288
171
234
288
205
228
204
200
288
205
225
234
206
225
254
202
200
203
219
208
259
317
262
228
200
254
254
239
262
275
200
234
304
254
254
216
271
275
266
244
225
353
234
244
273
417
292
288
307
190
253
237
261
259
171
200
300
171
183
311
200
365
386
205
259
205
225
254
205
254
200
171
308
234
171
259
248
171
259
203
171
286
255
254
171
200
171
225
320
453
259
171
340
286
257
340
220
193
225
171
227
225
275
190
321
190
276
237
253
291
205
225
259
234
234
200
219
190
240
313
206
220
238
257
248
171
171
212
216
312
190
355
253
275
200
200
260
225
234
200
257
243
288
205
200
171
174
205
208
200
225
174
254
208
172
250
287
240
288
171
259
262
333
233
254
221
287
539
259
238
571
288
276
349
355
203
305
267
599
541
302
368
317
289
295
227
403
308
334
269
317
215
321
361
296
256
234
225
234
171
203
200
234
278
187
357
320
367
288
190
279
234
289
222
228
247
241
240
288
285
488
692
244
333
171
239
206
171
228
358
203
423
421
379
342
398
290
292
262
488
279
476
464
461
501
304
495
501
595
307
205
421
200
240
234
273
203
443
329
341
234
225
276
347
259
359
260
273
368
359
313
404
635
532
506
256
260
532
283
286
288
381
241
640
339
480
878
863
291
254
200
205
258
243
259
177
260
205
282
228
276
288
257
345
347
364
407
365
363
259
369
297
219
216
200
225
200
273
206
272
237
279
310
190
386
237
220
200
393
299
262
190
219
525
401
360
234
205
246
522
193
422
200
234
292
259
220
259
254
256
234
205
205
200
234
368
205
282
203
517
273
657
268
509
200
225
205
205
268
205
225
282
237
190
334
262
259
257
234
234
200
205
234
200
244
243
263
205
200
343
171
697
206
443
263
321
380
351
323
312
327
403
397
250
286
171
206
205
219
333
259
205
377
225
190
171
216
327
257
257
235
273
329
257
292
362
174
516
291
224
424
288
339
259
224
228
1079
425
254
238
342
483
455
229
249
385
273
574
237
320
171
341
174
239
193
174
211
225
321
210
234
529
200
200
254
266
281
379
174
171
271
205
311
273
307
272
361
257
190
259
283
219
237
260
305
221
240
320
307
193
284
262
237
273
344
307
313
230
238
277
232
474
302
262
248
225
299
257
247
288
315
265
269
294
331
171
237
240
302
254
227
289
225
205
304
450
308
234
325
363
474
225
574
266
254
361
469
398
216
203
284
289
304
238
346
273
171
291
270
380
270
334
241
262
281
203
293
319
211
348
271
171
244
313
313
208
234
254
278
244
350
325
313
329
289
313
324
278
235
209
303
356
387
221
257
362
230
515
342
208
238
351
272
248
351
254
406
279
258
320
313
271
405
278
484
338
285
389
315
514
416
277
236
250
260
307
257
617
273
203
205
221
268
291
211
171
228
282
300
262
174
288
293
234
224
332
293
336
219
318
260
228
493
354
298
203
247
294
427
259
299
422
288
298
263
177
288
323
311
475
329
361
399
367
241
362
187
203
304
228
288
205
228
200
208
260
225
208
225
216
234
234
234
205
225
225
237
171
228
200
208
216
288
171
174
254
171
225
205
279
331
254
205
262
228
234
200
234
308
205
331
287
311
206
262
255
171
294
288
171
259
305
224
174
370
288
263
284
307
227
174
293
280
238
263
349
378
311
263
555
294
333
396
263
568
375
357
253
259
171
304
248
288
322
291
288
312
171
332
193
399
282
227
171
426
300
225
273
304
363
294
382
237
259
406
595
342
235
312
224
234
292
366
311
171
171
206
225
215
225
317
288
624
259
234
208
362
288
190
367
323
288
499
523
478
330
783
346
249
378
302
465
235
234
301
205
259
205
200
329
295
401
280
358
275
253
558
333
339
365
307
354
219
328
325
235
171
266
225
291
209
421
202
262
288
347
273
350
221
315
254
225
200
171
200
171
238
171
200
225
171
254
200
259
253
288
171
205
171
259
225
259
262
306
200
190
258
259
363
205
254
294
187
288
259
281
339
273
241
232
235
376
247
288
304
171
171
231
259
225
259
254
200
288
187
288
217
200
225
202
234
333
253
254
393
280
237
361
221
219
303
221
225
320
278
277
174
200
276
225
425
272
310
237
227
266
378
348
266
193
228
193
322
259
254
351
395
275
308
339
244
313
276
357
274
171
251
298
320
373
323
525
275
288
200
294
254
205
254
225
225
200
259
237
205
205
240
205
234
200
259
225
171
225
205
205
206
253
205
170
259
268
254
254
288
259
254
403
300
298
205
225
240
254
288
254
234
168
259
225
302
206
342
272
171
237
234
205
171
205
287
389
295
317
296
234
170
174
233
244
362
203
360
202
259
294
479
243
300
273
268
270
238
256
329
216
219
237
368
222
244
305
200
507
260
347
386
625
327
220
431
342
296
254
222
283
219
208
451
339
373
222
632
302
254
234
221
244
291
359
638
230
225
174
171
263
366
458
361
259
205
254
285
206
234
197
254
234
200
259
205
288
171
288
200
171
200
171
254
205
234
205
254
205
234
234
200
225
205
225
224
200
171
200
234
254
216
225
171
171
200
288
234
254
259
186
259
259
254
259
234
225
259
259
205
254
200
225
171
171
254
234
237
171
225
257
234
234
223
259
288
259
200
205
171
260
205
288
254
200
294
225
234
200
202
285
259
409
231
259
205
279
234
254
288
286
242
288
200
291
171
259
259
200
171
259
254
237
171
225
171
200
243
234
288
171
257
288
171
200
200
200
254
234
200
225
234
259
374
225
234
268
224
288
171
234
288
308
240
171
288
200
281
244
229
323
200
200
234
171
171
203
205
200
201
382
200
355
254
234
259
288
225
205
234
259
205
225
221
171
254
288
171
254
237
288
304
225
225
225
254
200
288
171
259
427
208
254
225
259
364
621
234
550
288
256
200
371
378
250
205
417
240
174
375
269
436
187
268
200
234
294
287
225
254
225
254
171
205
234
237
225
312
294
238
308
190
320
411
342
231
399
333
234
254
194
254
205
205
171
200
234
205
171
259
225
200
259
254
171
206
205
288
288
171
171
200
225
234
434
498
283
273
193
282
264
232
333
259
259
208
171
205
171
205
205
254
205
194
260
225
254
205
272
294
225
254
225
234
225
259
171
221
240
288
291
205
237
313
276
355
206
310
308
378
311
262
183
200
364
254
288
259
205
360
250
225
200
209
397
171
171
250
225
203
451
532
294
225
200
205
257
225
171
222
288
259
279
326
190
206
451
205
343
254
254
170
259
206
200
225
205
338
310
225
259
205
205
171
259
174
415
240
259
171
174
200
237
466
288
288
200
171
228
425
406
343
257
211
285
389
263
340
234
171
327
220
401
328
302
283
231
379
259
471
332
410
304
471
205
279
234
260
234
205
254
398
234
262
259
231
205
259
219
388
616
200
254
234
234
205
322
205
171
270
177
237
200
257
259
200
257
205
200
253
259
234
203
208
203
228
300
263
242
254
171
279
353
282
266
257
330
279
348
230
333
219
244
275
379
209
291
488
462
363
333
365
326
357
244
208
549
203
454
424
257
372
208
342
270
258
200
259
219
254
237
262
302
200
171
203
259
219
262
262
300
237
240
200
200
171
225
173
203
252
259
268
245
278
239
317
259
332
205
271
284
228
300
208
246
336
259
200
288
289
245
234
203
262
205
205
335
341
260
240
205
206
257
308
352
174
257
307
187
208
313
234
205
412
190
320
318
219
244
174
225
353
259
390
241
171
240
325
284
255
354
281
389
246
390
234
268
421
347
245
187
381
261
382
272
187
225
311
254
225
205
205
259
225
225
237
208
183
225
259
171
200
254
203
208
234
171
205
276
174
206
288
288
200
244
234
200
254
205
404
288
200
225
205
171
259
244
228
257
225
205
283
187
220
343
321
190
234
257
205
251
271
257
259
272
273
268
288
317
174
174
257
374
230
203
361
291
197
254
259
208
224
241
257
203
190
228
257
276
288
250
206
278
203
240
305
174
364
209
404
225
451
208
293
216
249
373
265
174
287
313
294
241
206
297
357
237
215
319
281
294
247
266
278
323
390
208
273
273
383
174
270
241
260
219
396
222
250
229
219
222
295
304
234
263
294
200
206
225
326
193
174
345
262
203
347
228
295
224
254
225
481
378
426
234
303
585
260
206
239
227
262
203
259
296
617
362
234
171
292
410
206
200
222
216
385
549
190
563
171
316
241
361
254
288
225
200
205
170
254
254
205
187
270
205
254
288
259
200
171
288
205
254
259
165
288
205
254
225
225
200
174
359
259
291
489
254
234
432
200
291
320
254
206
254
251
262
171
381
233
171
291
288
282
237
200
171
241
259
282
259
205
183
200
224
257
234
254
273
289
291
171
316
273
275
234
256
297
244
235
270
225
265
206
327
288
254
167
288
254
234
234
224
254
171
262
257
298
408
310
270
331
240
253
451
354
264
372
404
370
270
381
345
200
256
254
171
225
291
288
254
205
205
288
171
234
225
205
288
288
237
171
225
262
203
288
174
237
250
200
289
208
225
200
253
259
259
288
171
228
278
203
200
257
228
262
242
327
270
232
271
211
275
234
238
342
241
208
225
198
224
220
291
228
317
237
259
298
200
203
287
211
346
371
394
171
304
251
254
225
171
496
288
316
297
200
254
259
237
259
205
171
205
259
259
205
171
225
389
234
205
256
259
349
278
171
171
234
259
288
336
171
200
254
196
310
300
345
225
298
316
234
237
285
222
250
259
311
250
259
200
225
171
254
225
200
234
187
296
312
187
345
259
250
200
288
291
369
328
224
348
466
222
250
320
250
262
288
253
225
240
262
228
225
171
174
291
254
262
254
259
200
200
203
259
268
288
237
208
254
260
203
336
288
347
311
225
187
372
371
394
332
636
350
282
234
325
257
327
392
281
312
222
174
333
690
241
326
302
240
314
391
326
286
342
193
229
486
171
260
273
291
272
254
225
241
322
190
257
292
398
298
200
171
260
288
459
222
281
269
354
287
504
324
208
475
171
174
240
171
225
332
330
346
326
289
420
721
533
250
229
190
303
415
378
337
244
410
270
227
523
209
171
200
174
205
516
171
340
360
277
361
293
237
262
554
220
256
356
427
259
401
330
380
212
302
279
263
313
454
281
519
250
362
354
335
399
326
376
420
276
205
225
205
200
259
358
174
205
257
263
343
351
334
382
340
286
356
260
409
287
225
332
250
205
259
206
171
171
309
294
276
219
341
240
239
292
447
253
225
455
193
270
448
243
200
241
444
350
288
424
203
266
219
269
251
294
205
237
228
357
200
288
259
268
171
206
291
251
259
329
205
330
399
317
221
214
205
254
225
225
204
200
658
345
293
288
240
279
171
237
205
221
234
225
171
206
232
254
171
225
269
259
257
254
529
329
304
601
346
365
396
279
208
438
305
423
237
171
171
211
266
200
288
368
171
174
234
375
312
457
187
445
216
342
208
308
310
322
286
568
222
203
208
227
342
361
193
328
326
193
429
350
209
351
431
380
234
496
356
282
344
225
390
193
305
259
359
219
367
257
453
268
288
205
288
225
187
254
247
222
268
277
237
171
279
171
241
286
259
293
187
205
384
289
329
219
257
355
244
257
269
316
227
270
325
241
238
304
322
488
278
284
427
203
349
212
259
271
219
276
219
294
234
345
336
263
308
171
287
238
225
313
234
234
254
281
234
278
205
288
234
234
333
237
205
254
528
300
273
208
260
187
241
425
203
243
354
276
279
324
232
234
338
262
325
237
384
174
270
238
322
190
291
293
307
244
316
291
365
312
183
404
284
421
203
227
274
275
408
313
215
347
487
390
330
320
425
371
253
351
335
237
268
490
784
270
292
276
399
469
428
425
317
193
581
247
556
483
316
325
291
174
225
256
321
361
296
171
396
262
273
208
205
215
208
234
200
225
208
225
225
270
266
262
288
190
508
224
230
282
274
273
219
247
234
326
333
259
204
361
382
269
335
477
392
196
248
419
367
292
271
269
231
274
242
237
212
200
262
203
205
205
234
294
243
242
237
237
313
225
231
225
225
203
200
171
234
200
301
254
205
205
228
234
171
288
304
225
228
288
190
262
234
355
240
257
200
288
217
299
291
300
278
228
234
262
174
203
177
256
174
260
202
307
342
228
205
205
386
224
387
395
350
206
318
244
224
365
250
343
482
193
348
266
401
200
371
219
345
171
200
234
302
209
234
288
288
289
234
479
183
423
253
259
266
260
300
234
221
279
227
253
345
263
260
391
502
273
246
171
224
200
295
277
361
262
307
254
200
200
288
263
225
190
259
225
234
293
259
301
278
284
505
360
396
266
510
558
216
279
318
250
334
387
288
339
171
205
254
237
294
448
307
200
331
445
270
697
203
413
301
438
190
382
332
438
212
225
354
260
652
304
328
225
421
318
365
336
276
474
225
171
234
258
205
259
205
225
225
234
200
225
294
254
225
254
259
171
234
259
237
205
200
259
349
423
391
225
254
560
259
234
225
488
225
205
336
209
272
366
234
341
330
250
345
383
288
254
200
170
225
200
234
225
288
171
237
234
237
444
256
183
291
278
225
265
193
301
259
181
193
206
383
237
350
254
239
259
478
224
383
310
247
257
336
190
472
247
203
337
338
227
262
256
288
171
298
318
278
549
277
213
287
339
206
440
254
190
288
193
256
291
272
224
225
225
225
225
241
200
200
171
225
221
259
174
205
187
200
200
234
200
254
234
174
208
216
171
234
200
197
288
202
205
597
225
183
205
381
227
338
205
205
205
171
200
205
260
254
259
254
428
237
282
205
288
200
171
200
224
171
274
250
273
282
193
225
259
394
277
282
622
285
440
392
373
253
171
507
200
663
347
304
200
269
371
354
419
349
205
305
290
323
549
229
297
240
288
200
258
255
502
307
446
385
249
307
285
234
325
269
183
244
285
278
298
396
284
338
280
257
205
259
323
312
371
288
339
300
370
