0.00187726
0.0163848
0.0244976
0.0189962
0.0140328
0.00522653
0.0171894
0.00988894
0.00759942
0.0129088
0.00398436
0.0156021
0.0156496
0.0124811
0.00975567
0.0457439
0.0141684
0.0472161
0.0231971
0.00697476
0.00771323
0.0191546
0.0151334
0.00899049
0.010826
0.0205862
0.0162882
0.0189605
0.0235229
0.00524418
0.00847471
0.031423
0.0125239
0.0181581
0.0185368
0.00900535
0.0212828
0.0184973
0.0122776
0.00687898
0.0151875
0.00996902
0.00766391
0.011279
0.01238
0.0194181
0.0297465
0.010673
0.00741836
0.00877061
0.0183707
0.00791664
0.00914167
0.0131042
0.00686538
0.0104989
0.00919227
0.00829845
0.00609781
0.00966247
0.00137305
0.0131333
0.0146052
0.0145092
0.0146466
0.014649
0.00768646
0.00486713
0.0297392
0.0165003
0.0374984
0.0445559
0.00374309
0.025491
0.0339135
0.0124021
0.0206056
0.0200493
0.0207983
0.0192085
0.0305161
0.0178992
0.0131899
0.010547
0.00678634
0.0207296
0.0237863
0.0278382
0.0430787
0.0314049
0.0288206
0.00993636
0.0453501
0.00824085
0.0307884
0.0355136
0.0252194
0.0826918
0.00940827
0.0162685
0.0207046
0.0372573
0.0246523
0.0580054
0.0135728
0.01758
0.0223712
0.0403033
0.0457284
0.0590217
0.0147029
0.0205478
0.0243308
0.0230431
0.0172878
0.0267433
0.0322305
0.0107281
0.0149555
0.0548241
0.0304725
0.0596022
0.0293791
0.0204
0.0359427
0.0325345
0.0149694
0.00767898
0.0132745
0.039273
0.0323391
0.0294647
0.0459535
0.0189045
0.0197699
0.00924125
0.007104
0.0109634
0.012556
0.0162302
0.0163439
0.00929828
0.0127774
0.0132427
0.0180023
0.0115504
0.00769978
0.00655284
0.00923632
0.0212368
0.00530854
0.0157419
0.00759858
0.0211817
0.0176545
0.00708181
0.0313893
0.0424312
0.0295098
0.0192061
0.0221975
0.0319139
0.0349334
0.00540095
0.0106854
0.0207212
0.0159877
0.0147526
0.0264861
0.0467291
0.0210512
0.0230945
0.00649847
0.0355292
0.0253008
0.0389213
0.0092235
0.0401315
0.0231971
0.0143337
0.0174287
0.0137456
0.0218411
0.0253771
0.0156567
0.0151524
0.0140023
0.0126389
0.0296652
0.0352603
0.0490585
0.0202755
0.0192895
0.0699091
0.0463038
0.0413882
0.0166102
0.0224449
0.0280521
0.0302813
0.0236192
0.030001
0.0118393
0.0024871
0.0338096
0.00551503
0.0312339
0.0188266
0.019375
0.0301814
0.00666891
0.0462522
0.0113226
0.0424595
0.0161951
0.012905
0.0279413
0.0365421
0.0167734
0.00860028
0.0303948
0.03381
0.0168679
0.0102483
0.0133939
0.0310037
0.0108181
0.0668041
0.013824
0.00958323
0.00694286
0.0153872
0.0152347
0.0237948
0.0286534
0.0360936
0.0288673
0.00868935
0.0098004
0.0534438
0.0123973
0.0171011
0.0220964
0.0176523
0.0321135
0.0140225
0.0356702
0.0160514
0.0113055
0.00785198
0.00545373
0.0214282
0.006491
0.0188604
0.021303
0.0133784
0.0293612
0.00967676
0.0186024
0.0267112
0.0217862
0.0161391
0.0421798
0.0329368
0.00821163
0.0348839
0.0533479
0.0169272
0.0327008
0.0152014
0.0627413
0.0218285
0.0187905
0.0482385
0.0305768
0.0135507
0.028913
0.0208636
0.00565038
0.0305826
0.0180823
0.0168327
0.0288748
0.0459467
0.0260957
0.0226753
0.0202951
0.0129444
0.0138018
0.0321462
0.0640288
0.0142978
0.0132634
0.0213156
0.0634675
0.0256907
0.0117715
0.0115469
0.0251933
0.0117865
0.0351162
0.0171013
0.0217922
0.0195152
0.0089264
0.0054185
0.0272192
0.026745
0.00457048
0.0274445
0.00749528
0.0227189
0.00485538
0.0149428
0.00659511
0.017372
0.0164854
0.0190692
0.0156727
0.0186068
0.0118617
0.0181958
0.00588457
0.0200149
0.0242862
0.0154685
0.00320135
0.0153257
0.0184605
0.0200219
0.0198261
0.0273876
0.011067
0.0277344
0.0235475
0.0300902
0.0130924
0.0133112
0.00586225
0.0159048
0.00800958
0.0151038
0.0186368
0.00602368
0.0146662
0.0127744
0.0112917
0.0195446
0.0107635
0.00619675
0.00346452
0.037943
0.0162828
0.030256
0.0182527
0.0202119
0.0158749
0.0136946
0.014599
0.0166637
0.0125652
0.0200034
0.0101315
0.0178388
0.00746258
0.00989233
0.0326754
0.0161463
0.0115625
0.0202239
0.0102936
0.0169842
0.0230655
0.0144468
0.0126306
0.00561501
0.0202535
0.00840019
0.00468943
0.0105911
0.00971502
0.0120982
0.0221752
0.0129292
0.00884266
0.0177206
0.012114
0.0375519
0.0228259
0.0227894
0.020214
0.0150489
0.0179607
0.00744924
0.00992336
0.0279562
0.0256246
0.0367907
0.00592735
0.0266337
0.0126548
0.0125771
0.0171526
0.0367709
0.00590215
0.0156503
0.0116262
0.00798373
0.00968063
0.0214477
0.0156425
0.00658778
0.0035116
0.0146817
0.00966798
0.0153095
0.0125971
0.0225628
0.010112
0.0154567
0.00611318
0.0293014
0.0224218
0.0203695
0.00845895
0.0110217
0.0241919
0.0314629
0.0172625
0.010583
0.0166677
0.0176318
0.0173811
0.00526
0.0231868
0.0242127
0.0151263
0.0302344
0.0242361
0.0251871
0.00739204
0.022322
0.00961008
0.0143593
0.00966077
0.0201599
0.0121521
0.00918378
0.0275141
0.0102319
0.0190034
0.00717304
0.0241614
0.0184848
0.0197913
0.0164156
0.0188714
0.036271
0.0174691
0.0195106
0.0111093
0.0127156
0.00639707
0.0164028
0.0157244
0.00981587
0.0214296
0.0125447
0.0169055
0.0187225
0.0197212
0.0151472
0.0272952
0.0259341
0.040064
0.0118305
0.0101823
0.0119858
0.0288291
0.0156342
0.0462384
0.0386547
0.0186983
0.0061084
0.0135027
0.0436214
0.0185994
0.0150741
0.0127709
0.00757233
0.0197366
0.0139989
0.0310195
0.00163965
0.00499464
0.0199723
0.00859577
0.0374769
0.0147901
0.034999
0.00830567
0.0152047
0.0257648
0.00710217
0.026922
0.0149448
0.0201792
0.0116709
0.012484
0.0285998
0.0326718
0.0273316
0.0202921
0.0220138
0.00242033
0.011272
0.01073
0.0291532
0.0352022
0.0101972
0.0449183
0.0305942
0.0255726
0.0197366
0.025845
0.01381
0.015584
0.0101754
0.0158658
0.023238
0.0259505
0.0158894
0.055081
0.0234361
0.0277259
0.0138188
0.0131156
0.0419224
0.0212453
0.00974321
0.0326742
0.00959195
0.0204813
0.0331311
0.00946126
0.0209487
0.012374
0.00263349
0.0331818
0.0106515
0.00869817
0.0377218
0.0246275
0.0187918
0.0216639
0.00888843
0.00446734
0.036059
0.0199349
0.0161652
0.0126137
0.00507496
0.00608117
0.028988
0.0127306
0.0159829
0.0217702
0.0225688
0.00557367
0.00516544
0.00246868
0.0187482
0.0215992
0.0214651
0.00644357
0.00710513
0.0162703
0.020887
0.043292
0.0254218
0.00732885
0.0433805
0.0139104
0.0268943
0.0294098
0.0221317
0.00195919
0.0181423
0.00853003
0.0189526
0.0302699
0.0124002
0.00648136
0.0282847
0.0210573
0.0227194
0.0135335
0.025475
0.0202024
0.012883
0.0579907
0.0195638
0.0106412
0.0131633
0.0258444
0.0194836
0.0287445
0.0129517
0.0355259
0.0131575
0.0114461
0.0290001
0.045191
0.0155214
0.0105315
0.0117223
0.0168297
0.0262392
0.0106324
0.0431586
0.0103949
0.0113147
0.0154843
0.0239342
0.0112725
0.0337894
2.83646
0.0265319
0.00329032
0.0222136
0.0178643
0.0343829
0.0246374
0.00444916
0.0103215
0.00236645
0.0214609
0.0153238
0.0212419
0.00745633
0.00827888
0.0100896
0.0132281
0.0232964
0.0271485
0.00972501
0.00125186
0.00970343
0.0167787
0.00882538
0.0165654
0.0149671
0.0170426
0.0133357
0.0250427
0.0198051
0.0129326
0.0133906
0.0172152
0.0126119
0.0164468
0.0143701
0.0142202
0.00908557
0.00589962
0.011675
0.0083938
0.00615829
0.0156583
0.0263593
0.0104512
0.00935783
0.00996491
0.00430338
0.0118659
0.00822697
0.0168624
0.016481
0.00965529
0.00583585
0.0140721
0.0278286
0.0141163
0.0207186
0.0113891
0.010603
0.00526874
0.00783211
0.00730634
0.0161207
0.0116989
0.0188988
0.0175145
0.0280329
0.0144482
0.00622779
0.00741855
0.000796662
0.0373027
0.0508599
0.0131459
0.0124016
0.0250356
0.0282018
0.0202562
0.010751
0.0101904
0.0106328
0.00611546
0.0468466
0.0107109
0.0211844
0.00660471
0.0118801
0.0240415
0.0219681
0.0136015
0.0132298
0.0244828
0.0190862
0.00973628
0.0222539
0.0299988
0.0164656
0.0138703
0.0106231
0.0063673
0.00914205
0.0190731
0.0194452
0.0133618
0.00364882
0.0114646
0.0195159
0.0177828
0.0131172
0.013817
0.0291112
0.0212103
0.0256615
0.00749662
0.015636
0.0417538
0.0134567
0.00526044
0.0203398
0.0524343
0.00414853
0.0126535
0.00560262
0.0091136
0.0343412
0.0232225
0.0280235
0.0154794
0.01381
0.0145211
0.00659612
0.0154447
0.020242
0.0147237
0.0152931
0.00868439
0.0114159
0.0232802
0.00427473
0.0120369
0.0130091
0.013807
0.00905882
0.01018
0.00734717
0.0279039
0.0189094
0.012388
0.0133461
0.0270179
0.0223655
0.0151226
0.0191449
0.0184267
0.0156283
0.00886664
0.00476541
0.0143905
0.0227159
0.0124826
0.00857392
0.0236098
0.0170481
0.00710766
0.0172957
0.0237988
0.0085454
0.00913053
0.0075822
0.0298671
0.00719303
0.00696171
0.0255753
0.0173112
0.0161272
0.014004
0.00477498
0.0156585
0.0115624
0.00837531
0.0110241
0.0151895
0.00706237
0.0153965
0.00903122
0.0105775
0.00923501
0.00885506
0.00763546
0.0172769
0.0332622
0.00634084
0.0139974
0.0109315
0.0209656
0.00816873
0.0149464
0.00273384
0.0213263
0.00870898
0.00924265
0.0298121
0.0172395
0.00482302
0.00877822
0.0150318
0.0199498
0.0363061
0.026676
0.0153642
0.0209406
0.0281498
0.0116444
0.0306082
0.0129318
0.00661768
0.0104846
0.0161147
0.0203479
0.0194355
0.0339152
0.0117423
0.0228095
0.0212699
0.0242578
0.0214789
0.0164092
0.035129
0.0172024
0.0142976
0.0227627
0.0446615
0.0140289
0.0284265
0.0171881
0.0331431
0.0202584
0.0272635
0.00943539
0.0307039
0.0254366
0.00385954
0.0179781
0.0125193
0.0182588
0.0169454
0.0170301
0.0268776
0.0505129
0.042414
0.0207107
0.0160004
0.0239223
0.0262072
0.0127338
0.0188359
0.0363584
0.0354769
0.0155353
0.0247827
0.0150325
0.00952107
0.0214438
0.0160094
0.0176309
0.017727
0.0165434
0.0175533
0.0208344
0.0149004
0.063162
0.0248084
0.0740428
0.0197111
0.055467
0.027633
0.0202203
0.00243186
0.0238473
0.0331961
0.0167266
0.0110331
0.0218461
0.0356847
0.0242387
0.0849137
0.0212782
0.0278308
0.0357718
0.0359848
0.0193453
0.0284543
0.0261316
0.0153498
0.00877644
0.0154403
0.0374209
0.00511702
0.016006
0.01929
0.0216515
0.0389201
0.014496
0.0171872
0.013281
0.0158636
0.0228527
0.0200265
0.0431542
0.0268158
0.0219601
0.0327085
0.0256719
0.0108948
0.0166287
0.0166184
0.0161837
0.00975702
0.017301
0.0162921
0.0239755
0.00855158
0.0230047
0.0403745
0.0200179
0.0137835
0.0158333
0.0292122
0.0256834
0.0204354
0.0301143
0.0466345
0.0306762
0.0193994
0.0129843
0.00759456
0.0168813
0.00347677
0.0118973
0.0161577
0.0137906
0.00592118
0.0270898
0.022406
0.0139106
0.0475783
0.0147502
0.0517844
0.0177982
0.0234469
0.00754371
0.0127799
0.00798114
0.0151514
0.00625913
0.0492628
0.0153399
0.00310307
0.0165647
0.0333684
0.0390288
0.0446911
0.0165407
0.00679542
0.005505
0.049219
0.0147285
0.0352153
0.00717857
0.036909
0.0121435
0.0158628
0.020853
0.0268726
0.0162512
0.0139984
0.017965
0.00956549
0.0257692
0.0205394
0.0337084
0.0197613
0.0427911
0.00549018
0.00764344
0.0593512
0.00989109
0.0412167
0.0111418
0.023865
0.0237384
0.030399
0.0620466
0.0195705
0.0217018
0.0279728
0.00339243
0.0017378
0.050362
0.019576
0.0370479
0.0112606
0.00970428
0.0225891
0.0166233
0.0159868
0.0130992
0.0263157
0.0170101
0.0212475
0.0207031
0.00382103
0.0239876
0.0184248
0.00783303
0.0200347
0.00732187
0.044287
0.0306241
0.0360169
0.0239676
0.0170026
0.0222476
0.0124562
0.0380175
0.027578
0.0302722
0.0172187
0.0358912
0.0184525
0.0429883
0.00759875
0.0539572
0.0391131
0.0132166
0.0390562
0.0244362
0.0411534
0.0252545
0.0110451
0.0415885
0.0475693
0.0152647
0.0337435
0.0433029
0.0137187
0.0225545
0.0079029
0.0226506
0.0216149
0.0305433
0.0370657
0.02011
0.032791
0.0149303
0.0126108
0.0555733
0.0283248
0.0119893
0.00957043
0.0157983
0.0310817
0.00635386
0.00385725
0.00858135
0.0166127
0.0333578
0.0042526
0.00880786
0.0196952
0.0268658
0.0212242
0.00480843
0.0148534
0.0109924
0.0180493
0.0100678
0.0101862
0.0105228
0.0193749
0.0091798
0.00573975
0.0112164
0.0273458
0.0080581
0.0254249
0.00990075
0.01943
0.0205753
0.0116018
0.00730786
0.020644
0.00464198
0.00837869
0.0167091
0.014845
0.00381523
0.0186872
0.0334193
0.0214869
0.0365651
0.0151334
0.025773
0.0310441
0.0168208
0.0224557
0.0180329
0.0150995
0.00724803
0.026086
0.0187711
0.0157054
0.012098
0.0184564
0.0340471
0.0184797
0.0138917
0.0104634
0.0144587
0.0266029
0.0245429
0.0211899
0.0234453
0.0157383
0.0387133
0.0284416
0.013304
0.00437684
0.01334
0.0368815
0.0255188
0.0138002
0.0170131
0.0136667
0.0185459
0.020151
0.0203364
0.035287
0.0222411
0.00710716
0.00614732
0.0119806
0.0216222
0.0238836
0.028851
0.00765602
0.0282084
0.0265293
0.027535
0.0220569
0.0190381
0.0231802
0.00628032
0.0154827
0.00954656
0.00536802
0.0157984
0.00525642
0.0175825
0.0149032
0.00368636
0.00403047
0.00951603
0.00914591
0.0278169
0.0213542
0.00631269
0.0131889
0.0229704
0.0210011
0.013101
0.00775002
0.031835
0.00782369
0.0285124
0.0313149
0.0139118
0.0190712
0.0204051
0.0318447
0.0110865
1.78231
0.0365624
0.00665373
0.00600953
0.0291886
0.0283741
0.0127778
0.0185365
0.0149668
0.00445558
0.00975754
0.00460963
0.0118713
0.00776507
0.00199566
0.0189708
0.0136069
0.00837405
0.00550842
0.0235957
0.0280294
0.0161545
0.0139559
0.0251273
0.0107273
0.00790841
0.0262143
0.012104
0.0314199
0.022516
0.0115597
0.0142307
0.00927398
0.0403624
0.00821412
0.00634879
0.0242035
0.0142406
0.0161846
0.0179054
0.0322875
0.0344293
0.0353755
0.0153512
0.0236381
0.030644
0.0272205
0.0224386
0.0328495
0.0253766
0.00733727
0.0536988
0.0166223
0.0102285
0.0323257
0.00996146
0.0402468
0.0270528
0.0183369
0.00842735
0.0128101
0.022632
0.00913284
0.027263
0.00137716
0.00675423
0.00632192
0.0211464
0.0237726
0.0179419
0.0174033
0.0259005
0.0113257
0.0219396
0.00803547
0.00961937
0.0101167
0.0404233
0.00928079
0.00587215
0.00925708
0.0292197
0.020293
0.0150152
0.0162906
0.0237327
0.0292174
0.0138326
0.0124815
0.0130858
0.00794227
0.00476775
0.0290374
0.0234075
0.0178753
0.0113114
0.0255162
0.0182599
0.0158702
0.0295551
0.0642835
0.0130417
0.0144786
0.0260609
0.0151919
0.00722608
0.016711
0.0274424
0.0108345
0.0158878
0.00795542
0.00830037
0.00493074
0.0435245
0.0150455
0.0142002
0.0149944
0.00387332
0.00971218
0.014057
0.00941535
0.0135531
0.0332815
0.00791872
0.0141212
0.0430234
0.0236503
0.0403821
0.0294772
0.0110399
0.0234692
0.0114171
0.0215212
0.0252126
0.0300353
0.00782065
0.00527728
0.0330874
0.00776478
0.0249126
0.0152151
0.0132968
0.00515858
0.00664991
0.0136394
0.00999252
0.0274079
0.00236247
0.0170651
0.0227331
0.0279432
0.0142099
0.0247991
0.0105955
0.0185726
0.0304997
0.0192949
0.0298115
0.0123384
0.00829372
0.011221
0.00589797
0.0216521
0.0208806
0.0117863
0.00975598
0.013108
0.0220441
0.0177807
0.0155399
0.0289632
0.0226007
0.0396393
0.05788
0.0367762
0.0369351
0.0395644
0.0196308
0.00422949
0.0130077
0.0380485
0.0165873
0.0206403
0.0253778
0.0202547
0.0112861
0.0407785
0.017677
0.0479156
0.0269981
0.018852
0.0138567
0.00478637
0.016697
0.0155162
0.0201874
0.0117977
0.0217504
0.0121341
0.0148932
0.0224372
0.0120943
0.0186137
0.0451155
0.00647777
0.015555
1.74376
0.0236773
0.00902817
0.00411926
0.0197382
0.00942007
0.00906146
0.0140026
0.0365405
0.0102977
0.00299241
0.0239932
0.0250075
0.0122477
0.0255742
0.0366075
0.0099424
0.0391529
0.047007
0.00657126
0.0113601
0.00870078
0.0197139
0.00924116
0.0105393
0.016036
0.0129396
0.011452
0.013637
0.00916984
0.0154418
0.0187241
0.020016
0.0169113
0.0222967
0.023103
0.0168539
0.014174
0.00909031
0.0288965
0.00937269
0.00557888
0.0198752
0.0266577
0.00907987
0.02955
0.0166147
0.0164429
0.0208498
0.0096972
0.0136938
0.00741463
0.0133733
0.0172952
0.00877954
0.0295478
0.00245991
0.0133315
0.0100467
0.0130186
0.0176205
0.011407
0.0261
0.0019571
0.010534
0.00873611
0.0364387
0.0103277
0.0150713
0.0134998
0.0113923
0.02122
0.00741896
0.0113519
0.0210765
0.00530523
0.0186696
0.00578234
0.0205613
0.0125859
0.0160954
0.0482969
0.00795912
0.00753847
0.0286417
0.0220078
0.0278769
0.0185397
0.0269516
0.028654
0.0163514
0.0108684
0.0213193
0.0226518
0.0161702
0.0127166
0.00506737
0.0193263
0.0122125
0.0132297
0.0240996
0.0189341
0.0235503
0.0325858
0.00207534
0.0201031
0.0137253
0.023809
0.0350062
0.0116726
0.00774783
0.0109391
0.0268524
3.97076
0.0169276
0.0113208
0.00993408
0.0102916
0.025255
0.00775503
0.00666313
0.0448986
0.0213862
0.00449075
0.00764637
0.00771277
0.0110458
0.0122
0.0165395
0.0191479
0.0597588
0.0159949
0.0200679
0.0143773
0.0215176
0.00471437
0.0321183
0.0351871
0.0294537
0.00257214
0.0110196
0.0152909
0.0102849
0.0265593
0.00586084
0.00349645
0.012616
2.78298
0.00544932
0.00870832
0.0325545
0.0235362
0.0143969
0.00820599
0.0228964
0.0142941
0.00835923
0.0166379
0.0119619
0.00962971
0.0146111
0.00767641
0.0161428
0.017711
0.0306674
0.0156723
0.0155483
0.00605755
0.0156073
0.0150489
0.0101277
0.0219677
0.00812683
0.00594439
0.00450221
0.0157652
0.0171001
0.00827681
0.0427527
0.0234077
0.0185637
0.02258
0.0164609
0.0086984
0.00826745
0.0239377
0.00739734
0.00276034
0.009738
0.0228803
0.0119252
0.00846374
0.00533495
0.00803045
0.0130886
0.0122345
0.0286167
0.0162008
0.0139543
0.00654597
0.00891456
0.00381375
0.0275479
0.0184512
0.0189461
0.00368683
0.0151276
0.02362
0.0294214
0.0226735
0.0228506
0.0395406
0.0246264
0.0183399
0.0203743
0.0377301
0.042976
0.027624
0.0157584
0.0262527
0.00986382
0.01797
0.0423522
0.0173472
0.00565309
0.0321156
0.0283155
0.00510143
0.0133019
0.0154707
0.0149322
0.0144582
0.0177463
0.0148398
0.020933
0.06734
0.0338992
0.0268972
0.0463018
0.0413671
0.0132754
0.0108278
0.0119189
0.0261487
0.0564698
0.0189739
0.0317814
0.00597188
0.0154991
0.0703891
0.0208909
0.0322723
0.0167613
0.0260336
0.0196095
0.0283194
0.0183196
0.0227098
0.00398111
0.0191115
0.016978
0.0149575
0.0311182
0.0261015
0.0163974
0.0315282
0.0233561
0.0270272
0.0112114
0.0109315
0.00799979
0.0092029
0.0155848
0.00964325
0.00911686
0.0224302
0.0100862
0.0217069
0.0149506
0.00871193
0.013359
0.00422656
0.0113275
0.0276202
0.0244041
0.0102709
0.0275477
0.0183968
0.0151763
0.00787583
0.0153806
0.0303703
0.0107548
0.00989841
0.0114808
0.052067
0.040657
0.0133937
0.0136609
0.003535
0.0426886
0.0101092
0.0173268
0.0103533
0.0124373
0.0329353
0.0122315
0.00748975
0.0254623
0.00825856
0.0131449
0.0756152
0.0129026
0.018523
0.0129935
0.0285722
0.032463
0.0466834
0.023067
0.0244217
0.00799308
0.0121645
0.0366136
0.0178632
0.0233405
0.0342304
0.0243531
0.0155953
0.0180081
0.0095367
0.0246109
0.00342653
0.012994
0.0147532
0.0252058
0.0265585
0.0230177
0.0118108
0.0211254
0.0193889
0.0685308
0.0568696
0.00810444
0.0530991
0.0476739
0.0153818
0.00936863
0.00866697
0.0104354
0.0198746
0.00913131
0.0255527
0.0195943
0.00642197
0.0217754
0.0238183
0.0322599
0.0239467
0.00770904
0.0253737
0.0157869
0.0215329
0.0232747
0.0167419
0.0419955
0.0189356
0.00795492
0.0227646
0.0356678
0.0112404
0.0110815
0.0131185
0.0221317
0.00673546
0.0156918
0.0244852
0.030714
0.0598657
0.00340408
0.0228888
0.0213069
0.0238407
0.00686214
0.00677679
0.0233463
0.0326347
0.0168624
0.0154716
0.0152533
0.0444814
0.0142854
0.0216693
0.00288468
0.0150658
0.0183813
0.0359748
0.00655148
0.0243562
0.0041215
0.0244511
0.00689207
0.0131396
0.00232828
0.0135869
0.0224246
0.0167816
0.0420434
0.0339502
0.0386433
0.0326348
0.0614777
0.0170592
0.0354203
0.027538
0.0514602
0.00812826
0.0195102
0.049348
0.0294993
0.0377068
0.0292336
0.0398915
0.0208317
0.0597817
0.00722765
0.0198403
0.0515664
0.0124204
0.0231405
0.0186115
0.0287381
0.0247972
0.0454803
0.017543
0.0495366
0.0295891
0.0183283
0.0172948
0.0216048
0.0491632
0.0152909
0.0173845
0.0346438
0.0382566
0.0227602
0.0171411
0.0182447
0.0640447
0.0138043
0.0448751
0.0147127
0.0377591
0.0163906
0.0124276
0.0123125
0.024889
0.0223212
0.0249539
0.0457561
0.00785998
0.0224685
0.0264646
0.0241101
0.00958433
0.00829837
0.00585843
0.0175327
0.0293912
0.0147518
0.0300797
0.0269991
0.0328508
0.00948723
0.0248402
0.0153838
0.024214
0.0182993
0.0108948
0.00646827
0.0219657
0.0319091
0.0221397
0.0215444
0.0114565
0.0228209
0.0217489
0.0248775
0.0203295
0.024022
0.0226621
0.0222331
0.0132139
0.0193629
0.0284365
0.0114313
0.00686875
0.00884331
0.00944556
0.0297269
0.0107482
0.0227913
0.0234809
0.00985189
0.0157222
0.0120374
0.0145581
0.00309914
0.0353519
0.0190857
0.031885
0.029775
0.0294774
0.0141423
0.0417819
0.00606356
0.0136433
0.0249987
0.0174398
0.00458955
0.0144248
0.0182897
0.0164143
0.0165165
0.0223261
0.0119021
0.00700621
0.033679
0.0169293
0.0193071
0.00437197
0.010465
0.0206732
0.0252057
0.0422482
0.0145595
0.01623
0.0142631
0.026105
0.0156988
0.0209785
0.012621
0.0146837
0.0131776
0.00875926
0.0274219
0.0154997
0.0237797
0.00644306
0.0157552
0.00778579
0.0104796
0.00322307
0.0253662
0.0244136
0.0143713
0.0168049
0.026275
0.0134107
0.027603
0.0111132
0.0118929
0.0199336
0.017741
0.0221662
0.019685
0.00861018
0.0101841
0.0142626
0.016839
0.0139476
0.0083451
0.0220495
0.0137299
0.00823126
0.0196614
0.00849067
0.00999504
0.00610016
0.0127489
0.00837958
0.0136273
0.0129546
0.0152061
0.0280974
0.023066
0.0207382
0.00345793
0.0220738
0.00514957
0.0229168
0.018638
0.0130102
0.00968858
0.0612972
0.0360303
0.00873725
0.0402878
0.0276895
0.0336928
0.0116217
0.0267991
0.00288894
0.0234172
0.00992257
0.00708254
0.0194655
0.019757
0.0260419
0.0139909
0.0155309
0.0317415
0.0203663
0.0258744
0.038384
0.0428103
0.0117002
0.0104027
0.0169914
0.017684
0.0106331
0.0297534
0.0228714
0.0118817
0.0431906
0.00939261
0.0238571
0.0170695
0.0228742
0.0349384
0.0035659
0.0252111
0.0125621
0.0277832
0.0298717
0.0085284
0.0255829
0.0453225
0.0215331
0.0152639
0.00509219
0.0105686
0.00503664
0.0280558
0.00768938
0.0154438
0.0399025
0.0102755
0.0234215
0.0206526
0.0169148
0.0111857
0.0118958
0.0116342
0.0240736
0.0177334
0.01709
0.0371757
0.00556107
0.0198734
0.013846
0.0411265
0.0178027
0.0127773
0.00760835
0.01702
0.00914972
0.0141864
0.0225642
0.0435895
0.00872936
0.0264359
0.0111442
0.0306147
0.00655949
0.00185964
0.0282165
0.00997083
0.0234545
0.0110279
0.0280919
0.0186256
0.0101785
0.0129813
0.0137973
0.0174601
0.0228472
0.00771792
0.0170851
0.0199038
0.00257406
0.0168656
0.0175192
0.0140538
0.0150211
0.0207578
0.0514364
0.029881
0.0212561
0.0334632
0.0212839
0.0142525
0.0136775
0.0197605
0.017217
0.0234256
0.00639615
0.0152705
0.0225955
0.00897383
0.0191275
0.0265228
0.00452938
0.00450125
0.0142783
0.01036
0.0155972
0.0156979
0.0181219
0.00698437
0.0155744
0.00551546
0.0394681
0.0460793
0.0167247
0.0240203
0.008098
0.0172077
0.0141843
0.00523296
0.02297
0.0058281
0.017903
0.0251216
0.016021
0.00744766
0.0616898
0.0110291
0.0107244
0.00740279
0.023411
0.023426
0.0158165
0.0247232
0.0299337
0.0378592
0.034821
0.0432439
0.0392484
0.0202421
0.0317614
0.053401
0.0279209
0.0171001
0.0229894
0.0394586
0.01212
0.0155858
0.0171078
0.0174423
0.0289267
0.0117145
0.0217328
0.0216168
0.0120535
0.0312936
0.0213984
0.0138748
0.0431545
0.0186571
0.0210383
0.0379905
0.00958503
0.025508
0.0108478
0.00746635
0.0264903
0.00897497
3.05206
0.00827905
0.0216013
0.0148945
0.00993907
0.0170228
0.00325426
0.007165
0.00851158
0.00519531
0.0286886
0.00350519
0.0120498
0.0187322
0.0256198
0.00377473
0.0218035
0.00499264
0.0107662
0.0151969
0.0176463
0.0286461
0.00286773
0.00917777
0.00905698
0.00403018
0.00115917
0.0105317
0.0208975
0.0207095
0.0119004
0.0133334
0.00565182
0.0158355
0.00584637
0.00411418
0.00716826
0.00578203
0.00903769
0.0117675
0.0139304
0.00960781
0.0268812
0.00380802
0.00464391
0.0140848
0.00504598
0.00787268
0.00422492
0.0279128
0.00394078
0.011382
0.0233814
0.00856313
0.0232359
0.00535943
0.014529
0.00229373
0.0194373
0.00634885
0.00681387
0.0144781
0.0246932
0.010248
0.0110343
0.028826
0.00433676
0.0153426
0.00918882
0.0116715
0.00666336
0.0240631
0.0337518
0.0194088
0.0127674
0.00977335
0.00992302
0.0183204
0.0123341
0.0204111
0.0227184
0.0117308
0.0106942
0.0174969
0.0171604
0.0234589
0.00580444
0.0103219
0.0178594
0.0100798
0.016611
0.00718524
0.00766372
0.0191317
0.0131975
0.0161225
0.0153293
0.011409
0.00814141
0.015744
0.0128648
0.00567003
0.0139141
0.0138288
0.0131218
0.0114368
0.043134
0.0156961
0.0324862
0.0160202
0.0213093
0.0253134
0.0100028
0.0272864
0.019105
0.0599596
0.0130218
0.0389482
0.0334759
0.00766965
0.00810721
0.0223593
0.0288608
0.00318767
0.0242453
0.0245694
0.0163305
0.00986925
0.00988999
0.0303647
0.023089
0.0278879
0.0233902
0.0181211
0.00352346
0.0149352
0.0115749
0.0126822
0.0139044
0.00951921
0.0115336
0.017227
0.00952508
0.0296567
0.0123826
0.0190917
0.0118475
0.0146299
3.50087
0.0222205
0.00629478
0.0125214
0.0103028
0.00669545
0.0233657
0.00767356
0.008292
0.00323827
0.0231568
0.0275611
0.0196412
0.010064
0.00646565
0.0141387
0.016719
0.0148745
0.0213506
0.00683243
0.00994369
0.00987788
0.00797021
0.00409068
0.00965217
0.018475
0.0328281
0.00315335
0.0430797
0.00881516
0.0417336
0.0170095
0.0181719
0.0206335
0.00651958
0.0144035
0.0102297
0.00853221
0.00832484
0.00600083
0.00603373
0.0277044
0.0191654
0.0197693
0.026007
0.00731029
0.0125968
0.0140038
0.00505575
0.0108485
0.00294809
0.0247364
0.0159996
0.00639731
0.0105072
0.0117336
0.0232332
0.026046
0.0139549
0.0216996
0.0210189
0.00979346
0.0326218
0.0156386
0.0143633
0.0232917
0.00770464
0.0167128
0.0142058
0.0136908
0.0395411
0.0266664
0.0340477
0.0173426
0.0325671
0.0439682
0.00413188
0.0158954
0.0664945
0.00888847
0.0161029
0.0157113
0.0227371
0.0368442
0.0390206
0.0146862
0.0138307
0.0261938
0.0296387
0.0164354
0.0217916
0.0102848
0.0183468
0.0335802
0.00864904
0.0134233
0.0185344
0.016557
0.0329132
0.0249961
0.0168352
0.0573246
0.0276426
0.0267465
0.0106378
0.0369463
0.0157544
0.0247481
0.0212973
0.0235653
0.0668019
0.0506952
0.0481375
0.0142971
0.0298992
0.016295
0.0489314
0.0239215
0.0237887
0.00576646
0.0072703
0.0117665
0.0383283
0.00841951
0.0120607
0.0374423
0.00530107
0.0413449
0.01021
0.0189495
0.0305828
0.0167713
0.0426917
0.0108547
0.0339991
0.00677564
0.0274587
0.019252
0.0193596
0.0208739
0.0298609
0.0199997
0.0172496
0.0203763
0.0282714
0.00869931
0.00799063
0.0142034
0.0183616
0.00695499
0.00709415
0.0280681
0.0188634
0.0163726
0.00735855
0.0218311
0.050428
0.0299769
0.0216067
0.0312521
0.0259917
0.0165504
0.00710843
0.0101588
0.0181585
0.0419168
0.00492805
0.0157819
0.0323972
1.19291
0.0275991
0.0205564
0.0160753
0.00317408
0.0299332
0.0474974
0.0233832
0.0349654
0.0373706
0.0405368
0.0420234
0.0349593
0.0157191
0.0193821
0.00910705
0.0285327
0.0277199
0.0337989
0.031139
0.0079183
0.0432984
0.0313405
0.025296
0.0249144
0.0487161
0.0195374
0.0146531
0.0123761
0.0266285
0.0143105
0.0105704
0.00395727
0.00910515
0.065744
0.0269757
0.0296947
0.0298093
0.0284182
0.0250735
0.0230194
0.0211584
0.0370636
0.0142899
0.00782845
0.0442009
0.0314332
0.0409787
0.0145634
0.00444013
0.0117763
0.0241679
0.0145663
0.0103143
0.0454162
0.0263557
0.0264904
0.0182405
0.00164519
0.0367719
0.0290776
0.0257023
0.040046
0.0371653
0.0395446
0.0279078
0.0263632
0.0335554
0.0191372
0.0120124
0.017619
0.00499804
0.0275936
0.0141
0.0230923
0.0372289
0.0242405
0.0165794
0.00884464
0.0112502
0.0184381
0.011338
0.0148121
0.0402239
0.0143974
0.0219511
0.0225661
0.0232453
0.0051163
0.02386
0.0226612
0.060798
0.0224636
0.032412
0.0236837
0.0147028
0.0193435
0.00644405
0.0226805
0.0124914
0.0244898
0.0252785
0.0162251
0.00815465
0.0209789
0.0141256
0.0270063
0.0353228
0.02029
0.0424053
0.0380253
0.0259086
0.0468491
0.00627972
0.0667292
0.00393622
0.0269689
0.0258396
0.0384341
0.0186148
0.0159907
0.0261931
0.00627941
0.0062986
0.0265662
0.0141501
0.00989112
0.0143589
0.0173242
0.0161754
0.0181258
0.0127011
0.0204611
0.00751244
0.0100184
0.00575117
0.0140908
0.0251605
0.0151155
0.0112048
0.00276594
0.0205494
0.0309409
0.0163427
0.0028867
0.00739912
0.0170459
0.00392253
0.0238501
0.0178626
0.0388321
0.00906583
0.00960823
0.010867
0.0162165
0.00714899
0.0145322
0.0128843
0.0320151
0.0339619
0.00639618
0.0117803
0.00657615
0.0168892
0.0116361
0.0111953
0.00592774
0.0210952
0.00350151
0.00650258
0.0253036
0.0208637
0.0071429
0.0274288
0.0094126
0.0113772
0.0157223
0.0119159
0.0109005
0.00615132
0.0212462
0.00907308
0.0248376
0.0181798
0.014853
0.0185059
0.0152064
0.0118159
0.0279669
0.0167604
0.0177895
0.0165411
0.0122462
0.0196796
0.00937442
0.0252832
0.017575
0.0173656
0.0166981
0.0202142
0.00667847
0.00386455
0.00320247
0.0167846
0.0056743
0.0178302
0.00514892
0.0157099
0.00960098
0.00267161
0.00924266
0.0178752
0.0177757
0.00691766
0.0276428
0.0164278
0.00760256
0.0124877
0.0410917
0.00555692
0.0183529
0.0177533
0.00408319
0.0156792
0.0123263
0.00889648
0.00676273
0.00554361
0.0247876
0.020644
0.0193699
0.0191489
0.0306275
0.0178049
0.00445326
0.00522959
0.0229472
0.0438196
0.00627154
0.0154136
0.00996393
0.017575
0.0159133
0.0141585
0.0390179
0.0155807
0.0245773
0.0110814
0.0124137
0.0312648
0.00713292
0.0188312
0.0248581
0.0127493
0.0515007
0.0064149
0.0175947
0.0192027
1.90271
0.0164204
0.00688269
0.00850944
0.029544
0.0049193
0.0228569
0.00707608
0.02203
0.0107442
0.0102645
0.0542758
0.00730195
0.00565252
0.0135549
0.023875
0.0211451
0.0253712
0.00567922
0.0118764
0.0127634
0.00903314
0.0122012
0.00906682
0.0103017
0.0314393
0.0533935
0.0155406
0.00916099
0.0261245
0.004595
0.0109906
0.0146399
0.00817579
0.0148655
0.02941
0.0136109
0.0438663
0.0221675
0.0197305
0.0257083
0.0213007
0.0148513
0.029547
0.00988747
0.0146458
0.0095716
0.0200229
0.0193318
0.0222586
0.020563
0.00372106
0.00518845
0.0223896
0.00277579
0.0148708
0.01905
0.00831095
0.0148609
0.0370987
0.0133391
0.0101242
0.00778791
0.0180933
0.00394535
0.00965883
0.0115317
0.0134573
0.0142727
0.0116852
0.01989
0.0339652
0.00876063
0.0143021
0.0146205
0.00773962
0.0134446
0.0182666
0.0120235
0.0102328
0.0510045
0.0194334
0.0590476
0.0287656
0.00502088
0.0193792
0.0688633
0.0106184
0.0277656
0.0202125
0.0441828
0.0211651
0.0101401
0.0266675
0.0192034
0.0392537
0.0172218
0.0417699
0.0145669
0.0319335
0.0276806
0.0134037
0.0167292
0.0174952
0.0299041
0.0163547
0.0135308
0.0123097
0.0050731
0.00604133
0.0243894
0.0114094
0.00213238
0.0120606
0.0114278
0.040993
0.00767176
0.00530932
0.0408041
0.0143343
0.0340727
0.0223263
0.00514388
0.0339955
0.00894755
0.025495
0.0160191
0.00772782
0.0148654
0.00550494
0.0114675
0.0225327
0.0179182
0.00931986
0.00818247
0.0023636
0.0178852
0.010336
0.0304501
0.00458453
0.0256064
0.0290158
0.00653941
0.0209681
0.0173968
0.0206942
0.00928411
0.00954349
0.019354
0.0232453
0.00949126
0.00733204
0.0151594
0.0192867
0.0372168
0.0125867
0.0221927
0.0308504
0.0169224
0.0174166
0.00912455
0.0179235
0.0100837
0.0342815
0.00986986
0.00891177
0.0315288
0.0313443
0.0101312
0.0107791
0.0206234
0.0157106
0.0257643
0.0328166
0.00534534
0.0587653
0.034311
0.044321
0.0138929
0.0282678
0.0439567
0.0314001
0.0291762
0.0326304
0.0021323
0.00779695
0.00910167
0.0359453
0.0206156
0.0141917
0.0127518
0.0161774
0.0129819
0.00240551
0.0187524
0.0145508
0.0262765
0.00924778
0.0101671
0.016054
0.0074435
0.0152792
0.00719863
0.0147874
0.00675503
0.00644947
0.0149083
0.028062
0.0139337
0.0161896
0.0113452
0.032546
0.0123561
0.00890085
0.0097515
0.0236693
0.0128442
0.0436869
0.0210089
0.0218819
0.0199829
0.0132526
0.00362566
0.00962448
0.0321049
0.0189573
0.00861088
0.0183294
0.00848184
0.0122212
0.00518182
0.0470375
0.014409
0.00575161
0.00760834
0.00643944
0.0129831
0.00877156
0.0263246
0.0080377
0.014217
0.00916128
0.00646794
0.0140327
0.0131261
0.00934208
0.0101726
0.014195
0.0235073
0.0136631
0.0123219
0.0103246
0.00536734
0.00400434
0.00944561
0.014952
0.0270113
0.0140336
0.00866332
0.0289303
0.00527366
0.0199664
0.0194953
0.0137611
0.0043494
0.00603193
0.0154511
0.0168059
0.0129
0.0051514
0.0289015
0.00610619
0.023954
0.033497
0.0171834
0.0203659
0.0352127
0.0207374
0.0307525
0.00759944
0.00506176
0.0157718
0.00458776
0.0177995
0.022189
0.0122279
0.007312
0.0259359
0.00925128
0.00858752
0.0264173
0.00506276
0.0183504
0.0182186
0.00890558
0.0199034
0.0122191
0.0169918
0.0107943
0.0211698
0.0186979
0.00683764
0.0365147
0.0191588
0.0228843
0.00780732
0.0293807
0.0206129
0.0246304
0.00698175
0.0132563
0.0192441
0.0113512
0.0104921
0.0266626
0.0117697
0.00628587
0.00545393
0.0127544
0.0355876
0.0106647
0.00809148
0.0148941
0.00940464
0.014302
0.0123525
0.0157501
0.0173571
0.0243969
0.0154437
0.00997492
0.0187443
0.00726873
0.0102204
0.00692498
0.00916587
0.0122322
0.0137875
0.00824036
0.0183902
0.00963717
0.0147204
0.00341484
0.0149183
0.0169163
0.0176126
0.010675
0.00515504
0.0187086
0.0151586
0.00962002
0.0274169
0.00336937
0.00463668
0.0203757
0.0106379
0.0134309
0.0141189
0.019418
0.00804349
0.0124602
0.0219372
0.00938755
0.00852901
0.00944493
0.00714682
0.0233328
0.0133419
0.0155521
0.0311256
0.00433514
0.0200106
0.0335491
0.0188499
0.0283163
0.0177571
0.0315842
0.0242446
0.00628295
0.0425811
0.00466947
0.0226068
0.01916
0.00636782
0.0137025
0.0422215
0.0120267
0.0285991
0.00989142
0.0212688
0.0107603
0.0127871
0.00553072
0.0082953
0.00718625
0.0155905
0.0252723
0.0109315
0.0101306
0.0125711
0.0053973
0.019816
0.0130884
0.0315749
0.0137249
0.0171672
0.0117174
0.00501904
0.0103478
0.0415408
0.0163055
0.0225041
0.00534507
0.0227206
0.0643809
0.0276552
0.0345237
0.0147347
0.00886539
0.0157168
0.0164535
0.0240422
0.0234681
0.0200831
0.0361011
0.0713671
0.0208831
0.0190868
0.0445387
0.0376294
0.0132747
0.0174171
0.0175678
0.00685575
0.0224882
0.0219876
0.0434421
0.0100726
0.0373775
0.0171387
0.016961
0.0131249
0.0167152
0.0222366
0.0227563
0.0143472
0.0363113
0.0434949
0.0145147
0.0133355
0.0235664
0.0261871
0.0252723
0.0158346
0.0233432
0.0396161
0.026279
0.0335717
0.0145678
0.00498543
0.00785608
0.0342331
0.00399766
0.00848386
0.0227957
0.0263956
0.0258279
0.00529117
0.0231084
0.0408971
0.0138796
0.0225469
0.00736411
0.0101498
0.0101317
0.00409428
0.0256586
0.0287936
0.0500101
0.0300591
0.0164972
0.00990862
0.0299549
0.0144547
0.0111074
0.00358778
0.00393226
0.0121913
0.0359536
0.0272941
0.00534447
0.0301545
0.0131872
0.00872238
0.0163918
0.0340723
0.0194617
0.00947043
0.0303284
0.0301599
0.0287411
0.0307557
0.016941
0.0299063
0.021309
0.016721
0.0518861
0.0369695
0.0142448
0.0178915
0.0263832
0.0238146
0.00701951
0.0154466
0.00880011
0.0182384
0.00622931
0.0201325
0.0106478
0.0225266
0.028035
0.0135912
0.00563191
0.0117178
0.0260798
0.0120244
0.0177713
0.0484985
0.0298089
0.0523428
0.0137621
0.0060207
0.0297399
0.0131311
0.0179678
0.0179509
0.0108845
0.0179885
0.0163704
0.0200994
0.0244068
0.0310922
0.0180489
0.0203678
0.0195803
0.0197255
0.0251806
0.0584898
0.0274508
0.0151203
0.0267327
0.0372381
0.0515651
0.0456005
0.0275206
0.00776583
0.0212002
0.023911
0.0206608
0.0349981
0.0251649
0.0512388
0.0333935
0.0393562
0.0368019
0.0347725
0.0285511
0.0131164
0.0261537
0.0267208
0.00645246
0.0103656
0.0124412
0.0414488
0.0327959
0.00908804
0.0207295
0.0196237
0.0136776
0.0191031
0.0377106
0.0265342
0.018992
0.0309011
0.0121864
0.0212146
0.0236467
0.0172104
0.015786
0.00474159
0.0512498
0.0228479
0.0387142
0.031604
0.0257207
0.0162115
0.0103701
0.0214627
0.0108786
0.0103719
0.0215037
0.0145378
0.00596733
0.00650963
0.00244532
0.0126091
0.0136884
0.0144219
0.0219296
0.0140861
0.0113056
0.0206636
0.0376502
0.0192842
0.0236653
0.0363473
0.00468813
0.0587686
0.031968
0.0276941
0.0205924
0.0209719
0.053991
0.0318703
0.0414988
0.0125767
0.0136414
0.0186351
0.0381983
0.0183095
0.0159341
0.0193942
0.0179746
0.0377432
0.0150486
0.0151153
0.0253276
0.0318609
0.0290979
0.0318924
0.0207807
0.0259227
0.0551132
0.0115141
0.00755856
0.0267477
0.018181
0.0187348
0.0347435
0.0343692
0.0170825
0.0188597
0.0264722
0.0201679
0.0225193
0.0178653
0.0151006
0.0202134
0.0475382
0.0114534
0.00619428
0.0116491
0.0186904
0.0243755
0.00768324
0.00789388
0.00820766
0.0130489
0.00993332
0.0130973
0.00968215
0.00413772
0.0120424
0.0243542
0.000708503
0.00858446
0.0256354
0.0266672
0.0165905
0.0182566
0.00951741
0.0106347
0.0197992
0.00760508
0.0072119
0.019902
0.0212554
0.0213488
0.0280332
0.027169
0.0255349
0.0193638
0.0159797
0.0227695
0.00750867
0.0155338
0.0227002
0.00299827
0.0302256
0.0265727
0.0101828
0.021866
0.0122224
0.00609937
0.0355471
0.0214773
0.020796
0.0194774
0.0125753
0.040194
0.00536746
0.00398675
0.0233555
0.0248223
0.0179778
0.018273
0.0136484
0.0187057
0.0208347
0.0358359
0.0304373
0.00784609
0.0215134
0.0271621
0.0401206
0.0144002
0.0103765
0.0200322
0.0206806
0.0148865
0.00947988
0.0256892
0.0450319
0.0171201
0.0314997
0.0298124
0.00521064
0.0184934
0.00346752
0.0279508
0.0135317
0.0429091
0.0267187
0.0209357
0.0101176
0.0108109
0.0247159
0.0105565
0.0278547
0.00513453
0.0418442
0.00944097
0.0218579
0.0262634
0.0147682
0.00905652
0.0134085
0.0142349
0.0216541
0.0161334
0.0054774
0.0216224
0.00828911
0.0160969
0.0162872
0.00553686
0.00975426
0.00666752
0.00549121
0.016757
0.0135398
0.011746
0.0250094
0.0105028
0.030809
0.020618
1.71502
0.0143957
0.0205776
0.00945659
2.81713
0.00799272
0.0230432
0.0114677
0.0124731
0.0113087
0.00244718
0.0141045
0.00897173
0.00674629
0.0140384
0.0227192
0.00866846
0.0221937
0.024652
0.00810412
0.0100716
0.0073661
0.0115268
0.0118855
0.032477
0.0642988
0.0345429
0.0177739
0.0172225
0.0135698
0.00334362
0.0138951
0.0025593
0.00369249
0.00730811
0.0332807
0.00888351
0.0237393
0.00323187
0.0108639
0.0235246
0.0130998
0.022734
0.0213077
0.00645312
0.00709224
0.00459185
0.0557828
0.00852975
0.0251511
0.0293137
0.0109445
0.0157882
0.0343216
0.0155142
0.00517507
0.0204201
0.0426522
0.00906442
0.0165505
0.0290265
0.0408825
0.00643012
0.00889199
0.00710733
0.0169531
0.0271421
0.00874406
0.023995
0.00986367
0.01552
0.00716589
0.0277427
0.0252958
0.0315085
0.0133024
0.0101385
0.0158499
0.0399257
0.0235595
0.0056695
0.0767549
0.01449
0.0238589
0.019109
0.0294309
0.0256087
0.0297164
0.00320248
0.0225068
0.00854747
0.0107605
0.0179028
0.0190975
0.014198
0.00949761
0.0176922
0.00549683
0.00875675
0.0302746
0.0310079
0.0143451
0.0236584
0.0203588
0.0159249
0.0207235
0.0206282
0.0239503
0.0322008
0.00610718
0.0131842
0.00878573
0.0201419
0.0464045
0.0254409
0.0125179
0.0121032
0.0146825
0.00994412
0.0112835
0.0064966
0.00566936
0.020478
0.0110914
0.0150829
0.00680275
0.0204696
0.0201347
0.0151311
0.0119054
0.0153403
0.013496
0.0295709
0.0192358
0.0129042
0.00829181
0.0212011
0.00330122
0.0131857
0.0106858
0.0269684
0.00897722
0.00934118
0.0133742
0.0166069
0.0170507
0.0113865
0.010511
0.0137703
0.0291607
0.00513719
0.02287
0.020903
0.0178255
0.0244858
0.012953
0.0168988
0.0376917
0.036054
0.0100309
0.0279287
0.00787042
0.0107428
0.0146269
0.0162672
0.0135454
0.00578255
0.0146864
0.0348927
0.00414911
0.0165401
0.00859933
0.0300645
0.0208752
0.012206
0.0390977
0.0250432
0.0591355
0.0156877
0.0294475
0.0263375
0.0256797
0.0160277
0.0199465
0.0272473
0.0129239
0.0162079
0.0162538
0.0097707
0.0103122
0.00535777
0.0293705
0.01683
0.0214162
0.0118848
0.00914608
0.0136146
0.00939838
3.6177
0.00880767
0.0119472
0.022658
0.00507345
0.0112163
0.0181471
0.0272774
0.0119561
0.0229343
0.0178698
0.0300963
0.022099
0.0184967
0.0127812
0.0144709
0.026865
0.0261254
0.0258685
0.00841408
0.0159266
0.0188463
0.0139453
0.0111478
0.0171286
0.0192974
0.0382357
0.0158318
0.00968433
0.0174335
0.0289615
0.0163262
0.0218947
0.0326803
0.00896166
0.00218953
0.0129411
0.0107082
0.0044221
0.00726548
0.0229019
0.00395208
0.0235266
0.00168776
0.00671769
0.0114711
0.0134064
0.0137682
0.00993376
0.00534728
0.0102879
0.010418
0.00696331
0.0108862
0.00635205
0.0165208
0.0431306
0.00795662
0.0108219
0.00982747
0.0321347
0.0114521
0.00794742
0.021955
0.00973209
0.0128269
0.0360987
0.00523744
0.0268793
0.0298211
0.0109822
0.0201398
0.0165129
0.00867784
0.023584
0.0428505
0.0125152
0.0189317
0.0174788
0.0118027
0.0257753
0.0094133
0.00610952
0.00367308
0.0110513
0.0117035
0.0127464
0.0261419
0.0183158
0.00950778
0.0527691
0.0182203
0.0145887
0.00548064
0.00289283
0.0133774
0.00867599
0.0131443
0.0123898
0.0140069
0.00999508
0.0144307
0.0179192
0.00673412
0.0111674
0.0143796
0.00613173
0.01946
0.0197082
0.0272419
0.0138559
0.00292488
0.00700839
0.0181039
0.00328952
0.00546456
0.0272954
0.013556
2.81882
0.014206
0.034816
0.00551543
0.0133625
0.0199178
0.044829
0.0198665
0.0179379
0.0110742
0.0120261
0.00197327
0.0133026
0.015403
0.0196367
0.0130144
0.00711121
0.0198358
0.0208553
0.010661
0.00384318
0.0170151
0.00993704
0.0216206
0.0200755
0.0161098
0.01738
0.0297332
0.0209049
0.0119455
0.0192956
0.0166083
0.00858021
0.0135131
0.0211715
0.00680717
0.0079966
0.00994616
0.0066695
0.0114375
0.00981411
0.0204844
0.00940083
0.02174
0.00574419
0.0081124
0.030839
0.00594147
0.00341061
0.0129951
0.0148044
0.0184962
0.010572
0.00596841
0.0197298
0.0115442
0.00961841
0.00934438
0.0105697
0.0196972
0.0243126
0.0143952
0.0161729
0.00917715
0.0135637
0.0128929
0.0242841
0.0160093
0.0153522
0.0128863
0.00980867
0.0196507
0.0153778
0.0118701
0.0183605
0.00689125
0.00742838
0.0179602
0.0110145
0.0135024
0.0125281
0.00639453
0.00821228
0.0154765
0.0334159
0.013583
0.0398429
0.0365903
0.0275655
0.0110886
0.00904439
0.0386775
0.012499
0.0281803
0.00959746
0.0299015
0.00660384
0.00973817
0.0121764
0.00628282
0.024245
0.00784188
0.0122948
0.015246
0.0167546
0.0244133
0.0246938
0.0532826
0.00793216
0.0326979
0.021097
0.0154764
0.0104296
0.00473386
0.0194758
0.00992118
0.0202522
0.0418841
0.0323706
0.0410711
0.00223665
0.0157078
0.0193987
0.0367404
0.0248468
0.00357574
0.025255
0.00644774
0.0499553
0.0261831
0.0314959
0.00192736
0.00574423
0.0236246
0.0226295
0.00786002
0.0268329
0.0172729
0.0225796
0.024488
0.0287307
0.0332143
0.0231892
0.0113165
0.0112914
0.0338436
0.0141571
0.0338106
0.0549767
0.0717667
0.0442262
0.0145259
0.0123656
0.0541569
0.0300867
0.0144864
0.00389813
0.0571865
0.00694403
0.0283532
0.0131895
0.00909653
0.0260948
0.0190401
0.0194419
0.0315496
0.0427829
0.0219425
0.00508822
0.020512
0.0324786
0.0203223
0.008321
0.0210866
0.0125537
0.0109055
0.021126
0.0165334
0.0103539
0.0268112
0.0290131
0.0214897
0.011645
0.0177185
0.0215552
0.0113174
0.0223723
0.0103262
0.0340202
0.00970127
0.0222139
0.0278731
0.0201519
0.0133868
0.0216023
0.0217468
0.0307504
0.00727274
0.0299766
0.00849125
0.0182158
0.0179716
0.00936488
0.018401
0.00862641
0.018763
0.0236677
0.0144035
0.0168104
0.0195239
0.0100228
0.0270667
0.00688935
0.00893645
0.0144765
0.0270505
0.0175932
0.0164159
0.0411066
0.017884
0.0255024
0.0112361
0.0156243
0.0363495
0.0315481
0.00675066
0.0174238
0.0503488
0.016479
0.0320693
0.0115817
0.00933935
0.024885
0.0272988
0.0589264
0.0275194
0.0592141
0.0119719
0.00684347
0.0147122
0.0351078
0.0229839
0.0195312
0.0264347
0.0412408
0.0343553
0.0265552
0.0086361
0.0201895
0.841195
0.0186732
0.0152865
0.0226945
0.0197134
0.034358
0.0184306
0.0159406
0.0269786
0.0275864
0.0215642
0.0200638
0.0041516
0.0173173
0.0128058
0.0136845
0.0319718
0.017737
0.0216037
0.0324128
0.0324521
0.0274354
0.0162301
0.0293107
0.0190769
0.0207684
0.0288137
0.0324023
0.0202511
0.0212536
0.0198844
0.0124049
0.0234822
0.017091
0.00890097
0.0115877
0.0232881
0.0079544
0.0086149
0.00429386
0.00701412
0.0223427
0.00632075
0.0261354
0.0207995
0.0383816
0.025949
0.0166378
0.0414571
0.0213447
0.0219993
0.0337533
0.0309238
0.0449218
0.0301723
0.0267219
0.0339838
0.0349435
0.0311117
0.01698
0.0219311
0.0309396
0.0399647
0.0282289
0.0486945
0.0269483
0.0189802
0.0431266
0.0136672
0.0183312
0.0275065
0.0422411
0.0297955
0.0390612
0.0352098
0.0117727
0.0417684
0.0400794
0.0345744
0.0112061
0.0233698
0.0275997
0.00951554
0.0116499
0.00244353
0.0178261
0.0268884
0.0272338
0.0168449
0.029088
0.0105118
0.0286969
0.0156286
0.0177397
0.00909311
0.00976227
0.00516527
0.02066
0.0155731
0.0176918
0.00583492
0.0216883
0.0195872
0.0063321
0.0136562
0.0230798
0.01349
0.0128048
0.0269047
0.0223861
0.0128091
0.0315746
0.012827
0.0364934
0.00257083
0.0118941
0.0247068
0.0136571
0.011908
0.0172567
0.0219047
0.0244395
0.0234526
0.0046653
0.010941
0.0294556
0.0344547
0.0307947
0.0146636
0.0102364
0.0208632
0.0249359
0.0256813
0.0194219
0.0125677
0.0175463
0.0140216
0.0215384
0.020266
0.0286081
0.0101179
0.0168901
0.0193118
0.00792588
0.0311033
0.0274554
0.0141744
0.0196624
0.0146119
0.00760666
0.0184941
0.0145937
0.0167547
0.0257375
0.0143432
0.0212473
0.0199611
0.0207103
0.021801
0.00746216
0.025796
0.021388
0.0104185
0.00833609
0.0205944
0.00555633
0.00925862
0.00806056
0.034457
0.0137885
0.0123121
0.0133198
0.0407165
0.0118571
0.00706204
0.0338284
0.0158148
0.0259395
0.00822532
0.0361919
0.0240935
0.00666211
0.00393733
0.0229255
0.0133678
0.0058592
0.00602103
0.0387039
0.013715
0.0104977
0.0165153
0.0218731
0.0114336
0.0207202
0.00713342
0.00712673
0.0155021
0.0101945
0.0302522
0.0354736
0.0316723
0.00853074
0.00999707
0.0122919
0.0289203
0.0219654
0.0262787
0.0117587
0.0157535
0.00752563
0.0450068
0.0221025
0.025577
0.0260846
0.0294946
0.0142811
0.0136601
0.0161962
0.0283158
0.00895505
0.0312656
0.0210977
0.0115088
0.00921584
0.0079298
0.0129234
0.00574964
0.0156514
0.00300468
0.00983991
0.0185399
0.0149695
0.00765939
0.0111461
0.0103465
0.00925498
0.0428324
0.0136719
0.0139663
0.0370578
0.00808893
0.0292803
0.026863
0.00893183
0.0145415
0.013597
0.0229897
0.0191958
0.0148248
0.0283533
0.00828715
0.0266157
0.0237606
0.0183351
0.0136927
0.015577
0.0157304
0.0343585
0.00212397
0.0193306
0.0297955
0.0144161
0.0126761
0.0195909
0.00400418
0.0171865
0.0312441
0.0509993
0.0211916
0.0191676
0.0368803
0.0147194
0.0100389
0.0133129
0.0230848
0.00763942
0.00921398
0.0148208
0.00469299
0.00653543
0.0202555
0.0329732
0.006347
0.00843466
0.0230066
0.0183443
0.0152935
0.0265429
0.0182092
0.020592
0.0304356
0.0123697
0.0226804
0.0100965
0.0274423
0.0118025
0.0312489
0.0269936
0.0190984
0.0413034
0.0438166
0.0237616
0.0137558
0.014844
0.0171175
0.0142835
0.0104616
0.0302319
0.0231836
0.0183794
0.0394824
0.0256997
0.0295057
0.0289249
0.0441907
0.0103377
0.00550222
0.013849
0.00672556
0.0294375
0.0103581
0.00484944
0.0174385
0.0307281
0.00474178
0.00855405
0.0355964
0.0118941
0.0141094
0.014578
0.017757
0.0158694
0.0018713
0.0204582
0.00612079
0.0144471
0.0297234
0.0158151
0.0112893
0.00880745
0.0180699
0.00911005
0.00709894
0.016919
0.0244835
0.00822808
0.017412
0.0134505
0.00863596
0.00315244
0.016882
0.00989489
0.00608344
0.0215565
0.0205792
0.0219967
0.0142641
0.0103136
0.0119015
0.0201454
0.0539515
0.0112315
0.0177382
0.017664
0.00784647
0.00683582
0.0107685
0.0140357
0.0133663
0.0185745
0.00711641
0.00902526
0.0234464
0.0211927
0.0277587
0.0175685
0.00777128
0.0173316
0.0234002
0.0287644
0.0196471
0.0102984
0.0271603
0.0459288
0.0247945
0.0195295
0.0416382
0.0478317
0.0170464
0.0254337
0.0266371
0.0116651
0.0294738
0.0398704
0.010958
0.0402382
0.014165
0.00435372
0.0319535
0.0271294
0.00622763
0.00450143
0.0115713
0.0349226
0.0161752
0.0241713
0.0226392
0.00998516
0.0188537
0.00147467
0.0139102
0.0504066
0.00446983
0.0157631
0.0288686
0.0197617
0.0310621
0.0252112
0.0167055
2.04161
0.0210963
0.030271
0.0063854
0.0104112
0.0165278
0.0119629
0.0157675
0.0253798
0.010381
0.0116892
0.00769882
0.0150671
0.0198718
0.0239116
0.00916256
0.00863262
0.00806078
0.0180284
0.0381952
0.00460437
0.00902118
0.0157885
0.0177952
0.0157076
0.0208474
0.0134893
0.0102506
0.0212203
0.0112776
0.0219645
0.00360276
0.00782056
0.00181296
0.0230947
0.00169349
0.00584405
0.0107603
0.00664843
0.0144598
0.0307238
0.00896713
0.0143322
0.0238455
0.0134977
3.51464
0.038004
0.0260276
0.00241734
0.0079369
0.00662453
0.0187864
0.0172836
0.028293
0.0136459
0.0196654
0.00868486
0.0128622
0.0388301
0.0154341
0.00652865
0.00494806
0.0109108
0.00752266
0.015129
0.00458558
0.00549853
0.005512
0.0116497
0.00532909
0.0245164
0.0195064
0.0386852
0.00481644
0.0155285
0.0158224
0.0130634
0.00547478
0.0233359
0.012833
0.0181522
0.0178728
0.00716968
0.00344494
0.00658827
0.0188057
0.0176676
0.0128952
0.0173234
0.0102263
0.0117217
0.0101344
0.0176976
0.00558438
0.013488
0.00539383
0.0110541
0.011213
0.0058363
0.0190753
0.0230789
0.014662
0.010102
0.0133849
0.0112228
0.0156219
0.0249982
0.0140344
0.0166311
0.0178092
0.0154817
0.012961
0.01657
0.0325357
0.0225987
0.0162798
0.00654685
0.00575021
0.0184475
0.0178059
0.0355336
0.0154702
0.00791336
0.0165873
0.0104905
0.0114775
0.0134256
0.0104426
0.0253865
0.0212907
0.00492751
0.0173228
0.016889
0.00391971
0.0260137
0.0202025
0.0116995
0.0139533
0.0229073
0.0163506
0.0129667
0.0135858
0.00638285
1.09709
0.0174547
0.0116554
0.0154955
0.0268677
0.00285401
0.00452045
0.0131642
0.0171307
0.00506978
0.0036105
0.00673867
0.0166892
0.0131255
0.0340859
0.0236111
0.012372
0.0127284
0.0131317
0.0124258
0.0280412
0.00247498
0.0397647
0.019184
0.00593537
0.0112278
0.00655262
0.00922179
0.0212163
0.0132878
0.0129443
0.00605908
0.00815216
0.0122465
0.0225616
0.0234259
0.0188441
0.0217195
0.038353
0.012967
0.00950861
0.0282398
0.0124937
0.01886
0.00786152
0.014994
0.0156787
0.0112612
0.00457247
0.025139
0.00794765
0.00720739
0.0160486
0.0155728
0.009583
0.100014
0.00973424
0.0243638
0.012389
0.010351
0.0238594
0.0037999
0.0219586
0.038078
0.0376721
0.0397428
0.0484638
0.0314779
0.0653267
0.00777377
0.0231802
0.0256634
0.00915688
0.0392828
0.0264219
0.00837902
0.0337925
0.00949422
0.0338277
0.0140304
0.0311832
0.00973657
0.0151333
0.018857
0.0152518
0.0343451
0.0218728
0.0288897
0.0207723
0.0277018
0.0281192
0.0259092
0.0286907
0.0188032
0.0285215
0.00450157
0.0265005
0.0219935
0.00606201
0.0493919
0.0373331
0.0103674
0.0320113
0.0375477
0.0311087
0.0093394
0.0167514
0.04727
0.0144052
0.0342687
0.0226368
0.0134059
0.01405
0.0473434
0.0201228
0.0676555
0.0324109
0.0230577
0.0282908
0.0710872
0.0228929
0.0466804
0.0492067
0.0204403
0.00920798
0.0318583
0.012294
0.00622328
0.00591087
0.0184223
0.00523604
0.0111873
0.0106151
0.00881797
0.0258429
0.039273
0.0514919
0.0135174
0.0106833
0.0136903
0.036344
0.0218781
0.00737551
0.00925442
0.0110172
0.0235348
0.0147137
0.0230763
0.0152434
0.0455961
0.0246229
0.0436254
0.0250905
0.0226917
0.0180862
0.0234171
0.00951445
0.0122312
0.0196596
0.0212924
0.0158917
0.00935242
0.0074598
0.00754893
0.0243508
0.00962381
0.024529
0.014267
0.00906984
0.053857
0.0157467
0.0106283
0.00525932
0.0101008
0.0310686
0.0280014
0.0320149
0.0114034
0.0121759
0.0389535
0.0310156
0.0323839
0.0144918
0.0223732
0.0455996
0.0539687
0.0166061
0.0225365
0.0196633
0.0394733
0.019646
0.0388499
0.0272248
0.0328662
0.0230337
0.0462226
0.0147643
0.00776058
0.033762
0.0488918
0.0116999
0.0201107
0.0506921
0.0100823
0.0435149
0.0630556
0.0130959
0.0384546
0.0570077
0.0168097
0.00839368
0.0320547
0.015896
0.0215793
0.00705044
0.0292018
0.0501031
0.0275678
0.0157388
0.0211432
1.11152
0.00643556
0.00939731
0.00916229
0.0128545
0.0181012
0.0386092
0.0249674
0.0171751
0.0231921
0.0262521
0.0207552
0.034585
0.0384511
0.0388553
0.0108333
0.0136538
0.035702
0.0533689
0.0146027
0.034399
0.0267399
0.0169242
0.00475018
0.014533
0.0174362
0.0480024
0.0257424
0.0250176
0.0111218
0.0389121
0.0129641
0.0209351
0.0209502
0.00834185
0.00924547
0.0161718
0.0082285
0.00405047
0.030512
0.024775
0.0140226
0.0315245
0.0284703
0.0161116
0.0339196
0.0415649
0.0973922
0.0968543
0.0469552
0.0451802
0.0378101
0.0170916
0.0159053
0.0180148
0.00541762
0.0154981
0.0205864
0.0342785
0.0240742
0.0146442
0.0119071
0.0162653
0.019316
0.023754
0.0400559
0.0329498
0.0258044
0.0105305
0.0474713
0.0513297
0.0235361
0.0153721
0.0433562
0.0244106
0.0361481
0.00633471
0.0111135
0.0212252
0.01092
0.00701296
0.00842092
0.0343958
0.0658964
0.0111571
0.0182554
0.0119738
0.0110012
0.0183565
0.0114805
0.00802852
0.0207151
0.00582596
0.0127562
0.0150656
0.00884877
0.0218254
0.0169572
0.0118548
0.0334491
0.0367958
0.0335138
0.0117659
0.00556842
0.0328171
0.0173612
0.0165647
0.00659569
0.00699419
0.0425099
0.00351973
0.0180107
0.0400366
0.0225017
0.00523112
0.0106342
0.00500008
0.0209109
0.0273261
0.0181869
0.0102902
0.00487347
0.0163669
0.0145424
0.0101095
0.0232488
0.0142327
0.0225296
0.00714129
0.0340662
0.0111736
0.0240141
0.0108859
0.0253351
0.0162826
0.0273296
0.0140044
0.0454224
0.0137325
0.0283299
0.0141046
0.0257741
0.0160948
0.0155502
0.013873
0.00345627
0.00229211
0.0125868
0.0241186
0.0199358
0.0119402
0.0389357
0.0106382
0.0129054
0.0233656
0.0188146
0.0140661
0.0119649
0.00919802
0.0151669
0.0141049
0.0210602
0.0254342
0.0137273
0.0309949
0.0237417
0.0291057
0.0476484
0.0159134
0.041767
0.0100081
0.0204674
0.0485821
0.0405772
0.00298019
0.018508
0.00950465
0.023931
0.00965324
0.0168217
0.00604511
0.0158226
0.0148108
0.0247139
0.0216435
0.0191823
0.0403821
0.0192992
0.00891877
0.00715381
0.0251508
0.00679987
0.0448013
0.0181915
0.0182204
0.0196073
0.0147468
0.00808988
0.0232041
0.010972
0.0110106
0.0107793
0.0143139
0.0100674
0.0153984
0.00816264
0.0321601
0.0142245
0.0191814
0.0233105
0.0197551
0.0299172
0.0145844
0.0145095
0.0213461
0.0247601
0.00808623
0.00381978
0.0129141
0.00967896
0.0146646
0.0186513
0.0240296
0.0310363
0.0165076
0.0159841
0.0179596
0.0113892
0.0124092
0.0122254
0.0317744
0.0110073
0.0108802
0.0173333
0.0258451
0.00893387
0.0134381
0.0250708
0.0150461
0.0189787
0.00661178
0.0219751
0.0266383
0.0110033
0.0102189
0.00582117
0.0259679
0.0130869
0.00399119
0.0151661
0.0293636
0.0240996
0.0167607
0.027146
0.0221793
0.0174152
0.0361592
0.0135665
0.0549817
0.0128955
0.0401236
0.00585803
0.00656062
0.0250752
0.0279359
0.0148923
0.0332294
0.0312652
0.0267449
0.00912856
0.0198708
0.0112348
0.0273447
0.0183534
0.0146581
0.0535115
0.0234756
0.0137901
0.0234019
0.00776888
0.0251562
0.00799703
0.00919746
0.0129944
0.0418746
0.0262777
0.00978515
0.0177232
0.0254791
0.00819024
0.0212571
0.0186782
0.0303469
0.0226069
0.0121648
0.0113218
0.0343585
0.020077
0.0199515
0.0262013
0.00253407
0.00738126
0.021586
0.0275458
0.0242323
0.0236666
0.038131
0.00796015
0.0317593
0.0344864
0.0282087
0.0206606
0.0150438
0.00950905
0.0179648
0.00492407
0.00846802
0.0185321
0.0155009
0.01447
0.0138373
0.0110891
0.00258555
0.019719
0.0143159
0.0133044
0.0255841
0.0141051
0.0244387
0.0135297
0.00398214
0.011797
0.0477843
0.0346329
0.0235728
0.0110751
0.01788
0.0129199
0.0136502
0.0149545
0.0166438
0.0214858
0.0241612
0.0345122
0.0092578
0.0040105
0.0208001
0.023119
0.00883683
0.0125294
0.0215823
0.0119061
0.0105642
0.00938527
0.0338589
0.00705709
0.0244786
0.0380096
0.0176595
0.0203019
0.0108768
0.0152852
0.0166488
0.013722
0.00859415
0.0117541
0.023539
0.0125161
0.0194817
0.0225254
0.012473
0.0362078
0.0287433
0.0361724
0.0301271
0.0151095
0.0469808
0.00877302
0.0130006
0.0166131
0.029272
0.0235322
0.00681256
0.0121019
0.0259323
0.0258462
0.0389408
0.0165738
0.0119656
0.0188389
0.00777786
0.0323442
0.0177442
0.0105859
0.00839127
0.0190722
0.024612
0.0157067
0.0151019
0.0157835
0.0364473
0.0182246
0.0103839
0.0100093
0.0253576
3.5085
0.00890264
0.0191043
0.0219667
0.0164413
0.0122398
0.00700153
0.0245939
0.0151938
0.0345125
0.0193685
0.0317273
0.0155427
0.016608
0.0124318
0.00866863
0.00640744
0.0240487
0.00731495
0.0390779
0.0639282
0.0170096
0.0262276
0.0150655
0.0078414
0.0229818
0.0196408
0.0119116
0.0204613
0.0209768
0.0189194
0.00591399
0.0080553
0.00414506
0.0159931
0.00518725
0.0282226
0.0074425
0.0133437
0.0106037
0.00967493
0.0113048
0.0164704
0.00562897
0.0164436
0.00189772
0.0175569
0.00926713
0.0113508
0.00721156
0.00466711
0.0202534
0.00341891
0.00207527
0.0187494
0.0143673
0.0147219
0.00847755
0.0115376
0.00753629
0.00369742
0.0146026
0.0245009
0.0137379
0.0266576
0.0218572
0.021193
0.0226644
0.0256185
0.0236749
0.0140139
0.0159182
0.0119796
0.00559425
0.0160647
0.00439478
0.0508992
0.00452345
0.0169837
0.0234549
0.00694369
0.014284
0.0446851
0.00944123
0.0155016
0.0222575
0.011707
0.0354149
0.0347692
1.79788
0.0334326
0.0208319
0.0193802
0.0166642
0.0233788
0.0307427
0.0084543
0.0106983
0.00450286
0.0449751
0.0251295
0.0329735
0.00965416
0.0104896
0.0369415
0.0168279
0.00228374
0.013003
0.0177434
0.00986615
0.013352
0.0104348
0.00788781
0.00948202
0.0074783
0.0241257
0.0199384
0.0289853
0.0150032
0.021028
0.0291585
0.01059
0.0344428
0.026367
0.0224489
0.0168255
0.0255709
0.0135916
0.0223832
0.00922077
0.0103553
0.0306186
0.00601824
0.0241797
0.0108367
0.0382241
0.0106343
0.0173032
0.0146912
0.0259827
0.0206525
0.0183697
0.0231809
0.0266991
0.0193997
0.0182672
0.0148232
0.0100971
0.0176472
0.0132597
0.0287513
0.00443828
0.00978089
0.00969914
0.00716987
0.0116326
0.0211794
0.0145991
0.00599087
0.00856065
0.00128639
0.0111341
0.0147746
0.019741
0.00640027
0.00610147
0.0246218
0.00622636
0.00297218
0.00680193
0.0123784
0.0109945
0.00952949
0.0160159
0.00960555
0.00818403
0.013813
0.00856001
0.00597441
0.0179657
0.00834833
0.0100657
0.00952255
0.00718179
0.0117023
0.0109487
0.0257167
0.0105988
0.00493331
0.021398
0.00945548
0.0192178
0.00879056
0.0122937
0.0113362
0.0143775
0.0135453
0.0113194
0.0290372
0.0229327
0.0192656
0.0263998
0.00528637
0.0125026
0.018433
0.0130857
0.0538452
0.0359295
0.0138754
0.015241
0.00893458
0.0110997
0.0139639
0.0329979
0.00499422
0.0247431
0.00359325
0.0121835
0.0045865
0.00880754
0.0245426
0.0216007
0.0199608
0.005908
0.0242093
0.0108965
0.0236014
0.0213971
0.0164857
0.00349098
0.00824966
0.00747636
0.0197895
0.019964
0.00790578
0.0136809
0.00855439
0.0182398
0.050902
0.0117227
0.00861285
0.033487
0.027277
0.0410533
0.0205036
0.0352122
0.0206479
0.0267844
0.0167616
0.0334458
0.0282073
0.0284411
0.025358
0.00617633
0.022025
0.0234736
0.042295
0.0241513
0.0117199
0.0104762
0.0180031
0.0361081
0.012655
0.025895
0.0202862
0.0299725
0.0283268
0.0459154
0.0117601
0.0100596
0.0570196
0.0295802
0.0102838
0.0469072
0.0152512
0.0358815
0.0238852
0.0188886
0.0166732
0.0206397
0.0100759
0.029214
0.0107728
0.0270198
0.0172899
0.0140497
0.00890256
0.0184309
0.00848861
0.0131167
0.0287072
0.0163857
0.0323592
0.0169268
0.0082583
0.00534976
0.0135684
0.00341746
0.0268168
0.00935034
0.00746576
0.0117112
0.0117614
0.0317159
0.0206465
0.0330913
0.019191
0.0301356
0.00840882
0.02637
0.0185494
0.016829
0.0162568
0.0213779
0.00561633
0.0187996
0.00581012
0.0512223
0.0180404
0.0123796
0.0145626
0.00303053
0.0316008
0.0299405
0.0132768
0.0237335
0.010005
0.00350671
0.00714925
0.00812383
0.0202922
0.0518425
0.00737859
0.0431259
0.00687173
0.0601763
0.0303183
0.00944819
0.0472343
0.0245373
0.00835681
0.0425657
0.0353203
0.0116049
0.0322139
0.0136025
0.0275361
0.0467471
0.0222403
0.0133858
0.0161964
0.0433858
0.0784246
0.0161945
0.0760253
0.0391148
0.0311825
0.0284271
0.0374896
0.00169423
0.0437196
0.0206046
0.0183399
0.023849
0.0415772
0.0211479
0.0088722
0.00712097
0.0107678
0.0282051
0.0383488
0.0349376
0.0288459
0.0144596
0.00887642
0.0171392
0.0174512
0.0278852
0.0215951
0.0147586
0.0145889
0.0130893
0.0184243
0.0330793
0.0214948
0.0338943
0.0116176
0.0379503
0.0206208
0.0218131
0.0129519
0.0237569
0.0268211
0.020957
0.0173663
0.00422347
0.0349775
0.00610161
0.0187176
0.0205529
0.0222298
0.0236936
0.0122909
0.0117662
0.00631312
0.0056752
0.0239339
0.012682
0.0342142
0.013871
0.0107879
0.0146412
0.0393846
0.0108928
0.016254
0.00824262
0.020679
0.00355804
0.0374625
0.0176013
0.0454685
0.0335765
0.0112571
0.0245062
0.0103412
0.0130676
0.0158371
0.00879394
0.0109265
0.05597
0.0248777
0.0249591
0.0379791
0.0443564
0.0317036
0.011479
0.0110098
0.0193689
0.0200246
0.0678817
0.0309348
0.0556405
0.0450971
0.0177537
0.0246734
0.0370306
0.0517171
0.0451033
0.0318522
0.0280703
0.00701553
0.0231845
0.00860292
0.0230936
0.0197104
0.0323674
0.0374724
0.0065997
0.032255
0.00783757
0.0223052
0.0184049
0.0145575
0.0145822
0.0132899
0.0168014
0.0276452
0.0170895
0.0331485
0.0179462
0.0204974
0.0291535
0.0204965
0.00426261
0.0417341
0.0153521
0.010524
0.00797932
0.0104791
0.0286227
0.0193625
0.0256613
0.00841548
0.00925025
0.00679522
0.0154242
0.0144282
0.0099977
0.015708
0.0232584
0.0224571
0.0108509
0.00704538
0.0250539
0.0186024
0.00676308
0.0108039
0.0134946
0.0240977
0.0126275
0.0162385
0.0135248
0.0566033
0.0107074
0.081858
0.010715
0.0211327
0.0188535
0.0359144
0.019855
0.01737
0.0215907
3.03428
0.0105669
0.0131761
0.0132947
0.0122396
0.0575121
0.0158558
0.00524179
0.0394557
0.0146803
0.00614552
0.002745
0.0291395
0.0123963
0.0241857
0.0197442
0.0258925
0.0299477
0.0100734
0.00744172
0.0124316
0.0196334
0.0103113
0.0147721
0.0162059
0.0478999
0.0103901
0.0191344
0.0244548
0.0196248
0.024514
0.0301895
0.0251206
0.019866
0.0101956
0.0146062
0.0160033
0.00216279
0.018348
0.0153949
0.029628
0.00795563
0.00258672
0.0399751
0.0283134
0.0126903
0.0774569
0.0280129
0.0231485
0.00777946
0.0160861
0.0121264
0.00654043
0.0318635
0.0107166
0.0195346
0.0106946
0.0109965
0.0188981
0.00652341
0.0113174
0.0359913
0.0149229
0.00538952
0.00922077
0.0312055
0.0132473
0.0323904
0.0212588
0.0075966
0.00741231
0.0145398
0.0227503
0.0127601
0.0197122
0.0211584
0.0312844
0.0105567
0.00588769
0.0294138
0.0207925
0.0138968
0.0181978
0.00807979
0.0103643
0.0238732
0.0197049
0.0159477
0.018063
0.0037848
0.0345747
0.0105731
0.0330389
0.0207306
0.00913437
0.0478116
0.0480958
0.0214308
0.0144141
0.00663199
0.0245587
0.00487567
0.0268174
0.0294782
0.0254578
0.0334631
0.0304454
0.0273527
0.00537966
0.00441345
0.0127084
0.0111184
0.00776118
0.0212235
0.0116314
0.00961724
0.0197029
0.0527481
0.00439041
0.0318677
0.0195997
0.0277179
0.00871745
0.0320206
0.0213
0.0477054
0.0238586
0.00988349
0.00792012
0.0142066
3.82293
0.0169806
0.00527269
0.0433901
0.00758286
0.00926028
0.024941
0.0196416
0.0314627
0.0244264
0.0114778
0.019679
0.0153914
0.0135468
0.0140263
0.0399776
0.00175021
0.00658746
0.0584567
0.00458672
0.0237789
0.00824661
0.0128083
0.0202002
0.0075143
0.032126
0.00748254
0.0113581
0.027001
0.00867797
0.0142911
0.0254605
0.0111323
0.0130355
0.0229922
0.0333613
0.024902
0.0155729
0.0093369
0.0179885
0.0208244
0.0267817
0.0111999
0.0162918
0.046006
0.0186333
0.0200359
0.00860034
0.0327148
0.0181579
0.0397532
0.0065122
0.0164674
0.0170483
0.0109117
0.0308342
0.0109917
0.003657
0.0043439
0.00879012
0.0102323
0.0186373
0.011274
0.0224601
0.0186211
0.00829051
0.0199014
0.0239984
0.0184591
0.00399431
0.0020052
0.00823487
0.00792169
0.0174292
0.0107557
0.0103703
0.03295
0.0193048
0.0347182
0.0211404
0.013804
0.0134638
0.00902761
0.00687472
0.00753448
0.0258878
0.0254212
0.0107038
0.0194167
0.0134084
0.019244
0.0274924
0.0247601
0.00626613
0.00849465
0.0574978
0.0118746
0.0111941
0.0350585
0.00954049
0.00752956
0.00627387
0.0109042
0.0180259
0.00913481
0.00603518
0.0106017
0.00423456
0.0108043
0.0203369
0.00838523
0.00898243
0.0173425
0.00325061
0.0335007
0.0243499
0.0205993
0.0286188
0.0318313
0.0223081
0.0429053
0.0163304
0.0177756
0.012547
0.0229212
0.00830472
0.0256295
0.00252826
0.0124583
0.00532958
0.0154328
0.0135186
0.0173735
0.0216797
0.0207793
0.0219674
0.0333641
0.0140453
0.00434115
0.0155459
0.0107037
0.0266356
0.0182919
0.0372549
0.0179349
0.0190606
0.0143528
0.017625
0.0120506
0.0242485
0.00134674
0.014712
0.00787553
0.0147744
0.0236576
0.0115032
0.00922934
0.0141075
0.0110065
0.0156421
0.0247845
0.0137525
0.0186259
0.012409
0.00430719
0.0202492
0.00957901
0.0170345
0.00427231
0.0153215
0.010287
0.0137561
0.00770971
0.0163336
0.0107586
0.0248346
0.00466087
0.0104295
0.0211636
0.0220039
0.00237626
0.0162523
0.0324052
0.0146754
0.0208236
0.0149447
0.00713662
0.00345185
0.02215
0.0252926
0.0223757
0.00929093
0.0104908
0.0019156
0.0142813
0.013788
0.00970449
0.021025
0.0305681
0.0118447
0.0345746
0.00968562
0.006118
0.0094651
0.0224528
0.00855227
0.0170689
0.0161947
0.0188925
0.0052708
0.00856368
0.0180489
0.018048
0.011616
0.0169403
0.0204076
0.0263652
0.00586711
0.0108385
0.00193624
0.00911632
0.00623206
0.0133115
0.0214724
0.0021025
0.0171394
0.0128828
0.0757582
0.0337252
0.00478869
0.00956666
0.0156352
0.0222707
0.010324
0.00743326
0.0202373
0.00121554
3.55056
0.0435908
0.00787817
0.0121006
0.00543154
0.0114886
0.0329655
0.0143098
0.00806913
0.0382508
0.0186226
0.00886202
0.016672
0.00719622
0.00820221
0.0175475
0.0136959
0.0280492
0.00743317
0.048358
0.019093
0.00892912
0.00873006
0.0121415
0.0144967
0.00664569
0.024633
0.0238534
0.0107136
0.0328152
0.0223889
0.00366119
0.00745354
0.0138931
0.0122855
0.0345803
0.0163849
0.0414143
0.041276
0.0157796
0.00846247
0.018179
0.0243828
0.00257612
0.0172588
0.0133041
0.0132068
0.0179523
0.0352539
0.00573032
0.0187755
0.0115045
0.00591436
0.0103514
0.00984584
0.0130504
0.013448
0.0189587
0.0143796
0.0116786
0.0185993
0.00633881
0.020836
0.0215807
0.00898972
0.0116291
0.00663539
0.00608168
0.00347809
0.00886879
0.00878909
0.0184286
0.0183235
0.023409
0.0271893
0.0453601
0.00881509
0.0132357
0.0215356
0.0195986
0.0241696
0.0186505
0.0205543
0.0213672
0.0110658
0.018334
0.0171691
0.027019
0.00597542
0.0265096
0.0226096
0.00922487
0.0263567
0.0253538
0.00701654
0.0255839
0.0107898
0.00416557
0.013968
0.0373407
0.00676799
0.0165361
0.0187276
0.017062
0.0151792
0.0206602
0.0263419
0.00899051
0.0515384
0.016659
0.0178525
0.0364905
0.00944567
0.0251139
0.0126821
0.0158122
0.0107605
0.0123791
0.0345008
0.0239044
0.0080482
0.0528267
0.0199578
0.0210343
0.0782501
0.0196474
0.00987172
0.00103143
0.0212227
0.0165047
0.00357567
0.0121615
0.0266713
0.016176
0.0367948
0.0323586
0.0417578
0.0163001
0.0122563
0.0196373
0.020176
0.0228974
0.0265072
0.0129433
0.01781
0.0436296
0.0243603
0.0172051
0.0311904
0.0338076
0.0160985
0.010457
0.0614897
0.0552237
0.0312952
0.0263131
0.0433812
0.0288939
0.00702521
0.0135417
0.0292645
0.0167216
0.0244773
0.00475897
0.0134381
0.0212959
0.0349996
0.0765149
0.0355028
0.0202155
0.0153276
0.0257374
0.011869
0.0577845
0.0298706
0.0176804
0.0275717
0.0223036
0.0104326
0.0109283
0.00736887
0.0258433
0.011835
0.00443444
0.0271497
0.0315389
0.0338252
0.025665
0.0081031
0.0205332
0.0212236
0.026603
0.0115727
0.00434903
0.0161227
0.00780366
0.0118052
0.029824
0.0137497
0.00748742
0.0184685
0.0226061
0.0113528
0.00760173
0.0116297
0.00844024
0.00969748
0.0276074
0.00910945
0.0440457
0.00964893
0.0169375
0.0193041
0.0292448
0.0226625
0.0198246
0.0111114
0.00792953
0.0203286
0.0421251
0.0073944
0.0137033
0.0231982
0.00623163
0.0280697
0.0245804
0.0253375
0.00377675
0.0126716
0.0138099
0.0341884
0.0313321
0.00927385
0.0194235
0.0204772
0.0274618
0.0183986
0.0440098
0.00909214
0.0144976
0.0435114
0.0111601
0.0172925
0.0326978
0.0221492
0.0397344
0.0360551
0.059032
0.0366874
0.016332
0.0196858
0.0226996
0.0153719
0.0116805
0.0274864
0.0594313
0.0252938
0.00539931
0.0410723
0.0146325
0.0188798
0.022721
0.0116497
0.0175853
0.0177338
0.017116
0.0198619
0.0249885
0.0178195
0.0248967
0.0392778
0.0174478
0.0121804
0.0404464
0.0193867
0.0374004
0.679637
0.0558188
0.0195039
0.017666
0.00720315
0.00316209
0.0249933
0.031152
0.0211147
0.00988266
0.0234299
0.01719
0.0166814
0.0290848
0.0286821
0.0161995
0.00999379
0.0123935
0.0205319
0.0309039
0.0402924
0.0110668
0.0269257
0.0215546
0.0175405
0.0192133
0.0153062
0.0283059
0.0143948
0.0224045
0.035317
0.0136787
0.019603
0.00734832
1.11465
0.0133228
0.0175347
0.0163704
0.0240842
0.0260103
0.00891352
0.0153015
0.0602315
0.0305698
0.0505032
0.0417623
0.0173217
0.0424908
0.0256222
0.0253418
0.0524691
0.0305734
0.0270957
0.0531601
0.00759549
0.0444722
0.0286943
0.0237603
0.0229668
0.0412512
0.022552
0.0352744
0.0342603
0.0160941
0.100204
0.0220601
0.0211206
0.00894305
0.0354246
0.0321627
0.0246105
0.0327599
0.0217266
0.00887133
0.0272378
0.023171
0.0159593
0.0165303
0.0332841
0.0353663
0.012606
0.0258481
0.0327859
0.00828068
0.0139277
0.00825061
0.0114443
0.00930623
0.00680944
0.00807603
0.0227412
0.023569
0.0262745
0.0075522
0.0118352
0.0290803
0.0231339
0.0169107
0.012272
0.0213417
0.0143124
0.0179946
0.0188878
0.00486983
0.0361549
0.00681315
0.0191168
0.00527695
0.0217549
0.016074
0.00634707
0.019887
0.0109668
0.00597263
0.00909254
0.012425
0.0116891
0.0296668
0.00905705
0.0269008
0.0247309
0.0178896
0.00795956
0.0224463
0.0133911
0.0123984
0.0166456
0.00876414
0.0232337
0.00889504
0.025517
0.0243102
0.0414875
0.0170812
0.01121
0.0184226
0.00156343
0.0158792
0.0121299
0.0131731
0.0301444
0.0261975
0.0279221
0.00822097
0.0167496
0.0552371
0.030684
0.0152637
0.024342
0.0237387
0.032643
0.0140028
0.0141
0.0243867
0.0145163
0.0131938
0.0160705
0.0141889
0.0211289
0.0271278
0.00488412
0.022498
0.0325304
0.0178165
0.0420756
0.0145691
0.0168514
0.0580691
0.0215453
0.0473243
0.0198925
0.013951
0.0275594
0.0388208
0.0131886
0.0246227
0.0307353
0.0127102
0.00948818
0.0194957
0.025708
0.0247858
0.0148235
0.0129786
1.47809
0.0269619
0.0446272
0.0263202
0.006049
0.00502489
0.0316763
0.0369484
0.0138348
0.0177706
0.0248357
0.0153589
0.0320632
0.0286773
0.0244687
0.00461929
0.0255056
0.0105231
0.00467706
0.0224791
0.0132998
0.0167879
0.0187552
0.00948405
0.0106706
0.00950747
0.0171281
0.00977136
0.0183005
0.0173341
0.00675369
0.0115237
0.0153041
0.00723391
0.0207345
0.0261396
0.0107459
0.0245886
0.0251828
0.0140425
0.0122408
0.0123349
0.0150672
0.0497049
0.0149994
0.0279966
0.0140528
0.032068
0.0295502
0.00739735
0.0158847
0.0229064
0.0154067
0.0190588
0.0213851
0.0105359
0.00725862
0.0373064
0.0273128
0.026875
0.0109148
0.0254448
0.00422712
0.0163977
0.0285839
0.0118887
0.0171464
0.0314073
0.027849
0.0245175
0.0159726
0.0243519
0.00369031
0.0192081
0.0110815
0.0148091
0.00444275
0.0108933
0.00379221
0.0187716
0.0470168
0.0179215
0.0374724
0.0131285
0.00391665
0.0241493
0.0269766
0.00731986
0.00479864
0.0146898
0.0259531
0.00784441
0.015954
0.0152266
0.0111546
0.0179456
0.00305681
0.0103051
0.017836
0.0267163
0.0159872
0.0152759
0.0292189
0.0146246
0.00934166
0.014803
0.00770712
0.00938012
0.0167257
0.0163613
0.0233129
0.0262214
0.0103415
0.0124156
0.0108481
0.0158107
0.0171406
0.00799237
0.0297972
0.0344335
0.00952685
0.0299057
0.0193446
0.0118835
0.00940451
0.0116996
0.0118698
0.00401403
0.0146529
0.0209229
0.0127506
0.0130104
0.0178904
0.00794986
0.0348377
0.00741487
0.0222079
0.00642531
0.00969078
0.015926
0.00621604
0.00990799
0.0119423
0.0334863
0.021381
0.0216738
0.00705357
0.00794756
0.0207903
0.0211565
0.032573
0.0320352
0.00385234
0.00918471
0.00141836
0.0136761
0.00509018
0.016112
0.0156445
0.020203
0.0151787
0.0125342
0.0233434
0.0125793
0.0143855
0.014971
0.0252377
0.0446305
0.0410582
0.0196639
0.00757336
0.0394385
0.014236
0.0231462
0.0511656
0.0218481
0.0171895
0.0211139
0.0260952
0.0108069
0.00732142
0.0118448
0.00694316
0.0103258
0.0186277
0.0173413
0.00549718
0.0322702
0.0162275
0.0261035
0.0257409
0.0238849
0.0143412
0.0239043
0.0209049
0.0211814
0.0120397
0.0482215
0.0391793
0.0149411
0.0198967
0.0152679
0.00785024
0.0236723
0.0125212
0.0545768
0.0214842
0.0290244
0.0262091
0.0193816
0.0109042
0.0089466
0.00466549
0.0287326
0.013658
3.07599
0.0375268
0.0177404
0.0197407
0.0179334
0.0273286
0.00504117
0.0483199
0.0155936
0.0145554
0.0314023
0.0225816
0.00680209
0.0172769
0.00963419
0.00714042
0.0297924
0.0100598
0.0188257
0.0100425
0.00876376
0.017792
0.0217945
0.0272968
0.0174165
0.0144587
0.012621
0.0176168
0.0136158
0.00620527
0.0162623
0.00938804
0.0090006
0.0147971
0.0209011
0.0094385
0.0071699
0.0168393
0.0131375
0.0175527
0.0175934
0.0111724
0.00874224
0.00704804
0.0112025
0.0134311
0.00791157
0.0108824
0.00284744
0.0112312
0.00812302
0.00522388
0.00366163
0.00443165
0.0109754
0.00798386
0.0245498
0.0116957
0.0152518
0.00483547
0.00902781
0.0176354
0.00589715
0.0235969
0.00857078
0.0626462
0.0271377
0.00634209
0.0147028
0.0206455
0.0178194
0.0190291
0.00250009
0.0250159
0.0123539
0.011163
0.0187408
0.00590171
0.00886438
0.011721
0.0038088
0.0124466
0.0127557
0.00491001
0.0183091
0.0174727
0.015797
0.0154826
0.0232618
0.00480778
0.0239678
0.0218879
0.0414988
0.00574877
0.0105871
0.0464107
0.0154314
0.0193064
0.0127306
0.0107663
0.00458571
0.00640062
0.0141897
0.0135493
0.042479
0.0496146
0.00800502
0.00887416
0.00884329
0.0104726
0.0256025
0.01011
0.0151555
0.00798106
0.0196737
0.0155046
0.018883
0.0119043
0.0171866
0.0382907
0.0146925
0.00901557
0.0109309
0.0152065
0.0133501
0.0120892
0.023073
0.00913432
0.00889482
0.00983021
0.0152705
0.00315077
0.00484127
0.0277507
0.00484604
0.0117367
0.0193729
0.0128647
0.017488
0.0202304
0.00451216
0.00725564
0.01076
0.00896382
0.00170978
0.0269631
0.0211133
0.030971
0.0211617
0.0279437
0.0159234
0.0163214
0.0117281
0.00897226
0.017077
0.012766
0.00956578
0.0132388
0.00848603
0.00262077
0.0122137
0.00533824
0.0278102
0.0138671
0.0121057
0.00624013
0.00678681
0.0140297
0.0118003
0.0113665
0.0101799
0.0187085
0.00443322
0.0177989
0.0188695
0.0184275
0.0135911
0.00984373
0.0184097
0.0166144
0.0267777
0.00847822
0.0258736
0.00587307
0.0123361
0.00744283
0.00623615
0.00912116
0.0136188
0.0140839
0.0249379
0.0227503
0.0229689
0.00959181
0.006284
0.0208559
0.0185127
0.0114184
0.0113695
0.019375
0.0359712
0.0164241
0.016574
0.0172429
0.0171391
0.0137159
0.0178725
0.00970961
0.0241078
0.00676081
0.0112282
0.00638557
0.0162165
0.0130234
0.0184793
0.0316146
0.0211946
0.0114165
0.0233236
0.014539
0.0153923
0.0105201
0.0303045
0.00869316
0.019713
0.0214181
0.034737
0.0159423
0.0134701
0.0100616
0.00823727
0.00785048
0.00999576
0.0153536
0.0177677
0.0167715
0.0111733
0.00433151
0.00983271
0.0147535
0.0462098
0.0373558
0.0435034
0.0283179
0.0462611
0.0306847
0.0157489
0.0176007
0.0157861
0.0259471
0.015839
0.0124649
0.0329711
0.0200432
0.0143355
0.00982329
0.0072926
0.0170904
0.00482045
0.019453
0.0486819
0.034949
0.0238116
0.0183546
0.0252042
0.0264922
0.015466
0.00849596
0.0141032
0.0538837
0.0228059
0.0119244
0.0268601
0.0106665
0.0339986
0.00481096
0.0431283
0.018213
0.0128391
0.00881961
0.0207575
0.00461413
0.0203237
0.00624228
0.0229258
0.0186952
0.042576
0.0210603
0.0446934
0.0376139
0.0264168
0.00906446
0.0126242
0.0256211
0.00562627
0.0201414
0.0108345
0.00572054
0.0254414
0.00834215
0.0263743
0.0210676
0.021135
0.0150186
0.00182273
0.0171779
0.0225651
0.0149555
0.0216189
0.020823
0.0130664
0.00591079
0.0254506
0.011154
0.00939768
0.0345349
0.00776036
0.0172676
0.0180026
0.0328413
0.00813737
0.0239849
0.00992527
0.014264
0.00407514
0.0188969
0.0219093
0.0214998
0.0267722
0.0224207
0.0133941
0.0230177
0.0282141
0.0131948
0.0376331
0.00575547
0.0347793
0.0294861
0.0332557
0.0328298
0.011797
0.0316865
0.0169761
0.00796675
0.0145084
0.0276752
0.00943583
0.0176597
0.0350085
0.0137145
0.022348
0.0211173
0.0571086
0.0318811
0.028914
0.0421901
0.0365673
0.035743
0.0435337
0.0646969
0.0373344
0.0428361
0.0197654
0.0262685
0.0305688
0.053778
0.0463425
0.0208213
0.0152901
0.0244137
0.0201579
0.0200133
0.0108232
0.0223175
0.0242727
0.0356935
0.0361998
0.0243199
0.013078
0.0302202
0.0228098
0.0260806
0.025615
0.0150549
0.0310545
0.0243745
0.0121349
0.00705401
0.0310168
0.0347674
0.0343358
0.0232943
0.0264079
0.0273716
0.0397937
0.0230239
0.0210704
0.0411111
0.0214037
0.0148026
0.013954
0.0268
0.0144733
0.0349594
0.0496244
0.027238
0.0339461
0.0211495
0.011909
0.0160885
0.0218199
0.0121097
0.0314268
0.021196
0.0109301
0.0194605
0.0202487
0.0190901
0.0196256
0.021471
0.0264405
0.0187437
0.014154
0.0477553
0.0220458
0.0350035
0.0142109
0.0096807
0.0126183
0.0160094
0.0130319
0.0519578
0.0398182
0.0213025
0.0318701
0.0210403
0.012148
0.0263647
0.0130663
0.0358694
0.0168991
0.0169246
0.0225926
0.0493517
0.0367499
0.0144855
0.0318683
0.0537715
0.0211068
0.0438133
0.0258977
0.0327991
0.0251153
0.00899991
0.0434309
0.0114951
0.00814983
0.0234414
0.0151218
0.0335346
0.0197216
0.00840714
0.00477853
0.0256764
0.0146087
0.0102198
0.0168942
0.00840243
0.00822882
0.0104092
0.0134495
0.0131673
0.0165237
0.0296436
0.0202589
0.018075
0.0149722
0.0148504
0.00911838
0.02532
0.0116851
0.020296
0.00858755
0.0187157
0.0330033
0.00924375
0.0135799
0.0110593
0.0112886
0.0366009
0.0106737
0.0199766
0.0101196
0.00934843
0.0044458
0.0189991
0.00729371
0.0206554
0.0146528
0.0177359
0.00231147
0.0197907
0.0146762
1.15046
0.0348436
0.00379777
0.0215404
0.0087313
0.0446667
0.0266445
0.0252531
0.00437919
0.00428857
0.0184754
0.021279
0.0240878
0.0288722
0.0148453
0.0395796
0.0355816
0.0103368
0.00773375
0.0292226
0.00776369
0.0103181
0.00944764
0.00726784
0.0156409
0.0302844
0.0165927
0.0184165
0.0228827
0.0184398
0.00372801
0.015723
0.0271709
0.0144791
0.0181305
0.00808934
0.0260212
0.0295371
0.0177351
0.0249234
0.0384221
0.0361633
0.00722036
0.0170488
0.010329
0.0201984
0.0314332
0.00740511
0.0197256
0.0303525
0.0260998
0.0125583
0.0238613
0.0142024
0.0125625
0.00806962
0.0135361
0.016368
0.020118
0.00835336
0.00215708
0.00470468
0.0218013
0.016256
0.00547682
0.0256788
0.024582
0.0125839
0.0136053
0.0127613
0.0348534
0.0116043
0.00924435
0.0210344
0.0263945
0.0172017
0.0184919
0.0450379
0.00840994
0.0499347
0.0171724
0.0237696
0.0266285
0.0108609
2.32609
0.0102939
0.0140669
0.0093846
0.0107288
0.0116212
0.0285662
0.0121428
0.0129287
0.0124923
0.0170726
0.00586598
0.0478716
0.00361665
0.0103752
0.00894326
0.00305689
0.0139771
0.0163019
0.0263548
0.0268738
0.055495
0.0235547
0.00975072
0.00980284
0.00988459
0.0223838
0.0156536
0.0118284
0.0225721
0.0210112
0.0131366
0.0186409
0.0489676
0.0103255
0.0273707
0.00980164
0.0178427
0.0230514
0.00705254
0.038092
0.0302427
0.0117975
0.0329643
0.0368563
0.022857
0.024904
0.0117512
0.0580716
0.0168323
0.0247811
0.0363929
0.0505539
0.0239095
0.0200021
0.0101422
0.0407304
0.00791824
0.0203189
0.0100513
0.0124637
0.0166275
0.0102113
0.0157651
0.0129512
0.00256524
0.0172022
0.0214706
0.0105336
0.029424
0.0160719
0.0120556
0.0121228
0.01976
0.0179862
0.0228703
0.0256657
0.0103074
0.0162875
0.0299074
0.00645788
0.0123243
0.0278643
0.0423149
0.0107681
0.0103554
0.0188854
0.0122317
0.00964217
0.036489
0.0215526
0.0177105
0.0288889
0.0302843
0.0101263
0.0333917
0.00997596
0.00641621
0.0323227
0.0277233
0.0153284
0.0108593
0.00372256
0.0481648
0.0311177
0.0203744
0.008791
0.0172529
0.0222004
0.0123969
0.0237043
0.00984954
0.0207736
0.0250903
0.0140131
0.0295673
0.00675954
0.0285888
0.013891
0.0145261
0.00347628
0.00795247
0.0157919
0.0149684
0.00510119
0.0276365
0.0246432
0.0140798
0.0306946
0.0042265
0.0316336
0.0110736
0.0367149
0.0204054
0.0134217
0.0117563
0.0084737
0.0134652
0.0366113
0.0144996
0.0369049
0.00496249
0.0276026
0.0173468
0.0167392
0.020759
0.0222835
0.0509553
0.0370342
0.00610893
0.00784598
0.0162993
0.00434271
0.0114388
0.0214221
0.0167571
0.0188397
0.0128358
0.00856621
0.00773232
0.00485563
0.0032475
0.0329677
0.0214371
0.00685786
0.0248397
0.0065594
0.0198576
0.0109412
0.00522116
0.0287378
0.0149404
0.0118625
0.0254514
0.0180031
0.0529757
0.0249051
0.0161784
0.0365932
0.0235851
0.0324323
0.0142309
0.00798208
0.0167785
0.0328504
0.0336866
0.0151583
0.0155661
0.00298629
0.0135784
0.0231282
3.00298
0.0294474
0.0237431
0.0393911
0.00822447
0.0154049
0.0153348
2.28133
0.0139404
0.00418533
0.0111964
0.00638999
0.0217301
0.0144823
0.0119073
0.0137209
0.00848055
0.0217715
0.00706238
0.0330558
0.0285309
0.00726662
0.0164272
0.0110351
0.00673936
0.0182026
0.00976359
0.0115623
0.0158873
0.00619385
0.0197108
0.00887853
0.00768373
0.00467208
0.0102016
0.00943769
0.0218364
0.0254171
0.00763418
0.0273585
0.0170718
0.0214168
0.00733405
0.00693131
0.00770089
0.0151561
0.0130379
0.0128563
0.00788779
0.0140029
0.00514257
0.0124433
0.0136742
0.0279904
0.00569367
0.0179481
0.012374
0.0170534
0.0164654
0.0216187
0.0411038
0.0111995
0.00854903
0.0116864
0.0145534
0.0033585
0.0279366
0.0113632
0.00377383
0.00589702
0.00614543
0.015663
0.0234874
0.0471062
0.0101959
0.00612626
0.031076
0.0133013
0.0122141
0.0207039
0.0186237
0.00800633
0.0269841
0.0251593
0.00695387
0.0122413
0.0298994
0.0185889
0.00732306
0.013722
0.00528316
0.0107902
0.0180974
0.00547632
0.030294
0.0230646
0.00224388
0.0201021
0.0229555
0.00827761
0.0150178
0.0343454
0.0167927
0.0257288
0.0269698
0.025713
0.0308618
0.0239642
0.0259047
0.0288141
0.030148
0.0390229
0.0181545
0.0149203
0.0164561
0.0144333
3.13555
0.0146021
0.0232877
0.0218956
0.00729798
0.0166842
4.0728
0.0237255
0.00794807
0.0210321
0.0053451
0.0189077
0.0185453
0.0160953
0.00433541
0.0109735
0.0118675
0.0106462
0.0166834
0.00715546
0.0138968
0.00269876
0.00807553
0.0125309
0.014066
0.00975688
0.0239481
0.00695228
0.0137293
0.0476132
0.00576804
0.0509298
0.0245294
0.0165099
0.0131208
0.0019124
0.019643
0.0226321
