0.649873
0.0458993
0.109023
0.0271467
0.146927
0.14981
0.109147
0.185817
0.417693
0.171911
0.0651148
0.0381442
0.0806904
0.0419952
0.0353227
0.128844
0.185519
0.149251
0.0974845
0.087205
0.0964375
0.0594623
0.114234
0.0599269
0.182563
0.025862
0.0859852
0.0866945
0.0706337
0.0687035
0.0326975
0.0781389
0.0508168
0.0929713
0.276141
0.150982
0.31595
0.266812
0.467548
0.142422
0.209531
0.0680261
0.0724791
0.117494
0.207402
0.0487171
0.0846208
0.0944872
0.108567
0.167036
0.522253
0.226962
0.16101
0.132271
0.0787776
0.0872841
0.211309
0.133257
0.209429
0.0481863
0.107613
0.121693
0.0833393
0.149584
0.0261958
0.103055
0.110837
0.0821279
0.166821
0.104129
0.184014
0.149503
0.11813
0.133622
0.160176
0.102823
0.0592781
0.0643547
0.242941
0.133076
0.0424048
0.0109997
0.0486093
0.105158
0.252341
0.11658
0.129295
0.130508
0.130587
0.0245154
0.146725
0.0842057
0.0803659
0.135973
0.0486683
0.214637
0.191947
0.145887
0.0629751
0.219419
0.0855549
0.0728984
0.166833
0.480799
0.100255
0.0557539
0.0534162
0.0894419
0.0811727
0.0786732
0.200518
0.14845
0.0297463
0.0653215
0.09947
0.114501
0.145303
0.0399249
0.058164
0.14898
0.0971309
0.0361551
0.0996275
0.0872244
0.155656
0.0452202
0.135141
0.0823263
0.121517
0.0602936
0.00854812
0.231196
0.723349
0.138478
0.144085
0.153227
0.233002
0.0842526
0.0440574
0.0881703
0.0766586
0.0461764
0.0619462
0.0247018
0.0740362
0.145222
0.115289
0.186173
0.10449
0.135511
0.116757
0.105982
0.0638611
0.153124
0.0815202
0.118705
0.11423
0.164098
0.0190645
0.104856
0.0288648
0.237383
0.128636
0.126602
0.261923
0.118149
0.110933
0.0905909
0.0705396
0.064031
0.191933
0.101397
0.0853258
0.150619
0.0620664
0.102292
0.0885204
0.0536327
0.0894705
0.116425
0.094229
0.10437
0.159201
0.143054
0.132086
0.0639946
0.167524
0.163877
0.148104
0.193281
0.0323055
0.013007
0.135357
0.0598427
0.0972393
0.0356054
0.0239408
0.0524249
0.0284098
0.0645588
0.140354
0.137936
0.0704001
0.135682
0.0267997
0.140908
0.0850962
0.0817362
0.116683
0.0087036
0.0597665
0.150078
0.135518
0.227324
0.153146
0.134917
0.216067
0.0976216
0.0129452
0.0557698
0.158484
0.014141
0.269366
0.0793086
0.117677
0.0339334
0.194914
0.15745
0.103258
0.0800485
0.0895913
0.10855
0.0350752
0.118558
0.0305953
0.160009
0.0491926
0.18206
0.100992
0.0375465
0.180984
0.133819
0.168941
0.111747
0.0244812
0.141939
0.085444
0.0647512
0.0777809
0.118697
0.282601
0.0589817
0.0701925
0.0486774
0.063356
0.0779429
0.100498
0.16108
0.135267
0.084667
0.0188364
0.0728135
0.12792
0.0510015
0.0761393
0.152242
0.0879494
0.0645501
0.136121
0.0193279
0.12846
0.0116744
0.109452
0.200198
0.23232
0.016736
0.210304
0.061146
0.560343
0.169336
0.0124049
0.098795
0.0547376
0.104727
0.0747962
0.0995384
0.196079
0.036466
0.0981985
0.134145
0.0488229
0.058294
0.132739
0.0630297
0.0433751
0.198534
0.0580979
0.0388361
0.0153001
0.139357
0.0892338
0.100165
0.116357
0.0715822
0.0973483
0.0704291
0.0540299
0.0759987
0.0285657
0.095672
0.031916
0.137784
0.285445
0.0513292
0.115802
0.129709
0.145908
0.0414191
0.186589
0.0820426
0.147388
0.0965912
0.183543
0.0582768
0.128019
0.0160368
0.0521944
0.276676
0.0741224
0.128135
0.0207413
0.188857
0.0601506
0.0875177
0.0160979
0.0727051
0.0867082
0.0480817
0.260085
0.0296013
0.111561
0.124771
0.110893
0.0371869
0.0993376
0.232858
0.0322777
0.0834042
0.232393
0.0499595
0.0420056
0.083506
0.0104519
0.116247
0.06401
0.121584
0.114963
0.0481656
0.0401396
0.0596611
0.229525
0.0546135
0.152023
0.0445729
0.055244
0.113968
0.105208
0.145414
0.18192
0.123432
0.0255539
0.0331288
0.123515
0.0615221
0.108678
0.172267
0.0433816
0.123834
0.0700734
0.126606
0.0443116
0.0248951
0.0224881
0.0845833
0.155809
0.202165
0.136679
0.121782
0.0409141
0.089465
0.19719
0.0784328
0.0726469
0.0253961
0.104139
0.149138
0.13177
0.0913563
0.142445
0.0984167
0.054097
0.123193
0.190284
0.0629332
0.0578918
0.171785
0.0959406
0.0585534
0.138257
0.129014
0.021588
0.0237823
0.160123
0.074792
0.129068
0.0595438
0.0760157
0.0768493
0.0712198
0.120358
0.137744
0.0347725
0.00938404
0.0827974
0.0416687
0.021564
0.116083
0.177629
0.067536
0.234291
0.0355138
0.0431192
0.187275
0.0401736
0.12968
0.0429709
0.0575197
0.171127
0.168259
0.0203135
0.0752865
0.0948766
0.0331531
0.0804233
0.148621
0.051329
0.168906
0.0385311
0.104814
0.182301
0.162837
0.0631366
0.0905111
0.163579
0.116526
0.0845392
0.125863
0.0759488
0.0857627
0.0705729
0.0297192
0.021297
0.0490549
0.107175
0.112746
0.061716
0.0569193
0.149559
0.0942967
0.0759426
0.103127
0.0469871
0.0763519
0.0499155
0.163078
0.131978
0.143594
0.0860426
0.0693984
0.0520137
0.0873785
0.1991
0.0676676
0.169404
0.230376
0.0947773
0.0440896
0.0619567
0.165263
0.0786633
0.0761649
0.0548003
0.197696
0.0796645
0.0154409
0.121898
0.0374899
0.17142
0.120725
0.0287987
0.0352138
0.0675168
0.0921744
0.13218
0.0509506
0.108607
0.167068
0.159775
0.0620747
0.0987418
0.0256584
0.208993
0.0422331
0.119222
0.0592784
0.0911273
0.0673864
0.12899
0.0436167
0.0831729
0.0595634
0.0771973
0.0938124
0.19654
0.131564
0.0370881
0.184054
0.0847507
0.147313
0.0255915
0.0626438
0.0246546
0.0948264
0.0698839
0.0754427
0.178826
0.0912068
0.181348
0.0981707
0.0942441
0.162785
0.0635927
0.0477159
0.070035
0.12172
0.0638676
0.195689
0.0347406
0.170481
0.117147
0.171167
0.0703901
0.0744087
0.056191
0.180753
0.0460632
0.0837771
0.0736756
0.0798256
0.011534
0.0508532
0.0878125
0.0117355
0.116923
0.122044
0.0683145
0.120619
0.130922
0.11755
0.170693
0.0949166
0.0788208
0.134257
0.0940406
0.123874
0.208893
0.0549824
0.13091
0.13267
0.0672127
0.136079
0.121625
0.105367
0.119911
0.164492
0.0185678
0.0739226
0.03701
0.0764741
0.175667
0.198626
0.0187592
0.149065
0.131241
0.0440834
0.223005
0.0708579
0.183396
0.0711337
0.00898492
0.0788178
0.0468142
0.025939
0.15511
0.0607961
0.0455916
0.192529
0.0141192
0.0418332
0.0343593
0.146265
0.106989
0.0295781
0.172044
0.177231
0.182963
0.0838518
0.204225
0.0995262
0.154331
0.078211
0.135206
0.146952
0.0866609
0.251173
0.160846
0.0725883
0.216125
0.0558789
0.16317
0.167023
0.095876
0.0462499
0.171295
0.168449
0.0425666
0.0939712
0.103713
0.12393
0.212449
0.0352639
0.100148
0.0815365
0.033299
0.120441
0.134857
0.0236869
0.0358065
0.126244
0.0675889
0.141203
0.174869
0.113857
0.272288
0.184225
0.151742
0.0270944
0.128114
0.0636885
0.0270856
0.121013
0.143203
0.177372
0.0761877
0.10129
0.160646
0.00766116
0.0977594
0.0584329
0.211464
0.0741846
0.080825
0.125695
0.0524512
0.141725
0.0683527
0.139473
0.0753099
0.06926
0.0893309
0.0870039
0.0834201
0.0822932
0.0303306
0.0957848
0.147673
0.0856187
0.183265
0.0786096
0.0458409
0.152324
0.105022
0.0921292
0.0966288
0.187616
0.053779
0.0981192
0.090651
0.0972309
0.0742031
0.127095
0.13717
0.119417
0.051601
0.0969188
0.0864126
0.0553119
0.0772392
0.170485
0.104628
0.0418742
0.0944871
0.0994297
0.0607644
0.130926
0.0577879
0.112054
0.151643
0.0867821
0.137718
0.0589906
0.280127
0.0814082
0.107236
0.0101698
0.0709055
0.0883143
0.213037
0.0868118
0.0785712
0.0467661
0.0893149
0.0567361
0.109108
0.135755
0.0732045
0.0296564
0.0552093
0.07857
0.0592995
0.0355119
0.024919
0.198671
0.0597646
0.040977
0.0979405
0.0955621
0.0349705
0.122378
0.0748786
0.0921216
0.0983712
0.0727609
0.0728884
0.0762938
0.139171
0.0854351
0.0466928
0.0295861
0.230685
0.0901962
0.113389
0.103931
0.0536729
0.201427
0.0922587
0.120836
0.0967867
0.14987
0.130324
0.0212306
0.115943
0.142816
0.0392791
0.203219
0.00388886
0.0359047
0.111394
0.1925
0.115469
0.150831
0.166457
0.106077
0.0165099
0.0436686
0.0699447
0.235754
0.019435
0.134553
0.0724083
0.0406591
0.118844
0.0610379
0.0908012
0.163207
0.0542158
0.0269174
0.118117
0.0851532
0.0345997
0.133537
0.0883388
0.189531
0.0188428
0.0650884
0.128536
0.13108
0.0648794
0.177885
0.103528
0.0550018
0.178839
0.0492636
0.0249008
0.133523
0.0659445
0.139917
0.0732196
0.10609
0.165185
0.166902
0.0805513
0.169489
0.137998
0.135067
0.0844795
0.204233
0.165071
0.210217
0.132187
0.114456
0.110196
0.105949
0.0251163
0.133276
0.102643
0.12665
0.0623338
0.121563
0.0817929
0.0921406
0.0913746
0.0792985
0.0498374
0.121013
0.156208
0.137608
0.077693
0.0647617
0.0419285
0.0704593
0.0252211
0.0695947
0.239835
0.0835715
0.122587
0.0904177
0.0538681
0.101417
0.0922443
0.0362359
0.125451
0.105678
0.173718
0.116697
0.0645577
0.208745
0.0859743
0.139758
0.101466
0.0912921
0.127338
0.038395
0.143798
0.16196
0.167754
0.15897
0.114447
0.0972856
0.0739922
0.196271
0.15691
0.132275
0.112606
0.0436957
0.159792
0.191335
0.0395606
0.0946877
0.0556068
0.170373
0.241042
0.0600621
0.0705747
0.0414102
0.0774367
0.0981281
0.130848
0.106081
0.145907
0.112133
0.0656958
0.0620187
0.153847
0.0190456
0.0134569
0.148004
0.0415947
0.0919231
0.203629
0.050386
0.179149
0.0109013
0.126985
0.127266
0.10008
0.178572
0.174612
0.0713172
0.113227
0.0499612
0.0630859
0.113106
0.0514168
0.271675
0.0270238
0.0410787
0.107528
0.0633517
0.0274227
0.0799847
0.0641927
0.119122
0.0709037
0.0921623
0.100793
0.250123
0.0262308
0.141526
0.0605259
0.0791104
0.0969019
0.131317
0.0285415
0.047429
0.0830164
0.155278
0.135558
0.0770408
0.109254
0.158948
0.161999
0.0248886
0.00301745
0.177493
0.118452
0.202296
0.128512
0.0495004
0.099363
0.120326
0.0926551
0.143933
0.177069
0.0840038
0.0879234
0.0299114
0.078901
0.0945595
0.0308426
0.139397
0.00911006
0.159247
0.055036
0.12316
0.10414
0.0476592
0.134159
0.0680858
0.0403423
0.0437384
0.0678439
0.194013
0.178476
0.0582792
0.200032
0.145667
0.171437
0.0557068
0.266395
0.0709812
0.0776179
0.0811399
0.164945
0.218817
0.123994
0.0366038
0.0754001
0.0810095
0.0862866
0.134984
0.091411
0.133102
0.157849
0.0754055
0.0708979
0.132939
0.0646429
0.095934
0.0649353
0.0585924
0.0713277
0.0742319
0.0359515
0.0611333
0.0814868
0.0634426
0.0497709
0.135669
0.0765506
0.096163
0.121217
0.131631
0.0751306
0.106341
0.0474869
0.0915347
0.0755453
0.0643154
0.0910774
0.0484362
0.0375229
0.116138
0.0379439
0.0210032
0.00468067
0.0564462
0.0337153
0.108777
0.211167
0.101599
0.0380994
0.130753
0.0113992
0.200426
0.106947
0.136678
0.167439
0.0670475
0.186174
0.138019
0.0422261
0.124057
0.0207376
0.0822478
0.0897019
0.0788911
0.0335517
0.0631107
0.048056
0.0640034
0.0998364
0.0527383
0.087312
0.110404
0.105959
0.0710677
0.160716
0.122299
0.17755
0.0779628
0.100439
0.0546414
0.0221987
0.0995647
0.0999706
0.173027
0.0762328
0.0970636
0.140915
0.0581828
0.0924976
0.26585
0.0402608
0.0711916
0.040131
0.0580998
0.154985
0.133002
0.0938779
0.0984948
0.112465
0.011583
0.0509194
0.0893911
0.0337598
0.0582808
0.0891535
0.164379
0.0943405
0.102264
0.0486603
0.132831
0.0556151
0.0404258
0.0974959
0.0934335
0.130802
0.0795268
0.0462545
0.188526
0.0808964
0.0149685
0.0552303
0.0849245
0.0951561
0.046747
0.103571
0.0575102
0.108837
0.14226
0.0874295
0.212489
0.138908
0.112216
0.210992
0.122441
0.16661
0.060348
0.194858
0.136402
0.0800857
0.1106
0.115534
0.0870717
0.0679386
0.107983
0.0776355
0.0684123
0.0775689
0.0466994
0.160736
0.0823456
0.0481703
0.0427164
0.118674
0.0532215
0.102458
0.0932164
0.110668
0.0842934
0.0816307
0.131737
0.123773
0.0497865
0.118982
0.0880697
0.0765167
0.0208364
0.174698
0.147255
0.105254
0.183374
0.0945636
0.0292692
0.14662
0.0932427
0.0884639
0.121193
0.0320021
0.12921
0.0844429
0.151454
0.1519
0.0947969
0.031341
0.0106264
0.111964
0.033189
0.121596
0.178329
0.101502
0.0918121
0.159188
0.140853
0.15887
0.112345
0.17718
0.193205
0.0116085
0.0456467
0.0451638
0.148342
0.0813508
0.0786983
0.0236396
0.0816373
0.0977078
0.16282
0.0824723
0.0832409
0.183114
0.0262479
0.134582
0.0524909
0.109049
0.0974392
0.127758
0.0924159
0.117097
0.0916104
0.123316
0.261626
0.0429348
0.238162
0.143474
0.137821
0.133042
0.0506384
0.153629
0.0830369
0.0844442
0.0622035
0.032411
0.205371
0.20588
0.0510103
0.104197
0.125976
0.0895084
0.0342478
0.0947499
0.0938604
0.10901
0.0470123
0.153757
0.124468
0.0993396
0.083367
0.0515189
0.0466136
0.10223
0.0620286
0.113213
0.15773
0.180926
0.11377
0.00551695
0.0283868
0.155355
0.0424362
0.0879585
0.149826
0.0656378
0.10862
0.112072
0.0136147
0.161029
0.0685245
0.163234
0.117802
0.0815827
0.0858055
0.04729
0.130836
0.099817
0.0943042
0.0737342
0.101006
0.0653302
0.157745
0.037572
0.122613
0.100238
0.151451
0.0403787
0.194664
0.0622694
0.0279108
0.0978579
0.119769
0.0653946
0.18751
0.116897
0.126611
0.0490023
0.196291
0.0846772
0.0492654
0.0903369
0.0439982
0.0386188
0.0488251
0.0329059
0.0819116
0.111306
0.138244
0.103022
0.191789
0.20256
0.152675
0.107159
0.0793368
0.103023
0.060633
0.0921564
0.0348683
0.0937859
0.0982025
0.161423
0.123266
0.193692
0.0677493
0.112691
0.130755
0.117789
0.0667105
0.0530546
0.0382079
0.123039
0.202443
0.108935
0.0843045
0.0559617
0.162245
0.24674
0.185799
0.14178
0.0922503
0.0847436
0.134244
0.125135
0.1908
0.0386791
0.0734384
0.0317888
0.0803175
0.0270989
0.0397766
0.0499914
0.100893
0.0855302
0.063887
0.101297
0.0399526
0.0576536
0.0627491
0.0879387
0.193414
0.0638251
0.0798428
0.0752687
0.163677
0.105871
0.0763106
0.0690276
0.0780108
0.0505367
0.0331171
0.175755
0.285007
0.096108
0.204769
0.0969821
0.062068
0.0427758
0.0782796
0.061906
0.162782
0.119326
0.0276233
0.132635
0.163743
0.0885341
0.0156922
0.0456669
0.120076
0.137752
0.0433389
0.122287
0.0265033
0.0985953
0.0922245
0.0447525
0.0982571
0.0832294
0.0337457
0.0688125
0.17392
0.146957
0.017676
0.0826036
0.142458
0.039637
0.0783385
0.0414167
0.0667764
0.156435
0.078391
0.0764279
0.0924234
0.0724824
0.133801
0.0416304
0.194963
0.0844504
0.0761907
0.0988324
0.0285091
0.0356031
0.110932
0.114398
0.159534
0.0828453
0.0814145
0.103866
0.0437712
0.11208
0.0406495
0.0551847
0.0689491
0.0507341
0.0988816
0.0669443
0.0293366
0.080624
0.121912
0.0434155
0.0768132
0.127444
0.126089
0.0269403
0.116652
0.114252
0.132942
0.0891789
0.069817
0.109613
0.0608561
0.203685
0.102114
0.158509
0.051624
0.164637
0.0641704
0.0243452
0.0909319
0.0834039
0.211046
0.104176
0.0968855
0.0162788
0.0481367
0.168666
0.164177
0.0744837
0.167125
0.0645382
0.150716
0.105257
0.0107875
0.251411
0.0284633
0.162294
0.0669535
0.178067
0.0364984
0.0381956
0.125306
0.111873
0.0497953
0.103806
0.168844
0.0837293
0.134425
0.095479
0.0622674
0.114851
0.0852836
0.124475
0.0727236
0.153774
0.250265
0.14703
0.188588
0.0428235
0.0459666
0.14223
0.196677
0.0769324
0.0503814
0.0973289
0.0153548
0.138321
0.200655
0.0769935
0.141793
0.0643473
0.108948
0.141102
0.0931645
0.0790411
0.112109
0.0535398
0.0928851
0.0884029
0.124234
0.185254
0.178951
0.123805
0.134561
0.0497412
0.148347
0.0196454
0.0894694
0.111195
0.135831
0.0710791
0.180179
0.0517427
0.0565372
0.0728129
0.0427226
0.0909786
0.0995856
0.0584821
0.0844086
0.0522454
0.0756408
0.115142
0.071848
0.0297643
0.0459512
0.119654
0.0718059
0.0599543
0.169144
0.0714018
0.0783732
0.156535
0.165868
0.183532
0.122856
0.0802984
0.0430928
0.121496
0.0744665
0.143251
0.0301505
0.0583256
0.0706169
0.0869492
0.233304
0.0268954
0.123659
0.112233
0.0492106
0.059178
0.0680922
0.133575
0.0370824
0.0526118
0.100304
0.118881
0.211426
0.0698096
0.0411576
0.040545
0.0187908
0.0308548
0.180175
0.0593331
0.0572796
0.137397
0.132634
0.131038
0.0145261
0.074436
0.110424
0.0269166
0.0578316
0.131891
0.0292553
0.0409715
0.08596
0.100858
0.214806
0.157679
0.0175156
0.0892658
0.160129
0.0516794
0.131324
0.140323
0.230771
0.142257
0.0562361
0.14996
0.0691573
0.104792
0.0477326
0.133454
0.0519799
0.158237
0.114505
0.166608
0.0870823
0.0116062
0.143348
0.119212
0.169584
0.0766951
0.197126
0.268936
0.132939
0.0907799
0.178945
0.148031
0.0402527
0.114698
0.0857169
0.0251261
0.0428922
0.0747547
0.106306
0.0612318
0.0522908
0.0532478
0.124292
0.0969851
0.213148
0.104855
0.201834
0.0355213
0.0756446
0.190378
0.135365
0.116158
0.0575571
0.0304431
0.193004
0.0444955
0.0937561
0.137224
0.0544539
0.149017
0.17389
0.102307
0.0350107
0.0930672
0.0944348
0.143995
0.080091
0.0563601
0.0216323
0.107563
0.0835003
0.129817
0.059576
0.165845
0.134148
0.0325292
0.127402
0.136041
0.138721
0.179646
0.142975
0.086288
0.254381
0.0861983
0.117279
0.112342
0.143223
0.155281
0.105902
0.181842
0.104743
0.160071
0.181817
0.126065
0.0938691
0.16074
0.107305
0.235769
0.0487253
0.101744
0.155301
0.229972
0.0643105
0.115164
0.122436
0.192049
0.0724062
0.00434545
0.0609378
0.0663005
0.101597
0.0318003
0.0960691
0.0934813
0.0993238
0.0303757
0.0311424
0.0590616
0.0478013
0.072436
0.0602401
0.0715576
0.0883042
0.175995
0.0482278
0.171643
0.0595464
0.182996
0.141071
0.0841532
0.131964
0.0627286
0.0864788
0.181792
0.0594332
0.157182
0.121501
0.129669
0.120282
0.121542
0.131679
0.0848503
0.0708328
0.119998
0.164794
0.0772693
0.111532
0.0687162
0.158491
0.0905497
0.164575
0.0906608
0.0738913
0.198811
0.0651897
0.191787
0.0976353
0.093435
0.164019
0.18039
0.0806231
0.10696
0.0938205
0.0640128
0.0282352
0.123427
0.0363215
0.105729
0.122134
0.13413
0.0329179
0.205561
0.181685
0.0204149
0.122642
0.14208
0.156629
0.207011
0.210773
0.0217068
0.17917
0.112076
0.0750919
0.0682226
0.108897
0.0685776
0.123066
0.107379
0.123245
0.0901322
0.146533
0.141847
0.0149966
0.013321
0.102904
0.0547074
0.109427
0.0531357
0.0627382
0.121532
0.0560327
0.10402
0.076199
0.0975404
0.0230538
0.115371
0.0614059
0.0358742
0.100775
0.0763875
0.180391
0.135553
0.136541
0.0651561
0.119155
0.176177
0.225268
0.0461892
0.123375
0.0865348
0.0377988
0.11754
0.0689531
0.115659
0.124572
0.0690516
0.0515539
0.112568
0.117396
0.0454815
0.205453
0.107865
0.116977
0.0851402
0.0323579
0.0795606
0.088735
0.020718
0.127882
0.114587
0.0377193
0.060842
0.178127
0.138639
0.13772
0.0663113
0.0963822
0.0866933
0.0421345
0.198787
0.0969893
0.108943
0.0981276
0.122221
0.12851
0.121765
0.123856
0.16931
0.132031
0.112376
0.0964389
0.142392
0.12859
0.0356439
0.0468685
0.142397
0.0322709
0.142598
0.112255
0.114252
0.0315144
0.0883368
0.0511718
0.0814235
0.111852
0.0985225
0.0649017
0.038087
0.120196
0.193185
0.202356
0.166113
0.128832
0.0419457
0.116896
0.11409
0.0336168
0.0658733
0.0474997
0.0686103
0.168986
0.00215856
0.179606
0.141831
0.142777
0.135744
0.0646575
0.0694737
0.0645738
0.179026
0.201356
0.0680573
0.0516945
0.0887792
0.144472
0.160043
0.156934
0.0883388
0.057859
0.156854
0.170064
0.040718
0.227591
0.257693
0.184238
0.0952598
0.063885
0.0712285
0.113381
0.151438
0.247285
0.0810158
0.182807
0.0538198
0.0429045
0.0342643
0.0228561
0.0958836
0.178103
0.0574638
0.158137
0.199358
0.117228
0.107018
0.0717341
0.131384
0.12557
0.0554826
0.0939208
0.0154322
0.0100121
0.129337
0.212751
0.135097
0.088996
0.141307
0.0964788
0.17301
0.0521486
0.148429
0.066479
0.104713
0.0246871
0.149564
0.121931
0.0479859
0.119897
0.079942
0.0799827
0.150763
0.0520288
0.0764374
0.145512
0.122742
0.0985208
0.120323
0.0367031
0.114108
0.0949977
0.213594
0.018454
0.132235
0.0503291
0.115385
0.111347
0.105627
0.0962075
0.135354
0.0790862
0.0501472
0.184493
0.123639
0.0215795
0.0482702
0.0614963
0.0704432
0.0596557
0.0217683
0.106847
0.0274322
0.0856814
0.0521809
0.132263
0.184457
0.0967014
0.132417
0.13759
0.0864628
0.02663
0.125549
0.12967
