501.162, -9.12893, -2.516
531.652, 17.4145, 0.638069
523.87, 14.789, 0.519507
509.279, -12.1109, -0.282784
563.337, -2.96009, -2.31487
532.392, -8.04535, 2.62632
507.377, -3.87556, 0.483954
523.589, -3.4472, 2.12943
528.029, -9.14867, 2.91681
517.08, 20.9135, -2.23139
547.324, -0.0350783, -1.20763
520.523, 18.5197, 1.95665
499.665, 24.8886, -0.258667
517.181, -7.86163, -2.65596
542.704, -8.08835, -1.18554
507.364, 24.3349, -2.67055
523.92, -2.02028, 2.77405
545.699, -3.27048, 0.911384
496.612, -4.47657, 0.949699
531.534, -0.723318, -2.70577
513.477, -0.291944, -0.775563
497.209, -10.9762, -3.04509
527.287, -12.7953, 0.37158
500.712, -7.33646, 1.95842
502.58, 17.2636, -2.02524
500.551, -8.10448, 0.278553
500.263, 26.2805, 3.07995
522.791, -2.19904, -2.48936
566.48, 3.70091, 3.08831
513.715, 26.3182, 2.73234
553.196, 9.09984, -2.09039
522.869, -4.59096, -1.04637
502.14, -0.272077, 0.363471
516.297, -15.4197, 0.30104
504.317, 22.99, -2.58068
500.218, -12.0193, 0.693347
507.503, -8.70641, -1.91413
513.528, -4.52897, -2.06109
520.574, -8.33039, -1.02903
512.362, -10.2395, -0.603573
523.637, -11.6904, 0.320345
505.997, -4.36342, -1.03915
521.489, -3.21517, -1.12828
501.045, 0.934008, -0.643088
533.759, -2.74816, -3.12775
537.927, -0.104538, 2.40631
509.926, -11.7026, 0.471891
546.196, -6.71018, -0.613707
505.902, 32.3482, 1.96058
525.468, 0.444715, -0.371936
548.136, -4.90216, -2.36781
547.469, -5.90527, -3.13836
550.007, 12.334, -2.7787
552.84, 8.38411, -1.98519
502.275, -14.9439, -0.484924
515.45, 20.6156, -1.9277
539.319, -10.6071, 1.27122
497.647, -15.7348, -0.389151
527.118, 20.5871, -2.75461
564.853, -2.04726, -1.71915
512.398, -8.80936, -1.65066
511.297, -17.9774, -0.301519
554.402, -8.68423, 2.777
577.268, -0.725976, 0.331091
623.474, 43.7679, -1.78925
631.293, 51.135, -1.75157
623.049, 47.8399, -1.55287
597.819, 20.589, -2.15097
615.886, 37.3932, -3.10327
592.494, 21.3967, -2.21061
600.384, 26.8999, -0.823965
627.404, 57.7297, -1.76151
616.326, 48.2893, 2.56314
597.165, 21.6794, -0.405748
615.807, 46.0404, -1.79389
614.196, 45.0392, -1.54593
600.439, 18.9985, 1.80212
594.12, 11.9387, 0.352578
622.875, 9.96457, -2.49498
588.067, 6.73526, -1.28039
620.748, 20.8589, 2.26772
635.774, 20.6779, -0.443517
645.117, 10.9226, -0.880291
620.007, 4.15513, 0.97245
654.282, -5.90296, -2.47906
578.217, 3.98314, 0.717702
578.186, 4.1815, -2.90827
577.686, 2.95814, 0.771161
577.859, 3.80444, -1.07174
507.773, 8.51572, -1.8642
644.59, 18.9564, 1.55223
600.933, 79.0379, -3.04298
643.105, 28.9813, -2.53305
598.175, 32.0599, -2.14298
654.322, 7.71193, 2.97473
614.347, 22.3833, 1.60102
640.665, 35.4256, 1.74192
627.481, 49.4705, -2.86982
632.967, 62.6555, -1.96685
621.529, 48.3398, 1.89876
627.101, 54.9425, -1.09711
621.771, 51.7385, -0.573175
613.847, 59.5352, 1.95922
601.635, 37.8232, -0.591631
617.96, 60.4426, -0.0529757
602.465, 61.6477, -0.841936
582.039, 19.6382, -1.8377
593.234, 81.6704, -1.84048
595.943, 73.143, 1.87644
587.671, 47.8124, -2.71768
581.097, 64.892, 2.00012
618.881, 63.7294, -0.542263
614.509, 46.912, 1.66604
648.331, -34.6927, -1.31159
618.84, 17.0792, -1.71694
561.247, -50.7765, 2.86418
618.65, -38.495, 1.04135
544.814, -25.6296, -2.94392
536.194, 49.8903, -2.1473
566.996, 72.9999, -2.11866
550.603, 62.9171, 0.0691807
550.888, 46.4989, 1.01885
571.154, 66.5581, -2.47909
573.448, 62.561, 0.417241
573.928, 31.8339, 1.66457
569.959, 70.4318, 1.54941
574.518, 67.5086, 0.642087
587.937, 54.4283, -2.55814
603.141, 61.7732, 2.25612
598.233, 69.54, -0.516398
599.04, 70.0936, 2.44677
583.539, 15.1786, -2.73344
603.121, 35.2041, -0.0809934
611.829, 64.6877, -1.72424
603.8, 56.9516, 3.08614
593.276, 47.3355, -0.72354
591.776, 71.0524, 1.09481
589.09, 71.3946, 3.0733
598.577, 56.4043, 1.81894
555.361, -1.89852, 2.04742
529.34, -27.3761, -1.44923
521.72, -47.6646, -1.55051
575.997, 7.33569, -0.425345
576.331, 7.29998, -1.13563
575.479, 5.54877, -2.2735
576.295, 7.48176, 2.93756
576.965, 6.55472, 0.66884
621.596, 39.5147, 0.0971612
625.999, 44.6835, 2.10731
627.417, 42.6771, 1.20692
625.435, 39.3151, 2.30587
616.394, 28.8952, -2.34652
563.124, 37.0062, -1.64578
542.915, 81.2607, -2.24076
576.625, 8.01595, -0.608472
575.966, 7.88144, 1.27849
576.7, 7.54791, 1.12247
544.725, 82.0664, 1.44468
575.23, 7.31246, -2.66515
578.27, 3.95514, 1.00696
641.458, -27.4532, 2.19689
644.208, -27.053, 1.82564
620.052, -15.2099, 0.956188
622.602, -19.0856, -2.25087
599.043, -9.61156, 1.23837
576.086, 5.8711, -1.39
526.763, 17.0756, -0.44221
502.503, -23.1384, -1.37828
521.214, -7.6775, 1.71391
504.517, 13.3405, 0.0343956
550.483, 4.38736, -0.647369
535.793, 6.2414, -0.336031
507.8, 22.9363, -3.05257
519.163, 14.6693, 0.576177
518.872, 35.3073, 3.10125
557.933, 75.3668, 0.529604
556.686, 38.6796, -0.200223
596.309, 73.4316, -2.07508
571.121, 46.6242, -2.80258
555.397, 29.9765, -1.72331
576.107, 86.0221, 0.848486
593.477, 54.8067, -1.16541
546.005, 62.1419, 2.55379
560.488, 44.8057, -1.13106
581.755, 68.9135, -1.53766
571.599, 11.75, -1.09599
572.562, 5.39134, -0.416596
561.524, -53.6882, 3.01245
557.279, -69.412, -2.1013
568.071, -70.336, -1.8513
570.662, -64.7808, -2.97511
573.111, 5.87258, 0.554563
572.033, 7.21108, 1.90573
523.202, 62.423, 2.73261
572.223, 6.20924, -2.07164
551.197, 33.6325, -0.0949739
549.016, 35.7904, 0.396758
551.507, 54.662, 2.07209
572.655, 7.16023, 1.30804
572.666, 7.36068, -1.94866
508.482, 30.3101, 2.59551
610.705, 12.0696, -2.73875
572.68, 7.07357, 1.14913
640.634, 11.7533, -2.0428
612.794, 6.3339, 2.71327
572.618, 6.41733, 0.628796
572.182, 7.35136, -1.6273
572.422, 7.22524, -0.181265
498.145, 6.96057, 0.773384
491.635, 7.73919, 0.276403
495.364, 6.49909, -2.67712
528.332, 6.63596, -1.40067
497.26, 2.35112, 0.315464
495.857, 7.31085, 0.626921
503.967, 1.97287, -1.1135
512.286, -14.8386, -2.44941
494.285, -12.1695, 1.11454
504.049, -7.59165, -0.636833
545.076, 1.83116, -1.93289
511.916, -5.01574, 2.50456
500.165, -8.99121, 1.49972
498.849, -3.85254, -0.80358
495.589, -8.31167, -1.3466
573.426, 5.94749, 0.857665
572.587, 6.69194, 2.3936
573.041, 6.30273, 1.10261
578.669, 4.56733, 1.91456
572.228, 5.85774, 2.69575
572.622, 6.22162, -2.11434
572.597, 6.45966, 3.05538
576.004, 4.71272, -1.53526
575.555, 4.65399, -2.28808
573.067, 5.54659, -0.143959
573.07, 6.50969, 3.00663
639.801, 9.04122, -0.698311
647.226, 21.2157, -1.45875
650.391, 28.7509, -2.36082
637.323, 33.4751, -0.404454
626.29, 51.7022, -1.93791
608.88, 52.4433, 2.33547
624.759, 0.132234, 1.69899
608.474, 3.83055, -0.713025
644.368, 8.91192, -2.02709
611.935, 21.0361, -2.11105
603.415, 13.0137, -2.99347
597.8, 7.79506, 1.97018
608.019, 14.151, -1.39075
621.529, 22.3381, 1.71498
602.687, 16.5753, 1.75947
614.72, 18.9107, 2.79704
606.997, 16.1573, -2.29514
642.149, 19.6936, 2.86032
609.1, 12.6613, -2.45227
625.952, -38.5534, -2.66214
596.97, -24.8019, 2.50154
627.353, -53.5543, 1.36312
605.471, -48.3556, 2.65862
584.278, -55.1422, -0.344084
618.301, 29.7274, -0.772483
637.793, 47.4059, 0.737541
577.813, 2.04014, -1.27094
577.518, 4.13588, -1.0668
578.676, 5.98627, -2.83543
577.709, 3.76257, 2.27204
577.412, 2.09625, 0.84274
541.69, -5.85042, 1.11718
576.627, 2.90027, -0.719444
577.623, 2.51199, -0.335957
577.487, 3.96723, -0.391611
531.967, -44.1437, 0.169466
539.206, -26.9824, 1.08386
507.573, -37.1572, -0.832874
577.144, 3.69408, -2.71977
590.976, -18.1333, 1.7985
610.55, 4.86963, 2.47152
613.719, -41.8065, -0.800276
593.216, -17.512, -0.803646
615.048, -39.9002, 0.207169
601.879, -53.8098, -0.203525
606.389, -38.9796, -1.92775
621.318, -38.6146, -1.71874
604.765, -27.0794, -1.87387
606.092, -19.8259, 1.73361
616.202, -20.9055, -2.38955
621.952, -16.8461, 2.5378
506.077, -37.0295, -0.709231
575.374, -2.64055, -2.11481
519.801, -18.347, 0.586502
516.797, -18.9956, -1.88038
534.491, -2.14927, -0.846568
527.711, -2.42695, 2.29934
521.31, 1.63463, -0.704319
576.003, -0.933193, -1.5432
577.861, -1.14024, -1.64398
576.199, -0.589401, 2.64215
577.344, -0.18535, 2.93431
576.499, -5.06749, -1.20376
583.316, -5.06648, 0.471452
580.816, -4.11524, -1.46132
576.855, -1.85972, 2.29617
576.058, -2.49229, -1.23256
576.957, -3.42944, -0.738136
574.392, -2.68197, -2.12034
574.453, -2.81464, 2.62971
575.934, -2.89056, -2.23691
576.407, -5.16324, 1.95117
576.223, -4.01704, -1.60399
575.471, -3.74957, -1.07752
576.482, -3.68719, -2.29332
575.804, -3.34531, -1.17543
575.382, -3.52283, -1.17859
588.888, 50.9031, -2.82579
589.889, 62.6273, 2.60294
593.342, 62.8333, 1.23224
589.854, 58.2085, -1.58685
576.858, 1.06167, 1.77782
574.648, -2.81633, -0.702304
586.756, 35.9206, -2.7997
585.7, 24.2388, 0.370042
573.914, -2.65122, 2.62069
572.807, -3.11991, -1.37459
540.25, -37.8383, 0.0970876
525.11, -59.477, 2.01898
547.894, -37.2906, 0.758036
556.902, -25.9921, 3.08337
578.703, -42.9614, -2.61898
572.623, -3.18118, -1.33761
572.778, -3.71071, -0.220529
573.561, -4.39404, 2.16205
624.685, -36.2823, 2.2897
619.425, -19.2302, 1.91784
565.127, -69.9728, 1.22698
557.823, -60.8897, 2.86303
562.186, -50.6291, 2.16577
556.363, -79.9313, -0.894646
558.759, -29.323, 2.48313
549.851, -38.0481, -0.728308
532.093, -56.3921, -0.530345
573.419, -3.91103, -0.908783
573.478, -3.97096, -2.27417
573.135, -3.60411, 0.27444
573.031, -3.62682, -3.08125
572.96, -3.77289, 0.821466
594.796, 27.8052, 0.663308
572.566, -2.88913, 2.93594
604.099, 37.4684, 0.135767
613.547, 52.1352, -1.76259
617.338, 54.9534, -2.1908
513.745, -31.0916, 0.202484
510.32, -44.6033, -1.22655
540.918, -15.9392, 0.408067
526.426, -35.3458, 0.842047
509.418, -32.6795, -2.3098
572.257, -3.16153, -1.47163
573.273, -2.79729, -2.48494
631.915, 16.6401, 2.73986
602.429, 1.0462, 1.92964
636.689, 3.71327, 2.94347
604.407, -6.16155, 1.9513
595.257, -6.39319, -2.96665
566.394, 55.9257, 2.44721
577.565, -0.774561, 2.18078
578.94, -0.121729, -2.69075
576.348, -4.62639, -0.9273
576.42, -75.4345, -1.07045
643.121, 33.8337, -2.35949
575.05, -2.9377, 1.31845
616.761, 49.5317, -0.964606
599.381, 35.3831, -1.60347
576.446, -3.20884, 0.298367
632.978, 49.943, -0.670715
624.878, 43.7761, -0.17288
576.788, -1.25791, 0.466511
616.589, 38.4071, 0.791387
576.237, -3.60384, 2.04307
577.437, -3.46161, 0.705153
577.28, -3.50359, -1.82331
578.48, -1.90748, -2.70178
578.851, -1.6964, -2.52959
576.731, -4.89643, 3.00581
579.199, -2.47968, 0.390512
576.031, -3.99229, -1.48473
576.298, -3.94394, -2.46204
576.496, -4.90215, -2.3098
514.523, -33.3699, -3.00636
516.154, -15.7196, -2.42263
572.571, -7.05165, -1.88168
575.734, -5.95881, -2.59157
574.087, -7.08378, 0.904288
574.12, -7.42947, -1.19472
574.014, -7.19801, -2.24497
575.487, -5.82186, 0.291351
574.796, -5.77402, 2.85131
573.652, -7.12645, -0.212441
572.139, -7.0005, -0.497057
575.175, -6.91845, 1.50088
574.324, -10.8789, -1.48563
574.013, -7.38781, 2.57756
563.494, -13.3897, 2.29394
573.327, -8.09714, 2.85359
574.522, -9.62112, 1.96369
573.03, -7.00911, -0.859144
559.869, 1.72973, 1.36217
570.71, -5.40484, 0.238532
565.407, -2.23308, -1.35395
564.002, 43.8762, -2.63098
573.473, 42.5087, -2.96566
571.22, -5.14439, 0.373161
570.445, -5.79684, 1.96755
569.56, -5.26185, -3.12282
560.222, 0.0632092, -2.23578
565.4, -13.6273, 0.291468
567.5, -2.89798, 2.13799
568.079, -4.70707, -2.36481
568.569, -3.67943, -0.367437
562.221, -1.17366, -1.72947
562.921, -1.78204, 0.0551048
566.295, -3.75552, 1.34619
567.391, -3.43656, -2.45992
564.039, -2.2496, 2.66465
567.009, -3.39003, 1.69978
567.013, -3.39692, 2.87241
564.603, -2.65205, -1.6478
561.769, -0.506405, -2.33773
563.801, -1.50097, 0.429651
568.292, -4.43697, 0.850202
561.583, -14.4285, -0.345454
560.418, -0.332587, -1.41974
561.148, -13.0263, -2.13563
561.184, -0.300147, 0.617353
561.007, -0.60002, -2.93355
559.39, 0.224976, -1.33665
566.245, -3.07893, 2.89801
561.357, -0.342339, 2.16203
560.181, -0.595623, 0.744443
559.413, 0.516445, 1.54973
563.169, -1.61721, -1.64829
564.414, -1.9746, -1.32753
565.936, -2.33921, 1.89247
564.489, -2.30713, -3.10685
564.259, -1.65434, 1.75787
565.339, -2.82914, -2.94741
564.142, -1.41457, 1.6816
563.606, -1.45887, -2.61191
560.997, -0.220712, -0.76719
559.398, 0.650581, 0.997465
561.538, 0.251569, 0.170089
561.519, 0.237576, 0.534846
564.053, -1.93106, 2.33547
561.356, -0.359374, -2.68151
559.258, 0.411509, -0.72997
560.164, 0.193759, 2.87289
559.697, 1.28294, -0.509256
559.848, 1.00336, 1.63215
562.061, -0.747761, -1.54121
560.847, -0.039295, -1.4178
561.192, -0.45721, -2.18282
559.803, 0.2855, -0.0139
561.106, -0.0863501, 1.39136
562.821, -0.703485, 1.91975
560.628, 0.750832, -1.1611
562.527, -0.605978, 2.16503
559.868, -0.195366, -1.24847
561.343, 0.0314501, -0.0605164
560.429, -0.270719, 2.89445
560.24, 1.25178, -1.56741
559.995, 0.743839, -1.05242
559.781, 0.253251, -2.99832
560.074, -0.0644043, 0.96014
559.868, 1.44996, 2.53465
559.818, 0.549661, -1.8033
560.007, 0.953214, -1.85379
559.786, 0.131072, -1.18672
560.473, 0.425211, 1.77241
559.957, -0.125162, -0.529399
556.171, 0.0461621, 2.5396
553.881, -1.00679, -0.106278
554.026, -0.906984, -0.397692
559.696, 0.796467, 0.5884
563.654, -2.17312, -1.22786
562.845, -2.14522, -0.158438
564.354, -2.00973, -1.38199
565.667, -4.0435, -0.957316
562.129, -0.550813, -1.08258
568.466, -5.83722, 2.76923
563.298, -2.01895, -0.306995
568.948, -8.22619, 2.83929
567.982, -6.81326, -2.65892
569.22, -8.78581, 1.40303
566.663, -6.32585, 2.38445
569.812, -8.92176, 0.449553
565.607, -4.49299, -0.840977
561.625, -1.32424, -0.612704
566.021, -4.94516, -1.31291
569.182, -7.67998, 1.28622
562.692, -2.28147, 2.88903
567.784, -6.48467, 1.52853
565.952, -5.03562, -0.868401
568.114, -6.62556, -2.00055
564.118, -2.83846, -2.74215
564.285, -3.42447, 0.968871
570.202, -8.52243, 1.16926
563.357, -2.12764, 0.547245
572.809, -10.5798, 1.80276
568.575, -7.48114, -0.836123
570.128, -7.952, -1.05577
568.794, -5.97659, 2.84704
565.915, -3.65669, -2.96836
569.805, -6.88654, -1.72661
565.648, -3.80998, 2.55061
565.752, -4.33459, 0.17191
572.262, -9.34247, -2.24988
568.01, -4.93198, -3.00164
570.155, -7.72545, -0.389029
573.76, -11.6493, -0.501484
573.624, -12.232, -1.10281
570.098, -8.08759, -3.13879
566.991, -4.90478, 0.415281
568.389, -6.36958, -0.626164
567.396, -6.13731, 0.871083
572.669, -11.9406, 0.865582
572.321, -10.1838, 1.66854
569.95, -8.54994, 2.20681
562.031, -13.2142, -1.91925
573.724, -10.8879, 1.07225
566.54, -8.0176, 2.88288
562.75, -11.2732, -2.25444
567.028, -6.8154, 0.102592
559.335, -13.6306, 2.45261
560.617, -14.2179, 1.14367
565.099, -9.19078, -0.373487
559.281, -15.2133, 2.81543
564.724, -9.67917, 1.27589
564.815, -9.33018, 3.00611
559.726, -16.076, 0.00545465
563.503, -11.2031, -2.8704
559.097, -15.0141, -1.96274
561.153, -13.3768, -1.2622
561.309, -14.1702, 2.34178
561.638, -13.2557, 1.45696
563.363, -12.0299, -1.0636
563.87, -10.8258, -0.675016
564.25, -10.5372, -1.37602
563.514, -10.881, 2.81891
562.896, -12.2626, -2.46759
559.332, -15.3445, -1.16591
561.701, -12.5985, -3.04243
561.8, -12.73, 0.630786
559.907, -15.4556, 1.45662
560.667, -13.9575, 1.71404
560.985, -12.7144, 1.60382
562.507, -12.8076, -0.470583
559.076, -13.2401, -2.82885
558.03, -14.295, -1.05849
560.122, -13.9775, -0.549029
559.465, -15.2201, 0.924651
560.285, -11.6666, -2.68729
556.576, -12.819, 0.370317
560.212, -12.4912, 1.77751
559.76, -12.6893, 2.50937
561.558, -12.5617, -1.43924
560.115, -11.4068, 0.608381
555.296, -12.7091, 2.36315
557.928, -13.272, 2.79214
558.587, -14.7142, -2.98429
555.609, -12.5526, 1.25533
558.939, -14.6996, 2.0965
559.567, -11.9452, -1.76253
559.889, -14.4163, 2.39199
560.687, -12.3046, -1.43894
560.51, -14.5922, -1.9766
559.502, -13.9982, 1.90936
561.127, -12.7223, 1.62014
560.098, -12.7457, -2.07842
559.973, -15.6955, -1.79473
558.185, -12.4961, 0.11691
560.735, -14.2421, -1.44496
559.487, -13.5236, -0.482373
557.977, -12.8664, 1.01264
558.82, -13.9388, -0.616306
559.482, -14.7398, 0.685833
559.739, -15.4348, -1.02085
561.448, -16.9081, 1.91356
574, -31.7778, -2.88735
571.437, -27.3766, -1.83226
573.101, -29.7565, 1.93088
570.937, -29.7671, 2.1484
573.393, -33.5567, -0.569006
567.912, -25.7842, -1.63292
562.201, -19.0319, 2.72727
571.337, -31.8665, -0.828577
565.996, -22.9733, 2.04081
569.901, -28.6969, 1.94669
563.223, -19.9067, -0.027291
565.102, -22.9706, 2.00605
567.599, -27.6586, 2.5015
562.496, -18.8732, 0.415616
567.968, -27.9206, -0.784547
565.279, -23.7311, 0.722869
563.556, -21.2093, 2.2872
572.058, -14.7756, -3.01356
564.554, -22.2242, -2.74453
565.808, -24.9, 2.43616
563.533, -20.5585, -1.49633
569.448, -31.3034, -0.393123
570.121, -32.6537, -1.33067
562.519, -19.3361, -0.383954
570.873, -33.7374, 2.15981
563.455, -20.8878, -1.95413
573.456, -38.1729, 0.729902
573.542, -39.3431, 1.37185
570.581, -33.0524, -2.92846
565.616, -25.4276, -2.38582
571.873, -36.7285, 0.402225
565.816, -25.8164, 2.77926
568.487, -30.8276, -0.800171
572.042, -15.2153, 1.42717
567.127, -27.8958, -2.28764
571.138, -34.8396, -0.201995
568.045, -30.234, 2.11084
570.477, -33.0498, 1.79954
567.565, -28.1714, 2.23648
565.918, -25.7592, 2.17049
572.598, -36.6744, -0.861817
572.545, -35.074, -0.603684
572.107, -35.3776, -0.0677551
572.616, -35.5265, 2.59839
564.561, -22.7314, -0.721858
566.966, -27.6724, -1.34346
566.657, -26.1062, 1.64421
570.345, -31.8573, 0.635606
569.749, -30.6899, -1.40942
566.67, -26.5856, 2.83086
572.826, -35.9631, 0.125953
572.211, -35.5752, -0.480899
568.672, -28.6574, -2.43278
571.959, -34.729, 2.96044
567.461, -26.8881, 2.69227
570.438, -32.2757, 2.7298
574.533, -39.1925, 0.870325
566.986, -26.5087, -2.65363
570.171, -32.1566, 3.02244
566.883, -26.1897, -1.93808
564.944, -29.1817, -0.154781
572.595, -34.8331, 1.69099
565.756, -27.9696, -2.81779
569.018, -30.4686, 0.425651
570.279, -32.6672, 2.47985
567.064, -28.0021, -2.4204
571.408, -33.3899, -1.07261
572.585, -34.4869, -2.10953
573.195, -36.0495, 1.37843
570.936, -32.3772, -1.29146
574.074, -36.8414, -0.867529
573.153, -35.403, -2.60537
569.006, -28.9963, 1.1593
574.272, -36.398, 0.786846
570.753, -31.9403, -3.096
568.663, -29.3978, 1.40325
570.294, -31.9978, 0.306672
575.263, -37.5766, -1.93564
569.251, -30.073, -1.49652
569.939, -30.5955, 1.6812
575.672, -38.1354, 1.76113
573.487, -36.0026, 1.4596
576.049, -38.547, -1.46076
573.128, -35.4652, 0.901719
572.262, -33.8965, 2.96839
571.829, -33.9069, 1.74935
574.515, -35.9665, 3.01726
573.673, -35.3815, -0.814395
571.547, -32.7877, -1.26331
575.756, -35.6799, 2.14895
575.913, -37.767, 2.97089
574.403, -35.6903, -0.554801
573.312, -32.9084, -1.96199
576.478, -33.0144, 2.47845
572.245, -33.7359, -3.02261
575.457, -33.527, -1.51485
572.68, -33.2416, -2.84166
576.21, -32.1823, -0.776482
574.622, -35.8227, 2.36795
576.278, -34.5794, 2.64138
574.639, -35.1862, -1.43512
574.296, -35.8876, -2.56369
573.572, -34.0754, -1.35017
573.808, -35.0807, -3.00327
575.361, -34.0001, 0.86582
574.817, -35.9701, -1.76269
574.601, -35.6883, -1.30326
574.997, -35.1432, -0.0512574
575.671, -33.8023, -2.20885
575.329, -35.1981, 0.627669
574.955, -34.4058, -2.52644
575.495, -34.6614, 0.028069
575.293, -29.1204, -1.62686
573.635, -35.1785, 2.16069
575.572, -35.2277, 2.93412
576.212, -30.5333, -1.68993
576.211, -32.5661, -2.61799
574.746, -30.3912, 0.44618
576.357, -33.1818, -2.93099
573.969, -31.9195, 2.42858
575.751, -30.8964, 2.25479
575.674, -29.9284, 1.20934
575.722, -30.9259, -1.67821
576.031, -33.8773, 2.17321
576.097, -33.8844, 1.57823
575.899, -31.1103, 2.46071
575.219, -30.2045, 0.698908
575.095, -31.5669, -2.44064
576.654, -30.7829, -1.50063
577.088, -31.5311, -1.51831
576.616, -32.3988, 0.595102
573.726, -31.6126, -2.21193
576.023, -32.3485, 1.78123
576.042, -30.3219, -1.88858
574.249, -30.8798, -2.93171
576.589, -31.0741, 2.0846
575.968, -29.804, 0.412021
578.826, -28.6555, -2.09794
578.368, -29.2939, 2.94292
583.192, -28.0254, 0.568415
584.456, -27.4779, 2.80888
582.644, -27.7507, -2.16591
586.79, -26.3326, 0.184062
582.364, -27.188, 0.615043
585.169, -26.7045, 1.8771
587.471, -26.6712, 2.4779
588.674, -26.2778, -1.26655
586.548, -25.8428, 1.76674
584.645, -26.3591, 3.12827
584.939, -25.5415, -0.989257
582.562, -27.5659, 1.40944
584.666, -29.1084, 2.68332
585.014, -29.9886, -1.13715
587.201, -31.1763, -0.273237
584.485, -27.9869, 3.1086
585.177, -26.8327, -2.44264
597.373, -36.7261, -3.1126
590.027, -32.6234, -0.595676
597.997, -34.931, 1.69834
585.084, -28.704, -1.43516
590.681, -31.1005, -2.25979
599.649, -35.9315, -0.88602
582.041, -25.4023, 0.148279
582.72, -25.6705, -2.42679
592.083, -33.21, 2.88561
585.74, -24.7874, 0.0563622
584.407, -25.6871, -0.586034
586.673, -24.6363, 0.149544
584.948, -24.7784, 0.245547
583.585, -25.5254, 2.9768
644.144, -55.4339, 0.558961
627.717, -62.635, -1.78588
582.747, -25.1281, 2.1184
631.438, -64.3361, -0.855172
621.072, -53.5563, -2.24218
610.853, -66.3848, 2.45378
585.181, -25.0541, -2.97606
587.8, -24.3803, -0.939181
587.896, -23.9743, 0.121057
588.032, -23.3917, -2.25394
585.939, -24.2898, 1.50037
587.341, -25.6617, 0.32875
586.623, -25.637, -0.259545
587.621, -24.4569, -1.60404
586.758, -25.0372, -1.75362
587.227, -25.5288, 0.958427
604.155, -67.2985, -2.08641
569.63, -95.8356, -1.30472
579.424, -54.2508, -2.17992
587.794, -24.3119, 0.793925
588.547, -71.0738, -0.527304
581.215, -95.3117, -2.54469
586.44, -91.4604, -1.90986
574.994, -103.46, -0.616135
579.643, -70.8627, 0.474145
553.851, -89.4229, -0.232894
567.53, -57.7759, 2.87303
546.301, -81.2115, -3.05338
567.565, -52.5948, 1.12845
566.552, -64.3876, -3.06065
589.277, -72.1673, 0.439596
559.905, -88.8738, 2.37503
559.673, -100.553, 1.42749
565.793, -91.614, 2.15955
586.509, -106.519, 1.4745
576.574, -96.3538, -0.673154
585.18, -54.704, -2.38843
545.047, -77.1401, -2.20584
565.25, -69.048, -0.552389
541.456, -62.7503, -2.54634
544.99, -61.4628, 1.21125
537.41, -84.1269, -1.48218
557.835, -48.3173, -1.36172
556.017, -39.6121, -2.77274
587.117, -31.9878, -1.33117
587.493, -31.689, -1.9016
587.771, -29.0656, 1.88093
590.778, -30.2005, 0.441033
594.538, -31.3043, -0.491356
590.398, -29.8681, 0.138606
599.802, -29.5339, -1.79596
605.124, -30.1518, -2.24099
598.028, -29.9918, -2.17824
594.116, -30.0031, 2.49675
590.664, -29.714, 2.71709
595.41, -30.8153, 0.142595
597.835, -30.4508, 2.34667
607.015, -31.7863, 2.16923
602.701, -31.3678, 0.0707062
598.485, -30.7942, 2.79576
592.32, -30.9192, -2.46927
599.693, -30.9542, 2.76151
593.467, -30.0558, 0.0684159
606.849, -32.5012, 1.05688
599.425, -31.1811, 0.446919
605.133, -31.2758, 2.87485
601.158, -30.6025, -0.765035
601.591, -29.297, -0.672178
600.592, -30.2343, 1.57643
604.917, -28.5157, 0.535552
605.035, -29.4178, 0.0771206
594.572, -31.7056, 0.226838
601.849, -29.1906, 2.67158
599.937, -29.9442, 2.36127
604.232, -29.3785, 0.978381
595.108, -29.3585, 0.5037
596.126, -30.4971, -1.65063
599.869, -30.4187, 2.33006
596.152, -29.6638, -0.842714
597.556, -30.3467, -0.290379
600.328, -30.1815, 2.72823
603.857, -28.7937, -2.95535
602.971, -29.0278, -0.0456034
604.421, -28.6989, 1.76198
601.079, -28.7825, 1.75138
599.436, -29.4801, -1.19508
603.503, -28.6458, -3.09843
607.493, -28.8525, 0.776801
605.797, -29.5848, 2.80176
600.542, -29.602, -1.42874
604.892, -29.7139, 2.34849
606.604, -29.0724, -2.25075
603.644, -28.6876, -2.18602
606.182, -29.0828, -2.7605
600.4, -29.9215, 1.76111
605.122, -29.1228, -2.15241
603.15, -28.6899, -0.718516
604.737, -29.8518, 2.99259
649.999, 10.6497, -2.5657
642.144, 6.53776, 2.11074
654.412, 22.847, -1.06153
648.039, 31.9653, -2.79873
631.932, 13.6211, 2.05318
638.65, 33.4465, -2.62466
621.466, 15.7249, -1.59883
613.339, -0.782086, 1.58323
602.567, -29.7177, -0.498399
616.379, 10.8248, 2.32129
603.633, -29.8129, -2.83262
603.295, -29.1813, -0.88639
604.707, -29.1439, -0.384337
603.505, -29.241, 2.8731
603.728, -29.6277, 3.13668
604.568, -28.8553, -2.04017
606.347, -29.8016, 0.889873
606.145, -29.5202, -1.43435
607.418, -28.9558, -2.3193
606.446, -29.2532, -1.29465
607.353, -29.3323, 0.40045
605.817, -29.799, 0.809531
607.084, -28.8741, 1.99433
607.139, -29.2665, 2.09708
606.84, -28.409, -1.94115
606.303, -28.615, -2.24788
606.421, -29.8032, 3.10889
607.172, -29.0445, -2.90903
582.426, -37.1144, -1.54537
591.057, -32.9573, 2.3743
575.243, -38.2001, -2.4468
582.659, -32.8889, 2.46202
588.824, -29.7915, 1.12017
592.788, -28.5004, -0.867236
589.561, -27.154, 2.92
588.369, -27.0298, -2.27625
600.333, -28.136, -1.25214
584.263, -28.3515, 2.15922
550.004, 13.8365, -1.8255
581.178, -23.9219, 2.44891
567.504, 29.2711, 2.17115
587.082, 14.8559, 0.134893
599.381, -14.7182, 0.480032
584.682, 38.4782, -2.57575
590.007, 41.0643, -2.3472
593.91, 21.9622, 0.0118629
597.064, -27.254, 1.83293
596.072, -27.0176, 1.25453
594.934, -26.7957, 0.509376
600.732, -28.2277, -2.29538
586.785, -24.5535, -2.84156
589.056, -25.1672, 0.191071
589.428, -25.4686, -2.59593
599.798, -28.505, -1.35682
600.383, -28.7456, -0.71388
599.446, -28.3047, 1.26946
591.252, -26.1256, 2.88977
594.771, -27.36, -3.08782
597.545, -28.1848, -1.25184
595.918, -26.813, 2.42755
592.251, -26.0295, 2.63655
595.726, -27.0915, -3.01465
586.736, -24.0993, -2.93386
590.35, -25.1753, 1.28786
586.011, -23.8255, -0.0756767
526.68, -27.7254, 1.63845
591.521, -25.5738, 1.39628
595.099, -27.4209, 1.54331
597.277, -26.8894, 2.28492
587.35, -24.4188, 1.10858
587.467, -24.2793, 3.0905
594.209, -26.8298, 0.112009
591.052, -25.927, -2.03649
593.983, -26.4472, -2.21761
591.809, -25.2371, 2.08079
587.042, -22.8134, -1.18443
593.238, -25.5848, -1.83329
585.393, -27.9784, 0.23634
595.433, -26.7131, -0.672462
592.385, -25.799, 1.19775
584.279, -21.1619, -1.38617
589.132, -25.2375, 0.998602
589.335, -23.5185, 3.09667
587.852, -23.4967, -3.09881
584.296, -21.9272, -0.830861
588.847, -23.7969, 2.44233
585.939, -22.5471, -2.75359
582.737, -20.662, 2.01535
587.909, -24.3351, -2.68933
583.119, -21.3434, 0.312267
591.246, -26.0032, -2.34834
589.216, -24.2211, -2.05402
588.798, -22.9925, 1.04037
583.43, -21.8364, -0.642758
582.106, -21.8818, -2.49548
582.077, -21.8492, 1.86438
586.596, -24.2649, 2.82387
587.204, -23.5087, 1.48271
583.017, -35.8629, -2.74035
586.166, -23.9108, -2.37943
583.058, -20.507, 1.17576
581.728, 46.3876, 2.59323
542.085, 37.2688, -0.910543
583.514, -21.7854, -2.26263
566.566, 48.7258, 1.46778
546.161, -9.87603, 1.81623
584.732, -21.142, 1.60603
528.021, 2.77765, 0.767075
584.479, -19.3886, -2.10751
585.465, -19.7693, -0.748845
522.253, -30.9965, 2.28328
526.577, 8.7109, -2.63619
524.583, -34.9418, 1.46224
518.964, 17.0264, 2.30452
574.724, -18.2588, -1.1933
523.947, 7.64954, 2.50439
545.694, -14.0135, -0.866598
550.861, -19.3019, -0.31204
506.587, -12.4507, 1.65319
523.092, 11.7892, 3.01536
519.996, 20.9334, 2.72511
541.513, -4.65629, -2.06057
570.516, -23.9292, 2.16927
633.344, -6.12894, -1.6671
526.948, -34.8191, -0.211546
513.241, -38.8081, 0.0671311
590.45, -17.8959, -2.95455
585.938, -19.1099, -2.14096
582.02, -20.823, -0.32772
584.373, -21.5137, 1.11612
583.98, -21.4389, -0.716252
531.465, -70.3781, 0.435492
545.099, -77.772, -0.0469277
587.663, -85.0753, -0.970043
566.864, -66.1822, 1.71243
568.34, -70.1193, -0.721998
582.867, -20.3318, 0.128639
524.184, -74.0327, -1.13068
526.314, -63.161, -1.60296
582.961, -20.7698, -0.858397
582.946, -19.9167, 1.33101
581.721, -20.338, -1.15488
581.834, -20.4442, -0.900189
533.852, -75.3638, 1.29023
576.18, -23.5271, 1.13
576.821, -23.2609, -1.41329
574.664, -23.5686, 1.14842
575.422, -23.3536, -2.0022
578.053, -23.5011, -0.874571
577.847, -28.4716, -1.12954
577.462, -26.6888, -0.0108915
576.238, -22.6114, 0.483314
579.029, -23.0238, -0.980546
577.966, -26.2178, 2.45743
576.769, -28.4733, -2.19168
577.459, -22.7526, 1.69177
571.013, -81.2485, -1.63686
575.172, -64.6714, -0.159472
576.983, -83.1628, -2.76408
587.245, -62.2895, -2.36664
592.491, -38.0909, -1.72837
614.962, -53.7055, 1.66147
625.751, -81.0505, 1.98156
574.332, -22.4497, -0.471093
579.086, -23.6172, -2.81482
575.173, -22.8329, 0.562784
575.287, -27.2789, -0.0497962
577.11, -25.8289, 1.04442
575.107, -22.6177, 0.425721
574.576, -23.114, -2.9123
577.397, -22.0637, 1.77929
575.537, -25.4211, -0.85113
574.762, -25.0907, 1.92173
578.362, -23.2519, 0.0247596
577.96, -24.3081, 0.375126
576.757, -22.4703, -2.86756
576.384, -23.1432, -0.457429
574.827, -23.1231, 1.75378
574.96, -23.3519, 0.200512
575.069, -23.3163, -2.17356
575.056, -23.5799, 2.52202
570.286, -15.8013, 2.51408
574.685, -23.1086, -0.338662
570.158, -15.7213, 1.4381
569.239, -14.1038, -1.17615
571.593, -18.6123, -0.396971
568.089, -15.1128, -3.02065
572.134, -19.9638, -0.740188
562.3, -7.49029, -0.641377
571.49, -18.8433, -0.940444
570.633, -17.5898, 0.905882
572.886, -21.0303, 1.33535
563.408, -8.20649, -1.59145
563.553, -7.57409, -3.05213
568.249, -14.561, -1.63987
559.69, -1.95641, -1.46906
570.865, -18.2331, 0.510128
569.717, -16.5082, 2.86345
570.828, -18.599, -3.07924
567.27, -13.5629, -2.16643
569.341, -15.9153, 1.69601
562.305, -4.73464, -1.34616
563.945, -7.75943, -1.34117
569.923, -17.2597, 0.77595
561.192, -1.96291, -2.95372
566.462, -10.7931, 0.549162
570.057, -17.9723, 1.07532
560.334, -1.73757, 2.13734
564.81, -20.7334, -0.731337
569.847, -16.9341, 1.92695
567.709, -11.6573, -1.61004
567.239, -18.8587, 0.690884
568.403, -17.5215, 3.12877
567.264, -19.2262, 0.201234
567.401, -18.1192, 2.81141
568.536, -18.4546, -0.280952
568.529, -18.2357, -2.36203
567.367, -18.8788, 2.15969
566.449, -19.0951, -0.919845
564.587, -18.7077, -1.81586
567.093, -19.1405, 2.68207
563.808, -19.3138, -0.210993
563.535, -18.9992, 0.75534
562.957, -18.8471, -1.63283
562.247, -19.6006, 1.25593
564.493, -18.8935, 1.13006
564.249, -18.7169, -0.552339
562.808, -19.2461, 2.84451
562.367, -19.3052, -1.92877
564.245, -19.3518, -2.51781
562.148, -19.3495, -0.423579
562.225, -19.5862, -0.874449
562.306, -19.9349, 2.55125
562.99, -19.8846, -1.59757
563.098, -19.5556, -0.985536
562.54, -18.385, -2.53945
562.487, -20.6539, -0.723522
563.704, -20.9179, -1.12842
562.44, -20.1107, -3.01313
563.15, -20.4181, -2.2276
563.431, -20.8631, -1.2072
562.775, -20.4905, 2.89803
562.651, -20.6985, -2.31739
562.288, -21.0271, 0.965946
562.719, -10.4708, 0.25241
562.223, -10.5968, 2.12541
561.761, -8.75752, -0.450943
562.088, -11.1624, 0.777716
562.879, -19.275, 2.48813
562.11, -12.9328, -2.95135
561.852, -14.2075, 0.614664
561.158, -11.9696, -1.7439
564.315, -18.7824, -2.95219
561.884, -16.7529, -1.9157
561.79, -16.7101, 2.17575
561.512, -11.9001, -0.119223
561.602, -12.6898, -1.42946
561.575, -16.1966, -2.62409
560.68, -10.3354, 0.238913
562.057, -14.551, 0.890512
562.234, -14.7181, 1.0995
560.532, -8.97304, 0.446802
560.56, -15.9203, -1.51528
559.234, -10.0454, 2.07482
560.257, -10.1961, -0.225623
562.102, -16.4517, -0.75346
559.498, -16.1538, 1.77004
561.576, -12.0714, 2.75679
561.173, -10.9438, 2.95589
561.102, -15.2582, -0.138642
556.079, -16.3436, -2.62224
542.261, -39.6882, -0.370519
558.053, -16.2164, 1.76016
533.839, -47.8384, 0.795013
518.214, -75.3215, -0.183573
537.352, -50.9797, 0.913345
558.686, -16.0588, 0.753093
558.502, -16.4697, 0.630723
558.14, -15.9878, 2.55031
558.304, -15.8436, 1.92485
557.323, -14.6023, 0.704436
556.233, -12.8723, -2.33269
557.094, -13.9114, 2.70784
557.021, -13.4543, 2.82215
555.951, -15.6924, -0.967729
554.981, -15.5862, -2.71803
555.006, -15.0072, 0.839413
557.89, -16.0852, 0.91249
555.699, -15.541, 1.60969
555.248, -15.8711, -2.65054
555.539, -15.2663, 2.70779
556.084, -15.7061, -0.248992
555.855, -15.4244, 2.77505
555.379, -15.896, -1.89169
555.587, -16.1992, -0.993338
555.466, -14.6213, -2.84829
555.885, -15.5222, -1.95901
528.179, -61.3426, -1.07282
555.162, -15.4506, 0.34394
555.515, -15.621, -0.906567
568.473, 35.9267, -2.15443
555.71, -15.1494, -1.52114
555.153, -15.2865, -1.57682
555.316, -14.8531, -2.74807
555.174, -13.9506, 2.40821
557.017, -16.5211, -1.70261
555.231, -14.9032, 1.04077
562.05, -18.7503, -1.0567
582.105, 56.6754, -1.75254
559.656, -17.7147, 0.64258
561.098, -17.2045, 1.71305
558.138, -16.2846, 1.63548
562.481, -16.9985, -1.28397
558.481, -16.3954, -2.35744
556.724, -15.8238, -0.762621
561.569, -15.5122, -1.51998
556.277, -15.7626, 0.513224
557.494, -15.9629, -1.49041
558.115, -16.0215, 0.391398
560.797, -15.7235, 1.66675
558.053, -15.7733, 0.24623
561.36, -16.1449, -1.87171
557.845, -14.3408, 2.62984
557.469, -13.0385, -1.349
560.956, -16.524, 1.74071
557.547, -14.0017, -0.301056
557.604, -13.5207, 2.72485
557.766, -14.3373, -0.644491
557.583, -13.3866, -1.02089
557.847, -13.4717, -2.07768
557.741, -13.5829, 2.37344
557.929, -13.1564, 1.82587
557.881, -11.7314, -2.49869
557.937, -13.4156, 0.607604
557.806, -13.2113, 3.05735
557.934, -12.9641, -0.654827
518.078, 16.5591, 2.33375
489.779, -6.06188, -2.60088
526.667, -8.29607, -0.0742272
491.165, -11.4994, 1.99073
558.125, -11.494, -3.03626
557.935, -11.3526, 2.10108
562.726, -11.5092, 0.865214
595.594, -43.7591, -0.796808
561.775, -10.6901, 1.59324
564.026, -10.7247, 1.95284
560.317, -11.2237, 2.28794
561.703, -10.2866, 1.65373
561.493, -10.5301, 0.298894
561.342, -10.4329, 3.12987
562.243, -10.5941, -1.12395
563.73, -10.1476, 2.43922
562.704, -10.432, 0.58025
563.91, -10.1475, 2.8522
563.983, -9.85642, -1.28243
563.354, -11.5256, 1.16895
561.573, -6.13113, -3.03809
563.772, -12.0739, 0.847432
563.374, -12.755, -1.14746
563.36, -13.6548, -0.130245
563.076, -13.7727, 2.73835
547.406, -31.8656, 1.96474
519.563, -75.7904, 0.824187
537.753, -35.4876, -1.41659
564.194, -13.1454, -2.31715
564.492, -16.2789, -1.93991
564.2, -17.45, -1.89509
564.185, -17.0865, 0.452028
563.383, -13.2928, 1.85079
562.83, -11.8898, -0.533604
563.331, -12.072, 2.3066
563.868, -17.5933, 1.13815
564.26, -17.5193, -0.0856836
564.26, -20.6497, -0.906076
522.455, -36.6496, -1.36179
565.12, -21.176, -3.11416
563.801, -15.9414, 0.111053
564.35, -16.0675, -1.28686
564.4, -15.7558, 1.91919
563.609, -15.0973, 1.89872
564.829, -18.7182, 2.70223
559.88, -17.2447, -1.19713
565.903, -20.2513, -0.201008
564.943, -17.1252, -1.45781
545.236, -47.4079, -0.344027
563.97, -16.803, -2.45554
565.182, -18.5287, -2.80162
565.131, -19.8198, 1.82661
565.615, -19.782, -1.16556
566.088, -18.369, -2.05587
562.515, -12.9703, -0.122138
560.936, -11.3726, 2.51544
603.583, 16.2665, -1.24345
627.86, 5.48604, -3.04211
611.958, 1.59557, 1.78524
564.167, -14.0743, -0.628491
564.696, -11.4645, -1.38764
597.771, 33.6859, -0.774239
563.649, -12.9374, 3.10646
610.505, 19.5221, -2.6288
621.982, 8.48663, -2.9716
631.605, 1.3768, 2.23398
564.34, -10.1762, -1.67202
563.788, -8.57263, 0.388042
564.933, -9.51478, -1.87269
563.634, -11.9004, 1.68828
564.072, -11.7275, 2.53941
564.496, -12.4217, -1.92657
564.429, -9.99029, 1.9508
563.449, -8.84004, -2.15808
564.947, -9.52804, 0.582915
528.971, 11.4035, 0.184098
502.548, 19.9318, 1.96523
487.695, -7.21471, -0.163615
523.241, -9.56234, 0.414904
492.852, -32.0484, 3.01572
507.21, -26.0045, -1.69207
500.009, -30.0971, -0.883943
563.468, -4.54854, 1.83583
563.512, -6.30783, -1.72394
563.989, -2.30972, -1.89944
563.159, -8.4059, -1.94695
562.932, -9.10558, -3.08031
563.693, -3.67636, 0.898553
599.289, 54.3693, -1.82849
598.461, 48.1094, 2.90573
586.823, 21.4078, -0.511767
622.568, 39.4411, 1.29962
614.293, 25.1884, -2.61664
632.064, 20.6131, 2.04575
586.116, -1.52904, -1.69846
563.191, -1.96654, -1.11031
562.891, -1.83998, -1.36055
562.735, -3.98913, -1.42698
504.903, 15.6386, -2.77157
562.43, -2.71275, -2.35191
562.567, -1.67184, 0.798678
500.068, 3.26913, -1.09095
562.545, -2.14289, 2.75671
484.869, -17.5512, -1.9443
563.052, -5.09486, -0.471679
563.046, -5.00116, -2.32701
563.899, -0.768993, 1.43394
562.905, -2.06904, -2.89665
564.856, -0.0988045, 1.64217
562.606, -3.14633, -2.33361
562.113, -3.7776, 2.4593
564.543, 0.330297, 0.960686
564.897, 0.143702, 1.17561
563.098, -2.66783, 0.981663
562.699, -2.42167, 2.89496
565.683, 2.21769, 0.884489
563.909, -0.589878, 3.14013
526.553, 35.7646, 0.929256
488.992, 28.1536, 0.660003
509.247, 40.4449, -3.05281
563.995, 0.977622, 1.16639
522.669, 57.8659, -0.990073
531.708, 48.1522, 0.796766
567.108, 0.0939619, 2.97185
529.179, 33.2047, 0.0732442
565.863, 1.39565, -1.16164
610.937, -33.097, 0.0650219
567.875, 1.77553, -0.456205
565.856, 0.971232, -1.6092
573.01, 2.30395, 2.33185
565.328, 2.65433, -0.291907
566.455, 0.589173, -2.10997
565.616, 1.09828, 1.85407
569.657, 1.45283, 0.554272
565.702, 2.25203, 1.89411
573.72, 1.67094, -1.99167
573.021, 1.5915, 0.779976
517.123, 63.4612, -0.11258
572.468, 1.53173, 2.91573
565.035, 2.4835, 1.47507
573.753, 1.4106, 0.680223
562.083, 3.75824, 0.608508
564.894, 3.19431, -0.862678
563.571, 3.60392, -2.00465
561.809, 4.33225, 1.85246
562.512, 3.65993, 2.47097
563.944, 4.37492, 0.968731
562.479, 3.07704, 1.50772
563.403, 2.47602, 2.88309
562.076, 3.71642, -2.47741
562.975, 3.95852, -1.91428
564.442, 4.20889, -2.13332
564.017, 3.67541, 3.09848
564.547, 3.84949, 2.75036
563.015, 3.83814, 2.28078
563.056, 3.75057, -1.42648
557.791, 5.90397, -1.94643
562.988, 2.63682, 0.189506
562.809, 3.20398, 2.47131
562.975, 2.93385, -2.82695
563.026, 3.34187, -2.98631
489.821, -30.0611, -1.05622
562.942, 4.24639, 1.30431
554.132, 2.10565, 2.55616
565.289, 2.40738, 2.34853
566.983, 1.18473, -2.8067
568.437, 1.1816, -1.87267
567.403, 1.02957, 1.67414
564.607, 2.71279, -1.12463
569.712, -0.118526, 2.88206
564.571, 2.33778, -1.84016
566.971, 0.441601, 0.779627
565.096, 3.35844, 0.540421
557.229, -63.5382, -0.12311
562.272, -10.2364, 1.06028
547.658, -39.0508, 0.205865
569.482, -0.724753, -1.25863
565.589, 0.498464, -1.31971
568.965, -0.372297, 2.94062
567.022, 0.655196, -0.788348
568.192, -0.308866, 1.83261
566.746, -0.055826, -1.73736
567.286, -0.435035, 2.30832
566.642, 0.509949, 0.368998
566.748, -0.0503087, -2.34925
571.877, -1.04107, -0.896694
569.29, -0.337058, -1.27514
566.676, 0.42448, 3.00268
568.975, -0.380884, 3.05163
567.873, 0.441637, 3.05427
568.444, 0.0574475, 0.799148
566.908, 0.447845, -1.84234
569.614, -0.340935, 1.09419
573.349, -0.326596, -3.08248
572.292, -0.43814, -2.06271
570.328, 0.238607, -0.565237
570.234, -0.0427766, 0.833567
572.545, 0.0324587, 1.62671
572.102, 0.115277, 2.35854
572.346, -0.132796, 2.83807
568.855, -0.383648, -0.764102
569.198, -0.278198, 0.696002
569.562, -0.490801, 1.55783
569.689, 0.262321, 0.363368
573.209, -0.461205, 0.637406
572.217, -1.05633, -1.38187
572.304, -0.106612, 1.8486
572.904, -1.33028, 2.82951
570.217, 0.14325, 2.14957
571.763, -0.992279, -2.86682
571.049, -0.378056, -2.46925
572.094, -0.570967, 1.76592
572.604, -1.06567, -0.769732
576.705, -5.00611, -2.26463
573.911, -2.3031, 0.381961
572.978, -0.337053, -2.30483
576.8, -5.34804, 0.523347
574.128, -3.18747, 2.08027
573.482, -1.48508, -1.71537
577.022, -6.27659, 0.628804
576.377, -5.52795, 1.12808
574.302, -2.60693, -1.40349
576.084, -4.51918, -2.49468
575.735, -4.78988, 0.298299
573.415, -2.72648, 1.84877
575.691, -4.14116, 0.207147
573.415, -5.97328, 0.282483
573.593, -14.8958, 2.63173
576.556, -4.92133, 2.47404
571.859, -15.8201, 1.33504
572.152, -12.3144, 1.71805
572.946, -9.84125, 0.746673
573.575, -14.1809, -2.32433
573.614, -3.92149, -2.59523
573.946, -2.91767, -2.7842
576.158, -4.52628, -0.135394
574.082, -32.3274, 3.09456
575.089, -5.84917, -2.78692
577.526, -5.23898, 3.04104
574.474, -18.6126, 2.31598
576.248, -4.82245, 0.439313
573.338, -16.1576, 1.41726
573.224, -6.21145, 3.07687
573.648, -13.5223, 0.494951
574.877, -4.90739, -0.748437
571.98, -17.2353, 2.60938
580.863, -11.7551, 0.138019
573.716, -4.79092, 2.37247
574.479, -2.77483, -2.61223
576.495, -4.01328, -0.396503
576.454, -5.96971, -0.6223
575.332, -4.89393, -1.55256
577.857, -6.6142, 2.93589
577.401, -4.04638, 1.96301
578.427, -3.93513, -2.70785
577.305, -5.88535, 0.263352
576.608, -9.55903, 1.84205
576.369, -5.18535, -2.0666
576.758, -6.36471, -2.596
577.457, -6.61596, -3.02953
576.399, -3.54921, -0.741991
616.391, 12.5979, -2.63538
576.728, -4.398, 0.0780376
576.466, -6.06639, -0.0197644
576.706, -5.96316, 2.1368
578.265, -5.88751, 1.27203
583.064, -5.43831, -2.7729
578.721, -5.95126, 0.886187
581.034, -5.16073, -2.81147
578.383, -5.79471, -2.531
585.116, -5.01156, -2.0099
584.494, -6.02622, 0.618905
582.807, -5.30928, 0.943186
584.372, -5.63311, -0.279258
585.854, -6.40809, 0.25648
585.038, -6.29323, 2.76109
581.786, -6.0483, -0.768412
579.58, -9.85573, 1.04429
584.787, -12.849, 1.16088
584.056, -5.95182, 1.14328
580.17, -5.9996, -2.42547
582.448, -11.0615, -2.80416
584.679, -5.90811, -2.30211
586.896, -5.50303, -2.92116
586.532, -5.78186, -3.12329
582.508, -5.36422, 0.263334
586.418, -5.46375, -2.37049
586.781, -4.91052, 2.69799
585.735, -5.66047, 0.53451
583.697, -5.75809, -1.8845
584.895, -5.90356, 0.689701
585.509, -6.1262, -0.517613
583.944, -5.80671, -1.58497
583.464, -5.94531, 2.41519
586.461, -5.65876, 2.66412
584.738, -5.43205, -1.64225
586.62, -5.4746, 0.31105
587.09, -6.33689, -2.81773
586.443, -4.57275, -2.23906
585.847, -5.16719, 1.26551
586.2, -6.73054, -0.0452115
586.687, -5.60352, 1.63619
585.206, -13.5019, 1.55494
586.804, -6.64442, -2.01599
586.922, -12.1878, 1.17077
586.696, -12.3138, 2.81876
586.664, -8.66597, 2.76431
586.611, -7.87113, -0.0487831
586.347, -8.02006, -0.543483
587.008, -9.30131, -0.955726
586.965, -10.2606, -0.0663681
576.398, -11.8974, 0.642074
586.424, -8.64575, -2.02511
587.193, -11.0632, -2.35948
587.355, -11.3911, 0.832711
577.768, -14.8374, 1.7626
587.228, -9.93374, 0.949005
588.109, -11.9573, -0.799172
588.238, -10.7486, 1.61646
589.279, -11.3323, 3.08925
587.371, -12.3649, 2.14368
587.167, -13.7066, 0.807086
587.793, -12.9047, -1.6715
586.89, -11.3327, -0.111092
587.286, -14.3425, -2.12749
587.914, -11.9917, -0.0403467
587.282, -11.8949, -2.88981
575.965, -12.6324, 2.36469
587.171, -13.5387, -0.19391
587.505, -13.295, 1.97123
587.134, -13.5257, 1.64787
581.955, -14.5466, 2.63721
582.745, -14.4894, -0.415575
581.098, -15.4287, 1.00552
584.803, -14.7796, 2.06062
581.901, -15.8221, -2.99889
578.358, -10.9312, 2.27003
585.651, -14.6756, 1.56055
584.738, -14.4984, -1.66006
583.614, -15.459, 1.46341
582.66, -15.4074, 2.63581
581.563, -15.7488, 1.58641
582.326, -15.7376, 3.0147
580.777, -16.4282, 2.21577
578.296, -17.6861, -1.04677
582.119, -15.4071, -0.777846
576.022, -18.382, -3.04756
578.547, -17.6382, -0.580428
578.104, -17.526, 2.34704
575.919, -18.2217, -0.331523
577.675, -17.3092, -1.81058
581.697, -16.0026, 3.01674
579.041, -17.1482, 1.18498
579.376, -17.2719, -3.03145
579.384, -16.8075, 1.12118
579.704, -16.429, 3.01898
581.157, -15.9589, 2.26698
577.086, -17.7649, -1.33586
579.772, -16.5728, 1.23692
579.862, -16.5344, -2.07198
577.341, -17.4572, 1.86473
579.961, -16.5812, 0.888958
576.364, -17.694, 1.60615
579.418, -16.4228, 1.94192
577.881, -17.2734, -1.6997
576.971, -17.1267, -1.04687
578.057, -17.2137, -0.658876
576.129, -18.0723, -2.03331
576.617, -17.5642, 2.19582
576.286, -18.2312, 1.02439
576.664, -18.2078, 0.937028
577.436, -17.676, 2.61727
577.518, -17.4224, -0.661257
576.327, -17.4831, -2.695
575.572, -16.5858, 2.62575
575.68, -17.3378, 0.57305
576.445, -17.3958, 1.7019
577.093, -23.2893, -1.29866
577.709, -24.0701, -2.17946
581.996, -35.7389, 1.85866
578.577, -26.0463, 0.175127
577.718, -23.2159, -1.98826
577.402, -21.7048, -2.18818
579.806, -31.1503, -2.85786
578.951, -32.3813, 2.24017
579.038, -34.5541, 2.02322
576.76, -24.5023, 1.02899
578.876, -33.5413, 2.98302
577.441, -25.8166, -0.772883
577.397, -25.4609, 1.8024
579.313, -35.9299, 1.99441
579.38, -37.5684, 2.49735
576.661, -21.4768, -0.552934
576.442, -22.5635, 1.04752
576.146, -20.9546, -0.931641
573.292, -24.9804, 2.10446
571.235, -24.5725, 1.98896
578.774, -26.122, 0.511945
572.167, -8.38686, 1.0452
573.164, -11.3566, -1.51596
571.855, -7.36607, 2.09497
574.761, -12.1675, 2.44287
575.577, -15.5506, 2.38557
575.905, -13.5037, 0.937093
576.391, -17.3602, 0.190117
575.997, -9.83255, -2.6524
575.61, -12.0541, -1.98046
575.446, -6.85909, 1.52577
576.646, -14.702, -0.285475
576.297, -17.8255, -1.95475
576.151, -6.01549, -1.22499
576.335, -9.0141, 1.35078
576.449, -17.7921, -3.03307
581.554, -17.2326, -1.23787
576.504, -16.5377, 0.152757
576.291, -15.0439, -2.78976
582.503, -16.5413, 2.90625
588.223, -14.9617, 0.965175
585.271, -15.5053, -0.621027
581.759, -16.3447, 2.58365
579.166, -16.8309, -2.07677
583.578, -15.9248, -2.818
580.931, -16.1372, -2.21079
578.146, -10.1281, 2.30361
582.911, -15.4782, -2.52776
581.908, -15.6502, -0.976839
582.709, -15.9247, 0.446117
589.17, -13.6889, -2.7133
583.952, -15.2207, -0.304275
581.395, -16.3663, -1.16679
585.923, -14.9498, -2.93576
583.111, -15.6403, -0.516004
582.752, -15.5975, -0.25722
585.609, -14.7739, -1.72987
587.576, -13.6619, 0.315777
585.874, -14.8225, 1.21068
588.013, -13.4802, -1.72077
588.71, -13.8833, 2.48307
586.608, -14.6806, -0.839272
587.645, -13.9062, -2.99437
586.55, -13.9147, 1.45208
587.542, -13.3527, 2.78326
583.721, -15.2119, 0.545218
586.968, -13.9562, -1.30297
584.821, -14.5148, 1.14824
586.53, -14.5565, -1.85814
587.969, -14.0084, -0.799817
585.428, -14.4194, -0.80379
586.03, -14.2555, 3.0082
586.694, -13.8901, -2.76705
587.958, -13.2982, -0.39931
586.355, -14.418, 0.307511
586.521, -13.7741, -2.13008
589.214, -10.6332, -2.07528
587.442, -14.0665, 2.35352
589.893, -10.0989, -1.45478
588.063, -12.2956, -2.20657
588.804, -11.1966, 0.305846
587.715, -12.5047, 1.4718
588.123, -11.8623, -0.062001
584.993, -3.59022, -2.24699
588.011, -11.2052, 2.48999
586.144, -4.89351, -0.903907
585.551, -5.36977, -0.492889
588.507, -11.2278, 0.589552
582.098, 1.90294, 2.55429
582.06, -0.656096, -0.821781
590.224, -11.098, 2.26749
589.932, -10.82, 2.37615
589.402, -10.9612, 1.30476
589.906, -10.4632, 2.98924
593.452, -9.3731, -2.54652
593.689, -8.65052, 2.66902
594.558, -7.36183, 0.84908
594.253, -7.8613, 0.91701
592.059, -9.45965, 1.67244
593.596, -6.04299, -1.03711
591.901, -8.47072, -0.855225
591.177, -9.5253, -2.00194
593.567, -5.01948, 1.00736
594.069, -4.53605, 1.7833
595.286, -5.81753, -0.511024
594.489, -7.83666, 0.762722
596.062, -4.29179, 1.38463
594.772, -6.20872, 0.314292
593.221, -5.61353, -2.99953
592.741, -8.33566, 2.5755
594.702, -6.10631, -1.94596
598.742, -10.694, -1.30943
593.727, -5.05073, -2.661
596.199, -9.69903, 0.17345
599.106, -12.7303, 0.136951
599.155, -12.2809, 2.6996
598.637, -11.3049, 1.79471
600.198, -9.8622, -0.920611
597.189, -10.1011, -0.924858
599.766, -12.5609, -2.97702
621.697, -29.5936, 1.32537
598.889, -10.8706, -1.64354
649.577, -52.2413, 1.50116
623.365, -30.6619, -1.95772
598.211, -11.9102, -0.661292
650.15, -55.8253, -0.679106
600.045, -13.2491, -2.78913
648.312, -51.6147, -1.84597
638.901, -45.6859, 2.96206
641.003, -45.2239, 1.81995
636.313, -43.9871, -0.806487
653.566, -58.6198, -0.875748
598.903, -12.5743, -1.21004
597.896, -10.6436, -1.08789
600.815, -8.58973, 0.549765
600.172, -7.97089, 0.379831
598.656, -9.88745, 1.895
599.225, -9.35909, 0.558998
600.853, -8.18826, 1.10711
600.608, -9.25226, -2.76027
599.92, -8.91436, -1.71331
600.071, -7.37069, 1.41666
600.507, -7.68581, 0.511435
600.025, -7.06401, 2.56495
600.509, -6.87877, 2.00472
598.572, -6.53451, 1.01884
600.174, -7.71912, 0.356968
664.523, -9.5015, -2.31607
599.529, -6.70194, -1.23558
610.578, 67.9734, -0.616734
607.384, 36.0588, -1.54983
605.946, 71.612, -0.598475
648.25, 8.57776, -2.31017
600.593, -8.95072, -0.96373
599.151, -9.65091, -0.318646
597.863, -11.7384, -1.34389
600.064, -9.59412, -1.31542
600.516, -9.41316, -2.88448
598.736, -9.43463, -0.19298
597.828, -11.4719, 0.85074
600.457, -9.14885, -1.42308
599.191, -9.32972, -1.25951
600.57, -8.47217, 2.80769
599.424, -9.80105, 2.64394
597.375, -12.408, -0.0661649
597.832, -10.8601, -0.388646
596.452, -10.4078, 0.270496
600.744, -9.33663, -0.549335
600.628, -10.8192, 1.3588
598.162, -9.10962, -2.33248
623.135, -70.2814, 1.39384
595.295, -8.66428, 0.502258
597.021, -10.3149, -0.673345
599.672, -9.86084, 0.507295
595.859, -9.84225, -0.0411266
597.193, -10.1132, 0.0195698
595.79, -9.7302, 2.35372
597.37, -10.1003, -0.464072
595.285, -8.69468, -1.99239
598.368, -12.8929, 0.661417
594.004, -7.95472, 1.68041
595.548, -8.48234, -0.705131
598.219, -10.8321, -1.9214
599.674, -13.3519, 0.28085
640.127, -77.9454, -0.0355426
632.681, -53.2405, 0.524214
614.718, -39.5603, 0.959656
616.699, -37.8349, 2.20165
617.469, -37.4114, -2.57354
645.431, -73.7826, 0.446055
617.994, -40.1669, 0.157702
635.92, -73.9351, -1.59251
638.373, -61.3438, 0.299657
641.383, -65.2434, -0.0871159
651.681, -57.4995, 1.0385
657.58, -63.6246, 1.95048
647.373, -65.3864, -1.16587
645.088, -60.5342, 1.11707
647.645, -75.6245, -0.624847
641.79, -77.1276, -0.344399
645.765, -81.365, 2.08699
642.174, -73.0736, -1.08791
645.56, 45.1074, 1.46602
652.711, 36.4428, -2.66023
606.431, -44.9166, -2.5763
605.748, -91.4988, 2.51869
602.52, -15.0784, -0.354794
602.809, -15.0451, 0.425538
603.978, -15.9341, 1.66182
602.17, -14.8502, 1.98495
650.817, -67.366, -0.744674
625.312, -42.1658, -2.01785
602.442, -15.3243, -1.881
628.326, -82.214, -2.54377
632.18, -84.994, 0.0287697
632.328, -87.3062, -2.4899
631.148, -79.2076, -1.64191
629.618, -64.454, 0.0984928
642.41, -72.8922, 3.11978
602.371, -15.7414, -0.768664
599.443, -13.525, 1.27035
598.743, -12.8244, 1.98734
599.41, -13.0263, 0.790886
599.209, -13.363, 2.56961
601.567, -14.7043, 3.09409
598.431, -13.4256, 2.30315
599.397, -13.6562, -0.234052
598.908, -13.6704, -2.45191
601.484, -14.6602, -0.153266
526.703, -24.1375, -2.72311
529.875, -28.3242, 0.390525
565.973, 42.0928, 2.63057
544.95, -23.023, -1.43009
561.423, -34.0876, -1.66432
588.914, 25.2241, -1.63422
527.976, -47.1057, -2.29277
574.09, -36.3449, -2.26081
564.382, -78.1975, -0.781424
580.265, -36.801, 2.50596
561.904, -78.1756, 2.37742
567.621, -84.356, 1.40773
598.498, -10.589, -0.806808
598.803, -11.5912, -1.20732
597.637, -11.6548, 3.02255
598.2, -10.9373, 2.12573
598.703, -13.9846, -0.965187
598.772, -13.0368, 0.128461
598.031, -7.27736, 1.55782
598.411, -7.48679, -2.31624
599.205, -9.54206, 2.14039
599.904, -7.72509, -1.51416
599.917, -11.495, 0.142598
600.235, -9.34606, 3.11627
599.667, -12.6174, 2.19784
598.819, -13.474, -1.86138
598.115, -8.45433, -2.38895
599.066, -11.4067, -1.13425
598.147, -9.66285, 2.99541
597.884, -9.89736, -2.83915
599.202, -8.68579, -1.104
598.745, -11.396, -0.154972
598.167, -10.3409, -1.06549
599.155, -9.20142, -2.24145
598.45, -10.8825, 1.69666
599.458, -9.12066, 1.13959
599.179, -8.82332, -0.150713
598.653, -10.0538, -0.495501
602.789, -8.13933, 1.3555
598.415, -9.91005, 0.236491
598.834, -9.73637, -0.850827
601.463, -9.27976, 0.137873
598.045, -10.0445, -0.316808
599.42, -8.40569, 2.77277
601.93, -8.82718, -1.63605
597.085, -5.91674, 3.08135
595.527, -3.64556, 2.51921
595.769, -3.05845, -0.561988
532.073, -10.6619, -2.35729
521.607, -9.83796, -2.89924
596.511, -4.91987, 0.895026
596.444, -3.65271, -2.18396
596.227, -2.86261, 0.0619237
597.389, -5.994, 0.180227
595.997, -3.39699, -0.563674
596.509, -4.95671, -0.852057
596.357, -3.1593, 2.70295
596.066, -4.22826, 1.74561
596.853, -5.20336, 2.01307
595.739, -3.17506, -0.330587
557.328, -6.90702, 1.26106
598.752, -2.94272, -2.48147
595.89, -3.82922, -1.73066
596.995, -2.79967, -2.01308
596.56, -6.08012, 1.19732
597.766, -3.89844, 3.05387
594.947, -2.84545, -1.5552
600.937, -0.447569, -1.90764
667.773, 27.7962, -1.75002
602.26, 1.14842, -0.618237
622.349, 3.76529, 0.525397
636.234, 4.38844, 1.51391
661.543, -28.6141, 0.225764
659.897, -50.0421, 2.15922
638.875, 6.61052, -0.00905645
655.814, 5.43494, -2.53226
664.519, -9.6311, 2.16798
645.078, -0.64504, -2.83683
656.111, 19.6701, -1.80388
615.743, 22.2441, 1.67139
639.126, 52.5843, -0.221124
541.172, 22.6659, 1.65082
545.06, 13.327, 1.78158
524.779, 7.57335, -1.85447
658.237, 52.9739, 0.998635
612.753, 9.14059, -1.78767
663.045, 29.4319, 0.799157
656.26, 29.9034, -0.928914
629.458, 8.95093, -0.124357
669.295, 30.8858, 0.908681
654.302, 19.7151, -2.80721
637.011, 13.4893, 2.76349
671.65, 27.1368, -2.32591
664.131, 24.5146, 0.292784
625.646, 14.3904, 1.48687
632.804, 23.7836, -0.663343
653.695, 22.2228, 2.00277
648.256, 0.43738, -1.43733
599.402, -2.00138, -2.99637
587.779, -56.1188, 2.0461
596.211, -63.891, 2.51338
615.318, -74.1055, 1.93033
598.744, -4.21801, 2.09883
597.677, -6.18862, -2.43819
599.349, -1.3711, 2.656
648.151, -30.1901, -1.10358
664.675, -25.8778, -1.2774
632.845, -11.8111, -2.6256
644.35, -11.872, -2.83661
594.324, -60.6811, 2.67884
609.789, -72.0288, -1.81472
600.293, -70.8511, 0.814376
574.359, 13.3858, -1.97911
625.31, -65.3002, 0.829543
604.23, -51.0046, 0.754229
596.703, -5.84966, -1.74021
597.509, -2.57383, -1.93883
594.908, -7.31662, -3.02689
597.541, -3.6272, -1.7226
528.784, 2.18255, -0.605485
541.447, -7.92916, -2.01678
556.904, -1.28936, 1.86628
562.991, 5.41977, -0.969372
561.011, -3.58011, -2.72606
541.098, -6.03466, -0.853888
597.942, -2.939, 2.35474
597.584, -2.40648, -2.88844
594.737, -4.15082, -0.532204
598.098, -6.96569, -1.33246
597.41, -5.87572, -1.29697
676.951, -9.19575, 2.71107
657.551, -8.87412, -2.69492
597.506, -5.64396, -1.44418
596.675, -5.57943, 2.60453
597.871, -2.16804, 0.339467
598.421, -3.8109, 2.41869
598.471, -2.55433, 1.72508
598.078, -3.0207, 2.11666
597.83, -5.97268, -1.6318
597.696, -2.45803, -1.18697
598, -4.61614, -2.28047
596.782, -4.23511, 0.435673
596.2, -5.94922, -1.0649
596.307, -5.15922, 2.05186
598.487, -3.77284, -2.18361
597.071, -4.92061, 0.702386
597.027, -3.28097, 2.10499
595.932, -6.10684, -0.275152
595.871, -4.46973, -1.57406
598.571, -3.38486, 2.79534
597.084, -4.52733, -2.29862
597.567, -4.20356, 0.575868
597.283, -4.55914, 2.48409
597.884, -4.20195, 2.19503
597.459, -3.53594, 2.96946
595.169, -4.38315, 0.787935
596.456, -4.62504, -2.39886
598.11, -3.13535, -0.474473
597.731, -3.69612, 2.59449
597.481, -4.89746, 2.95336
597.085, -5.03383, 3.01901
595.235, -4.19062, 0.325808
597.322, -4.20274, -2.83428
598.145, -7.15269, 0.500873
596.045, -4.49703, -0.767859
597.868, -6.48802, 1.0687
595.931, -6.23456, 2.80938
595.44, -4.24209, 1.81006
598.155, -6.09842, -0.620367
597.312, -2.57283, -1.09941
598.308, -6.50142, 2.77808
598.654, -5.84479, -1.84077
595.389, -4.40707, 0.469535
597.715, -3.2405, -1.97522
598.696, -3.35594, 2.22441
597.754, -5.45907, 1.1514
596.097, -4.92952, -0.452726
598.224, -4.23557, -2.359
597.53, -2.88247, -1.62092
597.48, -6.44564, -1.28122
595.443, -4.68127, -1.32766
597.309, -4.62542, 2.0825
599.019, -3.73737, 1.96569
598.501, -5.1604, 1.38993
597.542, -6.05949, 1.69474
595.121, -7.49758, 2.70707
594.995, -4.22907, -0.196937
595.408, -6.73818, 2.82336
597.266, -2.62586, 1.97575
598.447, -6.60336, 1.52004
595.633, -4.62231, -2.00799
597.512, -5.39716, -2.82715
597.516, -2.48249, 0.345944
598.022, -4.49385, -0.0106666
