500.962, -9.08769, -2.60561
531.479, 17.3592, -0.020987
523.943, 14.7661, 0.036135
509.082, -12.3022, -0.66986
563.293, -3.0557, -2.34661
532.208, -7.86652, 1.96054
507.235, -4.06411, 0.489391
523.593, -3.3528, 1.91583
528.044, -9.18494, 3.07585
516.889, 20.8455, -2.88769
547.297, 0.039693, -1.14976
520.435, 18.5348, 2.56459
499.774, 24.8025, -0.299351
517.186, -7.83218, -3.02398
542.622, -8.1272, -0.982898
507.329, 24.2835, -3.06921
523.895, -2.13642, 3.00628
545.663, -3.41628, 0.364377
496.756, -4.30675, 0.663288
531.652, -0.636771, -2.3294
513.531, -0.470389, -0.241053
497.335, -11.0867, -2.39901
527.305, -12.8525, 0.733912
500.794, -7.15139, 1.7105
502.539, 17.3505, -2.10492
500.356, -7.91915, 0.846611
500.45, 26.1841, 2.89077
522.693, -2.28554, -3.08161
566.489, 3.66361, 3.03552
513.588, 26.1452, -2.96417
553.359, 9.08113, -1.49786
523.018, -4.41026, -1.79282
501.999, -0.24053, 0.248104
516.304, -15.3984, 0.922892
504.303, 23.0349, -2.4194
500.347, -11.864, 1.28361
507.679, -8.54259, -1.4812
513.518, -4.32942, -2.58341
520.496, -8.41947, -0.683679
512.22, -10.1435, -0.129499
523.469, -11.7482, -0.400043
505.815, -4.37366, -1.08196
521.49, -3.22252, -1.83911
501.232, 0.795622, 0.02001
533.718, -2.92398, -2.56689
538.019, 0.020665, 2.58333
510.046, -11.5079, 1.16285
546.264, -6.87519, -0.018771
506.062, 32.3723, 1.68677
525.64, 0.303872, -0.800039
548.306, -5.04124, -1.96339
547.389, -5.95427, -3.07224
549.864, 12.4319, -2.75296
552.796, 8.30674, -2.59904
502.361, -15.0774, -0.83151
515.396, 20.771, -2.40461
539.182, -10.4534, 0.562524
497.526, -15.8764, -0.565625
527.241, 20.6465, -2.74428
564.678, -2.1818, -2.36271
512.401, -8.89148, -1.91708
511.353, -18.0915, -0.366926
554.522, -8.63321, -2.89768
577.322, -0.581801, 0.285644
623.405, 43.7835, -1.98371
631.229, 51.1051, -1.79211
622.956, 47.8076, -2.3318
597.979, 20.4129, -1.67103
615.872, 37.3966, 3.108
592.317, 21.5361, -2.02012
600.186, 26.7738, -0.103363
627.259, 57.5538, -1.2442
616.356, 48.2983, 2.04962
597.026, 21.7049, -0.40125
615.971, 46.1347, -1.65639
614.126, 45.0174, -1.13549
600.472, 18.9405, 1.11837
594.246, 11.793, 0.729495
623.054, 9.8811, -1.75387
587.9, 6.59122, -1.91525
620.794, 20.7794, 2.37209
635.767, 20.7347, -0.376996
645.1, 11.0594, -0.69602
620.032, 4.27578, 0.659061
654.106, -6.02163, -2.68305
578.028, 3.90995, 0.373311
578.159, 4.05344, 2.75651
577.699, 2.86293, 0.595662
577.728, 3.70432, -1.69794
507.949, 8.38255, -1.89302
644.514, 18.9463, 2.31536
601.025, 79.0467, 3.06987
643.136, 28.7992, -2.64622
598.072, 32.2322, -2.14298
654.216, 7.71185, 2.36849
614.369, 22.3725, 1.41014
640.615, 35.4968, 1.95523
627.632, 49.6086, -2.73441
632.905, 62.4856, -2.56842
621.622, 48.3399, 1.19818
626.946, 55.0056, -0.357062
621.694, 51.6376, -0.806326
613.715, 59.7167, 1.90488
601.674, 37.645, -0.911507
618.008, 60.5063, 0.251049
602.521, 61.5527, -0.153832
582.034, 19.4773, -1.17382
593.402, 81.4972, -1.23136
595.784, 73.1514, 2.56874
587.548, 47.6541, 3.02987
581.026, 64.7119, 2.32516
618.803, 63.8017, -1.32647
614.586, 46.9765, 1.21902
648.368, -34.8404, -0.573279
618.641, 17.15, -2.35652
561.291, -50.7487, -2.67436
618.452, -38.349, 0.295231
544.783, -25.7262, -2.39811
536.377, 49.7109, -1.39752
566.954, 73.0836, -1.68485
550.475, 62.7742, -0.1269
550.73, 46.571, 0.504943
571.053, 66.4064, -3.0532
573.311, 62.6343, -0.064078
574.003, 32.0005, 1.40366
569.77, 70.5349, 1.96192
574.642, 67.6704, 0.956374
587.96, 54.3831, -2.09845
603.004, 61.7959, 1.98082
598.08, 69.6899, -1.2467
598.975, 70.2875, 2.38345
583.581, 15.3649, -1.94851
603.022, 35.3843, -0.343479
611.67, 64.825, -1.03979
603.787, 56.9184, 3.00814
593.223, 47.389, -1.37391
591.63, 70.8985, 0.798888
589.217, 71.2665, 2.31397
598.696, 56.3997, 1.97813
555.559, -1.77993, 2.21074
529.417, -27.4487, -1.90041
521.747, -47.4929, -1.96236
576.109, 7.1809, -0.381731
576.17, 7.29279, -1.73138
575.435, 5.38517, -2.02093
576.39, 7.46888, 2.98624
577.078, 6.61067, 0.095066
621.789, 39.5435, 0.552166
626.113, 44.5737, 2.65043
627.456, 42.8739, 1.311
625.456, 39.4041, 2.52089
616.425, 28.8384, -1.77295
563.274, 36.9623, -2.01981
542.719, 81.2632, -2.14201
576.61, 7.81845, -1.13804
575.897, 7.7177, 0.519136
576.795, 7.65321, 1.5761
544.661, 82.246, 1.33523
575.4, 7.14571, -2.92456
578.171, 3.881, 0.594854
641.315, -27.3264, 2.71834
644.151, -27.1897, 2.47897
620.007, -15.0976, 1.5406
622.669, -19.0124, -1.56435
598.932, -9.69057, 1.33551
576.142, 5.75378, -1.84851
526.917, 16.9358, -0.149189
502.567, -23.09, -1.42058
521.293, -7.67015, 1.84256
504.429, 13.5062, 0.074886
550.415, 4.42265, -0.302913
535.732, 6.29702, 0.252814
507.681, 23.0384, -2.35438
519.214, 14.8235, 0.51503
518.753, 35.3094, 2.87328
557.811, 75.2979, 0.95011
556.574, 38.543, -0.346568
596.121, 73.327, -1.40697
571.301, 46.4722, -2.97361
555.261, 29.9949, -1.1085
576.091, 85.8262, 1.53547
593.564, 54.8884, -1.69818
546.146, 62.1067, 2.31357
560.538, 44.6386, -1.42847
581.568, 68.8441, -1.25948
571.681, 11.9143, -0.878189
572.626, 5.35126, 0.320166
561.653, -53.5527, -2.5119
557.311, -69.4565, -2.7052
568.227, -70.1451, -1.49223
570.47, -64.7125, 3.00849
572.962, 5.7178, 1.0387
572.17, 7.09036, 2.53737
523.274, 62.5371, 2.76925
572.209, 6.17026, -2.1423
551.082, 33.6626, 0.132316
548.964, 35.7862, 0.088601
551.565, 54.7977, 2.0826
572.622, 7.31375, 1.11258
572.709, 7.28006, -2.53299
508.328, 30.224, 3.05844
610.538, 11.9803, 3.11457
572.736, 7.12651, 0.513121
640.544, 11.8485, -2.58799
612.929, 6.38962, 2.51537
572.433, 6.29862, 0.194826
572.153, 7.35668, -1.7806
572.231, 7.38493, -0.253624
498.11, 6.96281, 0.298636
491.707, 7.74213, 0.220539
495.523, 6.41389, -3.00977
528.15, 6.83266, -0.824204
497.115, 2.26467, 1.07751
496.044, 7.11866, 0.544811
503.879, 2.11253, -1.58492
512.329, -14.9787, -2.57792
494.326, -12.3549, 1.42984
503.875, -7.55959, -0.59301
545.124, 1.63227, -1.69035
512.054, -4.92436, 2.31299
499.973, -8.93039, 0.798914
498.977, -4.003, -0.883936
495.754, -8.50742, -1.96616
573.405, 5.98753, 1.30327
572.756, 6.84305, 3.1411
573.009, 6.38832, 1.54221
578.864, 4.63963, 2.62125
572.322, 5.70229, 2.99705
572.822, 6.35438, -1.81431
572.73, 6.61923, 2.97602
575.875, 4.7165, -1.05799
575.722, 4.73733, -2.82379
572.965, 5.56785, 0.279148
572.871, 6.65958, 2.35151
639.672, 9.00931, -0.039781
647.185, 21.3606, -1.64102
650.5, 28.623, -2.37277
637.267, 33.3145, -0.023055
626.191, 51.6102, -1.94336
608.921, 52.4228, 2.27281
624.677, 0.130929, 1.43912
608.496, 3.67774, 0.050966
644.468, 8.7492, -1.43524
612.015, 20.8934, -2.85059
603.309, 12.9362, 3.06563
597.994, 7.69606, 2.49171
608.083, 14.0825, -1.65522
621.626, 22.3674, 1.04155
602.552, 16.6131, 2.46164
614.832, 18.9434, -2.73835
606.886, 16.2405, -2.2406
642.038, 19.7621, 2.99274
609.091, 12.5886, -2.24021
625.985, -38.6957, 2.94903
596.979, -24.9655, -3.05337
627.252, -53.7531, 1.66911
605.589, -48.2728, 2.02345
584.283, -55.021, -0.267055
618.228, 29.5717, -0.291921
637.804, 47.5221, 0.493928
577.953, 2.11251, -1.84762
577.443, 4.16787, -0.919064
578.667, 5.82745, -2.06315
577.593, 3.96163, 2.93566
577.328, 2.19798, 1.19959
541.605, -5.68869, 0.655932
576.622, 2.9948, -0.62053
577.754, 2.43775, 0.007586
577.559, 3.79481, -0.982133
532.16, -44.0399, 0.550496
539.267, -26.8312, 1.16572
507.419, -37.3149, -1.10864
577.209, 3.51481, -2.82632
590.98, -18.2147, 1.10878
610.355, 4.96641, 1.8596
613.863, -41.8815, -1.57373
593.031, -17.6331, -1.11282
615.005, -39.7465, -0.138751
601.716, -53.9939, -0.290542
606.217, -39.0689, -2.47884
621.438, -38.7007, -1.06458
604.887, -27.2282, -1.86122
606.197, -19.755, 1.90289
616.01, -20.987, -3.04095
622.009, -16.7764, 2.32682
506.099, -37.1163, -0.143276
575.392, -2.50331, -2.66926
519.73, -18.2635, 0.351745
516.871, -18.9358, -1.10552
534.307, -2.22586, -1.63177
527.716, -2.39958, 2.62295
521.353, 1.52837, -1.10961
575.985, -0.898212, -1.34139
577.903, -1.09221, -1.60315
576.377, -0.629492, 2.22051
577.351, -0.238955, 2.81523
576.454, -5.04679, -1.4889
583.288, -4.9326, 1.0039
581.004, -4.31175, -1.98229
576.827, -1.91782, 2.79363
576.053, -2.51874, -1.1632
576.947, -3.4145, -0.462874
574.445, -2.79193, -1.57863
574.58, -2.70731, 2.71052
576.126, -2.95123, -1.83463
576.321, -5.14435, 2.05964
576.411, -4.01631, -0.98174
575.554, -3.94887, -0.884292
576.616, -3.82779, -1.98155
575.703, -3.33321, -0.699384
575.28, -3.68134, -0.735479
588.801, 51.0491, -2.70859
589.789, 62.6231, 2.05171
593.157, 62.89, 1.26278
590.051, 58.2247, -0.839698
576.803, 0.879586, 1.69637
574.62, -2.97634, -1.40071
586.936, 36.0072, -2.80963
585.531, 24.0451, -0.103191
573.761, -2.45341, 1.99029
572.902, -3.03427, -1.90132
540.069, -37.8433, 0.285184
525.086, -59.4807, 2.19044
547.999, -37.236, 0.264089
556.856, -26.1891, -2.84056
578.761, -42.912, -2.09043
572.617, -3.03924, -1.04692
572.755, -3.66074, -0.291783
573.448, -4.195, 2.41575
624.732, -36.2335, 2.77347
619.463, -19.2722, 2.25666
565.141, -70.0914, 1.71723
558, -60.942, -2.89042
562.34, -50.4479, 2.58824
556.495, -79.7452, -1.62987
558.725, -29.2359, 3.09309
550.019, -37.9166, -0.10334
532.076, -56.1999, -1.16059
573.426, -4.02181, -1.45594
573.348, -3.97187, -2.90904
573.095, -3.73326, 0.82492
573.166, -3.80056, -2.89432
573.141, -3.82388, 0.361905
594.724, 27.8665, 0.396244
572.693, -2.88048, -3.03272
604.299, 37.5476, -0.46129
613.549, 52.1042, -1.60962
617.252, 54.7707, -2.71604
513.736, -31.0504, 0.868935
510.226, -44.738, -0.911106
540.806, -15.9791, -0.139607
526.579, -35.3623, 0.957781
509.369, -32.7599, -1.76174
572.375, -2.97093, -1.31684
573.105, -2.61806, -2.40094
631.856, 16.7136, 2.33489
602.612, 1.23287, 1.31045
636.763, 3.55216, 2.37561
604.397, -6.21924, 1.44027
595.344, -6.33216, 3.07339
566.471, 55.9644, 2.0707
577.466, -0.623762, 2.06352
579.118, -0.054127, -3.00399
576.444, -4.53454, -0.455481
576.385, -75.4548, -0.582149
643.106, 33.9163, -2.58151
574.998, -2.92947, 0.969034
616.756, 49.391, -1.05253
599.535, 35.2366, -1.75683
576.575, -3.36035, 0.367658
633.093, 49.8511, 0.090556
624.935, 43.6085, -0.307027
576.917, -1.33088, 0.112887
616.515, 38.4734, 0.643647
576.099, -3.46962, 2.81041
577.34, -3.42516, 0.144536
577.192, -3.50388, -2.27957
578.365, -1.761, -2.70624
578.708, -1.70253, -2.81712
576.73, -4.73624, 2.99123
579.285, -2.28239, -0.193649
576.208, -3.83871, -1.73507
576.34, -4.08683, -2.9707
576.506, -4.89719, -2.13194
514.48, -33.2519, -2.38821
516.338, -15.8531, -2.5146
572.488, -7.23104, -1.98937
575.676, -5.84979, -1.95418
574.275, -7.11976, 1.1299
574.263, -7.2502, -1.88578
574.098, -7.01153, -1.75007
575.65, -5.81294, -0.173087
574.791, -5.63776, 2.50441
573.672, -7.03939, 0.138412
572.26, -7.08271, 0.204761
574.982, -7.07409, 1.4542
574.222, -10.9451, -1.18951
573.94, -7.20054, 2.48539
563.441, -13.4617, 1.93455
573.345, -7.9563, 3.08077
574.606, -9.66023, 1.71344
572.886, -7.05167, -1.32631
559.994, 1.74916, 1.75281
570.559, -5.36615, 0.040402
565.362, -2.2759, -1.59142
563.951, 44.0564, -2.81247
573.363, 42.6467, -2.81314
571.303, -5.12343, 0.24454
570.539, -5.76047, 2.34542
569.547, -5.35369, -2.8685
560.091, 0.051623, -1.61113
565.249, -13.5297, 0.843148
567.351, -3.07099, 2.05938
568.245, -4.76173, -2.58718
568.652, -3.70044, -0.24275
562.224, -0.985487, -1.08029
563.035, -1.92495, 0.195497
566.487, -3.57058, 0.688469
567.243, -3.53689, -2.71547
563.871, -2.14935, 2.30146
567.016, -3.49653, 1.84639
566.907, -3.58866, -2.83991
564.426, -2.57502, -1.18599
561.931, -0.517585, -2.41831
563.834, -1.67636, 0.225243
568.181, -4.60363, 1.09614
561.403, -14.255, 0.430742
560.424, -0.181564, -0.936326
561.321, -13.184, -2.81605
560.993, -0.281271, 0.403232
561.042, -0.620031, -3.04756
559.269, 0.139057, -0.647789
566.211, -3.15877, 2.26365
561.451, -0.337997, 1.57111
560.176, -0.439707, 0.196649
559.494, 0.695428, 1.67198
563.271, -1.48189, -1.22053
564.454, -1.87347, -1.85484
565.892, -2.26334, 1.8071
564.477, -2.34884, 2.62433
564.351, -1.67251, 1.64757
565.163, -2.74521, 2.66987
564.234, -1.46165, 1.52712
563.609, -1.40016, -2.98172
560.964, -0.187771, -0.541068
559.398, 0.844837, 1.67998
561.642, 0.213409, 0.770479
561.55, 0.155394, 0.520454
564.018, -2.02235, 2.70398
561.388, -0.457783, -2.52758
559.245, 0.388351, -0.344294
560.169, 0.027127, 2.28522
559.595, 1.3677, 0.20908
559.874, 1.11254, 1.21891
562.03, -0.55601, -1.18358
560.791, 0.01146, -2.13138
561.1, -0.381381, -2.19765
559.632, 0.420157, -0.758264
561.271, -0.227578, 2.15816
562.689, -0.713342, 2.51735
560.634, 0.578971, -1.55817
562.598, -0.464628, 2.448
559.74, -0.229906, -0.472167
561.37, 0.00431, 0.290171
560.341, -0.202577, -2.97185
560.189, 1.14162, -1.12541
559.833, 0.903791, -0.781926
559.673, 0.359259, -2.87549
560.033, -0.002882, 1.52695
560.02, 1.4795, 1.87866
559.774, 0.391378, -1.96426
560.169, 0.971544, -2.05136
559.632, 0.037673, -0.638498
560.47, 0.625172, 2.30696
559.956, -0.109347, -0.587584
556.095, -0.129498, 2.18422
554.004, -0.807152, -0.062968
553.914, -0.780974, -1.18179
559.888, 0.824439, 1.04542
563.735, -2.26653, -0.4722
562.886, -1.95138, 0.052919
564.36, -1.89146, -1.52241
565.825, -3.9339, -0.684359
562, -0.352766, -1.7554
568.408, -5.71283, 2.61449
563.427, -2.14565, -0.693249
569.109, -8.05402, 2.88742
567.785, -6.93283, -2.5638
569.416, -8.64927, 1.39561
566.682, -6.18336, 2.76619
569.821, -8.92629, 0.866776
565.574, -4.48603, -0.857181
561.71, -1.40332, -0.151679
566.117, -4.92659, -1.2596
569.124, -7.5001, 1.22998
562.8, -2.26652, 3.1148
567.695, -6.5463, 2.08152
566.04, -5.14086, -1.3635
568.083, -6.46274, -1.44585
564.004, -2.83957, -2.14974
564.416, -3.41818, 0.918839
570.131, -8.52463, 1.5951
563.401, -2.22104, 1.05417
573.001, -10.477, 1.45475
568.692, -7.31508, -0.781232
570.093, -7.77935, -0.531626
568.785, -6.15762, -2.7254
565.996, -3.84099, -2.99873
569.808, -6.82567, -1.30019
565.583, -3.90422, 2.61027
565.639, -4.32838, 0.004707
572.158, -9.52275, -2.20654
567.973, -5.08071, -2.6475
570.284, -7.65607, -1.16066
573.925, -11.6662, 0.148934
573.518, -12.152, -1.56317
570.18, -8.27107, -3.07673
566.826, -4.92505, 1.11688
568.567, -6.39884, -0.965686
567.356, -6.03009, 1.13043
572.801, -11.8218, 1.17205
572.297, -10.2996, 1.42459
570.064, -8.45695, 2.05892
562.038, -13.3074, -1.38075
573.545, -10.8408, 0.84648
566.393, -7.88825, 2.31219
562.92, -11.4367, -1.9393
567.052, -6.96577, -0.297511
559.378, -13.5099, 2.79723
560.445, -14.0608, 1.1581
565.203, -9.25624, -0.943069
559.396, -15.1438, 2.80147
564.659, -9.49607, 1.88777
564.939, -9.28393, -2.78606
559.679, -16.0927, 0.437416
563.389, -11.3461, -2.71235
559.155, -15.1596, -2.7447
561.335, -13.2684, -1.39736
561.367, -14.3376, 2.93761
561.827, -13.1438, 2.20831
563.394, -11.8956, -1.27416
563.68, -11.017, -0.188052
564.056, -10.4688, -0.684299
563.51, -11.0721, 2.56118
562.769, -12.4207, -2.37626
559.346, -15.1928, -1.23944
561.763, -12.4958, -3.04865
561.871, -12.7053, 1.22382
559.791, -15.4461, 0.688224
560.502, -13.8552, 1.60877
560.847, -12.7674, 1.31579
562.474, -12.9493, 0.127199
559.262, -13.3897, -3.08438
557.989, -14.2498, -1.57542
560.302, -14.1698, -0.908351
559.49, -15.1582, 1.68476
560.457, -11.8539, -2.03998
556.668, -12.9105, 1.03549
560.049, -12.4831, 2.33807
559.871, -12.8108, 1.89688
561.413, -12.7278, -1.71791
560.256, -11.3337, 1.06312
555.466, -12.7687, 3.1103
558.04, -13.2534, -2.72456
558.768, -14.6905, -2.84011
555.478, -12.7314, 1.20645
559.054, -14.7921, 1.55585
559.579, -11.7464, -1.28765
559.74, -14.2633, 1.97618
560.558, -12.4196, -1.71
560.488, -14.4566, -1.93867
559.51, -14.0017, 2.47172
561.242, -12.7338, 2.28557
559.967, -12.8737, -1.9305
560.072, -15.6391, -1.05727
558.036, -12.5785, -0.357965
560.612, -14.1649, -0.748616
559.491, -13.3761, 0.018153
557.798, -13.0202, 1.61819
558.747, -14.0179, -0.299843
559.418, -14.6631, 0.889001
559.714, -15.535, -1.79973
561.387, -17.1048, 1.46171
574.16, -31.6972, -2.15148
571.526, -27.5701, -2.07508
572.996, -29.9105, 1.27289
571.003, -29.6532, 1.44892
573.47, -33.7342, -0.137644
567.756, -25.9579, -1.02304
562.208, -18.9674, -3.1257
571.431, -31.781, -1.28376
565.868, -22.7943, 1.43907
569.75, -28.8613, 1.35801
563.268, -20.0488, 0.233047
565.212, -22.8845, 2.49496
567.719, -27.786, 3.08958
562.436, -18.9356, 0.413708
567.929, -28.0806, -1.50229
565.315, -23.8094, 1.2481
563.523, -21.0273, 2.96879
572.133, -14.8804, -3.02966
564.487, -22.0717, -2.15265
565.669, -24.7326, 1.73836
563.575, -20.7544, -1.89699
569.546, -31.219, -0.118459
570.198, -32.8074, -1.53931
562.576, -19.3255, -0.209268
570.725, -33.8074, 2.6211
563.276, -20.7073, -2.18005
573.272, -38.1385, 0.164881
573.441, -39.518, 0.793853
570.492, -33.2337, -2.65541
565.768, -25.5314, -2.65819
571.993, -36.7796, -0.265641
565.871, -25.7994, 2.50321
568.606, -30.8976, -0.949982
572.18, -15.257, 1.12151
567.002, -27.8541, -1.63587
570.96, -34.6675, -0.473119
567.858, -30.1869, 2.16333
570.343, -33.1687, 1.32441
567.393, -28.1227, 2.9346
566.116, -25.8775, 1.98645
572.589, -36.6249, -0.443905
572.357, -35.1816, -0.648913
572.289, -35.2679, -0.687526
572.499, -35.6417, 2.0283
564.662, -22.8679, -0.721324
567.096, -27.5965, -1.40061
566.59, -26.2584, 2.25143
570.36, -31.7514, 0.290282
569.745, -30.6675, -0.705954
566.767, -26.4397, 2.88757
572.96, -35.9823, 0.308548
572.226, -35.669, -1.12319
568.585, -28.7836, -2.94388
571.829, -34.8587, -2.91769
567.292, -26.9642, -2.87519
570.468, -32.3244, 3.02611
574.674, -39.1952, 1.2159
566.965, -26.3539, 3.14032
570.14, -32.0539, 2.71534
566.807, -26.0741, -2.4941
565.07, -29.0871, -0.48999
572.478, -34.8799, 1.96252
565.804, -27.9016, -2.22369
569.163, -30.6158, 0.944544
570.443, -32.4678, 2.13584
566.994, -28.1501, 3.11315
571.387, -33.5236, -0.315114
572.634, -34.3386, -1.93554
573.307, -36.2159, 0.729387
570.985, -32.3052, -1.90501
573.952, -36.7424, -0.127618
573.025, -35.3038, -2.02246
568.932, -29.1907, 0.393529
574.435, -36.4566, 0.764428
570.784, -32.0518, -3.04153
568.797, -29.2057, 2.00639
570.453, -31.8957, 0.722246
575.404, -37.5549, -2.40869
569.229, -29.9206, -1.21982
570.083, -30.6737, 1.81905
575.589, -38.0737, 1.77666
573.445, -35.9405, 1.60808
576.197, -38.6733, -2.06269
573.311, -35.4838, 0.579363
572.094, -33.9582, 2.65804
572.019, -33.8227, 1.58065
574.666, -35.772, -2.63755
573.508, -35.5383, -0.912411
571.397, -32.8339, -1.40843
575.776, -35.5379, 1.60081
575.913, -37.6827, -2.97882
574.215, -35.7507, -0.327634
573.413, -33.0527, -2.38181
576.408, -33.2132, 2.98341
572.394, -33.7022, 2.61337
575.559, -33.6472, -1.45222
572.57, -33.1871, -2.43305
576.374, -32.3337, -0.274546
574.632, -35.972, 1.92809
576.221, -34.6555, 2.71803
574.71, -35.0541, -1.45861
574.419, -35.8291, -2.08678
573.632, -34.2329, -1.35622
573.866, -35.0532, 2.81275
575.3, -34.0094, 1.15107
574.822, -35.9545, -1.98468
574.702, -35.6166, -1.59018
575.176, -35.1182, -0.628066
575.817, -33.7514, -2.21167
575.27, -35.1159, 1.06843
575.021, -34.4259, -1.91939
575.568, -34.4923, -0.022514
575.438, -29.2933, -1.08125
573.765, -35.258, 1.97925
575.541, -35.3235, -2.95436
576.273, -30.3946, -1.04456
576.305, -32.6679, 2.89806
574.749, -30.3672, 0.361678
576.503, -33.1701, 2.62132
573.976, -31.9922, -3.10314
575.921, -30.9866, 2.48476
575.868, -29.8283, 1.01239
575.824, -30.8067, -2.44048
576.034, -33.8082, 1.88417
575.988, -33.8155, 1.94029
575.723, -30.9205, 1.82181
575.365, -30.1905, 0.134026
574.999, -31.6914, -2.5159
576.633, -30.688, -0.817598
576.99, -31.4873, -1.48267
576.793, -32.369, 1.24944
573.751, -31.4766, -2.27583
576.123, -32.2944, 2.0551
576.215, -30.3431, -1.2746
574.083, -30.986, 2.63849
576.423, -31.0293, 2.49527
576.006, -29.7649, -0.122705
579.007, -28.835, -2.57246
578.189, -29.2425, -2.65352
583.29, -27.924, 0.528151
584.325, -27.5758, 2.80758
582.587, -27.9256, -1.71572
586.78, -26.4408, -0.154702
582.383, -27.1832, 1.1425
585.006, -26.513, 1.52485
587.277, -26.5009, 2.90732
588.645, -26.3006, -1.75605
586.625, -26.014, 2.32392
584.628, -26.234, -3.08007
585.09, -25.4269, -0.365742
582.533, -27.7381, 1.56889
584.789, -28.9894, 1.97373
584.837, -30.1473, -1.83011
587.256, -31.1532, -1.02657
584.4, -27.9206, -2.70607
585.067, -26.7357, 3.13157
597.507, -36.5586, -2.90533
590.028, -32.5781, -0.695666
597.859, -35.0933, 1.80371
585.069, -28.8257, -1.5713
590.767, -31.0801, -2.04548
599.561, -35.8114, -0.237439
581.847, -25.5616, 0.601729
582.631, -25.6467, -2.27353
591.977, -33.1628, 2.94145
585.903, -24.8024, -0.188026
584.505, -25.6938, -1.34321
586.801, -24.5888, -0.169254
585.122, -24.7768, -0.374617
583.668, -25.5557, 3.01526
644.314, -55.4281, 0.018119
627.826, -62.6849, -1.29515
582.726, -24.999, 2.87966
631.243, -64.4196, -0.702038
620.955, -53.7505, -1.93829
610.716, -66.4916, 2.60986
585.355, -24.9522, -2.91694
587.737, -24.4222, -1.23233
588.084, -24.0521, -0.366286
588.215, -23.4891, -2.75855
585.839, -24.2954, 1.61863
587.328, -25.8194, -0.19016
586.691, -25.5885, -0.942059
587.556, -24.2815, -1.49659
586.78, -25.1499, -1.16418
587.32, -25.3578, 0.433574
604.12, -67.1911, -2.19927
569.589, -95.6997, -1.59457
579.25, -54.2141, -1.63946
587.679, -24.147, 0.633055
588.726, -70.9586, 0.004411
581.05, -95.2649, -2.89302
586.326, -91.3249, -1.85955
575.095, -103.509, 0.016959
579.513, -70.7495, 0.791381
553.836, -89.4481, 0.220253
567.437, -57.8684, 2.95171
546.146, -81.0173, 3.00297
567.638, -52.7233, 0.674414
566.494, -64.4594, 2.91602
589.271, -72.2248, 1.19734
559.796, -88.727, 2.6054
559.77, -100.513, 2.11583
565.759, -91.6666, 2.16588
586.686, -106.485, 0.963517
576.484, -96.2939, -0.591264
585.066, -54.9025, -2.25038
545.121, -77.0828, -1.92587
565.324, -69.175, -0.781162
541.535, -62.699, -3.03833
545.17, -61.5754, 1.09276
537.273, -84.0562, -2.13554
557.72, -48.3171, -1.30144
556.208, -39.7206, -2.44219
587.235, -31.7946, -1.89479
587.358, -31.5027, -1.67859
587.856, -29.1269, 1.45875
590.636, -30.083, 0.899343
594.471, -31.2228, -0.906574
590.45, -30.0321, -0.060508
599.788, -29.7224, -2.13291
605.142, -30.2315, -2.71712
597.948, -30.0322, -2.29629
594.016, -29.875, 1.98982
590.644, -29.6646, -2.83706
595.306, -30.6632, 0.333695
597.684, -30.4768, 1.66084
606.863, -31.7319, 1.40486
602.517, -31.3335, 0.35823
598.382, -30.5961, 2.70798
592.377, -30.7761, 3.13428
599.594, -30.9863, 2.85528
593.552, -29.8789, 0.212624
606.899, -32.5814, 1.13105
599.583, -31.2298, 0.576123
605.05, -31.2194, -2.801
600.994, -30.5225, -0.706969
601.696, -29.3795, -1.12121
600.755, -30.0408, 1.24638
604.888, -28.5636, -0.143041
604.89, -29.2716, 0.817231
594.411, -31.6069, 0.105187
601.98, -29.0936, 2.99749
599.83, -29.8432, 2.69803
604.289, -29.31, 1.38516
594.972, -29.4549, 1.25957
595.99, -30.6011, -1.04913
599.78, -30.4453, 2.8675
596.309, -29.4985, -1.29855
597.581, -30.4837, 0.143571
600.515, -30.2494, -3.0967
603.926, -28.8527, 2.91569
602.968, -29.0945, -0.246195
604.508, -28.7679, 1.54352
601.146, -28.9333, 1.1861
599.491, -29.4937, -1.18081
603.538, -28.7617, 3.1278
607.441, -28.6808, 0.791733
605.901, -29.4277, -2.78131
600.519, -29.7534, -1.66966
604.88, -29.8312, 2.65965
606.803, -29.2294, -1.70797
603.685, -28.4948, -1.48403
606.158, -29.0328, 2.97621
600.546, -29.8907, 1.25682
605.061, -29.1743, -2.61233
602.951, -28.6187, -0.84786
604.618, -30.013, -2.83139
650.084, 10.8045, -2.99407
642.289, 6.69041, 2.14639
654.216, 22.9653, -1.11052
648.025, 31.8614, -2.07227
631.756, 13.5542, 2.40479
638.846, 33.386, -3.09341
621.298, 15.6321, -2.30321
613.328, -0.58798, 1.84365
602.667, -29.5457, 0.100316
616.554, 10.9773, 2.74791
603.75, -29.7752, -3.07249
603.353, -29.1426, -0.645723
604.848, -29.1372, -1.00292
603.64, -29.3252, -2.91715
603.904, -29.7517, -2.79954
604.656, -28.9546, -1.65147
606.261, -29.641, 0.572253
606.305, -29.59, -1.83324
607.222, -29.0183, -2.39402
606.455, -29.3531, -1.48744
607.441, -29.2983, 0.88268
605.757, -29.8198, 1.59385
607.099, -28.8177, 1.39829
607.269, -29.2036, 2.52423
606.759, -28.4709, -1.27965
606.289, -28.6863, -2.37486
606.537, -29.9048, -2.97832
607.022, -28.9631, -2.74578
582.361, -37.2648, -0.89852
591.113, -33.1448, 1.62049
575.362, -38.2892, -1.75356
582.687, -33.0621, 2.40878
588.677, -29.8515, 1.47347
592.925, -28.6823, -1.24558
589.69, -27.2694, 3.13819
588.45, -26.9474, -2.91271
600.384, -28.2882, -0.611123
584.295, -28.4787, 2.67887
550.14, 13.6855, -1.89837
581.031, -24.1108, -3.13414
567.403, 29.1568, 2.81511
586.924, 14.8767, -0.525313
599.357, -14.8107, 1.04832
584.807, 38.289, -2.64804
589.907, 41.0639, -2.2877
593.721, 22.0128, 0.777517
597.015, -27.3741, 1.09069
596.202, -26.9806, 0.8638
595.085, -26.9383, 0.679166
600.559, -28.2473, -2.24677
586.81, -24.6376, -2.87097
588.956, -25.1169, -0.128935
589.528, -25.5338, -2.59239
599.926, -28.5363, -1.69222
600.522, -28.81, -0.022
599.56, -28.1093, 1.02185
591.296, -26.0819, 2.73596
594.723, -27.214, -2.33575
597.388, -28.1023, -1.37635
595.996, -26.866, 2.84616
592.176, -25.8475, 2.5649
595.599, -27.2467, -2.97923
586.722, -24.2135, -2.28912
590.167, -24.9963, 2.02289
585.899, -23.9099, 0.240065
526.714, -27.7374, 2.01939
591.342, -25.6699, 1.0079
595.024, -27.4192, 1.53465
597.235, -27.0799, 2.42516
587.434, -24.4198, 1.14475
587.619, -24.3198, -2.87335
594.082, -26.9658, -0.348467
591.243, -26.0924, -1.99055
593.943, -26.2784, -1.89548
591.991, -25.2875, 2.72596
587.149, -22.9557, -1.80614
593.227, -25.7472, -2.10062
585.436, -28.1135, 0.499921
595.246, -26.7058, -0.311102
592.477, -25.8774, 0.520412
584.391, -21.2647, -0.653451
589.126, -25.0988, 1.76932
589.163, -23.4368, -2.54891
588.021, -23.6018, -2.3147
584.189, -21.7538, -0.788447
588.686, -23.8968, 1.75431
585.941, -22.4845, 2.89567
582.832, -20.577, 2.21077
587.885, -24.3381, -2.82664
583.009, -21.3402, 0.974335
591.262, -26.1398, -2.80713
589.187, -24.4068, -2.74739
588.972, -23.1838, 1.2943
583.445, -22.0314, -0.057857
582.302, -21.9728, -2.52729
582.174, -22.001, 1.13073
586.566, -24.147, -2.76979
587.379, -23.3344, 1.26167
583.02, -36.0626, 3.0932
586.098, -24.0085, -1.81348
582.946, -20.6042, 1.1619
581.616, 46.2868, 3.10442
541.95, 37.1816, -1.3416
583.647, -21.9326, -2.35959
566.484, 48.6874, 0.904074
546.325, -10.0638, 1.09105
584.603, -21.1334, 1.01686
527.841, 2.86725, 0.201139
584.541, -19.1993, -2.30202
585.528, -19.7194, -1.27133
522.298, -31.0677, 2.01522
526.532, 8.56102, -2.59734
524.543, -35.0708, 1.83525
519.019, 16.8847, 1.8098
574.68, -18.0682, -0.652584
524.067, 7.64815, 1.97589
545.726, -13.8359, -1.09809
550.94, -19.3032, -0.506498
506.567, -12.3338, 2.22714
523.22, 11.8971, -2.6379
520.156, 20.9979, 2.7304
541.342, -4.66623, -2.6837
570.343, -23.9285, 2.43381
633.402, -6.2086, -1.45994
527.126, -34.8813, -0.038408
513.353, -38.6944, -0.60205
590.303, -17.791, -2.56281
586.073, -19.0911, -1.92448
582.028, -20.6424, 0.005118
584.245, -21.5291, 0.811872
583.93, -21.5633, -0.902323
531.443, -70.5623, -0.104745
545.178, -77.8096, -0.513031
587.566, -85.1155, -0.841394
566.808, -66.3095, 2.47861
568.268, -70.0795, -0.152617
582.799, -20.4376, -0.174717
524.238, -74.0846, -1.23146
526.423, -63.0595, -1.01783
582.933, -20.6559, -0.402329
582.969, -19.736, 2.02438
581.863, -20.4201, -1.1855
581.938, -20.5134, -1.10353
533.98, -75.5392, 1.05465
576.132, -23.5563, 1.60799
576.651, -23.2177, -1.70471
574.546, -23.4667, 0.87433
575.288, -23.3871, -1.80593
577.941, -23.6143, -0.82119
577.94, -28.5345, -1.83384
577.519, -26.7287, -0.083903
576.195, -22.8008, 0.818336
578.832, -23.1915, -1.10242
577.917, -26.1437, 1.9861
576.632, -28.6126, -2.52692
577.582, -22.8913, 1.85261
570.941, -81.1675, -1.85207
575.35, -64.7503, 0.532962
576.965, -83.2182, -2.50006
587.437, -62.4071, -2.26354
592.597, -38.1388, -1.47656
614.766, -53.6313, 1.85766
625.948, -80.9433, 2.62499
574.446, -22.5355, 0.190836
579.19, -23.6989, -2.95177
575.124, -22.7525, -0.105311
575.182, -27.0915, 0.243767
577.08, -25.9541, 0.385985
575.26, -22.5383, 0.690752
574.469, -23.073, 3.05654
577.455, -22.2324, 1.84877
575.614, -25.341, -1.53492
574.876, -25.2504, 1.38746
578.404, -23.4264, -0.173137
577.781, -24.2583, 0.375849
576.754, -22.4342, -2.41539
576.193, -23.1525, -0.6686
574.961, -23.1463, 2.39379
574.811, -23.4643, 0.471751
575.19, -23.4524, -2.62573
575.117, -23.622, 2.13195
570.434, -15.8531, -3.11851
574.876, -23.2096, 0.359043
569.967, -15.6087, 1.9379
569.272, -13.964, -1.58631
571.578, -18.8099, 0.024407
568.253, -15.2104, 2.52532
571.993, -20.0597, -0.031091
562.461, -7.58355, -0.424168
571.311, -18.6969, -0.569171
570.579, -17.7357, 1.4628
572.99, -20.9806, 1.98598
563.42, -8.01746, -1.05007
563.597, -7.7209, 2.93966
568.191, -14.3869, -2.16581
559.89, -2.13543, -0.718382
570.692, -18.1889, -0.094078
569.593, -16.608, -2.88168
570.692, -18.4007, 2.55136
567.452, -13.5746, -1.41999
569.453, -15.9586, 1.14768
562.177, -4.87383, -0.913105
563.898, -7.69624, -0.651981
569.912, -17.2038, 0.377278
561.259, -1.99668, -2.20459
566.518, -10.7336, 1.01807
570.055, -17.9945, 1.10618
560.155, -1.58246, 1.51988
564.851, -20.7858, -0.432572
569.959, -17.1218, 1.96317
567.644, -11.5642, -1.42837
567.239, -18.7226, 0.91709
568.324, -17.5962, -2.59901
567.227, -19.1396, 0.54799
567.244, -17.9627, 2.7585
568.388, -18.2662, -0.03879
568.591, -18.2984, -1.59681
567.463, -18.8711, 2.37302
566.406, -19.1052, -0.537153
564.511, -18.8661, -2.58881
567.198, -18.964, 2.15926
563.633, -19.1296, -0.848817
563.559, -18.9397, 0.555061
563.045, -18.9987, -2.13133
562.246, -19.6089, 1.59606
564.344, -19.0263, 1.87378
564.375, -18.7459, -1.26184
562.867, -19.2593, 2.21877
562.471, -19.4246, -2.35217
564.299, -19.2215, -2.74132
561.964, -19.2331, -0.405132
562.236, -19.538, -0.884514
562.483, -20.0238, -3.1281
563.083, -19.8577, -2.37269
563.144, -19.4958, -0.921403
562.385, -18.352, -2.78481
562.373, -20.8496, -0.255995
563.531, -20.896, -0.931549
562.493, -20.0158, 2.75352
562.971, -20.2286, -2.38928
563.339, -20.8996, -1.01845
562.636, -20.517, 2.87762
562.801, -20.5071, -2.34598
562.183, -20.8878, 1.36491
562.826, -10.31, -0.397962
562.069, -10.6436, 1.44497
561.932, -8.82566, -0.852899
562.235, -11.0819, 0.405989
562.7, -19.2756, 2.42269
562.105, -13.0012, 2.5876
561.793, -14.4062, -0.102663
560.991, -11.8071, -2.08067
564.311, -18.7984, -2.69272
561.859, -16.9305, -2.09296
561.893, -16.8467, 2.14972
561.37, -11.7413, 0.653191
561.605, -12.5594, -2.03026
561.448, -16.1935, -2.32395
560.53, -10.4297, 0.25001
561.979, -14.4923, 0.784449
562.268, -14.8394, 1.84889
560.466, -8.87308, 0.835136
560.365, -15.8228, -1.35804
559.211, -9.84836, 2.48612
560.356, -10.014, -0.443245
562.029, -16.2763, -1.53583
559.416, -16.183, 1.68993
561.39, -12.233, -3.07768
561.243, -11.0584, -3.047
560.902, -15.071, -0.648379
556.209, -16.2483, -1.87263
542.183, -39.5361, -0.554523
557.942, -16.0542, 1.94395
533.758, -47.824, 1.00226
518.052, -75.4503, -0.516684
537.378, -51.0407, 0.848337
558.674, -15.8623, 0.1475
558.629, -16.528, 0.748413
558.063, -15.9686, 2.90982
558.25, -16.0179, 2.20818
557.195, -14.6236, 0.706545
556.326, -12.6806, -2.06966
557.164, -13.8356, 2.09288
556.986, -13.3311, 2.41324
556.085, -15.5024, -0.802366
554.863, -15.4605, -2.6683
555.107, -15.0791, 1.16281
557.766, -16.1017, 1.64563
555.576, -15.5246, 2.13409
555.208, -15.7179, -1.98947
555.35, -15.0911, 2.11463
556.233, -15.7963, 0.337328
555.857, -15.5857, 2.60774
555.378, -15.8268, -1.62314
555.635, -16.0413, -0.400249
555.618, -14.4455, -2.53911
555.871, -15.6508, -2.70352
528.142, -61.4767, -1.60386
555.033, -15.3589, -0.08835
555.641, -15.6182, -0.441238
568.575, 35.9963, -1.41367
555.673, -15.2509, -2.14014
555.072, -15.2202, -0.832754
555.219, -14.9922, -3.0318
555.159, -14.1493, 2.83344
557.211, -16.6418, -2.26667
555.361, -14.8166, 0.822435
562.04, -18.6409, -0.893918
582.273, 56.8451, -1.93314
559.8, -17.5789, -0.013747
560.943, -17.3703, 2.36862
557.944, -16.1846, 2.24188
562.498, -17.0821, -1.6763
558.285, -16.2776, -2.92328
556.675, -15.9354, -0.625242
561.508, -15.5098, -2.1256
556.235, -15.5714, 1.09657
557.46, -15.8712, -2.10653
557.947, -16.1941, -0.209455
560.937, -15.8839, 1.62282
558.238, -15.8994, -0.08374
561.276, -16.2863, -2.20789
557.885, -14.4066, 2.46716
557.558, -13.2102, -2.10808
560.928, -16.6395, 1.03251
557.619, -14.0658, 0.464936
557.442, -13.6936, 2.41948
557.805, -14.4671, -0.580029
557.677, -13.2138, -1.53346
557.768, -13.467, -2.84334
557.695, -13.7171, 2.74755
557.804, -13.1889, 2.30323
557.938, -11.5351, -1.97105
557.761, -13.244, 1.37707
557.966, -13.1594, 2.86764
557.943, -13.0029, -0.358852
518.062, 16.4546, 1.89915
489.93, -6.06713, 3.0994
526.804, -8.21373, -0.291405
491.281, -11.3619, 2.14532
558.006, -11.4664, 3.10651
557.964, -11.3962, 2.48253
562.656, -11.4002, 0.908901
595.513, -43.8086, -0.95523
561.63, -10.7791, 1.7751
564.005, -10.7206, 1.81856
560.191, -11.0842, 2.32203
561.879, -10.4817, 1.71029
561.349, -10.527, 0.421851
561.27, -10.3031, -2.44732
562.44, -10.7517, -1.03992
563.648, -10.2608, 2.05464
562.873, -10.3048, 0.327872
564.063, -10.0794, 3.09067
564.002, -10.0388, -1.04965
563.449, -11.6619, 0.740991
561.625, -6.23271, -3.04954
563.762, -11.9949, 0.730882
563.566, -12.6515, -1.3273
563.364, -13.7906, -0.712302
563.162, -13.7797, 2.5027
547.52, -32.0358, 1.80318
519.681, -75.9547, 0.94861
537.671, -35.6018, -0.735044
564.08, -13.0798, -1.7716
564.363, -16.3585, -2.42548
564.228, -17.3397, -2.28594
564.085, -16.9763, 0.382969
563.248, -13.4253, 2.46105
562.845, -11.7463, -1.0992
563.487, -11.9038, 2.77494
563.755, -17.5339, 0.474163
564.311, -17.5944, 0.488777
564.07, -20.5722, -0.977009
522.524, -36.6969, -1.17136
565.066, -21.2505, 2.80566
563.899, -16.0577, -0.489862
564.242, -16.144, -0.695322
564.298, -15.8993, 2.64535
563.559, -15.2033, 2.61948
564.742, -18.5309, -2.8651
559.876, -17.1602, -0.619967
566.05, -20.4196, 0.075081
564.756, -16.9996, -1.89766
545.321, -47.4512, -0.905571
564.153, -16.7461, -2.41307
565.06, -18.4723, -2.96201
565.178, -19.8713, 1.4348
565.597, -19.6217, -0.575847
565.972, -18.4877, -1.78749
562.504, -13.1249, -0.190181
561.07, -11.2342, 1.85002
603.412, 16.3026, -1.71091
627.865, 5.3543, 3.06297
612.131, 1.57254, 1.60078
564.27, -14.2502, -0.300885
564.514, -11.4914, -1.4738
597.831, 33.5746, -0.21145
563.797, -12.7948, -2.39491
610.402, 19.5696, -2.13278
621.918, 8.35258, -2.63899
631.555, 1.36759, 2.63714
564.289, -10.0405, -1.09375
563.733, -8.63996, 0.529385
564.959, -9.44934, -1.74861
563.791, -12.0291, 1.76414
564.045, -11.5328, 2.69714
564.445, -12.5898, -1.60664
564.554, -9.99313, 1.93931
563.33, -8.82976, -1.76412
565.057, -9.71559, 0.297221
528.817, 11.4773, 0.465348
502.615, 20.0765, 1.54708
487.653, -7.03242, 0.575358
523.177, -9.39834, -0.122733
492.884, -32.1708, -2.75997
507.029, -25.8321, -0.991347
500.044, -30.204, -0.842336
563.373, -4.72897, 1.67906
563.542, -6.11319, -1.83203
563.909, -2.30905, -1.55428
563.062, -8.40138, -2.66484
562.989, -8.91535, 2.78896
563.859, -3.66502, 0.568634
599.344, 54.274, -1.37224
598.434, 48.2455, 2.95599
586.97, 21.2254, -0.237913
622.666, 39.6239, 1.03707
614.157, 25.3813, -2.1686
632.013, 20.7949, 2.63066
586.014, -1.37669, -1.01038
563.24, -2.10713, -1.03509
562.858, -2.03919, -2.097
562.911, -4.05685, -1.9903
505.078, 15.7752, 2.74157
562.604, -2.62518, -2.15465
562.571, -1.60669, 1.51512
499.985, 3.24462, -0.853316
562.47, -2.09686, 2.23113
484.907, -17.6138, -2.48635
562.976, -4.9823, -0.131495
563.012, -4.8331, -1.97524
563.765, -0.723748, 1.38117
562.725, -2.15071, 2.80468
564.839, -0.276811, 1.92689
562.417, -3.08055, -1.87664
562.105, -3.585, 1.72726
564.546, 0.194783, 1.4256
564.705, -0.044149, 1.45338
562.982, -2.75942, 0.918072
562.757, -2.26581, 2.4075
565.804, 2.01947, 1.6641
563.734, -0.597904, 2.35814
526.746, 35.8823, 1.30907
488.986, 28.1658, 1.44402
509.215, 40.4082, 3.06117
563.928, 0.819899, 1.14708
522.506, 57.9192, -0.682756
531.752, 48.317, 1.08103
567.009, 0.174013, -2.88222
529.183, 33.0552, -0.104585
565.919, 1.59405, -0.976615
610.767, -33.1641, 0.673218
568.004, 1.65503, 0.214119
565.992, 0.990926, -1.05216
573.168, 2.41054, 2.1425
565.39, 2.54131, 0.219868
566.551, 0.695682, -1.35936
565.722, 0.944069, 1.76382
569.582, 1.44282, 0.595778
565.67, 2.19135, 2.54429
573.7, 1.76238, -1.84195
573.195, 1.61117, 0.75964
517.197, 63.4204, -0.312236
572.666, 1.35995, 3.06448
564.985, 2.54743, 2.219
573.774, 1.48385, 0.664145
562.195, 3.63612, 0.502715
565.028, 3.00561, -0.206782
563.766, 3.70653, -1.31792
561.988, 4.43646, 1.77216
562.508, 3.54228, 2.89246
564.128, 4.32407, 0.677313
562.426, 3.23901, 1.28679
563.283, 2.57966, 2.8376
562.267, 3.66555, -3.10859
562.801, 3.97264, -2.68881
564.571, 4.04124, -2.4705
563.891, 3.82958, 2.74958
564.47, 3.8759, -2.87842
562.847, 3.91478, 1.84955
562.862, 3.94543, -1.3121
557.8, 5.77523, -2.27046
563.115, 2.73049, -0.165044
562.741, 3.05762, 2.95249
563.158, 3.13003, -2.27613
563.119, 3.44957, 2.54014
489.928, -29.9624, -1.28433
562.755, 4.12269, 0.701251
554.311, 2.00161, -3.11841
565.097, 2.60338, 2.43015
567.13, 1.30508, -2.59897
568.514, 1.02232, -2.08579
567.234, 1.18205, 2.37737
564.512, 2.77305, -0.916374
569.858, -0.167727, 2.31628
564.529, 2.52696, -1.66183
566.829, 0.517297, 0.275338
564.939, 3.24782, -0.101446
557.148, -63.661, -0.637912
562.232, -10.2115, 1.4229
547.813, -38.8618, 0.670148
569.446, -0.911568, -0.530566
565.512, 0.412962, -1.18866
568.892, -0.52608, -3.0442
566.885, 0.569906, -0.448691
568.045, -0.127433, 2.15671
566.613, -0.015394, -1.93831
567.373, -0.368941, 2.00394
566.826, 0.347835, 0.58669
566.704, 0.078582, -1.78236
571.989, -1.11299, -1.66509
569.402, -0.238823, -0.824083
566.754, 0.380202, 2.62032
568.925, -0.476506, 2.73404
567.762, 0.289433, -2.83441
568.548, 0.077062, 0.273585
567.031, 0.259511, -2.2683
569.752, -0.305098, 0.675978
573.503, -0.269222, -2.63722
572.242, -0.329077, -2.07555
570.393, 0.214773, -1.00821
570.035, 0.1406, 1.15411
572.348, -0.056385, 2.17117
572.196, 0.045169, 2.7229
572.326, -0.020389, -3.0406
568.715, -0.438054, -0.420747
569.043, -0.350209, 0.011641
569.441, -0.492921, 1.90605
569.503, 0.090032, 0.327597
573.388, -0.387621, 1.39687
572.151, -1.00648, -1.89209
572.445, -0.207528, 2.35228
572.876, -1.15767, 2.50161
570.058, 0.077802, 1.90768
571.778, -0.817006, -2.1591
571.078, -0.215014, -2.43882
572.043, -0.68953, 2.4705
572.713, -1.26033, -0.329858
576.898, -4.99129, -2.75025
574.051, -2.44169, 1.01723
572.938, -0.34469, -2.71183
576.767, -5.47061, 0.654281
574.165, -3.12742, 1.97814
573.646, -1.34483, -1.16721
577.085, -6.41476, 1.01001
576.279, -5.37779, 1.72196
574.125, -2.50199, -0.908283
576.106, -4.71829, -2.457
575.713, -4.88511, 0.392399
573.354, -2.91093, 1.26747
575.603, -4.09472, -0.275825
573.233, -5.92048, 0.059058
573.442, -14.9854, 2.10581
576.705, -4.94384, 2.92922
571.66, -15.9594, 0.757314
572.311, -12.1286, 2.34252
573.137, -10.0325, 1.50288
573.647, -14.2553, -2.32727
573.605, -3.94626, -2.97268
574.02, -2.86946, -2.36163
576.11, -4.44301, -0.236385
574.114, -32.2205, -2.66365
575.08, -5.69965, 2.82412
577.669, -5.24039, 2.32435
574.629, -18.558, 2.83758
576.361, -4.73467, 0.051503
573.416, -16.0802, 0.98465
573.402, -6.11456, 2.35199
573.745, -13.5843, -0.179561
574.87, -4.71404, -0.642627
571.941, -17.2874, -2.94176
580.699, -11.7312, -0.169039
573.832, -4.59672, 2.65122
574.392, -2.89353, -2.28455
576.691, -4.04175, -0.590052
576.587, -6.04054, -0.121261
575.265, -4.78166, -2.27686
578.015, -6.48671, 2.80804
577.563, -3.96185, 2.68341
578.345, -3.88015, -2.29487
577.198, -5.84071, -0.510425
576.807, -9.65117, 2.4459
576.293, -5.12858, -1.98873
576.752, -6.32087, -2.07789
577.26, -6.4749, -2.84633
576.551, -3.64201, -0.197008
616.354, 12.5627, -2.32905
576.569, -4.41714, 0.3935
576.397, -6.10678, 0.567076
576.529, -6.01662, 1.95221
578.078, -5.70229, 0.645837
582.911, -5.59021, -3.05869
578.815, -5.93507, 0.741782
580.899, -5.19932, -2.28987
578.184, -5.96554, -1.85748
585.043, -5.15632, -1.29574
584.389, -5.9806, 1.11169
582.724, -5.49685, 0.32904
584.491, -5.60627, -0.980989
585.712, -6.34577, -0.055708
585.015, -6.43757, 2.75213
581.68, -5.94996, -0.556847
579.667, -9.89701, 0.697135
584.696, -12.7729, 1.3599
584.249, -6.01044, 1.81949
580.032, -5.80014, -1.71856
582.571, -10.9557, -2.55048
584.606, -5.87038, -2.8883
586.96, -5.52137, 2.84642
586.507, -5.8423, -2.78546
582.529, -5.46096, -0.047571
586.566, -5.41683, -1.89169
586.758, -4.87585, 2.03798
585.593, -5.78995, 0.832414
583.717, -5.69615, -2.005
585.053, -5.70561, 0.900236
585.61, -5.94672, -0.606969
584.021, -5.67578, -1.374
583.478, -5.83825, 2.58743
586.428, -5.61501, 2.21886
584.66, -5.57521, -1.81064
586.636, -5.47773, 0.282721
586.921, -6.51037, 2.99758
586.363, -4.70695, -1.88262
585.922, -5.16764, 1.89734
586.322, -6.75546, 0.127508
586.56, -5.50516, 1.36349
585.323, -13.5903, 1.66573
586.85, -6.54651, -2.34101
586.763, -12.2484, 1.83471
586.579, -12.3384, -2.89581
586.505, -8.59827, 2.77472
586.69, -7.69944, -0.400252
586.405, -7.93874, -0.965831
586.825, -9.42941, -0.639109
586.935, -10.2256, 0.228029
576.464, -11.7568, 1.33794
586.585, -8.66231, -2.31938
586.997, -10.9544, -3.03457
587.325, -11.403, 1.09279
577.656, -14.6538, 1.23099
587.409, -9.99701, 1.01479
588.104, -11.9689, -0.135114
588.054, -10.7713, 1.25658
589.167, -11.4302, 2.51157
587.45, -12.5391, 2.67128
587.269, -13.9022, 1.55415
587.719, -12.997, -1.35387
587.006, -11.306, -0.703602
587.123, -14.1578, -1.60157
587.789, -12.094, 0.57029
587.465, -11.8735, 2.62242
576.137, -12.6178, 2.24306
587.218, -13.4615, -0.915951
587.404, -13.4382, 2.19224
587.268, -13.6485, 0.876547
581.798, -14.5942, -2.92676
582.585, -14.4713, -1.05782
581.265, -15.2896, 1.76395
584.992, -14.6753, 2.01161
581.77, -15.6721, -2.88971
578.273, -10.9576, 1.77028
585.586, -14.6375, 1.57302
584.812, -14.3075, -1.57194
583.49, -15.4991, 1.09858
582.81, -15.4508, 2.30578
581.638, -15.8161, 1.59904
582.216, -15.6903, -2.7898
580.739, -16.5832, 2.69844
578.176, -17.5767, -1.3243
582.172, -15.4529, -0.689687
576.151, -18.3934, -2.32508
578.531, -17.5614, -0.638997
577.953, -17.3814, 2.04382
575.953, -18.0394, -0.680102
577.568, -17.2605, -1.52463
581.562, -16.1581, 2.53577
578.901, -17.198, 1.60879
579.333, -17.094, 2.89915
579.365, -16.9918, 1.78914
579.811, -16.2337, -2.75725
581.002, -15.8584, 1.5427
577.283, -17.6384, -1.90514
579.928, -16.4994, 0.841307
579.916, -16.7027, -2.12402
577.146, -17.4968, 2.02459
580.014, -16.5005, 1.22147
576.236, -17.5832, 2.13495
579.455, -16.4367, 1.28835
577.73, -17.3029, -0.928842
576.994, -17.1607, -0.924328
577.998, -17.2575, -0.646634
576.274, -18.0774, -1.40765
576.451, -17.5683, 2.78132
576.232, -18.0341, 1.14967
576.491, -18.0909, 1.40891
577.363, -17.5573, -2.97785
577.388, -17.3927, -0.528579
576.24, -17.4723, -2.67403
575.462, -16.6555, 1.85485
575.727, -17.4634, 0.184604
576.349, -17.4775, 2.1573
576.986, -23.4469, -1.44301
577.795, -24.0464, -2.12006
582.06, -35.5844, 2.03763
578.628, -25.9252, -0.030051
577.589, -23.3025, -2.46597
577.493, -21.7133, -1.68198
579.653, -31.3253, -2.82225
578.926, -32.5542, 1.46792
579.142, -34.3765, 1.94511
576.76, -24.6365, 1.54484
579.047, -33.5057, 3.13028
577.546, -25.8614, -1.03584
577.356, -25.5937, 1.62102
579.33, -35.9747, 1.57603
579.36, -37.6558, 2.00352
576.708, -21.5041, -0.300873
576.431, -22.7158, 1.02648
576.053, -20.9396, -1.5207
573.283, -25.1604, 1.83413
571.395, -24.4072, 2.4939
578.691, -25.9266, 0.485987
572.088, -8.47159, 1.3235
573.174, -11.2988, -2.1872
571.86, -7.21111, 2.08663
574.811, -12.1573, 2.30075
575.686, -15.6686, 2.59802
575.856, -13.4763, 0.861066
576.325, -17.3915, 0.859713
575.928, -10.0203, -2.6586
575.774, -12.0773, -2.62547
575.415, -6.86931, 1.89877
576.617, -14.7268, -0.677378
576.281, -17.6274, -2.67281
576.135, -5.8882, -1.00468
576.485, -9.09003, 1.71509
576.646, -17.8679, 2.87774
581.68, -17.3344, -0.527694
576.702, -16.5338, -0.022346
576.233, -14.9267, -2.86675
582.443, -16.4749, -2.836
588.036, -14.918, 0.701614
585.079, -15.6983, -1.23821
581.791, -16.5045, -2.96906
579.021, -16.805, -2.74336
583.775, -15.7501, -2.76427
580.731, -16.2595, -2.79659
577.958, -10.2632, 1.85015
582.916, -15.4736, -2.21794
581.805, -15.6885, -1.30239
582.668, -15.8584, 0.200793
589.037, -13.7754, 3.13112
584.067, -15.3977, -0.455304
581.55, -16.2632, -0.63199
585.793, -14.8155, -2.40906
583.225, -15.8259, -0.668835
582.904, -15.7824, 0.483922
585.724, -14.7567, -1.73118
587.389, -13.7605, 1.02937
585.932, -14.9105, 1.62019
587.995, -13.5429, -0.979438
588.605, -13.6998, 2.12235
586.686, -14.4941, -1.32016
587.703, -13.8751, -3.11491
586.709, -14.0262, 1.5545
587.421, -13.5469, 2.8099
583.725, -15.2977, 1.06169
586.971, -14.0606, -1.36265
584.686, -14.6213, 1.91096
586.37, -14.4926, -1.27073
587.835, -13.9987, -0.208659
585.6, -14.4989, -0.709489
585.952, -14.4542, 2.90426
586.799, -14.0502, -2.01137
587.869, -13.2364, -1.0502
586.468, -14.4187, -0.37832
586.7, -13.773, -1.94383
589.388, -10.5198, -1.56717
587.514, -13.9615, 1.66014
589.967, -9.98567, -2.2197
588.26, -12.2417, -2.751
588.685, -11.2386, 0.263916
587.855, -12.4623, 0.738211
588.283, -11.876, 0.158362
584.835, -3.43439, -2.49211
587.953, -11.1031, 2.9661
586.108, -4.73757, -0.268733
585.739, -5.40532, 0.121752
588.56, -11.2905, 0.563271
582.014, 1.88776, 3.02964
582.14, -0.825499, -1.42187
590.06, -11.0441, 2.99874
589.962, -10.8069, 2.66054
589.518, -10.9845, 0.905247
589.81, -10.6116, -2.74532
593.518, -9.25107, -2.05068
593.542, -8.58018, 2.15541
594.406, -7.42864, 1.04138
594.29, -7.74219, 0.494786
591.895, -9.29951, 1.55709
593.646, -6.07124, -1.19352
591.957, -8.5791, -0.568713
591.341, -9.64175, -1.76392
593.705, -5.03041, 0.387581
594.163, -4.54111, 2.05141
595.461, -5.6891, -0.869868
594.466, -7.65685, 0.528732
596.002, -4.15356, 1.38025
594.647, -6.28657, -0.456305
593.333, -5.77386, 2.85474
592.624, -8.32395, 1.84243
594.575, -5.95304, -2.17609
598.726, -10.838, -0.726463
593.739, -4.94419, 2.86906
596.278, -9.58719, -0.588433
599.214, -12.6096, 0.646703
599.132, -12.2846, 2.62896
598.71, -11.1064, 2.322
600.03, -9.89736, -1.41214
597.266, -9.96502, -0.849648
599.82, -12.3817, -2.56797
621.573, -29.5739, 1.2693
598.939, -10.9881, -1.26634
649.497, -52.2505, 2.14527
623.182, -30.5956, -1.30518
598.361, -11.9304, -0.026345
650.269, -55.8309, -1.2032
600.201, -13.2965, -2.37743
648.479, -51.5186, -2.04213
638.964, -45.7956, -2.57193
640.944, -45.2698, 1.76453
636.474, -43.8289, -0.050214
653.615, -58.4839, -1.43837
599.002, -12.4095, -0.715806
597.963, -10.4867, -1.72099
600.651, -8.7462, 0.528728
600.298, -7.79287, -0.399442
598.64, -9.8573, 1.23777
599.408, -9.35749, -0.219148
600.922, -8.18673, 1.711
600.696, -9.22163, -2.86099
599.875, -9.01013, -2.26415
600.151, -7.39362, 1.97152
600.409, -7.66241, 0.520893
599.875, -6.99572, 2.06982
600.443, -6.78008, 2.1678
598.582, -6.57569, 0.265198
600.017, -7.67022, 0.258274
664.477, -9.54684, -1.6097
599.395, -6.77817, -0.681012
610.757, 67.8388, -0.832851
607.332, 36.1396, -0.777025
605.815, 71.6421, -1.38323
648.057, 8.55793, -2.25962
600.457, -8.76983, -0.814332
599.265, -9.64219, -0.484744
597.993, -11.6514, -1.62069
599.912, -9.56709, -1.31745
600.409, -9.24744, -2.46522
598.561, -9.50213, -0.240231
597.744, -11.2987, 0.119941
600.586, -9.18547, -2.20491
599.12, -9.46859, -1.78209
600.455, -8.60765, 2.59803
599.617, -9.99935, -2.92083
597.45, -12.47, -0.404336
597.818, -10.9208, -0.520292
596.305, -10.2588, 1.05253
600.842, -9.38923, -0.121314
600.591, -10.9253, 2.06021
598.159, -9.19417, -2.64246
623, -70.1081, 2.0002
595.46, -8.54029, 1.0205
597.043, -10.2553, -1.37307
599.863, -9.89774, 1.21644
595.942, -9.64496, -0.395967
597.158, -10.0807, 0.512807
595.607, -9.56914, 2.62368
597.347, -10.2837, -0.943811
595.104, -8.75978, -2.28254
598.485, -12.883, 0.350762
593.823, -7.95795, 2.16994
595.349, -8.48311, -1.19755
598.343, -10.9605, -2.4379
599.65, -13.405, -0.466414
640.111, -77.9931, -0.280019
632.581, -53.2428, 1.17743
614.754, -39.4349, 1.20693
616.77, -37.8983, 2.21129
617.307, -37.5147, -1.88103
645.63, -73.7147, -0.166614
618.06, -40.168, 0.171165
635.928, -73.9809, -1.2412
638.25, -61.3036, 0.397103
641.188, -65.1363, -0.254055
651.862, -57.6581, 0.919866
657.426, -63.7143, 1.4871
647.417, -65.3499, -1.63996
645.074, -60.4467, 0.339333
647.56, -75.5451, -0.752371
641.616, -77.2137, -0.129589
645.78, -81.2661, 1.53114
642.311, -72.9752, -1.81536
645.69, 45.0308, 1.84128
652.669, 36.3679, 2.88579
606.529, -45.0853, -2.28406
605.553, -91.3832, 2.67214
602.547, -14.9892, 0.378859
602.826, -15.1389, 0.591386
603.908, -16.062, 1.68795
602.313, -14.7975, 2.60015
650.961, -67.5146, -0.057947
625.495, -42.3167, -1.74503
602.473, -15.3439, -1.93034
628.319, -82.0898, -1.9698
632.259, -85.1086, 0.760045
632.276, -87.3657, -1.76823
631.102, -79.061, -1.07415
629.705, -64.4318, -0.569424
642.217, -72.9825, 2.40668
602.371, -15.564, -0.32592
599.415, -13.5118, 1.27694
598.573, -12.9566, 1.95271
599.342, -12.8423, 0.765763
599.255, -13.3811, 2.02844
601.5, -14.7611, -3.05018
598.511, -13.3951, 1.80917
599.374, -13.706, 0.191502
598.848, -13.6243, -1.93851
601.412, -14.6549, 0.554838
526.794, -23.964, -2.80387
530.015, -28.479, 0.053232
565.945, 42.1516, 2.37219
545.105, -22.9889, -2.01583
561.376, -33.8952, -1.12459
588.824, 25.0539, -1.67328
527.898, -47.1835, -2.72379
574.098, -36.3555, -2.43197
564.289, -78.2169, -0.778926
580.323, -36.7723, 2.38132
562.092, -78.0916, 1.72687
567.577, -84.2266, 2.17168
598.395, -10.6901, -0.956165
598.978, -11.7658, -1.00486
597.702, -11.5648, -2.55448
598.311, -10.8436, 2.34922
598.541, -14.0419, -1.44121
598.697, -12.9893, 0.589506
597.909, -7.28228, 0.856305
598.266, -7.59227, -2.99196
599.336, -9.68223, 2.33958
600.061, -7.90698, -1.12563
599.874, -11.448, 0.08579
600.185, -9.14758, 2.36759
599.674, -12.4502, 2.87071
598.873, -13.5681, -2.17494
597.992, -8.37716, -2.69272
598.985, -11.5363, -1.23206
597.999, -9.6466, 3.10387
597.919, -10.0963, -2.80187
599.006, -8.61726, -0.893933
598.727, -11.271, 0.149987
598.339, -10.4874, -1.46423
599.163, -9.04039, -2.34775
598.288, -10.9716, 2.00962
599.308, -8.97564, 1.39462
599.214, -8.7256, -0.869329
598.609, -10.0954, 0.21426
602.602, -8.09945, 2.07518
598.379, -9.99083, 0.152088
598.778, -9.84623, -0.23524
601.327, -9.41408, -0.580786
597.883, -10.1317, -0.615574
599.228, -8.50987, 2.47013
601.967, -8.78266, -1.57772
596.901, -5.80247, -3.06421
595.598, -3.62572, 1.96303
595.574, -3.13634, -1.30187
532.141, -10.684, -1.95718
521.772, -9.98349, -2.6996
596.333, -4.92519, 0.969604
596.309, -3.81168, -1.4084
596.176, -2.79625, -0.709622
597.259, -6.09137, 0.773839
595.89, -3.34851, -0.254086
596.429, -4.88744, -0.959462
596.354, -3.21446, 2.43336
596.123, -4.27801, 1.90687
596.659, -5.30131, 2.50816
595.791, -3.00035, -0.925558
557.498, -6.80508, 0.516135
598.753, -2.98891, -3.01949
595.737, -3.76319, -1.85938
596.831, -2.85286, -1.75358
596.642, -6.16446, 1.45491
597.574, -4.07895, 2.30323
595.137, -2.76737, -1.25065
601.011, -0.582326, -1.19022
667.797, 27.8348, -2.08885
602.321, 1.17062, -1.16917
622.346, 3.68109, -0.190555
636.363, 4.50445, 1.86283
661.685, -28.6059, -0.028186
659.924, -49.9607, 2.35405
638.684, 6.47437, 0.330123
655.99, 5.29674, -2.16478
664.62, -9.4717, 1.40499
645.171, -0.662488, 3.04435
656.197, 19.7782, -1.43617
615.585, 22.1129, 2.24515
639.256, 52.5228, -0.91407
541.149, 22.8032, 1.8415
545.077, 13.2671, 1.61653
524.746, 7.45861, -2.61277
658.19, 52.8687, 0.956869
612.659, 8.9844, -1.14211
662.933, 29.4708, 1.25319
656.313, 29.9913, -1.70558
629.585, 9.04935, 0.018097
669.448, 30.8159, 1.47781
654.166, 19.6109, 2.98526
636.824, 13.5579, 2.13501
671.562, 27.1323, -2.91619
664.254, 24.7083, -0.384784
625.737, 14.2014, 0.801898
632.693, 23.7242, -1.39081
653.883, 22.2389, 1.38355
648.216, 0.348367, -1.40808
599.386, -1.91926, 2.89929
587.715, -56.169, 1.5237
596.25, -63.977, 2.82238
615.262, -73.9481, 1.49487
598.797, -4.11306, 1.92078
597.559, -6.23912, -2.22688
599.416, -1.23821, -2.92161
648.093, -30.1742, -1.00558
664.822, -25.9647, -1.22125
632.839, -11.6659, -3.02815
644.346, -11.7681, -2.91217
594.473, -60.5828, 2.80873
609.861, -72.1227, -1.07822
600.108, -70.7303, 0.710513
574.463, 13.4144, -1.64713
625.144, -65.168, 1.45353
604.366, -51.1463, 1.28602
596.626, -6.01316, -2.17898
597.607, -2.71281, -1.98373
594.822, -7.35948, -3.0769
597.431, -3.7376, -2.22019
528.655, 2.10987, -0.121957
541.415, -8.02472, -1.23721
557.003, -1.17828, 2.32976
562.865, 5.57719, -1.46262
560.904, -3.55944, -2.23155
540.944, -6.20275, -1.23848
598.103, -3.01875, 2.8764
597.441, -2.27464, 3.06742
594.919, -4.03304, -0.605955
598.238, -6.86386, -1.45611
597.228, -5.69166, -1.01745
676.816, -9.36421, 2.57351
657.355, -8.70706, -2.63544
597.705, -5.83655, -1.37681
596.789, -5.69766, 2.38854
597.695, -2.15277, 1.0396
598.47, -3.81917, 2.04205
598.305, -2.66741, 2.23638
598.191, -2.92711, 1.4313
597.672, -5.89658, -0.98207
597.589, -2.62489, -1.32453
597.865, -4.68859, -1.62835
596.669, -4.04803, 0.928192
596.239, -5.98586, -1.21539
596.357, -5.10785, 2.74741
598.572, -3.83329, -2.41482
597.011, -5.09066, 1.03172
596.932, -3.35139, 2.48915
596.131, -6.25442, -0.951597
595.849, -4.38182, -2.12746
598.553, -3.35442, -2.7159
597.194, -4.42438, -2.78303
597.395, -4.27445, -0.013389
597.199, -4.42967, -3.05592
597.784, -4.18539, 2.25573
597.623, -3.71425, -2.78345
595.328, -4.20905, 0.590157
596.553, -4.66947, -2.21874
598.304, -2.95741, 0.157922
597.786, -3.80383, -3.08123
597.63, -4.74338, 2.80172
596.916, -4.83831, -2.85017
595.428, -4.24981, 0.770706
597.197, -4.09583, -3.097
598.087, -7.03889, 1.13313
596.013, -4.64808, -0.509912
597.924, -6.65073, 1.75894
595.742, -6.1881, 2.49029
595.476, -4.08098, 2.46822
597.981, -6.1459, -0.734531
597.43, -2.46642, -0.504042
598.26, -6.38375, -2.99952
598.647, -5.77036, -1.57214
595.478, -4.40871, 0.802491
597.557, -3.08483, -1.97528
598.65, -3.48774, 2.80306
597.94, -5.44182, 0.621049
596.063, -4.75924, 0.306655
598.199, -4.1256, -2.06271
597.377, -2.71159, -1.3784
597.641, -6.41472, -1.92765
595.619, -4.55656, -2.05334
597.178, -4.72966, 2.22341
598.933, -3.65346, 1.19169
598.359, -5.1519, 1.89577
597.344, -6.15267, 0.941868
595.051, -7.37299, 2.28577
595.176, -4.12884, -0.143501
595.602, -6.93609, 2.09652
597.108, -2.68994, 2.24789
598.398, -6.64174, 0.922524
595.467, -4.49753, -2.70527
597.529, -5.40637, -3.04377
597.494, -2.58505, -0.253697
597.915, -4.519, -0.384342
