0.0525809
0.0139431
0.0902288
0.142894
0.072857
0.0411495
0.0985936
0.138662
0.134191
0.0885489
0.0647684
0.13889
0.157189
0.126645
0.0980534
0.0910438
0.161097
0.0476692
0.138931
0.134896
0.0422762
0.130309
0.0642221
0.080031
0.0613752
0.0951531
0.144002
0.0835756
0.153624
0.0981173
0.155297
0.100526
0.134674
0.132862
0.0506443
0.0743546
0.153833
0.114666
0.105461
0.0865019
0.169809
0.148565
0.11286
0.0782125
0.150024
0.127294
0.0588123
0.146353
0.0851512
0.0573934
0.0686806
0.130637
0.121118
0.141527
0.0625191
0.212437
0.0768213
0.0139162
0.123946
0.111818
0.0466183
0.141722
0.12932
0.0968839
0.044969
0.114341
0.0242334
0.101024
0.0907043
0.145638
0.0909111
0.0781774
0.153525
0.0972222
0.086947
0.133422
0.202057
0.0455342
0.0915056
0.0844026
0.0242019
0.131364
0.0941354
0.132328
0.0629312
0.0704952
0.132591
0.0943894
0.0640004
0.118083
0.106258
0.0442603
0.188115
0.0626636
0.14813
0.0674551
0.081342
0.104262
0.0553154
0.0762484
0.0761793
0.139251
0.0954369
0.0855174
0.0855571
0.129854
0.119163
0.0950577
0.220403
0.10724
0.143861
0.12216
0.184622
0.107626
0.0444873
0.0627735
0.186072
0.218079
0.1569
0.124176
0.115626
0.0926052
0.0781589
0.0784229
0.0808613
0.0632779
0.0766858
0.0997512
0.0507919
0.0302929
0.133524
0.0518464
0.078597
0.0936191
0.101559
0.130379
0.204045
0.0971299
0.06125
0.150728
0.134651
0.0749412
0.102014
0.114641
0.115627
0.117081
0.136576
0.0163632
0.132528
0.0714147
0.01687
0.0406253
0.070019
0.134263
0.0646114
0.0748301
0.141717
0.0763534
0.0798249
0.029681
0.0807543
0.0248328
0.0236644
0.108086
0.047972
0.0750772
0.0348413
0.101259
0.0757259
0.0488474
0.0557591
0.0633121
0.0618691
0.0985845
0.0620098
0.138849
0.149125
0.0212431
0.122079
0.0882389
0.062791
0.0726836
0.110414
0.122667
0.0403118
0.0798355
0.112153
0.0563795
0.121624
0.13783
0.0962185
0.0894434
0.131742
0.0550811
0.0761255
0.0908451
0.219781
0.177561
0.0407666
0.0600159
0.108813
0.0821526
0.138682
0.0738581
0.069017
0.110779
0.0580554
0.0473118
0.110255
0.121148
0.0773479
0.0581892
0.0928785
0.114091
0.114657
0.141061
0.0807107
0.015049
0.0980722
0.132281
0.0645006
0.155595
0.115831
0.151503
0.186319
0.0557978
0.0598938
0.0170583
0.127307
0.127437
0.0670723
0.0476228
0.0974748
0.0851728
0.140662
0.13488
0.107871
0.0873044
0.0914759
0.18489
0.111147
0.0896412
0.138834
0.104622
0.123218
0.0989186
0.111977
0.0128268
0.19576
0.151018
0.149371
0.1581
0.216468
0.10427
0.189437
0.109762
0.0526026
0.0318665
0.132439
0.124376
0.0168712
0.0745734
0.128394
0.115129
0.0607106
0.0997442
0.0758415
0.189842
0.0889378
0.214336
0.061741
0.16126
0.0604688
0.146222
0.151394
0.153804
0.0857605
0.20561
0.110915
0.101832
0.167062
0.0632621
0.181919
0.0965958
0.192421
0.129546
0.0963742
0.103875
0.15686
0.115493
0.108389
0.115463
0.0351894
0.0418626
0.143979
0.0859934
0.0938693
0.0681759
0.11847
0.111102
0.215869
0.121472
0.121205
0.174214
0.0861728
0.0173434
0.0999611
0.0946076
0.203787
0.173538
0.102833
0.0732798
0.144896
0.176605
0.119955
0.122822
0.0508968
0.0959593
0.0539982
0.0933275
0.0358889
0.0525772
0.167168
0.055665
0.116106
0.149274
0.0430236
0.0900145
0.0573502
0.088331
0.0951352
0.162633
0.0497589
0.130355
0.0323714
0.0774454
0.0682817
0.0895516
0.0513556
0.105116
0.0221981
0.111263
0.154944
0.0986167
0.0645087
0.130823
0.162358
0.178091
0.0675631
0.0604618
0.184497
0.114597
0.0179194
0.27485
0.0400544
0.184436
0.0696209
0.0679122
0.0341354
0.0627139
0.0905579
0.216746
0.131629
0.173345
0.114011
0.069343
0.129312
0.00965954
0.0970636
0.0761709
0.146235
0.084621
0.083629
0.109684
0.0640896
0.0784178
0.0776087
0.100413
0.0763658
0.10536
0.106662
0.215428
0.102479
0.0927792
0.125426
0.100318
0.10097
0.139688
0.167938
0.130186
0.0971759
0.0812222
0.15728
0.116217
0.0850321
0.127043
0.167642
0.07733
0.0721895
0.0971864
0.114665
0.129599
0.0820471
0.0595512
0.120284
0.0149176
0.140975
0.21941
0.100238
0.128301
0.0650954
0.0835816
0.072641
0.187173
0.093388
0.119582
0.12216
0.0655568
0.172024
0.11996
0.190584
0.149424
0.0768399
0.192165
0.146633
0.197074
0.0569379
0.161766
0.149617
0.0924548
0.133932
0.103774
0.109098
0.0424662
0.0571692
0.166022
0.0862127
0.149436
0.0256085
0.120611
0.0846422
0.105794
0.12635
0.0856847
0.223722
0.139151
0.134835
0.172661
0.0473673
0.123312
0.156776
0.0605775
0.145795
0.201174
0.0917397
0.121866
0.103653
0.0932254
0.0559082
0.151868
0.0425512
0.169567
0.0508165
0.104687
0.067828
0.0387311
0.124377
0.0842446
0.08577
0.0606903
0.126687
0.0540288
0.0819379
0.0556906
0.11106
0.112737
0.0837974
0.037081
0.0788874
0.0257121
0.0501331
0.131939
0.0751499
0.129067
0.0649498
0.125648
0.0456184
0.0948673
0.0909854
0.206329
0.105131
0.0951698
0.128822
0.118806
0.127289
0.057658
0.112502
0.0682843
0.0653789
0.113162
0.138006
0.135791
0.0457803
0.107321
0.104178
0.101524
0.172724
0.127675
0.0671402
0.110094
0.123686
0.0964347
0.113545
0.061511
0.131061
0.128697
0.128352
0.202343
0.0567558
0.0897703
0.126286
0.144135
0.156124
0.0554779
0.112868
0.150843
0.0482634
0.045725
0.112604
0.0256879
0.130954
0.0287053
0.0635626
0.102857
0.123712
0.0440638
0.0388818
0.140626
0.0578968
0.0870977
0.0919558
0.131931
0.152461
0.118269
0.119812
0.196821
0.0949982
0.0925365
0.173498
0.133631
0.110414
0.119667
0.115161
0.162561
0.198585
0.0564654
0.114046
0.147355
0.114407
0.0528876
0.0447658
0.0188294
0.164254
0.123803
0.121443
0.14304
0.1321
0.101856
0.124109
0.163
0.111255
0.197445
0.0766967
0.0433737
0.179521
0.0439906
0.0564895
0.158853
0.127382
0.0530652
0.0772687
0.0534686
0.0665143
0.121132
0.133823
0.0580325
0.0929762
0.0807347
0.152629
0.0981315
0.128478
0.0717955
0.0977918
0.128374
0.0591987
0.0988213
0.0496313
0.16403
0.226919
0.0925693
0.105059
0.161721
0.110431
0.017788
0.15724
0.079811
0.069342
0.097649
0.123813
0.121844
0.0935943
0.290972
0.0761118
0.117116
0.083636
0.0225925
0.163748
0.137563
0.123704
0.0201457
0.0242417
0.0633102
0.165441
0.147673
0.101417
0.0644228
0.129233
0.105593
0.120867
0.160617
0.0578208
0.0778604
0.116906
0.163746
0.0916763
0.101644
0.136904
0.0151681
0.0947152
0.104316
0.0987058
0.0947475
0.0781942
0.0679912
0.11867
0.13516
0.10769
0.0552126
0.15031
0.140016
0.175345
0.103738
0.0498519
0.257342
0.14315
0.0613385
0.159652
0.136506
0.126108
0.188
0.149929
0.167645
0.122154
0.102086
0.154214
0.168377
0.0588093
0.0531837
0.0801577
0.0760971
0.11915
0.13812
0.0644853
0.143137
0.0766796
0.107485
0.0809233
0.0713945
0.142254
0.114494
0.0314131
0.115338
0.114767
0.114238
0.101026
0.099691
0.109524
0.0589745
0.0723006
0.0685922
0.138338
0.0810287
0.136646
0.0441963
0.0989102
0.178547
0.0396794
0.123345
0.119421
0.0704139
0.0981967
0.122365
0.090914
0.0608934
0.110677
0.153422
0.104586
0.0438251
0.124464
0.10913
0.0370068
0.142716
0.088558
0.0988015
0.189805
0.0924505
0.163271
0.117707
0.0478992
0.103973
0.144165
0.149677
0.0490461
0.063896
0.137846
0.145641
0.107433
0.122384
0.0994931
0.112432
0.0881786
0.108666
0.107069
0.0956682
0.0838418
0.0561619
0.0527502
0.0893083
0.10225
0.120132
0.137209
0.130432
0.145107
0.0961244
0.0230911
0.109463
0.194773
0.101856
0.135863
0.0925574
0.122099
0.152609
0.128176
0.113904
0.0943714
0.120458
0.0877057
0.0410028
0.058257
0.0694634
0.0512508
0.161533
0.0551341
0.0455888
0.0971795
0.162644
0.0192937
0.138893
0.0949672
0.0736787
0.127822
0.0951621
0.136262
0.115333
0.0231548
0.0916207
0.0317874
0.052279
