0.0457687
0.0139429
0.0841359
0.137997
0.0726979
0.0379065
0.0967318
0.138588
0.129167
0.088499
0.064755
0.138521
0.118294
0.123193
0.094757
0.0805351
0.155407
0.0469759
0.133783
0.131442
0.0387164
0.122454
0.0642172
0.0413383
0.0613618
0.095012
0.142187
0.0831107
0.14966
0.0966975
0.144322
0.0977296
0.123167
0.132862
0.048906
0.069744
0.146718
0.11352
0.0675514
0.0821898
0.167139
0.14856
0.108394
0.0715562
0.14752
0.106357
0.0582913
0.14329
0.080367
0.0570741
0.062567
0.114144
0.110327
0.11604
0.0559091
0.207687
0.0737653
0.0137873
0.115561
0.106103
0.0460331
0.101884
0.123523
0.0942615
0.0449625
0.111774
0.0192426
0.0957414
0.0779926
0.142689
0.0907631
0.0716859
0.153483
0.0896364
0.0867423
0.127091
0.164127
0.0413255
0.0833112
0.0828449
0.0240728
0.115047
0.0930772
0.130843
0.058815
0.053394
0.11905
0.0785697
0.0609996
0.116057
0.101905
0.0277911
0.186016
0.0576644
0.115628
0.0586542
0.0756982
0.10308
0.0445485
0.0758555
0.0554361
0.120383
0.0933526
0.0725063
0.0714127
0.127108
0.100441
0.0892476
0.209053
0.106737
0.139234
0.109866
0.169505
0.106268
0.0444053
0.0627589
0.175313
0.200841
0.15677
0.121033
0.112918
0.0761621
0.0764349
0.0783617
0.072348
0.0632308
0.073607
0.0956115
0.0507738
0.0293932
0.13349
0.0518464
0.0782629
0.0927876
0.0908736
0.129901
0.203174
0.0971103
0.0582923
0.138179
0.134561
0.0727243
0.0992655
0.112969
0.0984631
0.10776
0.0846914
0.0160939
0.12457
0.0684091
0.0161929
0.0385856
0.0697032
0.134023
0.0630319
0.0719821
0.141672
0.0762655
0.0789186
0.0271197
0.078123
0.0247582
0.0226254
0.107873
0.047922
0.0726685
0.0286022
0.0717841
0.0752718
0.0488086
0.0472094
0.0615098
0.0593209
0.0944238
0.0546546
0.137409
0.148574
0.0207126
0.0620018
0.0876662
0.0625444
0.072429
0.0280563
0.116647
0.0388196
0.0777187
0.111684
0.0558571
0.119822
0.0937772
0.0907729
0.087707
0.128204
0.0550621
0.0723297
0.0537827
0.211209
0.174121
0.0406408
0.0512533
0.108706
0.0788652
0.122585
0.0738578
0.0689899
0.110544
0.0577395
0.0462889
0.100969
0.12114
0.071275
0.0572368
0.0813006
0.102027
0.114653
0.133123
0.0806835
0.0145258
0.0976063
0.132249
0.0579398
0.135255
0.113407
0.149507
0.141808
0.0557251
0.0585984
0.00121851
0.121652
0.127132
0.0638201
0.0471024
0.0936987
0.0818687
0.136265
0.128031
0.105983
0.083175
0.0857751
0.168542
0.108251
0.088941
0.138817
0.0987385
0.114759
0.0897036
0.111601
0.0090341
0.191682
0.140846
0.148963
0.151303
0.213343
0.104245
0.188016
0.101379
0.0525893
0.031798
0.131735
0.119498
0.0144883
0.0720746
0.121706
0.110058
0.0463482
0.0980142
0.075564
0.14736
0.0548079
0.126219
0.0571719
0.159636
0.0529505
0.101475
0.130976
0.15276
0.083687
0.18113
0.0916592
0.101797
0.109931
0.0533405
0.149555
0.0963357
0.113535
0.113292
0.0937231
0.10185
0.156722
0.0969248
0.107986
0.115426
0.0328317
0.0194736
0.121377
0.0784064
0.0619925
0.0678556
0.117523
0.109487
0.215741
0.110268
0.116211
0.174049
0.0861164
0.016678
0.0996341
0.0940252
0.20377
0.173195
0.0626281
0.072877
0.136803
0.175466
0.119055
0.121043
0.0478693
0.0959518
0.0438184
0.093212
0.0317281
0.052208
0.165727
0.0369469
0.115594
0.148923
0.0366081
0.0885176
0.0568458
0.0837835
0.0922729
0.161029
0.0497122
0.126056
0.0311881
0.0768455
0.0583465
0.0856608
0.0513265
0.101108
0.0221432
0.111048
0.125214
0.0984674
0.0636531
0.129626
0.159511
0.177222
0.0659149
0.060313
0.177013
0.114264
0.0152811
0.269206
0.0361233
0.184059
0.0673823
0.0663551
0.0292446
0.0612752
0.0314262
0.216248
0.112888
0.125594
0.108397
0.0577765
0.114976
0.00865308
0.0949357
0.0751211
0.145732
0.0789189
0.0773176
0.0936081
0.0640074
0.0784177
0.0775144
0.0992824
0.0754894
0.0998722
0.106661
0.208726
0.0676441
0.0674712
0.12542
0.0896844
0.0994859
0.135154
0.136854
0.116962
0.0960677
0.0718804
0.157261
0.1112
0.0643573
0.123613
0.149769
0.0735456
0.0719162
0.0968339
0.110881
0.0969765
0.0768476
0.0589673
0.116803
0.0149167
0.134844
0.219313
0.0964979
0.123675
0.0648525
0.0830204
0.0721025
0.167366
0.0918628
0.116031
0.121909
0.0647135
0.159167
0.0871445
0.18608
0.130425
0.0763818
0.18751
0.13331
0.196309
0.056827
0.157087
0.148644
0.0920997
0.120839
0.103771
0.0860057
0.0331644
0.0566686
0.12211
0.0837732
0.14384
0.0254512
0.117905
0.0808063
0.0984176
0.124655
0.0856099
0.216445
0.137468
0.127905
0.166789
0.0469528
0.123309
0.144417
0.0567573
0.131805
0.174237
0.0798506
0.115583
0.102646
0.0875279
0.0552166
0.151848
0.0418012
0.151259
0.0506248
0.104257
0.0678156
0.0384348
0.11889
0.0842045
0.0829865
0.0606198
0.125752
0.0523001
0.0812987
0.0556093
0.110653
0.111913
0.0729067
0.0237432
0.0736012
0.0227178
0.048441
0.131912
0.0751347
0.12807
0.064747
0.123305
0.0455415
0.0946929
0.0905732
0.205765
0.0938008
0.0916737
0.128811
0.118024
0.126652
0.0552427
0.101707
0.0674974
0.0649369
0.0860889
0.0936015
0.129518
0.0455115
0.107014
0.100669
0.0589863
0.164865
0.127627
0.0664596
0.109923
0.123648
0.0940138
0.108653
0.0614124
0.13102
0.124574
0.128164
0.17105
0.0559231
0.0886734
0.0979519
0.133978
0.146713
0.05521
0.0457828
0.147344
0.0451934
0.0448675
0.0981398
0.0163113
0.1295
0.0286398
0.0561674
0.0513844
0.123674
0.0382286
0.0374093
0.1318
0.0553079
0.0819744
0.0919552
0.0725444
0.14955
0.0965653
0.0664743
0.185184
0.0856449
0.0925357
0.167235
0.12914
0.106256
0.118775
0.100889
0.15853
0.18905
0.0564504
0.112774
0.145611
0.114247
0.0516645
0.0443692
0.0188141
0.164253
0.117824
0.120637
0.142931
0.113407
0.100798
0.121346
0.157754
0.108694
0.190753
0.0766676
0.0420798
0.166237
0.0430636
0.0556815
0.140735
0.126919
0.0529306
0.0755148
0.0516517
0.0641347
0.120642
0.133542
0.0535591
0.0928606
0.0802499
0.142618
0.0965054
0.127952
0.0537409
0.0808669
0.121899
0.0559745
0.0901658
0.0488626
0.148461
0.218748
0.0921689
0.104928
0.155356
0.110322
0.010219
0.154176
0.0717119
0.0687526
0.0892741
0.118479
0.11381
0.0934043
0.283816
0.0738405
0.109791
0.0829471
0.0177018
0.150597
0.137333
0.114467
0.0201206
0.0242166
0.0535274
0.15885
0.138407
0.0954533
0.0640594
0.126661
0.104208
0.116534
0.154528
0.0576384
0.0744544
0.115596
0.15639
0.0900313
0.101644
0.136692
0.0150321
0.0947072
0.0950688
0.0985228
0.060617
0.0769768
0.0664666
0.10649
0.131943
0.102708
0.0527707
0.123481
0.133881
0.159954
0.103644
0.0489002
0.243214
0.131498
0.0597489
0.149164
0.134518
0.126063
0.16811
0.149892
0.153907
0.120149
0.0995784
0.150164
0.154339
0.0586525
0.0531818
0.0525722
0.0750726
0.119147
0.137081
0.0644786
0.139784
0.07665
0.107447
0.0807187
0.0708721
0.12927
0.107598
0.0313025
0.113302
0.113174
0.110514
0.100382
0.0935437
0.103024
0.0579397
0.0720968
0.0682065
0.135332
0.0732593
0.135985
0.0414701
0.0941559
0.176888
0.0364367
0.121139
0.0985539
0.0701486
0.096101
0.11366
0.089547
0.0545661
0.109708
0.152789
0.102259
0.0438117
0.123153
0.102122
0.0367944
0.137635
0.0885339
0.0974663
0.183285
0.0923245
0.158236
0.117073
0.0477135
0.0948237
0.140831
0.146533
0.0486284
0.063885
0.129697
0.137875
0.10526
0.119379
0.0993967
0.109856
0.0874096
0.103167
0.103422
0.0941455
0.0811734
0.0558178
0.0527283
0.0891687
0.102095
0.12
0.128093
0.125392
0.142702
0.0866037
0.0230559
0.105462
0.189113
0.0950391
0.13493
0.0917079
0.114863
0.15254
0.126973
0.111517
0.0903845
0.1199
0.0323484
0.039945
0.0576568
0.0570894
0.0508819
0.160217
0.0411458
0.0454062
0.0854605
0.156583
0.0181301
0.136918
0.085393
0.0735899
0.123371
0.0942884
0.133615
0.110626
0.0231548
0.0871516
0.0303459
0.0513867
