0.0112275
0.0168773
0.0100161
0.00860327
0.0650298
0.063413
0.118978
0.0564057
0.0535173
0.0217755
0.0112366
0.979324
0.930028
0.0491368
0.00836132
0.0400492
1.10914
0.0180668
0.0118767
0.00458795
0.0215536
3.05004
0.0425603
0.00922088
0.00616323
0.0105376
0.0162035
0.0877288
2.34561
0.000512687
0.987996
0.0125078
0.00590979
0.0204177
0.0301197
0.01693
2.69846
1.46129
0.0230751
0.517637
0.00947309
3.52071
0.0108898
0.00499441
0.0197884
0.0450797
0.0950001
1.68948
0.0122515
0.0196385
0.0289075
0.00235867
0.0061565
4.61345
0.0173634
0.0895812
0.0147461
0.0838876
0.868556
9.67992
0.035826
0.400921
0.0209998
1.2236
0.105809
0.0378024
0.046015
0.00507522
0.00560911
0.0282903
0.0362797
0.146414
0.0684231
0.0437873
0.0283625
0.0492527
0.141967
0.505858
0.0306972
0.0331371
0.0496218
0.0113739
0.21106
0.0529735
0.0203624
0.0083462
0.00345584
0.00544045
1.83023
0.00509764
0.303016
0.279964
0.00248531
0.0288406
0.00825928
0.00516079
0.0121644
0.00990208
0.0107843
0.0324725
0.0406773
0.0417382
0.00336075
0.0210179
0.0117246
0.0831122
0.0081552
0.00638468
0.0112346
0.00730824
0.0089739
0.063651
0.0439991
0.0173946
0.0427531
0.486782
0.0104524
0.0113033
0.0524851
0.127579
0.0348944
0.00637758
0.0183086
0.748564
0.031752
0.0429578
0.0121309
0.00779462
0.034498
4.3259
0.0166714
0.135351
3.26146
0.0085864
3.24288
0.0681676
0.0206702
0.223267
0.0181929
0.0365601
2.57473
0.00951212
0.0111803
0.00408038
0.00617013
0.00661578
0.00372816
0.127737
0.0966718
0.0118426
0.960055
0.010069
0.0715398
0.00488457
0.0894478
0.00233462
0.00634198
0.349322
0.00234708
0.0075597
0.0470935
0.00534769
0.0397909
0.00586968
0.0166125
0.00372063
0.176416
0.00544493
0.00970572
0.0820232
0.614337
0.147026
0.0221814
0.0839153
0.176893
0.0128399
0.00718379
0.0410148
0.881479
0.00291158
0.0201774
0.103336
0.0207971
1.91445
0.287515
0.0376097
0.00623581
0.0081234
0.100221
0.00793752
0.00846087
0.0100202
0.0133229
0.0222269
0.00350717
0.227859
0.105436
0.014773
0.00274244
0.00951671
0.020275
0.010495
0.00986386
0.0910875
0.0367636
0.0176027
0.00200582
0.00789503
0.00558242
0.0795497
0.0998847
0.00708781
0.081616
0.0356048
0.160061
0.00318554
0.0158465
0.141213
0.0145193
0.117955
0.228282
0.0223727
0.00735285
0.806849
0.0185187
0.015319
0.00338632
0.0127386
0.00573165
0.924809
0.00363748
0.0226543
0.00418164
0.0134331
0.00452845
0.00584517
0.0277311
0.0130662
0.791409
0.184141
0.00218159
0.0149764
0.0486674
0.197753
0.525675
0.00544269
0.0107611
0.0950045
0.0696642
0.00343176
0.0115133
0.00317191
0.0356277
0.0181824
0.00956332
0.0595485
0.127502
0.0929716
0.0163317
0.07976
0.00351943
0.0081767
0.00461097
0.00886858
0.00512391
0.00442387
0.398957
0.0106645
0.00920093
0.115228
0.163001
0.194044
0.656538
0.0255445
0.185798
0.0261219
0.0441987
0.045952
0.01316
0.0612628
0.00714689
0.0787442
0.00663839
0.00819106
0.0164147
0.0619699
0.010094
0.00210854
0.00189528
0.00778515
0.00513647
0.0413748
0.00205777
0.0114966
0.0067115
0.00983036
0.00596821
0.0212345
0.016954
0.0058972
0.00924793
0.00288679
0.00425066
0.00868856
0.562098
0.00768581
0.0107427
0.00290489
0.00636409
0.00451423
0.00429571
0.153126
0.0606412
0.0147401
0.00484521
0.0130335
0.00942283
0.00757375
0.146566
0.00551533
0.00640214
0.080253
0.0151262
0.0248267
0.0280807
0.368037
0.0151344
0.0145172
0.0200789
0.0599061
0.00312415
0.0420299
0.00490645
0.0323351
0.23246
0.227316
0.0480088
0.183934
0.0167797
0.0237828
0.00615774
0.00590181
0.00752413
0.0159397
0.00598588
0.00880646
0.202602
0.267654
0.0657052
0.253676
0.00302526
0.00470034
0.0174923
0.0130115
0.00421208
0.0621004
0.0544794
0.509329
0.0073549
0.0932656
0.00384954
0.00617618
0.00415732
0.00893212
0.00761961
0.00285723
0.0160928
0.265857
0.0078945
0.00584378
0.0151338
0.00742065
0.00394265
0.148792
0.00838312
3.47629
0.00140606
0.00854111
0.00986229
0.00890787
0.00436133
0.00158799
0.00784875
0.0156003
0.0254309
0.104973
0.00361525
0.0118184
0.00545944
0.00231862
0.00630747
0.00718948
0.00358918
0.00822493
0.0113747
0.00487255
0.0145826
0.009003
0.00784151
0.00886665
0.00759878
0.0016608
0.0600479
0.0202219
0.00299902
0.00283889
0.0403548
0.0529591
0.00700211
0.0178984
0.00369239
0.00218334
0.00486769
0.00630277
0.00365014
0.011128
0.00863899
0.0148178
0.0116347
0.0078906
0.186594
0.111696
0.00626455
0.61258
0.0455822
0.00748862
0.00462285
0.145653
0.0132482
0.0281436
0.0198397
0.0335112
0.0151743
0.00644551
0.00869839
0.020119
0.00675302
0.0151324
0.0045519
0.00596
0.00664749
0.0263198
0.00643358
0.00399498
0.0238224
0.0207814
0.00338559
0.0132247
0.00455311
0.00803698
0.0245958
0.00328762
0.00611794
0.00324762
0.00353025
0.00345024
0.970608
0.0164268
0.00572227
0.00828329
0.00570902
0.00819304
0.959423
0.00671469
0.00709877
0.00612428
0.00980885
0.00204117
0.00582224
0.00657262
0.871253
0.00603397
0.00304157
0.0173902
0.0207083
0.0100023
0.746278
0.00378486
0.0115365
0.0176137
0.0027684
0.00261587
0.0111265
0.0080415
0.0327997
0.00342083
0.0078271
0.0206796
0.0264361
0.0146775
0.0140012
0.00576966
0.00403282
0.00537502
0.00660633
0.0100465
0.0582538
0.0437363
0.0199429
0.0142743
0.02152
0.00525223
0.010203
0.0155714
0.00464384
0.0184716
0.0188335
0.0155085
0.0282088
0.0487003
0.00466526
0.00371383
0.00599749
0.0256244
0.0040397
0.0064723
0.0214612
0.00360273
0.00416329
0.00423718
0.00905968
0.00598604
0.00591604
0.00399591
0.369909
0.0116988
0.00960564
0.0197149
0.00746628
0.0201497
0.00299001
0.00821819
0.0137858
0.00617537
0.00747295
0.00273687
0.0072318
0.00785141
0.00769854
3.15843
0.00645652
0.00349013
0.00339912
0.00407412
0.00625234
0.00740654
0.00864297
0.00259714
0.0103969
0.0140969
0.00349128
0.00821054
0.00720405
2.11082
0.00610836
0.00282238
0.00943938
0.0131338
0.00568931
0.00371967
0.00728292
0.0103364
0.0108254
0.0105484
0.00167723
0.0265766
0.00568496
0.0125895
0.00702578
0.00809869
0.00740834
0.0140918
0.00805961
0.00362548
0.00987252
0.00737267
0.0126244
0.0156841
1.01797
0.503089
0.0123591
0.00683074
0.00664438
0.0078274
1.0671
0.165379
0.193836
0.705663
0.0316751
0.00395059
0.0266888
0.694597
0.0280484
1.31118
0.230873
0.0134812
2.13678
0.115618
0.044588
0.0266549
0.0341633
0.0544659
0.0190563
0.00988581
0.008803
0.0234269
0.0048569
0.0243472
0.00742138
0.0132454
0.0138498
0.0105635
0.0148496
0.00382658
0.0104178
0.0465697
0.00242953
0.0112935
0.00306444
0.209885
0.0280999
0.00638702
0.00477893
2.48452
0.0170813
0.00865691
0.0332253
0.0171824
0.0370967
0.00624577
0.0250501
0.00405683
0.0379965
0.237046
0.0284046
0.0114884
0.00967683
0.216636
0.00506286
0.0330733
0.0112859
0.0376237
0.00512346
0.00717821
0.46277
0.00366999
0.0194499
0.00381888
0.00205041
0.00133099
0.0101776
0.00514631
0.01715
0.00501254
0.00882726
0.337476
0.0271132
0.0330928
0.00561722
3.48087
0.0130197
0.00310204
0.0421985
0.00479932
0.0285324
0.00128298
0.0167313
0.0102916
0.00591279
0.0125705
0.00452789
0.00253635
0.00132753
0.00350349
0.00708517
0.0065114
0.00895218
0.00865292
0.00631075
0.0165172
0.00287504
0.00378406
0.015793
0.008809
0.0114385
0.00296937
0.00638212
0.00853572
0.00859722
0.00339376
0.00336519
0.00508472
0.0145007
0.00659389
6.05121
0.00674413
0.00884565
0.0126601
0.00325947
0.00808725
0.00891861
0.0027097
0.00493867
0.00371141
0.00270566
0.01013
0.00253954
0.00227809
0.00584229
0.00389664
0.00501903
0.00611619
0.00600938
0.0201138
0.00495093
0.00563275
0.00779376
0.0102555
0.747151
0.00657026
0.995455
0.0353484
0.00584618
0.00286618
0.0199351
0.0142482
0.00409878
0.0115002
0.00986083
4.78009
0.0114704
0.0247367
0.00418098
0.00411864
0.00839899
0.0077324
0.00440823
0.00335055
1.18208
0.0125423
0.0108527
0.00851404
0.0129968
0.0114733
0.0105785
0.00404355
0.00778616
0.009206
0.0746757
0.0216985
0.0153583
0.0104821
0.00653332
0.0034945
0.00502739
0.0051657
0.14009
0.258796
0.0035926
0.00148688
0.00402831
0.00712547
0.0145622
0.00661456
0.0102035
0.0169625
0.0150421
0.00827179
0.00689375
0.0702852
0.371819
0.115872
0.0262027
0.00606134
0.220494
0.00183527
0.00476113
0.00429641
0.787281
0.0162979
0.00925744
0.10145
0.20623
0.0226015
0.0513796
0.424534
0.00854141
0.0993517
0.0254373
0.0598762
1.88411
1.84899
0.086961
0.0877102
0.00430797
0.00246065
0.00814186
0.0139455
0.0023463
0.00495565
0.0074353
0.0155433
2.07739
0.0161658
0.00676812
0.00139623
0.00147546
0.0232553
0.00864253
0.00456344
0.00767099
0.0124601
0.00688878
0.0130475
0.388337
0.00290587
0.00329779
0.00594749
0.0071074
0.0101803
0.00830799
0.00485271
0.0121226
0.0119992
0.0054035
0.00401109
0.0115978
0.0165434
0.00522832
0.0343914
0.00485511
0.0321126
0.00503072
0.0149978
0.0044401
0.0218445
0.014088
0.0108749
0.0143071
0.0151928
0.00250191
0.0077859
0.0112074
0.00282722
0.801239
0.00126995
0.010197
0.0162875
0.00906004
0.00381251
0.00516189
0.0175048
0.0422872
0.0704522
0.0834984
0.044109
0.0035463
0.025368
0.0223629
0.0136459
0.106184
0.00335993
0.00730239
0.00273731
0.00807768
0.00553356
0.00843596
0.0219027
0.0109981
0.0137582
0.00312635
0.00371761
0.0126947
0.00930705
0.0104731
0.00542672
0.00676286
0.442785
0.00814234
0.173985
0.0179556
0.181346
0.0032223
0.0019135
0.00447233
0.00181739
0.21319
0.160861
0.0157587
0.221996
0.0112725
0.0163967
0.0205378
0.706352
0.0452681
0.0730595
0.086232
0.0147892
0.0104586
0.0251902
0.00483042
0.00667693
0.00232447
0.0261882
0.0183086
0.0049082
0.0270648
0.10357
1.48408
0.015649
0.0112232
0.00810277
0.012337
0.0159859
0.0271356
0.0276783
0.0467993
0.0312072
0.012232
0.00161791
0.0153094
0.00982117
0.00470686
0.00458023
0.00670689
0.0158072
0.011528
0.0139147
0.00697574
0.00555996
0.0278018
0.010005
0.00233368
0.0137801
0.0052882
0.00396212
0.00748804
0.0236564
0.000843403
0.0145211
0.00638716
0.0021359
0.0139013
0.00909423
0.00722055
0.00692768
0.00327504
0.00574856
0.00997968
0.012112
0.00632164
0.0147165
0.0123268
0.506569
0.0900548
0.00923225
0.0337146
0.00791083
0.0141389
0.00626147
0.00206307
0.0101731
0.06068
0.0823891
0.0108136
0.0941257
0.070166
0.00696007
0.0217979
0.0111889
0.0135104
0.00801678
0.0310721
0.0198904
0.472605
1.06778
0.013903
0.00499233
0.0149071
0.907669
0.00926202
0.200853
0.020146
0.00475731
0.0615015
0.0177866
0.0213742
0.0143778
0.0583008
0.518235
0.00439495
0.0105688
0.0111254
0.00865563
0.0433322
0.0140279
0.00533368
0.0122904
0.0109037
0.0186578
0.0119181
0.00459183
0.00319511
0.00512917
0.00273731
0.00891607
0.00379667
0.00277211
0.15577
0.152276
0.016838
1.85617
0.0265804
0.0246761
0.00451845
0.0202849
0.00425675
0.00649499
0.00858124
0.00837771
0.00968197
0.0021259
0.00740943
0.00763074
0.00182525
0.0100894
0.0213996
0.0128248
0.00684448
0.0030835
0.00590131
0.00817523
0.00502892
0.492476
0.107844
0.0487193
0.00461701
0.0302419
0.00952968
0.00605309
0.00279148
0.0181773
0.0402976
0.352573
0.0151038
0.00971661
0.00341013
0.401903
0.291082
0.0180897
0.0209515
0.0111192
0.000994582
0.00896132
0.222443
0.0113305
0.0434013
0.0101901
0.150033
0.00273124
0.00709408
0.0177836
0.0405687
0.00080179
0.00593421
0.0102319
0.00529054
0.00634241
0.00828545
0.0113774
0.00678527
0.00605827
0.0105489
0.00372341
0.0172866
0.00421588
0.015918
0.00790996
0.00210512
0.00954459
0.0132783
0.00293169
0.00891097
0.025162
0.726232
0.00505462
0.0125785
0.0103297
0.00602812
0.00347704
0.00866172
0.0105696
0.732787
0.00911076
0.00755747
0.0104169
0.00868423
0.024573
0.0180914
0.00123923
0.0102197
0.0110026
0.0103934
0.00308009
0.0104656
0.00701016
0.0192613
0.00279218
0.00412507
0.00662564
0.00582193
0.0146532
0.00858788
0.0154724
0.0124428
0.0241723
0.00609185
0.00904035
0.0151224
0.00516256
0.010058
0.013704
0.03175
0.0146286
0.0633873
0.0366611
0.0256405
0.019124
0.00381632
0.00413781
0.0122638
0.0092402
0.00685393
0.00666711
0.00708807
0.00568096
0.0141317
0.00841508
0.015658
0.00320507
0.00861764
0.0159102
0.0105917
0.00581172
0.0114386
0.00371881
0.00734587
0.00529781
0.00858056
0.00323831
0.00520908
0.234363
0.964317
0.00444098
0.00811171
0.018749
0.00389424
0.0334793
0.0135376
0.101406
0.00666856
0.00175161
0.0137556
0.00724163
0.00200856
0.00617529
0.0120666
0.00904826
0.00846877
0.0080758
0.00582344
0.00315268
0.00247842
0.00796815
0.01057
0.00846346
0.00312561
0.000716128
0.00220261
0.00229205
0.0103227
0.00698176
0.0119705
0.00502164
0.0283474
0.00459841
0.00512631
0.0265657
0.536702
1.99647
0.0164596
0.00315002
0.0174289
0.0125253
0.205778
0.0170571
0.0105359
0.017888
0.00301457
0.0222829
0.00371678
0.0077717
0.00191444
0.00229683
1.42523
0.913057
0.0101282
0.00853795
0.00517017
0.00959562
0.026425
0.0105311
0.125816
0.00384006
0.346255
0.00439176
0.00857283
0.00460415
0.0202384
0.0024324
0.816471
0.0060044
0.00786786
0.00325795
0.0152782
0.00946321
0.00916447
0.00345568
0.955414
0.00692813
0.00782596
0.00625009
0.00944538
0.00963751
0.0061951
0.207492
0.00711091
0.480668
0.00718561
0.00683163
0.00969448
0.0160848
0.00853833
0.0122624
0.208725
0.00388941
0.00265808
0.010792
0.188033
0.0269749
4.80854
0.023981
0.0406425
0.00827748
0.701099
0.00821249
0.461831
0.00997763
1.7872
0.0119098
0.0070502
0.00393428
0.0653642
0.0109895
0.0156759
0.00766692
0.246225
0.00612693
0.0379278
0.0352593
0.00706406
0.0144732
0.00974058
0.00715982
0.00563227
0.193736
0.198536
3.05564
0.553266
0.493413
0.00970009
5.49704
0.00618513
0.00957311
0.00547984
0.162919
0.669853
0.0219073
0.154295
0.00923167
0.310084
0.00471073
0.00154272
0.930416
1.87488
0.0093211
0.00645871
0.00952554
0.0027627
0.0266847
0.00945394
0.0108567
0.0051934
0.00231979
1.86057
0.0915772
0.012102
0.0100353
0.010962
0.0109473
0.00400279
0.0150507
0.0135531
0.249689
0.00985431
0.00349504
0.00643444
0.00264968
0.00247286
0.00750549
0.00373282
0.0117264
0.0220311
0.00447504
0.325972
0.00893014
0.0171447
0.00489401
0.00257446
0.00760123
0.015934
0.0137938
0.00425325
0.00219619
0.00183985
0.00719027
0.476254
0.00496746
0.0124214
0.00653004
0.00197021
0.00552893
0.00227799
0.952096
0.0110081
0.00413936
0.00471302
0.0153285
0.00655078
0.00723978
0.0129364
0.0150432
1.2183
0.0112942
0.0148261
0.002624
0.0136794
0.0127597
0.0027125
0.00616168
2.46394
0.107387
0.010584
0.00577846
0.0212417
0.00310757
0.00962492
0.00499782
0.00241256
0.0116558
0.00588882
0.000445347
0.00795138
0.0144085
0.0100498
0.0210395
0.0232183
0.00272077
0.00771547
0.00241695
0.00242173
0.0186451
0.015276
0.0173172
0.00738549
0.00508713
0.00301552
0.00239423
0.0012996
0.00625365
0.0122592
0.00545661
0.00316519
0.00830817
0.0149369
0.015943
0.00578267
0.016901
0.0114021
0.00714799
0.00366573
0.00625572
0.00886375
0.00362665
0.0139476
0.0218109
0.0110091
0.0198343
0.00485315
0.00722833
0.00815746
0.00819296
0.0110908
0.0281271
0.251208
0.225569
0.415852
0.0102105
0.0084412
0.118863
0.00463017
0.00557508
0.00609594
0.252482
0.0162566
0.408348
0.00367228
0.00344473
0.00887993
0.528399
0.0152066
1.1634
0.0102312
0.00668685
0.00404515
0.0177824
0.0143906
0.0203476
0.00774968
0.0110491
0.0150642
0.0156942
0.012973
0.00440762
0.00438009
0.0132983
0.00834976
0.00981213
0.102406
0.0048134
0.00123648
0.0108523
0.0061411
0.0129374
0.0307352
0.0115419
0.0102837
0.010418
0.00968245
0.0096783
0.0107774
0.00372918
0.00954703
0.0114505
0.0252462
0.0128496
0.0198296
0.00709555
0.00329702
0.00945106
0.00415027
0.015609
0.0099125
0.00642756
0.00794428
0.00616233
0.0125712
0.0106037
0.00941134
0.00323483
0.00757765
0.00976095
0.00448564
0.00702212
0.00340466
0.0100432
0.00620744
0.00915171
0.0016602
0.00852038
0.00646683
0.0013892
0.00268409
0.00321714
0.00150089
0.00708196
0.00315918
0.0106716
0.00604002
0.00627227
0.00555244
0.00642516
0.00447923
0.00947067
0.00352526
0.00982783
0.00708005
0.00861741
0.00617374
0.0100079
0.00290347
0.00592455
0.0164823
0.00521962
1.65506
0.00693778
0.00602512
0.0116286
0.00408378
0.0130279
0.853151
0.0136248
0.00341044
0.0193173
0.00554068
0.0100689
0.00212338
0.0195544
0.0278366
0.0109441
0.026873
0.00877189
0.00469975
0.00856996
0.021237
0.00175334
0.819218
0.00122577
0.00559647
0.00829265
0.00447112
0.00855846
0.0043952
1.02644
0.00342427
1.86501
0.00384353
0.00780035
0.0174158
0.00600374
0.00406394
0.00567901
0.003617
0.0120903
0.0117037
0.0143525
0.00869056
0.00653197
0.00506396
0.0122737
0.00424286
0.00344358
0.0035369
0.00251847
0.0385693
0.0142427
0.528676
0.0161214
0.295827
0.0156904
0.0291888
0.456973
1.11233
0.00323709
0.00697369
0.0298961
0.0452188
0.00711738
0.00827551
0.00665645
0.00712375
0.085287
0.0159763
0.00171784
0.00442065
0.798262
0.00254843
0.0508179
0.03464
0.887758
0.0067761
1.0365
0.0103025
0.0105303
0.00772165
0.0099787
0.00414514
0.00536712
3.20145
0.00270666
0.00380328
0.0180281
0.0369324
0.839339
0.0100844
0.0207719
0.00873202
0.00811716
0.72191
0.0162956
0.0255476
0.0133275
0.0127249
0.00428823
0.00792413
0.00764425
0.00845436
0.0134223
0.00785225
0.00593346
0.0124436
0.00602856
0.00694115
0.00717113
0.00319542
0.0114279
0.00892084
0.00832849
0.0130006
0.00287213
0.0128545
0.0120923
0.00838839
0.0119948
0.00520987
0.00682113
0.00582123
0.00761805
0.00826438
0.00876116
0.0123553
0.00777244
0.0095187
0.0047405
0.00610485
0.0130776
0.0492404
0.00864507
0.00868405
0.0432123
0.0520837
0.0232042
0.0295362
0.0206023
0.00788223
0.00388071
0.0194046
0.00404476
0.00353516
0.0184909
0.0227935
1.49443
0.0155412
0.00394205
0.00375636
0.0102987
0.00850149
0.00850948
0.0109689
0.00992032
0.00997076
0.00354652
0.00868524
0.00516532
0.840027
0.00868851
0.00243376
0.00397705
0.0418968
0.0123959
0.0146421
0.00923931
0.0167044
0.0103959
0.427868
0.00491885
0.0058707
0.150746
0.0129607
0.00393396
0.00852998
0.0561277
0.256237
0.0238958
0.348618
0.0354344
0.00448924
0.00525796
0.0098994
0.00534371
0.00874877
0.0107778
0.00570819
0.00301018
0.417898
0.00499745
0.00223046
0.00504539
0.00296552
0.00969209
0.709445
0.0166645
0.00638221
0.0568524
0.0284904
0.00259098
0.0302797
0.00495337
0.00573806
0.0150501
0.00942326
0.00262297
0.00451549
0.00803824
0.00445461
0.00574506
0.00293884
0.00909098
0.00576957
0.0080837
0.00413071
0.00179678
0.0153623
0.0298321
0.0933387
0.0130541
0.000564601
0.0100786
0.011886
0.00533089
0.00516993
0.0122873
0.00551877
0.0109483
0.0307587
0.0127664
0.971264
0.00522006
0.0763889
0.0497807
0.0757725
0.0553578
0.0122876
0.0144973
0.0767282
0.00917806
0.0279858
0.0226853
0.120031
0.0231958
0.0882615
0.0135736
0.178489
0.0152264
0.0545066
0.0062442
0.691284
0.448807
0.0228928
0.0878903
0.00939971
0.00288517
0.00487302
0.00584818
0.00585771
0.0208754
0.00585431
0.0266647
0.11712
0.391243
0.0890991
0.0177267
0.044179
0.0182965
0.0119134
0.00765781
0.0131715
0.00820029
0.00802828
0.0131608
0.017924
0.0118862
0.0133768
0.0865939
0.00110401
0.0784112
1.44644
0.0668757
0.120905
0.0137844
1.0803
1.02364
0.830231
5.70233
0.0515602
0.00753298
0.00604961
0.0110552
0.00823198
0.0156627
0.00285894
1.52093
1.17783
0.00663387
0.00889559
0.00379282
0.00716746
0.0100718
0.0122108
0.00773354
0.00768073
0.0048169
0.00659124
0.00431906
0.0112495
0.0116341
0.00944881
0.00603646
0.01958
0.00236244
0.00193063
0.513429
0.00711099
0.00582144
0.00545766
0.0130963
0.0099472
0.00113627
0.00963269
0.00347246
0.00927517
0.106847
0.100717
0.00909297
0.00714622
0.0087369
0.0106764
0.00723442
0.00758673
0.0076055
0.00586489
0.00267499
0.0110326
0.00282958
0.00319241
0.0198844
0.0102325
0.00213364
0.0228792
0.00332743
0.00574125
0.0277642
0.0130554
0.349488
0.0221234
0.112935
0.00905001
0.0420533
1.85028
0.018345
0.0267748
0.0637687
0.130986
0.0413143
0.00313169
0.0357713
0.0406635
0.0137864
0.108803
0.00768472
0.0128836
0.0852046
0.0715244
0.0141692
3.59381
0.0483077
0.014843
0.0102327
0.00569156
0.0213792
0.00332876
0.0140211
0.0313042
0.0355297
0.0437147
0.00623868
0.00423572
0.0140746
0.0109203
0.132252
0.0581363
0.0577696
4.87858
0.0724634
0.0785722
0.0506379
0.136482
0.0343361
0.0128418
0.0153731
0.0114854
0.0150394
0.0401946
0.125069
0.0458488
0.0197937
0.0363351
0.034636
0.00750958
0.704304
0.0157288
0.00970566
0.00446432
0.0552172
0.234023
0.00259125
0.00400582
0.0111309
0.00294776
0.00481313
0.289534
0.0100593
0.00590399
0.00821346
0.00397796
1.98219
0.372026
0.00846152
0.00630233
0.0169953
0.00868481
0.0016116
0.0035967
0.00279399
0.0671235
0.00519048
0.00660586
0.00252149
0.00714524
0.00273762
0.00199193
0.00282301
0.00748855
0.00991626
0.00304902
0.456165
0.805571
0.00126821
0.00378667
0.0123553
0.0117235
0.0138075
0.00354581
0.0116683
0.0152873
0.0116609
0.0154683
0.00402355
0.00366595
0.693487
0.0127276
0.00686145
0.00325194
0.00814981
0.0347265
1.01216
0.00967341
0.00300643
0.0209721
0.59968
0.00195424
0.0110641
0.00571194
0.00493883
0.0113963
0.00889172
0.00852589
