0.159993
0.124759
0.18537
0.115441
0.156687
0.122518
0.180801
0.147301
0.115343
0.147197
0.142117
0.171686
0.127758
0.117769
0.119673
0.0961508
0.156705
0.117476
0.128567
0.15815
0.139138
0.115744
0.195021
0.212141
0.0910838
0.118727
0.118243
0.133887
0.161506
0.1857
0.10309
0.153843
0.114454
0.138851
0.120779
0.190302
0.198955
0.113484
0.186292
0.0961973
0.100158
0.111969
0.126651
0.139316
0.118165
0.120473
0.159515
0.194124
0.155154
0.105193
0.127262
0.130412
0.120284
0.137415
0.119059
0.211013
0.156379
0.107943
0.135858
0.119939
0.134633
0.161806
0.183085
0.109119
0.126121
0.145512
0.109538
0.126881
0.121498
0.148323
0.13944
0.122336
0.134096
0.136485
0.109947
0.108074
0.142715
0.115833
0.114098
0.12122
0.11447
0.11999
0.134961
0.124434
0.123556
0.127504
0.169123
0.173041
0.12197
0.138153
0.153587
0.130088
0.163738
0.113597
0.140611
0.116342
0.0902392
0.103911
0.134184
0.128598
0.101832
0.124798
0.152557
0.128845
0.12622
0.110504
0.123795
0.151009
0.116404
0.119057
0.104253
0.138532
0.0926861
0.119779
0.134683
0.100865
0.146354
0.118317
0.161889
0.178408
0.179564
0.127183
0.104552
0.136641
0.111081
0.12308
0.121882
0.145443
0.107287
0.104987
0.128248
0.121864
0.0905188
0.0996967
0.144159
0.0976743
0.162652
0.103574
0.112377
0.192649
0.136635
0.165792
0.152691
0.149913
0.118847
0.100965
0.188627
0.130931
0.15482
0.114214
0.140599
0.169535
0.13859
0.137615
0.195245
0.129722
0.112765
0.123483
0.127261
0.133379
0.123731
0.121566
0.0996878
0.098918
0.146791
0.106516
0.118448
0.148227
0.0952554
0.167689
0.181747
0.118264
0.142242
0.141725
0.150667
0.119402
0.148798
0.134329
0.108679
0.176887
0.175814
0.139818
0.16109
0.120593
0.138251
0.133702
0.161034
0.131203
0.110566
0.120166
0.147601
0.144328
0.144802
0.159286
0.103192
0.163804
0.147441
0.101909
0.144484
0.135876
0.116475
0.12282
0.145779
0.115368
0.151822
0.145495
0.149046
0.183355
0.106122
0.125053
0.157749
0.115796
0.0916676
0.111662
0.0976261
0.110511
0.102176
0.160611
0.139367
0.144406
0.0910573
0.109428
0.108774
0.088486
0.116197
0.113678
0.0913092
0.122168
0.11998
0.145146
0.089246
0.16821
0.162791
0.136569
0.157025
0.115656
0.138013
0.120038
0.123784
0.138723
0.122878
0.13813
0.110397
0.135507
0.151875
0.140451
0.0975158
0.150476
0.102167
0.106542
0.124727
0.123396
0.157053
0.0929061
0.104819
0.216655
0.0911763
0.146236
0.131913
0.14566
0.204438
0.150156
0.123827
0.123314
0.116343
0.114973
0.120388
0.123945
0.159233
0.211184
0.165573
0.108773
0.138942
0.124115
0.127302
0.112981
0.111309
0.119717
0.121963
0.112068
0.155193
0.131222
0.118907
0.139502
0.139727
0.125756
0.15931
0.169527
0.111096
0.140976
0.112517
0.126909
0.0939358
0.0983404
0.170656
0.111692
0.138315
0.123226
0.160522
0.12698
0.0946134
0.114646
0.142876
0.127662
0.163307
0.136868
0.111241
0.130247
0.0979563
0.130394
0.150252
0.283004
0.128086
0.13057
0.126825
0.0909844
0.135026
0.134161
0.136491
0.12063
0.131963
0.151182
0.0981282
0.139237
0.125147
0.14943
0.18709
0.109769
0.116837
0.128134
0.160566
0.0948077
0.157257
0.175135
0.14624
0.134921
0.153467
0.135931
0.119702
0.134838
0.101497
0.149737
0.155539
0.179127
0.125324
0.164319
0.136949
0.12553
0.137376
0.157346
0.169155
0.219149
0.131993
0.148381
0.127452
0.124598
0.162684
0.115549
0.121048
0.0880948
0.106022
0.171373
0.129989
0.160315
0.142162
0.118022
0.12229
0.209724
0.148073
0.157122
0.135549
0.122125
0.127261
0.12354
0.108443
0.146531
0.150963
0.131076
0.118433
0.114089
0.0940813
0.126027
0.125675
0.157233
0.0974933
0.144024
0.106447
0.138465
0.162951
0.121681
0.143334
0.113573
0.12965
0.122206
0.129733
0.0982989
0.126012
0.131711
0.108451
0.109394
0.195833
0.114789
0.122819
0.131169
0.15786
0.16059
0.151945
0.163592
0.120361
0.127721
0.160219
0.15896
0.131394
0.15331
0.178298
0.0977034
0.134991
0.129967
0.122094
0.196348
0.123175
0.130634
0.123681
0.130613
0.12281
0.186632
0.119654
0.187355
0.134325
0.133228
0.129205
0.172428
0.130053
0.131454
0.128639
0.126758
0.12591
0.124819
0.140028
0.111287
0.173605
0.0953847
0.118736
0.109802
0.168221
0.187
0.19818
0.171286
0.150128
0.149047
0.145277
0.143462
0.140479
0.149734
0.149184
0.0980114
0.154058
0.118636
0.152974
0.144052
0.125488
0.0851133
0.203027
0.116147
0.148845
0.13174
0.118113
0.0969259
0.134775
0.125297
0.121653
0.124767
0.220753
0.110707
0.131864
0.161132
0.15315
0.170734
0.13079
0.177036
0.111921
0.0901082
0.0989762
0.139706
0.148424
0.109642
0.131049
0.126002
0.166511
0.147756
0.153745
0.139879
0.146326
0.110469
0.116185
0.132542
0.149572
0.129914
0.109757
0.149452
0.141526
0.137413
0.166746
0.113057
0.166454
0.143694
0.119512
0.142798
0.167349
0.135263
0.150333
0.161291
0.162694
0.219523
0.125835
0.19166
0.181712
0.107111
0.136114
0.0997691
0.12144
0.275969
0.115964
0.120564
0.158367
0.106723
0.141156
0.132944
0.122657
0.191015
0.122484
0.101789
0.123352
0.2068
0.0872485
0.10085
0.164223
0.132544
0.147711
0.140506
0.134286
0.11309
0.147652
0.138657
0.165393
0.111159
0.145407
0.111266
0.117582
0.106971
0.148497
0.136254
0.114709
0.138626
0.133528
0.141296
0.198307
0.141562
0.135494
0.121306
0.0964244
0.11851
0.130579
0.147285
0.140753
0.112708
0.124803
0.135663
0.1333
0.107716
0.105066
0.114945
0.10544
0.11546
0.122346
0.129147
0.126977
0.138677
0.113862
0.120154
0.136702
0.173437
0.116904
0.121324
0.147237
0.136359
0.172885
0.114395
0.134599
0.150813
0.182939
0.121189
0.11514
0.211755
0.121528
0.115971
0.155944
0.119682
0.149647
0.134364
0.144136
0.144027
0.150791
0.106392
0.144505
0.125731
0.117237
0.104495
0.0990127
0.121747
0.153397
0.147953
0.102478
0.130695
0.119407
0.116165
0.118884
0.145085
0.135214
0.131789
0.133447
0.118762
0.0930717
0.170577
0.129867
0.105192
0.114472
0.135914
0.106706
0.110366
0.133115
0.143995
0.12809
0.171581
0.142546
0.119912
0.174119
0.119387
0.11379
0.12326
0.126391
0.123233
0.107496
0.197076
0.128348
0.144032
0.135838
0.130104
0.120514
0.117068
0.110976
0.16324
0.106595
0.102231
0.134854
0.16075
0.18232
0.107912
0.111757
0.102065
0.124284
0.103929
0.137835
0.129666
0.115714
0.0935043
0.224066
0.0942823
0.134644
0.151559
0.11108
0.145635
0.118168
0.14707
0.175328
0.129444
0.187805
0.115162
0.106584
0.140214
0.10008
0.155823
0.165352
0.175839
0.119248
0.0952449
0.121612
0.168854
0.12307
0.145654
0.144738
0.19085
0.123892
0.113658
0.136084
0.101311
0.115018
0.184325
0.098794
0.173125
0.135603
0.118476
0.129602
0.138006
0.120706
0.134716
0.0843078
0.103512
0.109952
0.158602
0.17251
0.119713
0.122863
0.127162
0.164279
0.130873
0.14215
0.114793
0.11222
0.135492
0.171923
0.129244
0.140372
0.150169
0.169714
0.160153
0.169885
0.115372
0.0963657
0.102298
0.124171
0.133227
0.147688
0.0985972
0.182181
0.11201
0.147201
0.102689
0.11954
0.114976
0.160051
0.159274
0.149519
0.143894
0.141722
0.104401
0.13508
0.122007
0.144344
0.128285
0.124473
0.118217
0.180491
0.114781
0.121528
0.128025
0.207182
0.128459
0.123977
0.1413
0.133184
0.101333
0.165559
0.117946
0.155104
0.159309
0.107223
0.101025
0.155992
0.122934
0.144305
0.140988
0.115627
0.122884
0.12107
0.121356
0.136873
0.126115
0.102746
0.124892
0.0997956
0.164984
0.114287
0.153756
0.140102
0.103133
0.136565
0.140642
0.118503
0.1616
0.113515
0.10141
0.254331
0.133174
0.204071
0.134067
0.137218
0.139491
0.210083
0.169894
0.13559
0.115532
0.153144
0.151926
0.139195
0.143447
0.114728
0.118104
0.134772
0.203638
0.141947
0.177451
0.130123
0.136177
0.105823
0.14173
0.111015
0.154068
0.141712
0.227331
0.10443
0.124596
0.102409
0.110471
0.122673
0.113141
0.147183
0.116366
0.117084
0.0983388
0.0975974
0.169215
0.128028
0.10084
0.141297
0.107241
0.175998
0.183778
0.125337
0.152301
0.101038
0.10706
0.111338
0.110797
0.124361
0.144919
0.133573
0.133639
0.124196
0.144667
0.114269
0.15683
0.156727
0.110805
0.121408
0.100246
0.133914
0.141606
0.12563
0.149172
0.12371
0.086428
0.139247
0.123608
0.165307
0.156374
0.117434
0.104797
0.0987642
0.113124
0.166395
0.108804
0.105217
0.153693
0.125766
0.113078
0.105506
0.126025
0.123105
0.107955
0.0939923
0.130392
0.165799
0.132606
0.120325
0.126496
0.107461
0.158226
0.109515
0.132657
0.11785
0.122517
0.185523
0.091574
0.147797
0.110162
0.17832
0.167479
0.129501
0.100378
0.167148
0.133478
0.0931203
0.14276
0.155526
0.157013
0.100766
0.128457
0.118707
0.121704
0.141441
0.116937
0.194436
0.179582
0.128722
0.0938618
0.139785
0.117692
0.120726
0.139348
0.113688
0.10744
0.154814
0.143117
0.134933
0.104974
0.102355
0.119403
0.180823
0.096567
0.113859
0.100316
0.117155
0.100721
0.0982176
0.116946
0.166606
0.139178
0.142785
0.106663
0.110949
0.158795
0.147888
0.130465
0.140646
0.110788
0.168944
0.152033
0.11849
0.104147
0.129672
0.124992
0.125014
0.712518
0.117503
0.105573
0.117155
0.11439
0.158165
0.162687
0.103362
0.12774
0.138136
0.114428
0.122
0.12589
0.11833
0.168179
0.176959
0.132282
0.143785
0.11637
0.152197
0.146682
0.130006
0.127185
0.174795
0.133056
0.111322
0.166795
0.129364
0.096124
0.119839
0.133989
0.0906637
0.114475
0.124896
0.13041
0.108323
0.127095
0.135686
0.133595
0.140489
0.141452
0.114497
0.128613
0.121374
0.104755
0.116936
0.194847
0.151929
0.0984598
0.137787
0.131182
0.115874
0.108968
0.0989435
0.170022
0.0971878
0.130151
0.132619
0.135353
0.151306
0.138521
0.126649
0.0941555
0.172482
0.202338
0.174839
0.147678
0.094075
0.186095
0.149982
0.148978
0.173384
0.132645
0.206237
0.141625
0.122448
0.154279
0.128227
0.100061
0.163983
0.126559
0.135342
0.175569
0.125015
0.133404
0.114807
0.131341
0.117048
0.118496
0.125006
0.127642
0.105967
0.133061
0.157781
0.124031
0.11571
0.145516
0.148012
0.144963
0.119129
0.114448
0.165396
0.155722
0.123759
0.126257
0.109175
0.122644
0.123935
0.133331
0.129303
0.136043
0.126209
0.123179
0.150404
0.129864
0.121233
0.119275
0.144763
0.13947
0.131106
0.0963659
0.147654
0.138202
0.156115
0.132776
0.122624
0.104166
0.11738
0.147649
0.143835
0.148328
0.13508
0.115203
0.108002
0.110828
0.162345
0.118674
0.105517
0.208125
0.102403
0.116631
0.128235
0.142562
0.117981
0.143946
0.152888
0.117755
0.120675
0.0933996
0.16555
0.124628
0.14087
0.201861
0.0965451
0.119406
0.149681
0.164547
0.181554
0.152992
0.101046
0.116383
0.107453
0.174186
0.148603
0.121823
0.143823
0.1169
0.138109
0.119913
0.202891
0.129727
0.114728
0.106075
0.145607
0.150479
0.148403
0.224613
0.10806
0.126921
0.159848
0.12223
0.0947469
0.175608
0.0955299
0.102065
0.128577
0.128354
0.169196
0.0972579
0.127161
0.173328
0.131798
0.160151
0.135682
0.160933
0.0927466
0.127597
0.10495
0.118989
0.142674
0.159654
0.172536
0.120002
0.148255
0.110101
0.153917
0.119474
0.125399
0.100625
0.0932973
0.0996093
0.101672
0.118215
0.110324
0.121622
0.15522
0.113036
0.125392
0.132075
0.155086
0.190141
0.106221
0.172674
0.11689
0.105324
0.145845
0.135278
0.125601
0.124544
0.108941
0.12523
0.119976
0.103504
0.131758
0.123504
0.153661
0.146316
0.170798
0.132994
0.12724
0.0982493
0.144031
0.112901
0.154016
0.11806
0.126424
0.188847
0.140932
0.158282
0.163049
0.116944
0.161848
0.104021
0.128294
0.143453
0.107748
0.177271
0.155181
0.148617
0.133013
0.148585
0.15291
0.114365
0.139491
0.0989065
0.151745
0.241968
0.134187
0.13806
0.167014
0.153933
0.184511
0.25712
0.182618
0.121931
0.12617
0.140949
0.121468
0.119512
0.178592
0.157033
0.138869
0.116867
0.105149
0.15416
0.187838
0.107121
0.134454
0.104273
0.12106
0.103351
0.116045
0.145998
0.107591
0.121807
0.0997906
0.103827
0.097066
0.127361
0.122539
0.116114
0.122515
0.102226
0.136288
0.103225
0.126798
0.134368
0.144956
0.123794
0.0907247
0.0993401
0.0957433
0.139229
0.101329
0.150625
0.111149
0.106813
0.140229
0.156104
0.184276
0.122416
0.14637
0.14082
0.130202
0.140504
0.130169
0.11374
0.0993271
0.105237
0.115114
0.133116
0.18674
0.0992856
0.157512
0.137359
0.141197
0.144352
0.169128
0.154707
0.207318
0.169571
0.146518
0.122454
0.159575
0.125761
0.144527
0.109404
0.100364
0.132595
0.139585
0.16544
0.132748
0.108533
0.11443
0.113038
0.146456
0.149858
0.137761
0.134799
0.148981
0.203741
0.134434
0.151631
0.108961
0.106524
0.0911458
0.145518
0.0998273
0.1045
0.132348
0.114925
0.108374
0.110039
0.139518
0.107426
0.163151
0.160269
0.144232
0.0992147
0.140236
0.11875
0.144576
0.124125
0.131834
0.123029
0.189782
0.124275
0.144454
0.125778
0.144149
0.111003
0.118173
0.0862879
0.181472
0.161546
0.173312
0.163742
0.0960133
0.113461
0.107584
0.110179
0.162925
0.12045
0.137304
0.1394
0.120585
0.138734
0.126637
0.131461
0.107798
0.16335
0.116857
0.150619
0.105097
0.153733
0.123594
0.139968
0.119763
0.0971907
0.145427
0.127427
0.11693
0.15074
0.132742
0.108898
0.158069
0.103848
0.120991
0.0986974
0.11568
0.128382
0.147855
0.109404
0.144383
0.135605
0.127416
0.114642
0.118423
0.12402
0.222504
0.158642
0.11018
0.133897
0.148562
0.120305
0.114301
0.128598
0.117787
0.140874
0.160297
0.143518
0.129353
0.15419
0.166412
0.100838
0.161884
0.150746
0.11789
0.11202
0.14681
0.110347
0.139658
0.150829
0.117018
0.118405
0.0992068
0.101491
0.140245
0.164001
0.169601
0.12971
0.129439
0.16935
0.143517
0.146217
0.157178
0.120151
0.138961
0.128657
0.155882
0.132015
0.161441
0.195943
0.108149
0.14318
0.187302
0.148583
0.132279
0.118692
0.191333
0.156561
0.118367
0.107441
0.222869
0.170727
0.118251
0.118101
0.122018
0.118811
0.0892015
0.103931
0.0841227
0.125568
0.0903853
0.114488
0.13464
0.11413
0.123124
0.131403
0.103339
0.147006
0.218889
0.135384
0.14564
0.111411
0.121258
0.132658
0.223598
0.149984
0.0978998
0.243355
0.107137
0.137166
0.126084
0.0987536
0.143391
0.150113
0.133135
0.218773
0.0985828
0.0956092
0.11944
0.131895
0.158361
0.118731
0.113607
0.158908
0.134005
0.101099
0.109657
0.104677
0.100734
0.134529
0.141709
0.128139
0.182386
0.083424
0.143307
0.175878
0.124885
0.116306
0.154524
0.207048
0.0899172
0.125784
0.110711
0.100056
0.0951536
0.0842444
0.168701
0.115331
0.113485
0.15427
0.17081
0.120987
0.1632
0.12208
0.117431
0.103933
0.111719
0.160111
0.105592
0.100345
0.115024
0.119819
0.131315
0.103904
0.151228
0.123196
0.0996402
0.104
0.0971883
0.149226
0.113159
0.124245
0.252641
0.12417
0.129106
0.165193
0.127729
0.129617
0.15216
0.113211
0.116687
0.127333
0.098388
0.117992
0.144024
0.113402
0.129251
0.111686
0.102324
0.116186
0.119248
0.231763
0.172549
0.101783
0.122704
0.124359
0.172625
0.13306
0.224505
0.118843
0.151014
0.136068
0.15645
0.102274
0.145358
0.155098
0.119334
0.159337
0.159742
0.115178
0.140962
0.175189
0.120239
0.105199
0.152367
0.118024
0.147942
0.129124
0.176478
0.174288
0.2258
0.118266
0.0986063
0.153078
0.2187
0.154853
0.11718
0.208162
0.153115
0.131049
0.130696
0.113888
0.11551
0.153542
0.161066
0.128691
0.0923833
0.140731
0.109667
0.170282
0.106444
0.0983056
0.106252
0.136847
0.113939
0.178413
0.112305
0.155927
0.108837
0.128825
0.120086
0.103275
0.140527
0.173169
0.117139
0.14549
0.176054
0.135471
0.11752
0.152233
0.115685
0.205223
0.170544
0.223649
0.205596
0.187575
0.19122
0.150481
0.178447
0.166558
0.179739
0.186703
0.0959955
0.102937
0.121104
0.0975914
0.135044
0.15065
0.121985
0.117875
0.120037
0.126852
0.0994244
0.126659
0.149225
0.115383
0.126557
0.149519
0.117964
0.114578
0.117498
0.106035
0.167568
0.128182
0.116843
0.105842
0.134581
0.161278
0.134661
0.0967513
0.107251
0.118755
0.102822
0.116504
0.123686
0.109624
0.158825
0.164318
0.172276
0.183239
0.193168
0.139077
0.16912
0.148121
0.137868
0.116341
0.119895
0.12772
0.147851
0.120845
0.144954
0.144411
0.156694
0.14013
0.180288
0.10294
0.134933
0.132697
0.151393
0.104462
0.173815
0.125075
0.0913964
0.116833
0.0999074
0.168075
0.132124
0.119234
0.117064
0.107336
0.124052
0.180181
0.147426
0.14805
0.138212
0.117573
0.104053
0.114398
0.126716
0.113982
0.111782
0.106422
0.134757
0.125005
0.132692
0.097702
0.132964
0.170731
0.166599
0.148278
0.130843
0.12369
0.14615
0.131041
0.144863
0.104518
0.148025
0.0963663
0.178455
0.1217
0.142738
0.16461
0.124499
0.102791
0.163984
0.107526
0.164811
0.121402
0.0840919
0.141219
0.172466
0.163304
0.12534
0.122364
0.137901
0.118601
0.120815
0.163231
0.107592
0.115046
0.102582
0.120531
0.172778
0.229419
0.137876
0.145521
0.130641
0.132885
0.0943755
0.156688
0.131208
0.134694
0.263454
0.183084
0.101908
0.105308
0.13442
0.152091
0.134892
0.138171
0.137654
0.126765
0.113804
0.120951
0.16809
0.107641
0.130332
0.127345
0.119423
0.150366
0.126841
0.193545
0.172139
0.149144
0.122968
0.115834
0.130318
0.141763
0.14193
0.166035
0.136586
0.12572
0.116268
0.157593
0.164384
0.142795
0.147461
0.109047
0.110573
0.098456
0.11981
0.130578
0.127024
0.122484
0.111054
0.113859
0.176355
0.141368
0.21569
0.151583
0.263144
0.162579
0.153261
0.119187
0.153451
0.101315
0.141158
0.120766
0.0817567
0.237257
0.151161
0.09248
0.120977
0.14169
0.125814
0.141429
0.160589
0.170583
0.17842
0.158406
0.120353
0.150096
0.116744
0.114775
0.135532
0.151714
0.325241
0.161034
0.1566
0.108964
0.142599
0.175578
0.150201
0.132788
0.097981
0.125037
0.116685
0.132361
0.128245
0.137874
0.1259
0.161302
0.111608
0.164131
0.125015
0.131258
0.119675
0.151228
0.125168
0.148501
0.115639
0.121716
0.127863
0.112899
0.179136
0.110519
0.112935
0.126928
0.108677
0.10433
0.181337
0.112396
0.18552
0.129548
0.134
0.17479
0.122001
0.238936
0.199537
0.260364
0.187032
0.139833
0.176899
0.273979
0.197749
0.130415
0.167333
0.294428
0.213663
0.166333
0.104799
0.0939169
0.147275
0.100903
0.102647
0.13106
0.103936
0.122817
0.143779
0.134462
0.117743
0.129979
0.114379
0.116817
0.175653
0.144133
0.092266
0.104847
0.174255
0.137167
0.0873079
0.0817297
0.113991
0.0990518
0.151828
0.1159
0.168404
0.109748
0.150226
0.119635
0.113294
0.157083
0.118952
0.120244
0.114275
0.221644
0.118756
0.172646
0.0963544
0.214036
0.115029
0.134319
0.160262
0.103203
0.114332
0.104092
0.159835
0.14812
0.126664
0.170271
0.157576
0.105048
0.138512
0.103791
0.132854
0.156847
0.146245
0.108127
0.122936
0.142839
0.135269
0.136469
0.110087
0.113219
0.116675
0.160762
0.133862
0.0977066
0.196011
0.107466
0.120621
0.118743
0.202702
0.150769
0.149572
0.212563
0.160576
0.175742
0.167863
0.183379
0.179375
0.154587
0.156696
0.254787
0.169385
0.164978
0.118692
0.134378
0.176555
0.138175
0.231273
0.17251
0.126793
0.182091
0.140804
0.104231
0.154191
0.139505
0.162062
0.12441
0.130024
0.147303
0.205772
0.157056
0.154653
0.160267
0.133607
0.121834
0.161197
0.124392
0.18338
0.114652
0.11454
0.13718
0.132847
0.137753
0.129934
0.10491
0.126718
0.133675
0.142274
0.103799
0.130645
0.145115
0.179739
0.134999
0.129903
0.162974
0.113523
0.128892
0.0907379
0.107765
0.110646
0.0887035
0.186055
0.129247
0.117191
0.20655
0.105141
0.112273
0.106163
0.181178
0.13701
0.138067
0.111191
0.136969
0.147262
0.170288
0.114551
0.137653
0.117618
0.136259
0.150126
0.110215
0.134546
0.10743
0.105202
0.142489
0.150626
0.127051
0.114254
0.164326
0.119359
0.115842
0.229452
0.124233
0.137757
0.120463
0.128614
0.148563
0.122591
0.170591
0.197981
0.175389
0.157793
0.152685
0.125743
0.155325
0.106361
0.0977486
0.166619
0.161672
0.141834
0.141891
0.177029
0.154246
0.140047
0.103497
0.137563
0.121073
0.128021
0.161013
0.122084
0.0930529
0.107368
0.231549
0.147059
0.160125
0.122724
0.150444
0.0988577
0.109697
0.128552
0.155641
0.150786
0.128474
0.1796
0.127598
0.153142
0.165762
0.158792
0.147887
0.133025
0.109949
0.137317
0.202619
0.115756
0.12193
0.164786
0.157358
0.126687
0.116707
0.145187
0.145626
0.128769
0.13145
0.117492
0.119324
0.101522
0.11504
0.10411
0.0932687
0.144368
0.195494
0.188801
0.102929
0.163407
0.094584
0.124201
0.127599
0.112674
0.1312
0.211535
0.118259
0.134501
0.132139
0.136588
0.149744
0.125227
0.12965
0.109742
0.15589
0.114345
0.150756
0.166207
0.185366
0.104405
0.13101
0.128878
0.0847675
0.0887175
0.0931412
0.12876
0.086713
0.112746
0.199208
0.126989
0.103335
0.1643
0.11867
0.183479
0.126346
0.150393
0.167975
0.140304
0.16541
0.147775
0.202023
0.117472
0.151962
0.139725
0.137554
0.140513
0.171666
0.156879
0.108162
0.106848
0.159245
0.140072
0.128137
0.179748
0.156501
0.104748
0.10665
0.139056
0.162978
0.115025
0.103269
0.1115
0.17607
0.139536
0.16596
0.181629
0.129641
0.152372
0.0924103
0.208465
0.129408
0.150043
0.128565
0.150901
0.131286
0.134834
0.094275
0.160136
0.113561
0.122744
0.140766
0.122954
0.121103
0.0930436
0.108326
0.147499
0.123081
0.173696
0.152444
0.137312
0.128812
0.175043
0.214993
0.131661
0.140293
0.17567
0.139375
0.233889
0.124981
0.320397
0.180313
0.191572
0.124625
0.10123
0.110468
0.156055
0.160413
0.114284
0.111478
0.134915
0.16033
0.144924
0.127206
0.138936
0.128285
0.154855
0.114854
0.133177
0.211836
0.17029
0.133282
0.184444
0.07476
0.122131
0.126793
0.11425
0.0983837
0.105102
0.117698
0.0987711
0.157444
0.146902
0.186548
0.114323
0.131113
0.136832
0.179177
0.104102
0.136657
0.104495
0.0921763
0.111555
0.128039
0.182334
0.129809
0.193171
0.099405
0.13921
0.132211
0.158151
0.116745
0.135597
0.108069
0.138873
0.112381
0.113249
0.133445
0.0990762
0.140663
0.119021
0.119777
0.121257
0.119423
0.134143
0.103166
0.175634
0.108895
0.0810722
0.170363
0.102869
0.121785
0.148764
0.135124
0.114166
0.11335
0.145436
0.139844
0.120981
0.134486
0.132437
0.116347
0.115615
0.10114
0.18048
0.100012
0.140586
0.159648
0.153703
0.145162
0.104595
0.165825
0.104953
0.141969
0.106584
0.124381
0.121204
0.11247
0.130775
0.166989
0.13664
0.172465
0.104631
0.109883
0.108384
0.150365
0.166172
0.255204
0.10762
0.172628
0.108368
0.128259
0.0938311
0.136094
0.171911
0.123554
0.129248
0.16979
0.165323
0.111389
0.149026
0.092668
0.158033
0.16593
0.132524
0.147425
0.141446
0.102407
0.132943
0.108701
0.117819
0.181858
0.102999
0.1144
0.10093
0.13494
0.170725
0.205932
0.144993
0.120994
0.17439
0.111814
0.122783
0.109686
0.118258
0.0993033
0.111687
0.159594
0.159447
0.0894505
0.131461
0.109705
0.148897
0.135969
0.144714
0.133759
0.102006
0.10332
0.0939244
0.154342
0.119085
0.194302
0.129131
0.144661
0.156332
0.129978
0.143104
0.137687
0.131529
0.118019
0.130018
0.124078
0.12037
0.160952
0.16037
0.096435
0.159421
0.10734
0.17782
0.0993387
0.0966861
0.111539
0.15938
0.130944
0.122576
0.138891
0.158446
0.112653
0.0949248
0.127916
0.170424
0.10384
0.11496
0.105786
0.118182
0.116957
0.19136
0.10768
0.143916
0.123873
0.112715
0.118082
0.105008
0.105197
0.126503
0.121465
0.104932
0.102583
0.161163
0.114628
0.158348
0.108019
0.191189
0.131073
0.114407
0.138165
0.127797
0.113109
0.124595
0.114574
0.115756
0.110353
0.164078
0.0913577
0.127947
0.109741
0.13001
0.121086
0.215206
0.154614
0.148659
0.104672
0.136563
0.128654
0.124676
0.16695
0.108024
0.115029
0.136746
0.118557
0.120336
0.123952
0.125112
0.115666
0.137744
0.109944
0.134273
0.100273
0.136339
0.108187
0.227493
0.150408
0.12621
0.139026
0.110569
0.140938
0.13122
0.112586
0.168807
0.136371
0.144769
0.16507
0.126355
0.15556
0.30494
0.133916
0.118344
0.181185
0.183789
0.116697
0.136568
0.14372
0.129221
0.153241
0.124761
0.110304
0.165907
0.17192
0.137781
0.115494
0.110573
0.122266
0.103846
0.215411
0.147266
0.131818
0.151994
0.117353
0.139962
0.189858
0.140884
0.127752
0.144464
0.132956
0.128196
0.121839
0.165865
0.116265
0.109499
0.133146
0.112074
0.130531
0.139745
0.1223
0.168995
0.108293
0.117121
0.120367
0.122152
0.0997673
0.150715
0.148612
0.195428
0.113206
0.11967
0.141444
0.120344
0.153037
0.127094
0.121421
0.149111
0.140955
0.108202
0.161857
0.154914
0.112504
0.137665
0.107181
0.119079
0.124072
0.118743
0.128963
0.15098
0.132839
0.125739
0.179569
0.112556
0.111422
0.165739
0.189412
0.194816
0.174679
0.13457
0.16626
0.168013
0.13507
0.125536
0.118278
0.101737
0.161866
0.112837
0.135397
0.127404
0.117422
0.121635
0.0975178
0.134612
0.135812
0.12686
0.125071
0.108895
0.117383
0.264952
0.117581
0.129562
0.206112
0.242986
0.106992
0.112316
0.162285
0.204724
0.161508
0.130583
0.133961
0.133926
0.109811
0.105303
0.108952
0.12963
0.125674
0.105194
0.15457
0.101406
0.166226
0.1213
0.121994
0.145999
0.149212
0.182226
0.163074
0.11247
0.126964
0.218678
0.171222
0.133773
0.150809
0.137852
0.133763
0.120575
0.155525
0.11359
0.109397
0.0994584
0.108511
0.171376
0.153417
0.108043
0.139327
0.125494
0.111648
0.159758
0.175933
0.115776
0.119525
0.136066
0.111954
0.118017
0.117121
0.123675
0.116811
0.125683
0.128398
0.172288
0.136492
0.134085
0.168262
0.220994
0.133944
0.157126
0.112802
0.149687
0.138283
0.146704
0.108527
0.111043
0.133595
0.134693
0.114954
0.17919
0.145957
0.180515
0.12111
0.15819
0.186423
0.11106
0.159546
0.103103
0.10557
0.159337
0.121708
0.115859
0.260631
0.126697
0.181733
0.130902
0.116093
0.133755
0.147672
0.129729
0.186153
0.193879
0.111376
0.149413
0.1814
0.120401
0.123164
0.0871007
0.185764
0.178413
0.120965
0.147248
0.1526
0.0932597
0.124567
0.167857
0.104799
0.130387
0.145428
0.134774
0.18678
0.121644
0.137519
0.115035
0.158284
0.144447
0.121152
0.103579
0.156968
0.11519
0.116863
0.125381
0.162642
0.152252
0.132062
0.102629
0.192897
0.137639
0.141235
0.142641
0.114974
0.12983
0.129851
0.102596
0.184776
0.105877
0.149032
0.209494
0.110105
0.113291
0.114574
0.26751
0.178538
0.170606
0.142685
0.16008
0.171869
0.232738
0.205954
0.178286
0.189781
0.163546
0.13676
0.200128
0.208131
0.116237
0.156849
0.12159
0.1423
0.169037
0.108416
0.169408
0.114577
0.161536
0.150144
0.156916
0.115308
0.166772
0.143333
0.151223
0.137411
0.143257
0.155309
0.11711
0.119412
0.197376
0.114212
0.17157
0.11659
0.217522
0.199612
0.129996
0.120423
0.157174
0.132484
0.164698
0.15085
0.117804
0.128932
0.124137
0.153443
0.0975846
0.149822
0.119395
0.136811
0.138258
0.101814
0.112801
0.0932661
0.123101
0.132265
0.285306
0.146072
0.15851
0.22941
0.101142
0.112964
0.147994
0.135196
0.119795
0.118562
0.107085
0.154951
0.170275
0.126662
0.140039
0.117412
0.128814
0.104359
0.117217
0.139258
0.103751
0.120161
0.118798
0.164486
0.155888
0.109499
0.133941
0.157759
0.138948
0.109618
0.129075
0.137368
0.113494
0.122646
0.108366
0.138612
0.121668
0.199635
0.203226
0.108472
0.109579
0.180038
0.122666
0.165317
0.112401
0.130842
0.114766
0.116702
0.128314
0.131365
0.191446
0.158225
0.143529
0.168975
0.127233
0.175179
0.126852
0.0929133
0.194896
0.156479
0.20992
0.143641
0.168763
0.115337
0.148936
0.123734
0.155
0.146204
0.126301
0.106132
0.11205
0.163711
0.0978373
0.157751
0.136912
0.155253
0.156814
0.155314
0.12121
0.107968
0.105628
0.115448
0.112284
0.119608
0.124417
0.268863
0.113866
0.15357
0.193087
0.186865
0.130949
0.200781
0.164581
0.120287
0.154366
0.11707
0.1334
0.172512
0.152511
0.138033
0.143877
0.149726
0.147415
0.142042
0.137303
0.127794
0.140501
0.100281
0.124584
0.14621
0.132076
0.117615
0.11271
0.138502
0.133128
0.107989
0.120581
0.191512
0.112633
0.134889
0.14165
0.115205
0.140128
0.137217
0.109088
0.150144
0.128456
0.136125
0.200029
0.112904
0.134771
0.14498
0.175478
0.109245
0.119463
0.130747
0.0977639
0.168785
0.126493
0.12407
0.12889
0.152004
0.136204
0.13562
0.163151
0.14721
0.12863
0.213713
0.137145
0.119643
0.138711
0.145246
0.115255
0.124725
0.175664
0.138909
0.179217
0.129287
0.176532
0.171984
0.145014
0.153931
0.135206
0.110683
0.179773
0.146713
0.169399
0.123473
0.107926
0.123121
0.151472
0.103089
0.109573
0.118856
0.101162
0.248447
0.142006
0.138032
0.234967
0.140417
0.169457
0.118612
0.160714
0.155842
0.158093
0.169708
0.130874
0.158465
0.108037
0.112952
0.144134
0.179766
0.166154
0.105335
0.110291
0.183763
0.13184
0.196304
0.140992
0.20548
0.1113
0.18034
0.197005
0.110358
0.117806
0.142048
0.0900933
0.126991
0.10188
0.158265
0.0864844
0.206236
0.160536
0.127939
0.101815
0.219019
0.137031
0.133056
0.169871
0.115393
0.164281
0.15723
0.101468
0.174372
0.153296
0.14297
0.150527
0.103159
0.182596
0.189303
0.144146
0.141036
0.112558
0.172061
0.195037
0.0924386
0.120696
0.140612
0.210946
0.189423
0.108574
0.122442
0.116854
0.124338
0.106438
0.169585
0.164162
0.122365
0.0976757
0.169465
0.123982
0.135495
0.119473
0.15631
0.125924
0.116661
0.148477
0.152216
0.123047
0.11883
0.0914007
0.103437
0.0955238
0.151294
0.113301
0.0981015
0.137533
0.132385
0.12737
0.131485
0.122805
0.120103
0.27054
0.12379
0.127503
0.162848
0.200602
0.197789
0.124566
0.113496
0.109783
0.128308
0.20425
0.151535
0.115279
0.166772
0.119946
0.0964152
0.129235
0.110266
0.130085
0.128566
0.117983
0.117804
0.119776
0.133511
0.106881
0.114752
0.142527
0.0952667
0.156409
0.139745
0.121361
0.157082
0.143534
0.103559
0.132613
0.123361
0.146585
0.104259
0.10237
0.250831
0.148517
0.116063
0.140783
0.187589
0.262682
0.171584
0.123274
0.189308
0.14852
0.107481
0.115458
0.107752
0.132016
0.147504
0.175416
0.105632
0.147001
0.145507
0.215842
0.187677
0.172187
0.144152
0.141211
0.164858
0.146211
0.10663
0.145227
0.107082
0.128165
0.120637
0.16082
0.116544
0.111983
0.164382
0.108978
0.0900654
0.140796
0.119208
0.12942
0.164202
0.179958
0.131407
0.109573
0.090464
0.17957
0.138159
0.216176
0.863246
0.159513
0.198758
0.149211
0.165593
0.216371
0.159305
0.128397
0.131446
0.120114
0.102595
0.161659
0.105919
0.171303
0.17133
0.165542
0.101626
0.136781
0.182833
0.131926
0.140464
0.161543
0.112888
0.124499
0.0977114
0.111996
0.128858
0.132028
0.15292
0.138331
0.161589
0.107979
0.14353
0.171988
0.111293
0.206486
0.146158
0.118043
0.103072
0.111424
0.140093
0.13814
0.122183
0.121175
0.121977
0.123768
0.122937
0.125778
0.103366
0.130708
0.0986299
0.157914
0.0987623
0.0942331
0.103485
0.12315
0.165463
0.122221
0.123123
0.136884
0.101432
0.12241
0.0943731
0.125192
0.0896775
0.160393
0.111062
0.128163
0.0825165
0.209849
0.148847
0.144195
0.156544
0.139533
0.11776
0.115051
0.197221
0.133074
0.176582
0.132842
0.16868
0.224122
0.130936
0.188968
0.15293
0.171215
0.212277
0.141421
0.165259
0.149602
0.153262
0.190744
0.204266
0.102285
0.134661
0.184516
0.125491
0.131579
0.154949
0.0982928
0.148666
0.154377
0.148579
0.133565
0.126922
0.137748
0.148189
0.122807
0.116255
0.12955
0.128578
0.163478
0.110819
0.124803
0.111096
0.0858682
0.142528
0.1735
0.101111
0.192352
0.147847
0.139808
0.12109
0.106338
0.111181
0.126214
0.103084
0.121104
0.135051
0.112202
0.127756
0.14661
0.128647
0.142007
0.120628
0.149353
0.159286
0.106395
0.145535
0.113595
0.153151
0.117932
0.182601
0.158274
0.112071
0.207263
0.135465
0.131654
0.11417
0.141343
0.18791
0.158233
0.117738
0.166838
0.109795
0.14622
0.109922
0.148311
0.0881943
0.115602
0.111265
0.183272
0.121311
0.0965878
0.104488
0.111457
0.185153
0.123802
0.112526
0.194199
0.104911
0.133866
0.106871
0.105452
0.175712
0.103633
0.113512
0.145608
0.155939
0.108441
0.104138
0.0962034
0.121658
0.152415
0.136813
0.180867
0.151515
0.100256
0.123288
0.150073
0.104076
0.189194
0.141861
0.168701
0.160028
0.148693
0.111948
0.17712
0.121673
0.171254
0.125924
0.127542
0.113514
0.186788
0.101157
0.136433
0.125772
0.13178
0.139792
0.120381
0.114513
0.139354
0.238602
0.133801
0.097343
0.1285
0.153274
0.100055
0.0933576
0.15563
0.274261
0.136447
0.11561
0.125955
0.143096
0.110143
0.125477
0.13509
0.125421
0.132651
0.12611
0.137745
0.161317
0.144815
0.124314
0.112229
0.100116
0.125743
0.133561
0.132341
0.0879647
0.124547
0.0861978
0.121979
0.14455
0.150722
0.117013
0.134817
0.135434
0.131023
0.125376
0.160437
0.140072
0.130067
0.10857
0.161227
0.130588
0.0932496
0.164336
0.106005
0.152115
0.11187
0.112
0.115504
0.148947
0.194972
0.158984
0.158103
0.159168
0.116618
0.128555
0.154261
0.100988
0.161765
0.169248
0.128877
0.13489
0.114166
0.137359
0.175522
0.182506
0.136342
0.12576
0.18272
0.167229
0.0911411
0.1336
0.128921
0.189408
0.119226
0.132471
0.123822
0.119364
0.117149
0.107431
0.107869
0.124326
0.181652
0.1624
0.0914538
0.141877
0.154737
0.111237
0.127965
0.169794
0.0949092
0.152197
0.125325
0.125375
0.103836
0.119385
0.158293
0.0949589
0.122049
0.114398
0.130631
0.155264
0.113738
0.146422
0.113373
0.137126
0.116608
0.137425
0.129531
0.151894
0.107801
0.115302
0.121432
0.152429
0.123805
0.133182
0.144454
0.136156
0.13683
0.103501
0.133731
0.136079
0.141213
0.28822
0.121113
0.132793
0.117725
0.108929
0.120635
0.165665
0.134488
0.138223
0.13337
0.236859
0.162049
0.0961773
0.168947
0.118929
0.184692
0.107408
0.12062
0.149648
0.131264
0.143153
0.114814
0.146186
0.127769
0.120596
0.0921192
0.14989
0.125489
0.106401
0.115627
0.108629
0.195308
0.127479
0.150115
0.125974
0.133253
0.132171
0.133013
0.120282
0.119949
0.103828
0.119524
0.138778
0.135162
0.129916
0.169916
0.16179
0.194764
0.12146
0.202176
0.145391
0.124149
0.171773
0.107473
0.169126
0.135144
0.156133
0.182168
0.143992
0.118309
0.151601
0.118078
0.147552
0.126866
0.190432
0.14044
0.13098
0.139964
0.124536
0.114288
0.145559
0.146793
0.176811
0.107534
0.130025
0.0931866
0.135216
0.121572
0.164568
0.105052
0.112937
0.119395
0.177786
0.122741
0.110422
0.157481
0.197746
0.164674
0.181111
0.152287
0.162673
0.160871
0.171584
0.169344
0.133539
0.111905
0.136064
0.236108
0.166651
0.157365
0.159386
0.143529
0.165684
0.150699
0.121428
0.124939
0.0991446
0.139715
0.15499
0.120644
0.145648
0.148625
0.12227
0.159147
0.123114
0.120429
0.139775
0.153052
0.116157
0.100761
0.110101
0.101415
0.121313
0.140645
0.197638
0.132319
0.175424
0.156565
0.143884
0.21122
0.169741
0.130641
0.119606
0.134906
0.150946
0.129082
0.102546
0.143826
0.107017
0.151399
0.105153
0.148109
0.116546
0.132464
0.111358
0.191834
0.103963
0.146799
0.128319
0.113799
0.138351
0.102499
0.135679
0.12892
0.147119
0.155062
0.12361
0.164859
0.135329
0.146869
0.134472
0.158838
0.183455
0.143838
0.117329
0.146229
0.127868
0.172098
0.104805
0.116095
0.109655
0.106474
0.155818
0.111582
0.125039
0.163794
0.163557
0.125671
0.131235
0.15037
0.154299
0.121677
0.122959
0.166502
0.149111
0.143543
0.191648
0.154954
0.118936
0.190361
0.188368
0.137153
0.116421
0.114808
0.0956628
0.103605
0.135081
0.128401
0.133874
0.115883
0.138616
0.139664
0.122593
0.15198
0.135111
0.185614
0.145006
0.1174
0.155728
0.13314
0.115367
0.113861
0.138786
0.223829
0.116873
0.13472
0.113906
0.130963
0.117167
0.105912
0.135588
0.113563
0.117294
0.139828
0.103372
0.106423
0.168256
0.0914165
0.0987806
0.103174
0.231973
0.143214
0.122695
0.115035
0.157526
0.137123
0.0963851
0.243295
0.138798
0.114136
0.120752
0.118033
0.107855
0.0740136
0.158423
0.208186
0.102494
0.189597
0.12762
0.121337
0.096145
0.150691
0.12118
0.155368
0.114891
0.118609
0.107365
0.228455
0.122584
0.186452
0.114518
0.126437
0.129159
0.130449
0.179146
0.139256
0.110174
0.129746
0.155699
0.170439
0.138902
0.181324
0.110053
0.0996444
0.11718
0.125267
0.167643
0.108905
0.170515
0.132392
0.19629
0.194176
0.140782
0.123718
0.167397
0.133791
0.140054
0.127192
0.105809
0.10031
0.10769
0.2148
0.123135
0.124517
0.144018
0.102971
0.139814
0.137083
0.118771
0.201029
0.125057
0.174888
0.260023
0.106573
0.178493
0.102595
0.0966737
0.113517
0.108991
0.226991
0.116505
0.146109
0.113546
0.1653
0.16805
0.218217
0.0879138
0.142234
0.171273
0.132264
0.117807
0.115608
0.168274
0.117088
0.157403
0.117657
0.19781
0.139832
0.119977
0.112587
0.175134
0.117618
0.117413
0.157145
0.125024
0.15446
0.0998874
0.202921
0.109391
0.10529
0.13263
0.125025
0.119396
0.0902003
0.134193
0.15203
0.126223
0.179097
0.098662
0.111375
0.115454
0.0920176
0.0981323
0.119343
0.127397
0.0907298
0.147206
0.121245
0.178221
0.103512
0.108583
0.118979
0.111612
0.0955265
0.180662
0.147175
0.128589
0.23285
0.167726
0.159389
0.150698
0.132875
0.119191
0.138669
0.165848
0.111642
0.130219
0.135696
0.124316
0.117958
0.103593
0.114251
0.159159
0.132733
0.116915
0.117521
0.14898
0.161487
0.108269
0.127451
0.103603
0.156581
0.114411
0.108366
0.125477
0.132852
0.167244
0.198601
0.124544
0.15867
0.133324
0.146192
0.158641
0.176234
0.122789
0.133333
0.226214
0.113058
0.184028
0.170066
0.16098
0.110473
0.130826
0.187378
0.1521
0.136166
0.202219
0.28926
0.173618
0.117678
0.139214
0.168886
0.12679
0.123807
0.107823
0.115639
0.135247
0.174038
0.212997
0.103419
0.107063
0.141636
0.132994
0.141567
0.12957
0.119291
0.164609
0.146424
0.132513
0.17891
0.186781
0.114733
0.195624
0.122812
0.118517
0.107449
0.123498
0.103937
0.106295
0.180507
0.140676
0.143968
0.139094
0.130659
0.115632
0.111479
0.127362
0.14424
0.128472
0.159303
0.126779
0.107671
0.185344
0.102473
0.150124
0.149341
0.140935
0.111213
0.118457
0.12444
0.224787
0.153292
0.104331
0.105759
0.110915
0.12197
0.102264
0.144197
0.107833
0.150406
0.165065
0.130712
0.113155
0.128768
0.125975
0.126587
0.160191
0.119355
0.165648
0.126973
0.101413
0.123024
0.119765
0.102099
0.123845
0.132923
0.13177
0.138219
0.172234
0.126438
0.105696
0.139793
0.137713
0.109209
0.147332
0.099982
0.123264
0.125874
0.146794
0.110885
0.122154
0.157576
0.120225
0.129831
0.171383
0.148083
0.228627
0.166441
0.187909
0.157247
0.210131
0.175179
0.178786
0.181362
0.250666
0.201203
0.201877
0.131872
0.120219
0.137705
0.12095
0.0941666
0.185965
0.13156
0.130031
0.174307
0.161471
0.199364
0.11447
0.107803
0.157122
0.117394
0.125518
0.113472
0.15387
0.11437
0.112467
0.12006
0.114092
0.119506
0.130853
0.116075
0.119122
0.113201
0.110889
0.190628
0.17959
0.196975
0.138575
0.178292
0.154638
0.123171
0.106608
0.128584
0.14314
0.178667
0.173649
0.143972
0.170209
0.0955628
0.114765
0.116715
0.132104
0.166114
0.131867
0.119985
0.128709
0.16831
0.145112
0.167992
0.163412
0.184005
0.15994
0.180529
0.113996
0.180376
0.117114
0.134712
0.126758
0.135551
0.143375
0.122668
0.115133
0.141467
0.165306
0.145104
0.119059
0.171579
0.182477
0.140818
0.183616
0.152384
0.137391
0.174091
0.131828
0.11041
0.153556
0.110163
0.140043
0.104735
0.112844
0.129894
0.160851
0.11615
0.172745
0.0873827
0.124261
0.134325
0.130615
0.111556
0.140317
0.110418
0.134419
0.116345
0.108712
0.124027
0.136092
0.100249
0.149847
0.183006
0.100646
0.13734
0.150523
0.124187
0.219345
0.16126
0.122535
0.140377
0.161075
0.174483
0.172025
0.138526
0.107956
0.103594
0.14802
0.154841
0.0978443
0.14614
0.180689
0.126902
0.156201
0.106959
0.117372
0.100336
0.116919
0.132308
0.106792
0.12842
0.119614
0.105118
0.251891
0.141129
0.151597
0.132223
0.11894
0.127775
0.128445
0.173624
0.208003
0.131701
0.122343
0.125122
0.128244
0.119215
0.128039
0.15789
0.13576
0.159458
0.123783
0.0983921
0.155897
0.14481
0.184838
0.19575
0.186583
0.150369
0.1945
0.194806
0.162164
0.139138
0.150705
0.121426
0.218188
0.106411
0.117352
0.118689
0.131701
0.122003
0.129538
0.152508
0.151036
0.0964635
0.115492
0.111139
0.114846
0.145672
0.134161
0.090933
0.102592
0.122698
0.150881
0.111639
0.145312
0.105619
0.152786
0.16504
0.135516
0.167058
0.21481
0.144958
0.102889
0.118958
0.151214
0.171851
0.109662
0.105945
0.194206
0.209558
0.189705
0.113293
0.132184
0.108461
0.116318
0.125611
0.120805
0.132165
0.107878
0.167417
0.106954
0.18258
0.105478
0.12052
0.126119
0.143078
0.119865
0.13171
0.137621
0.141475
0.120894
0.13127
0.114859
0.140571
0.138951
0.138014
0.168521
0.135282
0.0874956
0.14144
0.175164
0.117929
0.150036
0.168092
0.0912053
0.1087
0.146527
0.116284
0.12218
0.196436
0.103605
0.160358
0.18305
0.147462
0.165939
0.181955
0.177876
0.257798
0.145706
0.22285
0.195539
0.150168
0.124477
0.147749
0.1667
0.112805
0.191093
0.120524
0.114259
0.16693
0.169455
0.112165
0.127054
0.124043
0.187274
0.104862
0.149934
0.104064
0.107244
0.149389
0.137021
0.118202
0.196566
0.0913658
0.139165
0.144819
0.204412
0.166392
0.160277
0.130588
0.145349
0.171749
0.134476
0.121905
0.143061
0.133856
0.199365
0.127382
0.174866
0.137182
0.175901
0.100595
0.128016
0.134695
0.126106
0.200134
0.12644
0.112325
0.119824
0.150214
0.197321
0.199333
0.175591
0.164093
0.175709
0.140512
0.210608
0.130298
0.184351
0.155102
0.159963
0.154258
0.169312
0.124994
0.128289
0.206836
0.115675
0.118098
0.136151
0.121841
0.0969314
0.138393
0.205096
0.171272
0.150582
0.115919
0.0959987
0.149921
0.134227
0.163368
0.120619
0.230553
0.150455
0.102181
0.160122
0.100146
0.127947
0.0957079
0.0963419
0.147298
0.147056
0.10052
0.0941648
0.097447
0.110978
0.143308
0.158141
0.154774
0.159947
0.1254
0.117077
0.134943
0.117989
0.140442
0.0950977
0.121185
0.131236
0.120379
0.130267
0.0986337
0.123311
0.153549
0.194134
0.192439
0.138969
0.115167
0.118062
0.136456
0.115263
0.150362
0.132095
0.139367
0.111783
0.123575
0.14732
0.169414
0.152006
0.133325
0.217266
0.15009
0.114995
0.155303
0.155955
0.15174
0.106546
0.110249
0.138205
0.115856
0.158539
0.108725
0.105688
0.103916
0.115245
0.143681
0.121664
0.137205
0.123682
0.103656
0.189179
0.13257
0.139714
0.150666
0.140214
0.133633
0.1478
0.2138
0.115456
0.119551
0.165824
0.109136
0.0991934
0.147948
0.139849
0.148702
0.142248
0.133145
0.147233
0.183201
0.178605
0.136741
0.111489
0.123818
0.138451
0.162614
0.165677
0.10671
0.189941
0.137396
0.149937
0.111519
0.156524
0.118604
0.115594
0.142432
0.111983
0.144901
0.12216
0.120847
0.17193
0.114417
0.137575
0.121328
0.112773
0.130829
0.0986447
0.111341
0.112522
0.123061
0.200466
0.187143
0.17576
0.141106
0.163259
0.139013
0.20023
0.113828
0.111889
0.129968
0.129533
0.0949928
0.157603
0.150185
0.117183
0.134596
0.130122
0.139051
0.0951366
0.119421
0.107129
0.136687
0.206111
0.119382
0.113697
0.119642
0.122056
0.100282
0.102367
0.0870913
0.174629
0.125733
0.163783
0.186323
0.136406
0.121439
0.146923
0.1279
0.10858
0.146799
0.147591
0.112304
0.131263
0.177918
0.111099
0.145003
0.11215
0.189898
0.11164
0.115327
0.12267
0.189489
0.140985
0.119876
0.189868
0.117724
0.112081
0.137706
0.132656
0.10354
0.126956
0.152533
0.136828
0.183081
0.136196
0.101814
0.150337
0.150384
0.147458
0.202546
0.148279
0.161327
0.112378
0.104268
0.229648
0.107937
0.153097
0.124799
0.12215
0.155558
0.185915
0.163271
0.136904
0.280973
0.271829
0.146213
0.136851
0.097231
0.17337
0.104077
0.116726
0.166677
0.134675
0.0998154
0.141944
0.142239
0.135844
0.134749
0.142992
0.126884
0.154971
0.109801
0.122715
0.12329
0.0857717
0.118128
0.13874
0.132708
0.143574
0.125931
0.15003
0.172048
0.101692
0.136207
0.225095
0.152255
0.145571
0.126204
0.14046
0.118097
0.108851
0.120839
0.171
0.151345
0.136665
0.100819
0.130697
0.116579
0.112165
0.165174
0.100905
0.126879
0.122594
0.17776
0.161078
0.188343
0.127205
0.148852
0.131133
0.122137
0.164107
0.180854
0.121645
0.13904
0.174713
0.167969
0.126403
0.127428
0.115441
0.0834639
0.132812
0.15821
0.17924
0.106822
0.107368
0.197226
0.111453
0.127114
0.138345
0.105669
0.0917176
0.165828
0.128349
0.134586
0.206575
0.225786
0.111516
0.192113
0.142269
0.163379
0.11214
0.254086
0.138761
0.192761
0.142699
0.125007
0.156872
0.20072
0.149555
0.132861
0.122682
0.194034
0.101594
0.144531
0.117398
0.101317
0.147856
0.126721
0.124423
0.118464
0.113712
0.167096
0.146888
0.148062
0.21703
0.191659
0.19718
0.103438
0.147321
0.123938
0.155225
0.154424
0.296651
0.122613
0.181142
0.134698
0.136326
0.193626
0.353531
0.273137
0.151506
0.196908
0.177457
0.288901
0.136084
0.220317
0.158735
0.280218
0.113817
0.200032
0.148034
0.140041
0.0967064
0.164328
0.207769
0.181079
0.141506
0.130605
0.169263
0.149246
0.116033
0.118328
0.25174
0.205639
0.115266
0.132405
0.107556
0.104988
0.168216
0.114982
0.111641
0.151524
0.137742
0.129731
0.121282
0.156487
0.128111
0.195348
0.215649
0.126471
0.115838
0.118358
0.127963
0.153784
0.118227
0.163774
0.117395
0.161277
0.163466
0.171954
0.130905
0.144087
0.132878
0.150883
0.120415
0.162145
0.154974
0.163604
0.124187
0.133909
0.149554
0.129615
0.159835
0.0955021
0.128564
0.115151
0.155714
0.140326
0.163424
0.143997
0.103487
0.139037
0.109284
0.173698
0.127557
0.159433
0.106912
0.126374
0.102004
0.161408
0.14624
0.146854
0.129107
0.0964678
0.11569
0.139688
0.140991
0.153495
0.108822
0.120379
0.117974
0.110637
0.109771
0.154977
0.145462
0.121308
0.151446
0.118573
0.13775
0.145529
0.150159
0.158428
0.17225
0.125919
0.171446
0.133119
0.129199
0.116875
0.106758
0.151097
0.115357
0.133841
0.150803
0.150742
0.149965
0.145712
0.106777
0.187921
0.143508
0.10937
0.149308
0.183271
0.13852
0.103878
0.107254
0.130119
0.105626
0.122313
0.109018
0.153148
0.21365
0.147573
0.0977163
0.132561
0.146902
0.104386
0.145548
0.0970152
0.145993
0.150758
0.168951
0.181245
0.106775
0.123473
0.127631
0.147156
0.122513
0.114477
0.174384
0.0990166
0.0937873
0.132513
0.186498
0.116331
0.137656
0.152556
0.135701
0.114242
0.148336
0.124906
0.124638
0.195317
0.164866
0.183303
0.18968
0.193569
0.140765
0.12094
0.194062
0.121543
0.203984
0.13462
0.175534
0.166611
0.185076
0.136196
0.17734
0.111564
0.116994
0.118057
0.122256
0.119643
0.127352
0.148497
0.136552
0.102745
0.113895
0.140859
0.131628
0.137825
0.158987
0.14334
0.174089
0.133529
0.0986968
0.144494
0.103587
0.103932
0.146704
0.121298
0.143163
0.127724
0.149988
0.239837
0.126023
0.153709
0.135009
0.114955
0.0975746
0.138884
0.121478
0.131811
0.10149
0.12916
0.118091
0.228345
0.138926
0.142267
0.144514
0.130484
0.118288
0.176261
0.11675
0.0848539
0.156089
0.126357
0.182887
0.140885
0.132896
0.110683
0.216015
0.138691
0.129059
0.0988402
0.143411
0.152905
0.132563
0.106509
0.121704
0.109544
0.125123
0.14238
0.128468
0.158564
0.166817
0.190985
0.169993
0.150331
0.190529
0.15589
0.172129
0.241596
0.286128
0.164764
0.198905
0.17457
0.122543
0.172102
0.140549
0.15556
0.146938
0.144617
0.14245
0.15515
0.101382
0.130257
0.113389
0.150583
0.125892
0.146902
0.0864049
0.127555
0.138801
0.1068
0.109013
0.116353
0.159093
0.130675
0.139098
0.14681
0.119428
0.112568
0.124786
0.170054
0.117042
0.131968
0.147447
0.127087
0.132552
0.119114
0.198244
0.100963
0.115306
0.123415
0.0891068
0.122409
0.128075
0.161381
0.112613
0.132032
0.143479
0.115284
0.102683
0.149297
0.156039
0.210068
0.134197
0.124775
0.175433
0.155528
0.14149
0.196539
0.19265
0.120807
0.132114
0.104303
0.120533
0.149215
0.118675
0.184534
0.116842
0.107902
0.103139
0.14195
0.113182
0.138306
0.0896227
0.107145
0.100913
0.233093
0.182577
0.148416
0.559273
0.151236
0.195299
0.138429
0.214163
0.211761
0.134613
0.129071
0.182312
0.125
0.135288
0.123346
0.144166
0.116025
0.113661
0.115027
0.0935534
0.131495
0.089433
0.0952574
0.117802
0.116422
0.180072
0.117481
0.118043
0.150965
0.105682
0.184511
0.0972507
0.103734
0.145141
0.165233
0.11835
0.113523
0.119597
0.144465
0.147376
0.109353
0.117509
0.110242
0.10293
0.117678
0.0933439
0.121626
0.161706
0.120319
0.101504
0.10665
0.10907
0.13742
0.103809
0.140902
0.155129
0.276621
0.135125
0.16531
0.117726
0.202503
0.170352
0.166764
0.16036
0.206905
0.120843
0.171622
0.23882
0.113131
0.141174
0.172411
0.160797
0.158708
0.136192
0.126606
0.135596
0.168753
0.11465
0.160805
0.132881
0.122478
0.174195
0.13494
0.116518
0.0890911
0.203665
0.131215
0.219235
0.248182
0.124661
0.142871
0.116939
0.116217
0.11737
0.129704
0.160432
0.143081
0.154927
0.147932
0.139102
0.236797
0.105933
0.143225
0.152086
0.218697
0.180534
0.219901
0.111131
0.121082
0.17273
0.122377
0.102907
0.117706
0.155386
0.108696
0.107601
0.12855
0.130561
0.130128
0.104876
0.120425
0.203121
0.201832
0.166186
0.125046
0.110525
0.102564
0.134778
0.144847
0.132351
0.124747
0.107578
0.14938
0.122044
0.107641
0.174749
0.129876
0.131644
0.154154
0.0851559
0.139814
0.109465
0.178152
0.103691
0.108505
0.141918
0.116088
0.0987389
0.17035
0.118069
0.107317
0.141607
0.131016
0.155562
0.0975745
0.117644
0.140685
0.186108
0.160694
0.207128
0.130527
0.158489
0.110392
0.102802
0.102711
0.130545
0.104078
0.141957
0.120808
0.103018
0.187326
0.124475
0.117271
0.146625
0.109384
0.141727
0.0943729
0.132887
0.127901
0.113452
0.132689
0.107596
0.133457
0.142554
0.102575
0.167023
0.113568
0.0984887
0.153731
0.144322
0.146691
0.114626
0.121155
0.125905
0.121266
0.1569
0.168226
0.132509
0.132746
0.154266
0.138195
0.127096
0.119205
0.132207
0.12941
0.133645
0.151823
0.143263
0.117832
0.117109
0.126879
0.148455
0.13463
0.144759
0.160671
0.140601
0.148521
0.12486
0.16522
0.173887
0.0939004
0.122951
0.192069
0.191001
0.143595
0.130663
0.151944
0.147936
0.121643
0.126377
0.111285
0.192097
0.16684
0.150529
0.118445
0.122812
0.11703
0.11471
0.0855626
0.16629
0.140009
0.116893
0.130935
0.0942612
0.106155
0.145035
0.195737
0.140281
0.106409
0.159901
0.100223
0.106412
0.112707
0.141554
0.145329
0.165677
0.174466
0.236838
0.226527
0.131732
0.197577
0.150443
0.161681
0.182258
0.133551
0.166881
0.178433
0.178079
0.122731
0.108882
0.0824886
0.159241
0.110065
0.15211
0.129384
0.0966369
0.133394
0.0916979
0.168909
0.178246
0.16339
0.129329
0.182624
0.157114
0.177219
0.242103
0.140889
0.118693
0.109981
0.175509
0.136256
0.148781
0.144579
0.140573
0.131055
0.190556
0.172792
0.112281
0.13587
0.108503
0.158513
0.11594
0.142107
0.149945
0.144745
0.130185
0.107475
0.0934386
0.131357
0.173777
0.110759
0.130742
0.116316
0.149599
0.133598
0.1108
0.12277
0.148423
0.135124
0.144731
0.096866
0.132502
0.158628
0.088392
0.160597
0.188143
0.112666
0.221347
0.128599
0.111758
0.110418
0.109644
0.147345
0.135596
0.129333
0.106368
0.115567
0.129861
0.131798
0.138515
0.118277
0.174264
0.137097
0.136508
0.107594
0.1211
0.15205
0.108083
0.14928
0.12815
0.162302
0.159409
0.111248
0.146023
0.125985
0.127154
0.138583
0.169577
0.198971
0.151085
0.157122
0.140837
0.120035
0.105008
0.13845
0.160988
0.130849
0.100002
0.129958
0.119476
0.134529
0.138268
0.132802
0.157656
0.161372
0.101839
0.0874002
0.134549
0.0945332
0.197548
0.111335
0.138309
0.0948826
0.238068
0.128046
0.123422
0.199063
0.104803
0.103727
0.138448
0.1105
0.104354
0.114517
0.157502
0.137704
0.131956
0.110681
0.197533
0.113136
0.14429
0.163517
0.164742
0.141783
0.120858
0.0963866
0.141111
0.16294
0.158793
0.0958273
0.107711
0.174741
0.153469
0.0980572
0.140459
0.105954
0.124842
0.0946242
0.152443
0.149307
0.135166
0.14735
0.0952887
0.639548
0.146175
0.101217
0.136182
0.127153
0.137573
0.135191
0.169676
0.130783
0.170492
0.233883
0.145447
0.103016
0.152102
0.173793
0.111784
0.115314
0.220807
0.0923046
0.115881
0.113961
0.143299
0.118298
0.123418
0.128706
0.110283
0.170068
0.21923
0.138322
0.122091
0.163017
0.129287
0.143535
0.174295
0.109722
0.169574
0.136376
0.123656
0.176755
0.103546
0.116043
0.187324
0.186135
0.159608
0.174699
0.115232
0.094834
0.146952
0.099292
0.131965
0.182939
0.109656
0.0993775
0.117651
0.112745
0.0928722
0.13308
0.128265
0.116344
0.158666
0.170851
0.128099
0.164375
0.144662
0.108721
0.196691
0.16639
0.149886
0.182063
0.150237
0.132767
0.169575
0.12957
0.106085
0.122948
0.131044
0.126424
0.139958
0.18036
0.118281
0.119931
0.112648
0.117677
0.183487
0.220654
0.204494
0.159092
0.191685
0.14647
0.153502
0.2262
0.135371
0.229101
0.163938
0.191163
0.174835
0.13847
0.126248
0.111915
0.150691
0.170753
0.117839
0.136234
0.122993
0.122267
0.114619
0.120283
0.0842224
0.104937
0.121209
0.126231
0.110209
0.118409
0.104642
0.112792
0.170572
0.150825
0.110945
0.101873
0.102767
0.106119
0.152677
0.111834
0.125283
0.139406
0.0963166
0.150991
0.115395
0.0982536
0.13158
0.101046
0.129916
0.133251
0.15332
0.130283
0.0836693
0.112731
0.176816
0.129572
0.140964
0.168172
0.127362
0.155665
0.135359
0.159016
0.138789
0.0969079
0.104609
0.107678
0.100529
0.169849
0.11649
0.135581
0.171958
0.193555
0.135845
0.213272
0.150528
0.149214
0.108774
0.177085
0.116924
0.136483
0.128121
0.111634
0.120745
0.177286
0.0923633
0.193397
0.102992
0.139777
0.119193
0.134065
0.13434
0.115849
0.163866
0.142728
0.12855
0.163674
0.140881
0.150076
0.643683
0.114681
0.130439
0.126401
0.120623
0.180789
0.158737
0.154017
0.144409
0.08698
0.0911418
0.0877203
0.108586
0.128469
0.110923
0.13
0.134931
0.121454
0.137381
0.102387
0.150592
0.0921342
0.101767
0.155177
0.142229
0.10981
0.121445
0.106198
0.105431
0.133488
0.169382
0.135518
0.167954
0.113328
0.149898
0.17423
0.116893
0.126839
0.128989
0.101143
0.106265
0.175188
0.109522
0.139206
0.226605
0.113377
0.0921583
0.199957
0.119571
0.124413
0.121239
0.153528
0.13326
0.108896
0.119248
0.14698
0.112074
0.195195
0.0913387
0.103081
0.158578
0.128555
0.115118
0.245308
0.135381
0.134126
0.108777
0.126198
0.134326
0.0927761
0.127219
0.202117
0.128734
0.133423
0.201034
0.130864
0.241725
0.11269
0.168032
0.150058
0.158643
0.129647
0.141231
0.19263
0.169536
0.156227
0.173182
0.202942
0.104762
0.121499
0.123511
0.12478
0.117942
0.0987601
0.110839
0.125019
0.130398
0.110341
0.179743
0.123569
0.131197
0.100951
0.105539
0.114375
0.146815
0.106334
0.11402
0.111028
0.0942133
0.167918
0.111823
0.124346
0.136418
0.108782
0.118305
0.132605
0.187884
0.100217
0.097475
0.123849
0.141951
0.158021
0.142071
0.156535
0.097958
0.13257
0.0910627
0.0995222
0.145193
0.159587
0.154474
0.13572
0.104528
0.133115
0.113015
0.0900824
0.121227
0.148892
0.11962
0.14072
0.107722
0.153066
0.117929
0.127379
0.100574
0.132452
0.123142
0.146302
0.131985
0.101794
0.126003
0.120738
0.100891
0.221521
0.141448
0.142205
0.115352
0.133796
0.135892
0.102062
0.142086
0.198204
0.18385
0.168402
0.148255
0.165331
0.216351
0.199632
0.205945
0.197004
0.160148
0.16763
0.135935
0.176491
0.198929
0.146446
0.121812
0.135185
0.195005
0.103554
0.151266
0.170243
0.123201
0.138584
0.142335
0.133013
0.15964
0.141062
0.104614
0.0942436
0.101355
0.184864
0.0937908
0.104548
0.12365
0.15098
0.107485
0.116738
0.131603
0.12755
0.192649
0.1949
0.166935
0.124682
0.132119
0.123881
0.114735
0.13933
0.118686
0.144064
0.0757856
0.132089
0.119331
0.145607
0.156505
0.144402
0.120042
0.149983
0.192056
0.126811
0.113449
0.19839
0.112455
0.124447
0.110487
0.130046
0.131733
0.153717
0.224532
0.143068
0.14643
0.0973055
0.152389
0.154112
0.16967
0.110884
0.127512
0.11168
0.116177
0.135611
0.117763
0.214451
0.129889
0.220647
0.148075
0.167876
0.184863
0.186049
0.162414
0.158685
0.229865
0.142475
0.220599
0.19666
0.147284
0.128024
0.134474
0.135553
0.130215
0.15026
0.155103
0.176298
0.147246
0.109828
0.119542
0.22067
0.13362
0.143563
0.138265
0.110194
0.119228
0.153189
0.134583
0.106067
0.178976
0.169923
0.156154
0.184863
0.103266
0.158977
0.126378
0.13102
0.131557
0.164691
0.138045
0.134153
0.109779
0.0998025
0.234008
0.134093
0.0987666
0.122402
0.119915
0.149652
0.15821
0.124757
0.109137
0.148762
0.0883189
0.117125
0.100715
0.0970131
0.0857387
0.100952
0.127639
0.146806
0.0841093
0.120986
0.126656
0.148406
0.169667
0.107708
0.102133
0.129601
0.118915
0.0926151
0.127932
0.177836
0.142403
0.207654
0.116887
0.112303
0.172005
0.135977
0.129491
0.112527
0.13421
0.103837
0.189881
0.0964895
0.121558
0.151345
0.142079
0.157032
0.127296
0.11555
0.0993857
0.0930483
0.107384
0.13066
0.139278
0.12164
0.149736
0.131183
0.114448
0.142868
0.109687
0.130283
0.115995
0.151115
0.263584
0.193778
0.142738
0.143195
0.140297
0.169774
0.124921
0.108124
0.128287
0.136732
0.0976457
0.108077
0.150041
0.105128
0.147632
0.142414
0.102601
0.168118
0.131126
0.17953
0.118195
0.130062
0.158705
0.128378
0.131528
0.114894
0.125962
0.117185
0.130492
0.13053
0.115559
0.242177
0.11472
0.191054
0.144553
0.117675
0.178625
0.152667
0.142062
0.0981978
0.105174
0.107072
0.165023
0.13943
0.14225
0.129967
0.131472
0.104167
0.1796
0.107838
0.186579
0.167388
0.13743
0.15632
0.132007
0.118925
0.119325
0.123363
0.112989
0.100508
0.0940991
0.195052
0.12199
0.131961
0.0921387
0.103729
0.144422
0.1146
0.130039
0.137421
0.13199
0.135275
0.104932
0.102582
0.118967
0.156941
0.138162
0.156397
0.109753
0.133175
0.134849
0.156921
0.149419
0.127983
0.109623
0.144915
0.195718
0.116662
0.129542
0.123218
0.106124
0.121874
0.0907647
0.177917
0.114575
0.158448
0.12717
0.0915896
0.175644
0.106691
0.180198
0.130866
0.0974565
0.188036
0.183523
0.166205
0.127398
0.156403
0.116264
0.151887
0.16613
0.130721
0.0966171
0.158741
0.137672
0.108075
0.124879
0.187532
0.137968
0.168871
0.156591
0.156831
0.107595
0.135429
0.132541
0.147191
0.160189
0.140948
0.101439
0.144754
0.117234
0.146448
0.116294
0.120745
0.127779
0.170314
0.127985
0.135132
0.0598613
0.170172
0.131083
0.106024
0.220026
0.147733
0.165511
0.130713
0.102277
0.247358
0.119749
0.186773
0.17494
0.262201
0.185674
0.182413
0.217097
0.162472
0.174983
0.216682
0.166186
0.188759
0.130452
0.170552
0.179999
0.149145
0.165228
0.115919
0.124487
0.139902
0.132677
0.139136
0.17055
0.159882
0.14167
0.133037
0.126835
0.100478
0.136132
0.134972
0.117888
0.106851
0.16697
0.115228
0.177001
0.110673
0.170759
0.231104
0.132177
0.157476
0.105933
0.134031
0.101197
0.135979
0.11571
0.116344
0.0987604
0.106747
0.0853849
0.135871
0.1372
0.168916
0.0948383
0.179605
0.128537
0.144793
0.11593
0.14479
0.227149
0.0839229
0.122674
0.137431
0.113488
0.125248
0.115499
0.123062
0.122165
0.0934831
0.110626
0.149026
0.117013
0.133386
0.131797
0.124352
0.198426
0.134511
0.0872251
0.160497
0.119628
0.126813
0.124377
0.130022
0.130254
0.155258
0.167022
0.0986218
0.09288
0.135056
0.141097
0.1214
0.135977
0.225226
0.107409
0.16435
0.184567
0.120195
0.144517
0.0986075
0.129394
0.133917
0.148197
0.115307
0.119149
0.111305
0.121262
0.154188
0.16096
0.0925435
0.128649
0.240463
0.1401
0.138371
0.154192
0.176958
0.151114
0.182533
0.123247
0.111158
0.192099
0.105217
0.131292
0.134264
0.146877
0.144449
0.192768
0.160639
0.136734
0.136863
0.141061
0.174818
0.172206
0.108037
0.116474
0.13467
0.102153
0.12774
0.114476
0.150445
0.143794
0.113746
0.167089
0.276686
0.166842
0.190334
0.131637
0.0994247
0.115095
0.179766
0.101327
0.145214
0.112017
0.133024
0.10393
0.140476
0.121428
0.167898
0.205414
0.145703
0.121562
0.192575
0.219685
0.217711
0.138727
0.158994
0.0992484
0.161551
0.113779
0.138649
0.115996
0.112911
0.116628
0.134496
0.136059
0.11047
0.131066
0.201573
0.160641
0.123302
0.105312
0.143347
0.176894
0.10424
0.148268
0.160189
0.129026
0.1085
0.12868
0.14667
0.121023
0.149742
0.118455
0.119758
0.116567
0.219069
0.125768
0.114437
0.11614
0.121833
0.117856
0.111351
0.102036
0.155513
0.125685
0.122337
0.162206
0.108741
0.135545
0.166654
0.130863
0.123339
0.174101
0.127502
0.106972
0.161417
0.106161
0.105988
0.136257
0.125837
0.102816
0.154819
0.145127
0.143197
0.135716
0.154749
0.115283
0.107504
0.158077
0.0876207
0.1235
0.187487
0.158155
0.144205
0.118877
0.175042
0.103878
0.123104
0.102586
0.123187
0.137586
0.13006
0.172593
0.135618
0.178404
0.160891
0.103405
0.105132
0.122238
0.128386
0.164543
0.193521
0.120626
0.170328
0.181542
0.0950128
0.115612
0.148509
0.191441
0.126926
0.135737
0.174533
0.134316
0.119146
0.15051
0.171246
0.167193
0.114452
0.14158
0.133721
0.173086
0.1175
0.119571
0.155296
0.110193
0.120877
0.159352
0.111891
0.104429
0.192393
0.11623
0.108845
0.16409
0.188961
0.124127
0.15258
0.145969
0.110189
0.145177
0.141899
0.108981
0.115548
0.131275
0.110276
0.148631
0.129332
0.112704
0.169514
0.0930156
0.227155
0.109419
0.123729
0.182195
0.20025
0.153454
0.121326
0.189778
0.116836
0.129912
0.12869
0.139343
0.123273
0.131792
0.154471
0.172558
0.0925794
0.137004
0.115015
0.111393
0.128225
0.147101
0.198895
0.142179
0.125073
0.206714
0.160938
0.116123
0.270298
0.131067
0.134744
0.235
0.218033
0.144444
0.154091
0.12159
0.130565
0.121648
0.141222
0.135868
0.126832
0.145684
0.134687
0.0908857
0.14745
0.15086
0.10052
0.113152
0.120769
0.183147
0.114996
0.125422
0.10934
0.148541
0.127864
0.207549
0.0914782
0.123995
0.123191
0.119559
0.124426
0.136251
0.128902
0.170379
0.121717
0.147606
0.103858
0.115996
0.145701
0.119633
0.124251
0.102786
0.173458
0.166007
0.12235
0.150657
0.121981
0.167573
0.128379
0.106514
0.128351
0.10626
0.109523
0.127768
0.138395
0.127529
0.154209
0.163025
0.123818
0.157627
0.126501
0.11987
0.119025
0.109075
0.133919
0.106518
0.112497
0.147263
0.150992
0.103911
0.133453
0.132086
0.124134
0.131005
0.116421
0.170597
0.133092
0.129137
0.111239
0.162802
0.13148
0.147155
0.132465
0.123119
0.13792
0.14614
0.114665
0.124264
0.166456
0.144434
0.135178
0.122346
0.131063
0.153002
0.153969
0.123692
0.112048
0.130964
0.1511
0.138936
0.181451
0.186826
0.185582
0.155188
0.203581
0.149837
0.207934
0.188279
0.179797
0.1695
0.161596
0.223434
0.123393
0.23403
0.188311
0.148877
0.161426
0.207328
0.126043
0.107219
0.184348
0.151702
0.102085
0.168045
0.209711
0.0934195
0.121682
0.180493
0.121833
0.139879
0.122542
0.123758
0.145953
0.136999
0.135289
0.163181
0.127276
0.151511
0.152108
0.140469
0.167974
0.173573
0.125094
0.133401
0.146695
0.146695
0.110882
0.130221
0.140452
0.13335
0.102832
0.126712
0.136524
0.110479
0.148412
0.167158
0.137387
0.192743
0.14793
0.131458
0.0876808
0.134485
0.108974
0.127275
0.141856
0.112937
0.168861
0.169879
0.138429
0.191125
0.154615
0.142462
0.158593
0.139524
0.13481
0.109241
0.155037
0.125905
0.121838
0.118211
0.126726
0.227043
0.151621
0.247231
0.159578
0.214273
0.155462
0.198585
0.153479
0.158321
0.202947
0.161845
0.216691
0.152604
0.157166
0.138008
0.135883
0.109856
0.117441
0.140276
0.124999
0.114185
0.166045
0.160903
0.106828
0.153582
0.140217
0.135872
0.107797
0.171906
0.12986
0.130353
0.153522
0.122711
0.151443
0.182957
0.134062
0.154786
0.116707
0.168474
0.157297
0.187356
0.14754
0.121451
0.153546
0.175752
0.0987527
0.129639
0.119594
0.138426
0.167103
0.2569
0.125937
0.136113
0.151347
0.128221
0.121199
0.115759
0.125684
0.098228
0.171717
0.117576
0.174417
0.12488
0.142281
0.112272
0.151339
0.165922
0.112061
0.163218
0.15032
0.141354
0.118203
0.146445
0.133192
0.16908
0.101836
0.111895
0.144596
0.119511
0.119455
0.0953397
0.164308
0.211021
0.115077
0.158791
0.236427
0.181717
0.243825
0.206367
0.208652
0.161616
0.151726
0.11101
0.108411
0.100224
0.146508
0.127624
0.129354
0.112051
0.125311
0.208287
0.134177
0.215976
0.119703
0.118688
0.177068
0.10016
0.144557
0.126723
0.149378
0.117406
0.12353
0.157869
0.124988
0.154851
0.121426
0.110933
0.110932
0.155426
0.175093
0.152408
0.229338
0.167587
0.140208
0.179996
0.100124
0.19557
0.0842944
0.113268
0.136251
0.155068
0.127623
0.129273
0.122973
0.0967094
0.16053
0.15494
0.110369
0.1681
0.178605
0.16425
0.103905
0.14964
0.127936
0.159256
0.125692
0.144714
0.16644
0.104491
0.134749
0.0977949
0.153409
0.203369
0.106069
0.117599
0.114065
0.11928
0.131441
0.096579
0.156738
0.124068
0.148948
0.174478
0.139233
0.10157
0.18143
0.116618
0.146887
0.131436
0.135101
0.115468
0.113399
0.145082
0.124986
0.168916
0.1304
0.116588
0.194685
0.107057
0.185401
0.111907
0.125067
0.118361
0.142198
0.0935907
0.112432
0.0912551
0.122151
0.107579
0.184982
0.136501
0.132204
0.130609
0.143349
0.164484
0.178087
0.136614
0.162523
0.144189
0.151276
0.153179
0.13703
0.158275
0.130158
0.130688
0.135597
0.13842
0.182486
0.169111
0.106049
0.138849
0.142615
0.154822
0.128844
0.101243
0.146148
0.129989
0.112585
0.131645
0.139023
0.21038
0.10105
0.130301
0.0882395
0.137193
0.121565
0.131279
0.1717
0.157725
0.100415
0.083673
0.137309
0.113703
0.187516
0.141006
0.10899
0.109898
0.111315
0.142793
0.119008
0.121296
0.172859
0.129861
0.108438
0.0993036
0.159854
0.121499
0.153501
0.161327
0.142321
0.181785
0.176036
0.15597
0.150646
0.0964744
0.127078
0.147976
0.12913
0.13156
0.242613
0.168403
0.0923994
0.211095
0.129756
0.128673
0.21839
0.117925
0.145055
0.12335
0.108632
0.172337
0.155609
0.148599
0.131162
0.245782
0.120102
0.175003
0.110716
0.117516
0.147294
0.195611
0.172528
0.0949082
0.0906481
0.133576
0.136401
0.12562
0.116329
0.129776
0.121792
0.145586
0.154831
0.12376
0.103357
0.0972974
0.115073
0.195134
0.119394
0.159837
0.124411
0.147947
0.0996407
0.134147
0.14317
0.0959266
0.110231
0.179539
0.113444
0.0929893
0.170675
0.126559
0.169696
0.132
0.253886
0.125431
0.102856
0.137383
0.207555
0.0993782
0.0981342
0.102511
0.133902
0.144181
0.13417
0.111323
0.118571
0.224101
0.13948
0.112552
0.0862794
0.114848
0.140647
0.130652
0.115909
0.171548
0.115554
0.182818
0.096561
0.166672
0.115374
0.0904396
0.102921
0.106141
0.149506
0.113098
0.138715
0.146239
0.13017
0.163549
0.117709
0.121932
0.151084
0.138295
0.119555
0.114757
0.118656
0.124475
0.11769
0.104079
0.104296
0.11338
0.111509
0.118183
0.100564
0.110241
0.141436
0.107736
0.168226
0.124052
0.115054
0.160162
0.143845
0.120355
0.113868
0.137812
0.118354
0.106421
0.124899
0.117935
0.0930097
0.152222
0.233097
0.139623
0.184074
0.123283
0.174341
0.114836
0.250095
0.151014
0.162771
0.0898999
0.143647
0.137632
0.079281
0.237411
0.148193
0.165712
0.163161
0.195148
0.188008
0.153892
0.230444
0.10786
0.184516
0.13359
0.124151
0.114917
0.19029
0.152521
0.147815
0.155061
0.11367
0.123821
0.119668
0.129345
0.123526
0.114372
0.150911
0.161359
0.114293
0.103522
0.155376
0.219788
0.164987
0.1664
0.198449
0.181563
0.154254
0.193176
0.149265
0.184384
0.169467
0.246441
0.140343
0.185045
0.12643
0.150667
0.13025
0.172777
0.159619
0.13581
0.123978
0.149306
0.141109
0.144779
0.0972365
0.130439
0.120051
0.123522
0.117428
0.129191
0.112886
0.113429
0.172184
0.124891
0.1235
0.0986399
0.103388
0.167181
0.119193
0.108418
0.15982
0.141892
0.126628
0.131838
0.110863
0.109425
0.184183
0.155142
0.112109
0.108528
0.122431
0.129182
0.110201
0.136201
0.10602
0.149157
0.151676
0.150161
0.11999
0.105129
0.147867
0.117823
0.096186
0.108704
0.151339
0.129702
0.100181
0.108688
0.1113
0.103883
0.131041
0.105724
0.113731
0.16269
0.135345
0.127504
0.114794
0.129093
0.152769
0.115478
0.121235
0.0963064
0.128991
0.143774
0.0977538
0.242863
0.120784
0.119075
0.186022
0.116877
0.159654
0.0941453
0.11628
0.17407
0.131776
0.096877
0.122403
0.130527
0.0965017
0.136617
0.148335
0.106371
0.14504
0.10371
0.0893538
0.121952
0.135878
0.158038
0.110168
0.181968
0.147966
0.107534
0.146927
0.140426
0.108868
0.133816
0.209792
0.132763
0.119807
0.119941
0.131673
0.114303
0.118699
0.0903603
0.182599
0.121294
0.133176
0.123601
0.117696
0.143018
0.196308
0.154051
0.194625
0.155332
0.187712
0.108676
0.108774
0.105231
0.141896
0.141014
0.192367
0.156888
0.144598
0.11494
0.107479
0.123875
0.114151
0.123332
0.117597
0.129392
0.147937
0.111994
0.173928
0.107905
0.187513
0.120285
0.168023
0.12754
0.111742
0.211721
0.114625
0.132261
0.112097
0.12276
0.170269
0.163634
0.133981
0.110568
0.103119
0.125306
0.226827
0.119755
0.121749
0.144741
0.112031
0.127718
0.138024
0.126268
0.14155
0.0930571
0.132817
0.101395
0.154655
0.241364
0.108837
0.146547
0.120949
0.118282
0.0989584
0.141297
0.124877
0.10592
0.114989
0.0992888
0.109147
0.111084
0.0920015
0.142462
0.206385
0.121934
0.128152
0.200232
0.116465
0.114093
0.140224
0.136491
0.142881
0.12459
0.139533
0.151467
0.126549
0.133348
0.185887
0.153814
0.104859
0.122196
0.111421
0.113235
0.170635
0.136291
0.144154
0.136716
0.103284
0.134596
0.123582
0.188199
0.126182
0.147711
0.121085
0.10466
0.136616
0.126366
0.12883
0.151552
0.130246
0.135338
0.122133
0.153771
0.177826
0.106246
0.109928
0.111082
0.134276
0.142072
0.105374
0.146378
0.138282
0.113312
0.167392
0.0855043
0.153544
0.107542
0.144942
0.117235
0.138581
0.101361
0.144757
0.109618
0.0972861
0.09265
0.126166
0.161448
0.137676
0.117603
0.183938
0.115651
0.101613
0.122467
0.138669
0.121439
0.126711
0.161128
0.105291
0.170982
0.119324
0.12043
0.161154
0.166087
0.205452
0.152072
0.116664
0.14866
0.156352
0.138682
0.127894
0.12797
0.139576
0.175842
0.111199
0.122676
0.142881
0.145985
0.21444
0.130959
0.15319
0.139197
0.118213
0.112627
0.10952
0.172414
0.138534
0.115413
0.125415
0.100848
0.0925803
0.143871
0.116202
0.125074
0.164387
0.205715
0.115783
0.123518
0.124881
0.119109
0.106055
0.101806
0.131423
0.121622
0.143481
0.126561
0.148237
0.230845
0.115918
0.124278
0.15156
0.155784
0.18531
0.167755
0.133902
0.115651
0.109484
0.136091
0.104542
0.167526
0.145512
0.0996259
0.126262
0.106374
0.128707
0.208519
0.17349
0.178661
0.107813
0.123024
0.178826
0.167669
0.112662
0.132699
0.136222
0.130976
0.172015
0.117532
0.146953
0.21911
0.186417
0.120558
0.100166
0.0958355
0.103185
0.0983137
0.141805
0.163696
0.0907347
0.129302
0.102783
0.115847
0.124725
0.136387
0.107249
0.110172
0.127717
0.088195
0.119058
0.175443
0.154072
0.12792
0.141478
0.160826
0.157124
0.132525
0.130633
0.152481
0.165579
0.142001
0.148341
0.106974
0.143661
0.138301
0.158502
0.107462
0.13914
0.156352
0.132653
0.1578
0.183901
0.141049
0.122085
0.164832
0.128401
0.201221
0.113333
0.150526
0.13573
0.164201
0.166902
0.159122
0.146733
0.124524
0.130019
0.142698
0.174285
0.128456
0.183481
0.15657
0.124491
0.144779
0.116357
0.146062
0.131016
0.101635
0.104637
0.167689
0.128676
0.135394
0.110465
0.129164
0.101594
0.0982665
0.102251
0.13229
0.114327
0.110041
0.110686
0.0779231
0.134296
0.104362
0.105972
0.0940334
0.11934
0.121809
0.129151
0.146337
0.121973
0.132047
0.0942052
0.117423
0.123517
0.113356
0.0968774
0.15241
0.105393
0.168605
0.130729
0.10047
0.165767
0.152325
0.125747
0.120405
0.108731
0.129214
0.18276
0.105108
0.209119
0.133636
0.12212
0.144036
0.143297
0.162593
0.202562
0.21156
0.135012
0.114803
0.111691
0.111739
0.127608
0.183276
0.139773
0.116606
0.214581
0.160584
0.131309
0.215565
0.115367
0.112897
0.0927039
0.578342
0.202299
0.157214
0.128029
0.204469
0.128364
0.148085
0.129735
0.124797
0.116007
0.138752
0.11451
0.146643
0.100076
0.113441
0.135143
0.104656
0.112736
0.121467
0.147706
0.113203
0.109965
0.133986
0.152125
0.121387
0.183854
0.145773
0.101824
0.110775
0.172124
0.148653
0.115338
0.175274
0.117109
0.157833
0.133511
0.120343
0.18146
0.1282
0.116735
0.140833
0.139646
0.126611
0.206994
0.106761
0.157331
0.117629
0.162013
0.120121
0.130732
0.169943
0.131625
0.122688
0.128832
0.134916
0.10687
0.115359
0.19843
0.117417
0.102044
0.137123
0.119537
0.122095
0.148193
0.103198
0.12422
0.102448
0.10575
0.129469
0.135047
0.14727
0.133666
0.131809
0.104936
0.112124
0.127243
0.120377
0.128619
0.112239
0.146447
0.117083
0.150175
0.136167
0.17932
0.120352
0.115101
0.123051
0.164587
0.125815
0.170671
0.187535
0.151026
0.333061
0.136462
0.11339
0.141491
0.172936
0.146556
0.188982
0.111214
0.116276
0.188075
0.115537
0.245227
0.169419
0.176374
0.202533
0.120092
0.132038
0.198764
0.134489
0.159196
0.144725
0.112262
0.149585
0.221868
0.135613
0.115296
0.129836
0.146043
0.147791
0.201317
0.134594
0.146979
0.0909326
0.146274
0.106655
0.159867
0.109506
0.10502
0.189826
0.138039
0.136397
0.156474
0.14038
0.10302
0.0982073
0.15196
0.174807
0.124643
0.169085
0.135769
0.108076
0.107317
0.123885
0.0900714
0.13999
0.136042
0.173251
0.203126
0.103389
0.228353
0.146994
0.153801
0.100118
0.107879
0.162079
0.150103
0.110171
0.146621
0.170916
0.118596
0.133849
0.156216
0.17067
0.185506
0.182116
0.111123
0.108408
0.125258
0.104067
0.146918
0.134845
0.124006
0.129943
0.104801
0.174778
0.128837
0.129553
0.10412
0.128535
0.116922
0.106134
0.119426
0.110557
0.140806
0.160424
0.104943
0.120123
0.130281
0.202662
0.158835
0.134826
0.119365
0.134659
0.182795
0.119144
0.134042
0.14109
0.120167
0.137633
0.11137
0.161604
0.111785
0.198919
0.125175
0.150708
0.12122
0.127823
0.185826
0.108717
0.134309
0.153899
0.117774
0.142364
0.140204
0.107983
0.123706
0.278279
0.111176
0.158122
0.109876
0.132094
0.0858423
0.248856
0.190236
0.100053
0.132435
0.105861
0.113306
0.159832
0.128734
0.137531
0.105065
0.134896
0.113943
0.151876
0.119201
0.130313
0.118018
0.128717
0.2064
0.1262
0.163185
0.151797
0.117601
0.152259
0.157131
0.115279
0.217836
0.188235
