0.00389512
0.0184534
0.00943859
0.00767612
0.926046
0.0217929
0.00991494
0.0081951
0.00244358
1.13754
0.00786059
0.0120955
0.00441213
0.0126624
0.433
0.00440526
0.00990197
1.14133
0.0152653
0.00381769
0.0110114
0.0185323
0.00546971
0.003895
0.00604011
0.013026
0.00518121
0.0183946
0.00803259
0.00282145
0.00466304
0.0103777
0.783468
0.00702259
0.00578966
0.00378641
0.00735344
0.00968802
0.715927
0.00336507
0.00814292
0.00228997
0.00564132
0.00823525
0.0102947
0.00375414
0.000854604
0.0105528
0.0104407
0.00538629
0.0149645
0.00582794
0.00195891
0.0172429
0.00517973
0.000865312
0.008948
0.0132899
0.817033
0.0112059
0.0102382
0.002376
0.0111423
0.00754961
0.00476055
0.012233
0.015353
0.00910217
0.0103974
0.0126769
0.00529359
0.00527399
0.00214681
0.00655897
0.00177345
0.00581754
0.0135617
0.00566322
0.00696271
0.00400196
0.00577342
0.00521687
0.00555796
0.00536727
0.00682743
0.00147208
0.00348812
0.00642322
0.00709131
0.0053188
0.0062263
0.00499181
0.00737865
0.00548928
0.00637809
0.00492177
0.00867424
0.0132995
0.010988
0.0125025
0.00460567
0.0102089
0.0100055
0.00787862
0.00694763
0.00468679
0.00817185
0.00707281
0.00140673
0.00357395
0.00573662
0.00744975
0.00212242
0.00183718
0.00543151
0.00718586
1.12235
0.00800784
0.00473371
0.00449697
0.00639802
0.00950413
0.00590144
0.00706008
0.0191931
0.016502
3.71456
0.00440089
0.0105365
0.0148161
0.0120362
0.00855533
0.00728251
0.0103826
3.1345
0.0143568
0.0277559
0.0139152
0.0135604
0.00243843
0.851305
0.0185491
0.00768461
0.00301356
0.0270185
0.00844627
0.00419559
0.00577119
0.00628583
0.00283571
0.00794664
0.00536886
0.00418434
0.0128597
0.00325047
0.00155581
0.00434334
0.015225
0.018781
0.0114672
0.00537839
0.00532112
0.00788713
0.0119922
0.00254477
0.0139105
0.00556728
0.00605476
0.00333862
0.00653698
0.00557346
0.00634351
3.13493
0.00717347
0.00538053
0.00732459
0.00363294
0.00663729
0.0101501
0.0105221
0.00640775
0.00711929
0.00523917
0.00553579
0.00393594
0.00349569
0.0164871
0.00726081
0.00792683
0.00389264
0.0023768
0.0143715
0.00956952
0.0100116
0.0334039
0.0147473
0.00510169
0.00519187
0.0128305
0.00838807
0.00640228
0.0105666
0.00825259
0.0074807
0.00675878
0.00266006
0.00326057
0.00595141
0.00277352
0.00367374
0.00573172
1.53487
0.00654835
0.00278542
0.0108999
0.0130609
0.00949928
0.00713567
0.657685
0.00263648
0.0077134
0.0173777
0.00476815
0.0167058
0.00793088
0.00325188
0.0144398
0.00682991
0.00895506
0.00807542
0.0097995
0.0137974
0.00645939
0.0268582
0.00212282
0.00817154
0.00612116
0.00216548
0.00873227
0.0182578
0.0103217
0.0134576
0.00223111
0.00823737
0.00689987
0.0059657
0.0105081
0.00854658
0.00492725
0.00631865
0.0110944
0.0191621
0.0131987
0.00300923
0.0127714
0.0201739
0.0100773
0.00918927
0.012319
0.458954
0.0089911
0.00414833
0.0153261
0.0186963
0.0117733
0.00799707
0.00719544
0.00311661
0.00961595
0.00710337
0.0111197
0.0284808
0.00433006
0.0120642
0.00505961
0.00676829
0.00785587
0.0087285
0.00511001
0.00669701
0.000560748
0.0113234
0.0053953
0.00757993
0.0132043
0.00428909
0.00653077
0.0242012
0.0055128
0.00523405
0.00559238
0.0191275
0.0037158
0.00378757
0.00956433
0.0110077
0.0109957
0.00461897
0.00330224
0.0081899
0.00754917
0.0117021
0.00295556
0.00607338
0.0160033
0.0155719
0.00784457
1.60873
0.00175627
0.00507084
0.00756691
0.0060548
0.00135651
0.00225622
0.00333696
0.00965624
0.00515657
0.0149899
0.0179673
0.00398395
0.00781023
0.00492121
0.00747053
0.0155499
0.00742698
0.00535464
0.00130477
0.00186424
0.00349426
0.00198409
0.00453247
0.0129392
0.0109254
0.0105286
0.00690704
0.00602509
0.00756313
0.0026088
0.0125259
0.00465047
0.006375
1.65395
0.00670742
0.0079719
0.00704362
0.0065667
0.00985424
0.0104307
0.00772228
0.0044673
0.00431062
0.00610561
0.00778867
0.00124229
0.00113776
0.00830847
0.00389128
0.0051524
0.00783594
0.0197435
0.00786504
0.00304703
0.00581842
0.00352829
0.00833267
0.00264082
0.00760633
0.0167928
0.00482123
0.0167423
0.0080956
0.00663048
0.00042783
0.0140461
0.00549943
0.000743718
0.0100049
0.010611
0.00656839
0.00990691
0.0036659
0.011496
0.00259669
0.012104
0.0142566
0.0109922
0.00536318
0.00439077
0.00380557
0.00923295
0.00519187
0.00686372
0.0037407
0.00777323
0.00777787
0.0035122
0.0107258
2.9657
0.0118592
0.0151045
0.0156722
0.0142752
0.00622712
1.88743
0.00066342
0.0138617
0.687373
0.00585987
0.0052805
0.00221531
0.0118291
0.00413242
2.09838
0.00497706
0.00474254
0.0080885
0.0103385
0.00200489
0.00731798
0.0064293
0.0100551
1.0629
0.00379158
0.0128025
0.00348768
0.0103687
0.00635528
0.0147798
0.0106738
0.00785776
0.00567074
0.0162618
0.00732013
0.0084164
0.0101912
0.0123519
0.00974397
0.0073433
0.01421
1.00495
0.00956883
0.0175136
0.0117775
1.07881
0.0076233
0.00650192
0.903265
0.00705826
0.00430405
0.0106039
0.00359468
0.0074051
0.917278
0.00888713
0.00198244
0.00556023
0.00243086
0.0118379
0.00564613
0.00534757
0.00319473
0.0162796
0.00598764
0.010629
0.00957718
0.00983026
0.0082074
0.00251601
0.0237529
0.00233501
0.012097
0.0162012
0.00268558
0.0129978
0.00652162
0.0219501
0.0112069
0.0244173
0.014411
0.00755169
0.00970911
0.0154126
0.00788665
0.00801939
0.00911804
0.00544444
1.80481
0.00754028
0.0137524
0.00621776
0.596698
0.0121678
0.00276341
0.0152906
0.0096559
0.0216038
0.0125823
0.0129263
0.00463022
0.00839044
0.0089287
0.0130472
0.0241233
0.0167273
0.00756908
0.0169149
0.00526553
0.0049028
0.0165332
0.0120317
0.0198729
0.0112005
0.00586722
0.0135544
0.00945262
0.00267069
0.00773591
0.00614249
0.0125203
0.0042434
0.0180325
0.00684341
0.010706
0.00734127
0.00837958
0.00814252
0.0138167
0.000746563
0.00595275
0.00384876
0.00783083
0.0108043
0.00529339
0.00206346
0.00352289
0.00929937
0.00501972
0.0122171
0.00378002
0.0070774
0.00620042
0.00688791
0.0133636
0.955515
0.00453803
0.0111165
0.0108575
0.0163789
0.00630129
0.00435795
0.00724256
0.0124292
0.00635579
0.00451698
0.0218248
0.00540397
0.0211999
0.0167188
0.0141119
0.00600287
0.0181314
0.00388892
0.00650912
0.00445312
0.00802204
0.0109059
0.0117268
0.00613865
0.00277219
0.0134054
0.00986203
1.46139
0.00690601
3.57741
0.00410345
0.00509804
0.0136042
0.00405864
0.010171
0.00275274
0.00456839
0.0105393
0.003497
0.00642776
0.00903836
0.0170658
0.00144994
0.0109424
0.0116431
0.00281389
0.00617882
0.000692346
0.00182972
0.00436536
0.00380508
0.0129505
0.00553438
0.0150871
0.0115038
0.0121079
0.100955
0.00649139
0.017219
0.806688
0.0128919
0.00300508
0.00495161
0.00134547
0.00781503
0.00128359
0.00376546
0.0081632
0.0125624
0.0116531
0.0078412
0.00300016
0.00377658
0.00187251
0.00595441
0.00682339
0.00949444
0.00562178
0.00854382
2.57834
0.0117199
0.00916717
0.00317816
0.00325266
0.0150883
0.00380453
0.0144955
0.00692087
0.00959555
0.00828264
0.0101113
0.00667142
0.008684
0.00973726
0.00763022
3.74997
0.00371852
0.0100708
0.00407782
0.0101683
0.00129691
1.02267
0.00673633
0.00363136
0.00227093
0.00251026
0.00849761
0.0067277
0.00548469
0.0184676
0.00553775
0.00935444
0.00597558
0.0046698
0.0140091
0.00584313
0.0170132
0.00228466
0.666539
0.00323767
0.721068
0.431821
0.00484641
0.00447447
0.010577
2.07681
0.00284227
0.00665248
1.90765
1.16309
0.00545966
0.0142805
0.0158396
0.0136189
0.00434341
0.00302924
0.00189327
1.28262
0.00855052
0.00373859
0.00587161
1.54051
0.0127683
0.0108984
0.00332937
0.00678051
0.00781963
0.00631079
0.00874425
0.00877194
0.0202833
0.0118011
0.00915479
0.0145038
0.00954091
0.00219046
0.0152147
0.00670768
0.00557788
0.00373929
0.00365663
0.00878379
0.912755
0.00404973
1.34639
0.00480858
0.751194
0.00439543
0.00979734
0.00479378
0.0039314
0.0107936
0.00362714
0.0074533
0.00322712
0.00545082
0.00955765
0.629977
0.00339255
0.00866534
4.82522
0.00922822
0.844648
0.00774641
0.0117675
0.00277414
0.0055069
0.00398644
0.00838332
0.00454044
0.00530637
0.00234645
0.00572545
0.00491172
0.0141009
0.0114045
0.00576403
0.012062
0.0142967
0.0026788
0.0082843
0.00523355
0.374146
0.0144971
0.00804146
0.0173033
4.90905
0.0166434
0.00399978
0.00492358
0.00718898
0.00265976
0.00864788
0.00246207
0.00627789
0.00568815
0.00727858
0.00532772
0.00654537
0.886481
0.00718114
0.0133464
0.00331127
0.00506835
0.00336381
0.00607317
0.00655243
0.0125274
0.00448665
0.00779633
0.0132267
0.00513565
0.0101479
0.0043576
0.0290193
1.81423
0.0133688
0.0104928
0.623358
0.00635181
0.00962426
2.82863
0.0147712
0.00417214
0.00744375
0.00637924
0.00623778
0.00450108
0.00890778
0.0161107
0.00304496
0.00878208
0.00422907
0.00718063
1.07095
0.00178682
0.977672
0.00771518
0.00762009
0.00710901
0.0104867
0.00478871
0.00836119
0.0136154
0.00431987
1.31554
1.50949
0.00347118
0.00335844
0.00605538
0.00703774
0.00284435
0.00603378
0.00909611
0.00374404
0.00448817
0.00350594
0.00613761
0.671898
0.00746865
0.00509271
0.00218373
0.00416461
0.0130726
0.576396
0.52818
0.00615514
0.0113137
0.0046067
0.00734199
0.0154603
0.00576796
0.00615845
0.00790151
0.00840355
0.010158
0.0109172
0.0053934
0.00244955
0.00563141
0.00939602
0.00218762
0.0143294
0.00104901
0.878127
0.00393976
0.0167324
0.00520735
0.00997956
0.00772831
0.0053149
0.00579201
0.00627313
0.00939068
0.0170611
0.00539078
0.00848504
0.00644454
0.00640951
0.000815428
0.00556946
0.00994681
0.00233835
0.00661798
0.00808434
0.00529199
0.00657786
0.0101255
0.00874596
0.00317001
0.00741522
0.0033516
0.0119561
0.00108647
0.0148061
0.012938
0.00620297
0.00578723
0.00643731
0.00976444
0.00336063
0.00331018
0.00634307
0.0016763
0.00455713
0.00418616
0.00391512
0.00751947
0.00690562
0.00892303
0.00310386
0.00466299
0.00665767
0.0193952
0.037426
0.00758252
0.00374116
0.00577603
0.00446712
0.0212946
0.00895037
0.0112342
0.00430031
0.00904179
1.43818
0.00532402
0.0131786
0.00628591
0.0129482
0.00887935
0.0122886
0.0131851
0.00668229
0.00239228
0.00979684
0.0135787
0.0128878
0.0101978
0.019051
0.00588453
0.0140983
0.00512114
0.00940087
0.00737908
0.00953704
0.00572147
0.00483995
0.729946
0.0073874
0.0035281
2.25993
0.0113156
2.42558
0.0143803
0.010278
0.00422412
0.0114456
0.00957761
0.00708389
0.00585493
0.00452983
0.00850324
0.00679849
1.03878
1.20606
0.00544695
0.0184162
0.00559951
0.00460645
0.00313164
0.00394468
0.00454373
0.0130705
0.020468
0.00435395
0.00496958
0.0129483
0.00126647
0.004605
0.00559132
0.0118306
0.00473685
0.00456443
0.00723291
0.0180578
0.0087715
0.0203461
0.00404816
0.00355609
0.0114923
0.00865939
0.00637826
0.0111774
0.00469889
0.0237942
0.00300563
0.00305673
0.00476009
0.0042351
0.0101554
0.0123689
0.00513564
0.00394284
0.014309
0.027899
0.0149982
0.0100797
0.00292501
0.0120383
0.00770325
0.00509688
0.00290565
1.06756
1.36315
0.00379929
0.00532088
0.00832008
0.0154985
1.55772
0.00815236
0.0110033
0.00706497
0.00232152
0.00733303
0.0147973
0.0216249
0.0216588
0.00933534
0.0104022
0.00489658
0.0141439
0.00511841
0.00493004
0.00490675
0.0109935
0.00605621
0.00774577
0.00524783
0.0112757
0.00825421
0.00419439
0.00482267
0.0117857
0.00912747
0.00610534
0.00584475
0.00402801
0.00289128
0.0103063
0.00280709
0.0068228
1.74868
0.00301323
0.00331088
0.0201794
0.0137711
0.0151456
0.00665516
0.00838793
0.00476807
0.00703908
0.00600938
0.00978998
0.0152399
0.0195376
0.0017445
0.00944771
0.00308391
0.0014681
0.00803686
0.0093739
0.0131857
0.00544115
0.00190957
0.00643328
0.00860615
0.00837429
0.0154242
0.0050023
0.00716873
0.00733976
0.0052254
0.00308244
0.0124341
0.0054932
0.0099211
3.20036
0.00246849
0.00848894
0.00981638
0.00489264
0.0108833
0.0136613
0.0195136
0.0101237
0.0161222
0.0050574
0.00509432
0.00379221
0.00974242
0.00561054
0.00528676
0.014919
0.0111562
0.0129369
0.00652761
2.94685
0.00498864
0.00507889
0.00189297
1.13111
0.00479341
0.00288791
0.00951388
0.0125815
0.00538382
0.00604016
0.0056158
0.00226273
0.00829789
0.0204905
0.00277525
0.00382987
0.0136244
0.00676563
0.0102705
0.00734302
0.0104524
0.00822179
0.00308438
0.0125473
0.00439787
0.0123262
0.00603174
0.00453118
0.00552169
0.00688078
0.0022421
0.00589509
0.00266638
0.00357563
0.00256543
0.92022
0.00408546
0.00704684
0.011022
0.0132856
0.00229529
0.0109582
0.00817492
0.0057827
0.0087706
0.00967335
0.00623481
0.00530735
0.0157475
0.707104
0.005212
0.00377319
0.0107626
0.00454515
0.00292275
0.0108839
0.00748008
0.00765619
0.00643605
0.00405203
0.00377025
0.00341419
0.00963318
0.00794355
0.00807545
0.00410783
0.00445439
0.0116745
0.00561263
0.00844906
0.00903035
0.00668521
0.00807436
0.00772166
0.0129513
0.00783572
0.0113022
0.0100457
0.00601397
0.0190425
0.00336324
0.0113954
0.00915656
0.0065814
0.015016
0.0161217
0.00224239
0.00905024
0.00757214
3.47456
0.0058925
0.0124291
0.0153482
0.00509932
0.00426304
0.00451808
0.00672742
0.00775941
0.00593132
0.0237937
0.952648
0.00536421
0.00778807
0.00576823
0.00341681
0.0123754
0.0107259
0.00424544
0.00317284
0.00986331
0.00701753
0.00693256
1.19919
0.00383612
0.00681721
0.0067138
0.0109282
0.00860723
0.00897502
0.00518546
0.00937554
0.0136117
0.00276103
0.00726563
0.00473522
0.00800423
0.00250301
0.00704622
0.00691087
0.0106801
0.00744779
0.00151351
0.00841329
0.0107289
0.00479793
0.00469168
0.665699
0.0187006
0.00864406
0.00977816
0.00432529
0.00128284
0.0138434
0.00459
0.00260607
0.00751304
0.0067053
0.00750627
0.0113996
0.00500082
0.00742283
0.0141613
0.00525391
0.00651764
0.00867227
0.00457516
0.00169197
0.00923247
0.00298645
0.0034447
0.00440442
0.00210422
0.00263128
0.00666297
0.00867803
0.00120817
0.0117736
0.00770982
0.0091119
0.00587854
0.0128969
0.00362228
0.0194756
0.597727
0.0105344
0.00157859
0.00256884
0.0106521
0.00112575
0.012494
0.00483534
0.00312788
0.534647
0.00480426
0.0110804
0.00446127
0.00603273
0.00478962
0.898393
0.00916116
0.015522
0.0020783
0.00846482
0.00154119
0.00612482
0.0111139
0.0110111
0.00491603
0.00312041
0.0122621
0.0119206
0.0176195
0.00330183
0.00545395
0.0126563
0.0028434
0.00988
0.00321876
0.00642506
0.00264182
0.00358171
0.00914942
0.0115992
0.0172652
0.00666173
0.0123649
0.00879397
0.0199659
0.00208741
0.834073
0.00600522
0.00169846
0.00833546
0.00853069
0.00453599
1.06873
0.00711758
0.00894079
0.0158802
0.00535542
0.0146848
0.0063054
0.0137106
0.00613209
0.021462
0.00533489
0.00612705
0.0117327
0.00391483
0.0069334
0.00229563
0.00520926
0.00321397
0.00910447
0.00487207
0.00678161
0.0187998
0.00860806
0.00683321
0.0378058
0.00853648
0.00472091
0.00190255
0.00299793
0.0147299
0.00439973
0.00210343
0.00497111
0.0112668
0.00588838
0.00696552
0.00465931
0.00411945
0.00305191
0.0110559
0.0198282
0.012555
0.00408506
0.0190546
0.00846294
0.0127562
0.00287784
0.015014
0.00941536
0.00407625
0.00678668
0.0345249
0.00709874
0.0145957
0.0124092
0.00419536
0.0224598
0.00546859
0.00595674
0.0252697
0.0133823
0.00740261
0.0105125
0.00682364
0.00724287
0.0127481
0.00598817
0.00244826
0.00223809
0.00654356
0.0074862
0.00536017
0.0107719
0.00320494
0.0135758
0.00726859
0.0056605
0.00136166
0.0132251
0.00764279
0.0145631
0.00862404
0.00691971
0.0092237
0.0140892
0.00469204
0.00752997
0.00988423
0.00804281
0.00296381
0.00767081
0.00815802
0.00340811
0.0063775
0.00976059
0.0110278
0.0124308
0.00642848
0.00968944
0.00259017
0.0016452
0.00246617
0.00225626
0.00348527
0.00917369
0.00387444
0.00914083
1.56338
0.00494639
0.0103751
0.0007058
0.00601215
0.00342706
0.00533957
0.00554104
0.00575604
0.00403225
0.00902295
0.00802474
0.00956414
0.00772354
0.00555302
0.0096934
0.00848721
0.00493104
0.00762507
2.73441
0.0174128
0.00252698
1.90645
0.0154278
0.0165925
1.73572
0.0015245
0.00429567
0.48961
0.0139494
0.0111408
0.00433459
0.00426016
0.00793153
0.00776182
0.0178923
0.0128686
0.00575527
0.0017026
0.00962385
0.00540264
0.00716006
0.0031231
0.314897
0.0115509
0.00328729
0.00847423
1.78174
0.00554605
0.00595519
0.0074136
0.00652014
0.00111938
0.0102585
0.00798941
0.00638828
0.00209576
0.0122545
0.00312027
0.00750613
0.00529728
0.00783509
0.00782126
1.0577
0.915577
0.0139757
0.00729939
0.932338
0.0164206
0.00558489
0.861452
0.00809789
0.0091604
0.00650694
0.00637796
0.0120433
0.0100482
0.0106331
0.00578845
0.0070631
0.00854006
0.00953971
0.00758795
0.00285802
0.00167261
0.00655535
0.00568118
0.00447543
0.00543097
0.0104725
0.0123336
0.00389399
0.00855776
0.0144579
0.00869958
0.737621
0.00591334
0.0259942
0.00411606
0.00680917
0.00531938
0.00195915
0.0116705
0.666429
0.00686478
0.00949158
0.00518658
0.00404417
0.00421432
0.0106937
0.00251118
0.0329663
0.00246864
0.0118125
0.0107081
0.00353561
0.00524517
0.00744527
0.00269423
0.0187292
0.0265047
0.00482246
0.00546693
0.00944771
0.00546603
0.949974
0.0134148
0.00618282
0.00728044
0.0213038
0.0114187
0.740958
0.00845616
0.00859926
0.0172362
0.0105845
0.00598172
0.00752852
0.0059719
0.00551802
0.0211408
0.00794587
0.00653213
0.0192307
0.00643897
0.00568526
0.00329493
0.0044632
0.00455959
0.00896244
0.497428
0.027464
0.00190666
0.00594348
0.00402056
0.013025
0.00612542
0.000779156
0.00601708
0.00888753
0.00301071
0.00313071
0.00479615
0.00793586
0.00540796
0.00658476
0.00606717
0.83152
0.00565631
0.0022682
0.00245719
0.00754348
0.00458251
0.00135206
0.00184458
0.00409765
0.0069856
0.00472929
1.26054
0.0023263
0.0108623
0.0184529
0.00784753
0.00473561
0.436235
0.0125724
0.00775953
0.00733419
0.00526582
0.00853693
0.0056741
0.00694882
0.00788656
0.0104433
0.0060067
0.78007
0.00882203
0.00597
0.0084429
0.00400956
0.00541176
0.0165702
0.00627434
0.0079376
0.0177458
0.00491822
0.0046506
0.00344481
0.00937552
0.00919304
0.00169072
0.00587591
0.00954067
0.00382871
0.00611401
0.00173265
0.00651519
0.0138736
0.00883361
0.00974756
0.00591606
0.00344414
0.00248459
0.00392287
0.0100318
0.00648538
0.00375337
0.00941646
0.0318616
0.00550573
0.00540209
0.00622479
0.00708346
0.0025469
0.00286754
0.0056196
0.0119452
0.00808371
0.0029571
0.00520433
0.00754674
0.0066966
0.00315537
0.00381682
0.00814447
0.00476497
0.00653092
0.00743221
0.00524783
0.00544036
0.00314489
0.00997554
0.0145124
0.0176106
0.00421625
0.00319111
0.0172013
0.00425306
0.00499112
0.00261328
0.00729795
0.00663532
0.0129988
0.0179492
0.0122883
0.00814749
0.0090203
0.0130537
0.00409359
0.00463364
0.0056503
0.00698758
0.0137301
0.0162942
0.00989598
0.00298818
0.00616228
0.00279587
0.0133557
0.00562527
0.0045055
0.00573029
0.0136225
0.00453844
0.00684989
0.00507132
0.00764991
0.994125
0.0084037
0.0048883
0.00776617
0.00597746
0.00346947
0.0045176
0.00603355
0.0248572
0.00789734
0.013477
0.013325
0.0103881
0.0113523
0.00626333
0.00995507
0.00406923
1.09481
0.00235192
0.00386092
0.0110471
0.00918535
0.00610142
0.0108672
0.0106386
0.00245861
0.00439485
0.00389364
0.00202628
0.00385989
0.0135625
0.00858089
0.0069631
0.00567583
0.00965393
0.00281625
0.0197977
0.00624792
0.00397641
0.0217965
0.0123419
0.00877377
0.773417
0.0136816
0.00423218
0.00733942
0.00202382
0.00800897
0.00745265
0.820715
0.00501273
0.0044662
0.00448941
0.00559956
0.0105535
0.0107858
0.0095392
0.0170397
0.00416423
0.00826282
0.00605576
0.00744368
0.00278315
2.81788
0.00870614
0.00760693
0.00894538
0.0142594
0.00197851
0.00832877
0.00429827
0.0042744
0.00290446
0.00430925
0.00696509
0.00558624
0.00722825
0.00925179
0.0124705
0.0037224
0.00690355
0.0108092
0.0104495
0.0044367
0.00406798
0.00623204
0.00562301
0.00528137
0.00427253
1.12642
0.00903723
0.00856531
0.0109615
0.0073055
0.00346134
0.0162211
0.00854595
0.00548908
0.01652
0.021739
0.00116599
0.00710293
0.00588073
0.0165434
0.0160032
0.0061374
0.0151309
0.00845716
0.0078769
0.00822977
0.00927381
0.0101214
0.00641158
0.0088143
0.0246026
0.0314554
0.00701353
0.00607352
0.0148267
0.0025745
0.00361601
0.00620625
0.00361176
0.00974947
0.00737745
0.00583122
0.0030244
0.00852867
0.00258439
0.0148822
0.005954
0.00773965
0.00163608
0.00730319
0.0123463
0.0171819
0.0145289
0.00575415
0.006055
0.00486457
0.0120878
0.00319279
0.00729068
0.0143385
0.00452442
0.00726162
0.00548751
0.00667255
0.00336525
0.00937548
0.0135927
0.013367
0.0056665
0.00946983
0.00889237
0.00346135
0.00345141
0.00597957
0.00962401
0.00761916
0.00674231
0.002123
0.0049809
0.00748249
0.0125653
0.0169484
0.0106625
0.00343189
0.00314773
0.0100334
0.0055136
0.0158391
0.00138501
0.00566133
0.00947021
0.0107446
0.00468472
0.0099783
0.00940735
0.0133463
0.020551
0.00434938
0.00581167
3.88708
0.00212977
0.0131273
0.0051051
0.0113442
0.0129965
0.00564087
0.0072357
0.0108179
0.00338944
0.00900867
0.00739916
0.67982
1.07091
0.00378181
0.0107255
0.00534683
0.00416042
0.0121426
0.00347102
0.00416793
0.00879042
0.00654935
0.0111002
0.00625109
0.00191669
0.00499135
0.00243846
0.00496231
0.0110638
0.00104059
0.00905202
0.00288624
0.00806811
0.0133946
0.00743559
0.00337971
0.0261916
0.00461417
0.00559491
0.00354764
0.00356821
0.00365138
0.00434
0.00743865
0.00442702
0.00571178
0.00678526
0.002127
0.00698686
0.0107639
0.01029
0.00151222
0.0241355
0.0094251
0.0081911
0.0178119
0.00397787
0.00208051
0.0155534
0.00660743
0.00281387
0.00998282
0.00475627
0.0070982
0.00966033
0.00423641
0.00398579
0.00217003
0.00696827
0.0122901
0.00650875
0.0170736
0.00428965
0.00695308
0.00961643
0.00571048
0.00251771
0.0163199
0.00644661
0.0124242
0.00320428
0.00623791
0.00594261
0.00503885
0.00267588
0.00185889
0.011632
0.898067
0.00768716
0.0206593
0.0063456
0.011862
1.67818
0.0056129
0.00913862
0.00396912
0.00939569
0.00781201
0.0120938
0.00306841
0.0095688
0.00898792
0.00604997
0.0113467
0.0119341
0.00523083
0.00823496
0.928106
0.00644981
1.23846
0.00876831
0.00764816
0.00954458
0.012138
0.00627906
0.00796179
0.00926598
0.00877625
0.0111287
0.00249507
0.00865716
0.0045918
0.00855885
0.0141291
0.00268084
0.00454659
0.0175284
0.00613908
0.00760552
0.00600448
0.00225673
0.00473032
0.0129617
0.00717077
0.00890514
0.0105767
0.00721389
0.00206887
0.0113516
0.00802967
0.00459808
0.00512899
0.00746161
0.00843511
1.19401
0.00606554
0.86427
0.0126781
0.000972898
0.00980744
0.00770597
0.00823584
0.00838967
0.012118
0.0035048
0.00310215
0.00214883
0.00595098
0.00529416
0.00448772
0.0100831
0.00785274
0.00279034
0.00396721
0.0111137
0.00262291
0.00468121
0.00552312
0.0110431
0.00544098
0.00333734
0.0103613
0.00837515
0.00656432
0.0197864
0.0102423
0.00769162
0.0175909
0.0160122
0.0150967
0.0048331
0.0120598
0.00496534
0.00339878
0.004485
0.00394263
0.0122207
0.0128602
0.0100471
0.0133501
0.00615927
0.00109019
0.0137535
0.0149415
0.0159818
0.00267381
0.00889826
0.00176704
0.00362578
0.00900196
0.0151993
0.00597212
0.00305325
0.00643944
0.0110397
0.00481641
0.0121322
0.00435493
0.0157403
0.0207431
0.00875728
0.0039139
0.00264034
0.0313689
0.00653021
0.00703299
0.0224927
0.00517832
0.0214947
0.00847824
0.0120296
0.0132072
0.0015712
0.00429668
0.011417
0.0134186
0.00534407
0.0161958
0.0163305
0.00594198
0.00841582
0.00298745
0.016056
0.00381875
0.00141839
0.0107275
0.00176415
0.00746003
0.00380759
0.00730618
0.00974527
0.00557837
0.00709621
0.00890221
0.00627279
0.00648894
0.00692356
0.00225687
0.00221033
0.00284105
0.0039594
0.00756297
0.0101395
0.0106896
0.0169626
0.927568
0.00655589
0.00898573
0.00949614
0.00686834
0.00598616
0.0102914
0.00370313
0.0105205
0.0113167
0.00502809
0.00877092
1.16701
0.00628089
0.0139383
0.00342544
0.00945424
0.0123625
0.00697676
0.0051503
0.00756091
0.00125859
0.0149387
0.859627
2.39308
0.00697741
0.00875506
0.00227869
0.00533649
1.10969
0.0135921
0.0114834
0.0093698
0.00503323
0.00448894
0.00814667
0.00603535
0.00855797
0.00416075
0.0149683
0.00513193
0.0112232
0.0217969
0.0120922
0.0108913
0.0136739
0.00269262
0.00328989
0.00293198
0.00594592
0.00649462
1.38039
0.00699472
1.2632
0.00893481
0.00566925
0.445824
0.0122375
0.00886138
0.00476066
0.00645372
0.0104224
0.00392049
0.0074459
0.011282
0.0105957
0.00272931
0.00529464
0.00292079
0.0114622
0.00623436
0.00569899
0.00566404
0.013239
0.888079
0.016104
0.0369871
0.0101156
1.2057
0.010814
0.00655751
0.929378
0.987021
0.0165537
0.00816684
0.937072
0.00441965
0.0172783
0.525958
2.85963
0.00417564
0.0115678
0.0020015
0.0153503
0.00260069
0.00537519
0.00837127
0.00512672
0.0085027
0.00329557
0.000963815
0.00789521
0.00841772
0.00170815
0.0167543
0.00565969
0.00739476
0.00145153
0.0067143
0.00668485
1.37074
1.01143
0.0204333
0.00471504
0.00500871
0.00926302
1.59914
0.787779
0.00752568
0.010123
0.00478839
0.0179869
0.00664587
1.13418
0.00454577
0.0092059
0.00559154
0.00769445
0.0081486
0.00491832
0.00502478
0.862225
0.00431895
0.00525168
0.031657
0.0153421
0.00838078
0.00537546
1.2624
0.00658913
0.0094305
0.00304425
0.00400667
0.00727413
0.00604581
0.00431654
0.0124321
0.00824141
0.00878996
0.00789862
0.00768326
0.00410871
0.011533
0.00662519
0.00845422
0.0070812
0.00549958
0.630922
0.00506734
0.00747593
0.00241948
0.0101586
0.00268049
0.00351603
0.0122002
0.00953013
0.00776986
0.00580293
0.0123458
0.00352917
0.00391222
0.00514003
0.00607522
0.513791
0.00482243
0.00818963
0.00908149
0.0146596
0.0086472
0.00787074
0.00909135
0.00568326
0.00722107
0.0107851
0.00746543
1.8079
0.00830793
0.880447
0.00917557
0.000789217
0.0152164
0.00531392
0.0111807
1.64825
0.00895731
0.00281923
0.00287321
0.0104595
0.0048539
0.00441755
0.0187133
0.0153275
1.15673
0.00159501
0.00991984
0.00259465
0.00310164
0.00439974
0.00346389
0.0101545
0.0116146
0.00408133
0.0037024
0.00650035
0.0128419
0.00548304
0.00774385
0.0119968
0.00467166
0.00301948
0.00528898
0.0144522
0.00651211
0.824502
0.00750006
0.0159373
0.00890486
0.00355056
0.0088365
0.0102172
0.00429756
0.00594977
0.00312856
0.0024658
0.77585
0.0148388
0.0158385
0.00670906
0.0363953
0.00471558
0.00387262
0.0134352
0.0158016
0.011348
0.0100845
0.0114255
0.0064631
0.00757761
0.0135768
0.00163132
0.011866
0.0226556
0.0044776
0.00169753
0.0055724
0.0023744
0.00385976
0.00708305
0.00217467
0.00634191
0.0158448
0.00913915
0.00042311
0.00486075
0.0108004
0.010652
0.00353201
0.0121283
0.00914102
0.00279189
0.0087326
0.00216744
0.0102669
0.00417191
0.0159362
0.00144457
0.00347827
0.00361584
0.0018162
0.00426895
0.0131181
0.00184982
0.00408892
0.00574428
0.00685307
0.00540394
0.00323548
0.0152739
0.0115843
0.00517685
0.00858933
0.00909043
0.00596774
0.00270661
0.0095616
0.00759102
0.00635109
0.00301478
0.0023837
0.0123797
0.00864053
2.84428
0.00828741
0.000972072
0.0237751
0.00435148
0.0151602
0.00924097
0.0236004
0.0122679
0.00451854
0.00751662
0.0120048
0.0119978
0.403483
0.938369
0.0105542
0.0156776
0.0125234
0.370488
0.00318883
0.00671258
0.0082683
0.00251306
0.00509372
0.00250136
0.0117307
0.0055202
0.00426654
0.00259521
0.00427589
0.032165
0.00904047
0.0104338
0.00287479
0.0114951
0.00191749
0.00139913
0.0071879
0.0157736
0.0129933
1.21316
0.00271537
0.00535475
0.00155396
0.00661651
0.00728018
0.00397104
0.00983526
0.00612646
0.00784772
1.81357
0.00390628
0.00908206
0.00238063
1.09029
0.013179
0.0162408
0.00597369
0.00560306
0.00632047
0.00255229
0.0179212
0.008743
0.00259859
0.00319583
0.00563613
0.00453323
0.00685697
0.00310571
0.0106605
0.0119384
0.00620445
0.00705042
0.00458989
0.00409859
0.00435977
0.00833582
0.00821935
0.00880483
0.00440293
0.00249554
0.00620551
0.00598671
0.0121429
0.00979933
0.0084798
0.00752373
0.0106483
0.0058825
0.00263075
0.00426453
0.00574627
0.00708814
0.00863336
0.00940406
0.0075118
0.00836928
0.0123619
0.00727634
0.010615
0.00111009
0.00494156
0.00798127
0.00375707
0.00306537
0.0111072
0.00956969
0.00783747
0.00494012
0.00567415
0.00691091
0.00278892
0.0250827
0.00878371
0.00499916
0.00980346
0.00684561
0.00206063
0.00570722
0.00848704
0.0103741
0.00162656
0.00543831
0.0105328
0.0120157
0.00443797
0.013149
0.00447564
0.00394437
0.00290531
0.000869017
0.00436715
0.00486832
0.00274439
0.0122207
0.0062365
0.0153894
0.00548096
0.00968789
0.0158334
0.00886318
0.00183835
1.12328
0.00257723
0.00928056
0.00250522
0.00235708
0.00911699
0.000515766
0.00649177
0.0100124
0.00675327
0.00876141
0.00723457
0.00904483
0.00745239
0.00223949
0.00754749
0.0167057
0.019859
0.00783575
0.00636833
0.0281621
0.0147914
0.00585967
0.0137937
0.00613823
0.00564735
0.00286121
0.0121507
0.0141514
0.00629497
0.00354729
0.00634423
0.0228633
0.0117289
0.00835793
0.0098516
0.00844706
0.0131232
0.0169616
0.00569804
0.00479981
0.0226786
0.00820927
0.00934387
0.017798
0.00204952
0.00294213
0.0308659
0.0079922
0.0133176
0.00500827
0.00879115
0.00518052
0.00563097
0.00537338
0.0103047
0.00781047
0.00623321
0.0110822
0.0123978
0.00260509
0.00901672
0.0125001
0.0165184
0.0208121
0.00674094
0.00759288
0.00631557
0.00335359
0.00314155
0.00718657
0.00899626
0.0101266
0.0111152
0.0108189
0.671009
0.0045972
3.056
0.0247777
0.0142172
0.00926475
0.00585305
0.0172294
0.00226723
0.00962607
0.0084417
0.00291178
0.00449405
0.00928712
0.00589626
0.00517211
0.00665559
0.0126671
0.0110214
0.00762642
0.00651699
0.0147142
0.0111684
0.00164541
0.0051459
0.00349519
0.00476386
0.0104508
0.016311
0.00330485
0.00173283
0.00628847
0.00382563
0.00985679
0.00896148
0.00344218
0.00578871
0.00815468
0.00227043
0.00298653
0.00426629
0.00434385
0.00363669
0.00499143
0.00141833
0.00148043
0.00649858
0.00225796
0.00184004
0.00860476
0.00243527
0.00498023
0.00244107
0.0108078
0.00696447
0.00650166
0.00565886
0.00522021
0.00645563
0.00471939
0.0112834
0.860512
0.00480119
0.0151344
0.00143693
0.0086199
0.00822909
1.61891
0.00914541
0.0125138
0.00455045
0.598081
0.0120262
0.00379988
0.00242352
0.00485692
0.00363609
0.00430497
0.00231641
0.00134959
0.00548847
0.00828705
0.00268308
0.00598301
0.00268469
0.00463097
0.0145677
1.6453
0.00989237
0.00771676
0.00969718
2.66448
0.00850912
0.015321
0.00870148
0.00844514
0.0071421
0.0104033
0.00435931
0.00818237
0.0119497
0.010034
0.0116009
0.00839521
0.00378721
0.00328129
0.00493052
0.00956984
0.903958
0.0084225
0.0125788
0.0106712
0.00827278
1.05686
0.00719534
0.00231647
1.09377
0.0071566
0.0107992
0.0129147
0.00394414
0.0033612
0.00512884
0.0125013
0.00784824
0.00263055
0.0101744
0.0179448
0.00779522
0.00340798
0.00527822
0.0162356
0.00807152
0.0108429
0.00924302
0.00703369
0.00599288
0.0116491
0.01066
0.00806381
0.00485709
0.00716779
0.599023
0.013677
0.00724267
0.00443035
1.0345
0.0109157
0.00254774
0.00944553
0.00380891
0.00577024
0.00313044
0.00895216
0.0081328
0.00440185
0.00851531
0.00407369
1.37448
0.00974565
0.00521838
0.00447033
0.00290944
0.0145802
0.00954056
0.0143245
0.0046517
0.00286179
0.00518035
0.0041402
0.0113601
0.00399186
0.0062851
0.0104894
0.0150703
0.608869
0.0077924
0.00951092
0.00348587
0.00974257
0.0166667
0.00998094
0.0122049
0.00928256
0.766608
0.00846523
0.00626742
0.00597028
0.0103262
0.00555437
0.0106842
0.0069904
0.0059134
0.0100599
0.011257
0.00984551
0.00251067
0.00135243
0.00894153
0.00862692
0.0141547
0.00744986
0.0126886
0.00897559
0.00897688
0.0016003
0.00468739
0.00625765
0.0118127
0.00240931
0.011212
0.0125454
0.00338717
0.0121505
0.00476687
0.00445469
0.00896674
0.00378496
0.0161486
0.00839379
0.968078
0.0110046
0.00525321
0.00869974
0.00749096
0.00741094
0.00322963
0.00920476
0.0024035
0.0337295
0.00556622
0.635996
0.414097
0.00673202
0.0118872
0.00500085
0.0106576
0.00408903
0.0143623
0.0106281
0.00576108
0.00426027
0.0105435
0.00938438
0.00282945
0.0104825
0.00407941
0.0051492
0.0117251
0.00548236
0.0121886
0.00506876
0.00935392
0.0148009
0.0130891
0.00320111
0.00840743
0.00583661
0.456334
0.00879578
0.00960045
0.0165393
0.0289434
0.00565102
0.00394392
0.0102372
0.00662284
0.00222407
0.00815789
0.00334852
0.630601
0.00958275
0.00492888
0.00744745
0.00318571
0.0123192
0.0085298
0.00215739
0.00349445
0.00656425
0.0138334
0.0044601
0.0064363
0.00469294
0.0118892
0.0130697
0.0185662
0.0036449
0.00338414
1.38454
0.00305348
0.0179573
0.0129515
0.00361564
0.00706653
0.00351672
0.012534
0.0028461
0.0166555
0.00691341
0.0120299
0.00564391
0.00412211
0.00594727
0.0197363
0.00380475
0.0143524
0.00364302
0.00474393
0.00380714
0.0154937
0.00520687
0.0273598
0.002425
0.00445112
0.00652129
0.012589
0.0110921
0.00668513
1.48763
0.00486226
0.00992399
0.00948745
0.00500863
0.0048898
0.00312546
0.00935109
0.0128833
0.00938851
0.851018
0.0134082
0.00480664
0.00328484
1.00714
0.0057691
0.00636975
0.00332581
0.00485366
0.00480482
0.00301883
0.021192
0.0132968
0.00678161
0.57647
0.00643547
0.816981
0.00534492
0.00324597
1.13536
0.00712012
0.00264109
0.00857904
0.00916885
0.00725238
5.28803
0.00957162
0.00449864
0.00196412
0.00844501
0.0112635
0.000602188
0.00205022
1.04352
0.00619355
0.0147784
0.00631007
0.744911
0.00746414
0.00906246
0.0272587
0.0154579
0.014346
0.00254975
0.00994844
0.00901239
0.00171404
0.0176359
0.00626837
0.0138318
0.84451
0.00879455
0.81157
0.0110495
0.00573629
0.00375356
0.00498353
0.0117509
0.0119641
0.00814603
0.00540386
0.00468558
0.00667824
0.625519
0.113071
0.0065924
0.00242828
0.00349198
0.700569
0.00550502
0.00388645
0.0057279
1.02279
0.00626556
0.00530021
0.0105813
0.0120718
0.00713471
0.0068131
0.00240866
0.0060648
0.00976681
0.00327593
0.00714487
0.0157935
0.00990451
0.776159
0.00508878
0.00399646
0.0143803
0.001562
0.00114056
0.00969063
0.00760207
0.00744691
0.00619954
0.00278124
0.00976929
0.00757126
0.00584589
0.00454735
0.00511723
0.00759612
0.00528022
0.00423409
0.00439188
0.00673103
0.0105015
0.00498699
0.00523228
0.71239
0.0106201
0.0201456
0.00574285
0.00612519
0.73872
1.09965
1.08412
0.869429
0.00298073
0.00409838
0.00989942
0.00960901
0.00748561
0.00133939
0.00354854
0.00608006
0.00555464
0.00457108
0.00802194
0.00711958
0.00502351
0.00410996
0.0100714
0.775522
0.00969416
0.0043499
0.00768189
0.0107831
0.00554001
0.0111904
0.00927613
0.0124919
0.0142453
0.00675689
0.00549315
0.00425329
0.00446343
0.00234554
0.00250818
0.00364853
0.00796851
0.00729825
0.00792694
0.971188
0.0146279
0.0104086
0.00610839
0.00573955
0.0152057
0.0201517
0.00291824
0.0104619
0.0106984
0.00434733
0.0352475
0.00529947
1.11605
1.26864
0.621868
0.0156596
0.00564247
0.0118495
0.0097063
0.00127451
0.00844005
0.00810151
0.0121783
0.00831099
0.00660987
0.00943925
0.00376129
0.00797044
0.0107778
0.0112778
0.749819
0.00458034
0.0114089
0.00958473
0.00759847
0.00847887
0.00355232
0.0106037
0.0082712
0.00318047
0.0125169
0.00245978
0.00296986
0.0038901
0.00176307
0.0105576
0.00305017
0.00401823
0.00697031
0.00539927
0.012998
0.0053896
0.00209575
0.0157595
0.00429242
0.0115651
0.0109729
0.00532706
0.00669714
0.00476491
0.00788119
0.00326955
0.0087493
0.00978309
0.00558564
0.00518873
0.00363775
0.0072836
0.00653348
0.00661917
0.00313822
0.00258399
0.00947781
0.00336053
0.00620143
0.00902233
0.00410874
0.00754418
0.00484583
0.0147316
0.0024471
0.0130423
0.00541073
0.00569788
0.011872
0.0128388
0.0100807
0.0119443
0.00751207
0.0175075
0.0114645
0.00930938
0.01066
0.638562
0.560599
0.00927286
0.0123093
0.00667485
0.00680075
0.0080065
0.0033642
0.00269334
0.00965618
0.0161192
0.00515303
0.0125812
0.00452192
0.00618205
0.00645086
0.0226831
0.0200905
0.00753592
0.00310458
0.0101151
0.00926333
0.00641145
0.00855654
0.0244308
0.00760724
0.0058345
0.0157767
0.016018
0.00819723
0.00494872
0.00431769
0.0173984
0.01347
0.00756199
0.0164026
0.0124912
0.0153215
0.00397853
0.0153858
0.00385763
0.00608225
0.00267614
0.00506003
0.00449903
0.00119316
0.00540489
0.00451797
0.0133688
0.00233943
0.00457682
0.00485561
0.00373511
0.00980557
0.00709167
0.00644073
0.00490293
0.00750789
0.00956646
0.00685826
0.0168963
0.00292809
0.0044697
0.010326
0.00440551
0.00768632
0.0122176
0.00968512
0.00356002
0.0107799
0.00710405
0.00389698
0.00828126
0.0076693
1.78549
0.0079993
0.00604803
0.0139532
0.00572655
0.0114584
0.00688278
0.00650232
0.0102039
0.0146768
0.007736
0.0148509
0.0053006
0.00220487
0.0031505
0.0111024
0.00772609
0.0124633
0.00451123
0.00769588
0.00493289
0.000911081
0.00579398
0.00604111
0.00529018
0.00518207
0.00590272
0.0203273
0.0166583
0.00559849
1.69946
0.00164748
0.01528
0.00370721
0.00509634
0.0104225
0.00614347
0.00646544
1.43023
0.0172647
2.47173
0.0215836
0.00231478
0.00205032
0.00986602
0.00777589
0.010451
0.00184379
0.00581463
0.0155899
0.0056115
0.00915211
0.00574272
1.72066
1.12483
0.0116123
0.0115634
0.00863551
0.00393632
0.00576327
0.00793092
0.00436715
0.00673611
0.0247912
0.0201094
0.0107445
0.0193613
0.00423581
0.00989155
0.0100296
0.00587749
0.00862298
0.00834709
0.00471064
0.00625224
0.00303034
0.00409842
0.00987824
0.00691805
0.00783974
0.00843517
0.00713006
0.00952567
0.0178502
0.00410299
0.00875437
0.692279
0.00884125
0.00946676
0.00775198
0.00685187
0.00279919
0.00514783
0.494614
0.00999548
0.00649531
0.00519838
0.00403855
0.00304336
0.00436178
0.0125566
0.0130279
0.82921
0.0143094
0.00788647
0.00526196
0.0016839
0.0109717
0.00862075
0.00541734
0.024308
0.010218
0.0204163
0.0141112
0.00855581
0.0140515
0.00320298
0.00172384
0.00911608
0.0113852
0.00500434
0.0131105
0.00883882
0.00391457
0.0118295
0.0101863
0.00938296
0.00494787
0.015289
0.00574714
0.0215767
0.00698063
0.0050762
0.734404
0.0168012
0.00375397
0.0110168
0.00543664
0.00357171
0.00272817
0.00305411
0.0109711
0.00622656
0.00467131
0.0183842
0.00361941
0.0138028
0.00347219
1.08515
0.00138348
0.747168
0.018252
0.0114515
0.0040336
0.00780201
0.00814468
0.011586
0.0218992
0.000978932
0.0018491
0.00640888
0.00590156
0.563566
0.00561853
0.00666605
0.00519715
0.00565141
0.00328061
0.0151373
0.00631598
0.00491933
0.010602
0.00869747
0.248397
0.00181954
0.0045967
0.00499752
0.00574288
0.00396178
0.00150757
0.00447707
0.00694993
0.00417048
0.0111151
0.00585465
0.00825339
0.00886607
0.0132826
0.00701171
0.00368695
0.0058057
0.00900681
0.0170855
0.00481118
0.0037075
0.00538487
0.00514319
0.655297
0.00723894
0.00390764
1.5173
0.00712611
0.0078627
0.00603978
0.00690768
0.00196252
0.0117857
0.00912453
0.0116008
0.56215
0.0133505
0.00793889
0.0118299
0.00574115
0.00694184
0.00495098
0.00430927
0.00516888
0.0026538
0.00857755
0.58626
0.00642979
2.80217
0.00700941
0.00787641
2.08568
0.00698322
0.00840804
0.0079683
0.0124447
0.0229093
0.01166
0.00850379
0.00704764
0.00465483
0.00299717
0.00585998
0.00976552
0.0131339
0.00595705
0.706488
0.00653314
0.00662924
0.00698601
0.0143287
0.00378754
0.000917564
0.00849141
0.00473645
0.00748526
0.0261749
0.0115541
0.00713935
0.00309178
0.00161314
0.0070955
0.00545227
0.0040082
0.00312776
0.00801386
0.00632763
0.00966261
0.00452236
0.00816613
0.00336517
0.0129821
0.0042447
0.00486776
0.00788057
0.00885931
0.0084572
0.00578653
0.0133762
0.0107317
0.0137725
0.018276
0.00796615
0.00387562
0.00567104
0.0073008
0.0346882
0.0111093
0.00608049
0.0271044
0.582799
0.00723757
0.00634951
0.0111986
0.426907
0.0024299
0.00425028
0.0116189
0.00317413
0.000881993
0.00534535
0.0136712
1.18872
0.012032
0.00625288
0.0159696
0.00326873
0.585028
0.007527
0.0104628
0.0084281
0.00739598
0.00699286
0.0151984
0.00941588
0.00415734
0.00815301
0.0026578
0.0229679
0.00597783
0.00913285
0.0108686
0.00871683
0.01101
0.00840713
0.00756661
0.00878993
0.0284467
0.00779156
0.00979853
0.00454794
0.00357266
0.0140524
0.00796302
0.00676849
0.00135891
0.00879476
0.00213775
0.00407185
0.00652748
0.01162
0.0146154
0.00338001
0.00732072
0.00994486
0.00975897
0.00263188
0.00440339
2.89279
0.00742391
0.00311533
0.00240314
0.0136471
0.0120929
0.00603654
0.0095648
0.00579549
0.0177706
0.00162075
3.26271
0.0100805
0.0116443
0.00979387
0.00544473
0.0096913
0.00698527
0.00883616
0.0269466
0.00576266
0.0113158
0.00478048
0.0045897
0.0143467
0.00603776
1.48462
0.0091666
0.00565065
0.010683
0.00853151
0.00618897
0.010716
0.0163534
0.00968124
0.00931802
0.0126723
0.00921617
0.0190176
0.0084606
0.00154036
0.00281929
0.00535401
0.00269585
0.00937132
0.00780147
0.00119125
0.0112206
0.00613279
0.0141315
0.00803798
0.00275294
0.010506
0.00271223
0.0069244
0.00262325
0.00952888
0.0110408
0.00997781
0.00286134
0.00728524
0.00240404
0.00437778
0.00222941
0.00923817
0.00592912
0.00584417
0.00552771
0.00693201
0.0179246
0.0085002
0.00539903
0.00491513
0.00851276
0.00941484
0.00913298
0.00473847
0.00557792
0.0031179
1.49253
0.0076365
0.00753794
0.0102677
0.00799637
0.00395776
0.0064688
0.00514266
0.00588145
0.00869244
0.0170628
0.0143426
0.00421275
0.00568311
2.63781
0.00437263
0.00729558
0.0135263
0.00763248
0.00326292
0.0050463
0.00366809
0.00535058
0.00456966
0.00576072
0.0122181
0.00419075
0.00620849
0.0132606
0.00530624
0.00281954
0.0104029
0.0035203
0.00920306
0.0115912
0.0109668
0.00370672
0.00421547
1.89269
0.00459366
1.33437
0.785343
0.0114192
0.00427064
0.367308
0.00469112
0.0058103
0.00541055
0.00620928
0.008777
0.346452
0.00968104
0.00306285
0.00640841
0.00947877
0.00511311
0.00532376
0.854459
1.05328
0.00774559
0.00770603
0.00616453
0.00301822
0.00299765
0.00773148
0.0074769
0.0171714
0.00272895
0.00310292
0.0095416
2.12761
0.0477099
0.0100979
0.00225267
0.00439902
0.711273
0.00407447
0.0103718
0.00984555
0.0121828
0.00855562
0.00831315
0.00804264
0.00157553
0.00597942
0.0110208
0.00895917
0.00935426
0.00923694
0.0091982
0.00691881
0.0140667
0.00427716
0.0047327
0.00470285
0.0113717
0.650681
0.793084
0.0094563
0.011699
0.00583325
0.942649
0.00402796
0.0026333
0.0112012
0.00247399
0.01345
0.00670109
0.00425022
0.00461318
0.00296019
0.00546813
0.0104663
0.0110502
0.00290193
0.00996111
0.0161092
0.00186139
0.00633896
0.00672396
0.00292872
0.0101742
0.00502533
0.00875265
0.00432638
0.00388113
0.00863524
0.0107764
0.00243913
0.00821118
0.00348577
0.0103343
0.00582953
0.00219056
0.00993551
0.00534501
0.00322402
0.0196593
0.0101657
0.00593191
0.00946754
0.00411322
0.00825788
0.00284301
0.00412802
0.520652
0.00411353
0.0179547
0.00201586
1.06798
0.00597243
0.00293685
0.00715323
0.0120209
2.32522
0.0075692
0.00960615
0.00522108
0.0161683
0.00462146
0.00393757
0.0193059
0.00335292
0.00616304
0.00310225
0.00713406
0.00395679
0.0126005
0.00271966
0.00285231
0.0162869
0.42804
0.0080966
0.0180093
0.00354853
0.00383819
0.00735692
0.0159935
0.0334637
0.00485892
0.00901436
0.00983761
0.00674077
0.0108827
0.00917613
0.00284498
0.00359201
0.00541233
0.00551677
0.0130989
0.00710227
0.00246851
0.0120129
0.00551448
0.00500328
0.0165457
0.00671287
0.0074184
0.00663963
0.0127662
0.0131939
0.00853189
0.00582925
0.017279
0.00307898
0.0196756
0.00946166
0.00734818
0.00310644
0.0114329
0.00458217
0.00915593
0.00489011
0.00616914
0.00765818
0.01487
0.00999753
0.00423871
0.0104106
0.00547569
0.00936795
0.0181023
0.0123428
0.00457902
0.00653847
0.00752471
0.0142659
0.00576123
0.00555201
0.00942001
0.0142168
0.00601373
0.00276666
0.00751164
0.00233082
0.00631918
0.0123392
0.00569562
0.0117936
0.0113876
0.00769878
0.00480434
0.00505588
0.00437297
1.07088
0.00661706
0.0143698
0.00892286
0.00718585
0.00678974
0.00586945
0.0047494
0.00512397
0.00159921
0.0152262
0.00207342
0.00453881
0.0165165
0.00461925
0.00820168
0.0069902
0.00360882
0.00517724
0.00419828
0.015207
0.0073891
0.0135492
0.00567385
0.0101363
0.00242988
0.00902758
0.0107979
0.0242869
0.00841843
0.0167151
0.00529844
0.00870122
0.00560228
0.0148143
0.016159
0.0104026
0.850477
0.594982
0.018299
0.00830088
0.00625778
0.00579823
0.00656918
0.00562306
0.00882421
0.00585986
0.0137927
0.00780474
0.00987556
0.00972652
0.00291786
0.000939105
0.0109826
0.0120936
0.00260403
0.00429614
0.006119
0.00662686
0.00622809
0.00748878
0.00704273
0.0194928
0.0061076
0.0119348
0.0121488
0.00664762
0.0119248
0.00753234
0.00392037
0.00549488
0.0100067
0.00315124
0.00810213
0.00461798
0.00569208
0.0121666
0.00966495
0.00756578
0.0127973
0.0112257
0.0136544
0.00894561
0.0125864
0.0121311
0.00866628
0.00397572
0.00261308
0.00488122
0.0118693
0.012459
0.0110286
0.0169624
0.00449632
0.00327534
0.00720069
0.0065085
0.00462843
0.00692544
0.00507636
0.00237172
0.00896163
0.00116165
0.00874741
0.00512619
0.00404591
0.00455017
0.00905371
0.00566588
0.00201036
0.00598565
0.00353402
0.00437701
0.00452868
0.0132978
0.00701513
0.00999868
0.00616887
0.00284005
0.00590755
0.00486847
0.0120441
0.0035951
0.00457128
0.00211367
0.00495687
0.0161372
0.00766502
0.00909317
0.00264614
0.00201724
1.16046
0.00726338
0.00281686
0.00239497
0.00790836
0.00161094
0.00517198
0.00486393
0.0162527
0.0267607
0.9369
0.0132013
0.00158329
0.00668797
0.0222919
0.00964585
0.00879617
0.00700258
0.0103362
1.98453
0.0115155
0.0126331
0.0151121
0.00340212
0.00509414
0.0170406
0.00613176
0.00829491
0.0104226
0.0151263
0.00524722
0.00894715
0.00639303
0.00584599
0.00309973
0.00678747
0.00523638
0.0151616
0.00733088
0.0122887
0.00648957
0.0113747
0.00884929
0.00354911
0.00304252
0.0184438
0.00172936
0.0138087
0.00264672
0.00665112
0.00290149
0.0107798
0.00658071
0.00507117
0.00486109
0.00946135
0.0120093
0.00301635
0.00951596
0.00395188
0.00763878
0.00465067
0.0123145
0.0113882
0.0314805
0.00771122
0.00755166
0.00289304
0.0125235
0.0113513
0.00912596
0.0199355
0.00700365
0.0059977
0.00532481
0.00888225
0.0102119
0.0145108
0.00417667
0.00441728
0.00718334
0.858608
0.00711261
0.00780704
0.00132996
0.0292528
0.0125217
0.0106976
0.00690986
0.00493186
1.1474
0.0061754
0.00483528
0.00787758
0.0118665
0.00715969
0.0098542
0.00879198
0.0126183
0.0066326
0.0081209
0.0146914
0.00451502
0.011307
0.0299593
0.741103
0.00958957
0.0104657
0.00409869
0.00396543
0.00172193
0.00745956
0.00970689
0.495217
0.00334488
0.0121501
1.37652
0.00174032
0.0069389
0.00556773
0.00991661
0.0130542
0.00575551
0.0115587
0.00200927
0.945889
0.00654817
0.00456511
0.00395395
0.012946
0.65156
0.00619689
0.01918
0.0122514
0.00817278
0.00738033
0.00371778
0.0158695
0.00757562
0.0139459
0.0149654
0.00603409
0.0104554
0.0170803
0.00362467
0.00668085
0.00938784
0.00308289
0.00819939
0.00368507
0.00110964
0.00463201
0.0116342
0.00214114
0.0146886
0.0052869
0.00657745
0.00523353
0.00655143
0.00604447
0.00258767
0.0180154
0.0138852
0.0145613
0.0124101
0.00436198
0.00315789
0.0162111
0.00549861
0.00808711
0.0106619
0.0137665
0.0121048
0.00472202
0.00667312
0.00196476
0.0133393
0.0182162
0.0120612
0.000921786
0.00112148
0.00300023
0.0077883
0.00780797
0.0277234
0.0020531
0.00792376
0.0073382
0.00726667
0.011858
0.00914554
0.00311052
0.00565539
0.0042216
0.0077517
0.0187329
0.0059754
0.00408121
0.0181085
0.00243406
0.00789006
0.00646943
2.8825
0.0176703
0.010348
0.00426014
0.00753216
0.00318475
0.00390038
0.00483393
0.00930459
0.00531713
0.00258776
0.00968513
0.0053042
0.00832011
0.00462077
0.00348232
0.00966626
0.00907313
0.00757383
0.0103078
0.00332633
0.0115473
0.00424923
0.00455884
0.0124137
0.00797227
0.00796469
0.0138436
0.00561979
0.00828577
0.00730691
0.00964461
1.77416
0.012931
0.00180792
0.00612023
0.0238025
0.00409345
0.00699116
0.00898613
0.00879857
0.0132099
0.00674573
0.00696164
0.00438788
0.0127481
0.00818731
0.00450105
0.00578795
0.00265062
0.00759619
0.00214895
0.00316184
0.0035931
0.885807
0.00142365
0.002584
0.00349871
0.0069043
0.00805772
0.0119356
0.013415
0.0087831
0.00740042
0.00431508
0.00193894
0.0110999
0.00994157
0.00275376
0.451942
0.011965
0.00770974
0.00942441
0.00274553
0.0154809
0.00474914
0.0212022
0.00648036
0.0144492
0.00424628
0.00489292
0.0295565
0.0191952
0.00983625
0.00460202
0.00315174
0.0171948
0.0170486
0.0101391
0.0285801
0.00774618
0.00475578
3.03729
0.0046882
0.00964365
0.00286508
0.0210912
0.00964347
0.00447177
0.0044846
0.0128095
0.00739134
0.00538485
1.13408
0.00509222
0.00370615
0.00997773
0.00257026
0.0133241
0.0248432
0.0118562
0.00558553
0.00855157
0.00848491
0.0214488
0.00137889
0.00517905
0.00766579
0.0054813
0.00547648
0.00286682
0.0163479
0.0039248
0.00956468
0.0173964
0.0134374
0.0069971
0.0121051
0.00448145
0.00878518
0.0151132
0.00689159
0.00484399
0.00210481
0.00652176
0.00435924
0.00768612
0.00624133
0.0137308
0.00817172
0.00330871
0.00559963
0.00698249
0.0155766
0.0123506
0.00942344
0.00661335
0.0196234
0.00125779
0.0222731
0.00285063
0.0109986
0.00233103
0.00285083
0.00611898
0.0040292
0.0097827
0.00387709
0.00742474
3.01652
0.00381654
0.0116789
0.0147573
0.00816342
0.00852295
0.0224822
0.0127749
0.00650673
0.00635589
0.00567764
0.00171754
0.00677833
0.00962584
0.00560099
0.0089277
0.00501068
0.00783193
0.0145776
0.00808974
0.00820125
0.00654771
0.0110306
0.00856002
0.0110247
0.0151216
0.00191387
0.0116058
0.0113231
0.00419535
0.0136107
0.0238496
0.0158891
0.00293911
0.00836835
0.00486122
0.020148
0.00412935
0.0103265
0.00463362
0.00315073
0.00527446
1.28211
0.00366012
0.0104831
0.00924958
3.70407
0.00331436
0.0239139
0.00384368
0.00500822
0.00870659
1.03395
0.00158041
0.0102671
0.00906422
0.00619155
0.010924
0.0137793
3.51268
0.00442422
0.00869408
0.00773706
0.00468211
0.0115702
0.00414151
0.00863289
0.00446319
0.597077
0.0105308
0.00271831
0.00625288
0.00599349
0.00791152
0.0100263
0.00531909
0.00785778
0.00319741
0.00892971
0.00590651
0.00635242
0.00994786
0.621372
0.00221421
0.537944
0.00349329
1.86456
0.00518266
2.40454
0.011945
0.00189732
0.0128443
0.00732808
0.014268
0.0126373
0.00484358
1.43262
0.0122865
0.687619
0.915108
0.00547387
0.0108081
0.840941
0.00981331
0.0233911
0.012731
0.010136
0.00908683
0.00407449
0.00663874
0.0122535
0.00690039
0.00125435
0.00958757
0.00634092
0.0142229
0.00173735
0.0158011
0.00488617
0.00208586
0.00273147
0.00532816
0.00465453
0.00839587
0.00394197
0.774948
3.57221
0.00552005
0.00192007
0.0165426
0.00913197
2.29634
0.0035075
0.00796459
0.0139201
0.516137
0.00570483
0.00946317
0.00511632
0.00549721
0.508319
0.00491028
0.00456878
0.00337413
0.000903009
0.00438815
0.00329398
0.00984403
0.00500141
0.0159141
0.00976244
0.00422883
0.00776747
0.00360877
0.00924699
0.010079
0.00100123
0.792089
0.00618526
0.9838
0.00438756
0.00293291
0.00399433
0.00519497
0.868494
0.0090834
0.01206
0.00729325
0.00436549
0.0149911
0.00470798
0.0034072
0.00560652
0.00571073
0.00631765
0.00445622
0.00318789
0.0021406
0.00621344
0.0126445
0.00875712
0.00502772
0.00503409
0.0130254
0.660428
0.007086
0.541586
0.00773962
0.0105152
1.22953
0.812659
0.0119428
0.00490284
0.00541346
0.0055485
0.00463144
0.0091908
0.0169718
0.00740453
0.92756
1.11225
0.00165272
0.00351709
0.0112952
0.477873
0.00387157
0.00514317
0.0111219
0.0117986
0.0020421
1.05949
0.00805553
0.00620495
0.658262
0.012202
0.0094836
0.0037724
0.00346163
0.0088178
0.00463022
0.0051507
0.0102653
0.00802549
0.00594729
1.06416
0.00407957
0.00498848
0.0022264
0.0193333
0.0115217
0.00660552
0.00295893
0.00971555
0.00788023
0.0372627
0.00942911
0.00811308
0.00529237
0.00777461
0.00691546
0.0132887
0.0116288
0.00443083
0.0127596
0.00638535
0.0115629
0.00449555
0.00639876
0.0106531
0.0125038
0.0085934
0.00780198
0.00506804
0.00226438
0.00674873
0.00232842
0.00767476
0.010083
0.00580738
0.0185247
0.00255888
0.00631038
0.00934873
0.0105154
0.00929337
0.0142967
0.00420757
0.00676417
0.0139122
0.00335365
0.0109745
0.00489333
0.0103513
0.0135587
0.0034761
0.00433675
0.0100715
0.0060376
0.00537844
0.00184198
0.00269091
0.00792965
0.00637987
0.00434118
0.00567678
0.0110819
0.00428495
0.00969326
0.00631314
0.00717488
0.0083671
0.00268807
0.00753669
0.00845396
0.00754489
0.00336808
0.0145803
0.00364332
0.00335828
0.00175493
0.00249386
0.00657134
0.00275665
0.00681814
0.00662792
0.0338069
0.00783197
0.00565696
0.00521665
0.00888513
0.00207446
0.00468467
0.00382008
0.00384101
0.0145289
0.00176444
0.0103133
0.0129461
0.00488809
0.0107074
0.00392454
0.012991
0.001325
0.0118574
0.00625179
0.0139087
0.00507788
0.0103538
0.0125331
0.00174194
0.0095069
0.010811
0.891452
0.0219809
0.00654286
0.0019347
0.00876618
0.016842
0.0217772
0.00301171
0.000907014
0.0135442
0.00598638
0.00357264
1.18803
0.0145038
1.18939
0.00789336
0.0172327
0.0193649
0.00333745
0.0102284
0.00998383
0.0053339
0.00886836
0.0166452
0.0130226
0.00843713
0.664173
0.0066513
0.00656514
0.00956573
0.00627891
0.0103424
0.0105276
0.00985066
0.00908526
0.931446
0.00173934
0.0114458
0.00201307
0.0113828
0.014494
0.00860853
0.0163973
0.00352953
0.0120281
0.00281895
0.00571706
0.00191385
0.00240872
0.0037723
0.00932663
0.00454782
0.00532049
0.00763183
0.0112721
0.00663453
0.0141733
0.00869755
0.00825796
0.00719531
0.00475564
0.00737512
0.0152955
0.00809281
0.0136303
0.0107335
0.00520325
0.010589
0.00850715
0.00339793
0.00400884
1.36327
0.00724912
0.00597689
0.00504162
0.0062857
0.0131135
0.00894451
0.00532149
0.0155404
0.00707533
0.00468107
0.853674
0.00672466
0.0185361
0.00361292
0.00936133
1.23392
0.00451703
0.0105129
0.00318385
0.0101349
0.00300122
0.00622177
0.00559621
0.00369095
0.0029369
0.00291698
2.10898
0.00926086
0.00550669
0.0116611
0.0109897
0.0160049
0.011163
0.0136092
0.00647989
2.3706
0.038929
0.0048957
0.00567986
0.00418563
0.872865
0.00910567
0.0062769
0.00600875
0.00880829
0.0130312
0.00423358
0.00486387
0.00737777
0.0109123
0.0115187
0.0042001
0.00724403
0.00337318
0.0202732
0.00400642
0.00468005
0.0249096
0.00868267
0.0149782
0.00545882
0.00260785
0.00894208
0.00606004
0.00646037
0.0198807
0.00945971
0.00787179
0.0090233
0.00788482
0.00747645
0.00257586
0.00629863
0.00540309
0.0108509
0.00609639
1.18581
0.00868164
0.004617
0.0050371
0.00772901
0.0123783
0.00264108
0.00460966
0.00237996
0.0123147
0.0101792
0.00832753
0.00654797
0.00936586
0.00757667
0.0086445
0.0127411
0.00236251
0.00486511
0.0144131
0.00232554
0.0100375
0.00253557
0.00285364
0.00859402
0.00628587
0.00292234
0.00532844
0.0149425
0.00783188
0.0284837
0.00559777
0.00501122
0.00768965
0.0100231
0.00149534
0.0088309
2.05988
0.00411867
0.00784908
0.0141193
4.24996
0.00777788
0.0086174
0.00848409
0.00300319
0.00367658
0.0039863
0.0071383
0.00947277
0.00428875
0.00741498
0.0101947
0.00662761
0.0105166
0.00189812
0.00360087
0.00951439
0.0065516
1.44519
0.0031165
0.00259785
0.0100106
0.00476512
0.00445563
0.00454754
0.0118632
0.00158586
0.0158794
0.00662661
0.909657
0.00444855
0.00972863
0.00916825
0.00712046
0.013971
0.00601342
0.00462938
0.00259538
0.0058988
0.0116568
0.00893303
0.00380053
0.0105952
0.00622753
0.0081412
0.0221404
0.0135817
0.00233448
0.799078
0.00726732
0.0127061
0.943719
0.00252261
0.00690501
0.00516261
0.0106518
0.00553609
0.00479317
0.00506011
0.00333326
0.00414792
1.72629
0.00625971
0.035503
0.00688205
0.00349063
0.00289865
0.00328577
1.27816
0.00407072
0.00949141
0.0100286
0.00965485
0.0100898
0.0118775
0.0138912
0.0185749
1.62383
0.0194639
0.00344662
0.00891132
0.0119479
0.00768547
0.00288768
0.0251893
0.0192605
0.00400623
0.0147483
0.00630628
0.00273331
0.00932637
0.0185665
0.00546166
0.727531
0.00988689
0.00323494
0.0076474
0.00196761
0.00623781
0.00750295
0.00896317
0.00812165
0.00800263
0.00283669
1.16994
0.00926285
0.00494141
0.00255612
0.0030885
0.00411632
0.0163969
0.00651801
0.00843159
0.0131703
0.0120988
0.00243454
0.00591499
0.00917331
0.0194888
0.00533456
0.00581226
0.00691335
0.0135301
0.00569236
0.00493528
0.00145242
0.00693649
0.011079
0.0111623
0.00304559
0.0095825
0.00552723
0.00750388
0.00222769
0.00780822
0.00116549
0.00647807
0.00865146
0.00437184
0.00109673
0.00708005
0.00372278
0.0102684
0.00781922
0.00958135
0.701052
0.037218
0.0115977
0.019359
0.0121725
0.00417016
0.000965242
0.00754981
0.00585436
0.00633782
0.0143617
1.05187
0.00409016
0.00546602
0.011973
0.00643562
0.0120864
1.27194
0.663899
0.00777712
0.00363066
0.00303297
0.00990657
0.463367
0.976671
0.00693908
0.00642073
0.00761909
0.00511836
0.00715752
0.0088754
0.00633237
0.0254975
0.00143169
0.00231324
0.00616723
0.0108408
0.00665482
0.00236112
0.00993434
0.00760204
0.00458896
0.00945431
0.764394
0.00654623
0.00953079
0.015036
0.00747449
0.0153483
0.00913649
0.00428004
0.0249327
0.00963041
0.00217202
0.00459197
0.00676867
0.0126358
0.00878007
0.010304
0.00390698
0.0158774
0.0111747
0.00731137
0.00359444
0.00344455
0.00201569
0.0235514
0.00455921
0.00393919
0.00624863
0.00790184
0.00735055
0.0106798
0.0071415
0.0070901
0.00368578
0.0052181
0.0295606
0.00821233
0.00377007
0.00343166
0.00726796
0.012044
0.0116474
0.0126458
0.00501516
0.919869
0.0059683
0.00801485
0.00767954
0.0191231
0.00443137
0.00436385
0.00435585
0.00842204
0.00353156
0.00483342
0.00751051
0.00468498
1.18439
0.00843173
0.0206491
0.0121582
0.00283981
0.005418
0.00340264
0.00560803
0.00276924
0.00242067
0.00486687
0.0108479
0.00661571
0.00508238
0.000974405
0.00726966
0.0058624
0.00464108
0.00141616
0.00916753
0.00566619
0.00624448
0.0080836
0.0112763
0.0107312
0.00467075
0.0045756
0.0548311
0.00697708
0.00364379
0.00165298
0.00560144
0.00847926
0.00599634
0.00635286
0.00970991
0.00723917
0.0049561
0.0033825
0.0223265
0.00870992
0.00328028
1.29243
0.0022891
0.00885894
0.00239408
0.0131502
0.0107012
0.00729352
0.00355045
1.25511
0.00130676
0.0218719
0.00731547
0.00470504
0.00741913
0.00920334
0.0147379
0.00294484
0.00912115
0.0033526
0.00244579
0.00673745
0.00453385
0.00980095
0.00786207
0.00983129
0.00630804
0.00254152
0.00532624
0.00320016
0.00502388
0.0190406
0.00699045
0.00525321
0.00481153
0.0126227
0.00272048
0.0036839
0.00209033
0.0127008
0.00445776
0.00718694
0.0116165
0.00642168
0.002069
0.00603594
0.00656849
0.00593196
0.0049535
0.00264384
0.00976742
0.00679656
0.00257528
0.00404521
0.00189091
0.00351444
0.0028038
0.0105549
0.00791563
1.13166
0.00250108
0.611003
1.52625
0.0120331
0.0200213
0.00289417
0.013564
0.00819469
0.0103621
0.0158455
0.00217273
0.00281608
0.551506
0.0198643
0.00189939
0.00281007
0.0111776
0.00765331
1.12171
0.00563712
0.0029655
0.00616515
0.00848781
0.00287685
0.00571396
0.00579932
0.0123404
0.00808042
0.0100582
0.00433019
0.00972975
0.00431095
0.00333413
0.00699865
0.00286357
0.00541539
0.0119971
1.49648
0.0160756
0.922379
0.366659
0.00501223
0.0103184
0.00538467
0.0221006
0.00601608
0.0158144
0.0063325
0.0101797
0.00912762
0.005513
0.0232791
0.00641133
0.00537166
0.00785639
0.58867
0.00484798
0.00651074
0.00501777
0.00565007
0.00451215
0.00382416
0.00393753
0.00311244
0.00626587
0.00314151
0.00388754
0.00809299
0.00711722
3.25548
0.00654237
0.00549781
0.00750784
0.00331302
0.00955917
0.00906774
0.00218522
0.0190476
0.486879
0.00372654
0.665987
0.00367225
0.429129
0.0045558
0.00358121
0.00476915
0.0107131
0.00363299
0.00667646
1.64351
0.00506701
0.00900779
0.00548223
0.0129939
0.609931
0.00735329
0.00978072
0.0234701
1.12525
0.00932356
0.00905266
0.00553097
0.571882
0.00398897
0.0105349
0.0136883
0.502016
1.52263
0.0211872
0.00111017
0.00567425
0.00456324
0.00853129
0.834013
0.012274
0.0110544
0.00381678
0.00925963
0.00591528
0.0132894
0.00339574
0.00492363
0.0067661
0.01529
0.00562287
0.0158646
0.00849724
0.00817434
0.00664045
0.00603932
0.0115653
0.0100952
0.0138204
0.00547699
0.00287852
0.00294787
0.00729633
0.00208323
0.00824584
0.00352643
0.00381508
0.0051968
0.00746757
0.016818
0.0122535
0.00789211
0.00307373
0.0100078
0.010374
0.0068944
0.0100244
0.00278406
0.77094
0.00626901
0.00295661
0.00613322
0.00436836
0.0106581
0.0126805
0.00477201
0.806154
0.00612002
0.0221667
1.0467
0.015238
0.00626076
0.0137177
0.00525324
0.00354217
0.00569363
0.0104739
0.00321723
0.00940648
0.0035983
0.658781
0.00462309
0.00676621
0.00527419
0.00449979
0.00784377
1.02561
0.0121468
0.00266173
0.0114974
0.0079457
0.0037363
0.0137767
0.0073076
0.00412761
0.0018315
0.0124416
0.00653521
0.0116888
0.00354537
0.0047375
0.0236247
2.47867
0.0156579
0.00173468
0.00623759
0.00559243
0.0149519
0.00406776
0.00203268
0.0165671
0.00387965
0.00798347
0.00880199
0.00618902
0.0169751
0.00663741
0.0028022
0.0103448
0.0065007
0.00814624
0.0072733
0.00656372
0.00295275
0.00353449
0.0126944
0.0130707
0.00747302
0.00186686
0.00739566
0.798655
0.0206016
0.034295
0.007605
0.00280002
0.00348374
0.00742442
0.0516465
0.0145263
0.43218
0.00577154
0.452332
0.007546
0.00414877
0.014845
0.0110997
0.0171724
0.0133811
0.00429273
0.00398747
0.00825121
0.0166902
0.0106919
0.0119628
0.00402843
0.00693923
0.0143014
0.0151457
0.0119376
0.00998441
0.943792
0.0095543
0.00821268
0.00652914
1.31399
0.00878402
0.00382411
0.0110762
0.00600446
0.00157693
0.0104897
0.000956231
0.0167915
0.00808925
0.443047
0.00424837
1.09741
0.0118798
0.00568282
0.0120538
0.0145461
0.00568288
0.00145004
0.0176471
0.00380687
0.0158343
0.0361314
1.15608
0.00577029
0.00456652
0.00961162
0.00708177
0.00659574
0.0108326
0.00568062
0.00777356
0.00186469
0.0155505
0.00983867
0.00477295
0.0216143
0.008082
0.0037366
0.00296414
0.00794049
0.00411393
0.00650259
0.00728444
0.00601612
0.010778
0.0107776
0.00815924
0.00404315
0.00269618
0.00621557
0.00462274
0.00939934
0.0099824
0.00669433
0.0105412
0.00515805
0.00390467
0.00540304
0.00550441
0.0118885
0.00175497
0.00838602
0.0106579
0.00637717
0.00584619
0.0132166
0.00867519
0.0053404
0.0118466
0.00813517
0.00517863
0.00534501
0.0223607
0.00580902
0.00581443
0.0124121
0.0167715
0.00507891
0.0106827
1.24562
0.00623114
0.00278522
0.00438112
0.0055845
0.00505698
0.00888209
1.4106
0.00732286
0.00353756
0.00601413
0.00598219
0.025949
0.00203613
0.00344282
0.00270423
0.00683543
0.00617562
0.0163568
0.00577421
0.0088587
0.0104424
0.00832461
0.00297343
0.00384637
0.00875086
0.0116798
0.00787171
0.00943894
0.00710341
0.00381385
0.00403847
0.00645471
0.00253253
0.022145
0.00625577
0.018733
0.0128067
0.00551738
0.00430466
0.0200757
0.020157
0.00916559
0.0125573
0.00673385
0.0050964
0.00149239
0.00640931
0.0103693
0.00605814
0.0156718
0.00988673
0.00419958
0.0110844
0.036808
0.00475725
1.33007
0.00427353
0.00574108
0.0105053
0.0241044
0.00207512
0.00304665
0.00647391
0.002845
0.00640613
0.0107757
0.00815145
0.00569574
0.00636497
0.0131542
0.00164312
0.0073886
0.00311779
0.01652
0.0101913
0.00150251
0.00406009
0.0088753
0.00872504
0.778262
0.0114261
0.00177673
0.00670824
0.00490072
0.0105962
0.00935597
2.08217
0.0065086
0.00226701
0.00666062
0.00375128
0.0032222
0.474153
0.00114874
0.0065835
0.00387062
0.00473637
0.0113649
0.00497651
0.00774368
0.0115989
0.00756438
0.00591658
0.00893293
0.00661901
0.0120482
1.09132
0.0121115
0.00343253
0.00394298
0.00644332
0.00600051
0.00969755
0.00490273
0.00872524
0.00890524
0.00990555
0.00661021
0.936771
0.0136463
0.00361771
0.00875267
0.0165432
0.00473415
0.0072644
0.0112373
0.00303555
0.0164712
0.00502631
0.00381471
0.00599146
0.0019998
0.00331944
0.00347475
0.00645539
0.00941555
0.005808
0.00554758
0.00404476
0.00244683
0.00771456
0.0135042
0.00428797
1.01608
0.0066549
0.0074403
0.00539536
0.00486802
0.0142671
0.00757893
0.00786517
0.0116442
0.00512171
0.00667883
0.00958784
0.0137431
0.0214367
0.00231361
0.00452092
0.0133034
0.00290681
0.00612588
0.0097589
0.00437405
0.00462254
0.00569522
0.819737
0.0136881
0.0124946
0.00454885
0.0160117
0.00665373
3.01423
0.00575739
0.00593303
0.00961234
0.00278533
0.00682828
0.00617008
0.0029438
0.00782289
0.0120814
0.0120208
0.00865546
0.00799082
0.00472528
0.018075
0.00129256
0.850924
0.00511706
0.00811888
0.00942601
0.00527096
0.01929
0.00240007
0.0135153
0.00677391
0.0135104
0.00866652
0.704619
0.000500111
0.0033623
0.0155988
0.0145722
0.0102019
0.00575247
0.00959146
1.03731
0.00599297
0.00531961
0.00994192
0.00705224
0.965461
0.00594321
0.00799414
0.0096338
0.00536406
0.0104864
0.00336243
0.0182379
0.00167994
0.00645512
0.0121186
0.937338
0.0157664
0.006568
0.00931353
0.00119907
0.00130638
0.00676419
0.0101425
0.00298807
0.0136815
0.0194492
0.00910259
0.0251759
0.00746827
0.00497081
0.00834821
0.00592657
0.00642775
0.0065137
0.00217249
0.00741047
0.00874401
0.0122782
0.0156779
0.00897801
0.00668644
0.00777632
0.00386186
0.00896487
0.0083619
0.00835898
0.0040902
0.0126302
0.00515136
0.770005
0.00686105
0.0183016
0.00618221
0.00615653
0.00785981
0.013582
0.0021564
0.0109414
0.0136823
0.0291549
0.0087922
0.0189601
0.011006
0.0117361
0.571825
0.00826555
0.507992
0.910556
0.002953
0.0123194
0.0136567
0.0196909
0.00615845
0.0109142
0.00808664
0.00338779
0.00715521
0.00455089
0.00643998
0.00827511
0.00422361
0.00827721
0.0233896
0.708717
0.00614244
0.00374745
0.00483554
0.0069378
0.00983238
0.00530069
0.0099149
0.0120643
0.00462879
0.00609397
0.0105797
0.00566047
0.011475
0.00872874
0.00771723
0.00545491
0.00867301
0.00746542
0.00815499
0.00216125
0.00465054
0.0116133
0.0101932
0.00837385
0.0272439
0.00241107
0.00477744
0.0141072
0.00644595
0.00374484
0.00937255
0.00355516
0.00759389
0.00672738
0.00935191
0.00739901
0.00744865
0.00616627
0.00531169
0.019005
0.00268322
0.0107506
0.018544
0.0143333
0.0027839
0.00841318
0.00903821
0.005061
0.00450429
0.0120942
0.0070972
0.0106712
0.0101355
0.00591936
0.00904716
0.0129965
0.0064187
0.0130878
0.00674506
0.0190704
0.00903819
0.00656279
0.00706107
0.0104529
0.0100052
0.00507846
0.0122854
0.00265974
0.00612688
0.00825905
0.00234362
0.00608156
0.0108375
0.00484627
0.00187919
0.00758606
0.00216321
0.00649636
0.0153086
0.00461135
0.00352267
0.0161287
1.98417
0.00621272
0.0084627
0.00546705
0.0154335
0.00725768
0.00922091
0.00650107
0.0125103
0.00229982
0.0113411
0.00726486
0.0113061
0.00402872
0.00929842
0.0098305
0.0151163
0.0104234
0.00258617
0.016772
0.00967177
0.0166034
0.0126138
0.00714105
0.00939627
0.0122159
0.00679012
0.0084092
0.00853115
0.00310458
0.0103227
0.00420534
0.0118477
0.016561
0.00929674
0.00843557
0.00582439
0.00830806
0.00346671
0.00796234
0.00467179
0.0150047
0.0017907
0.00965612
0.00632151
0.00931268
0.00329778
0.0184109
0.00859879
0.0180501
0.00697246
0.00715606
0.0104031
0.00551128
0.00168192
0.00236176
0.00486883
0.0110807
0.00542438
0.26159
0.00234462
0.0133303
0.00686661
0.00613284
0.00274238
0.0132609
0.0043418
0.0052397
0.762433
0.00454076
0.00598308
0.00337708
0.00620065
0.0205461
0.00813142
0.003677
0.00316787
0.000585006
0.00420373
0.0060406
0.00639681
0.00590555
0.00931408
0.00407315
0.00102572
0.00863707
0.00848966
0.00745924
0.00315599
0.00204358
0.0095053
0.00527978
0.00361699
2.46025
0.0171038
0.00207601
0.00488673
0.00750134
0.00682777
0.00533411
0.0191199
0.0108566
0.0110834
2.55064
0.00546734
0.0066443
0.884657
0.00736448
0.00514386
0.0144903
0.0035039
0.0051907
4.23639
0.0134864
0.00617333
0.00339262
0.0132909
0.00756363
0.0038262
0.00543554
0.0146748
0.0122109
0.491608
0.00394711
0.0112205
0.00411711
0.00218972
0.00558716
0.00688743
0.889645
0.005336
0.00906717
0.00900805
0.856812
0.0133577
0.00553752
0.00650549
0.412332
0.0122893
0.0157156
0.00171574
0.00394516
0.0098508
0.00678981
0.0161145
0.0109917
0.00151918
0.00485964
0.0105818
0.003463
0.00372568
0.0122939
0.00367296
0.00354253
0.0100373
0.00899647
0.00521019
0.00383468
0.0077321
0.0183889
0.00341748
0.00867177
0.0113787
0.00442009
0.00529108
0.0155011
0.0143788
0.00912576
0.0100712
0.00489509
0.0190937
0.00874468
0.00262461
0.00368936
0.00617053
0.00874105
0.00476643
0.0137181
0.00388409
0.00726981
2.06893
0.00767648
0.00472852
0.00273017
0.00307918
0.00687576
0.00178533
0.00776357
0.00629633
0.0079602
1.04184
0.013744
1.10243
0.00479629
0.00529811
0.00559305
0.00561129
0.0068114
0.00306991
0.00350451
0.00673065
0.00646849
0.00952212
0.00575844
0.0104038
0.00683106
0.0104161
0.00440548
0.0115611
0.00589975
0.0112829
0.00340516
0.0121583
0.00720535
0.0136851
0.00690615
0.00500668
0.0108203
0.00700263
0.00114688
0.00968134
0.00618218
0.911293
1.13139
0.00377712
0.472419
0.00832003
0.00300664
0.00927956
0.00241985
0.00977866
0.00330216
0.0126299
0.00928415
0.00575287
0.0106877
0.0159725
0.0205226
0.00947845
0.0360144
0.00602419
0.00622985
0.00781159
0.0054657
0.00894658
0.00396577
0.0149976
0.00964229
0.00542123
0.00802185
0.0121699
0.0140646
0.00361254
0.00641307
0.00806061
0.00488312
0.00641715
0.00621548
0.00676802
0.00380466
0.00636327
0.0027209
0.00351095
0.00689063
0.0033484
0.00663443
0.00726676
0.00487194
0.00312348
0.00485722
0.00660771
0.00535465
0.00585948
0.00890781
0.00557865
0.0134077
0.00737137
2.46715
0.00808468
0.00765964
0.00423896
0.00658173
0.0103423
0.00452132
0.00856767
0.00636975
0.00246884
0.0049104
0.00638388
0.00787763
0.00891467
0.0181535
0.00426067
0.0163183
0.00915266
0.00857831
0.004059
0.00910807
0.0118595
0.00820133
0.0115705
0.00993098
0.00362078
0.0158569
0.00650333
0.00933216
0.00683344
0.00549476
0.0185095
0.00464398
0.00663234
0.00862014
0.00947508
0.00677422
0.0115741
0.0081203
0.0229811
4.18966
0.00895056
0.011586
0.00502152
0.0130642
2.6111
0.0101921
0.00678351
0.029769
1.50861
0.00796633
0.00581336
0.00920193
0.00168979
1.54671
0.0183216
0.00874649
0.0032348
0.0133569
0.00887156
0.0104549
0.915255
0.00676609
0.0121274
0.0055433
0.00714987
0.00564136
0.00824581
0.0188984
0.00829575
1.14656
0.00612141
0.99627
0.00729775
0.0193843
0.00655156
0.012606
0.00528275
0.00918907
0.00789075
0.00341057
0.00440315
0.00353779
0.00602861
0.00806827
0.00376508
0.0127831
0.00433433
0.00901492
0.00985871
0.0092223
4.71051
0.00162009
0.0108315
0.0104157
0.00361276
0.00507514
0.00589975
0.0162605
0.00536313
0.0103597
0.00617934
1.43786
0.0080442
0.00840879
0.00667021
0.00269964
0.00952605
0.0111117
0.00293614
0.0189164
0.0101354
0.00744919
0.00399167
0.0124224
0.00590172
0.00737119
0.00726486
0.0121704
0.0286444
0.53218
0.00395716
0.0058622
0.00528676
0.0120126
0.0120663
0.00756203
0.00307046
0.0247363
0.0146504
0.00524486
0.00714884
0.0030275
0.00872568
0.0108479
0.015344
0.00906374
0.00448825
0.00957856
1.45247
0.0105157
0.00074827
0.00357011
0.00509178
0.00723554
0.021684
0.0119033
0.00746873
0.0117592
0.0102921
0.00349012
0.0119185
0.0033473
0.0092476
0.00961688
0.00671447
0.00747537
0.00467462
0.00539463
0.00639818
0.00380376
0.0126304
0.00237692
0.00629401
0.00805807
0.00703593
0.014367
0.00540415
0.00591577
0.00373813
0.00455549
0.0074622
0.00445711
0.00796526
0.00507714
0.00286255
0.00849102
0.0203893
0.0126069
0.00410437
0.00643067
0.0101615
0.00727899
0.012788
1.1983
0.00368617
0.00751223
0.0170231
0.0175822
0.0180703
0.0131511
0.00202468
0.00808345
0.00750423
0.0106491
0.00244931
0.00568414
0.00668414
0.0051276
0.0073115
0.000824369
0.00760158
0.012757
1.02128
0.00626559
0.0086693
0.00856853
0.00771989
0.00860296
0.00608779
0.00541308
0.00779217
0.00342033
0.00162203
0.0047078
0.010084
0.0165269
0.0143352
0.00896725
0.0164067
0.00881942
0.0110952
0.00222566
0.00192409
0.0113295
0.00803595
0.00368793
0.00924595
0.0038681
0.00614422
0.0112322
0.0155647
0.00183633
0.0131624
0.00666549
0.0096766
0.00818401
0.0210406
0.0087305
0.00957889
0.00776674
0.00190643
0.00216408
0.0104949
0.0041615
0.00694391
0.0102809
0.0111123
0.00720189
0.00516497
0.00572415
0.0120883
0.00853268
0.00423693
0.00867172
0.0127529
0.00997415
0.00931087
1.5653
0.0283743
0.0049303
0.00448714
0.917279
0.00500539
0.0211487
0.00274468
0.00297044
0.0108686
0.00527239
0.00369191
0.00665579
0.0098385
0.0130551
0.0352087
0.0179925
0.00877359
0.00442908
0.00788172
0.012513
0.00263137
0.0050808
0.0109149
0.00977701
0.0213323
0.00538904
0.00159497
0.0174568
0.0143158
0.00794245
0.0101294
2.6531
0.00742045
0.00692081
0.0129541
0.00481737
0.0171395
0.00260854
0.00128353
0.00856037
0.0234632
0.00335266
0.00791288
0.00344021
0.0136078
0.00341887
0.00131715
0.0148396
0.00895677
0.0113866
0.443783
0.0101958
0.00887019
0.0103618
0.00568588
0.0130666
0.011991
0.013314
0.729486
0.0127369
0.00566416
0.00742172
0.00943187
0.0108651
0.00679015
0.00216013
3.23784
0.00397961
0.00792256
0.00345765
1.98308
0.00266894
0.00633492
0.00537304
0.00191347
0.0162435
0.00337242
0.0124148
0.00837097
0.0143434
0.00476943
0.00920342
0.00257983
0.0106307
0.0215069
0.00443925
0.736733
0.00701139
0.0105598
0.00856974
0.00682884
0.00264617
0.00698348
0.00880948
0.00687577
0.00293753
0.0133575
0.00413777
0.00687847
0.00189842
0.0100031
0.00225218
0.00347186
0.00335107
0.00427348
0.00520334
0.00405196
0.00751433
0.00688316
0.010225
0.0131049
0.00784602
0.00707323
0.00871933
0.00426251
0.00878276
0.00305471
0.0088979
0.00532658
0.0126685
0.00275808
1.24731
0.00594584
0.00527441
0.374754
0.63196
0.0104285
0.474407
0.0136498
0.00366214
3.05728
0.808186
0.00919584
0.00921325
0.00490465
0.0147996
0.0089607
0.017907
0.0080078
0.00712955
0.00888927
0.0202788
0.00462713
0.00975348
0.00244874
0.00634792
0.00458911
1.29768
0.00520165
0.00408819
0.00911485
0.00721593
1.56181
0.011553
0.0033276
0.00467799
0.0126001
0.0057903
0.00763447
0.0030941
0.00236017
0.742522
0.00993043
0.00359151
0.00349041
0.00726326
0.00882997
0.00652425
0.00119011
0.00535508
0.00835535
0.0131765
0.0123129
0.0170175
0.0204639
0.00696066
0.00855152
0.00545336
0.0110423
0.00221898
0.00293208
0.00807145
0.0205951
0.00206956
0.00539208
0.00317724
0.0129731
0.0240038
0.0037723
0.00430661
0.0024414
0.00726599
0.00570246
0.0110144
0.00344275
0.00189987
0.0226989
0.0193007
0.00613931
0.00627028
0.0162934
0.00394098
0.00510209
0.0274503
0.0119675
0.0118623
0.00766632
3.70686
0.00653982
0.00326745
0.0117579
0.00981648
0.0038602
0.00626382
0.00651818
0.00450124
0.0199032
0.0178966
0.00488106
0.00842484
0.00340648
0.00967123
0.00279183
0.010207
0.0142919
0.00240074
0.00808645
0.00550206
0.00781968
0.0123049
0.0073802
0.00756398
0.0106139
0.00528636
0.00196851
0.00604164
0.0125574
0.0106239
0.00794481
0.00918364
0.00143395
0.0118665
0.00420267
0.00504358
0.0160252
0.00393196
0.00460155
0.00773857
0.00835432
0.00317684
0.00832656
0.0129633
0.00944552
0.00521187
0.00558899
0.00943637
0.00686838
0.0250342
0.00520206
0.0034213
1.9449
0.00312609
0.0193049
0.0112509
0.00759251
0.00360223
0.0117512
0.00934057
0.00859725
0.00439258
0.00412675
0.00828981
0.00331513
0.00617789
0.0139261
0.94101
0.00845153
0.00619025
0.00326661
0.00716855
0.00788614
0.01206
0.00433581
0.0120702
0.0106641
0.0176777
0.00811904
0.00634291
0.0102665
0.00442197
0.00907176
0.0147716
0.00666666
0.0056967
1.09785
0.00268081
0.0027766
0.00720888
0.949518
0.00361789
0.00293844
0.00766191
0.00878242
0.00458921
0.0124548
0.0104226
0.259894
0.0094566
0.0156946
0.00675666
1.02644
0.756043
0.00747593
0.0034463
0.00844406
0.00215123
0.005511
0.486509
0.00369433
0.0159115
0.0190415
0.00417643
0.00944866
0.00609916
0.00892168
0.00552342
0.00948251
0.00840804
0.00991426
0.0087476
0.00545622
0.0016993
0.603435
0.00832286
0.00960432
0.799081
0.0063145
0.0187547
0.00094991
0.0150598
0.00318319
0.00794614
0.0130357
0.004002
0.00797977
0.00572441
0.0102722
0.00315256
0.00301195
0.00358967
0.00847629
0.884895
0.00341906
0.00470152
0.0165537
0.0153603
0.862971
0.513512
0.0082023
0.00362396
0.00487872
0.0012749
0.0128862
0.716561
0.00821685
0.0083693
1.1383
0.0134126
0.00750584
0.00297054
0.00747862
0.00296733
0.00308703
0.00856164
0.66646
0.00550328
0.83585
0.00334291
0.0105531
0.0050016
0.00886213
0.00526514
0.00660229
0.0133741
0.00429078
0.00503561
0.00333436
0.00482214
0.0133122
0.890128
0.407344
0.00390639
0.0086279
0.00527964
0.00426039
0.00927752
0.192562
0.00130019
0.00590553
0.00143224
0.00562529
0.00966416
0.00622474
0.011648
0.0132338
0.00490212
0.00696533
0.00879739
0.00916118
0.00675338
0.0109164
0.00640831
0.00988416
0.00446023
0.0150217
0.0116583
0.00843973
0.018598
0.00424228
0.00367659
0.907711
0.00628025
0.00546305
0.00807616
0.00244227
0.00474354
0.00756734
0.00516937
0.00202004
3.13236
0.00339094
0.0129717
0.00359855
0.0174294
0.00414504
0.00194943
0.00552411
0.00362231
0.00895956
0.00834699
0.00452201
0.0051005
0.00340142
0.00672288
0.00747146
0.00703152
0.00748453
0.0057337
0.0059281
0.00833558
0.0035367
0.0126265
0.00888159
0.00838503
1.16755
0.00872089
0.00387066
0.0175741
1.02402
1.0839
0.00788465
0.846418
0.00325015
0.00421217
0.000720678
0.00534999
0.00546572
0.00512689
1.18854
0.0394872
0.00321312
0.00223131
0.00291505
0.00307116
0.00330598
0.00677083
0.00909793
0.00847055
1.83211
0.00534145
0.00658199
0.010404
0.00671002
0.00976574
0.00988665
0.0141929
0.00976439
0.00714544
0.001089
0.00372909
0.00690771
0.00900369
0.00480753
0.0110142
0.0128703
0.0122818
0.00486696
0.00514464
0.00257496
0.0134832
0.00540573
0.00808004
0.00415122
0.00552244
0.00354983
0.0100872
0.0123259
0.00510772
0.00828498
0.00922543
0.00690239
0.00708128
0.00632808
0.00450289
0.0348124
0.00942928
0.00885076
0.00855862
0.00404714
0.00777024
0.00209252
0.00254892
0.00668928
0.00272491
0.00296798
0.00852539
0.0107474
0.00532019
0.00783864
0.00611076
0.00398967
0.0100116
0.0056897
0.00158041
0.004895
0.00409521
0.0135473
0.0104223
0.0158865
0.00358394
1.3287
0.984124
0.0159217
0.058531
0.0065981
0.00533139
0.00605846
0.0111199
1.00321
0.0156947
0.00477292
0.0093577
0.00174892
0.00481591
0.0072045
0.0134844
0.0117904
0.0102576
0.00218778
0.00372982
0.00251003
0.00959417
0.0137007
0.0039485
0.00954849
0.00241741
0.0121984
0.0123326
0.0113603
0.00862823
2.95412
0.00245671
0.00802141
0.0102848
0.00212715
0.0100456
0.0188399
0.0116917
0.0064859
0.0125334
0.00586062
0.00263924
0.0110193
0.00250726
0.0300373
0.00503618
0.00761629
0.00308221
0.0190763
0.0124588
0.00436755
0.019483
0.00542935
0.00540305
0.00343717
0.0124058
0.00340714
0.0257057
0.00489639
0.00204309
0.00662602
0.0108776
0.00570786
0.00363389
0.00595535
0.0136774
0.00663429
0.00799336
0.0129601
0.00789998
0.00236853
0.00962269
0.00849821
0.00995621
0.00984038
0.00222737
0.00481553
0.0119912
0.00660609
0.00334611
0.00674221
0.0212738
0.0220063
0.0138607
0.00279168
0.00740944
0.00104904
0.00386612
0.0134008
0.00257581
0.00564331
0.00335154
0.00967486
0.980602
0.00976958
0.00476338
0.00413693
0.00798726
0.00563908
0.00824594
0.0106558
0.00708275
0.00432895
0.0115771
0.00409227
0.00414815
0.00878104
1.20076
0.00821075
0.00320902
0.00973347
0.00285892
0.0124347
0.00708236
0.0119848
0.00677303
0.00246623
0.0100951
0.00586721
0.00554189
0.0130397
0.00363538
0.00580662
0.0143301
0.57749
0.00796082
0.00469237
0.01471
0.00291637
0.00331378
0.00384509
0.00197157
0.011378
0.0109439
0.00992978
0.00329239
0.0144627
0.00314485
0.00559479
0.0202858
0.00708728
0.0039728
0.00127247
0.00718927
0.00338151
0.00770418
0.00925545
2.5501
0.00786545
0.00836728
0.00681165
0.00572501
0.00760029
0.00333792
0.00561622
0.00251531
0.0022732
1.97271
0.00941932
0.00325665
0.00552654
0.0224352
0.00333074
0.0112628
0.0294871
0.00612304
0.0103612
0.00252916
0.0114987
0.00264322
0.034691
0.0043315
0.027738
0.00347804
0.00658116
0.0194157
0.00415318
0.00272363
0.00323666
0.00550917
0.0121392
0.00280127
0.0154314
0.0108275
0.00595165
0.00653669
0.0130455
0.00338473
0.0017635
0.00638994
0.0243312
0.00574895
0.00290608
0.0146116
0.0103701
0.0186264
0.00561083
0.0051633
0.013399
0.00504344
0.00404631
0.00839882
0.0150718
0.0100644
0.0212945
0.00613905
0.00428618
0.00378503
0.0104345
0.00539445
0.00607995
0.0023173
2.37154
0.0083779
0.0151246
0.00526312
0.00495117
0.014729
0.0130515
0.00632442
0.00613894
0.0174069
0.00151122
0.00869044
0.00204533
0.00536835
0.00830431
0.0182262
0.0116145
0.0115661
0.00638003
0.0023779
0.00549165
0.0131756
0.00488959
0.00314485
0.00556305
0.00605098
0.00447418
0.00366734
0.00805357
0.00516618
0.755725
0.00311214
0.000626608
0.0086051
0.011456
0.0104171
0.00642047
0.0139329
0.00388373
0.00881287
0.0181112
0.0020838
0.0040068
0.00503211
0.00899202
0.0132004
0.0152567
0.0196974
0.00758033
0.00669461
0.0121536
0.0055516
0.0103069
0.00898934
0.00569777
0.00561804
0.00982189
0.00347202
0.0243503
0.00781408
0.00713942
1.57166
0.00726738
0.0105389
2.17703
0.00511515
0.0106068
0.00853829
0.00364815
0.0061974
0.0064331
0.00823031
0.00493635
0.00803751
0.00423396
0.0035559
0.00704009
0.0119796
0.0058533
0.599296
0.0139939
0.0100008
0.0114024
0.00961747
0.00335064
0.00534811
0.0105345
0.897002
0.0132197
0.00172593
0.0052003
1.31935
0.00626714
0.0122987
0.00688984
0.00920268
0.00289624
0.00485397
0.0120412
0.00610318
0.00311026
0.0107034
0.00433367
0.00829014
0.00688372
0.00450803
0.0242306
0.00544159
0.00830665
0.0121143
0.0108572
0.00669829
0.00341317
0.00718347
0.00175585
0.00629203
0.00296546
0.00703568
0.00361489
0.00773521
0.00707613
0.00995596
0.00449638
0.00814685
0.00648918
0.00806725
0.00638832
0.00801613
0.00839046
0.0057021
0.00244948
0.0115563
0.01187
0.00595471
0.00614065
0.0591892
0.00285694
0.00720531
0.00172349
0.00313745
1.09047
0.000631784
0.00547012
0.00581463
2.908
0.00329685
0.00717876
0.00166056
0.0120394
0.00572292
0.00535937
0.00188064
0.00723771
0.619684
0.0182411
0.00218491
0.00639383
0.00715912
0.0120704
0.0082039
0.01471
0.0156531
0.00805137
0.00374185
0.00860316
0.00565355
0.00698896
0.00559276
0.00660632
0.00368969
0.00803771
0.00508224
0.00814965
0.00803473
0.00228269
0.0105675
0.00256482
0.00376752
0.00637955
0.00854697
0.0132209
0.00372179
0.00739439
0.00323549
0.00368956
0.00916545
0.00517683
0.0150974
0.0164449
0.00544199
0.00602643
0.0199397
0.00694642
0.0108761
0.00650696
0.0086884
0.0071153
0.0117454
0.0164986
0.0119185
0.0103217
0.00679676
0.00213151
0.0124162
0.0276034
0.013129
0.00503977
0.00517883
0.00296704
0.00622256
0.01165
0.00341002
0.0142557
0.00828856
0.01
1.51728
0.00333014
0.00512582
0.00550183
0.00155276
0.00822389
0.00594148
0.00606383
0.0120434
0.00686408
0.00868592
0.00229987
0.00473969
0.0032936
0.0112432
0.0133628
0.00645887
0.0014034
0.0138898
0.00999385
0.0017529
0.00167235
0.0112939
0.00776707
0.00661413
0.554949
0.00932933
0.00151169
0.00725964
0.0111942
0.00702596
0.00623139
0.00507832
0.0183601
0.00667457
0.00850434
0.837944
0.020476
0.0115624
0.00397161
0.00490602
0.00552946
0.00251216
0.00936034
0.0207992
0.0143863
0.00572267
0.00700708
0.00437573
0.00222068
0.0195367
0.00958425
0.0026811
0.0137432
0.00444743
0.0047592
0.00591461
1.61341
0.00423054
0.00908093
0.00226474
0.00773761
0.00969095
0.00444039
0.00996201
0.00671573
0.00554324
0.00799855
0.00906336
1.23237
0.0126961
0.00621159
0.00205887
0.00477523
0.00783446
0.00728526
0.0116645
0.767287
0.0024719
0.00193763
0.00997099
0.00201028
0.00615403
0.00791811
0.00463998
0.00677582
0.00305715
0.00766834
0.00389739
0.0139707
0.00759109
0.00484029
0.00664135
0.00462763
0.00266586
0.00484013
0.00982438
0.00436817
0.00417168
0.00356932
0.00404398
0.00383418
1.04973
0.0188493
0.0106517
0.00894387
0.00478581
0.672275
0.0123874
0.0128329
0.00979751
0.00172233
0.0274098
0.00772997
0.0177167
0.00404744
0.0210574
0.00766175
0.0695771
0.892602
1.60644
1.58438
0.453599
0.00444473
0.00474561
0.00585259
1.00699
0.00584658
1.70787
0.00409424
0.014184
0.0156074
0.0108624
0.0137
0.0128527
0.00679664
2.43371
0.00460686
0.00767566
0.00956508
0.00203127
0.0227623
0.0147719
0.00134061
0.0137181
0.34392
0.00575123
0.00384812
0.00352642
0.700713
0.00799991
0.00269511
0.00555002
0.00321749
0.0102072
0.00673779
0.00289742
0.00578176
0.00995778
0.00237151
0.00489487
0.0156001
0.00622773
0.00594048
0.013232
0.00599857
0.00815063
0.00428576
1.3226
0.00875529
0.869939
0.00855667
0.00826604
0.00621834
0.00758193
0.0026404
0.0074226
0.00500339
0.006639
0.0164141
0.00746992
0.00691286
0.00351464
0.00343411
0.00637023
0.00651003
1.01197
0.0077199
0.00263251
1.24034
0.0146283
0.00614076
0.0109289
0.767036
0.0035346
0.0115015
0.00948797
0.00419024
0.012264
0.010388
0.00677452
0.00665543
0.0016243
0.0116557
0.0143448
0.763206
0.00407513
0.0091948
2.33384
0.00571558
0.0115533
0.00751239
0.00879917
0.00695133
0.0094886
0.00254238
0.00525476
0.000921251
0.00661642
0.00824555
0.00700125
0.00801024
0.00241583
