0.0037937
0.0172644
0.00905272
0.00722309
0.81371
0.0213242
0.00986116
0.00818931
0.00216711
0.890427
0.00785831
0.011977
0.00441184
0.0125015
0.322118
0.00434876
0.00987419
0.893836
0.0127757
0.00235552
0.00778698
0.0176794
0.00514907
0.0032863
0.00597766
0.0130205
0.0024673
0.0156401
0.00802445
0.0028148
0.00466145
0.0103418
0.618315
0.00615477
0.00547715
0.00342969
0.0073463
0.00956588
0.387007
0.00297385
0.00811451
0.00219962
0.00561252
0.00132413
0.00898137
0.00209407
0.000656797
0.0105067
0.0104045
0.00534181
0.0143684
0.00504417
0.00187587
0.0163249
0.0050726
0.000566106
0.00667828
0.0132496
0.523928
0.0110089
0.0100635
0.00188936
0.0107152
0.00642535
0.00456181
0.0121154
0.0133231
0.00872387
0.00836057
0.0122458
0.00414368
0.00521881
0.00211191
0.00646817
0.0017727
0.00581732
0.0122539
0.00522425
0.00652099
0.00328888
0.00491706
0.00513712
0.00485785
0.00533485
0.00575555
0.00138661
0.00337267
0.00582552
0.00706209
0.0052388
0.00614196
0.00493839
0.00733352
0.0054311
0.00630888
0.00373738
0.00845175
0.0130849
0.0105874
0.0124065
0.00416337
0.00730013
0.0098033
0.0078258
0.004032
0.00355651
0.00816865
0.00637518
0.00131635
0.00348966
0.00565638
0.00705408
0.00201162
0.00179383
0.00542112
0.00696067
0.335274
0.00769161
0.00469016
0.00445072
0.00603537
0.00724635
0.0050678
0.00424953
0.0191931
0.0163635
3.5861
0.00423974
0.010516
0.0146873
0.0115127
0.0084362
0.00711561
0.0103786
0.892226
0.0143268
0.0277317
0.0132426
0.013557
0.00226472
0.58731
0.018484
0.00768458
0.00301353
0.0269197
0.00826602
0.0041687
0.00482345
0.00599042
0.000864106
0.00746357
0.00336519
0.00374
0.0127583
0.00313371
0.00155536
0.00434106
0.0151929
0.0186098
0.0105727
0.00508598
0.00497977
0.00677046
0.0102819
0.00214366
0.0135864
0.00543961
0.00523039
0.00283999
0.00627006
0.0053282
0.00634212
0.654496
0.00714122
0.00428759
0.00728292
0.00355183
0.00604911
0.00914857
0.0102194
0.00616968
0.00709123
0.00455231
0.00536596
0.00391641
0.00349433
0.0164247
0.00597959
0.00765231
0.00377749
0.00236869
0.0143476
0.00864665
0.00984291
0.0324908
0.0147436
0.00402626
0.00422222
0.0122233
0.00829726
0.00640181
0.0104888
0.00820518
0.0071571
0.00664676
0.00258859
0.00278323
0.00566574
0.00121521
0.0035196
0.00570429
0.929913
0.00578883
0.00125476
0.0107814
0.0125274
0.00870609
0.00713328
0.657685
0.00254266
0.00732864
0.0150706
0.00404667
0.0165045
0.00789341
0.0018727
0.0141195
0.00680651
0.00893702
0.00757776
0.00939889
0.0137063
0.00623111
0.0267371
0.00172578
0.00431402
0.00558489
0.000951985
0.00620083
0.0179811
0.0102435
0.0131897
0.000190138
0.00773368
0.00520791
0.00250562
0.010218
0.00742773
0.00477726
0.00630751
0.0107942
0.0190363
0.0130628
0.00298453
0.0127674
0.0194502
0.0093381
0.00859295
0.012053
0.370576
0.0086198
0.00391532
0.0153233
0.0185376
0.011759
0.00767834
0.00610137
0.00099626
0.0096104
0.00708768
0.00845332
0.0266428
0.00430253
0.00885951
0.00477877
0.00673499
0.00616962
0.00867054
0.00323102
0.00651186
0.000555547
0.0107599
0.00381677
0.00487359
0.0123269
0.00158298
0.00633325
0.0240905
0.00551166
0.0052335
0.00555842
0.0191241
0.00362802
0.00343594
0.00930964
0.0107083
0.0109892
0.00415891
0.00326756
0.00788064
0.00753482
0.0116971
0.00295104
0.00606254
0.0159966
0.0153807
0.00775781
1.44982
0.00161088
0.00445955
0.00696267
0.00517017
0.00123199
0.00218333
0.0031107
0.00952234
0.00447564
0.0145667
0.0179421
0.00396746
0.00780717
0.00488225
0.00614728
0.0153737
0.0072312
0.00532953
0.000907296
0.00170904
0.00332747
0.00193395
0.00438809
0.0119693
0.0108216
0.0105171
0.00686011
0.00583404
0.00752719
0.00118104
0.012525
0.00452681
0.00616353
1.54559
0.00670742
0.00783746
0.00704326
0.00565156
0.00984924
0.0104306
0.00740355
0.00370248
0.00368759
0.006091
0.007696
0.00123595
0.00113593
0.00804961
0.00384382
0.00401263
0.00689461
0.0192374
0.00584447
0.00255306
0.00561133
0.00331826
0.00771102
0.00261232
0.00741652
0.0167857
0.00443159
0.0166346
0.00791626
0.00660856
0.000321928
0.0131477
0.0042502
0.000740098
0.00910765
0.0105663
0.00656837
0.0098885
0.00283565
0.00996268
0.00255063
0.0120364
0.0142503
0.0109823
0.00524674
0.00426988
0.00157449
0.00853444
0.00477793
0.00668623
0.00334542
0.00772186
0.00751018
0.00351111
0.0107246
2.89397
0.0108171
0.0149359
0.0142514
0.0142289
0.00600873
1.79855
0.000464286
0.0138161
0.160717
0.0034408
0.00489966
0.000837792
0.0092959
0.00294355
1.96133
0.00489555
0.00441862
0.00803339
0.00999758
0.00193477
0.00687213
0.0064276
0.00968632
0.962754
0.00322402
0.0123115
0.00321498
0.0103337
0.00629304
0.0144627
0.0101542
0.00739723
0.000909245
0.0153982
0.00724101
0.008416
0.00914621
0.0120827
0.00967185
0.00732469
0.0140853
0.812624
0.00945772
0.0173401
0.0111598
0.692343
0.00760462
0.00503846
0.711882
0.00704437
0.00426301
0.0106028
0.00196103
0.00740033
0.663073
0.00796524
0.00121164
0.00536317
0.00240003
0.0112959
0.00549159
0.00497836
0.00314319
0.0162734
0.00594848
0.0100809
0.00927144
0.00944521
0.00815183
0.00213094
0.0237488
0.000998232
0.0118035
0.0161865
0.00260046
0.012856
0.00611745
0.0219428
0.0108409
0.0241203
0.0142711
0.00751159
0.00969165
0.0152398
0.00782655
0.00792787
0.0087836
0.00534089
1.53325
0.00753834
0.0127206
0.00621565
0.447052
0.0121167
0.00260562
0.0147577
0.00959391
0.0215643
0.012528
0.0129066
0.00443288
0.00829219
0.00863201
0.0130283
0.024062
0.0159111
0.00709336
0.0165993
0.00524606
0.00228698
0.0165324
0.012018
0.0180351
0.0108179
0.00574776
0.0135006
0.00942031
0.00255783
0.00771917
0.00614054
0.0123642
0.0035914
0.0180281
0.00471072
0.0100167
0.00668382
0.00773557
0.00808086
0.0127906
0.000560222
0.00571966
0.00314167
0.00782368
0.0101995
0.00525887
0.00206327
0.00348055
0.00800351
0.0049931
0.0121961
0.00362985
0.00704383
0.00572029
0.0067912
0.012869
0.610243
0.00452587
0.0108363
0.0108136
0.0161783
0.00617144
0.00402711
0.00721352
0.0123859
0.00584086
0.00451448
0.0217206
0.00540316
0.0211194
0.0167155
0.0140679
0.00590531
0.0169898
0.00326384
0.00609529
0.00381234
0.00785773
0.00894328
0.0102631
0.00610497
0.00164923
0.0133781
0.00925114
1.37461
0.00686751
1.71155
0.00395341
0.00502198
0.0134449
0.00391042
0.00956243
0.00271008
0.00456812
0.0100633
0.00287495
0.00543782
0.00896976
0.0163408
0.00130513
0.0105972
0.0115035
0.00266988
0.00194911
0.000407115
0.00161987
0.00435662
0.00154125
0.0128843
0.00538742
0.0149101
0.0110538
0.0111551
0.0797937
0.0057603
0.0172188
0.320382
0.0128905
0.00292645
0.00481443
0.00132686
0.00749057
0.000711676
0.00364611
0.00793454
0.0125385
0.0112871
0.00779056
0.00170983
0.00377159
0.00178268
0.00592796
0.00546576
0.00924078
0.00555114
0.00853341
2.56941
0.0110958
0.00883465
0.00294771
0.00323231
0.0135865
0.00364264
0.0128775
0.00659438
0.00893755
0.00656407
0.0100223
0.00626003
0.00848989
0.00957688
0.00760359
2.05912
0.000428617
0.00998253
0.00347327
0.00995596
0.00122965
0.732858
0.00660675
0.00360784
0.0022675
0.00226096
0.00838381
0.00663138
0.00548382
0.0184458
0.00505282
0.00908702
0.00573731
0.00378838
0.0139762
0.00573249
0.0170114
0.0022845
0.554367
0.00307297
0.444333
0.347916
0.00417245
0.00438791
0.0104101
1.77753
0.00270109
0.0066499
1.70148
1.04856
0.00542462
0.0134031
0.0155705
0.0115008
0.00421206
0.00285108
0.00172701
1.03417
0.00546692
0.00316656
0.00586392
1.42136
0.011649
0.0108531
0.00332026
0.00677775
0.00773886
0.00619336
0.00855636
0.00867475
0.0201625
0.0116904
0.00855589
0.0144897
0.00935062
0.00193432
0.0150561
0.00570936
0.00551981
0.00369452
0.00296384
0.00790815
0.747197
0.00328315
1.1936
0.00473659
0.668218
0.00435488
0.00849856
0.00438532
0.00271182
0.0100129
0.00346328
0.00737402
0.00290097
0.00538967
0.00910807
0.42024
0.00339047
0.00865578
4.17343
0.00918678
0.583998
0.00771487
0.00963691
0.00272983
0.00542514
0.0039775
0.00827539
0.00446535
0.00461515
0.00234632
0.00570185
0.00467616
0.0140326
0.0113894
0.00470524
0.0119846
0.0138909
0.00266959
0.00820059
0.00519169
0.313568
0.0143727
0.0080398
0.0169431
4.28611
0.0159531
0.00380945
0.00451663
0.00718336
0.00265945
0.00841514
0.00245419
0.00325577
0.00399269
0.00677126
0.00521264
0.00644295
0.602141
0.00617424
0.0128718
0.0024124
0.00484897
0.00268236
0.00602335
0.00651516
0.0125227
0.00301464
0.00769971
0.0128415
0.00250009
0.00993177
0.00420656
0.0266328
1.78845
0.0133009
0.010405
0.477466
0.00561295
0.00942919
0.624322
0.0142421
0.00406528
0.00697307
0.00629385
0.00374822
0.00441472
0.00858704
0.0161097
0.00295394
0.00875135
0.00419751
0.00679908
0.839469
0.00175261
0.788285
0.0076069
0.00694257
0.00651124
0.0101462
0.00429211
0.00833964
0.00757771
0.00429745
1.04428
1.0763
0.00339661
0.0031568
0.00593424
0.00697399
0.00275684
0.00603098
0.00909611
0.0018355
0.00404724
0.00222642
0.00612002
0.515299
0.0072395
0.00487964
0.00217878
0.00177126
0.0129821
0.518058
0.422403
0.00590139
0.0111892
0.00287298
0.00734198
0.0154411
0.00554943
0.00574199
0.00699073
0.00831463
0.00999708
0.0108521
0.00433114
0.00145286
0.00445538
0.00898601
0.0016767
0.0143162
0.000784303
0.606965
0.00391205
0.0165906
0.00503365
0.00985457
0.00772771
0.00519024
0.00488607
0.00614293
0.00939045
0.0170602
0.00482032
0.00845941
0.00542771
0.0062148
0.000807359
0.00550555
0.00976489
0.00186114
0.00561524
0.00803988
0.00526322
0.00652481
0.0100539
0.00819389
0.00274185
0.00739378
0.00318951
0.0118428
0.000817545
0.0147078
0.012898
0.00568576
0.00552179
0.00643685
0.00976181
0.0033351
0.00330805
0.00568611
0.00156745
0.00438307
0.00354426
0.00296092
0.00741409
0.00688378
0.00878405
0.00115712
0.00466275
0.0066429
0.019365
0.0374219
0.00757248
0.00370874
0.00564513
0.00355412
0.0211789
0.00894575
0.0110746
0.00371834
0.00860571
1.3152
0.00296587
0.0131689
0.00628447
0.0129325
0.00678536
0.0122232
0.0131792
0.00595279
0.00221208
0.00977884
0.0135784
0.0124684
0.0101346
0.0190436
0.00587733
0.0138183
0.00373731
0.00925592
0.00737601
0.00942524
0.00561152
0.00240896
0.301445
0.00738572
0.00308594
2.121
0.0112707
2.42555
0.0143339
0.0101494
0.00416885
0.0113792
0.00957681
0.0057811
0.0027691
0.00441232
0.00850177
0.00675541
0.876548
0.918918
0.00542939
0.0184162
0.00540171
0.00414354
0.00298559
0.00392946
0.00444386
0.0128948
0.0204573
0.00191366
0.00239272
0.0120127
0.00126647
0.00188289
0.00558661
0.0111663
0.004659
0.0043199
0.00717077
0.0178076
0.00859586
0.0201727
0.00384083
0.00239722
0.0113331
0.00865748
0.00635622
0.0110622
0.00311393
0.0237555
0.00242354
0.00297793
0.00158877
0.00406268
0.00981766
0.0116745
0.00454757
0.00279225
0.013605
0.0273359
0.0149624
0.0100563
0.00248565
0.0115597
0.00770181
0.00509684
0.00219013
1.02845
1.20761
0.00373834
0.0035381
0.00763061
0.0105652
1.462
0.0072514
0.0107761
0.00701533
0.00230793
0.00709381
0.0147011
0.0214749
0.021637
0.00906831
0.00901383
0.00474952
0.0120394
0.00400458
0.00490825
0.00368383
0.0109904
0.00572684
0.00705154
0.00513697
0.0112167
0.00808497
0.00414476
0.00481202
0.0116006
0.00896811
0.00569104
0.00466035
0.00370421
0.00272028
0.0102515
0.0027731
0.00631921
0.774428
0.00239087
0.00173105
0.0191863
0.0127515
0.0150983
0.00637304
0.00836516
0.00142415
0.00601026
0.00596011
0.00963039
0.0110096
0.0187497
0.00174188
0.00940458
0.00189789
0.00145363
0.00780106
0.00745309
0.0126651
0.00543705
0.00177087
0.00562579
0.0083682
0.00830919
0.0142575
0.00480601
0.00695305
0.00625793
0.00516538
0.00291295
0.0124332
0.00545209
0.00988675
0.884276
0.00237592
0.00828053
0.0098009
0.00483287
0.0107889
0.013661
0.0195082
0.00995641
0.0160809
0.0027996
0.0050737
0.00331524
0.00956315
0.00488458
0.0049125
0.0147336
0.0108858
0.0116256
0.00652743
0.476559
0.00360653
0.00500798
0.00185505
0.998214
0.00451109
0.00119264
0.00751088
0.0117959
0.00532461
0.00595893
0.0023634
0.0022621
0.00773611
0.0203823
0.00246862
0.00370135
0.0132698
0.00668665
0.0102228
0.0065056
0.0104514
0.00821579
0.00198829
0.0124933
0.00401066
0.0115956
0.00590834
0.00451895
0.0054451
0.00664771
0.0022205
0.00586529
0.00228531
0.00274048
0.00197983
0.485378
0.00393666
0.00647489
0.0110119
0.0127285
0.00174064
0.0109352
0.00817437
0.00470383
0.00872356
0.00860252
0.00623041
0.00502376
0.0156187
0.417209
0.00517978
0.00341153
0.0107596
0.00448765
0.00270627
0.010428
0.00739941
0.00744373
0.00614975
0.00393934
0.00360681
0.00335083
0.00960267
0.00786239
0.00766905
0.00404671
0.00445228
0.0116691
0.00437622
0.00803399
0.0070885
0.00613557
0.00794672
0.00743797
0.0126434
0.00776723
0.0107791
0.00960751
0.00583802
0.0189346
0.00268285
0.0113841
0.00914547
0.00632206
0.0148429
0.0159121
0.00214763
0.00893731
0.00432677
1.73993
0.00577284
0.0124286
0.0152802
0.00509837
0.00415283
0.00393982
0.00670869
0.00740039
0.00593007
0.0173721
0.632755
0.00444052
0.00529459
0.00547414
0.00287552
0.0114377
0.0106763
0.00301721
0.00229725
0.00954241
0.00698459
0.00688799
0.927403
0.00316757
0.00608262
0.00255931
0.0106812
0.00831214
0.00445256
0.00463159
0.00776389
0.0135059
0.0026494
0.00577374
0.00470565
0.00733777
0.00193537
0.00630046
0.00669856
0.010483
0.00678061
0.00113819
0.00796496
0.0106237
0.00254126
0.00190904
0.445942
0.0182898
0.0085902
0.00975022
0.00397561
0.000817679
0.0137767
0.00440413
0.00231653
0.00745085
0.00662242
0.00722432
0.00934663
0.00477365
0.00739321
0.0141317
0.00511387
0.00648165
0.00865554
0.00364835
0.0010917
0.00860764
0.00296142
0.00328103
0.0037855
0.00203936
0.000278197
0.0064343
0.00842503
7.26429e-05
0.0116765
0.00767793
0.00910729
0.00541816
0.0125434
0.00353595
0.0194681
0.36108
0.0105093
0.00132171
0.00146073
0.0105498
0.00110933
0.0124897
0.00442559
0.00300882
0.430697
0.00463277
0.011042
0.00383902
0.00602837
0.00461894
0.607574
0.00916115
0.0150756
0.00203469
0.0084633
0.0015136
0.00594613
0.010906
0.0108725
0.00424232
0.00307794
0.012238
0.0117599
0.0173262
0.00330126
0.00515242
0.0110689
0.00283351
0.00986228
0.00310263
0.00625446
0.00247211
0.00341398
0.00816662
0.0115922
0.01717
0.00660934
0.0123604
0.00878326
0.0199569
0.00113091
0.434064
0.00599549
0.00105425
0.0083345
0.00853052
0.00445386
0.812007
0.00577985
0.00847117
0.0158247
0.0053554
0.0146041
0.0058131
0.0136345
0.00605478
0.0211747
0.00531342
0.00570764
0.0116663
0.00391402
0.00655052
0.00216802
0.00516875
0.00205868
0.00891069
0.0045425
0.00662579
0.0187642
0.00851667
0.00536423
0.0376954
0.00843881
0.00471879
0.0018641
0.00298993
0.0138857
0.00438627
0.00198177
0.00488322
0.0107291
0.00581125
0.00695345
0.00439548
0.00368153
0.00304701
0.0109169
0.0195114
0.0125488
0.00385113
0.0190247
0.00845969
0.0115441
0.00257771
0.0147427
0.00911714
0.00364689
0.00599083
0.0345199
0.00630287
0.0144259
0.0113349
0.00406537
0.0216322
0.00545386
0.0053904
0.0252669
0.0133438
0.00731919
0.0104709
0.00637259
0.00608111
0.0117489
0.00598741
0.00238663
0.00218444
0.00600934
0.00732542
0.00533714
0.0106588
0.00173711
0.0135755
0.00703103
0.00543466
0.00133269
0.0131124
0.00752978
0.0145617
0.00842563
0.00590967
0.00893448
0.0133605
0.0046805
0.00694127
0.00969436
0.00606575
0.00287241
0.00754789
0.00808577
0.00329301
0.00635349
0.009422
0.0110233
0.0117744
0.00589836
0.00961993
0.000857737
0.00161296
0.00222246
0.00171653
0.00335517
0.00917052
0.00177164
0.00911073
1.41744
0.00494623
0.0103509
0.000439664
0.00574778
0.00334573
0.00500818
0.00554103
0.00532484
0.00402928
0.00868783
0.00687481
0.00948488
0.00770318
0.00552945
0.00951745
0.00766072
0.00485364
0.00748721
2.45911
0.0151847
0.00252666
1.73578
0.0152175
0.0165925
1.59161
0.00151762
0.00306015
0.368302
0.0138627
0.0103115
0.00424703
0.00422755
0.0078077
0.00569941
0.0177386
0.0128376
0.00564029
0.00169865
0.00952847
0.00535968
0.00702299
0.00287099
0.257815
0.0112854
0.00277771
0.00843039
1.74903
0.00475129
0.00595127
0.00735255
0.0064641
0.0010205
0.0102302
0.00667472
0.00633991
0.00184259
0.0122316
0.00289256
0.00709818
0.00527534
0.00780437
0.00779157
0.878668
0.776974
0.0127762
0.00729847
0.732459
0.0161444
0.0051213
0.364861
0.00799235
0.00907948
0.00589493
0.006231
0.011455
0.00970438
0.010631
0.00517829
0.00705381
0.00852077
0.00932001
0.00705109
0.00193241
0.00129475
0.00311191
0.00458584
0.00426851
0.00519501
0.0104486
0.0109625
0.00363599
0.00305738
0.0143902
0.00869847
0.536895
0.00591332
0.0258204
0.00406872
0.00680864
0.00527128
0.00193785
0.0114032
0.567728
0.00685089
0.00949011
0.00322139
0.00397854
0.00410409
0.0106903
0.00249054
0.0326174
0.00174725
0.0115035
0.0106464
0.00350911
0.00503069
0.00742727
0.00219646
0.01872
0.0263399
0.0047348
0.00498437
0.00940524
0.00456906
0.706532
0.0134137
0.0055848
0.00630909
0.0199822
0.0085934
0.57523
0.00762482
0.00741048
0.0164759
0.0105079
0.00596176
0.00699971
0.00597189
0.00461805
0.0211198
0.00794486
0.00648011
0.0192296
0.00643555
0.00559415
0.00305144
0.00389411
0.00455719
0.00895457
0.379716
0.0270571
0.00162088
0.00593055
0.00388066
0.0128224
0.00504358
0.00070073
0.00352327
0.00882022
0.00222712
0.00307559
0.00478795
0.0069103
0.00501159
0.00610456
0.00606714
0.559081
0.0047256
0.00153624
0.00242607
0.00753973
0.00436657
0.00121756
0.00181859
0.0039381
0.00668386
0.00449304
1.06187
0.00182287
0.0108358
0.0174745
0.0078434
0.00470862
0.388794
0.0125433
0.00775632
0.00709456
0.00501963
0.00770187
0.00489693
0.00619895
0.00786814
0.0103758
0.00414813
0.424392
0.00833461
0.00358864
0.00199881
0.00337386
0.00432126
0.0150223
0.00607295
0.00793514
0.0176689
0.0045809
0.00363351
0.00297651
0.0089216
0.00910778
0.000776211
0.00406033
0.0095317
0.00379572
0.00606048
0.000533291
0.00628358
0.013843
0.00749672
0.0094725
0.00586045
0.00340366
0.00248458
0.00378652
0.00991216
0.005512
0.00267636
0.00917783
0.0297779
0.00548014
0.00504713
0.00607065
0.00672514
0.000731922
0.00257672
0.00528636
0.0119325
0.00701247
0.00284568
0.00518543
0.00754046
0.00665145
0.00268233
0.00374271
0.00808685
0.00271651
0.0064748
0.00737491
0.00486335
0.00510497
0.00268382
0.00996715
0.0143866
0.0176073
0.00246566
0.00166345
0.0171597
0.00361493
0.00450372
0.00183964
0.00718843
0.00621996
0.0129802
0.0179313
0.0122783
0.00814721
0.00850747
0.0130487
0.00364396
0.00456383
0.00548262
0.00535638
0.0136681
0.0153105
0.00971843
0.00201189
0.00598539
0.00269392
0.0133319
0.0050271
0.00441437
0.00529061
0.012732
0.00431967
0.0035451
0.00447699
0.00762146
0.490796
0.00758335
0.00487644
0.00776616
0.00591843
0.00332706
0.00451549
0.00589563
0.0220754
0.00787526
0.0133442
0.0133109
0.0103609
0.0113503
0.00626272
0.00991739
0.00376365
0.783449
0.00223033
0.00355628
0.0110413
0.0091742
0.00600476
0.00937508
0.00949734
0.00163829
0.00384484
0.00361129
0.00199199
0.00379266
0.0125755
0.00857863
0.0061171
0.00566868
0.00965192
0.00150903
0.0187755
0.00429994
0.00347731
0.0216131
0.0121528
0.00876933
0.270808
0.0135892
0.00387107
0.00599771
0.00149186
0.007321
0.00716839
0.627957
0.00423587
0.00436787
0.0042566
0.00527238
0.0104225
0.00993502
0.00937064
0.0165349
0.0041318
0.00748351
0.00602739
0.00741412
0.00271682
1.96719
0.00847337
0.00747898
0.008035
0.0140445
0.00153684
0.0078963
0.0039441
0.00409964
0.00263458
0.00169935
0.00642079
0.00466055
0.00653207
0.00907921
0.0124616
0.00363653
0.00673795
0.0107557
0.0104206
0.0042538
0.00405974
0.00599432
0.00531493
0.00391996
0.00414513
1.12641
0.00804859
0.00568847
0.0106745
0.00729645
0.00343602
0.0156009
0.0083412
0.00361907
0.0159233
0.0217035
0.000436017
0.00550385
0.00582958
0.0163511
0.0149736
0.00606902
0.0150691
0.00745509
0.00735525
0.00807483
0.00919478
0.0100851
0.00429425
0.00875544
0.0245864
0.031318
0.00663543
0.00599766
0.0147454
0.00241031
0.00348708
0.0061519
0.00343986
0.00956728
0.00728392
0.00575597
0.00301614
0.00589865
0.00257874
0.0143468
0.00591971
0.00594134
0.00140511
0.00728218
0.011934
0.0171768
0.014396
0.00505737
0.00604049
0.00486179
0.0111845
0.00310269
0.00728409
0.0142611
0.00383526
0.00722748
0.0042461
0.00601715
0.00336256
0.00858733
0.012232
0.0132936
0.00553459
0.00942582
0.00857555
0.00333425
0.00203971
0.00597914
0.00958404
0.00761337
0.00673186
0.00209893
0.00497869
0.00748247
0.0112514
0.0168994
0.00967221
0.00177826
0.00312297
0.0100188
0.00542893
0.014388
0.00137319
0.00556282
0.0067816
0.0106993
0.00461059
0.00997169
0.00939231
0.0132851
0.0204485
0.00397719
0.00577975
2.62662
0.00205587
0.00872257
0.00421793
0.011337
0.0124614
0.00537919
0.00676102
0.010785
0.0032928
0.00878878
0.00661644
0.454184
0.658457
0.00242809
0.0104056
0.00533664
0.00401985
0.0121183
0.00333414
0.0038351
0.00874624
0.0058673
0.0105982
0.00625103
0.00134255
0.00496729
0.0024335
0.00393122
0.0108577
0.000942945
0.00905196
0.00288596
0.00804312
0.011998
0.00740432
0.00337156
0.0261696
0.00431556
0.00559487
0.00348097
0.00345282
0.00149666
0.00422402
0.00723629
0.00366707
0.00561806
0.00665531
0.00205947
0.0067318
0.0102686
0.0102377
0.000774981
0.0237528
0.00934951
0.00818971
0.0173226
0.00355513
0.00205957
0.0154864
0.00543639
0.00272444
0.00806603
0.00351822
0.00566876
0.00860628
0.00420027
0.00217135
0.00160699
0.0069672
0.0122746
0.00627033
0.0168979
0.00362763
0.00695253
0.00961637
0.0057041
0.00187463
0.0148664
0.00637411
0.0122489
0.00286084
0.00593321
0.00569303
0.00500888
0.00189669
0.00178453
0.0113581
0.699607
0.00746811
0.0189716
0.006053
0.0117691
0.71468
0.00532603
0.00904917
0.00390414
0.00927159
0.00766938
0.0117247
0.00305872
0.00945862
0.00898726
0.0059449
0.0104119
0.011505
0.00520894
0.0078279
0.691987
0.00563691
1.02711
0.00840922
0.00586095
0.00954416
0.0119202
0.00624424
0.00361842
0.00901373
0.00798377
0.0109472
0.00239551
0.00863881
0.00457452
0.00834534
0.0140992
0.00200052
0.00160343
0.0141394
0.00608202
0.0073854
0.00598977
0.00225667
0.00473031
0.0122749
0.00715746
0.00841147
0.0105758
0.00648904
0.00204276
0.0106122
0.00800133
0.00384792
0.00486627
0.00745724
0.00841994
1.02305
0.00605268
0.454658
0.0126764
0.00083351
0.00783067
0.00497055
0.0071336
0.00763695
0.0121177
0.00144095
0.00306119
0.00186495
0.00575258
0.00508077
0.00444588
0.00790798
0.0075327
0.00278002
0.00389528
0.0109526
0.00153786
0.00427779
0.00501126
0.0108151
0.00533142
0.00324655
0.0102963
0.00656357
0.00655415
0.0197833
0.0101761
0.00767209
0.0174785
0.0159881
0.014935
0.00458919
0.0120442
0.0027205
0.00146424
0.0044477
0.00362319
0.0122149
0.0122682
0.00989919
0.0132039
0.0058183
0.00108559
0.0133348
0.0134652
0.0158717
0.00236306
0.00881119
0.00137061
0.00361631
0.0085887
0.0143748
0.0057556
0.00237031
0.00592703
0.0110387
0.00467345
0.012065
0.00334456
0.0157396
0.0195514
0.00799277
0.00333226
0.00261803
0.0309556
0.0064569
0.00702767
0.0218384
0.00412347
0.0214946
0.00768589
0.0120241
0.0132062
0.000779725
0.00426901
0.0114115
0.0125307
0.00395006
0.0161915
0.0161213
0.00593879
0.00798288
0.0027819
0.0159412
0.00344747
0.00125055
0.0103133
0.00147908
0.00743268
0.00130097
0.00689935
0.00974494
0.00526128
0.00709614
0.00890199
0.00604386
0.00643056
0.00657926
0.0017708
0.00100157
0.00174261
0.0037942
0.00745469
0.0101372
0.0106298
0.0167565
0.17956
0.00653581
0.00893771
0.00926642
0.00680644
0.00546215
0.0102771
0.00367988
0.0103197
0.0112945
0.00498275
0.00877092
1.03421
0.00621229
0.0132128
0.00331214
0.00654678
0.0122984
0.00689308
0.00504414
0.00663645
0.000873635
0.0145967
0.700828
2.12391
0.00696954
0.00860593
0.00202932
0.00476897
1.10969
0.0134865
0.0104046
0.00913824
0.00498027
0.00440497
0.00783524
0.00592567
0.0076647
0.00351298
0.0144633
0.0046355
0.0111972
0.0215941
0.0114888
0.0108896
0.0136504
0.000181262
0.00327617
0.00138313
0.00472413
0.00520551
1.18153
0.00699056
1.06486
0.00864415
0.00566887
0.194817
0.0121898
0.00865378
0.0046872
0.00638771
0.0101464
0.00356895
0.00621695
0.0112437
0.0105954
0.00269491
0.00529429
0.00181407
0.011458
0.00573245
0.00453969
0.00520809
0.0131694
0.705951
0.0154443
0.0367907
0.0100937
1.12164
0.0104211
0.00649723
0.606006
0.843122
0.0164656
0.00812225
0.795183
0.00349104
0.0172316
0.447233
2.14456
0.00329327
0.0115645
0.00199453
0.0139119
0.00260066
0.00536853
0.00836082
0.00470307
0.00835782
0.00312133
0.0008024
0.00739935
0.00806967
0.00163064
0.0161923
0.00552332
0.00435476
0.00141699
0.0067134
0.00659115
1.11554
0.85673
0.0196944
0.00471071
0.00500804
0.00861959
1.47073
0.587076
0.00726276
0.00496626
0.00476707
0.0179309
0.00637772
0.945739
0.00435439
0.00919844
0.00558615
0.00690009
0.0081478
0.00448532
0.0045182
0.602361
0.00398832
0.00398163
0.030791
0.0149625
0.00836727
0.00507854
1.03583
0.00652185
0.00937909
0.0030094
0.00345477
0.00580204
0.00580813
0.0043154
0.012308
0.00808859
0.00877084
0.0076093
0.00757185
0.00329294
0.0114623
0.00660674
0.00845421
0.006984
0.0037089
0.429054
0.0050671
0.00747304
0.00240492
0.00985417
0.00267937
0.00342619
0.012176
0.00947633
0.00622671
0.00213828
0.00966879
0.00263019
0.00391221
0.00370322
0.00606238
0.324434
0.00480944
0.00805276
0.00892339
0.0145367
0.00449182
0.0073769
0.00890851
0.00565936
0.00364472
0.0106452
0.00698005
1.67472
0.00802955
0.773141
0.00851938
0.000657993
0.0150359
0.00400841
0.0111804
1.35139
0.00848349
0.0013622
0.00169295
0.0103391
0.00400509
0.00421789
0.0180296
0.0141763
0.569306
0.00148486
0.00954836
0.00256517
0.00307021
0.00436172
0.00332166
0.00959154
0.0112498
0.00400909
0.0036385
0.00633736
0.012321
0.00522809
0.00645885
0.0116576
0.0040007
0.00152777
0.00413745
0.0134179
0.00648449
0.600907
0.00661423
0.0144802
0.00760019
0.0035408
0.00878407
0.00886222
0.00426153
0.00480304
0.000445436
0.00246366
0.419694
0.0148351
0.0156383
0.00648604
0.03621
0.00468901
0.00351152
0.0130525
0.0142098
0.0113332
0.00873053
0.0112512
0.00635706
0.00719331
0.0132246
0.00158695
0.0117995
0.0195771
0.00440192
0.00167639
0.00349878
0.0018538
0.00362565
0.0062129
0.00107924
0.00595563
0.0158428
0.00836596
0.000412775
0.00245006
0.0104293
0.00816286
0.00351634
0.0120749
0.00808572
0.00266631
0.00872806
0.002069
0.00982743
0.00375816
0.0154758
0.00139906
0.00333472
0.00348892
0.00128116
0.00422772
0.0131128
0.00168703
0.00404984
0.005366
0.00679548
0.00507359
0.00206614
0.0114845
0.0112218
0.00427213
0.00767867
0.00848518
0.00587164
0.00231728
0.0095506
0.00756395
0.00601505
0.00287579
0.00235163
0.0122557
0.00858024
1.02303
0.008256
0.00087275
0.0237639
0.00428563
0.0147943
0.00894505
0.0235111
0.0121644
0.0040797
0.00706517
0.0120041
0.0114485
0.353092
0.740473
0.00778268
0.0155389
0.0124739
0.263576
0.0031212
0.00660095
0.00815032
0.00239459
0.00484727
0.00247359
0.0116697
0.00549695
0.00416853
0.00259197
0.00377227
0.0304028
0.00853596
0.00904726
0.00284471
0.0114816
0.00158321
0.000934348
0.0069988
0.0154833
0.012879
0.994569
0.00227637
0.00340954
0.000964607
0.00656499
0.00708615
0.00336246
0.00976683
0.0061262
0.00784522
1.59765
0.00260984
0.00902596
0.00236684
0.488181
0.0131318
0.0162036
0.005479
0.00548021
0.0061988
0.00233505
0.017513
0.00864837
0.00259029
0.00319292
0.00404566
0.00429582
0.00443275
0.00276944
0.0106605
0.0114131
0.00619934
0.00700023
0.00454877
0.00377879
0.0037529
0.00809416
0.00821214
0.00842348
0.00394608
0.00225037
0.00597997
0.00577387
0.0121415
0.00960899
0.00820019
0.00752257
0.00984671
0.005676
0.00252357
0.00409731
0.00568089
0.00696763
0.00828673
0.00843262
0.00737972
0.00834489
0.0092696
0.00575383
0.0102811
0.000699143
0.0026604
0.00769266
0.00369874
0.00302913
0.011033
0.00747946
0.00776181
0.00462627
0.00557944
0.00664744
0.00216428
0.0226902
0.00871588
0.00189695
0.009733
0.00678988
0.00197806
0.00570702
0.00766757
0.0102759
0.0015246
0.00237714
0.0105291
0.00978468
0.00439381
0.0128976
0.00440348
0.00283149
0.00255363
0.00073035
0.00425849
0.00344683
0.00265667
0.0116146
0.00476364
0.0150031
0.00547356
0.00964482
0.0158148
0.0086481
0.00147752
1.10275
0.00257343
0.00848387
0.0013403
0.00235698
0.00911372
0.000228293
0.00640565
0.00973056
0.005972
0.00808126
0.00679326
0.00727357
0.00735466
0.00137215
0.00748775
0.0131813
0.0197278
0.00783159
0.00618918
0.0246969
0.0144333
0.00579492
0.0134522
0.00601915
0.00551915
0.0014443
0.0114974
0.0139981
0.00591121
0.00336496
0.00633887
0.0228588
0.0112843
0.00816185
0.00966587
0.00841453
0.0129559
0.0169537
0.00568799
0.00467423
0.022677
0.00820158
0.00933706
0.0176999
0.00181183
0.00292137
0.0308541
0.007947
0.0131765
0.00481544
0.00866265
0.00436305
0.0050856
0.00444693
0.0101611
0.00765141
0.00621781
0.0109538
0.0123539
0.00259708
0.00899195
0.0120935
0.0160306
0.0205887
0.00659692
0.00759272
0.00620484
0.00320521
0.00299295
0.00710485
0.00863265
0.0101265
0.0111032
0.0107402
0.422842
0.00367078
3.01816
0.0234518
0.0141921
0.00741065
0.00531188
0.0170275
0.00217306
0.00954313
0.0076921
0.00290853
0.00388701
0.00912379
0.00552858
0.00517068
0.0066545
0.0125091
0.0106309
0.00707743
0.00649446
0.0146966
0.0111369
0.0015197
0.00504832
0.00348298
0.00421721
0.0104365
0.0163094
0.00328602
0.00149649
0.00581622
0.00381089
0.00979194
0.0088273
0.00336876
0.00576689
0.00789156
0.00198473
0.00258826
0.00180639
0.00274297
0.00294491
0.00256366
0.000595599
0.0014049
0.0059061
0.0022358
0.00152036
0.00860215
0.00175174
0.00408419
0.00236979
0.0106833
0.0068142
0.00534211
0.00532013
0.0043949
0.00634925
0.00427494
0.011045
0.607424
0.00384584
0.0149659
0.00116287
0.00859789
0.00729199
0.518389
0.0091016
0.012506
0.00454589
0.323771
0.0111493
0.00372983
0.00241079
0.00484695
0.00339017
0.0040063
0.00220672
0.00122449
0.00530926
0.00756537
0.00238637
0.0046056
0.00268456
0.0044657
0.0136183
0.639415
0.00873069
0.00603224
0.00951494
2.29572
0.0084914
0.0151238
0.00771759
0.00824915
0.00703101
0.00784842
0.00424909
0.00707401
0.0119439
0.00961607
0.011144
0.00834041
0.00349235
0.00246526
0.0016108
0.00929878
0.619532
0.00528539
0.0107274
0.0106691
0.0074657
0.838621
0.0064827
0.00214373
0.780644
0.0068262
0.0101791
0.0124422
0.00379975
0.0029432
0.00508093
0.0125007
0.00784739
0.00193909
0.0100774
0.0175167
0.00438597
0.00254814
0.00527756
0.0151683
0.00803225
0.0106944
0.00850459
0.00651943
0.00597387
0.0105746
0.0106515
0.00759249
0.00475963
0.00600466
0.479527
0.0136558
0.00723161
0.00435413
0.822263
0.010569
0.00089938
0.00925177
0.00366219
0.00509942
0.00206667
0.00886801
0.00809624
0.00416584
0.00844503
0.00336849
1.10157
0.00703855
0.00479208
0.00382358
0.0028839
0.0139155
0.00949426
0.0125069
0.00458341
0.00152784
0.00512435
0.00391577
0.0110884
0.0039355
0.00425361
0.0101956
0.0149695
0.359498
0.00763014
0.00820173
0.00166351
0.00973392
0.0164161
0.00846629
0.0115153
0.00925164
0.582476
0.00816266
0.00612532
0.00594082
0.00995148
0.00534768
0.0104564
0.00650884
0.00570902
0.00996198
0.0112555
0.00981385
0.00196548
0.00131523
0.00840705
0.00818227
0.0141402
0.00743696
0.0126245
0.00896906
0.00801614
0.00152244
0.00332648
0.00591724
0.0118037
0.00238092
0.010913
0.0114548
0.00255412
0.0107515
0.00473148
0.00412821
0.00838625
0.00277072
0.0161465
0.00835235
0.759922
0.010941
0.00464643
0.00861096
0.00699325
0.00740488
0.00222245
0.00849869
0.00152184
0.0336099
0.00437268
0.33344
0.218832
0.00668781
0.0106411
0.00468725
0.00938445
0.00397322
0.0137847
0.0103651
0.00575895
0.00318168
0.010538
0.00899654
0.00277825
0.0104764
0.00372314
0.00492219
0.0115628
0.00464965
0.0121886
0.00504243
0.00930626
0.0147842
0.0130699
0.00232327
0.00840678
0.00580313
0.230035
0.0085912
0.00937278
0.0165197
0.0282141
0.0053613
0.00381804
0.00911366
0.00661965
0.00180595
0.00805747
0.00266735
0.302876
0.00927603
0.00465021
0.00740237
0.00205438
0.0123041
0.00851345
0.00118912
0.00343047
0.00616112
0.0138302
0.00397226
0.00640504
0.00468629
0.0116668
0.0123442
0.0173463
0.00352527
0.00279546
1.26488
0.0029733
0.0157141
0.0120749
0.00325487
0.00655019
0.00338814
0.0121305
0.00226179
0.016578
0.00678687
0.0120055
0.00562492
0.00282712
0.00592606
0.0197306
0.00257511
0.0138935
0.00305952
0.00474391
0.00334621
0.0152183
0.00515072
0.0273597
0.00226055
0.00366681
0.00602483
0.0119569
0.00899506
0.00651294
1.24257
0.00452057
0.00862928
0.00941785
0.00429376
0.00475757
0.00307751
0.00849556
0.0128684
0.00927802
0.402429
0.0133014
0.00396494
0.00319442
0.790322
0.00550404
0.0063407
0.002477
0.00484692
0.00437313
0.0024453
0.0203725
0.0127062
0.00638924
0.422265
0.00643286
0.709646
0.00517651
0.0013583
0.958351
0.00703816
0.00263812
0.00771062
0.00754312
0.00718498
5.14055
0.00951192
0.00411418
0.00156169
0.00844445
0.0111901
0.000599753
0.00203319
0.843105
0.00615775
0.014531
0.00600765
0.630228
0.00732641
0.00816427
0.0271912
0.015213
0.0142619
0.00193947
0.00934626
0.00900126
0.00171386
0.0167897
0.00616471
0.0138032
0.707792
0.00860221
0.664854
0.00994818
0.00388654
0.00188862
0.00498166
0.0117308
0.0116264
0.00811703
0.00528326
0.00425404
0.00667657
0.423992
0.0910631
0.00355868
0.00240267
0.00337874
0.520621
0.00549502
0.0038719
0.00569732
0.857915
0.00626252
0.00529412
0.010564
0.0120692
0.00707777
0.00672975
0.00132019
0.00590889
0.00949403
0.00325628
0.00675794
0.0154443
0.00724298
0.701409
0.00468372
0.00388846
0.0130764
0.00155573
0.00108417
0.00966637
0.00551898
0.00718126
0.0061964
0.00257196
0.00970151
0.00755695
0.00276747
0.00450758
0.00450183
0.00681201
0.00421908
0.00410414
0.0030961
0.00663443
0.0101015
0.00196051
0.00445265
0.582622
0.00937821
0.0201374
0.00561848
0.00544697
0.461768
0.798689
0.980684
0.715715
0.00288598
0.00399733
0.00986324
0.00956754
0.00568616
0.00112383
0.00183422
0.00582839
0.00553009
0.00456392
0.00721171
0.00552163
0.00494487
0.0040796
0.00973311
0.599945
0.00966188
0.00426883
0.00743752
0.0107807
0.00503934
0.0103059
0.00927457
0.0114153
0.0141775
0.00656094
0.00521818
0.00395413
0.0043982
0.00224212
0.00235354
0.00299684
0.00786332
0.00649038
0.0079241
0.558263
0.0127331
0.00859042
0.00605986
0.00573851
0.0149617
0.0196149
0.00284196
0.0102313
0.0104157
0.00393373
0.0347287
0.00525107
0.931794
1.09913
0.511678
0.0156374
0.00405079
0.0112249
0.008202
0.000405317
0.00841293
0.00781072
0.0115233
0.00825354
0.00660842
0.0089656
0.00351673
0.00777401
0.0106845
0.00400685
0.302519
0.0045675
0.00849387
0.00953808
0.00715166
0.00685893
0.00328295
0.0105459
0.0082633
0.00297232
0.0119479
0.00245967
0.002338
0.00300102
0.00118824
0.0103169
0.00262157
0.00400204
0.00682515
0.00536946
0.0129357
0.00515313
0.00189079
0.0156779
0.00397468
0.0103006
0.0100541
0.00473855
0.00657269
0.00210018
0.00783444
0.00326562
0.00874332
0.00851069
0.00538166
0.00511711
0.00339737
0.00728098
0.00652323
0.00632835
0.00166567
0.00228376
0.00879923
0.00281063
0.00619969
0.00891673
0.0041081
0.00752573
0.00477521
0.0147033
0.000799487
0.0122205
0.0052105
0.00526351
0.0117232
0.0124158
0.0100789
0.0119073
0.00731788
0.0174451
0.00998534
0.00833064
0.0103006
0.546364
0.456256
0.00886689
0.0121759
0.0066676
0.00679856
0.00745396
0.00330526
0.00220093
0.00904086
0.0144736
0.00430225
0.012549
0.00345522
0.00595227
0.00622006
0.022674
0.0197719
0.00753024
0.00283464
0.0094727
0.00924664
0.0056849
0.00309728
0.0244217
0.00747185
0.00574163
0.0154883
0.015911
0.00748021
0.00483179
0.00420429
0.017396
0.0131252
0.00750905
0.0162087
0.0124909
0.0152809
0.00361518
0.0153857
0.00383242
0.00589324
0.00248367
0.0048243
0.00350474
0.00118998
0.00533328
0.0041616
0.0128786
0.00124276
0.00417194
0.00432169
0.00326457
0.00977855
0.00707382
0.00637175
0.00437198
0.00705059
0.00773658
0.00642168
0.0165557
0.00287107
0.00335358
0.0099538
0.000934575
0.00736108
0.0122115
0.00941211
0.00354068
0.0107792
0.00705284
0.00388782
0.00750005
0.00755385
1.78548
0.0075792
0.00548884
0.0138039
0.0057087
0.0114563
0.00634547
0.00566922
0.0100758
0.0146743
0.00731088
0.0148508
0.0029768
0.00172726
0.00272727
0.0109638
0.00752363
0.0124624
0.00436088
0.00762514
0.00452621
0.000850047
0.00484028
0.00600221
0.00479102
0.00513236
0.00578315
0.020244
0.0165959
0.00550332
1.58522
0.00145524
0.0145337
0.003698
0.00503957
0.0104208
0.00602657
0.00622388
1.23213
0.0158822
2.41528
0.0215645
0.00231391
0.00159417
0.00986246
0.00676197
0.0104409
0.00138321
0.00458207
0.0148743
0.00326882
0.00700063
0.00572126
1.61977
1.10544
0.011612
0.0115325
0.00743134
0.00369986
0.00552438
0.00741411
0.00429315
0.00626262
0.0247907
0.0151124
0.0103517
0.0154555
0.00192018
0.0098512
0.0100292
0.00446387
0.00838862
0.00749897
0.00448362
0.00569324
0.00293091
0.00409759
0.00851633
0.00688661
0.00769559
0.00834104
0.00664548
0.00936879
0.0178327
0.00408436
0.00846332
0.454494
0.00867978
0.00639208
0.0075343
0.00668255
0.00253614
0.00496432
0.37347
0.00987392
0.00647999
0.00519791
0.00386576
0.0021178
0.00415017
0.0124206
0.011844
0.678484
0.0134882
0.00668389
0.00494435
0.00139482
0.0108839
0.00805219
0.00467024
0.0243074
0.00986643
0.020393
0.0140853
0.00854832
0.0140486
0.00247923
0.000550516
0.00901202
0.0113404
0.00490139
0.0126973
0.00875784
0.00289626
0.0107692
0.0101848
0.00932355
0.00489474
0.015289
0.00538213
0.0215329
0.00662834
0.00482907
0.351311
0.0167415
0.00367921
0.0109894
0.00539411
0.00300612
0.00195529
0.00297483
0.00957793
0.00619923
0.0045263
0.0183829
0.00336915
0.0131638
0.00322254
1.03729
0.00138077
0.549212
0.0179115
0.0114018
0.00348417
0.00747098
0.00776937
0.0114791
0.0204114
0.000365441
0.00184581
0.0062727
0.00570723
0.343224
0.00464222
0.00657318
0.00131176
0.00394279
0.00237681
0.0140986
0.00629654
0.0043929
0.00999842
0.00823884
0.179271
0.0016192
0.00414852
0.00497957
0.00471305
0.00362668
0.00150746
0.00438097
0.00658173
0.00374327
0.0105181
0.00584643
0.00787497
0.00873948
0.0127305
0.00699049
0.00342171
0.00545577
0.00899879
0.0152189
0.00476873
0.00363513
0.00537222
0.00513182
0.37896
0.00722338
0.00270458
1.37582
0.00637901
0.00749442
0.00587973
0.00661558
0.00133598
0.0112233
0.00887533
0.0114536
0.562043
0.0129913
0.00754576
0.0118179
0.00524428
0.00693368
0.00492687
0.0040081
0.00509814
0.00262962
0.00845397
0.140801
0.0064229
2.71149
0.0064852
0.00759822
1.95565
0.00193496
0.00795882
0.00794912
0.0108171
0.0187727
0.0106556
0.00817946
0.00645037
0.00458944
0.00262601
0.00533884
0.00976257
0.0131243
0.00301137
0.43517
0.00474952
0.00657809
0.00333754
0.0107191
0.00369389
0.000860132
0.00848501
0.00462295
0.00746226
0.0260466
0.0115534
0.00684944
0.0025931
0.00154241
0.00649758
0.00334048
0.00303216
0.00308132
0.00791781
0.00628957
0.00964989
0.00452167
0.00816602
0.00321123
0.0129635
0.00413104
0.00486667
0.00762338
0.00808889
0.00796462
0.00524907
0.0133762
0.0106618
0.0134736
0.0182553
0.00794766
0.0031484
0.00552901
0.00724482
0.0346848
0.0101885
0.00608021
0.0270821
0.488268
0.00723352
0.00633097
0.0111967
0.237648
0.00242785
0.00421734
0.0107377
0.00220154
0.000860211
0.00534524
0.0136497
0.815949
0.0120223
0.00409214
0.0134392
0.00323049
0.376551
0.00748211
0.0103251
0.00614205
0.00736624
0.00541917
0.0148933
0.00901475
0.00364266
0.00801253
0.00245574
0.0135897
0.00587374
0.00898214
0.010811
0.0086675
0.0108552
0.00836358
0.00755909
0.00878882
0.0283782
0.00705185
0.00972366
0.00451255
0.00356537
0.0137741
0.00786988
0.00665462
0.000467691
0.00828129
0.00205653
0.00406794
0.00626864
0.0113233
0.0133832
0.00309904
0.00725414
0.00993754
0.00962606
0.000614012
0.00243906
2.89279
0.00666004
0.00309901
0.00215496
0.0135814
0.0120229
0.00588178
0.00921886
0.00576439
0.0177434
0.00160992
3.26264
0.00583006
0.0116427
0.00959594
0.00526307
0.00150372
0.00684699
0.00880963
0.0269398
0.00560577
0.00891946
0.00475008
0.00320399
0.0143222
0.00601665
1.35113
0.00916652
0.00556289
0.0104415
0.00841579
0.0061864
0.0104671
0.0160547
0.00875447
0.00859623
0.0120891
0.00914821
0.0190151
0.00780916
0.000793215
0.00271111
0.00484123
0.0026009
0.00875542
0.00757079
0.00115174
0.0112066
0.00605005
0.0130158
0.00779677
0.00251308
0.0104738
0.00140241
0.00692199
0.00238105
0.00950755
0.0109639
0.00993769
0.00265493
0.0072765
0.000945587
0.00313208
0.0017351
0.00898097
0.00577467
0.00566317
0.00309938
0.00691795
0.0171903
0.00849439
0.00536662
0.00320868
0.00846615
0.00891614
0.00907238
0.00229579
0.0053601
0.0026065
1.34835
0.00749058
0.00741548
0.00991417
0.00791044
0.00395776
0.00627091
0.00513839
0.00584258
0.00852061
0.017049
0.0141252
0.00370055
0.0055854
2.40282
0.00232517
0.00713393
0.0135137
0.00754824
0.00248681
0.00503558
0.0036497
0.00529467
0.00447084
0.00522947
0.011462
0.00418402
0.00617414
0.0111722
0.00517198
0.00270106
0.0104029
0.00351515
0.00817115
0.011308
0.0106762
0.0030592
0.00397409
1.77673
0.00338009
1.26785
0.464521
0.0109647
0.00426058
0.33799
0.00465925
0.00432104
0.00488856
0.00591258
0.0087698
0.298272
0.00950503
0.0028119
0.00576881
0.00927652
0.00454982
0.00253025
0.735821
0.897846
0.00773109
0.00495079
0.00616314
0.00297382
0.00275748
0.00707981
0.00724358
0.0162673
0.00272861
0.00286052
0.00954002
2.03913
0.044499
0.00963269
0.00152064
0.00364983
0.586879
0.00249387
0.0097835
0.00953677
0.0121224
0.00744504
0.00387295
0.00804051
0.00115911
0.00436213
0.0107913
0.00891675
0.00935352
0.0074891
0.00919498
0.00558907
0.0135946
0.00389211
0.00351699
0.00414179
0.0109778
0.592709
0.648172
0.00945066
0.0112931
0.00582797
0.746258
0.00371959
0.00252886
0.0111421
0.00236777
0.013343
0.00650907
0.003838
0.00382676
0.00287879
0.00486026
0.00870788
0.0110483
0.00248517
0.00983018
0.0159392
0.00171793
0.00608772
0.00522567
0.00235289
0.0101105
0.0050057
0.00810663
0.0042356
0.00290036
0.00830523
0.0103001
0.00214606
0.00812499
0.00296664
0.00955514
0.00475261
0.00202579
0.00993297
0.00521695
0.00315947
0.0193636
0.00963563
0.00431036
0.00946014
0.00408524
0.00809943
0.00256283
0.00387335
0.337224
0.00381989
0.0179534
0.00192904
0.828955
0.00597002
0.00131483
0.00711632
0.0119608
2.31432
0.00719715
0.00954994
0.00469623
0.0146177
0.00461335
0.0039063
0.0181084
0.00334875
0.00576534
0.00238985
0.00713396
0.00392732
0.012127
0.00189782
0.0013525
0.0162049
0.282255
0.00485965
0.0168129
0.00354821
0.00342743
0.0073455
0.015791
0.033444
0.00417947
0.00896039
0.00983736
0.0065778
0.0107788
0.00911449
0.00170646
0.00353923
0.00460381
0.00425641
0.0128718
0.00659585
0.00246361
0.0120082
0.00534172
0.00494453
0.014968
0.00668227
0.00699704
0.00663657
0.0124655
0.0131788
0.00743408
0.00541426
0.0171362
0.00240696
0.01966
0.00937224
0.00690033
0.00237319
0.0109489
0.00437042
0.00577419
0.00489006
0.00481784
0.00505459
0.0130275
0.00948677
0.00413869
0.00401094
0.00507203
0.00766958
0.018059
0.0110844
0.00441104
0.00583691
0.00669692
0.0141251
0.00542258
0.00430859
0.00914531
0.0140511
0.00587826
0.00165778
0.00718838
0.00223702
0.00412629
0.012336
0.00548631
0.0100052
0.01105
0.00764757
0.00414717
0.00499403
0.0032641
0.949206
0.00632987
0.0142039
0.00892052
0.00718113
0.00670201
0.00586944
0.00474876
0.00468626
0.00159833
0.0151686
0.000962094
0.00453161
0.0164901
0.00409123
0.00814919
0.00626287
0.00343561
0.00511267
0.00228585
0.0150004
0.00733765
0.0132467
0.00544829
0.0101231
0.00155887
0.00865546
0.0105894
0.0242741
0.00837297
0.0167001
0.00405028
0.00867891
0.00473905
0.0146796
0.0161135
0.0102983
0.71145
0.415552
0.0182864
0.00768058
0.00625274
0.00552828
0.00650797
0.0056201
0.00882409
0.00453994
0.0137924
0.00729078
0.00935887
0.00943508
0.00288208
0.00043353
0.0109695
0.0107636
0.00259518
0.00425867
0.00611481
0.00629057
0.00619807
0.00748832
0.0069402
0.0193569
0.00610225
0.0116199
0.0121375
0.00538277
0.0109481
0.00692806
0.00237312
0.00507745
0.0100031
0.00294188
0.00804974
0.0044089
0.00569157
0.0121184
0.00959114
0.00734352
0.0125196
0.0109008
0.0135801
0.00873321
0.0112123
0.0119508
0.00864389
0.00358693
0.00113088
0.00463558
0.0118243
0.0124064
0.0109538
0.0167061
0.00340807
0.00323996
0.00704573
0.0060969
0.00419726
0.00692447
0.00426458
0.00236433
0.00726036
0.000556594
0.00782325
0.00442491
0.00404367
0.00436687
0.00895702
0.00565127
6.08489e-05
0.00547409
0.00196515
0.00422814
0.00441544
0.0132907
0.00663588
0.00995096
0.00615015
0.00121709
0.00571339
0.00483247
0.00858063
0.00359362
0.00395843
0.00209285
0.00491776
0.0152407
0.00766483
0.00790658
0.00264556
0.00151188
1.04454
0.00645742
0.00260195
0.00238252
0.00751334
0.00159455
0.00515852
0.00478917
0.016227
0.0265568
0.505126
0.0131189
0.00108684
0.00660451
0.019007
0.00875635
0.00845021
0.00578243
0.00787464
1.46889
0.0113682
0.0125949
0.0148991
0.00335917
0.00505256
0.0170225
0.00612731
0.00814421
0.0103315
0.0151054
0.00523003
0.00691912
0.00608435
0.00571456
0.00309971
0.00678746
0.00179805
0.0149352
0.00697516
0.0114629
0.00641267
0.0111202
0.0088008
0.0032205
0.0020064
0.0184434
0.00153098
0.0135612
0.00263465
0.00443895
0.00288705
0.00948181
0.00583287
0.00477805
0.00415251
0.00801058
0.0118097
0.00192276
0.00940949
0.00392694
0.00749858
0.00399305
0.0122312
0.0113869
0.031018
0.00693236
0.00750961
0.00244082
0.0124109
0.0112035
0.00910379
0.0196186
0.0031334
0.00500585
0.00524264
0.00884969
0.00979011
0.0141392
0.00391616
0.0035522
0.00689528
0.554708
0.00668497
0.0077971
0.000873264
0.0291901
0.0124181
0.0105662
0.0066884
0.00492591
0.804117
0.00583716
0.00454559
0.00470687
0.0118292
0.00649597
0.00981238
0.00851236
0.0125987
0.00528119
0.00788091
0.0138829
0.00442644
0.0107775
0.0293956
0.595825
0.0095852
0.00999429
0.00361301
0.0030657
0.00162022
0.00738815
0.00941833
0.313987
0.00330642
0.0119091
1.27339
0.00123596
0.00690405
0.00553626
0.00972565
0.0129837
0.00575542
0.0113241
0.00115811
0.718635
0.00650136
0.00410354
0.0034537
0.0129379
0.43557
0.00577437
0.0189651
0.0121263
0.00771885
0.00730747
0.00370733
0.0158607
0.00326669
0.0132388
0.0147423
0.00576754
0.0104413
0.0170638
0.00310468
0.00667702
0.00920438
0.00302098
0.00817645
0.00289613
0.000684203
0.00463032
0.0116022
0.00199416
0.013881
0.00485495
0.00576156
0.00516755
0.00655122
0.00530051
0.00189725
0.0170304
0.0132927
0.0140338
0.0122578
0.00388161
0.00191045
0.0162037
0.00436603
0.00776059
0.0106339
0.013682
0.0115919
0.00422742
0.00648976
0.00107495
0.0131758
0.0174887
0.0119814
0.000656239
0.000850716
0.0029774
0.00715289
0.0072672
0.0267703
0.00205307
0.00719034
0.00733304
0.00654289
0.011501
0.00877249
0.00306697
0.00539336
0.00409346
0.00772937
0.0156268
0.00588274
0.00386899
0.0165059
0.00205453
0.00275408
0.00646054
2.82346
0.0174411
0.00444985
0.00425413
0.00742689
0.0024891
0.00349074
0.00291434
0.00927478
0.00497317
0.00190461
0.00963089
0.00517883
0.00830159
0.00454196
0.00261188
0.00959003
0.00590902
0.00588969
0.00892497
0.00307806
0.00746484
0.00368249
0.00143706
0.0105761
0.0046567
0.0079606
0.0114244
0.00437143
0.00464125
0.00717461
0.00951219
1.02795
0.0116807
0.00101488
0.00477328
0.0233397
0.00409231
0.00663133
0.00795623
0.00859198
0.0128231
0.00649827
0.00696155
0.0039947
0.0127174
0.00787016
0.00445843
0.0057591
0.00246301
0.00734365
0.00204601
0.00316139
0.00347449
0.695839
0.00140969
0.00209252
0.0027033
0.00683322
0.00805709
0.0118496
0.0133417
0.00844859
0.00690577
0.0043072
0.00175367
0.0109501
0.00882632
0.00173138
0.240693
0.0119586
0.00765003
0.00856503
0.00249921
0.0154334
0.00383066
0.021199
0.00646845
0.0143593
0.00415014
0.00489291
0.0295344
0.0187861
0.0094106
0.00457307
0.0030316
0.0146163
0.0157914
0.00631131
0.0274713
0.00774561
0.00309598
1.00127
0.00295497
0.00962981
0.0026683
0.0210499
0.00960743
0.0043239
0.00258511
0.0120505
0.00736154
0.00380319
0.808946
0.00508072
0.00319074
0.00928529
0.00256656
0.0130917
0.0233705
0.011511
0.00449362
0.00763948
0.00778387
0.021269
0.00117396
0.00436269
0.00766572
0.00514343
0.00547453
0.00232834
0.0163451
0.00380865
0.0091031
0.0172618
0.0134373
0.00637836
0.012104
0.00221225
0.00876946
0.0142073
0.00689123
0.00483778
0.00204968
0.00528001
0.00435323
0.00695576
0.00621581
0.0137022
0.00767046
0.00329224
0.0052549
0.0068667
0.0155371
0.0119367
0.00926741
0.00615093
0.0195272
0.000307437
0.0222694
0.00285001
0.0108969
0.00225802
0.00264284
0.00587193
0.00348743
0.00967951
0.00387614
0.00669831
0.433165
0.00368194
0.0114246
0.0146833
0.00815839
0.00818773
0.022473
0.012736
0.00650008
0.00481724
0.00555166
0.00166608
0.00676028
0.00956924
0.00426129
0.00874573
0.00421164
0.00730574
0.0142902
0.00801873
0.00758192
0.00505162
0.01103
0.00796346
0.0100433
0.0150013
0.00147036
0.0111903
0.0113188
0.00410906
0.0122309
0.022968
0.0144946
0.00292119
0.00833964
0.00473309
0.0199682
0.00410588
0.0100216
0.00460959
0.00314598
0.00519699
1.09311
0.00365536
0.0104502
0.0090838
1.97035
0.00328627
0.023514
0.00294013
0.0038638
0.00868645
0.885196
0.00131139
0.010233
0.00883496
0.00586831
0.010166
0.0137792
1.57497
0.00428579
0.00812673
0.00773684
0.00405566
0.0105419
0.00203058
0.00862814
0.00325445
0.270617
0.0105202
0.00137693
0.0052842
0.0058716
0.00712097
0.00996777
0.0040841
0.00754643
0.00311524
0.0081126
0.00588539
0.00622703
0.00981752
0.548741
0.0022142
0.477607
0.00344975
1.71176
0.00453276
2.27583
0.0117197
0.00169903
0.00994536
0.00724905
0.0142678
0.0124171
0.0048127
1.29061
0.0119947
0.496055
0.705788
0.00414661
0.0108071
0.699727
0.00966445
0.0151894
0.0124597
0.00912835
0.00907038
0.00404738
0.00628079
0.0122513
0.00687738
0.00125242
0.00957239
0.00633861
0.0141736
0.000626258
0.014836
0.0032877
0.00208206
0.0027213
0.00405508
0.00424447
0.00814365
0.00394175
0.61725
3.32201
0.00551056
0.00171565
0.0145373
0.00913037
2.17057
0.00325611
0.00795603
0.0129081
0.270501
0.00509151
0.00897669
0.00511494
0.00538804
0.408671
0.00472951
0.00455877
0.00128742
9.1491e-05
0.00434943
0.00290321
0.00976649
0.00500103
0.0157457
0.00973943
0.00384263
0.00774066
0.00333992
0.00918587
0.00920833
0.000655981
0.690061
0.00610722
0.75357
0.0036813
0.00218794
0.00397182
0.00519094
0.73919
0.00903576
0.0107727
0.00724677
0.00432473
0.0149003
0.00342995
0.00252049
0.00530793
0.00518534
0.00598295
0.00422764
0.00261508
0.00137549
0.00608994
0.0122568
0.0087058
0.00418507
0.00439317
0.00801438
0.368855
0.00701042
0.252104
0.00733708
0.0103367
0.653789
0.327372
0.0116545
0.00481444
0.00461469
0.00553437
0.00452602
0.00918781
0.0168101
0.00621754
0.785523
0.954872
0.00112773
0.00311593
0.0111436
0.41388
0.00289472
0.00492738
0.00936554
0.00901863
0.000796093
0.81068
0.0080554
0.00342864
0.434222
0.0111608
0.00797476
0.00285705
0.00275827
0.00878878
0.00313343
0.00440967
0.01018
0.0079773
0.00588172
0.865977
0.00383609
0.00498108
0.0021164
0.00956456
0.010674
0.00648834
0.00294834
0.0083675
0.00776063
0.0370751
0.00919118
0.00795339
0.00426825
0.00776694
0.00622622
0.0132859
0.0116188
0.00403771
0.0123286
0.00624593
0.0115628
0.00446083
0.00566963
0.00673894
0.0121532
0.00550789
0.0074924
0.00503756
0.00206126
0.00448756
0.0023222
0.00766685
0.00837486
0.00526722
0.0178129
0.00179313
0.00465084
0.00934872
0.0104047
0.00909636
0.0136156
0.0040053
0.00672134
0.0139067
0.00149026
0.00897195
0.00206231
0.0103459
0.012729
0.00203868
0.00410482
0.0100691
0.00573802
0.00461268
0.00182107
0.00269059
0.00784885
0.006372
0.00418644
0.00482455
0.0109256
0.00422513
0.00954666
0.00582844
0.00667873
0.00832325
0.000809703
0.0075317
0.00831733
0.00753833
0.00236175
0.0145659
0.00280485
0.00319076
0.00145665
0.00175997
0.00651008
0.00274397
0.00681576
0.00598755
0.0333032
0.00782996
0.00560719
0.00504454
0.00802916
0.0017364
0.00460555
0.0036055
0.00384001
0.0145227
0.00174613
0.0102498
0.012665
0.00444969
0.010601
0.00252306
0.0128922
0.00120894
0.0118565
0.00620714
0.0138587
0.00498852
0.0102077
0.0122943
0.0016374
0.00934358
0.0107522
0.685643
0.0219651
0.00654286
0.00185041
0.00873524
0.0168165
0.0217013
0.00289368
0.000660048
0.0131077
0.0059357
0.00314257
0.936148
0.0144645
0.815787
0.00785498
0.0172281
0.0193141
0.00332207
0.00898145
0.00981103
0.00520064
0.00881462
0.0163817
0.0129352
0.00826518
0.551562
0.00619705
0.00645195
0.00943789
0.00597337
0.00969868
0.00980436
0.00978116
0.00902638
0.61999
0.00169891
0.0114262
0.00197138
0.0105442
0.0144916
0.00835025
0.0163379
0.00342646
0.0116091
0.00227539
0.00519619
0.00136305
0.00236303
0.00323095
0.00932244
0.00444137
0.00532044
0.00762686
0.00981543
0.00656353
0.0141678
0.00683845
0.00742776
0.00704955
0.00449741
0.00734065
0.0152523
0.00789425
0.0135211
0.0104111
0.00514911
0.0105588
0.00754674
0.0018643
0.00381537
1.32822
0.00595286
0.00597622
0.00480564
0.00509379
0.0117963
0.00893183
0.00508443
0.0146642
0.00602676
0.00446987
0.486042
0.00556214
0.0177922
0.00200716
0.00928747
1.10342
0.00435486
0.0103932
0.00205717
0.0100595
0.00235482
0.0051059
0.00559004
0.00282515
0.0024714
0.00262986
2.09839
0.00925389
0.00517114
0.0112677
0.010961
0.0147741
0.010272
0.0110781
0.00645391
2.14043
0.0336509
0.00474791
0.00488892
0.00333799
0.556733
0.00833303
0.00567872
0.00518637
0.00861276
0.0128435
0.00422298
0.00485629
0.00643824
0.0108987
0.0113886
0.00385944
0.00713233
0.0032726
0.0202071
0.00395875
0.00450421
0.0248375
0.00858885
0.00882943
0.00543162
0.000830049
0.00816335
0.00598171
0.00638673
0.018594
0.00924146
0.00556281
0.00850873
0.00659543
0.00705047
0.00255593
0.00579184
0.00501432
0.01062
0.00609494
0.938747
0.00862913
0.00353953
0.00485896
0.00752135
0.0121022
0.00226774
0.0043667
0.00179422
0.0112459
0.0101355
0.00754478
0.00537453
0.00918992
0.00700142
0.00840433
0.0115245
0.00224506
0.00366723
0.0143024
0.00232491
0.0100001
0.00218264
0.00285309
0.00772807
0.00600116
0.00262272
0.0037263
0.0149408
0.00782947
0.0282702
0.0052258
0.00501051
0.00682564
0.00937498
0.00132985
0.00882231
2.04457
0.00297765
0.00332487
0.0138768
4.24987
0.00776397
0.00788705
0.00848141
0.00300312
0.00365328
0.00163649
0.00710631
0.00926685
0.0028302
0.00364031
0.0101589
0.00660967
0.0102947
0.00183934
0.00339923
0.00859084
0.00651958
1.2503
0.00240919
0.00234814
0.00906988
0.00302507
0.00432522
0.00415848
0.00801592
0.00127028
0.0155094
0.00659984
0.463753
0.00432228
0.00926443
0.00914784
0.00560097
0.0134106
0.005905
0.00452461
0.00105789
0.00361966
0.0111826
0.00877039
0.0032607
0.0105834
0.00593298
0.00730594
0.0214597
0.013081
0.00231836
0.570157
0.00581518
0.0123589
0.632771
0.00190201
0.00679805
0.00440138
0.0106437
0.00359782
0.00471376
0.00496628
0.00240266
0.0026674
1.55955
0.00583266
0.0354806
0.001743
0.00224951
0.00261292
0.00284565
0.584696
0.00371519
0.00944566
0.00966096
0.00759609
0.00954044
0.011634
0.0131455
0.0183703
1.4526
0.0194637
0.00243482
0.00874946
0.0117664
0.00742093
0.00286498
0.0251123
0.0190699
0.00350552
0.0138609
0.00625364
0.00265509
0.00929956
0.0181377
0.00544286
0.427194
0.00792815
0.00323009
0.00756271
0.00035985
0.00491874
0.007174
0.00795815
0.00653514
0.00772237
0.00226621
0.750529
0.00925961
0.00426504
0.000163338
0.00290245
0.00391735
0.0163954
0.00614855
0.00764158
0.0130398
0.0115621
0.00205109
0.00508735
0.0085871
0.0194662
0.00525148
0.00543226
0.00642966
0.0133014
0.00568739
0.00492364
0.000985671
0.00440582
0.0110637
0.0111127
0.003028
0.00911395
0.0032067
0.00742157
0.00145811
0.00780788
0.00080425
0.00552813
0.00859787
0.00367041
0.000837414
0.00707211
0.0036022
0.0102422
0.00684817
0.00923949
0.089278
0.0323397
0.0109722
0.019356
0.0120293
0.0039871
0.000955708
0.00753512
0.00523178
0.00625158
0.0143394
0.540392
0.00365935
0.00540781
0.0106966
0.00640068
0.011777
1.0128
0.499004
0.00487404
0.00358128
0.00301284
0.00986268
0.338981
0.743601
0.00683291
0.00632131
0.00761056
0.00455025
0.00285925
0.00884041
0.00630177
0.0254805
0.000692515
0.00191477
0.00565571
0.010824
0.00663403
0.00233905
0.00990595
0.00745957
0.0045643
0.00696728
0.628443
0.00600138
0.00929995
0.0128453
0.00719391
0.0153056
0.009131
0.00422991
0.0245466
0.00841689
0.0019465
0.0030076
0.00586938
0.0126093
0.00836101
0.0103039
0.00390261
0.0135971
0.0110373
0.00708843
0.000890162
0.00256011
0.00153129
0.02206
0.00450658
0.00342582
0.00615922
0.00790109
0.00721678
0.0104534
0.00655418
0.00624933
0.00353126
0.00331848
0.0294639
0.00488756
0.00322413
0.00340746
0.00726149
0.0117902
0.0110662
0.0126299
0.00501092
0.670946
0.0059287
0.00774051
0.00726423
0.0189342
0.00376689
0.00419561
0.0024651
0.00831381
0.00324816
0.00285548
0.0075074
0.00397251
0.981709
0.00800551
0.0206297
0.0110146
0.00262997
0.00500222
0.00338587
0.0054399
0.00228321
0.00231634
0.00477154
0.0107531
0.00639011
0.00270537
0.000682179
0.00720834
0.00558755
0.00451669
0.00105043
0.00915665
0.00466954
0.00605975
0.00767849
0.0112451
0.0105534
0.00441809
0.00449563
0.0536105
0.00591624
0.00178532
0.000609372
0.00559999
0.0084051
0.00599453
0.00618399
0.00909183
0.00685212
0.00475853
0.00298581
0.0223208
0.0086545
0.00327074
1.21631
0.000637792
0.00863127
0.00236787
0.0120386
0.00921829
0.0071672
0.00355019
1.12515
0.00130674
0.0215116
0.0071279
0.0040422
0.0070446
0.00920332
0.0145183
0.000468601
0.00905206
0.00335233
0.00228825
0.00672538
0.00449055
0.00892324
0.00747752
0.00924973
0.0062748
0.00250274
0.00507162
0.00319286
0.0048557
0.018127
0.00639425
0.00516688
0.0045745
0.0126151
0.0017286
0.00303307
0.00199469
0.0123211
0.00430026
0.00718692
0.0114242
0.00618819
0.00206899
0.00592176
0.00654399
0.0059313
0.00479825
0.002354
0.00969987
0.00669936
0.00233638
0.00298321
0.00116122
0.000329334
0.00237604
0.0104852
0.00791185
1.02981
0.00243307
0.384992
1.32351
0.0118579
0.0197198
0.00260038
0.013564
0.00782677
0.0103425
0.015816
0.00199832
0.00221184
0.452405
0.0198023
0.00159182
0.00274305
0.0111205
0.00762946
0.95035
0.00467076
0.00211668
0.00570224
0.00848748
0.00271034
0.00548209
0.0057852
0.0123198
0.00796962
0.00981889
0.00403712
0.00939244
0.00415912
0.00281388
0.00699865
0.00276432
0.0052432
0.0118812
1.29864
0.0141051
0.704069
0.266458
0.00482843
0.0101468
0.00499081
0.0211483
0.0057292
0.0153073
0.00589364
0.00907546
0.00897541
0.00445794
0.0232192
0.00565962
0.00536776
0.00785581
0.428664
0.00481341
0.00646089
0.00343529
0.00563645
0.00451052
0.00380329
0.00392817
0.00243822
0.0060661
0.00268597
0.00388078
0.0078644
0.00570691
1.00334
0.00651186
0.00549402
0.00744882
0.00209694
0.0095172
0.00666169
0.00217839
0.0182956
0.407638
0.00363006
0.533375
0.00341682
0.316841
0.00419845
0.00273978
0.00470486
0.0106818
0.00351919
0.00655769
1.52763
0.004667
0.00900508
0.00543408
0.0129056
0.426071
0.00653836
0.00976903
0.0234524
0.890415
0.00190168
0.00861294
0.00170399
0.322185
0.00348899
0.0105265
0.0136711
0.419855
1.41547
0.0210845
0.00111014
0.00532887
0.00444002
0.00824649
0.726126
0.0120868
0.0107411
0.00374072
0.00900564
0.00591528
0.0119864
0.00269557
0.00477232
0.00676528
0.0130483
0.00562234
0.0151444
0.00822266
0.00717341
0.00635816
0.00592286
0.0112123
0.0098153
0.0116634
0.00544807
0.00253411
0.00293397
0.00651528
0.00203075
0.00776892
0.00340651
0.00379872
0.0045624
0.00746225
0.016809
0.0122531
0.00769028
0.00304824
0.00998389
0.010313
0.00689419
0.0100088
0.00274486
0.60115
0.00626383
0.00183584
0.00388566
0.00353159
0.0106163
0.0123359
0.00477196
0.565807
0.00605963
0.0215157
0.827519
0.0151976
0.00623585
0.013668
0.00519043
0.00354104
0.00545994
0.0104576
0.00321553
0.00940573
0.00290292
0.332287
0.00460618
0.00593171
0.00178572
0.00325036
0.00784047
0.483986
0.0119249
0.00259301
0.0113588
0.00779592
0.00354693
0.0137527
0.00446573
0.00363945
0.000768308
0.0121737
0.00426985
0.0101092
0.00336739
0.00357788
0.0235473
1.46927
0.0155819
0.00162118
0.00616792
0.00559004
0.0147807
0.00166283
0.000488421
0.0164167
0.003858
0.00723883
0.00878279
0.00591263
0.016659
0.00639833
0.00279178
0.00980441
0.00636116
0.00814437
0.00727208
0.00627079
0.0029283
0.00271215
0.0126944
0.0129022
0.00718266
0.00174836
0.00730987
0.607047
0.0204318
0.0342847
0.00760494
0.00265116
0.00210085
0.00735287
0.0516275
0.0142378
0.331926
0.00567828
0.354989
0.00732763
0.0029949
0.014793
0.010734
0.017168
0.0133764
0.0041969
0.00218045
0.00816421
0.0166643
0.0103766
0.0114485
0.00402703
0.00667542
0.0142775
0.0151451
0.0119305
0.00992477
0.576627
0.00932623
0.00787696
0.00637695
1.10552
0.00776973
0.00382161
0.00965858
0.00528653
0.000733583
0.0102301
0.000597308
0.0165701
0.00797327
0.200998
0.00411569
0.880796
0.0118672
0.00567592
0.0120478
0.0141455
0.0034627
0.00113753
0.0176163
0.00307387
0.0157767
0.0358295
1.01143
0.00547313
0.00455635
0.009607
0.00707981
0.00653133
0.0106764
0.00556425
0.00751043
0.00102216
0.014462
0.00942974
0.00184429
0.0215514
0.00808179
0.0036914
0.00257921
0.0077419
0.00401545
0.0060391
0.00719543
0.00516282
0.0104898
0.0107309
0.00815648
0.00350219
0.00226505
0.00615835
0.00388106
0.00936189
0.00977722
0.00624015
0.00990783
0.00487859
0.00338977
0.00534249
0.00543714
0.0118787
0.000869612
0.00834809
0.0105667
0.00629727
0.0057015
0.0131666
0.00731074
0.00506381
0.0118462
0.00812923
0.00516315
0.00534339
0.0220842
0.00430908
0.00573333
0.0124095
0.0164643
0.00499983
0.0105454
1.12238
0.00613419
0.00192082
0.00195084
0.00558308
0.00499708
0.00886729
1.25885
0.00669805
0.00178922
0.00595151
0.00566904
0.0259044
0.00158303
0.00252171
0.00177653
0.00638378
0.00615154
0.01625
0.00526825
0.00884449
0.0103806
0.00793964
0.00244377
0.00352119
0.00869082
0.011562
0.00727821
0.00897252
0.00709584
0.00378045
0.00342991
0.00435798
0.00243806
0.0220969
0.00620106
0.0185684
0.0116297
0.00536509
0.00357997
0.0169054
0.0192678
0.0091584
0.0121283
0.00630198
0.00412349
0.000839586
0.00601897
0.00999438
0.00569543
0.0144218
0.00964987
0.00419958
0.0110237
0.0367442
0.00314462
0.762987
0.0042716
0.00519946
0.0105052
0.0240784
0.00195773
0.00174149
0.00633399
0.0027944
0.00635717
0.00980087
0.00743899
0.00504825
0.00538857
0.0115254
0.00122554
0.0072052
0.0019185
0.0154893
0.010186
0.00097207
0.00363573
0.00876852
0.00864066
0.45365
0.0109878
0.00165973
0.00595142
0.00476403
0.0105701
0.00911928
2.08184
0.00482008
0.00214917
0.00611688
0.0037447
0.00313935
0.297123
0.00100004
0.00652511
0.00355694
0.0047326
0.011278
0.00497621
0.00713753
0.0111888
0.00660741
0.00582054
0.00891863
0.00617931
0.0120475
0.929092
0.0115953
0.00335779
0.00217569
0.00521262
0.00590372
0.00969289
0.00469859
0.00869252
0.00883002
0.00983197
0.00304353
0.867263
0.0122379
0.00181881
0.00797527
0.0164189
0.00473393
0.00597392
0.0111266
0.00259407
0.015786
0.00500831
0.00311661
0.00598718
0.00179891
0.00325703
0.00340876
0.00644361
0.0089921
0.00563599
0.00553372
0.00404402
0.00242683
0.00767491
0.0128696
0.00410838
0.729179
0.00665462
0.00732786
0.00516525
0.00470384
0.014094
0.00757565
0.007419
0.0116235
0.0050355
0.00557384
0.00936944
0.0136267
0.0214344
0.00214777
0.00414371
0.0129112
0.00221636
0.00596725
0.00975763
0.00414467
0.00334066
0.0056773
0.481373
0.0136709
0.00572013
0.00441008
0.0159775
0.00663335
2.8678
0.00552819
0.00575789
0.00961183
0.00249868
0.00682812
0.0056896
0.00291517
0.00739357
0.00991803
0.0117442
0.00842318
0.00754141
0.00436315
0.0173292
0.00104915
0.460611
0.00503574
0.00764014
0.00919299
0.00521192
0.0181626
0.00238146
0.0131285
0.00334741
0.0133426
0.00758612
0.346151
0.000415531
0.00331264
0.0151944
0.0145336
0.0099894
0.0052774
0.00762421
0.697276
0.00598937
0.00506547
0.00569828
0.00636165
0.610837
0.00559146
0.00755129
0.00963198
0.00360815
0.00920997
0.00328505
0.0173979
0.000306408
0.00432694
0.01195
0.579366
0.0141853
0.00636805
0.00918699
0.000368035
0.00127922
0.00665179
0.00940579
0.0023049
0.01355
0.0194344
0.00838659
0.0246098
0.00726302
0.00466732
0.00762629
0.00591176
0.00612825
0.00638902
0.00210199
0.00724881
0.0078064
0.0121515
0.0156135
0.00862893
0.00629596
0.00751125
0.00272219
0.00744089
0.00829653
0.00835597
0.00397732
0.0126118
0.00506501
0.644014
0.00685691
0.0180074
0.00597091
0.00549975
0.0069824
0.0134893
0.00209893
0.0101445
0.0132772
0.0283404
0.00878619
0.0189502
0.00971837
0.0117329
0.347999
0.00818261
0.333975
0.644679
0.00293755
0.0120823
0.0135509
0.0178427
0.00605593
0.0096244
0.00747633
0.00321535
0.00673874
0.003954
0.00553897
0.00773576
0.00411712
0.00814065
0.0233694
0.373622
0.00564047
0.00319108
0.00482878
0.00534876
0.00974179
0.00529909
0.00968489
0.0119493
0.0046252
0.00590562
0.0102421
0.00467797
0.0106678
0.00858511
0.00760101
0.0054549
0.00854273
0.00734296
0.0080044
0.00176379
0.00439879
0.0116099
0.00858728
0.00826217
0.0238868
0.00117385
0.00438275
0.0138761
0.00622612
0.00238939
0.00884129
0.00326737
0.00649928
0.00650418
0.00924264
0.00738003
0.00680195
0.00616625
0.00391581
0.0189117
0.00261838
0.010747
0.0185342
0.0142335
0.00265971
0.00753165
0.00891836
0.00482657
0.0028192
0.0119339
0.00669995
0.0105125
0.010127
0.00450129
0.00892678
0.011054
0.00630087
0.012977
0.00657766
0.019025
0.00903793
0.00650449
0.00691134
0.0103526
0.0100052
0.0050546
0.0109598
0.00239776
0.00603623
0.00796579
0.00188761
0.00594959
0.0104371
0.00387789
0.00138288
0.00727797
0.00212244
0.00580893
0.014667
0.00461132
0.00342871
0.016078
0.999035
0.00435845
0.00837183
0.00378233
0.0136413
0.00715697
0.00781527
0.00640477
0.0122548
0.00199808
0.0108682
0.00697658
0.0113005
0.00363642
0.00899914
0.00918558
0.0150683
0.0103782
0.00257448
0.0143564
0.00967116
0.0165665
0.0124349
0.00708518
0.00930877
0.0120959
0.00555692
0.00759304
0.00772901
0.00284686
0.0103179
0.00415042
0.0118432
0.0161947
0.00912872
0.00839516
0.00582299
0.00807165
0.00305586
0.00714741
0.00398091
0.0148337
0.00178483
0.00938782
0.0061127
0.00921397
0.00267933
0.0178449
0.00792316
0.0176776
0.00697177
0.00706032
0.00939086
0.00550177
0.000987241
0.00124439
0.00480413
0.0108908
0.00534465
0.201575
0.00192354
0.0132822
0.00686608
0.00565316
0.00228536
0.0130197
0.00401756
0.00517599
0.66623
0.00446019
0.00582522
0.00315499
0.00620053
0.0205406
0.00772829
0.00329747
0.00295277
0.000584764
0.00353505
0.00603064
0.00609924
0.00589616
0.00917126
0.00375735
0.000544769
0.00847899
0.00846302
0.00675015
0.00292939
0.00204145
0.00943723
0.0052796
0.00361157
2.36843
0.0170702
0.00183794
0.00477546
0.00722224
0.00647526
0.00512266
0.0179652
0.0108566
0.0110829
2.23889
0.00501535
0.00654012
0.760787
0.00735637
0.00456005
0.0135769
0.00320467
0.00518559
2.87201
0.0118422
0.00579683
0.00338426
0.0130086
0.0072747
0.00295443
0.00501953
0.0146691
0.0122017
0.355701
0.00241231
0.0109818
0.003646
0.00132775
0.00557681
0.00500959
0.759434
0.0051104
0.00760866
0.00899976
0.726672
0.0131691
0.00552392
0.00608839
0.342289
0.0122145
0.0156425
0.00169857
0.00281426
0.00905968
0.00672085
0.0154539
0.0109389
0.000463773
0.00485469
0.0105818
0.00324169
0.00319277
0.0121309
0.00362852
0.00344065
0.00923605
0.00755208
0.00455757
0.00374915
0.00747859
0.0159816
0.00282046
0.00864127
0.01091
0.00440573
0.00424582
0.015325
0.0140188
0.00902725
0.00966193
0.000828374
0.0190406
0.00695674
0.00167371
0.00368662
0.0059415
0.00843752
0.00468081
0.0136645
0.00337331
0.00726394
1.91127
0.00494932
0.00472363
0.00268976
0.00233379
0.00630898
0.00171401
0.00627056
0.00553475
0.00770142
0.798182
0.013733
0.900729
0.00440742
0.00529101
0.00554943
0.00492652
0.0066711
0.00281736
0.00221759
0.00544341
0.0059973
0.00943832
0.00500514
0.0102792
0.00638111
0.00901068
0.00413054
0.0114509
0.00588194
0.0112729
0.00275378
0.0120904
0.00716284
0.013422
0.00686489
0.00429983
0.0100731
0.00676617
0.00111677
0.0095993
0.00570815
0.649131
0.916132
0.000521505
0.361497
0.00829973
0.00295685
0.00475519
0.00202194
0.00936414
0.00298442
0.0124708
0.00393407
0.00547676
0.0103633
0.0114436
0.0153664
0.00922519
0.0312574
0.00556593
0.00489135
0.00723848
0.00338388
0.00791556
0.00352084
0.0142629
0.0093665
0.00384412
0.00629412
0.0110638
0.0134478
0.00337716
0.00605136
0.0080523
0.00482704
0.00565988
0.00595837
0.00645137
0.00153083
0.00451729
0.00262077
0.00332808
0.00680353
0.00256282
0.00663088
0.00721355
0.00479833
0.0024311
0.00324004
0.00444336
0.00533454
0.00579299
0.00884308
0.00553308
0.0127691
0.00673553
0.600068
0.00801997
0.00606968
0.0041883
0.0064072
0.0100371
0.00438718
0.00854059
0.00636428
0.00246636
0.00442786
0.00593327
0.00783911
0.00851088
0.0180157
0.00133715
0.016079
0.00843619
0.00850659
0.00340226
0.00896799
0.0117318
0.00793383
0.0108351
0.0094656
0.00282604
0.0156379
0.00495732
0.00826914
0.00679667
0.00535522
0.0180169
0.00404356
0.00495433
0.00850197
0.00945121
0.00605722
0.0106488
0.00810896
0.022936
2.93879
0.00787408
0.0115709
0.00416936
0.0130636
2.61066
0.00831781
0.0061447
0.0297688
1.36545
0.00766271
0.00519479
0.00920032
0.0013941
1.38825
0.0181037
0.00855595
0.00208614
0.0129742
0.007779
0.0103976
0.726873
0.00675788
0.0119947
0.00549233
0.00704872
0.00559724
0.0082309
0.0184163
0.0074245
0.993177
0.00599787
0.897506
0.00712812
0.0190373
0.00556316
0.0124469
0.00524884
0.0090755
0.00725934
0.0029555
0.00388498
0.00353754
0.00143302
0.00793278
0.00375957
0.0125579
0.00424473
0.00821039
0.0093074
0.00922204
4.49298
0.00160636
0.0107617
0.0100552
0.0033388
0.00506403
0.00553066
0.0161955
0.00520812
0.0100278
0.0057004
1.40626
0.00752948
0.00834616
0.00660042
0.00224837
0.00952513
0.0101158
0.0026997
0.0188848
0.00895578
0.006138
0.00374002
0.00673492
0.0058463
0.00735896
0.00682471
0.011638
0.0285187
0.354889
0.0038448
0.00470128
0.00520641
0.0118852
0.0091101
0.00736709
0.000823416
0.0247122
0.0136293
0.00501433
0.00711779
0.00219619
0.00870585
0.0107612
0.0152785
0.00879496
0.00426135
0.00925421
1.19759
0.0102814
0.000711754
0.0023773
0.00361987
0.00718919
0.0213076
0.0116337
0.00402233
0.0117039
0.010273
0.00246138
0.0119161
0.00218702
0.00920836
0.00665494
0.00651912
0.00734762
0.00442816
0.00489654
0.00486494
0.00372514
0.0124322
0.00222087
0.00482925
0.00659539
0.00678156
0.0136802
0.00382531
0.00588845
0.00365582
0.000917622
0.00735743
0.00438495
0.00795611
0.00451713
0.00223451
0.00775053
0.0200926
0.0108829
0.00301438
0.00643027
0.0100702
0.00695185
0.0127013
0.451633
0.00358853
0.00734255
0.0170163
0.0172522
0.0180676
0.0131081
0.00165578
0.00788521
0.00749941
0.010577
0.0024075
0.00567752
0.00662063
0.00511167
0.00725505
0.000264317
0.00760121
0.0122152
0.771028
0.00607418
0.00851645
0.00840337
0.00690499
0.00860284
0.0060773
0.00416005
0.00774088
0.00339756
0.00100438
0.00465666
0.00996894
0.0161553
0.0130742
0.00872711
0.0161407
0.00858774
0.0110759
0.00120488
0.00145611
0.0111426
0.00763711
0.00259313
0.00913481
0.0036836
0.0061421
0.0107824
0.0154391
0.00156039
0.0130272
0.00633964
0.0089417
0.00812851
0.0208605
0.00814332
0.00956062
0.00774511
0.0016565
0.00213298
0.0102413
0.00386539
0.00694284
0.00994717
0.0109221
0.00584081
0.00506899
0.00493118
0.0120868
0.00825538
0.00410299
0.00838424
0.0127369
0.00985229
0.00896909
0.832015
0.0271676
0.00362865
0.00433642
0.784666
0.00485381
0.0195641
0.00212471
0.0022269
0.0107513
0.00524131
0.0036197
0.00657232
0.00924937
0.0127295
0.0352059
0.0179924
0.00849911
0.0041393
0.00787135
0.0125077
0.00253585
0.00482843
0.0108596
0.0097747
0.0213274
0.00517711
0.00149928
0.0174419
0.0141411
0.00792793
0.00979165
0.608943
0.00644579
0.0046557
0.0128098
0.00463346
0.0143906
0.00254298
0.00112553
0.00610695
0.0233602
0.00299124
0.00788448
0.0027605
0.0127418
0.00310296
0.00113792
0.0147005
0.00887801
0.0112507
0.273513
0.0101861
0.00810708
0.0103618
0.00218489
0.0126193
0.0109006
0.0130103
0.429262
0.0127142
0.00530279
0.00709806
0.0086561
0.00486472
0.00666651
0.0020256
1.42118
0.00130452
0.00769043
0.00307529
1.72014
0.00106117
0.00631047
0.00509152
0.00150505
0.0146055
0.00333597
0.0123878
0.00817779
0.0140299
0.00471792
0.00912981
0.0025748
0.00963917
0.0213795
0.00442364
0.472723
0.0053503
0.0101583
0.00815789
0.00669279
0.00254612
0.00696698
0.0064207
0.0068475
0.00276416
0.0133042
0.00413104
0.00557274
0.00102312
0.00997664
0.00225059
0.00346798
0.00319295
0.00354959
0.0046026
0.00401052
0.00711916
0.00610114
0.0101839
0.0131022
0.00779613
0.00703634
0.00862183
0.00416711
0.00874575
0.00279479
0.00871528
0.00510935
0.0120063
0.00229483
1.05983
0.00592832
0.00501453
0.183728
0.52396
0.0103782
0.343232
0.0135455
0.00353884
2.98217
0.595782
0.00817679
0.00920748
0.00455207
0.0140783
0.00727559
0.017905
0.00781914
0.00689652
0.00888529
0.0200793
0.00429811
0.00973465
0.00241361
0.00615711
0.00442313
1.17377
0.00500248
0.00399712
0.00827039
0.00718478
1.56161
0.00983509
0.00327694
0.00466512
0.0114428
0.00561816
0.00701298
0.00308346
0.00230333
0.379064
0.0099219
0.00357556
0.00348633
0.00689252
0.00719418
0.0065237
0.000925161
0.00523785
0.00732696
0.0131622
0.0114682
0.0168792
0.0204551
0.00694338
0.00855106
0.00540302
0.0110218
0.00176164
0.0029303
0.00804261
0.0205628
0.00187193
0.00496694
0.00261444
0.0115976
0.0240023
0.00303564
0.00427922
0.00220335
0.00721318
0.00570131
0.0108558
0.00298031
0.00176896
0.0226089
0.0192461
0.00612766
0.00624088
0.0162868
0.00318967
0.00510045
0.0267309
0.0119301
0.0116999
0.006484
1.98972
0.00620549
0.00289179
0.011649
0.00980821
0.00380075
0.00626332
0.00601256
0.00450111
0.0197869
0.0166966
0.00468568
0.00688561
0.00332108
0.0081938
0.00179486
0.00960052
0.0142345
0.00212276
0.00798874
0.00549867
0.00738526
0.012304
0.00731594
0.00732577
0.0105386
0.00528521
0.00196708
0.00596177
0.0124834
0.0106023
0.00790688
0.00884867
0.000521499
0.0117739
0.00331066
0.00409953
0.0157932
0.00385911
0.00453684
0.00772685
0.00730192
0.00316561
0.00819895
0.0126999
0.00938414
0.00495615
0.00552482
0.0094271
0.0067923
0.0249832
0.00509976
0.00324983
1.32895
0.00262349
0.0179875
0.0106487
0.0075746
0.00109332
0.0116894
0.00932238
0.00819805
0.00190622
0.00396959
0.00792593
0.000382477
0.0052049
0.0139225
0.699005
0.00844666
0.00616899
0.00321914
0.0070706
0.00783184
0.0110747
0.00426113
0.0120573
0.0105391
0.0157102
0.00793641
0.00618555
0.0100885
0.00403485
0.00843538
0.0147399
0.00658153
0.00568323
0.911177
0.00220573
0.00274004
0.007207
0.836345
0.00361528
0.002821
0.00723692
0.00868492
0.00326523
0.0123829
0.0103836
0.241371
0.00925842
0.0149942
0.00675479
0.949793
0.686064
0.00747549
0.0028412
0.00842186
0.00207296
0.00400083
0.422111
0.003076
0.0157144
0.0187217
0.00407605
0.00922441
0.00609833
0.00858933
0.00540425
0.00928969
0.00839972
0.00990234
0.00839003
0.00545515
0.00154273
0.511516
0.00489678
0.00952085
0.652906
0.0062729
0.0187503
0.000939575
0.0142971
0.00232806
0.00748521
0.0110857
0.0039371
0.00797144
0.00537923
0.00861464
0.00292471
0.00206893
0.00340077
0.00835983
0.752918
0.00340448
0.0037603
0.0164441
0.0132355
0.772043
0.410918
0.00814278
0.0029161
0.00485969
0.00118513
0.0126593
0.578505
0.0076656
0.00797885
0.978845
0.0126644
0.00679749
0.00296524
0.00583394
0.00296731
0.0030796
0.00849711
0.545563
0.00549839
0.695818
0.00236221
0.0103544
0.00467248
0.00885811
0.00436529
0.00630726
0.0133556
0.00400888
0.00432678
0.00233974
0.00480429
0.0132328
0.716605
0.286973
0.00389032
0.00849285
0.00449024
0.00222313
0.00391355
0.150244
0.00127453
0.00177839
0.00138998
0.00559533
0.00964951
0.00616237
0.00708887
0.0131046
0.00473421
0.00619954
0.00875245
0.0088344
0.00660858
0.0108347
0.00623151
0.00984495
0.00291424
0.0141628
0.0113366
0.00836363
0.0183393
0.00424228
0.00361073
0.391292
0.00627098
0.00544129
0.00489678
0.00238296
0.00467122
0.00616661
0.00425568
0.0019908
2.69071
0.00257577
0.0125439
0.00355423
0.0157623
0.00371794
0.00129469
0.00462404
0.00178361
0.00758286
0.00687173
0.00437055
0.00509548
0.00232938
0.00670418
0.00746861
0.00692913
0.00747599
0.0057336
0.00588108
0.00410907
0.00351361
0.012616
0.00827
0.00836419
0.960706
0.00869948
0.00341846
0.017388
0.533576
0.910671
0.00786097
0.577611
0.00323637
0.00322657
0.000321282
0.00512432
0.00543995
0.00511258
0.883836
0.0387729
0.00321305
0.00194242
0.00255176
0.00282705
0.00329131
0.0067001
0.00885263
0.00832771
0.753239
0.00433585
0.00636894
0.00970015
0.00309817
0.00976573
0.00711174
0.0123419
0.00976348
0.00640541
0.000246438
0.00217605
0.0067077
0.00888828
0.00478589
0.00698984
0.0122036
0.0121742
0.00473404
0.00483957
0.00254745
0.0133995
0.00532883
0.0080321
0.00415043
0.00476859
0.00251621
0.0100871
0.010908
0.00507901
0.00770902
0.00884364
0.00672327
0.00664902
0.006265
0.00447398
0.0335522
0.00932499
0.00702647
0.00708811
0.00382058
0.00762225
0.00193459
0.00208009
0.00664417
0.00266937
0.00290896
0.00823047
0.010213
0.00516282
0.00743484
0.00605834
0.00397495
0.0097782
0.00555384
0.00131139
0.00399357
0.00181372
0.0135417
0.0101031
0.0158031
0.00347138
1.10405
0.902748
0.0155802
0.0574761
0.00587094
0.00455615
0.00475442
0.0110999
0.882716
0.0156667
0.0047221
0.00910272
0.00141044
0.00469588
0.0070069
0.0133054
0.0117614
0.0099003
0.00152176
0.00372856
0.00248027
0.00935277
0.0137007
0.00394844
0.00871266
0.0012444
0.0107535
0.0122673
0.0105145
0.00811455
1.36335
0.00245654
0.00792079
0.0102471
0.00201342
0.00984929
0.0185953
0.0116487
0.00533584
0.0121843
0.00579044
0.00257475
0.00970895
0.000845474
0.0223909
0.00457799
0.00754588
0.00306538
0.0184797
0.0124563
0.00393245
0.019482
0.0053673
0.00537125
0.00308052
0.0122585
0.00305851
0.0256596
0.00483382
0.00191735
0.00637306
0.0108098
0.00567544
0.00359491
0.00595464
0.0134854
0.00646138
0.00781702
0.0127402
0.00749052
0.0019558
0.00960828
0.00835092
0.00980839
0.00972455
0.00119573
0.00416201
0.0108433
0.00600187
0.00334293
0.00667314
0.0212456
0.0218728
0.0137103
0.00278768
0.00737608
0.00100373
0.00385667
0.0133567
0.00239516
0.00490731
0.00323138
0.00925055
0.510025
0.00956457
0.0044825
0.00361745
0.00639607
0.00563519
0.00814182
0.0105514
0.00643514
0.00408745
0.0108735
0.00402148
0.00391744
0.00874162
1.16763
0.00820384
0.00319981
0.00958601
0.00132963
0.0120674
0.00699086
0.0118379
0.00664637
0.00171038
0.00953176
0.00193889
0.00502315
0.0130388
0.00363517
0.00570279
0.0134845
0.132195
0.00784807
0.00467694
0.0145192
0.00274729
0.0032001
0.00379099
0.00197147
0.0110512
0.0101387
0.00989433
0.000710432
0.0144497
0.00305334
0.00549545
0.0202691
0.00705157
0.00396847
0.000722922
0.00686523
0.00332746
0.00769877
0.00905741
1.0595
0.00641034
0.00822387
0.00680298
0.00438542
0.00742936
0.00317213
0.00561252
0.00231539
0.00213082
1.21024
0.00934103
0.00319984
0.00517229
0.0223036
0.00231456
0.0112512
0.0294582
0.00546238
0.010295
0.00159721
0.0105462
0.00204278
0.0344826
0.00412969
0.0272275
0.0028614
0.00656712
0.0194156
0.00415184
0.00243604
0.00103845
0.00545123
0.012118
0.00207766
0.0153325
0.0106039
0.00595158
0.00634887
0.0123801
0.00286493
0.00176336
0.00637056
0.0243216
0.00544951
0.00287114
0.0136085
0.0102406
0.0184017
0.00527608
0.00506921
0.0114045
0.00474123
0.00399377
0.00497111
0.0148455
0.0093725
0.0210777
0.00532815
0.00428472
0.00341297
0.0102345
0.00478657
0.00573997
0.00215578
2.29235
0.00834862
0.0150908
0.00500636
0.00487066
0.0144128
0.00817623
0.00609856
0.00613765
0.0136757
0.00150817
0.00775112
0.00110092
0.0045192
0.00825203
0.0178744
0.0116013
0.0111477
0.0062459
0.00225323
0.00543513
0.0131666
0.00359742
0.00313734
0.00551035
0.00564099
0.00446847
0.00326334
0.00748017
0.00471215
0.586441
0.00299989
0.000409647
0.0085412
0.0107551
0.0102065
0.00540785
0.013684
0.00351649
0.00875949
0.0181011
0.00191543
0.00400648
0.00445995
0.00896332
0.0131707
0.0152532
0.0196911
0.00744806
0.00620866
0.0120875
0.00445421
0.00960409
0.00896884
0.00557956
0.0044796
0.00982082
0.00245724
0.0241731
0.00740299
0.00597795
1.43448
0.00717235
0.0103575
2.02468
0.00511468
0.0105137
0.00851216
0.0036086
0.0051068
0.00619495
0.00808661
0.00439541
0.00789395
0.00392742
0.00297152
0.00703385
0.00881157
0.00582481
0.203866
0.0135784
0.00983757
0.00790094
0.00805772
0.00326213
0.00533948
0.0102456
0.517649
0.0131354
0.000798368
0.00502033
0.954371
0.00619946
0.0121844
0.00678714
0.00917221
0.00246163
0.00482909
0.0115536
0.00610159
0.00195311
0.0104208
0.00405995
0.00816638
0.00688004
0.00441732
0.0217591
0.00328398
0.00748464
0.0118703
0.00885843
0.00575331
0.00341227
0.00338106
0.00124388
0.00628809
0.00232532
0.00697582
0.00347188
0.00761429
0.00561695
0.00964869
0.00449627
0.00802602
0.00648854
0.00729323
0.00621892
0.00790347
0.00831674
0.00552663
0.00244878
0.0115558
0.0117386
0.00586895
0.00598566
0.048977
0.00195139
0.00711774
0.000176379
0.00253684
0.787744
0.000525163
0.00541419
0.00581396
2.90798
0.00327996
0.00701129
0.00158539
0.0119911
0.00563335
0.00534856
0.00187754
0.00716134
0.496438
0.0182375
0.00145184
0.0057788
0.00715628
0.0119781
0.00798732
0.0147028
0.0156154
0.00805112
0.00368079
0.00840439
0.00564814
0.00588262
0.00512374
0.00659411
0.00347758
0.00641098
0.00446962
0.00805518
0.0080299
0.00214749
0.009705
0.00218132
0.00340439
0.00511361
0.00832892
0.0115214
0.00347424
0.00592662
0.00311707
0.00279933
0.00726384
0.00473219
0.0147004
0.0164181
0.00544199
0.00599713
0.0199328
0.00669071
0.0108611
0.00645552
0.00868836
0.00672433
0.0102718
0.0162193
0.0119084
0.0102578
0.00678024
0.00212681
0.0121843
0.0264016
0.0130483
0.00438983
0.00515682
0.00216021
0.00607316
0.0115682
0.00273
0.014137
0.00801523
0.00997477
1.25912
0.00332422
0.00494513
0.00545243
0.00154617
0.00822196
0.00584684
0.00598652
0.012022
0.00675705
0.00868555
0.00217722
0.00445495
0.00290009
0.0111629
0.0133626
0.00615931
0.000946382
0.0138045
0.00995758
0.000896717
0.00164277
0.0112682
0.00702174
0.00654858
0.381481
0.00853696
0.0010351
0.00686512
0.0111472
0.00621262
0.00621352
0.00497926
0.0183187
0.00661463
0.00843146
0.591679
0.0204402
0.0115616
0.00310399
0.00490219
0.00552674
0.00105559
0.00914418
0.0207863
0.0142306
0.00531523
0.00667762
0.00419689
0.0017467
0.0190407
0.00936833
0.00177707
0.0136097
0.00442515
0.00364609
0.00522605
1.55735
0.00419682
0.00907422
0.00115514
0.00773592
0.00964555
0.00392989
0.00989042
0.00646116
0.00524347
0.00796419
0.00867059
1.09268
0.0120587
0.00616372
0.00173639
0.00437673
0.00782396
0.00315316
0.0115413
0.544834
0.00213493
0.0006274
0.00992733
0.00194857
0.00612146
0.00784032
0.00453599
0.00677373
0.00295253
0.0071235
0.00343826
0.0138357
0.00757559
0.00431333
0.0054087
0.00462082
0.00266536
0.00450719
0.00958686
0.00422768
0.00314415
0.00356844
0.00403708
0.00378433
0.806745
0.0187198
0.0103611
0.00832207
0.00371074
0.567997
0.0123643
0.0127409
0.00978674
0.000783104
0.0258378
0.00772733
0.0177123
0.00401996
0.0210264
0.00731359
0.0298839
0.595288
1.3305
1.37171
0.407064
0.00443912
0.00429409
0.00558141
0.73655
0.00579379
1.53001
0.00378379
0.0141126
0.0156057
0.0105772
0.0134749
0.0128037
0.00677018
2.34025
0.00451327
0.00607786
0.00956454
0.00159384
0.0226537
0.0142853
0.00132697
0.0136156
0.284442
0.00501013
0.00367302
0.00350636
0.567769
0.00760887
0.000695587
0.00480013
0.00303327
0.0102013
0.00670925
0.00237517
0.0056833
0.00995655
0.00147065
0.00408602
0.0109052
0.00479068
0.00592172
0.0128673
0.0059842
0.00813569
0.0042811
1.11061
0.00858512
0.741081
0.00843833
0.00815024
0.00612978
0.00757903
0.00252167
0.00735419
0.00500275
0.00624443
0.0161003
0.00745905
0.00678777
0.00310754
0.00341005
0.00531403
0.00628707
0.804436
0.00769109
0.0026325
1.05331
0.0141976
0.00612493
0.0104522
0.601521
0.00341319
0.0114401
0.00943557
0.00413234
0.0119049
0.00812986
0.00677282
0.00626781
0.000756477
0.0116375
0.0142104
0.52175
0.00354973
0.00905065
2.17349
0.00568925
0.0115525
0.00733742
0.00849568
0.00654177
0.00947473
0.00203784
0.00492034
0.000920173
0.00616293
0.00803523
0.00250705
0.00716895
0.00239047
