0.00965997
0.0109068
0.00585207
0.000545461
0.00495804
0.00021394
0.00243644
0.000450374
0.00155411
0.00863007
0.000503258
0.00240835
0.0118139
0.00347403
0.00944494
0.00121682
0.0157735
0.00304096
0.00750719
0.0139891
0.00256537
0.0104832
0.041875
0.0110782
0.00415078
0.00478704
0.0202139
0.00835222
0.0163864
0.00156146
0.00963466
0.0125671
0.00562058
0.00374178
0.00257778
0.0135994
0.00263394
0.00762142
0.012309
0.00936152
0.0101821
0.0089349
0.00450824
0.00045716
0.00592812
0.00304352
0.0048636
0.00131284
0.00314241
0.00807574
0.00469444
0.0173172
0.000386816
0.000497596
0.00152908
0.0031638
0.0081558
0.00440848
0.00788583
0.00267411
0.000968749
0.00067234
0.00475347
0.00291266
0.00426849
0.00550399
0.00591562
0.015091
0.0162974
0.00891694
0.00324071
0.000731605
0.0143705
0.00363392
0.0245412
0.0257676
0.0157016
0.0198648
0.0119528
0.00205219
0.010397
0.0131913
0.00519579
0.00545041
0.0140134
0.0114342
0.0075972
0.00361514
0.00483526
0.00163994
0.0197964
0.00170087
0.00844509
0.0042039
0.00715702
0.00247935
0.00467145
0.00225906
0.0103793
0.00360794
2.90948e-05
0.0047556
0.00653481
0.00915352
0.00518481
0.016191
0.0490772
0.00599981
0.0104834
0.00830745
0.00115792
0.0651338
0.00328856
0.00652937
0.00889339
0.0035392
0.0134648
0.00826704
0.0428573
0.00545059
0.0013304
0.000660704
0.0239844
0.0110074
0.000461642
0.00421545
0.00081781
0.00552465
0.00776374
0.0188818
0.00225545
0.00190854
0.00291711
0.118956
0.00587314
0.0027976
0.000897951
0.00405573
0.00648253
0.00899979
0.0167017
0.00176808
0.0058101
0.00267357
0.0056942
0.00302348
0.00222792
0.00270119
0.0485494
0.0181096
0.00655747
0.00381772
0.0139121
0.000891582
0.00514769
0.00669535
0.00698809
0.00978247
0.0023208
0.0177108
0.00238299
0.00296649
0.00205564
0.00528737
0.00305849
0.000464224
0.00267434
0.466234
0.00966809
0.00231457
0.0118429
0.00443677
0.00307526
0.0207877
0.0142871
0.0055807
0.00244554
0.00764177
0.00847611
0.0154955
0.0169606
0.00778801
0.00221331
0.0105298
0.017874
0.00445252
0.00637485
0.0145685
0.0024562
0.01009
0.00859437
0.00864709
0.00825401
0.0161138
0.00340564
0.0119043
0.00865561
0.0114749
0.00043129
0.00291081
0.00917453
0.00531386
0.0444628
0.00208143
0.00127241
0.068712
0.0140191
0.0264603
0.00841164
0.214959
0.0189177
0.000545309
0.765283
0.0188756
0.00700698
0.00176485
0.00256111
0.128243
0.00460179
0.000635027
0.00449265
0.0151436
0.0114729
0.0119778
0.00128769
0.605886
0.00404314
0.00407746
0.0043297
0.00443323
0.00394852
0.000339759
0.00398502
0.00584892
0.00136633
0.00786563
0.00618508
0.00500857
0.0067879
0.0135801
0.00905901
0.00214771
0.00420556
0.00478143
0.0087499
0.0122525
0.0163728
0.00296598
0.0137698
0.00401752
0.0116539
0.00350592
0.00595747
0.0424608
0.00332903
0.00220128
0.0136381
0.00156988
0.000280154
0.00915556
0.0232685
0.32397
0.00868582
0.00370736
0.00800931
0.00927635
0.00303564
0.0182572
0.00958054
0.00583886
0.0113427
0.205295
0.0106431
0.0182532
0.0217268
0.00293556
0.00419469
0.00165812
0.0108982
0.013578
0.00761269
0.02571
0.00644864
0.00912133
0.0110151
0.00643233
0.0470632
0.00700817
0.00701599
0.0104692
0.0038351
0.00676379
0.00202045
0.00394341
0.00518723
0.0099831
0.00830107
0.00154461
0.00296997
0.00232672
0.00188374
0.00317818
0.0820549
0.000592607
0.00347042
0.00529508
0.0107421
0.0129183
0.0128316
0.00624304
0.0123343
0.0042434
0.000767664
0.0106245
0.00185538
0.00331396
0.00105883
0.00109732
0.00637923
0.013781
0.0043343
0.00553274
0.00511972
0.00930194
0.00810717
0.0111424
0.0298704
0.0115084
0.0101316
0.0073863
0.0171206
0.00223256
0.00758171
0.00715165
0.00883036
0.542322
0.0112847
0.00624677
0.00228652
0.00952432
0.000323239
0.691122
0.010511
0.000656407
0.00392405
0.732995
0.00438858
0.00120258
0.00539428
0.737492
0.00922559
0.00160624
0.722194
0.0101562
0.00269033
0.0213934
0.000384287
0.00332966
0.000767911
0.0172092
0.000959714
0.00862674
0.00194756
0.00109288
0.0124288
0.0046655
0.00639219
0.00260095
0.049414
0.0122961
0.00284066
0.0128908
0.00369468
0.00300468
0.00138712
0.0739722
0.0115542
0.00227382
0.00679349
0.00120189
0.00906339
0.0032751
0.0171513
0.00547704
0.0102278
0.00387068
0.00597601
0.000737415
0.000732729
0.00928865
0.0130367
0.00334506
0.00400997
0.0022531
0.0123598
0.0124203
0.0116737
0.00258877
0.00478221
0.00676332
0.00203553
0.489249
0.00626843
0.00143384
0.00395274
0.0421329
0.00946948
0.0624882
0.00562233
0.00486153
0.00271194
0.00658396
0.00189601
0.00393433
0.0100392
0.0187903
0.00853894
0.535679
0.00592263
0.0028022
0.00722039
0.00806968
0.0030471
0.00508583
0.00619922
0.0092186
0.0026564
0.00807468
0.00129152
0.00147559
0.012701
0.00336268
0.00210582
0.00121559
0.00116486
0.0136697
0.00465462
0.00323587
0.0142905
0.0118706
0.00164808
0.015706
0.0122555
0.0122167
0.011742
0.003464
0.00718997
0.0191012
0.0112972
0.00432754
0.020424
0.0346846
0.00308354
0.0137389
0.0160146
0.0379249
0.00191451
0.00952388
0.00463599
0.00171782
0.00313161
0.00444028
0.00285948
0.00229556
0.00109265
0.00601846
0.0087375
0.0105232
0.0142925
0.00145403
0.00352871
0.624196
0.00681625
0.00584221
0.00486658
0.00450064
0.00800327
0.00353472
0.0714451
0.00268351
0.00494115
0.0044215
0.00293113
0.13218
0.000167898
0.391738
0.00424795
0.00749029
0.00565864
0.0021953
0.00328433
0.00501053
0.00829817
0.00432031
0.00306879
0.00145714
0.00458977
0.00119442
0.0166161
7.23867e-05
0.00656203
0.00192291
0.00582942
0.000682433
0.00269092
0.00559936
0.00274724
0.0100357
0.00814032
0.00832885
0.0110984
0.00568845
0.0115688
0.00459697
0.00364696
0.0072177
2.98463e-06
0.0010162
0.00322685
0.00413868
0.00061429
0.00687379
0.00140328
0.00896348
0.00182374
0.019205
0.00314115
0.00208049
0.00596377
0.00913529
0.0173194
0.00820541
0.00482096
0.0108548
0.00566333
0.0105665
0.000351372
0.00848801
0.00133604
0.00729416
0.000235453
0.00623828
0.00995505
0.0124479
0.00600369
0.00314088
0.00560929
0.000525737
0.0109272
0.00837228
0.0104916
0.00166939
0.00415797
0.00463023
0.0190965
0.00611472
0.0104194
0.00828895
0.0117541
0.00545917
0.00396421
0.00264655
0.000226325
0.00554647
0.00899739
0.000964718
0.00270666
0.00828042
0.00543063
0.00186364
0.00451731
0.00269504
0.443916
0.647001
0.00610841
0.000589144
0.00662998
0.0112352
0.00340837
0.00429317
0.00427456
0.00432395
0.00328403
0.00260112
0.0133448
0.00842873
0.0165296
0.0596442
0.00540478
0.00553095
0.00691747
0.0128731
0.00923523
0.0183455
0.0138081
0.00480062
0.0106961
0.00965522
0.00779061
0.0137765
0.0242708
0.0106622
0.0069708
0.00282197
0.013042
0.0176795
0.00666139
0.00438954
0.000585216
0.00325499
0.0365961
0.00950429
0.00138681
0.00308986
0.00612203
0.00106037
0.00814195
0.00727649
0.0073314
0.00544959
0.000215827
0.0117141
0.000479534
0.00585837
0.017677
0.00141629
0.0156076
0.00438798
0.00256359
0.00929012
0.0016314
0.00102546
0.0029073
0.00114786
0.00299602
0.0031112
0.00629926
0.0790797
0.00505938
0.00145808
0.00701905
0.00265962
0.00464764
0.0031035
0.00644842
0.00159809
0.00533127
0.00548404
0.00284522
0.00573226
0.00575225
0.002425
0.00702038
0.00953533
0.00289604
0.000786605
0.00915647
0.0072199
0.00291601
0.004719
0.00102324
0.00122227
0.000249023
0.0068813
0.458179
0.00872377
0.00465708
0.00584889
0.00418338
0.00146692
0.0102519
0.00992556
0.00898571
0.00558957
0.0104958
0.00283295
0.000620287
0.00344127
0.000512801
0.00125469
0.00552379
0.00362093
0.00434708
8.16726e-05
0.00223555
0.00456053
0.00105286
0.022729
0.821125
0.00566327
0.00172734
0.00577136
0.00155346
0.00189887
0.0010812
0.0129318
0.00858322
0.00497
0.00477932
4.43132e-05
0.00450765
0.0117237
0.0104654
1.02213
0.0117857
0.0273849
0.00676791
0.0069443
0.0137519
0.00467732
0.00928608
0.000937689
0.401403
0.00128554
0.0101675
0.00202218
0.00661604
0.00154137
0.00550872
0.00148975
0.0154773
0.00484502
0.00464609
0.00524768
0.00562442
0.000575693
0.00452368
0.00246449
0.00472348
0.00151833
0.00902842
0.00868386
0.00352354
0.00750284
0.0024556
0.00388097
0.000776545
0.000953379
0.00257399
0.00827651
0.0139804
0.00746355
0.00224155
0.00349839
0.00611871
0.000278886
0.00597847
0.00901631
0.0113029
0.0038938
0.00721627
0.00264083
0.00257838
0.00785973
0.00639437
0.000550565
0.00419576
0.00330279
0.00872313
0.00492482
0.00487136
0.00191383
0.0123793
0.0100303
0.00458307
0.00615838
0.00338857
0.0085232
0.00749493
0.00467688
0.00985479
0.00941649
0.00399146
0.00347973
0.00931149
0.00446692
0.0104164
0.0108762
0.000913433
0.00151073
0.0202672
0.00186305
0.00329336
0.00966571
0.00813275
0.00361254
0.00936753
0.00500948
0.00137453
0.00436383
0.00543926
0.00333802
0.00175664
0.00376681
0.00525744
0.0103087
0.0216245
0.00248851
0.0192253
0.00351049
0.00777037
0.00724498
0.0119956
0.00326052
0.0034596
0.00513366
0.00065536
0.00522191
0.00552536
0.0131399
0.00770742
0.00360753
0.00417363
0.0656349
0.0388492
0.000691538
0.0119071
0.00489122
0.0032672
0.0265637
0.00177471
0.00869379
0.00335293
0.00327731
0.0123207
0.00302529
0.000785379
0.00592486
0.0141901
0.00728585
0.0173904
0.00580865
0.00636501
0.00258284
0.00621778
0.0108404
0.0132226
0.00648977
0.0126534
0.00138845
0.0072935
0.00685537
0.00786065
0.0146723
0.00344733
0.00127389
0.000770765
0.00748586
0.00517378
0.00620381
0.00705739
0.0159107
0.00291364
0.0165505
0.0149047
0.0280876
0.0172506
0.00365656
0.0150429
0.0130686
0.00643348
0.00285161
0.00364307
0.0126045
0.0094339
0.000203618
4.26489e-05
0.0022461
0.00289785
0.000797019
0.00441733
0.00580934
0.00412297
0.00385128
0.0072153
0.00826769
0.00662232
0.00463786
0.0101068
0.00556186
0.0134761
0.00154349
0.0174773
0.00185182
0.00116388
0.0125555
0.0109861
0.0102324
0.0106631
0.00125891
5.75237e-05
0.000193031
0.00206014
0.000735906
0.0101406
0.000956927
0.00044475
0.090663
0.00727992
0.00630263
0.00930103
0.00118356
0.0137066
0.00834388
0.00497593
0.00330806
0.00385312
0.00888062
0.00754156
0.0023924
0.0127607
0.0111129
0.0143394
0.00557413
0.0212758
0.0114413
0.0177062
0.00269148
0.00316732
0.00542014
0.00306054
0.00504029
0.00099393
0.000112078
0.00116362
0.00129108
0.0162959
0.0064868
0.00611982
0.00635198
0.0226214
0.00136837
0.00105875
0.0165935
0.000739183
0.00670294
0.00551832
0.00152016
0.0127888
0.00401989
0.00948616
0.00867739
0.0380957
0.0060179
0.00352797
0.00837917
0.00694025
0.0103853
0.00812892
0.00140457
0.00845142
0.0115942
0.00366954
0.776943
0.00187599
0.00874989
0.00203776
0.00352391
0.000529711
0.000807217
0.00972602
0.00471744
0.0136925
0.00289232
0.0113786
1.12789
0.0103128
0.00072333
0.0171434
0.00941351
0.00312735
0.00995739
0.00600936
0.00260027
0.00611224
0.000598519
0.00467847
0.0154671
0.0104919
0.0165021
0.008217
0.686522
0.0113269
1.1736
0.00139683
0.00503144
0.0050147
0.0153096
0.00524479
0.0497596
0.526896
0.0145125
0.0137191
0.00329233
0.0048013
0.000590214
0.00955482
0.00608045
0.00614406
0.00810089
0.00110795
0.00440581
0.00523894
0.00904155
0.652673
0.00385411
0.0100305
0.719862
0.0117127
0.00287106
0.177124
0.0137751
0.00690092
0.000916765
0.0049817
0.081356
0.0241641
0.00581494
0.00642978
0.169765
0.00357394
0.0154886
0.0071281
0.0161674
0.0198355
0.00602685
0.00123177
0.728108
0.00522388
0.006731
0.0114045
0.0164987
0.00736003
0.0118927
0.00840087
0.0159428
0.318577
0.0125243
0.280342
0.727199
0.00963382
0.00560271
0.0011553
0.00598647
0.00672841
0.00202487
0.0102704
0.00425402
0.00439438
0.00365985
0.0923509
0.00403854
0.000178157
0.0110094
0.00168778
0.0147047
0.021145
0.00666386
0.00125437
0.00624513
0.00105926
0.0186899
0.00519515
0.00258901
0.00149146
0.00621657
0.00758209
0.00300555
0.00233675
0.00600914
0.00489332
0.00744537
0.011976
0.00104525
1.07451
0.00670325
0.00752157
0.00703775
0.0550631
0.00499536
0.0146775
0.0174201
0.00924219
0.00703489
0.00956571
0.00330393
0.00190554
0.00334286
0.00675529
0.000452776
0.00224161
0.00527507
0.00415439
0.000178473
0.0037111
0.0074948
0.00711033
0.00121391
0.00926954
0.00381708
0.00159627
0.0046911
0.00867977
0.0106071
0.00981404
0.00344338
0.0045464
0.00593239
0.00467306
0.00344396
0.00672284
6.15327e-05
0.00709112
0.00855956
0.00947252
0.605839
0.00249187
0.00877722
0.611255
0.000746542
0.00641114
0.000967155
0.714945
0.000414553
0.00232787
0.00940718
0.00773258
0.00561144
0.000248335
0.00763896
0.00386734
0.000815082
0.0172866
0.0117966
0.00331124
0.00224754
0.00322145
1.09233
0.00818954
0.00773849
0.00738268
0.00412391
0.00739772
0.00372498
0.00889448
0.000378676
0.0081252
0.00265965
0.0172333
0.0165307
0.0101695
0.0171915
0.527079
0.0078929
0.0137058
0.00491015
0.00910861
0.00336073
0.00135125
0.00677923
0.0131138
0.00456265
0.00447445
0.00591167
0.00629433
0.00799055
0.0608176
0.00992629
0.00831482
0.0124814
0.0180895
0.00775948
0.00858792
0.00736031
0.0056535
0.00549153
0.000912537
0.00775192
0.00172112
0.0128976
0.00177456
0.000165132
0.00468885
0.0185719
0.00655345
0.00192104
0.000293962
0.00346842
0.00256342
0.000143175
0.446363
0.00301664
0.00184492
0.000106857
0.00773235
0.000906555
0.00153317
0.00176462
0.0132578
0.0110327
0.00486901
0.00403661
0.00253023
0.00783102
0.00176405
0.00944989
0.000986415
0.00050697
1.10365
0.000874442
0.0162364
0.00487694
0.00467533
0.0115746
0.00188273
0.00738811
0.00206592
0.0033181
0.0069822
0.0106893
0.00395715
0.0183977
0.00837146
0.0016853
0.0111913
0.00364045
0.00391569
0.0027973
0.0108336
0.00975191
0.0115829
0.0150465
0.0103013
0.00676418
0.00275327
0.00515774
0.00331206
0.0132472
0.00711693
0.00610132
0.00228557
0.00067815
0.0137653
0.0112647
0.00992281
0.0135393
0.00140948
0.00537667
0.000997736
0.00800111
0.00126119
0.590646
0.011233
0.00194632
0.00803359
0.00726089
0.0105046
0.0913173
0.000228269
0.00664787
0.0015932
0.00565198
0.0119842
0.00360487
0.0152748
0.00253962
0.00517516
0.566652
0.00422734
0.0122928
0.0116306
0.00584606
0.000290762
0.0020661
0.0086768
0.00126922
0.00340202
0.00540613
0.00327492
0.0076968
0.00744732
0.0223922
0.00767997
0.000801177
0.00378211
0.00236224
0.000842176
0.000383269
0.0140537
0.0115611
0.000906677
0.00552053
0.00639715
0.00856503
0.00117651
0.0067184
0.0174023
0.000558173
0.0157031
0.021262
0.00909135
0.00437339
0.00324245
0.00554336
3.22642e-05
0.0081841
0.00319256
0.00438414
0.0158443
0.00933552
0.00957548
0.580977
0.00575056
0.00127894
0.0028318
0.016651
0.00156844
0.00276243
0.00398547
0.00628048
0.000676676
0.0012156
0.00735382
0.00731517
0.0055038
0.00147415
0.00874512
0.0102861
0.00306863
0.00662617
0.00240644
0.00365764
0.0154223
0.00215324
0.00525975
0.00564633
0.00634916
0.0105594
0.00653617
0.00513714
0.00425253
0.0114463
0.0102327
0.00566287
0.00112449
0.002231
0.00760345
0.00183691
0.00195132
0.00102866
0.0010108
0.00697162
0.00685426
0.000425529
0.00768416
0.00723943
0.00291721
0.00435105
0.00591802
0.00248864
0.00828923
0.00187525
0.00271493
0.0125751
0.00945766
0.011209
0.0261013
0.00774922
0.000591301
0.00113209
0.0289604
0.0124488
0.00496088
0.00251811
0.0124208
0.00202287
0.00335969
0.00382438
0.00408746
0.0030605
0.00679395
0.00387538
0.0269576
0.0135637
0.0134966
0.0106158
0.00322581
0.000521442
0.00181251
0.00166333
0.00521711
0.00611199
0.00334259
0.000913065
0.837317
0.0064238
0.00685535
0.00758309
0.0101512
0.00429647
0.00132149
0.000354116
0.00306256
0.000279516
0.00489769
0.00651534
0.00419355
0.00701434
0.00253382
0.000624672
0.00321711
0.750389
0.00438203
0.00414004
0.00687785
0.0066779
0.00577673
0.00207043
0.00420613
0.00366491
0.000105701
0.00358301
0.00316029
0.00246219
0.00405387
0.61237
0.000233392
0.000108049
0.00119668
0.0053359
0.0120831
0.00601306
0.000713508
0.0120345
0.00375893
0.00322726
0.00393393
0.00532886
0.00466286
0.00429333
0.00384855
0.00303657
0.00029218
6.11233e-05
0.00747289
0.00258566
0.00631188
0.00467299
0.00220705
0.00213056
0.00186234
0.00503305
0.000211608
0.00288921
0.00735817
0.00448497
0.0186024
0.00160305
0.0010436
0.00503952
0.00413565
0.00977066
0.00514788
0.00197391
0.0139036
0.00164019
0.0145612
0.000435119
0.00284485
0.00640572
0.0037608
0.00724566
0.0382337
0.000528117
0.00204602
0.00411683
0.0119524
0.00256286
0.00359126
0.0104693
0.00252379
0.00236817
0.00422916
0.0107141
0.00145201
0.0114973
0.00246424
0.00446092
0.00177226
0.0060328
0.00749317
0.000710079
7.6894e-05
0.00318488
0.0141933
0.00278868
0.000519597
0.0028003
0.0161482
0.00865052
0.013216
0.000496925
0.00377196
0.00685086
0.00326529
0.00190561
0.00808415
0.00404642
0.00101718
0.00703216
0.00233104
0.874027
0.000262582
0.00114424
0.00562475
0.00260011
0.00988814
0.000532459
0.0089611
0.00122111
0.00534236
0.00571075
0.0239218
0.00717374
0.0032969
0.000143702
0.00499356
0.0207635
0.0013642
5.8914e-05
0.0505783
0.00744476
0.012241
0.00592157
0.00561261
0.00585445
0.0079714
0.0076228
0.00369227
0.0022305
0.0111645
0.0057849
0.00394273
0.00660165
0.00883238
0.564753
0.0116323
0.000904611
0.0071497
0.00205103
0.0074015
0.00308604
0.0173293
0.00319242
0.00326279
0.00634012
0.00515728
0.00316401
0.00695063
0.00696715
0.00858537
0.00674179
0.000521915
0.00364848
0.008707
0.00260116
0.00394948
0.00205449
0.00130266
0.0127197
0.0215584
0.0146245
0.00265273
0.00234559
0.00561812
6.1125e-05
0.015032
0.000721005
0.0104522
0.00646707
0.00376456
0.00162919
0.00947427
0.0202428
0.00274012
0.0274727
0.792209
0.00337112
0.0060214
0.00179974
0.0115623
0.0131386
0.002165
0.0012397
0.00280546
0.00526917
0.00324271
0.00408412
0.00278892
0.00452083
0.00175603
0.00119161
0.00776284
0.00313111
0.00648688
0.000786011
0.0156813
0.0015781
0.00137817
0.000968688
0.00283188
0.0102219
0.00850201
0.001661
0.0190013
0.0141582
0.012485
0.000648267
0.000650652
0.0229254
0.000570419
0.00542473
0.00865948
0.00538035
0.00269378
0.0111271
0.00367236
0.0106539
0.00552629
0.0103498
0.00319806
0.00137522
0.0178615
0.00696507
0.0148745
0.00482193
0.0125259
0.00872484
0.00102921
0.00787088
0.000263147
0.00015448
0.00600031
0.00888959
0.0062959
0.00839988
0.0109502
0.0121077
0.00607198
0.00364441
0.00281876
0.00709292
0.0047098
0.00344284
0.00413656
0.00954831
0.00453767
0.00584365
0.00375926
0.0144791
0.000902392
0.00228107
0.00448885
0.00644647
0.000466632
0.00765228
0.000830889
0.00815403
0.00036291
0.00276808
0.00861935
0.0366365
0.000484808
0.00321066
0.00283979
0.0135195
0.00414051
0.00826155
0.0860482
0.0059943
0.00197251
0.0142527
0.00393224
0.00361702
0.00312058
0.112927
0.00171554
0.00288002
0.00903729
0.000178067
0.00374524
0.000675902
0.00225021
0.00716959
0.00151425
0.00365986
0.00633281
0.00162052
0.00181812
0.00412303
0.00343028
0.00606441
0.0026268
0.0033584
0.0120392
0.000883489
0.00714818
0.00461488
0.00505024
0.00229227
0.00188199
0.0046442
0.0161861
0.025089
0.00758072
0.00399296
0.631141
0.00835137
0.0267646
0.00750856
0.00239996
0.00301941
0.00330659
0.000449194
0.00538577
0.0085783
0.0164705
0.00167707
0.00401123
0.00181946
0.0329504
0.00591156
0.0125698
0.000971741
0.00236402
0.00657608
0.0211763
0.00582214
0.00692655
0.0108475
0.00885071
0.00617109
0.0160373
0.00104513
0.0192562
0.00322612
0.00904448
0.000424591
0.00453976
0.00505175
0.000519472
0.0370489
0.000838946
0.00575141
0.00188451
0.00389618
0.00706899
0.0111935
0.00209342
0.000738872
0.00609931
0.00227031
0.00110791
0.00310475
0.0068597
0.068268
0.143887
0.00127601
0.000225971
0.00420881
3.62567e-05
0.0742721
0.0429862
0.00493607
0.0216334
0.0013249
0.00365398
0.000320708
0.00121352
0.0110092
0.00254914
0.000196893
0.00177711
0.00426826
0.0111066
0.00713694
0.752325
0.00820945
0.007392
0.00172105
0.00673663
0.00433684
0.00848394
0.00721358
0.83473
0.00669338
0.00378635
0.00438318
0.00975501
0.00331509
0.0117512
0.00974168
0.00547115
0.00476269
0.011823
0.00339567
0.64135
0.000802983
0.00432892
0.021931
0.00179268
0.00307405
0.0136905
0.00379011
0.00325803
0.00387993
0.00776943
0.00929715
0.494435
0.000569554
0.00857609
0.0041493
0.00882223
0.0058189
0.00807704
0.0056359
0.00365587
0.00202198
0.00127785
0.00490417
0.00132725
0.00355836
0.0110586
0.0030981
0.0138528
1.16957
0.00530304
0.00239443
0.0117919
0.00368291
0.00192608
0.00855352
0.00725731
0.000697768
0.193719
0.00262279
0.00242738
0.00730166
0.00600293
0.00749167
0.00607397
0.00338475
0.0152838
0.00377163
0.0089432
0.00161909
0.00893766
0.0182839
0.00334732
0.165631
0.00886721
0.00111318
0.0138572
0.00175643
0.00681572
0.00571487
0.0280931
0.034454
0.00306774
0.00685039
0.00879143
0.000547457
0.00509117
0.00947936
0.00589285
0.00434561
0.00570269
0.0142779
0.00898711
0.0115531
0.000679391
0.000719305
0.00701409
0.0131899
0.00572507
0.00673365
0.00960563
0.0166434
0.00199123
0.00891044
0.0200135
0.0131084
0.0205597
0.00129391
0.616657
0.00667715
0.00380157
0.00372117
0.00822242
0.000814628
0.00846216
0.00103299
0.00177852
0.00466134
0.00921549
0.0156888
0.00504721
0.0133892
0.000378749
0.00670293
0.00830156
0.817206
0.000842631
0.000400642
0.00767816
0.683536
0.00576942
0.00634459
0.00865697
0.00564582
0.0039202
0.00838324
0.0100507
0.00451246
0.00735759
0.00336317
0.00688639
0.0112366
0.00531603
0.00266593
0.00844048
0.00337812
0.00540725
0.00612088
0.00501761
0.000609565
0.00986513
0.0350999
0.00407362
0.00682194
0.000670153
0.00346665
0.661967
0.00508527
0.000471379
0.0162406
0.00199741
0.0087172
0.00135331
0.0122696
0.000535575
0.00634399
0.0120714
0.00465991
0.452546
0.0121121
0.00131906
0.00335373
0.0049465
0.00197406
0.000610616
0.00778187
0.00229612
0.00231235
0.00240991
0.00980727
0.00326172
0.852538
0.000346592
0.0104543
0.475282
0.00280535
0.000553901
0.00190019
0.00278086
0.00982811
0.000916841
0.00655654
9.82433e-05
0.00726713
0.000641372
0.0118729
0.00764103
0.000708186
0.00981157
0.00202754
0.0109729
0.0461522
0.00423188
0.0115585
0.00128945
0.00258432
0.00738968
1.07355
0.00677475
0.010991
0.0110064
0.00765512
0.0128957
0.0033742
0.0151541
0.00244769
0.00039366
0.0106927
0.00830132
0.00815696
0.00649649
0.0122301
0.0122446
0.00237324
0.0125035
0.00556776
0.016985
0.00405378
0.00191791
0.00736787
0.0136855
0.00718321
0.00135423
0.00105159
0.00681128
0.00739387
0.00758031
0.00727135
0.00573417
0.00644873
0.004238
0.00153373
0.00318698
0.803973
0.00233067
0.645752
0.00324511
0.0127163
0.000848861
0.00243944
0.00427231
0.00652638
0.00274278
0.0112
0.00501084
8.88863e-05
0.0563015
0.00320953
0.0117909
0.0015002
0.0164875
0.356522
0.00733755
0.00856284
0.00117313
0.00384867
0.0106063
0.0067659
0.00781208
0.00399894
0.0241466
0.00954247
0.00581914
0.00385689
0.000446293
0.0183043
0.00214166
0.00835085
0.00670643
0.000621491
0.000246231
0.00601232
0.00357599
0.00324253
0.00297087
0.00711956
0.002448
0.00141135
0.0159827
0.00683049
0.00432689
0.00696876
0.016087
0.00665399
0.0141807
4.51253e-05
0.00251142
0.00748968
0.00930694
0.0164318
0.00351436
0.00496697
0.000377855
0.00279574
0.00276079
0.00550605
0.00243832
0.0106064
0.00405978
0.00200824
0.00386249
0.0154852
0.0170763
0.0069574
0.00313489
0.00162925
0.00770415
0.00407606
0.00831244
0.00430628
0.0050245
0.00946315
0.00260277
0.00482957
0.00159792
0.00373631
0.00650874
0.00643896
0.00762417
0.0131946
0.000854755
4.48801e-05
0.00649949
0.00245588
0.0125281
0.00406532
0.00075111
0.0183973
0.0222954
0.00902218
0.00407293
0.00388087
0.0047263
0.0127449
0.00947742
0.678262
0.00100518
0.001142
0.000539105
0.00676837
0.00188847
0.000446993
0.00215566
0.000596102
0.0103456
0.00176303
0.0096972
0.00270452
0.00277106
0.000781472
0.0168686
0.0156295
0.00308502
0.0082457
0.00205439
0.0128104
0.00189956
0.00602573
0.0190622
0.00750355
0.00599882
0.00855404
0.00424533
0.00551526
0.00339446
0.00793414
0.00664702
0.0037793
0.00224505
0.00984665
0.0109261
0.00968414
0.00537839
0.0117274
0.00404842
0.00393963
0.00445259
0.00907169
0.00661578
0.0088897
7.7547e-06
0.0207691
0.0134368
0.010044
0.00661714
0.00730583
0.00204794
0.00175868
0.00977289
0.00723454
0.00568936
0.00103356
0.0126644
0.00305745
0.00527956
0.0101881
0.00596923
0.00364736
0.00415349
0.0101829
0.00701213
0.00358025
0.00616908
0.00664943
0.0064879
0.00636366
0.00420313
0.00322214
0.0146641
0.0055446
0.00127053
0.001779
0.00817657
0.00726826
0.00336982
0.00805231
0.00577487
0.01296
0.00203533
0.0106429
0.0034068
0.003326
0.00384125
0.00286366
0.53233
0.000942279
0.0137591
0.00234565
0.0293229
0.0026837
0.00107442
0.00083501
0.0072339
0.00677814
0.0102389
0.000518656
0.00643839
0.00436212
0.00130392
0.00260252
0.00424677
0.0062584
0.0134717
0.00109396
0.00439675
0.00168769
0.0072914
0.00362945
0.00088382
0.00413976
0.00147945
0.00656796
0.00634467
0.00663054
0.0110636
0.00613169
0.00540542
0.00892754
0.00473422
0.00716916
0.00391752
0.00495268
0.00251981
0.0117897
0.0129929
0.00653329
0.00715953
0.00315692
0.00477264
0.00311608
0.0126821
0.00328182
0.0297879
0.0134172
0.0493941
0.00898577
0.00652196
0.00332881
0.00811918
0.000341592
0.00245912
0.00423298
0.00626312
0.00512022
0.00757654
0.0114408
0.00874316
0.00390323
0.00697456
0.00142271
0.00341188
0.416385
0.00157737
0.00329129
0.0102951
0.00166813
0.00476469
0.0012212
0.00642723
0.00167118
0.00551882
0.00651235
0.0103411
0.00809642
0.00574035
0.807764
0.00568031
0.00486647
0.00212872
0.0576055
0.002663
0.000573401
0.00519092
0.00340373
0.00798088
0.000905743
0.0124836
0.00796487
0.0116731
0.000798127
0.00243756
0.322591
0.00275728
0.00149913
0.00248575
0.00233774
0.00992436
0.0110348
0.00390759
0.00784203
0.0021348
0.00251713
0.000722944
0.0179563
0.00220237
0.00133381
0.00214708
0.00736396
0.00236332
0.00391059
0.00981689
0.00885084
0.0113263
0.000630826
0.00914246
0.00224289
0.00314493
0.0124546
0.016552
0.0016294
2.07747e-05
0.00533721
0.00972744
0.00734185
0.00233896
0.00945896
0.00612415
0.00665864
0.00284935
0.00446381
0.00715374
0.0167037
0.000817397
0.00733682
0.00382805
0.017649
0.00393577
0.00963607
0.00656887
0.0201134
0.0056478
0.00442704
0.00834892
0.0015875
0.00429307
0.004084
0.00569667
0.00314011
0.000885412
0.00811031
0.00741362
0.00580417
0.00345679
0.00375322
0.000135158
0.00162011
0.00460111
0.00610954
0.00277712
0.00952396
0.606619
0.00308794
0.00426807
0.00189665
0.00988143
0.013289
0.0161965
0.00041388
0.00318447
0.000188631
0.0166822
0.0175587
0.00931808
0.0249871
0.0191305
0.0288561
0.00875933
0.00406568
0.015927
0.00385119
0.0162957
0.0128316
0.00750922
0.00105146
0.00602038
0.00253423
0.00203019
0.0103281
0.00788635
0.0134091
0.00420733
0.0135151
0.00708481
0.0023028
0.00680439
0.00145128
0.00207753
0.0101066
0.0281069
0.00405696
0.00785824
0.00253843
0.000319429
0.0126495
0.0080072
0.00390108
0.00305427
0.00891216
0.0114194
0.00985892
0.00418
0.00271802
0.0118243
0.00459274
0.00358698
0.0123641
0.0187298
0.010469
0.797541
0.00117981
0.0108632
0.0143414
0.00823769
0.00215517
0.00484949
0.000377573
0.00538756
0.00567754
0.0921411
0.00583674
0.000820934
0.00953011
0.00371923
0.00163556
0.0111548
0.00252896
0.00677377
0.00581753
0.00458733
0.0227711
0.0202589
0.00436594
0.00304524
0.00868445
0.00119736
0.00359828
0.00781663
0.0206826
0.0132781
0.000685494
0.00032637
0.0103096
0.0070483
0.00293333
0.00577605
0.00238341
0.0186504
0.0124309
0.00157686
0.00272586
0.00687733
0.0026201
0.0056094
0.00241303
0.00319081
0.00381821
0.00290595
0.00747396
0.0037359
0.00718627
0.00567995
0.000281436
0.00923093
0.0131978
0.00987889
0.00196784
0.00532236
0.0010227
0.00167496
0.00531278
0.00998838
0.013857
0.00150307
0.0131117
0.00877158
0.0118882
0.000516307
0.00220847
0.00147362
0.011889
0.00353849
0.0053072
0.00719449
0.00567011
0.0165187
0.000937618
0.000274008
0.05886
0.00430703
0.00477895
0.0158804
0.00342885
0.00215138
0.01324
0.0018801
0.00709928
0.00431354
0.0121124
0.00941072
0.00115019
0.0047018
0.00514235
0.0154368
0.00569182
0.00296495
0.000760965
0.0258311
0.876276
0.122736
0.00458017
0.00191509
0.00549053
0.000536084
0.0598918
0.0101021
0.0556309
0.00601854
0.0346965
0.771778
0.00661297
0.60739
0.00810014
0.0140087
0.00694916
0.000635972
0.0178335
0.0237135
0.0122076
0.00466423
0.00472292
0.00796913
0.00339155
0.00605979
0.0180826
0.00101067
0.0041501
0.00118581
0.0237825
0.00851225
0.0114106
0.00141839
0.00958811
0.0144211
0.0114183
0.505854
0.00333314
0.00691348
0.00369093
0.000578897
0.000649947
0.616583
0.0035907
0.000333341
0.00556455
0.00539874
0.00336127
0.00899168
0.00202717
0.00312172
0.00190513
0.0133197
0.0313989
0.000429263
0.0179795
0.00891161
0.0150552
0.0118925
0.0235465
0.0169466
0.000789885
0.021635
0.00667085
0.0188921
0.00821117
0.0286185
0.0111804
0.00412939
0.00111033
0.00563053
0.00736656
0.00143374
0.0100887
0.00468904
0.0136781
0.0110239
0.00153236
0.00606806
0.00940531
0.0394904
0.00813346
1.02669
0.0394518
0.000767027
0.00041722
0.00743651
0.057477
0.000218252
0.00856252
0.00858794
0.0145757
0.00607042
0.00242568
0.0151478
0.0066137
0.000948153
0.0125622
0.00400227
0.00941798
0.0136282
0.0296685
0.00980554
0.0110369
0.0120826
0.00466168
0.000817877
0.00186055
0.00300723
0.00110788
0.02044
0.0096358
0.0130647
0.00773034
0.00471877
0.003241
0.0067239
0.522809
0.00672732
0.0156851
0.480063
0.0079562
0.620478
0.00315269
0.00325909
0.00409925
0.00855638
0.0064889
0.00987076
0.014881
0.00161848
0.000901676
0.00375054
0.00290038
0.00141884
0.00178111
0.00463959
0.00726004
0.0108987
0.0120937
0.011249
0.00804393
0.00742504
0.0087584
0.732904
0.0185297
0.00707762
0.842603
0.010741
0.0119634
0.00422845
0.0043859
0.00681784
0.00847552
0.00514476
0.00801281
0.00808779
0.0120173
0.0165751
0.726062
0.00319118
0.00370254
0.00144244
0.00835679
0.565363
0.0100361
0.00675967
0.0191094
0.00379544
0.000823207
0.00701405
0.00982344
0.00240062
0.018219
0.00698617
0.00481222
0.00764061
0.00535643
0.00313408
0.00167735
0.00982547
0.0116157
0.00129995
0.0175369
0.0104873
0.00434618
0.528055
0.00756527
0.00209335
0.00727867
0.0129137
0.00972229
0.0100886
0.00122673
8.02079e-06
0.00882082
0.00359172
0.0219786
0.00903565
0.00621213
0.0021893
0.00248897
0.00204467
0.000696166
0.010574
0.00335934
0.00252173
0.000275583
0.0102608
0.00119229
0.00252981
0.0041712
0.00626342
0.000879541
0.00914813
0.00754918
0.0085368
0.000288079
0.00441031
0.010061
0.00149386
0.00839987
0.00574551
0.00729973
0.0283741
0.0116497
0.00216446
0.00038335
0.00802259
0.00682575
0.00953109
0.000494818
0.00752411
0.00137739
0.0146752
0.852701
0.0174138
0.014694
0.00493842
0.00182309
0.00122481
0.00865357
0.00768685
0.00161085
0.0102089
0.00146128
0.00872996
0.00528915
0.00782784
0.00309941
0.022718
0.0159868
0.00394872
0.000971881
0.0132926
0.00156629
0.00285917
0.00758262
0.0079481
0.00089286
0.001602
0.000126692
0.0104152
0.00460053
0.00739924
0.00400095
0.00370253
0.00173925
0.0059507
0.00481272
0.0123597
0.0178736
0.00517412
9.17118e-06
0.00762282
0.00123424
0.00952288
0.00363492
0.00498238
0.00486465
0.00685563
0.00852109
0.00406053
0.00361463
0.00480368
0.00724847
0.00650808
0.00424988
0.00742833
0.00510515
0.0086506
0.00642641
0.00754645
0.0110529
0.00168912
0.00776193
0.00148511
0.00671801
0.0776905
0.0201146
0.0118581
0.0162273
0.00995818
0.0106211
0.00509629
0.00781127
0.0160114
0.0059235
0.00213979
0.00565593
0.00278323
0.00257484
0.00503979
0.00609369
0.00375938
0.000332509
0.00897038
0.0038366
0.0762432
0.0187236
0.0092586
0.00734993
0.00868984
0.00564772
0.0160445
0.00866428
0.010498
0.00647213
0.00711626
0.000620346
0.000167713
0.0108578
0.00424654
0.0036847
0.0102794
0.0176383
0.00087669
1.21786
0.00164043
0.00471998
0.00596744
0.00083161
0.00256498
0.00285575
0.000623116
0.00527822
9.41072e-05
0.0049987
0.00766049
0.00459719
0.0222226
0.0152948
0.00249002
0.0052592
0.00563268
0.00506495
0.00350673
0.0040929
0.00372072
0.00218906
0.00689615
0.0035606
0.00944476
0.00829948
0.550653
0.644667
0.000745651
0.000901884
0.0114338
0.00407399
0.0016197
0.00590294
0.00232347
0.00241387
0.000777944
0.0156409
0.00176136
0.000929423
0.000105919
0.00499409
0.000869651
0.00509644
0.431167
0.0011298
0.00266413
0.000267629
0.00488381
0.0104517
0.000416856
0.00111976
0.00488515
0.0430284
0.010767
0.00948786
0.013455
0.00495342
0.00201463
0.00823841
0.0015467
0.00820615
0.00693222
0.00596504
0.000824372
0.00582165
0.00474921
0.00836015
0.00834597
0.000785638
1.08313
0.00716015
0.00257548
0.00829145
0.00739046
0.0050683
0.000511549
0.00352769
0.00627281
0.0023025
0.000536438
0.0134741
0.0023382
0.000671088
0.0045935
0.00272452
0.0138897
0.536714
0.00505751
0.000184969
0.00205151
0.00761425
0.0049572
0.0028345
0.000504211
0.00358132
0.0034557
0.0114725
0.0027306
0.00559925
0.0135475
0.00585381
0.00162711
0.00109523
0.000413245
0.0151083
0.00740834
0.00515754
0.00235549
0.0020545
0.0027769
0.0075377
0.00648011
0.00319105
0.914151
0.00555054
0.00490135
0.00747675
0.00287165
0.000300604
0.00939169
0.00904633
0.000362657
0.00110592
0.00433708
0.014576
0.00392776
0.00317393
0.0124719
0.00482106
0.00190155
0.00103789
0.00758616
0.00849119
0.00804884
0.00114808
0.00190741
0.00434501
0.00019749
0.00328306
0.00364359
0.00661211
0.00314863
0.00310318
0.00466047
0.00429647
0.00429946
0.00133669
0.000792326
0.00184173
0.00511473
4.40669e-05
0.0103607
0.00197325
0.00605253
0.00990136
0.00160122
0.00168545
0.00822928
0.0115982
0.00392094
0.00834
0.00049562
0.000234387
0.00789561
0.00147312
0.000819535
0.00433763
0.00714642
0.000433936
0.0166098
0.00231598
0.00914612
0.0131125
0.00113636
0.00511195
0.00507831
0.00567166
0.000516718
0.0149541
0.00175902
0.000811202
0.00271566
0.006618
0.000613304
0.0142906
0.00919646
1.18978
0.0110318
0.00347402
0.000961467
0.00475171
0.00273405
0.0117064
0.00380368
0.00441252
0.00262787
0.000132498
0.0128537
0.010128
0.00189124
0.00732447
1.50631e-05
0.00861219
0.0137327
0.00732255
0.00489635
0.00185936
0.00642799
0.0341684
0.00964668
0.00212633
0.00200187
0.00118328
0.00500126
0.00660451
0.00467299
0.00411622
0.00230609
0.018853
0.0135121
0.00709587
0.0139817
0.000180734
0.00524826
0.00248779
0.00093838
0.000818422
0.0121527
0.00221836
0.00454357
0.00381581
0.000353848
0.00387862
0.00942842
0.00165703
0.0123533
0.00646871
0.00272969
0.000772754
0.00959954
0.00281076
0.00183919
0.00717123
0.00606764
0.0122181
0.0104256
0.00128553
0.00201362
0.00400076
0.00944611
7.38964e-05
0.00588407
0.0022891
0.00783258
0.00447807
0.015671
0.00283976
0.0072645
0.0114308
0.0108846
0.00361603
0.0105692
0.00262162
0.82165
0.00590399
0.00113875
0.00104737
0.00445601
0.00668532
0.00609255
0.00318389
0.00214561
0.00568636
0.00253707
0.00316439
0.00713949
0.0116614
0.000884593
0.00300564
0.00669446
0.0155496
0.00211801
0.00640782
0.0163746
0.00541759
0.00139289
0.0216908
0.0101253
0.00507201
0.0121898
0.0204781
0.00532568
0.00668873
0.0410655
0.00595876
0.0113289
0.0463435
0.0233555
0.00897618
0.000871148
0.0102186
0.866697
0.0106491
0.0201429
0.0339313
0.00686626
0.0250884
0.0222813
0.0126698
0.00281294
0.00419516
0.00352182
0.0219204
0.00473367
0.0149488
0.0104813
0.0171882
0.0101147
0.00515339
0.009388
0.00628714
0.00167688
0.0067155
0.0121355
0.00937656
0.0154792
0.00689167
0.00951223
0.0099507
0.0024039
0.00414561
0.0048392
0.00309879
0.010101
0.0160204
0.0129437
0.000207827
0.00282703
4.72307e-05
4.86951e-05
0.00776146
0.00357199
0.00252699
0.00485446
0.00665383
0.00352359
0.00287422
0.00754174
0.155648
0.000372948
0.00676764
0.00227889
0.0123926
0.149395
0.00753839
0.00136056
0.000412543
0.00153973
0.00525261
3.12175e-05
0.00218474
0.0186433
0.00271464
0.00908807
0.0046519
0.00799863
0.00759727
0.00182785
0.00385118
0.0106186
0.0145583
0.00091518
0.000251269
0.00247665
0.00936419
0.00210422
0.00679374
0.00226302
0.000217688
0.00402287
0.00379559
0.0111403
0.00779835
0.0128759
0.00974377
0.00802567
0.00545566
0.00862071
0.0192061
0.0182286
0.00468989
0.0154736
0.0104259
0.0120375
0.00781809
0.00114751
0.00122312
9.86513e-05
0.0085116
0.646372
0.0165785
0.000593674
0.653046
0.00391125
0.643584
0.00558666
0.00769649
0.00728376
0.00588393
0.000646421
0.00429107
0.0145739
0.0136893
0.00288735
0.579181
0.000563906
0.00544436
0.00356095
0.00393958
0.00274853
0.0132068
0.012924
0.00719098
0.00841597
0.00411538
0.0221036
0.0166291
0.0055512
0.00630074
0.00118473
0.0133071
0.00803764
0.00159326
0.00857739
0.0127686
0.00127638
0.00344679
0.0158691
0.00159878
0.0820253
0.739322
0.000523242
0.0785531
0.00302964
0.00278041
0.000945227
0.00222897
0.00396681
0.00239903
0.00454139
0.0109539
0.00956549
0.0123967
0.00767113
0.000270841
0.00778549
0.0166609
0.00406637
0.00350041
0.00970455
0.0139858
0.583746
0.000578147
0.00473737
0.00379312
0.00215745
0.0012428
0.00377135
0.00932912
0.0114193
0.00228539
0.0845689
0.0103981
0.00301399
0.00283187
0.00609708
0.067945
0.000725411
0.00131029
0.0218654
0.00337295
0.0111056
0.000681274
0.0452684
0.0108465
0.00254684
0.0146161
0.00234528
0.00106899
0.00761962
0.00638621
0.0040282
0.00505408
0.000414081
0.00354654
0.00022364
0.00403442
0.0118058
0.00176558
0.0233119
0.000481635
0.00389176
0.0103208
0.00705512
0.000898812
0.0203206
0.00121665
0.0198166
0.000313566
0.00287065
0.00264055
0.0135856
1.25789
0.0046563
0.00239987
0.00217746
0.00385318
0.0105502
0.00145344
0.000133014
0.00175681
0.00131803
0.00126637
0.010439
0.00912668
0.00663822
0.025319
0.00156661
0.00307754
0.0017862
0.00774529
0.00570381
0.00198249
0.0020731
0.0108492
0.0132981
0.002759
0.00280892
0.00538413
0.0109448
0.0046396
0.00579172
0.00253645
0.00154489
0.000917373
0.00243607
0.0146131
0.00593242
0.0169055
0.00425591
0.00533086
0.00538121
0.00447612
0.015157
0.00270729
0.00611149
0.00273569
0.011917
0.00433293
0.00171114
0.0045439
0.00944974
0.00797938
0.015703
0.0125296
0.0111603
0.0178925
0.00454643
0.0145512
0.00136562
0.0115705
0.00222098
0.0172597
0.00415325
0.0013404
0.000584483
0.00195515
0.01522
0.000853716
0.00582763
0.000852242
0.00918935
0.00036612
0.00412446
0.0163158
0.0035087
0.000818565
0.011334
0.0071724
0.00412654
0.00487135
0.0101833
0.00726166
0.0104447
0.0153732
0.0132928
0.00631045
0.00237667
0.00906781
0.0254971
0.00770379
0.00597836
0.0150893
0.000330911
0.00755183
0.00142939
0.00750922
0.019534
0.00262479
0.00159303
0.0128944
0.00245727
0.00502798
0.00543788
0.00224979
0.00992429
0.00224541
0.00236354
0.00120228
0.0060902
0.00918757
0.0115038
0.00144568
0.00724906
0.00465297
0.00655687
0.00939317
0.000996802
0.00394465
0.00434807
0.00741366
0.00381649
0.0029634
0.624968
0.00532966
0.0112198
0.00181872
0.00250178
0.00338761
0.010509
0.00319091
0.00942598
0.825247
0.0010963
0.0123265
0.00539106
0.0102648
0.011255
0.048736
0.00170526
0.00732741
0.0114199
0.00103354
0.00188947
0.00203586
0.00616763
0.00617016
0.00400798
0.00121634
0.0844394
0.010242
0.00411343
0.0104495
0.00161344
0.0120988
0.0113296
0.0168035
0.00335868
0.00571348
0.754146
0.0738592
0.00467251
0.00879737
0.00814566
0.00210294
0.00276631
0.0139688
0.0146607
0.00402715
0.000238324
0.0145432
0.00459962
0.0219415
0.00324234
0.00482212
0.00384814
0.000185439
0.00683087
0.0180783
1.04366
0.00216529
0.0101623
0.00234882
0.00553808
0.00257135
0.016669
0.00294766
0.00725915
0.0202941
0.00979837
0.0011983
0.00393964
0.0134323
0.0149656
0.000737979
0.00594443
0.00865986
0.104026
0.00818408
0.006875
0.00595973
0.00772142
0.00103289
0.006832
0.00289172
0.00795638
0.00822277
0.00915553
0.0017435
0.0138288
0.00506886
0.0069779
0.00628511
0.00440986
0.00331469
0.0230617
0.00153027
0.0109862
0.00102414
0.00220571
0.0016894
0.00164563
0.0077814
0.60537
0.00671776
0.00157482
0.0143076
0.00905798
0.0037826
0.00579759
0.0218605
0.0138501
0.00729496
0.00111973
0.000493394
0.000635194
0.0013546
0.01055
0.000401306
0.00384884
0.0077821
0.00561884
0.00246391
0.00202381
0.00557065
0.0277339
0.00221064
0.005006
0.00657159
0.00512973
0.0072405
0.00155785
0.00132453
0.0209957
0.00133336
0.0154314
0.0115692
0.00955325
0.0022031
0.0136134
0.0143867
0.0179257
0.00123715
4.02907e-05
0.00544924
0.00991821
0.0122943
0.00658386
0.0105579
0.00542352
0.00832979
0.0218829
0.00687365
0.00856358
0.0121511
0.00985844
0.00463826
0.00674307
0.0168591
0.00442789
0.00418696
0.00175611
0.000798693
0.00484294
0.00301835
0.0122085
0.00159566
0.00258965
0.00149484
0.00657823
0.00697334
0.00112792
0.0237173
0.000732323
0.00129728
0.00822843
0.0015322
0.0015407
0.02019
0.00247748
0.00214031
0.0118482
0.0104328
0.000530326
0.00989722
0.00109644
0.0081259
0.00155062
0.00252777
0.000971888
0.00639009
0.00647654
0.00337845
0.00384813
0.00434379
0.0113646
0.0034631
0.0099113
0.00272996
0.00281467
0.00832603
0.00264509
0.00424941
0.0140874
0.000469139
0.0152944
0.00755022
0.00906631
0.0179146
0.00953324
0.0146446
0.00332355
0.000895188
0.0132735
0.0130556
0.00691127
0.000260456
0.00801781
0.00305867
0.000441332
0.00574929
0.00423933
0.00616886
0.0098174
0.400242
0.000718844
0.000324371
0.00284919
0.00883234
0.00257508
0.00951231
0.000810716
0.00918684
0.00723917
0.00241974
0.00501386
0.00729863
0.00468728
0.00614704
0.00424534
0.000510464
0.00471924
0.00625254
0.00165261
0.00221387
0.00242678
0.00355277
0.00201162
0.000708136
0.00305801
0.00467997
0.00521792
0.00201097
0.000267743
0.00820599
0.00668901
0.00183702
0.00326432
0.000990173
0.00423973
0.00344181
5.10196e-05
0.00209748
0.00714423
0.00465387
0.00757022
0.00306188
0.00728037
0.00177356
0.000193003
0.00765077
0.00446378
0.00629322
0.00304853
0.00084032
0.0139117
0.00573831
0.000995238
0.013339
0.426328
0.0166569
0.459722
0.000118882
0.00652538
0.00186222
0.0025438
0.000732562
0.00424199
0.00795778
0.00717623
0.00241511
0.012121
0.00372139
0.00589585
0.00147305
0.00591539
0.000497498
0.0108722
0.00802079
0.00565772
0.00315735
0.00375537
0.00159568
0.00488843
8.41898e-05
0.00403052
0.0125446
0.000221043
0.00383308
0.00163532
0.00803823
0.00744423
0.00326071
0.0033439
0.0104344
0.0143019
0.00526359
0.00192006
0.00097398
0.00877116
0.00367425
0.0105155
0.0102396
0.00674889
0.00328108
0.00400069
0.000866879
0.00970426
0.00553545
0.0204351
0.000880749
0.00514568
0.00282308
2.71217e-05
0.00833141
0.00655389
0.00297291
0.00147922
0.00508937
0.000989862
0.0173134
0.608636
0.00798652
0.00199816
0.00195889
0.0114488
0.000676613
0.0104112
0.0119588
0.0054328
0.00609767
0.00576915
0.00864436
0.00781938
0.00197118
0.00287146
0.0036182
0.00751764
0.0114377
0.00238649
0.0018163
0.0189523
0.0187286
0.00282261
0.0129596
0.0176732
0.00204141
0.0047625
0.00652117
0.00232614
0.00526046
0.0137696
0.00403459
0.00502416
0.00256188
0.000647763
0.0146962
0.00243811
0.000161133
0.486347
0.00226764
0.00469543
0.00869654
0.00292187
0.00346804
0.000129641
0.00992455
0.0133096
0.00251443
0.00579098
0.00180864
0.00259856
0.000940591
0.00135419
5.35449e-05
0.00900988
0.00574379
0.00817329
0.00540224
0.00303265
0.00188218
0.003681
0.000431661
0.00331857
0.00672937
0.00602548
7.50605e-05
0.0115597
0.0163278
0.0160722
0.000218585
0.00419102
0.00463359
0.00574338
0.0110803
0.00551054
0.00403067
0.00193567
0.00401881
0.000280977
0.00170971
0.00379388
0.00149529
9.566e-05
0.00459704
0.00476376
0.0206437
0.0165069
0.00845323
0.00186929
0.00679316
0.00872492
0.0098912
0.00532237
0.00369928
0.0501269
0.0105951
0.0102513
0.00200313
0.00517926
0.0186232
0.00714363
0.0082768
0.000911991
0.00404179
0.0150817
0.00247743
0.0108591
0.00812884
0.00315346
0.011746
0.0112868
0.00120939
0.00225741
0.00347522
0.00315581
4.9414e-05
0.013811
0.00459858
0.00695864
0.0120744
0.000980464
0.0032784
0.00126488
0.00680975
0.0107328
0.00949465
0.00314479
0.00183847
0.0118713
0.0056953
0.00476365
0.00454881
0.00657494
0.0101722
0.00432035
0.0155797
0.00239101
0.00839828
0.00191794
0.0237079
0.00360822
0.00885955
0.00714945
0.00532758
0.0102646
0.0106867
0.0172741
0.00677756
0.00164743
0.012288
0.00565227
0.00279076
0.00908829
0.00134907
0.00987198
0.00602877
0.00230351
0.000682115
0.00124899
0.00599031
0.000994812
0.00485024
0.00388618
0.00733432
0.0137288
0.000997304
0.00528821
0.0905463
0.0117892
0.0105898
0.00957525
0.0186178
0.026048
0.00214447
0.0166417
0.0210932
0.00320171
0.0334505
0.00295658
0.00294591
0.0016854
0.00173005
0.0139298
0.0157639
0.00142092
0.00090803
0.0123675
0.00857262
0.000941833
0.0226435
0.0497639
0.0103164
0.0158171
0.00830148
0.00722328
0.00209293
0.000250497
0.0165603
0.0057528
0.00533506
0.0111843
0.0415507
0.00425741
0.0619534
0.469195
0.00337797
0.0100265
0.00768255
0.00787974
0.0161122
0.675964
0.00613907
0.00699895
0.00336938
0.0006082
0.0111832
0.00744846
0.00906065
0.00785254
0.0028355
0.00762448
0.00250314
0.00140854
0.0160242
0.020081
0.00320707
0.000622248
0.00428124
0.00369325
0.0107555
0.00628363
0.0025795
0.0101754
0.00359958
0.00623072
0.00984127
0.0110831
0.000626734
0.00674986
0.00886041
0.0135337
0.00531353
0.00191202
0.002109
0.117453
0.0209323
0.0247402
0.00369883
0.00287094
0.0121669
0.00538863
0.00272332
0.00163802
0.000200304
0.00118738
0.0297962
0.013634
0.0319946
0.00406802
0.000923236
0.00957041
0.0162163
0.00327674
0.00437036
0.0100164
0.000447322
0.0129383
0.0228527
0.00438739
0.00875103
0.0145979
0.00626307
0.00283615
0.0152121
0.00636938
0.00115857
0.00446872
0.00210837
0.00213211
0.00579308
0.00893826
0.0104925
0.0113553
0.000423593
0.681118
0.0027553
0.00207038
0.00599699
0.0754136
0.00346023
0.0119822
0.00242517
0.00474933
0.0156539
0.00241285
0.00924781
0.0017399
0.00371133
0.00275255
0.0115512
0.00965302
0.0111644
0.0101677
0.000754469
0.120832
0.00148869
0.0108353
0.00963833
0.000405286
0.0124333
0.00840792
0.0260079
0.0851364
0.0582166
0.000968495
0.0153227
0.00827742
0.00180157
0.00925686
0.0112548
0.000939894
0.00467548
0.00145586
0.0027096
0.00763778
0.00376176
0.00470192
0.00401692
9.29709e-05
0.00171609
0.00945607
0.00700099
0.0138416
0.00252781
0.00661558
0.00947108
0.000648691
0.00717996
0.0101075
0.00681278
0.00704406
0.00854372
0.0054476
0.0036303
0.00301081
0.0116519
0.00519129
0.00333231
0.0166166
0.0054117
0.00263722
0.0113025
0.00353306
0.00406385
0.000604137
0.00674293
0.000740292
0.00430588
0.0113011
0.00888443
0.0052214
0.00757622
0.00506657
0.0080365
0.00504115
0.0232581
0.00325414
0.00666749
0.00348431
0.00215394
0.0046152
0.00357227
0.00407266
0.0160136
0.00777342
0.00956993
0.0114256
0.00549384
0.00350126
0.0108739
0.00419842
0.00961145
0.00862145
0.0124642
0.00946687
0.000954582
0.00155068
0.00466525
0.0170181
0.00292512
0.00765676
0.00806813
0.00695652
0.816389
0.000525712
0.00607148
0.0080394
0.000892747
0.00148522
0.00679464
0.00753229
0.00500174
0.00594947
0.00648221
0.00940262
0.00865753
0.00348882
0.0031427
0.00137699
0.00180774
0.000881995
0.00309477
0.00401307
0.00352234
0.00150655
0.0160525
0.00151966
0.00695979
0.00851069
0.0407853
0.00764261
0.00441567
0.00911238
0.0151028
0.0106607
0.0147934
0.0027136
0.00822935
0.000692474
0.00143968
0.0110413
0.00307897
0.02296
0.000172887
0.00290599
0.423128
0.0162069
0.000854326
0.00844496
0.00441449
0.00509508
0.00416574
0.000900988
0.00580461
0.000537154
0.00127549
0.00849827
0.00125971
0.000833406
0.00786581
0.00353547
0.00314892
0.0013023
0.00208813
0.000852863
0.000556414
0.00156268
0.0117712
0.00528104
0.00165527
0.00909266
0.00184888
0.00222488
0.000261403
0.00646835
0.00643686
0.00536135
0.0258033
0.00107238
0.0103927
0.00651064
0.00375094
0.0652603
0.00468531
0.00316315
0.00124441
0.00296545
0.00127145
0.0265358
1.25362
0.00678538
0.847309
0.00450334
0.0249731
0.0144416
0.0191677
0.00515538
0.00716681
0.00376753
0.0193526
0.00802903
0.00147629
0.00954902
0.0043738
0.00662446
0.0153024
0.012251
0.00589075
0.011183
0.00555521
0.00496795
0.0228835
6.65849e-05
0.00871982
0.000103853
0.00548506
0.000149003
0.0115602
0.00236565
3.58504e-05
1.37771e-05
0.00305018
0.00765719
0.014929
0.00477224
0.00671658
0.00381621
0.00569539
0.010256
0.0148743
0.00129461
0.0104403
0.00358634
0.00222762
0.0397555
0.00120945
0.00758667
0.0167261
0.00460678
0.0124426
0.00899777
0.0105561
0.00235873
0.0040291
0.000119493
0.00255879
0.0123397
0.00467285
0.00223666
0.00583095
0.0046161
0.0055306
0.00911845
0.0106704
0.00396524
0.0145994
0.0131182
0.0185707
0.00131714
0.00900615
0.0133101
0.00729236
0.0117405
0.0182643
0.00535199
0.000919503
0.00052564
0.0041139
0.00292719
0.00803207
0.00884437
0.00450072
0.00892521
0.391603
0.00236604
0.0114819
0.0142528
0.0148
0.0109716
0.0113414
0.01379
0.00176217
0.00733303
0.00759154
0.000636765
0.000459581
9.56668e-05
0.000693768
0.000946327
0.00253333
0.00556999
0.000726232
0.0106433
0.00406927
0.00334398
0.00400926
0.011435
0.00562812
0.0102871
0.000758828
0.00805357
0.00225993
0.000831803
0.00580542
4.73176e-05
0.00617538
0.00149572
0.0114387
0.00330767
0.0112879
0.00829147
0.00374178
0.00721679
0.00332227
0.00156626
0.00123246
1.20893e-05
0.0160179
0.0129087
0.0128595
0.00224555
0.00157498
0.000576489
6.4341e-05
0.00660513
0.0110073
0.00292464
0.00350834
0.00412641
0.00234015
0.00045751
0.00855178
0.00600593
0.00890035
0.00446921
0.00681054
0.0758691
0.000186732
0.00557734
0.00293824
0.00492273
0.00643703
0.00913682
0.00542353
0.00155508
0.0044858
0.0932092
0.00539621
0.00121421
0.0117456
0.00333135
0.0011566
0.00306351
0.000695996
0.00271446
0.0112884
0.00880042
0.00516697
0.00567385
0.00350916
0.000322941
0.0181097
0.0012948
0.000879582
0.0104539
0.00145253
0.000588433
0.00687462
0.000762292
0.00830082
0.0105631
0.000610111
0.00335311
0.0111555
0.00205052
0.00296245
0.683177
0.0160704
0.00200193
0.00732215
0.00137215
0.000572936
0.0121407
0.00277397
0.00382672
0.00748066
0.0145657
0.00145104
0.00106345
0.00606498
0.00252367
0.00362174
0.0179888
0.00468977
0.00131927
0.0039865
0.00719316
0.0090286
0.00907059
0.0030394
0.000228022
0.000520263
0.00284039
0.518417
0.000623999
0.00412218
0.0048307
0.0145422
0.0024387
0.000225271
0.0157735
0.0354839
0.0041346
0.00723831
0.00180522
0.00279801
0.00379743
0.00240203
0.00230997
0.0101505
0.00208325
0.000309567
0.00400366
0.00449914
0.00383383
0.00929145
0.0106781
0.00860033
0.00182119
0.0108652
0.00719994
0.00276522
0.00109107
6.78005e-05
0.00540046
0.00309768
0.0020005
0.00726817
0.0024699
0.00623474
0.000670208
0.00181627
0.0128459
0.00645595
0.00141045
0.00286339
0.00114756
0.000689672
0.00476346
0.016057
0.0153488
0.0014131
0.00732927
0.00393432
0.00281497
0.00665919
0.0121819
0.0051775
0.0137911
0.000661287
0.0122713
0.00360209
0.00563938
0.00968755
0.0063627
6.13403e-05
0.00423056
0.00317456
0.00524053
0.00340322
0.0106183
0.0039941
0.011661
0.00817045
0.00120408
0.000259395
0.613877
0.0101164
0.00353682
0.00379445
0.0046739
0.00900558
0.00882731
0.00155344
0.00973599
0.00730075
0.0011377
0.00586926
0.00744268
0.00378205
0.0130168
0.00842928
0.0156739
0.00126304
0.000855016
0.000987958
0.000652763
0.00498316
0.0044189
0.00408643
0.00995992
0.00314816
0.00235335
0.00730289
0.00479958
0.0082379
0.00568373
0.000279408
0.00287911
0.00113316
9.90897e-05
0.0110379
0.00585447
0.00729569
0.00153835
0.00716148
0.00976803
0.00253068
0.00867416
0.000480433
0.000101181
0.0101495
0.0080609
0.000321875
0.00444353
0.00313444
0.0121229
0.00968379
0.00338491
0.00956523
0.0071226
0.00148754
0.00264322
0.00944653
0.00595064
0.011462
0.00203558
0.00985193
0.00384299
0.00654148
0.000128632
0.00146454
0.0114289
0.00942493
0.00374096
0.00188016
0.00364578
0.0114202
0.000924204
0.00323608
0.00279767
0.000478433
0.0130312
0.00403261
0.0138844
0.0143916
0.00113198
0.00520347
0.00942635
0.00784393
0.00274656
0.00691915
0.00600944
0.00651643
0.00616427
0.00247286
0.00566845
0.00454816
0.0110611
0.00258419
0.00901588
0.00507464
0.00448978
0.00249586
0.0119054
0.00442621
0.00270842
0.0237396
0.0137509
0.00409957
0.00339218
0.00218688
0.0052621
0.00906431
0.0188593
0.00839625
0.00885231
0.00319934
0.0095428
0.00393404
0.00311397
0.0348996
0.00547958
0.00740791
0.00696016
0.00507017
0.00993077
0.00425453
0.0108421
0.0238232
0.00788069
0.00777054
0.0214099
0.00281451
0.00638763
0.00294712
0.00161378
0.00598625
0.0188378
0.00402111
0.00771942
0.00605035
0.00295567
0.00219681
0.0120873
0.0084737
0.0160303
0.00768832
0.00367734
0.0117348
0.000610855
0.00182569
0.0166934
0.00631443
0.000279786
0.00370532
0.0549134
0.00561784
0.00899693
0.0078523
0.00381466
0.0172371
0.0144775
0.0138785
0.0030235
0.000178008
0.0163279
0.00470358
0.00668205
0.00258191
0.0108011
0.00925063
0.000222189
0.00350393
0.00756205
0.00463915
0.00820891
0.0186317
0.00928683
0.000452375
0.0182258
0.00078162
0.00764784
0.00537624
0.000499125
0.0130175
0.00588281
0.000452585
0.00612121
0.00768512
0.00112557
0.010581
0.0152676
0.00879867
0.00632133
0.00330836
0.00425194
0.00156691
0.0108437
0.00239387
0.00918841
0.0132589
0.00234751
0.00194562
0.00901033
0.0156933
0.00379646
0.00518016
0.0096773
0.00218345
0.00167393
0.00544002
0.00581773
0.000539983
0.00540041
0.00948868
0.000784067
0.00483683
0.00227558
0.0028465
0.00774497
0.020577
0.599278
0.00357057
0.0140687
0.668873
0.00566852
0.00405289
0.0138345
0.00603853
0.00571959
0.00308941
0.00149571
0.00198656
0.00337213
0.038756
0.00770183
0.00351835
0.00707132
0.0105505
0.00026984
0.0139074
0.012642
0.00697292
0.0113129
0.00282052
0.0143223
0.00542068
0.00712446
0.0155923
0.0164267
0.00587399
0.00592007
0.0144193
0.0114708
0.0361043
0.0113437
4.31358e-05
0.00387929
0.0249142
0.0039935
0.108792
0.00647495
0.00458626
0.00996791
0.693387
0.00202249
0.00466215
0.213923
0.0118059
0.00738165
0.00350141
0.0014382
0.435948
0.00532968
0.00592516
0.00653876
0.0179075
0.00424379
0.000679376
0.00506262
0.0545327
0.00111467
0.000667013
0.00518291
0.000893982
0.000988509
0.703497
0.00662207
0.0067403
0.0110171
0.00380918
0.00222016
0.00353701
0.0121667
0.0134169
0.00689753
0.00534472
0.00361581
0.00442231
0.00356856
0.00337216
0.012502
0.00101252
0.00554917
0.01791
0.0103375
0.00582676
0.00793017
0.000375332
0.0131135
0.0048975
0.00796207
0.00145402
0.00509304
0.0133471
0.00294831
0.00433098
0.00943494
0.00781513
0.00898928
0.000884287
0.000434325
0.00975766
0.00472752
0.0178949
0.0985858
0.118777
0.000824755
0.00553055
0.00512361
0.0729708
0.000718861
0.00817621
0.00316712
0.0237241
0.00942532
0.00769843
0.00110261
0.00123635
0.00106534
0.00146739
0.00584588
0.00282952
0.00341269
0.00564064
0.00502241
0.00571239
0.00290906
0.00103212
0.00548378
0.00689613
0.00340087
0.00821961
0.0145103
0.00401926
0.018983
4.51867e-05
0.0212467
0.00904676
0.00471435
0.0179716
0.00778435
0.0153511
0.00599042
0.00584996
0.00419509
0.00877902
0.00306848
0.0102072
0.0225957
0.00971698
0.0480624
0.0168392
0.00110475
0.000951038
0.00789135
0.010636
0.0140396
0.00715422
0.00567078
0.00250353
0.0105554
0.00772219
0.00294786
0.000981171
0.00832869
0.000943755
0.75315
0.00495236
0.00774863
0.00268356
0.00234224
0.00792159
0.577291
0.00527617
0.000759806
0.312409
0.00346737
0.00910887
0.00532343
0.00579243
0.0110658
0.0145509
0.00703143
0.00472246
0.00170919
0.00863289
0.00637984
0.0107671
0.0032821
6.16009e-05
0.0106896
0.00705017
0.0108894
0.0047218
0.00270665
0.00154348
0.0024033
0.00812514
0.000998976
0.00221023
0.00795868
0.00310714
0.00749651
0.00670939
0.00705581
0.00191764
0.00406753
0.00394903
0.00677977
0.0109228
0.00168837
0.0213403
0.00422481
0.00512019
0.0208825
0.0059727
0.00350667
0.0091666
0.0196786
0.00484727
0.0147134
0.00362016
0.00802586
0.000850895
0.00563185
0.0104063
0.00244751
0.00499522
0.000940244
0.00419883
0.0139881
0.0133782
0.0103869
0.00681013
0.00684468
0.00168146
0.00270091
0.00487221
0.00390033
0.00139996
0.00378505
2.60176e-05
0.515189
0.00478283
0.018309
0.00478109
0.000182766
0.000162572
0.00697787
0.03392
0.000954958
0.00226041
0.00235561
0.00508306
0.00892127
0.0150082
0.0145277
0.0102726
0.0121513
0.00761198
0.0152864
0.00791277
0.00296022
0.00890195
0.0164938
0.00547183
0.0255164
0.0050675
0.00220265
0.00566558
0.00668909
0.00241965
0.00653175
0.0130142
0.706768
0.000364765
0.00544259
0.000554859
0.0129609
0.0155336
0.0135913
0.00601453
0.00110476
0.0124752
0.00441545
0.0121372
0.0153164
0.00281213
0.00765004
0.000773971
0.00530434
0.0106686
0.00791032
0.000812069
0.00472967
0.00499584
0.0161733
0.00907419
0.0128099
0.00827401
0.00276025
0.00882025
0.0055213
0.000102281
0.0044725
0.00393608
0.00161988
0.00588598
0.00934322
0.004784
0.00601485
0.0180319
0.0061836
0.00252394
0.396288
0.00472854
0.00572167
0.00509627
0.000326047
0.356796
0.00506511
0.00327525
0.00122107
0.000877405
0.00633738
0.00614719
0.00393134
0.0188018
0.00199063
0.0121509
0.0152234
0.00760479
0.00559842
0.00507924
0.00465529
0.0150055
0.00112825
0.00660038
0.000433001
0.00829649
0.00129211
0.00015857
0.00882003
0.00214844
0.0081191
0.00336142
0.00994478
0.00765173
0.00750945
0.00565767
0.00376561
0.00435068
0.00265412
0.00467965
0.00305195
0.00234189
0.022697
0.00143292
0.0231053
0.00272358
0.00806331
0.000480762
0.00447548
0.00478593
0.010266
0.0136366
0.0202165
0.0063202
0.00738811
0.0082067
0.00534089
0.000848978
0.00341456
0.00283044
0.00291464
0.00550238
0.00854926
0.0060016
0.00646818
0.000490715
0.00246649
0.00473745
0.00952581
0.00733596
0.010133
0.00781352
0.00428369
0.000892614
0.0166049
0.0103138
0.00139866
0.00241208
0.0142338
0.0134458
0.0121741
0.00748491
0.00542496
0.0012386
0.00067511
0.046245
0.0167318
0.00217471
0.00476795
0.346138
0.00262429
0.0111774
0.00831565
0.000445827
0.00347236
0.0116251
0.836613
0.0110451
0.00193912
0.0045105
0.0112722
0.0088704
0.0603889
0.00150587
0.0244409
0.00951761
0.00244892
0.00651652
0.00115167
0.127468
0.00113338
0.0127296
0.00136732
0.00240302
0.000883494
0.00198855
0.000918365
0.00756484
0.00415339
0.00613599
0.0120741
0.0127335
0.00502499
0.125952
0.00778818
0.010382
0.00475945
0.0098135
0.00221619
0.00994792
0.00862141
0.00135236
0.00135407
0.00152191
0.00989932
0.0040634
0.0111726
0.00145916
0.00497996
0.00271628
0.000776304
0.00864556
0.0249286
0.00336389
0.00185564
0.00987054
0.793721
0.000209329
0.00462058
0.0118723
0.00431556
0.00193524
0.00867933
0.00377522
0.00235071
0.000236302
0.00265941
0.00286874
0.00907785
0.00463788
0.00271012
0.00404799
7.84847e-06
0.00143673
0.00100643
0.0174334
0.0016756
0.00626652
0.00340445
0.00433552
0.0158789
0.00428042
0.00690994
0.000225838
0.00461479
0.00372521
0.00896859
0.00087864
0.00721381
0.00566988
0.00631303
0.00993057
0.00117537
0.00298341
0.00198975
0.00644663
0.00198112
0.00590426
0.975932
0.000340525
0.00311155
0.00147737
0.00502643
0.00566229
0.00447149
7.8286e-05
0.00638139
3.82491e-05
0.00686501
0.00716803
0.0162538
0.000184662
0.00356735
0.00154054
0.00482084
0.00142621
0.0318717
0.000238099
0.931786
0.00363649
0.00164713
0.00955227
0.00596621
0.00619923
0.642191
0.00118362
0.00195181
0.00944287
0.00566489
0.00130319
0.0254206
0.0137627
0.0130135
0.00042767
0.00290592
0.00101926
0.00506721
0.00121376
0.00619151
0.00941318
0.0101588
0.0050612
0.00653732
0.00511344
0.0108566
0.00846632
0.00123342
0.0105073
0.00627908
0.00721956
0.00258118
0.00276477
0.0045305
0.00453248
0.000945183
0.00500439
0.00345717
0.00210388
0.0104242
0.0143434
0.00347642
0.0110379
0.000466722
0.0159721
0.0021929
0.00310346
0.0126499
0.0140239
0.00180323
0.00398696
0.000650762
0.00650729
0.00372562
0.000338571
0.00592303
0.00596272
0.00283782
0.0105141
0.00672606
0.011243
0.00774649
0.00281006
0.000960684
0.00454696
0.00132183
0.00795273
1.70067e-05
0.000390889
0.015803
0.00585106
0.00423701
0.0123605
0.00584737
0.00128183
0.00766184
0.00278339
0.00330137
0.00344234
0.00638425
0.00617454
0.00514753
0.00785251
0.0129448
0.00172583
0.000639657
0.00308621
0.673596
0.0112409
0.0196437
0.011161
0.00465609
0.00597362
0.00869251
0.00307286
0.00769657
0.00117745
0.000919255
0.00408862
0.0017073
0.900481
0.00171825
0.011248
0.00466082
0.0039817
0.00266969
5.56646e-05
0.00825879
7.49706e-06
0.00107046
0.00285965
0.00926502
0.0050005
0.00823768
0.0068281
0.00798074
0.010922
0.000534368
0.00340971
0.00437411
0.0102961
0.0137811
0.00461935
0.0155853
0.00061483
0.00151096
0.000493839
0.00463649
0.00371316
0.0119648
0.654733
0.000995384
0.00622369
0.00922936
0.00504265
0.00136147
0.000231676
0.00546974
0.0093032
0.00569287
0.00232778
0.012186
0.00316407
0.0128088
0.00579517
0.0039012
0.0102714
0.00562547
0.00280519
0.00719463
0.00366076
0.0221516
0.0259661
0.00969162
0.0118464
0.00618795
0.00271262
0.00183508
0.012419
0.00423357
0.0123502
0.0102251
0.00414044
0.0054315
0.843383
0.00828014
0.00650811
0.0120985
0.00532994
0.00489737
0.00880525
0.000925179
0.000231315
0.00142583
0.0216373
0.00219075
0.00266311
0.00309354
0.00984526
0.0144682
0.00280219
0.00150675
0.0100581
0.00761897
0.00501081
0.00714442
0.00260382
0.0138726
0.00299777
0.000159999
0.00224443
0.00311399
0.000292126
0.00199025
0.00018443
0.00664569
0.00603977
0.0138013
0.0005397
0.00442076
0.0112176
0.0218798
0.000964999
0.0154472
0.00293646
0.00533167
0.0036387
0.000493893
0.00115001
0.00100239
0.000214012
0.021193
0.00416271
0.000233577
0.00490274
0.0053924
0.00965575
0.012278
0.000781735
0.00845589
0.00692316
0.00788072
0.00334329
0.0137317
0.00269361
0.000835285
0.00671037
0.0196115
0.00124042
0.00237995
0.00829006
0.00415143
0.00263161
0.00629427
0.000835081
0.00689755
0.00637674
0.00671557
0.0025945
0.00999193
0.00176884
0.00229685
0.00109608
0.185082
0.00146502
0.00760164
0.0153397
0.0047786
0.00102289
0.00786534
0.00984238
0.00821741
0.0064967
0.0182192
0.0146131
1.70089e-05
0.00786011
0.0108322
0.00188933
0.0432436
0.00496347
0.00444531
0.0020035
0.0139637
0.000398754
0.00849679
0.0128872
0.0017315
0.0167754
0.00162008
0.00940568
0.0159901
0.000370214
0.00811571
0.00777636
0.00240007
0.00912435
0.0047174
0.00541243
0.0454847
0.00414759
0.872752
0.0155413
0.00844852
0.00832598
0.00895573
0.00624374
0.0054457
0.00178756
0.00342137
0.0142433
0.00077705
0.00629095
0.00813131
0.00417422
0.0100795
0.00765267
0.00349323
0.0186798
0.00678659
0.00178611
0.0151966
0.0220788
0.00710107
0.00679555
0.0051342
0.00304134
0.00561161
0.0111338
0.00329938
0.00111985
0.0132341
0.000127164
0.924536
5.78462e-05
0.00642869
0.00672521
0.00243412
0.00754579
0.0093765
0.00720532
0.00906304
0.00074713
0.00152705
0.0115065
0.0193221
0.0110299
0.0107194
0.0169976
0.00171264
0.00134128
0.0131184
0.0089309
0.00771777
0.0119223
0.00772461
0.00633874
0.000667321
0.0307421
0.0084724
0.00112806
0.00750271
0.0129331
0.0061909
0.0154432
0.00230172
0.0132576
0.0092724
0.00233292
0.00914704
0.0260582
0.0177127
0.0129951
0.00588564
0.00117092
0.0991701
0.00497311
0.000312146
0.191375
0.00657371
0.00959608
0.0025777
0.00897061
0.00294294
0.00258393
0.00956414
0.0197623
0.00871701
0.00209357
0.00900831
0.00450823
0.0106805
0.0115702
0.0028102
0.0146207
0.00547731
0.0064527
0.000810847
0.0123487
0.0142676
0.944219
0.0108534
0.0107983
0.0108721
0.0266235
0.00384252
0.0074194
0.00792581
0.0017316
0.0191592
0.0170952
0.00550706
0.00172811
0.0107598
0.00690977
0.00873389
0.0109095
0.0107923
0.00469192
0.00562834
0.0102287
0.00548099
0.00242444
0.00833561
0.00642576
0.00160539
0.00145405
0.0155323
0.00760584
0.00506973
0.00271188
0.00416695
0.000683823
0.00273619
0.00146752
0.00150204
0.0196713
0.00846561
0.000490283
0.00775451
0.00442008
0.000875983
0.00157736
0.00307378
0.00477905
0.00624849
0.0142778
0.765556
0.00564022
0.0169918
0.00940946
0.0168777
0.00084686
0.00531726
0.0070604
0.0033665
0.0038626
0.0105333
0.00383354
0.0097652
0.00661118
0.000243411
0.804714
0.00111186
0.838218
0.00502821
0.00270446
0.00189972
0.00267077
0.00982977
0.000820202
0.00190809
0.0193923
0.00170932
0.00381187
0.0102624
0.00160849
0.00729658
0.0113839
0.00421571
0.952188
0.0060838
0.00394718
0.00709001
0.00136566
0.00389621
0.0173728
0.000272327
0.0103785
0.000692027
0.00880349
0.00263575
0.00448636
0.0219947
0.00959165
0.00463418
0.047535
0.0179183
0.108043
0.00505627
0.00859665
0.00781348
0.00137255
0.0106359
0.00187442
0.0206499
0.00183926
0.0100346
0.00195656
0.0183278
0.00574321
0.0265356
0.00232056
0.00598931
0.00186383
0.00405169
0.748185
0.00658627
0.0037663
0.0059231
0.0122852
0.000814203
0.00219028
0.0039155
0.00717003
0.00895936
0.00247455
0.00291113
0.00643586
0.00941512
0.00755982
0.0174658
0.00633478
0.0110438
0.00239888
0.00429796
0.0103311
0.00318762
0.01355
8.1216e-05
0.00285623
0.00385608
0.000917388
0.00584798
0.00280035
0.00223619
0.0111466
0.000299468
0.0014178
0.00239212
0.000875805
0.0325609
0.0105973
0.00949475
0.00204208
0.00240203
0.00748153
0.0150881
0.00213437
0.00653417
0.00399974
0.000431382
0.00209371
0.0193975
0.00781882
0.00805661
0.00287948
0.00266778
0.00811709
0.00590551
0.00565241
0.0045919
0.00293762
0.00302413
0.0015978
0.00342003
0.00885504
0.00400025
0.00636522
0.00280551
0.00329553
0.0377396
0.00540008
0.00579129
0.0156381
0.0960758
0.0163055
0.00528868
0.000694054
0.000144735
0.187373
0.0085589
0.0136485
0.0106735
0.0209793
0.00764225
0.000450042
0.0020502
0.00555712
0.000528521
0.00263234
0.0129119
0.016138
0.00618848
0.00614419
0.000160905
0.00250822
0.00327098
0.00850304
0.00115396
0.0163923
0.00579365
0.000848455
0.00856925
0.00690116
0.0124374
0.00729554
0.00437997
0.00133448
0.00172469
0.00588234
0.00891134
0.00792667
0.0130948
0.00496444
0.0155117
0.000628517
0.0149617
0.00440406
0.00162851
0.00254916
0.00568602
0.0115383
0.0154964
0.00162764
0.00121745
0.00427737
0.00222511
0.000803466
0.788117
0.00218966
0.00793134
0.00506674
0.00345257
0.00230428
0.0068089
0.00233306
0.00333809
0.00143781
0.00877426
0.00479141
0.0119266
0.000287988
0.00553197
0.00059784
0.000446896
0.00778383
0.0150424
0.0256042
0.00510615
0.017615
0.00157577
0.000484079
0.00737658
0.00184935
0.00162028
0.0173312
0.00218918
0.00124695
0.0306045
0.00149115
0.00636296
0.00806223
0.000613974
0.0115406
0.0166146
0.000857068
0.00606166
0.0069783
0.00128162
0.0106069
0.00333556
0.00309542
0.00366432
0.0034757
0.0161271
0.00631149
0.0081818
0.0016325
0.0143881
0.00375446
0.00858301
0.00728187
0.0263325
0.00462039
0.00325461
0.0118965
0.00870038
0.00396283
0.00266639
0.00464208
0.00457625
0.00588673
0.0113118
0.0142983
0.00613487
0.0062206
0.00254221
0.0014706
0.000706524
0.0920395
0.00197351
0.00334401
0.00728625
0.00581542
0.00131768
0.00359582
0.00358053
0.00325843
0.00892964
0.00172233
0.00496968
0.00322662
0.007288
0.00444864
0.00622336
0.00596701
0.0135489
0.000951733
0.00497142
0.00260715
0.00554335
0.00203289
0.00464094
2.5176e-05
0.743999
0.00478238
0.0178677
0.00649095
0.000952465
0.00711395
0.000338133
0.0111791
0.00046483
0.00538558
0.00774838
0.00162442
0.00112612
0.000814593
0.000514902
0.00667739
0.00327176
0.00404006
0.00563396
0.651761
0.00726776
0.00172325
0.00394882
0.0063177
0.0120303
0.0115943
0.00090557
0.00953206
0.0050638
0.0038238
0.00309858
0.000130033
0.00363909
0.00888332
0.00568259
0.00256202
0.00184816
0.0107146
0.00515432
0.00539098
0.00800004
0.00807724
0.0431946
0.00141428
0.0113151
0.00303893
0.00598337
0.00127227
0.000107902
0.00125454
0.00283386
0.0100895
0.00390384
0.00193953
0.00514036
0.000992584
0.00826798
0.00582366
0.0128601
0.00281591
0.000736741
0.00616686
0.00386642
0.00854873
0.00406291
0.0147383
0.00137348
0.0017699
0.000441628
0.00921347
8.23854e-05
0.00150877
0.000628436
0.0126627
0.00679519
5.48233e-05
0.000703845
0.0111437
0.00131906
0.00159141
0.010335
2.30949e-05
0.00313938
0.0088479
0.000331223
0.0117057
0.00720301
0.00336333
0.014781
0.00623493
0.00752806
0.00729299
0.00474661
0.0181108
0.00529202
0.00987317
0.0121636
0.00356449
0.0100545
0.019168
0.0066553
0.0101236
0.00379984
0.00314697
0.00364386
0.0101583
0.00527229
0.00515952
0.00293332
0.00120159
0.00162407
0.00340024
0.00532867
0.00133905
0.00890772
0.0015898
0.0101587
0.00236055
0.00460677
0.00323813
0.000278447
0.00481681
0.0368443
0.000575018
0.0019413
0.00886617
0.00465424
0.00140517
0.00910612
0.0018
0.0213567
0.0134743
0.00564356
0.0120514
0.00353038
0.0151503
0.0059213
0.00287229
0.0114085
0.0115098
0.0106089
0.00451484
0.000865706
0.00287372
0.00579432
0.00413207
0.00122975
0.005138
0.00202434
0.00541006
0.000250693
0.00277411
0.0016019
0.0115001
0.0095522
0.01251
0.0127091
0.00046285
0.0130263
0.00705275
0.00825263
0.00251519
0.00373415
0.00463451
0.00544944
0.00895871
0.000143521
0.00211688
0.00232528
0.00114158
0.0121741
0.000246832
0.00336403
0.00281364
0.0111387
0.000363465
0.00581869
0.010169
0.00619263
0.00416487
0.00036867
0.00277373
0.0151614
0.0131292
0.0157913
0.00236922
0.00177738
0.00571042
0.00396795
0.00834653
0.00307643
0.00714053
0.01606
0.00269529
0.00542536
0.00373368
0.00302576
0.00483146
0.00935578
0.00936405
0.00126496
0.00200269
0.00582038
0.00385969
0.00401131
0.00941983
0.00304858
0.00670411
0.00467895
0.00829346
0.00496816
0.0056435
0.00202598
0.00453919
0.00486003
0.011876
0.00792686
0.000613305
0.00595375
0.000528689
0.0123612
0.0575032
0.00688794
0.00318425
0.0166666
0.00249965
0.0139959
0.872189
0.0041615
0.0154841
0.0204727
0.0129903
0.0121905
0.0102438
0.00661019
0.0124532
0.00381449
0.0048309
0.0121316
0.0075597
0.044634
0.0140571
0.00402298
0.00186441
0.013217
0.00173756
0.00154019
0.000819267
0.00912617
0.00529107
0.0548175
0.000367245
0.00111735
0.013897
0.00332975
0.0139534
0.0174105
0.0217447
0.00278924
0.00638249
0.00908149
0.000248368
0.00206964
0.00518066
0.00307737
0.00446453
0.00293051
0.00130808
0.00535776
0.00365505
0.107147
0.0551079
0.0127812
0.00581032
0.00742772
0.00130777
0.00601471
0.00481457
0.000844151
0.00489562
0.000763898
0.00100819
0.00806818
0.00646358
0.000145858
0.0028045
0.000565683
0.00652494
0.0113139
0.00219062
0.00246549
0.0319051
0.00199737
0.00392146
0.00437305
0.000756008
0.00457195
0.0210001
0.00376459
0.00163438
0.00234035
0.00734509
0.00126597
0.00416284
0.0113754
0.0182386
0.000342446
0.00341634
0.0101403
0.00585472
0.0127806
0.00824909
0.0060524
0.006186
0.00802302
0.00165374
0.00945688
0.00840564
0.0441962
0.00132745
0.00660176
0.00230902
0.00427504
0.0023568
0.00353302
0.00766794
0.00260084
0.00870314
0.00956062
0.00423835
0.000802487
0.0013914
0.000826609
0.00152627
0.00739354
0.00328177
0.00129974
0.00545848
0.00342255
0.0108554
0.00583536
0.00403858
0.00615462
0.000977166
0.0121956
0.451494
0.00258302
0.0106337
0.00138649
0.000520939
0.0716645
0.00553527
0.00334942
0.0057391
0.00490727
0.00169389
0.00150545
0.000917732
0.0101066
0.0443725
0.00571594
0.0166914
0.00367203
0.0180394
0.00272464
0.00064681
0.00221122
0.0496898
0.00165663
0.0109971
0.00209218
0.00800162
0.00276998
0.00427979
0.00365011
0.00475742
0.00150106
0.0223307
0.00900413
0.00415761
0.000829829
0.0149483
0.00769961
0.00470508
0.00786956
0.00658998
0.00288124
0.00623607
0.0149558
1.24413
0.0193949
0.00368782
0.0109218
0.00780998
0.00847744
9.42035e-05
0.00605061
0.000768044
0.000383038
2.99135e-05
0.0215129
0.763163
0.00498479
0.00515252
0.0118291
0.00282759
0.00199792
0.00586277
0.00498271
0.0221094
0.0105232
0.00192875
0.00363103
0.0093821
0.00426811
0.0194527
0.00630719
0.00868336
0.124401
0.025297
0.0172184
0.0111125
0.008028
0.00951492
0.014569
0.000171441
0.00927037
0.0073054
0.00422277
0.00191114
0.00568617
0.00637094
0.0214575
0.00419093
0.592939
0.00989225
0.00296528
0.00426582
0.00611085
0.00595788
0.00969598
0.00553101
0.0017682
0.00184213
0.195166
0.00846701
0.00581601
0.00269942
0.00247029
0.000653017
0.0149408
0.00106683
0.00362972
0.150706
0.00138093
0.00434576
0.00909662
0.00487431
0.00197829
0.00864089
0.00246428
0.0214929
0.0142938
0.00539549
0.000718205
0.0101518
0.00529354
0.00443531
0.00131404
0.00121333
0.00121404
0.00651997
0.0108335
0.00376765
0.0135508
0.00387337
0.0122381
0.010431
0.0144847
0.00346704
0.000252093
0.00452416
0.0091049
0.00205501
0.00180948
0.00208515
0.000829559
0.00857384
2.36645e-05
0.824857
0.00617122
0.00346938
0.000159971
0.00151531
0.00679512
0.0033794
0.0132812
0.00328738
0.00475974
0.00569189
0.0060416
0.0021417
0.00229347
0.004451
0.00249644
0.00201958
0.00800554
0.00970475
0.00327935
0.00920038
0.0054478
0.00457644
0.00979941
8.51027e-05
0.00754936
0.00668543
0.00210002
0.00115643
0.0107278
0.00923089
0.00388304
0.00324132
0.00759201
0.024687
0.000905477
0.000773742
0.00897672
0.000219299
0.00233355
0.0042243
0.00182301
0.000242023
0.00330706
0.0185417
0.0421058
0.0182398
0.000187149
0.000242785
0.00468375
0.00706545
0.00504602
0.00802723
0.000723132
0.0127456
0.00249706
0.000566597
0.00439127
0.00330807
0.000210329
0.597194
0.00312061
0.00367913
0.00187296
0.00596102
0.00350236
0.00390889
0.00192876
0.00678132
0.000151667
0.00891628
0.0197411
0.00496181
0.00907225
0.00419605
0.00127037
0.00332303
0.0128486
0.0216785
0.00833476
0.00123838
0.00887745
0.0096401
0.00611639
0.00504892
0.000322125
0.00227693
0.00960972
0.0190845
0.0183658
0.000271934
0.00200727
0.00248719
0.00234519
0.0111232
1.00548
0.0104107
0.00108695
0.0074491
0.00281725
0.678502
0.00989245
0.0100198
0.0172612
0.000465161
0.00647129
0.00847798
0.676868
0.0274171
0.0115252
0.000469003
0.00569846
0.00298908
0.00899466
0.00823329
0.0102846
0.00125409
0.0157302
0.0267508
0.00925303
0.00682057
0.0123428
0.00145388
0.000326048
0.00369455
2.81724e-06
0.00887607
0.00154819
0.0115374
0.00959199
0.00207454
0.00323479
0.00574892
0.000583315
0.00324235
0.00471976
0.00311946
0.00622299
0.00222004
0.00542279
0.00106467
0.000175567
0.00243125
0.00726681
0.000123602
0.00495665
0.0566674
0.00614612
0.410889
0.00919743
0.0303415
0.000108846
0.00960788
0.00534891
0.00867355
0.00562927
0.0091847
0.00483528
0.00270865
0.000779579
0.00210792
0.00219633
0.0034748
0.000700198
0.00337677
0.00326525
0.00623314
0.00941034
0.0135851
0.0093413
0.00722059
0.0116045
0.00523043
0.00552251
0.030647
0.00682696
0.00258471
0.0156094
0.00213982
0.00684771
0.00560783
0.00824193
0.00464214
0.000877824
0.00834857
0.00382001
0.00687921
0.0165465
0.00313164
0.00710817
0.0048378
0.00614669
0.00834787
0.020783
0.0122319
0.00342044
0.0132299
0.00839322
0.00837654
0.00156527
0.0211809
0.00369336
0.0036985
0.00937804
0.00592074
0.0133923
0.012478
0.0179033
0.000509337
0.0130507
0.0132197
0.000399384
0.00454264
0.00911938
0.0104354
0.0121081
0.000436249
0.00428549
0.0066311
0.00142052
0.00835626
0.00501637
0.0156417
0.00609329
0.0219525
0.00307871
0.00679495
0.00938846
0.000785386
0.00808213
0.00415253
0.00340521
7.58984e-05
0.00196085
0.000874217
0.00384883
0.00415227
0.00802463
0.00774345
0.00419542
0.000956221
0.0126258
0.00793413
0.00156195
0.00750577
0.00181671
0.00124679
0.00661252
0.000963329
0.0150751
0.00989709
0.00512688
0.00479929
0.00628277
0.00397003
0.00804806
0.0162531
0.00381346
0.00579634
0.0165099
0.000183131
0.00528916
0.0181663
0.00467244
0.0066482
0.0104155
0.0170267
0.0147284
0.00508441
0.00729835
0.00349454
0.00848626
0.00631512
0.0075493
0.00200863
0.00332649
0.00875296
0.000467974
0.00198081
0.00531285
0.000487628
0.00582748
0.00378697
0.56463
0.00119747
1.10803
0.00152458
0.0142373
0.00117646
0.00227642
0.0101086
0.000204628
0.00224863
0.00171685
0.00947348
0.00720815
0.000533029
0.00942067
0.0130707
0.00516634
0.00719828
5.86928e-05
0.011925
0.00969474
0.00332562
0.000138504
0.000703962
0.00293633
0.00517273
0.000540934
0.00233709
0.00282832
0.002271
0.0102376
0.00510006
0.00344618
0.000511271
0.00478389
0.00195196
0.0113743
0.000536875
0.003803
0.00377096
1.01475
0.00898812
0.00469597
0.00287853
0.00428671
0.00547107
1.15289
0.0052925
0.00613642
0.68312
0.00404258
0.0022812
0.00556685
0.00108783
0.00187775
0.00743505
0.00120245
0.00489745
0.00439946
0.0065689
0.00567394
0.00626121
0.00360288
0.00626001
0.0063872
0.00380797
0.00503413
0.00204972
0.00922519
0.00653527
0.0115938
0.00693108
0.00469639
0.00414161
0.00218844
0.0193711
0.00435822
0.0061007
0.00493948
0.00510771
0.0112488
0.00326758
0.00525348
0.00592949
0.00486158
0.00133856
0.00123256
0.00287163
0.0219514
0.00434559
0.00493551
0.0121355
0.00129807
0.00252931
0.00475978
0.00412415
0.00462658
0.0051247
0.00544339
0.00922112
0.00605878
0.00102853
0.0031045
0.00718729
0.0116868
0.0110482
0.00775457
0.0133473
0.00011294
0.012211
0.00891198
0.00436414
0.00157876
0.0116977
0.00599808
1.01201
0.00447369
0.0186779
0.00390794
0.00594408
0.00242243
0.00379718
0.00878463
0.00311763
0.448438
0.00552729
0.00446138
0.00157952
0.00039541
0.00505275
0.00195971
0.00942346
0.0146331
0.00481235
0.00994322
0.0122117
0.00448488
0.00699713
0.0060532
0.00366755
0.0118089
0.00658689
0.00757767
0.00201976
0.00911348
0.00245673
0.00674922
0.000169024
0.000854497
0.00151594
0.00549572
0.0094848
0.00541546
0.0010355
0.837201
0.00670511
0.0030641
0.0129131
0.00625691
0.00921794
0.000895361
0.00302802
0.00700164
0.00163441
0.00307699
0.0212679
0.00312667
0.000789559
0.00310923
0.00383083
0.000883528
0.00910683
0.00233018
0.0118563
0.0347777
0.0011603
0.024647
0.00981441
0.000260142
0.00704084
0.00200082
0.00600086
0.0037622
0.000730374
0.00864847
0.00526949
0.004069
3.00428e-05
0.00964748
0.00521827
0.00581077
0.0141305
0.00338326
0.00490361
0.00152662
0.000628055
0.00778152
0.00866566
0.0089589
0.00148296
0.0134392
0.00117673
0.0154485
0.016289
0.00571569
0.000135075
0.0075934
0.000719204
0.0104115
0.00713364
0.00649622
0.00323369
0.000243414
0.0196845
0.00221427
0.00114966
0.00430542
0.00151321
0.0137056
0.0138484
0.0140857
0.00528935
0.0125104
0.0227748
0.00857101
0.0044694
0.00387896
0.0218527
0.0187705
0.0205496
0.0114815
0.0202959
0.0140192
0.013578
0.00098769
0.000221478
0.022235
0.00783941
0.00281874
0.00712091
0.00697159
0.000362514
0.0021258
0.00849982
0.000432369
0.00308066
0.00104549
0.00333022
0.0484102
0.0175935
0.000952145
0.0102582
0.00435804
0.00671198
0.0348507
0.0193922
0.00602999
0.00991125
0.00135857
0.00880179
0.000181088
0.00570122
0.00233472
0.0155867
0.0160019
0.00490267
0.0145232
0.000752506
0.00439994
0.00874657
0.00870604
0.00959858
0.0106912
0.00192305
0.00117786
0.000636701
0.00022758
0.0153158
0.688738
0.000613032
0.00195132
0.0071181
0.00256411
0.0111156
0.00599608
0.0055727
0.00930365
0.00524072
0.000215794
0.00254406
0.0067187
0.00286538
0.00837272
0.00209165
0.0055969
0.00606731
0.0013971
0.0023542
0.0140608
0.00885715
0.030043
0.00463003
0.00750962
0.0117895
0.00372414
0.000117662
0.022825
0.00812092
0.00244958
0.00072007
0.00121066
0.00434828
0.0211663
0.0161727
5.645e-05
0.0145994
0.0102217
0.00919385
0.00748645
6.43766e-05
0.0187027
0.00745847
0.0174181
0.00596237
0.0105126
0.0118809
0.00709684
0.151779
0.0115203
0.0105528
0.00801175
0.0078461
0.00621725
0.00388665
0.0163858
0.0251648
0.00312367
0.0168895
0.0230019
0.000547214
0.00116537
0.00366039
0.000906161
0.0112717
0.00564592
0.00567905
0.00442085
0.0126544
0.0074648
0.0161637
0.856427
0.00408342
6.91254e-06
0.0108823
0.0137919
0.00510807
0.00864885
0.00215959
0.0103725
0.00569779
0.00625621
0.00796615
0.0166795
0.00359528
0.00171085
0.00349429
0.0134344
0.00249564
0.000846209
0.00560608
0.00273115
0.00293142
0.0158115
0.00318849
2.00896
0.0142828
0.00698036
0.0155081
0.00809829
0.00511767
0.011918
0.0038717
0.0183199
0.0505775
0.00718677
0.00596618
0.0110977
0.0111313
0.000180593
0.00845856
0.00328814
0.00827986
0.00894906
0.00613034
0.0159129
0.00110926
0.792971
0.0188316
0.00571934
0.00509999
0.00317586
0.0155723
0.638403
0.00476635
0.906285
0.00882461
0.0135612
0.592028
0.0123846
0.0116367
0.00583831
0.00468218
0.00211645
0.00749843
0.00246795
2.37325e-05
0.00338835
0.00298708
0.00859768
0.000445798
0.0176157
0.00212826
0.00365849
0.00154866
0.00091581
0.00674219
0.00607141
0.16429
0.0173059
0.0224566
0.005592
0.0133482
0.00367311
0.00972164
0.0014513
0.0133207
0.0163554
0.0234789
0.00577304
1.74741
0.0035141
0.00878917
0.00140622
0.00148614
0.00189335
0.00345796
0.00314844
0.00206191
0.00202987
0.0125077
0.0104369
0.0195316
0.00474207
0.00758785
0.0058708
0.00476204
0.0108205
0.000377014
0.00342465
0.00734391
0.0898857
0.00597254
0.00612089
0.00468321
0.00534688
0.00623689
0.00616742
0.00231558
0.00282429
0.00656321
0.00179915
0.00596025
0.0141037
0.0019881
0.00196506
0.00714929
0.00642659
0.00199499
0.0107713
0.00321997
0.0143667
0.00665057
0.0143192
0.00449458
0.00989344
0.00584401
0.00626292
0.00263124
0.0032334
0.00575219
0.00371214
0.00273332
0.00603237
0.0123221
0.0112973
0.00865239
0.00103017
0.00326475
0.00440109
0.007022
0.00248105
0.0135991
0.00222379
0.803613
0.808766
0.00425472
0.00571526
0.000929455
0.00944472
0.000593029
0.00443034
0.00825205
0.000388998
0.00579695
0.00467208
0.0143646
0.00252542
0.00937162
0.00606319
0.00156021
0.00929858
0.0115383
0.00169506
0.000481718
0.00450124
0.0100424
0.00430519
0.00841778
0.00359742
0.894614
0.00480682
0.00186496
0.00892635
0.00285619
0.00194368
8.16701e-05
0.00133273
0.00565612
0.00844131
0.00434911
0.00225301
0.00987521
0.00859885
0.00145383
0.00137366
0.00118453
0.00667929
7.22871e-05
0.676043
0.00558495
0.00685898
0.0026587
0.0100508
0.00269394
0.00114535
0.0123438
0.00254226
0.00597394
0.00533319
0.000910576
0.000747158
0.00321218
0.0048945
0.000559708
0.00349582
0.000322874
0.0016595
0.00204654
0.00181483
0.0118441
0.00862767
0.00550056
0.00112669
0.00509658
0.00246738
0.00748857
0.0104829
0.00873262
0.017108
0.0216066
0.00925388
0.0161361
0.0109819
0.00494797
0.00954474
0.0057215
0.00954379
0.00550954
0.00746807
0.0024008
0.00148198
0.0100298
0.00644477
0.00295239
0.00659605
0.00226586
0.00451105
0.038524
0.0175046
0.00337812
0.00753921
0.012271
0.00712659
0.00104364
0.0298474
0.0006781
0.0177987
0.0247393
0.00892181
0.0181094
0.000978307
0.0116223
0.0103114
0.00629737
0.00307325
0.00875269
0.00306325
0.0129336
0.00576763
0.00598471
0.0136987
0.00209585
0.00621865
0.000685179
0.00702652
0.0606752
0.00353597
0.0577745
0.000386283
0.00286899
0.00120016
0.000424413
0.0126722
0.00191652
0.00828533
0.00238083
0.00458791
0.0091366
0.00698553
0.00114759
0.00236732
0.0136782
0.00858144
0.011378
0.112665
0.00917479
0.0108677
0.000238871
0.0110554
0.0163491
0.00309296
0.00811471
1.96776e-05
0.00297472
0.00416671
0.00289235
0.00261628
0.00468466
0.00244403
0.0108719
0.00641997
0.00656422
0.021199
0.00210146
0.00884782
0.00397837
0.00725755
0.00700943
0.00545857
0.00275851
0.00426211
0.00572481
0.0236321
0.00739182
0.0046867
0.0087303
0.0046026
0.00881886
0.0148082
0.000365198
0.000978946
0.00757719
0.0066318
0.00829321
0.00304314
0.00224578
0.00347277
0.00902029
0.00487961
0.0101777
0.01288
0.00786492
0.000248149
0.00382397
0.00198701
0.00201614
0.000654299
0.000853324
0.0181349
0.00734422
0.00466069
0.00199164
0.000269303
0.000276339
0.00315915
0.0148453
0.00665559
0.0343543
0.00641745
0.00133846
0.00426593
0.000698722
0.00472793
0.0004675
0.00802451
0.00393459
0.00511864
0.00866276
0.00413525
0.0153291
0.00331055
0.00383839
0.0121638
0.0116921
0.00169059
0.00101131
0.00385969
0.0148165
0.00796982
0.0248712
0.0129587
0.00618693
0.0017026
0.0104244
0.0244767
0.848887
0.0026912
0.000177708
0.00324041
0.000863749
0.00562793
0.0172987
0.00772361
0.00249327
0.00138021
0.00099754
0.00414162
0.00524782
0.00492867
0.00597437
0.0118288
0.0141447
2.10131e-05
0.00315474
0.00736091
0.00228286
0.00268104
0.00476959
0.0126178
0.0046212
0.00831325
0.00531459
0.00669927
7.52131e-05
0.000177612
0.00625862
0.0214161
0.000183678
0.00516716
0.0042534
0.000515387
0.00106361
0.00279674
0.00903495
0.415137
0.00164998
0.00512342
0.00141375
0.00542594
0.00655028
0.00420949
0.00424016
0.00891899
0.000918586
0.000647835
0.00671262
0.0096096
0.00458463
0.00518166
0.000497446
0.00520868
0.00864047
0.00110368
0.00566346
0.00144262
0.000782035
0.00207945
0.00417607
0.00471929
0.00194227
0.0105109
0.0117062
0.00577716
0.000613713
0.00204065
0.00325555
0.0132649
0.00611697
0.0013281
0.00714282
0.00560746
0.00508457
0.00482565
0.00594964
0.000387056
0.00133208
0.00808783
0.000605121
0.00486384
0.00194069
0.00351474
1.03922
0.00439951
0.00490999
0.00512101
0.00199606
0.00142258
0.00899073
0.00381562
0.837018
0.00405671
0.00197804
0.00526058
0.00699191
0.00242881
0.00966183
0.000814466
0.00130366
0.00266116
0.0029597
0.000452461
0.00485195
0.000657103
0.00365877
0.00945535
0.696376
9.06698e-05
0.00578478
0.00564636
0.00207266
0.000835517
0.0143985
0.00248441
0.00109216
0.00223409
0.00482545
0.000507745
0.00216295
0.00425134
0.0151194
0.0154966
0.00495607
7.77499e-05
0.00747729
0.00227851
0.00674353
0.00101746
0.00114191
0.00696847
0.00408944
1.119e-05
0.00323815
0.00555814
0.0012819
0.00482432
0.0068572
0.00237549
0.0066576
0.0648539
0.00181983
0.003028
0.00441501
0.00712676
0.00427444
0.00134744
0.00412427
0.00412337
0.0121874
0.000959772
0.00542278
0.00144815
0.0125275
0.00551353
0.00702615
0.00215694
0.0180073
0.00625587
0.0107932
0.00586374
0.0072334
0.00346665
0.00693935
0.00191528
0.00419127
0.00994597
0.00142952
0.00127457
0.00839717
0.00620861
0.00715111
0.00393049
0.00553417
0.00483439
0.00198856
0.00973408
0.00583424
0.0282401
0.00878339
0.000632126
0.000590642
0.00493571
0.00446502
0.0153211
0.00500843
0.00507788
0.00451292
0.00261675
0.00372404
0.00212731
0.00686363
1.41979
0.00702627
0.00968503
0.00513999
