0.574542
1.73804
0.0174605
0.0538239
0.00838255
0.0620514
0.0156294
0.0374426
0.0297257
0.0154083
0.0213481
0.0377969
0.467844
0.013554
0.0160048
0.0253067
0.0189054
0.101439
0.00633563
1.24109
0.0180408
0.014772
0.0108313
0.0581786
2.10888
0.00946489
0.041713
0.0243339
0.0297086
0.0201025
0.0105868
0.942603
0.0132462
0.344069
0.0243183
0.02051
0.00326093
0.00944865
0.0456159
0.00961642
0.014245
0.0268388
0.859158
0.040112
0.00888295
0.0126859
0.00646032
0.0264004
0.0293097
0.0126675
0.392919
0.0752502
0.0266221
0.613103
0.00563929
0.473475
0.245216
0.0584483
1.61423
0.351131
0.0108021
0.0314382
0.0394514
0.00789019
0.0045747
0.027533
0.0108205
0.0240779
0.0432093
0.0309465
0.0405115
0.0242544
0.0312371
0.020427
0.186051
0.0586541
0.0107634
0.0237478
0.0150538
0.0163875
0.0523982
0.0226624
0.0135976
0.0397333
0.0133603
0.0329758
0.0852078
0.0685454
0.0639943
0.0571537
0.0183157
0.0641093
0.10025
0.0174018
0.044306
0.019194
0.0173789
0.0602004
0.0277472
0.0354042
0.0517122
0.0128942
0.0469041
0.71626
0.0299852
0.0753913
0.0447064
0.0631331
0.035438
0.11566
0.0117063
0.0117282
0.023916
0.0722507
0.0280008
0.0137577
0.0255581
0.0612088
0.0783058
0.0315682
0.0162487
0.0882452
0.127781
0.0299979
0.0555994
0.382343
0.02824
0.0709272
0.0265053
0.0213205
0.0190041
0.0619143
0.417264
0.022742
0.0499092
0.0164357
0.0221521
0.0113173
0.0285931
0.0188816
0.0176223
0.0149918
0.0496146
0.0343585
0.0692788
0.0160389
0.00946327
0.0245655
0.0165433
0.148805
0.0268814
0.0242309
0.041767
0.0102677
0.0407118
0.0125806
0.874728
0.00833253
1.43919
0.0223119
1.25104
0.0330889
0.0594103
0.0391011
0.0955399
0.0117302
0.0634958
0.0295672
0.0210687
0.0140331
0.104714
0.496671
0.0228799
0.0373478
0.0373367
0.0327306
0.0323345
0.0192648
0.0146626
0.0541518
0.0467575
0.0521801
0.0410864
0.0283423
0.135344
0.0384344
0.00553025
0.0253904
0.0289454
0.0136529
0.0251987
0.0484054
0.058908
0.0827452
0.0223055
0.0725841
0.0154036
0.0255346
0.02215
0.0288642
0.0517959
0.106868
0.00740507
0.0610548
0.0917463
0.114098
0.0872704
0.73474
0.0399238
0.082293
0.011994
0.0315368
0.0491984
0.0255844
0.0355883
0.14755
0.0368761
0.0456684
0.0155847
0.0510237
0.044719
0.0443227
0.0414259
0.0293192
0.0486514
0.0176478
0.0776293
0.0110735
0.00751235
0.0182659
0.0255173
0.0330084
0.0135991
0.212277
0.0807648
0.0258293
0.0287533
0.0480318
1.43664
0.0286298
0.0988935
0.00797421
0.0669404
0.044334
0.0110832
0.0198942
0.0133172
0.121922
0.0397993
0.05957
0.0360433
0.0266001
0.0129207
0.0370203
0.00737722
0.0496445
0.00877033
0.00893865
0.0315928
0.0436417
0.0651676
0.0366992
0.0222656
0.0116419
0.120517
0.0909451
0.121707
1.73149
0.0206796
0.140694
0.0590589
0.0348654
0.074658
0.0146897
0.0121575
0.0461654
0.0301815
0.0226652
0.0394579
0.0260976
0.0176201
0.0263017
0.0253223
0.012199
0.0316091
0.0236043
0.11042
0.0505057
0.0593047
0.0212859
0.0656267
0.0496711
0.0667481
2.42404
0.0402092
0.0343226
0.0468422
0.0312854
0.0271805
0.0173826
0.00762166
0.00922612
0.0219756
0.0279251
0.0577756
0.0193658
0.00920408
0.0744743
0.00714584
0.0285731
0.0398467
0.016938
0.493514
0.036389
0.0358607
0.00678997
0.0238262
0.0540848
1.50601
0.0381029
0.0476339
0.0239128
0.00350934
0.00595648
0.00675787
0.0220137
0.0186084
0.0274103
0.0422879
0.0166936
0.0162889
0.0202415
0.0382332
0.0289284
0.0404251
0.0119178
0.0130888
0.0306592
0.0280145
0.00321195
0.0190898
0.0215357
0.0240482
0.0329536
0.512846
0.0722089
0.465894
0.0320202
0.0152866
0.0227348
0.0136259
0.0417868
0.0102936
0.0144926
1.70725
0.0223288
0.0617576
0.610963
0.0318181
0.050868
0.0162356
0.0190789
0.0733815
0.0123066
0.0182676
0.0275596
0.030766
0.030895
0.240175
0.01028
0.534122
0.109277
0.0200906
0.00260655
0.0143842
0.0485483
0.0202014
0.0451918
0.0409188
0.0169546
2.48514
0.0405674
0.0227023
0.0735025
0.0267712
0.0262613
0.123184
0.0259281
0.0516277
0.0326003
0.0521569
0.0167302
0.0102687
0.339419
0.0244945
0.0293144
0.0340843
0.00808968
0.0419867
0.920224
0.0291927
0.0225564
0.00897053
0.0302592
0.0517632
0.022086
0.029884
0.0222828
0.0566831
0.0238001
0.0359023
0.181243
0.0836265
0.0156647
0.0351978
0.0177159
0.0416172
0.0750081
0.0244292
0.031261
0.0268286
0.0192363
0.0264212
0.0225908
0.0293264
0.0153206
0.0316299
1.64551
0.0221241
0.0421567
0.0161522
0.557356
0.0395001
0.0195087
0.03728
0.0763013
0.0173312
0.00932239
0.0302243
0.00611364
0.849625
0.0242774
0.0258512
0.0224304
0.0231881
0.0255745
0.0358481
0.0166659
0.00363578
0.229983
0.0236657
0.00801053
0.0160171
0.010394
0.00944267
0.00697816
0.0750709
0.0240092
0.0258867
0.0163228
0.0169885
0.0498433
0.0590907
0.0436005
0.474442
0.0270718
0.0107988
0.0254162
0.0391188
0.0263987
0.103205
0.00833151
0.0784284
0.056237
0.0427949
0.0382759
0.0460015
0.045444
0.0325408
0.0593308
0.00821439
0.036148
0.027641
0.0171942
0.0166704
0.00966639
0.0365504
0.044835
0.0273185
0.30411
0.00741336
0.00694312
0.0697152
0.842142
0.0452687
0.00170174
0.0169892
0.0668856
0.04308
0.0111462
0.0342776
0.0199478
0.021327
0.00459319
1.17176
0.01732
0.0309671
0.130005
0.0148505
0.0293835
0.0181659
0.0340243
0.0313747
0.513138
0.0295666
0.00616384
0.0176843
0.0227241
0.0107139
0.3241
0.0294855
0.0838436
0.0329863
0.0116019
0.0302344
0.00700908
0.00960491
0.0353496
0.00750101
0.0454828
0.0396577
0.0304978
0.00565641
0.00480774
0.0265902
0.0734834
0.0168208
0.00734454
0.00475482
0.0250558
0.020158
0.0184787
0.624273
0.00248731
0.0426735
0.0249082
0.0765723
0.026537
0.616025
0.0141301
0.0177348
0.0149864
0.0110244
0.0447098
0.0300809
0.0300842
0.0323725
0.02306
0.0205012
0.0146598
0.0313304
0.0279512
0.014947
0.618561
0.0314629
0.0309901
0.0683498
0.0293036
0.0188516
0.0126062
0.0208008
0.000798138
0.0251478
0.0326043
2.09134
0.0450032
0.0206553
0.0156677
0.0245544
0.0265057
0.0112535
0.04231
0.0335178
0.0559772
0.0117478
0.0125432
0.0190645
0.025385
0.438618
0.0418421
0.0289491
0.337365
0.0115165
0.14143
0.0256127
0.0288176
0.0483296
0.0225467
0.0194385
0.0317
0.208163
0.0637185
0.510907
0.0215147
0.0291474
0.0430378
0.0648799
0.0314557
0.0822596
0.854811
0.0296504
0.0351946
0.0166415
0.074395
0.054471
0.0608366
0.0296317
0.0295322
0.0290872
0.0342184
0.0195711
0.0580396
0.0131618
0.0308829
0.0355165
0.0181666
0.0469571
0.0325197
0.0257694
0.259654
0.0250433
0.00959586
0.00853177
0.0121938
0.0436839
0.0199463
0.012344
0.0175367
0.0127437
0.0254318
0.0198561
0.030509
0.0249481
0.0153191
0.0263652
0.00850393
0.0119179
0.0241571
0.010255
0.0282853
1.32477
0.0232732
0.0311066
0.768814
0.0392151
0.0270681
0.0454341
0.173572
0.0202907
0.0453586
0.0145749
0.032645
0.0319409
0.00769519
0.0235639
0.0213501
0.981368
0.00577162
0.0180607
0.0147156
0.439669
1.44235
0.0462343
1.07829
0.0384648
0.0206348
0.0285057
0.0108378
0.0355877
0.00822355
0.028548
0.306716
0.448237
0.0248924
0.00127379
0.022831
0.0279094
0.0135415
0.0245922
0.72694
0.835519
0.535782
0.0275179
0.0785241
2.52923
0.0588759
0.0224887
0.874158
0.0369055
0.0373245
0.403574
0.839362
2.11313
0.0214679
0.0320276
0.0134323
0.04502
0.00633193
0.0361569
0.0135588
1.60806
0.0261845
0.579184
0.0163995
0.017391
0.0265014
0.132592
0.0168871
0.0474897
0.0586554
0.00918068
0.0426695
0.415502
2.36311
0.337955
0.0108432
0.0585799
0.0442388
0.958943
0.0232907
0.0132189
0.00737215
0.00550165
2.99963
0.0161187
0.842235
0.0329055
0.0374971
0.0137715
0.235303
0.00767809
0.0208872
1.01221
0.822509
0.0263545
0.020693
1.34577
0.0448731
0.0122606
0.0101916
0.14381
0.024149
0.0549852
0.014714
0.0143656
0.17565
0.0482379
0.0511147
0.00625058
0.0163161
0.0107602
0.0309185
0.017678
0.00984251
0.724314
0.285578
0.209078
0.0208329
0.0128968
0.0485352
0.207534
0.0483093
0.015965
0.0160983
0.0164228
0.442654
0.0140105
0.00277287
0.0312632
0.0282908
0.0184714
0.0239663
0.012059
0.0165713
0.282334
0.0195436
0.856171
0.00668651
0.00783161
0.042702
0.0300066
0.513573
0.0108786
0.0151628
0.00930313
0.0309808
0.000852552
0.819021
0.0193581
0.025897
0.0244672
0.319711
0.0218261
0.0926334
0.00894262
0.058492
0.00663352
0.0128876
0.0849847
0.0162309
0.0161994
0.0462985
0.0211265
1.22891
1.83286
0.0140658
0.0113292
0.0190563
0.0440498
0.0301505
0.0266455
0.0138975
0.00916204
0.889919
0.136443
0.0282595
0.777021
0.0168349
0.00404336
0.0227087
1.10455
0.0371486
0.0193756
0.0194794
0.57524
0.331348
0.00562334
0.0828601
0.00880649
0.286803
0.0196251
0.655326
0.0141397
0.00580324
0.0403036
0.0212766
0.0181828
0.0455163
0.00418166
0.0108745
0.0341171
0.0223029
0.0425248
0.00866908
0.022746
0.0198087
0.045098
0.0185094
0.0536095
0.0435109
0.0650516
0.0617708
0.0272521
0.0658094
0.0222352
0.0268051
0.0430371
0.0697117
0.0433499
0.0272782
0.0274857
0.031229
0.0670406
0.0362585
0.0156071
0.94992
0.0356139
0.0175919
0.0531433
0.0573809
0.0403387
0.0236048
0.0483027
0.329944
0.0740894
0.0190529
0.00836835
0.0819356
0.0140428
0.0380638
0.0674187
0.019625
0.02663
0.0403497
0.0631499
0.0433772
0.00735717
0.0526838
0.0498011
0.0413593
0.261777
0.761659
0.0301802
0.0651253
0.0169318
0.0229847
0.0526189
0.0363811
0.0267146
0.016432
0.0061449
0.00980227
0.00872233
0.0103097
0.0275167
0.020521
0.00495121
0.39989
0.0220832
0.0438575
0.0335336
0.0180209
0.00984837
0.875808
0.0099836
0.00569182
0.0297065
0.0500219
0.0431764
0.0156598
0.0430628
0.0193921
0.01452
0.0326754
0.023192
0.0445233
0.78273
0.00551364
0.00542137
0.014214
0.0291649
0.0432268
0.0290323
0.38831
0.176426
0.0224801
0.0115792
0.0459305
0.0166024
1.0591
0.0143024
0.0317415
0.0488598
1.42083
0.00632598
0.0423019
0.0181289
0.0242261
0.372966
0.0050613
0.00419759
0.0736769
0.0142479
0.0582046
0.0279984
0.00822831
0.00926216
0.0231547
0.0476749
0.0223265
0.214024
0.0429491
2.63979
0.131658
0.109246
0.0123019
0.0532161
0.00444381
0.0285442
0.0750178
0.0146164
0.0591926
0.123289
0.549856
0.0237374
0.0319979
0.106477
0.0746703
0.0341535
0.0404812
0.0502647
0.0146112
0.0851263
0.0456568
0.0187549
1.16338
0.0438015
0.0378374
0.0197692
0.0582519
0.078497
0.0371638
0.717824
0.0204356
0.118066
0.039416
0.0255348
0.0308536
0.0198877
0.020574
0.0446227
0.0222674
2.9954
0.0585152
0.026063
0.0734314
0.0692162
0.0230585
0.0511157
0.0275234
0.0445928
0.0305575
0.0352211
0.0168042
0.0113712
0.0409699
0.0235408
0.0185771
0.0389113
0.0248726
0.0260203
0.0298656
0.0176997
1.715
0.0354513
0.0288893
0.0300764
0.0503011
0.0208617
0.0593005
0.0473507
0.023518
0.0183688
0.0473892
0.101511
0.0586493
0.100187
1.09282
0.0270754
0.377992
0.181191
0.033512
0.0739148
0.121829
0.0430845
0.0340163
0.0656341
0.0341284
0.011806
0.0392123
0.0796033
0.581256
0.0436376
0.0154023
0.0588021
0.0624379
0.0231022
0.0256436
0.0315444
0.0591104
0.126048
0.0393347
0.0449686
0.047996
0.0138779
0.0350629
0.0229756
0.0138283
0.0286189
2.97738
0.0714379
0.0341993
0.0494995
0.356582
0.373507
0.0226543
0.0236097
2.77814
0.00515744
0.0467983
0.0332552
0.0212414
0.0248146
0.0169178
0.033661
0.0927012
0.0203436
0.0437117
0.0448289
0.0433162
0.00896093
0.0342346
0.0205057
0.191864
0.0182352
0.0346729
0.00797706
0.0297351
0.012809
2.82471
0.0576509
0.0203613
0.0372225
0.0121743
0.0345545
0.0295483
0.48623
0.0143516
0.0319081
0.021543
0.0237664
0.0146834
0.00813036
1.34105
0.0134558
0.05773
0.0243199
0.0259247
0.0390346
0.0261669
0.00878518
3.54432
0.0276062
0.00410791
0.00928612
0.0087032
0.0606318
0.00895034
0.0347702
0.511019
0.042657
0.0113678
0.0356789
0.0195125
0.0660368
1.92827
0.0247171
0.0703747
0.0449803
0.051784
0.0124571
0.0349967
0.0232442
0.0275126
0.0202295
0.0861053
0.0500039
0.0109186
0.0145333
0.0524312
0.0248897
0.0323642
0.0845999
0.0441645
0.0191822
0.0251146
0.0255934
0.0259565
0.0520152
0.0258142
0.0265034
0.0856898
0.0469478
0.734489
0.130561
0.0361891
0.0665284
0.0173909
0.00681062
0.0167327
0.0384833
0.0222126
0.02317
0.633946
0.079245
0.00411488
0.425292
0.00715852
0.0851148
0.0104664
0.0164786
0.0288831
0.326021
0.0323913
0.0359745
0.0173144
0.246799
0.0434331
0.0233903
0.478849
0.0258599
0.0565031
0.0215103
0.0324932
0.0186647
0.0178594
0.03656
0.0124956
0.028252
0.0238384
0.00671562
0.0239075
0.0232933
0.0765065
0.0529854
0.00964749
0.0144433
0.0317203
0.016722
0.0103126
0.0178302
0.0185796
0.0474863
0.0195523
0.0190142
0.0161522
0.0123472
0.0204907
0.0180851
0.0170075
0.0267421
0.0126079
0.0819627
0.0138979
0.0185041
0.121496
0.0424034
0.0851373
0.0428975
0.073622
0.0241511
0.0245865
0.031593
0.0140268
0.10231
0.0217654
0.0276743
0.032492
0.0108389
0.0258723
0.0394882
0.142345
0.0100336
0.11063
0.0357011
0.0446686
0.036529
0.0204378
0.0301371
0.0446066
0.0280788
0.0251836
0.0219909
0.0419245
0.0402349
1.08898
0.00887362
0.00197557
0.0260215
0.0288326
0.0197802
0.0417026
0.0250772
0.00592931
0.032708
0.299942
0.0197898
0.348412
0.0129219
0.00728581
0.0261757
0.0668861
4.53294
0.0297827
0.00842907
0.0358472
0.0277457
0.031211
0.0434381
0.594817
0.0292714
0.034984
0.00670849
0.0104126
0.0169981
0.664804
0.0046792
0.00414535
0.0685351
0.473518
0.0442888
0.0328309
0.0114215
0.0540506
0.0563712
0.0144601
0.724159
0.0375114
0.0375849
0.0254949
0.049077
0.0327792
0.0217716
0.0175223
0.00513596
0.0551474
0.0222759
0.0572868
0.757192
0.0335985
0.0137786
0.0112373
0.0166044
0.00903935
0.0131248
0.0146901
0.05514
0.726195
0.0440115
0.0546146
0.0510929
0.0477569
0.0344915
0.0208595
0.00857326
0.016517
0.0658676
0.020418
0.00766912
0.0384033
0.0373213
0.00736922
0.0319908
0.0224339
0.0318744
0.0215715
0.0555606
0.0148337
0.0740547
0.0305977
0.0461827
0.0382354
0.0210351
0.0129714
0.0285705
0.0307774
0.00376909
0.0250287
0.0148475
0.0184801
0.0384482
0.0341673
0.0322911
0.0402678
0.00866997
0.0127331
0.802859
0.0251972
0.046755
0.0218141
0.00385332
0.010342
0.018594
0.0349357
0.0408668
0.175335
0.0485432
0.0271537
0.0801008
0.0596156
0.0176595
0.0161934
0.0414649
0.147987
0.0444735
0.0639355
0.041784
0.00850593
0.0195682
0.0271625
0.0436518
0.0523686
0.0423647
0.562892
0.104176
0.0162169
0.0351675
0.372066
0.676655
0.0135745
0.0067264
0.0225286
0.00397575
0.00582308
0.0188418
0.0109189
0.00192366
0.0673777
0.0413413
0.0159621
0.0131816
0.0106696
0.0487968
0.956182
0.0267155
0.0248468
0.0170003
0.0640748
0.0392975
0.0164147
0.0376252
0.0218891
0.0515202
0.0264035
0.0344256
0.0690392
0.0271121
0.0198429
0.0110364
0.0470854
0.0412787
0.00820228
0.009791
0.0264107
0.0313136
0.0315372
0.0268613
0.0388854
0.0112504
0.0873437
0.0224536
0.045874
0.0260982
0.0221017
0.00541393
0.0265638
0.702628
0.0161865
0.0291926
0.00754296
0.0235985
2.87708
0.381807
0.0343094
0.0834902
0.0173158
0.0142011
0.0162778
0.00307865
0.0125968
0.0125024
0.0199035
0.0398912
0.00418685
0.0297287
0.024059
0.00900496
0.0493203
0.00996325
0.0557091
0.0258009
0.0216722
0.0133718
0.526888
0.0187624
1.0331
0.028569
0.314236
0.334976
0.826127
0.0188785
0.0218516
0.0152502
0.0199481
3.5588
0.0785592
0.0185965
0.0122689
0.390927
0.0124398
0.019073
0.018334
3.52478
0.0623581
0.0198273
0.0338486
0.0152407
0.02932
0.0183506
0.00846795
0.0349366
0.0387888
0.351477
0.0283658
0.0245769
0.0210793
0.0128536
0.0305979
0.0144925
0.0461995
0.0121637
0.0242126
0.0132592
0.0228506
0.178628
0.0189062
0.607684
1.06457
0.333726
0.0288785
0.0291872
0.0110088
0.0441917
0.0353744
0.024737
0.0236944
0.0126221
0.0292031
0.894904
0.0228579
0.0364902
0.0538275
0.0567144
0.0283353
0.0205342
0.0140725
0.0452079
0.0106533
0.0462713
0.0414058
0.0589133
1.94317
0.0471386
0.0199769
0.0204091
0.025107
1.12794
0.0337947
0.19417
0.0248349
0.0325672
0.0467012
0.0446907
0.0371925
0.0278281
1.22623
0.0277787
0.0208437
0.017274
0.036096
0.0103155
0.0138289
0.529604
0.0756358
0.0083147
0.598886
1.29621
0.0219424
0.00899647
0.017163
0.0110674
0.122893
0.036321
0.0231446
0.0301394
0.0185183
0.410298
0.0405005
0.0110396
0.014383
0.0129389
0.0141814
0.0413258
0.034617
0.0493963
0.0105229
0.177729
0.0199058
0.663689
0.0188743
0.00986755
0.0252634
0.0259959
0.00325628
0.024256
0.0153085
0.0378497
0.0339989
0.0330392
0.297304
0.0161277
0.598725
0.00570626
0.00596219
0.0251726
0.0119295
0.95795
0.0454851
0.0160422
0.00662809
0.602867
0.0109324
1.4807
0.00698048
0.378525
0.709132
0.0180062
0.0141083
0.0234773
0.0354253
0.0210608
0.0354074
0.0732616
0.0693507
0.0310658
0.0286226
0.0131937
0.0059499
0.0409783
0.0567274
0.0427565
0.134776
0.0323288
0.0197302
0.040318
0.0432917
0.113271
0.0571845
0.112708
0.0240941
0.0509406
0.0489246
0.0328418
0.0336297
0.0427843
0.0220069
0.0469105
0.0164108
0.0729865
0.012397
0.0152527
0.0193059
0.0419798
0.0125404
0.0718924
0.0286874
0.124664
0.0392792
0.0337348
0.0404577
0.0466317
0.0541927
0.0235317
0.031676
0.0163638
0.0174845
0.051991
0.0194254
0.0418644
0.00174686
0.0227846
0.0107866
0.0310965
0.11104
0.0590354
0.020036
0.0641935
0.0706871
0.032881
0.0108444
0.0493041
0.26759
0.0203221
0.0336476
0.513596
0.0296563
0.0179963
0.0102442
0.100769
1.53668
0.0171805
0.015077
0.015454
2.06197
0.301059
0.0303268
0.011092
0.313202
0.0224017
0.0230769
0.0102721
2.32916
0.0757367
0.0266278
0.0470335
0.0264683
0.0768319
0.0113179
0.0391949
0.0593106
0.0218753
0.0471141
0.0267951
0.0400976
0.0462828
0.0130025
0.079735
0.64293
2.81022
0.0163017
0.0307089
0.708337
0.0349753
0.044063
0.012364
0.0319832
0.0763551
0.00833828
0.024524
0.0394642
0.0122793
0.0402995
0.0570138
0.716191
0.0136693
0.0218524
0.0291904
0.0251416
0.00929851
0.0189775
0.0341108
0.027786
0.032084
0.0201573
0.0242792
0.068648
0.020106
0.0462011
0.0235266
0.0822695
0.0971128
0.0250213
0.0264323
0.093283
0.0756468
0.116051
0.0370681
0.0357933
0.1016
0.744621
0.0687471
0.0335888
0.0313615
0.0153924
0.0969524
0.0341287
0.119294
0.0163624
0.0189147
0.0105432
0.0260882
0.0230872
0.00950514
0.0404941
0.0259741
0.0515077
0.0168654
0.0395246
0.0425461
0.0251658
0.0394334
0.0612369
0.0285866
0.0483454
0.0865142
0.0213497
0.0561707
0.0255442
0.992346
0.0117411
0.0976145
0.025719
0.0270363
0.0114342
0.044152
0.0413802
0.033293
0.0234777
0.00508548
0.0646857
0.0253368
0.0241297
0.0414586
0.0250724
0.0607203
0.0293394
1.96458
0.0342608
0.040757
0.0408838
0.0345215
0.0265556
0.0180925
0.0315073
0.0355287
0.0362639
0.0295014
0.0408573
0.0439955
0.0638985
0.00873731
0.0384387
0.0424929
0.0219582
0.134517
0.721613
0.0245536
0.0107805
0.0228031
0.0810707
0.0267044
0.0244625
0.124819
0.0195426
0.0200576
0.0338344
0.0450665
0.0329337
0.0813283
0.0376556
0.0475057
0.0665862
0.0970259
0.07551
0.0621559
0.0695796
0.0555124
0.0604398
0.0468616
0.0476458
0.0548896
0.00769613
0.0282856
0.0213428
0.635467
0.0268543
0.0325753
0.0257225
0.0573903
0.0267924
0.0529604
0.0275685
0.0393925
0.0494574
0.0453329
0.037883
0.00376022
1.23809
0.00749614
0.038394
0.0407204
0.0221424
0.0227701
0.0371919
0.0261375
0.0317732
0.0388526
0.0292249
0.0256746
0.088244
0.0473659
0.034209
0.0413669
0.0182526
0.0159531
0.0338658
0.083887
0.116074
0.00384189
0.0315163
0.0542774
0.0108588
0.0341235
0.0163021
0.0242977
0.015267
0.0195311
0.0493958
0.0148142
0.0292165
0.0334223
1.89824
0.0486511
0.00874708
0.0220308
0.0143968
0.0492306
0.0136656
0.029676
0.0131961
0.0257401
0.0392297
0.00606838
0.0314256
0.0202632
0.0147392
0.0531885
0.0229928
0.0212842
0.0390623
0.00867815
0.0249659
0.172297
0.0840971
0.0174605
0.0380562
0.600513
0.020409
0.0226706
0.0325804
0.0111691
0.0163602
0.00950785
0.177894
0.0322127
0.0225221
0.0187561
0.0215055
0.0830467
0.0273083
0.0888547
0.0155404
0.0105748
0.0664409
0.0154241
0.044461
0.0188084
0.0418854
0.0405657
0.0346077
0.0103103
0.00961078
0.019291
0.0175883
0.037387
0.0103987
0.057413
0.0243407
0.37264
0.03462
0.0201992
0.0221109
0.0355613
0.0248262
0.00938389
0.00853667
0.0269254
0.0626146
0.0805037
0.00790796
0.0150746
0.0122525
0.0200322
0.0478512
0.00546121
0.0877361
0.0203689
0.0123768
0.0114853
0.0288951
0.0295043
0.0489679
0.0154235
0.0227851
0.0485253
0.0322795
0.0122554
0.0115394
0.103232
0.0255582
0.0128856
0.0409516
0.0400893
0.0546426
0.0169071
0.0210275
0.00989269
0.494456
0.016018
0.0145299
0.00358209
0.0349211
0.427297
0.00230074
0.00906865
0.0105038
0.0156416
0.0255306
0.0203235
0.0227742
0.173651
0.0330212
0.00287082
0.0194274
0.0255485
0.0177962
0.0116135
0.128899
0.0605353
0.0385808
0.0583898
0.065087
0.0191192
0.0946982
0.0165529
0.0254855
0.800682
0.041057
0.0215375
0.0842501
0.0359808
0.0566963
0.0457024
0.0173141
0.00919488
0.597386
0.00884857
0.0175141
0.00707987
0.000881392
0.0451805
0.0179779
0.00935456
0.0397099
0.0953665
0.0404272
0.921623
0.0197617
0.0121363
0.28611
0.0216703
0.0175708
0.0756815
0.0398324
0.0211396
0.858073
0.00992307
0.27581
0.00266047
0.0391693
0.0330769
0.332808
0.018878
0.018894
0.212378
0.0253343
0.0153496
0.0163402
0.0787646
0.0504242
0.0486184
0.079698
0.0539139
0.168575
0.0294671
0.00424073
0.0254749
0.041838
0.0391546
0.0197238
0.0641252
0.0401706
0.262593
0.018064
0.0310925
0.018847
0.0130556
0.0147828
0.0307676
0.0192481
0.0331888
2.11769
0.0629111
0.00503477
0.0774942
0.0109306
0.0125557
0.0223881
0.0325201
0.0179576
0.0127997
0.0204366
0.0251363
0.00912572
0.0313974
0.0334172
0.0105847
0.031413
0.00638911
0.0321109
0.0673766
0.015924
0.0142183
0.517249
0.0449721
0.0181067
0.0308385
0.0233154
0.0560534
0.0419977
0.00932583
0.021817
0.0035849
0.0227238
0.0300877
0.0445687
0.325771
0.0606345
0.00754039
0.0123691
0.0450725
0.0111538
0.0590463
0.0267896
0.0198385
0.0338423
0.0163597
0.00879887
0.036972
0.0257946
0.04769
0.0222717
0.0488144
0.0317947
0.00866736
0.0128269
0.0465739
0.0270521
0.0455135
0.00606765
0.0361482
0.0241102
0.756031
0.172687
0.00767862
0.00920605
0.192356
0.18707
0.0803018
0.0238709
0.00449113
1.80131
0.0700872
1.17472
0.00639794
0.153117
0.0263328
0.913345
0.0423653
0.117967
0.765865
1.04453
0.0668313
0.0320168
0.00860332
0.0167615
0.0269151
0.0479945
0.641577
0.0401154
0.0451239
0.024161
0.00321373
0.089923
0.0235863
0.0221402
0.030192
0.0399768
0.0238699
0.021435
0.0379565
0.0153775
0.00617264
0.00969579
0.461893
0.376699
0.0107407
0.0223028
0.00696973
2.44617
0.0294273
0.0352965
0.0256153
0.970461
0.0172463
0.0327119
0.0169446
0.00319839
0.0288603
0.030704
3.84431
0.0038272
0.0217924
0.0778722
0.0227394
0.441754
0.569944
0.669761
0.0432388
0.00302981
0.0297705
0.840196
0.0210461
0.029797
0.0224936
1.77667
0.00908329
0.0179372
0.0060695
0.348542
0.02765
0.0166002
0.0358674
0.0484202
0.0218898
0.00189963
0.47441
0.0407026
1.36586
0.0537853
0.0342735
0.337753
0.0283954
0.0163922
0.0377561
0.614512
2.79326
0.0147602
0.0574177
0.0133959
0.0257868
0.0175005
0.00846986
0.00451919
0.544244
0.526417
0.583011
0.012127
0.0190645
0.349289
0.02053
0.0139829
0.0274083
0.0243064
0.0493231
0.0186588
0.107407
0.00148078
0.0122756
0.580838
0.0188884
2.23006
0.0289181
0.0227168
0.443791
0.381409
0.0369979
0.00891342
0.00464268
0.028218
0.0574414
0.0428327
0.0354301
0.0331113
0.0188373
0.0123142
0.00835029
0.00946571
0.0263832
0.0413882
0.0416809
0.0238513
0.851748
0.756391
0.00895579
0.0307606
0.0329647
0.026561
0.0183416
0.0117345
3.75337
0.0429137
0.0169151
0.0574308
0.884793
0.112078
0.0439759
0.0202014
0.012289
0.418546
0.0209572
0.00679117
0.0213593
0.00255176
0.0311969
0.00664835
0.0208894
0.461761
0.0809791
0.0185789
0.0127162
0.00490512
0.00913978
0.0747075
0.0190677
0.0182362
0.00578044
0.0189534
0.0307677
0.0517023
0.0263816
0.500389
0.0325461
0.0496379
1.47078
0.561899
1.0898
1.68261
0.0240641
0.0172345
0.00643636
0.00256559
0.019236
0.0252351
0.000907874
0.00375577
0.558937
0.0110002
0.0129321
0.0218903
0.702434
0.00642024
0.0116558
0.0651944
0.00735721
0.0175196
0.0118461
0.0563211
0.0368161
0.0574067
0.0270872
0.224475
0.0100263
0.244962
0.504899
0.03616
0.0243964
0.0283079
0.0127694
0.0481839
0.0153767
0.0200364
0.0212082
0.030036
0.029908
0.0248522
0.0238184
0.01794
0.0597638
0.415176
0.564821
0.0195356
0.0120084
0.0446037
0.00604069
0.0287841
0.0217192
0.0343288
0.0132553
0.0521421
0.0168834
0.0363423
0.030087
0.499132
0.237346
0.012437
0.0113362
0.00393842
0.021129
0.243308
0.0502305
0.520893
0.0510371
0.0260061
0.0131658
0.0254173
0.0668195
0.0486687
0.0135115
0.0257373
0.016446
0.17558
0.0260066
0.0480319
0.0401677
0.0184995
0.0615229
0.0346263
0.0209518
0.0846466
0.0505701
0.0274151
0.0929755
0.0574293
0.0361845
0.0804218
0.0650675
0.0294529
0.0305348
0.0255472
0.0690771
0.0687592
0.0566461
0.040226
0.036601
0.0831005
0.0133647
0.0340184
0.016143
0.0702752
0.0280543
0.0386493
0.0379789
0.0714924
0.0236343
0.0429388
0.0167521
0.0135389
0.0260648
0.0699385
0.0515792
0.0611501
0.0193131
0.0115674
0.037686
0.0121835
0.0256728
0.0152407
0.0361112
0.612402
0.882617
0.538961
0.0163326
0.0308471
1.36506
0.0154354
0.953635
0.0668177
0.0242469
0.029001
0.0358557
0.543157
0.046346
0.0197434
0.00923611
0.0317726
0.0176692
0.0120918
0.0262896
0.0206336
0.00976867
0.0101709
0.031741
0.04146
0.0439985
0.0115595
0.0444866
0.0770718
0.038966
0.023977
0.0262559
0.00805789
0.0803633
0.0283545
0.0874564
0.657474
0.0211961
0.0177098
0.0128818
0.0219295
0.0469192
0.0030482
0.0159449
0.0261177
0.0203936
0.0159878
0.0176771
0.763303
0.0214897
0.0103992
0.0294289
0.026022
0.0357546
0.0119286
0.0217593
0.120622
0.0501767
0.0150566
0.0852924
0.0769109
0.0468385
0.0432763
0.0332293
0.0167229
0.0897881
0.0429667
0.0498243
0.0179485
0.0325721
0.0436556
0.070237
0.2283
0.0284207
0.0700041
0.00943966
0.0219786
0.00684382
0.0291142
1.47986
0.0569342
0.0170264
0.0455454
0.0680852
0.0727885
0.0127113
0.0402953
0.0229707
0.0456788
0.0818797
0.0519881
0.0246239
0.0187845
0.0502276
0.0141997
0.00363424
0.0488417
0.0550658
0.0149897
0.069472
0.0327481
0.0279221
0.0572098
0.085436
0.0339676
0.0337522
0.0370345
0.0190944
0.0182578
0.0176695
0.0258203
0.0298453
0.660774
0.0551996
0.0522762
0.0259975
0.0296936
0.0174549
0.0388128
0.0699911
0.042901
0.0502301
0.0658927
0.0414845
0.0432391
0.046623
0.0387497
0.0552738
0.0183326
1.86236
0.0520764
0.335679
0.0541234
1.89909
0.0269949
0.0370496
0.0182525
0.0434075
0.0681337
0.0347784
0.0880093
0.0220745
0.0209268
0.0200557
0.541391
0.017454
0.0503998
0.0157081
0.0103809
0.014442
0.0234922
0.0394765
0.0781147
0.0570453
0.0252009
0.0291479
0.01716
0.0542046
0.0442282
0.0524653
0.0717998
3.18697
0.0703904
0.0365367
0.0459701
0.0618767
0.0618757
0.0670713
0.0152803
0.0748209
0.829461
0.00969208
0.0369891
0.00564922
0.0340332
0.00539334
0.0158332
0.0811064
0.0149186
0.0226812
0.0242027
0.483172
0.0356567
0.0396458
0.0137726
0.00488309
0.0142711
0.0104323
0.0329742
0.0130347
0.00973836
0.0460905
0.0298383
0.0620363
0.00713222
0.128448
0.00897671
0.0225462
0.0296553
0.0274364
0.053245
0.0288378
0.0265146
0.0223272
0.517596
2.43606
0.0510873
0.00616071
0.0530934
0.0212397
0.0219689
0.0129424
0.0219294
0.026758
0.0540435
0.0395626
0.0201429
0.00540539
0.0150969
0.0160712
0.0380626
0.0166048
0.0319221
0.00565542
0.0986546
0.0288826
0.0259402
0.0220997
0.0131869
0.0754705
0.0223088
0.196266
0.650903
0.045158
0.0563648
0.034674
0.0296151
0.0677016
0.0183521
0.0727123
0.277615
0.390778
0.0208438
0.0230249
0.00755398
0.040061
0.159358
0.229138
1.63274
0.0378631
0.0217377
0.0318856
0.0154313
0.818338
0.0287425
0.0387024
0.0657401
0.044396
1.49964
0.0127291
0.0534676
0.0245962
0.0598091
0.0653569
0.0365656
0.0587692
0.0196296
0.0247105
0.0100208
0.0402181
0.0227304
0.015291
0.0128394
0.00900138
0.0394312
0.299863
0.0132129
0.391399
0.0127754
0.0297725
0.00962316
0.0418812
0.0368569
0.0250486
0.233816
1.46773
0.0307325
0.441274
0.0181236
0.0175122
0.0298192
0.041179
0.0140737
0.176683
0.0216287
0.0258899
0.0384377
0.0188467
0.032488
0.0172164
0.0456527
0.0280241
0.0656124
0.0172631
0.022307
0.0356914
0.0133075
0.00525941
0.0238258
0.0221704
0.0140773
0.023112
0.00241591
0.0316015
0.0867422
0.0295923
0.0285154
0.31585
0.092389
0.028566
0.0223552
0.0171999
0.0411974
0.0246961
0.29653
0.0330822
0.0188504
0.0768021
0.0266742
0.00906334
0.0204965
0.0266227
0.0373769
0.0710182
0.0810264
1.23795
0.0471464
0.0530926
0.00642664
0.0648463
0.0462725
0.007688
0.0306281
0.0113849
0.0190729
0.0165983
0.0224899
0.0456149
0.0346113
0.0135126
0.0865358
0.0440255
0.0597989
0.0797383
0.0297003
0.0664531
0.0190001
0.00425417
0.0183172
0.415452
0.030673
0.121732
2.28803
1.15614
0.104401
0.0280351
0.0525552
0.0119657
2.5735
0.00188973
0.0352914
0.0422075
0.0336421
0.000494239
0.00830909
0.0590791
0.0091825
0.01545
0.00702609
0.00886091
0.0120721
0.0169871
0.0240126
0.0248609
0.0506962
0.027719
0.0198202
0.0245191
0.0278379
0.0206644
0.0947386
0.027818
0.0855601
0.0381556
0.0469618
0.0420423
0.037264
0.4104
0.00254521
0.0107473
0.0136489
0.0277104
0.0168231
0.0330349
0.0179692
0.0337306
0.051569
0.00896706
0.0326869
0.017067
0.0275581
0.0574569
0.0254836
0.0191724
0.00192219
0.0198769
0.973782
0.0298717
0.0334473
0.0237589
0.0352689
0.0487923
0.0214991
0.0218131
0.0228134
0.0635959
0.00947969
0.0170672
0.0107122
0.0419594
0.0227891
0.0332281
0.032472
0.0393592
0.0207398
0.0433838
0.0150147
0.0216948
0.0288588
0.026023
0.0248037
0.0248471
0.0968641
0.0201617
0.017503
0.00753177
0.0185077
0.0188507
0.0306544
0.0115269
0.054763
0.0316284
0.0108276
0.0270938
0.0132716
0.0348457
0.0147539
0.0323366
0.00922122
0.0102485
0.44799
0.0425583
0.00344602
0.0035365
0.0549246
0.0207264
0.198391
0.077165
0.0234392
0.930058
0.0154227
0.0270254
0.0243138
0.018538
0.0367123
0.0357879
0.0373352
0.0787278
0.0794262
0.0190658
0.0186724
0.0919218
0.0582853
0.0780005
0.0268683
0.0336543
0.0396369
0.0255379
0.0107582
0.00977179
0.0880032
0.0350178
0.0492738
2.07475
0.0135991
0.0270977
0.0362468
0.0783042
0.00510574
0.0508529
0.0218811
0.00584937
0.0288206
0.0526024
0.0158827
0.0186948
0.0544063
0.0508342
0.0569186
0.0415651
0.0361298
0.00342108
1.40142
1.53599
0.00433244
0.022182
0.00924308
0.542992
0.0150721
0.0338099
0.0138777
0.0225356
0.0865795
0.0174933
0.0489703
0.0662915
0.00569232
0.0285829
0.00679343
0.0230771
0.00639893
0.0197701
0.0141692
0.385179
0.0229952
0.0221134
0.0166566
0.0146865
1.9869
0.0261006
0.00790597
0.0204271
0.0132148
0.033057
0.334057
0.0299124
0.00557195
0.0226783
0.0270488
0.674131
0.0233795
0.0285347
0.631682
0.0402536
0.0217119
0.021649
0.0141671
0.0194038
0.0411479
0.0206006
0.00367828
0.0150512
0.12947
0.0477809
0.00531623
0.0977837
0.0645691
0.0113101
0.00383807
0.0281008
0.22389
0.00663709
0.0310567
0.0108874
0.0147
0.0197413
0.016696
0.0149323
0.819905
0.0215522
0.0172248
0.0210067
0.0213629
0.0386059
0.378821
0.0236025
0.00772789
0.0259523
0.0154432
0.0321906
0.558271
0.0110938
0.0531577
0.0711904
0.0143977
0.0386964
0.0392273
0.0367014
0.0178674
0.0153555
0.0378907
0.00613757
0.0436324
0.0309671
0.0176957
0.0283038
0.0218922
0.0210332
0.0725054
0.031504
1.66165
0.0444478
0.0296627
0.535739
0.536758
0.0412479
0.0221682
0.498562
0.0117349
0.0291211
0.0341973
0.0281088
1.21469
0.0180262
1.166
0.0164472
0.0134472
0.8506
0.034546
0.0232646
0.0288801
0.0530324
0.0202783
0.0361945
0.0393935
0.0143967
0.0540784
0.0326637
0.00457594
0.0160392
0.0534559
0.115649
0.0500726
0.13968
0.0247796
0.0123753
0.00702665
0.0489457
0.0401167
0.429903
0.0114536
0.00856262
0.0380464
0.0127382
0.0222861
0.416745
0.0269071
0.0182413
0.0189816
0.0259433
0.0132047
0.0203883
0.0361461
0.45537
0.0605152
0.0237328
0.0390475
2.71976
0.0517678
0.0242845
0.0161017
0.024455
0.524861
0.0309995
0.388872
0.017073
0.0325696
0.0550743
0.00927571
0.0295973
0.0709158
0.0349817
0.0162355
0.0246392
0.0282109
0.0700641
0.0910777
0.0198387
0.00215577
0.00789739
0.0313827
0.0107498
0.0591981
0.0420927
0.0472422
0.0140852
0.0127084
0.0260434
0.0474693
0.00518792
0.63296
0.0095156
0.896148
0.0753649
0.0462266
0.0114758
0.0107245
0.938085
0.00406123
0.026132
0.0142174
0.50131
0.050807
0.0610844
0.451102
0.0394846
0.00647707
0.00409894
0.0120773
0.0135986
0.0257239
0.49647
0.0169638
0.0152715
0.00843242
0.149163
0.0302314
0.0480741
0.0113631
0.0228486
0.0135186
0.140186
0.0113296
0.113155
0.0474733
0.0122285
0.0562178
0.0410334
0.0429501
0.0225315
0.0450596
0.0811034
0.0297611
0.0371351
0.0400641
0.0443469
0.0386572
0.0364378
0.0574937
0.0441117
0.017868
0.0191444
0.0250534
0.040746
0.0497346
0.00920627
0.0251391
0.0371963
0.07462
0.0586308
0.035064
0.0226877
0.0483153
0.0146426
0.0491093
0.125185
0.0676806
0.159663
0.0203242
0.0450956
0.0208823
0.0346274
0.050805
0.221941
0.0493152
0.0477519
1.27717
0.00957573
0.0257699
0.0997497
0.00764146
1.0234
0.0353153
0.0056668
0.639152
0.0178938
0.0277492
0.0684496
0.0169454
0.0657842
0.0390608
0.0437313
1.27665
0.0243429
0.0594413
0.00585287
0.0153088
0.00766646
0.00988477
0.0343813
0.0343952
0.0213859
0.033026
0.0240465
0.024461
0.02246
0.0287365
0.0210022
0.0360342
0.02891
0.0475285
0.0204644
0.0332134
0.0227642
0.0128022
0.022636
0.0712107
0.0154276
0.026994
0.0397668
0.0103136
0.00362615
0.027491
0.0663226
0.00408382
0.0133849
0.0106106
0.0239302
0.0375454
0.0117421
0.014979
0.0236914
0.0143124
0.0670515
0.0117303
0.0801182
0.0182179
0.0220079
0.0168225
0.0878186
0.00998652
0.221697
0.0174999
0.0891276
0.0942024
0.0142663
0.183431
0.0100497
0.0240639
0.018302
0.0597426
1.24693
0.0782824
0.0441504
0.0964472
0.0239851
0.0369752
0.0843433
0.0875319
0.0617874
0.045211
1.55047
0.0228262
0.0337976
0.0141987
0.0200332
0.0327362
0.0247268
0.0826602
0.00813766
1.43245
0.0425026
0.0561872
0.0518026
0.108831
0.0603694
0.0454115
0.0213076
0.0402618
0.0675878
0.050907
0.0843474
0.0166734
0.01272
0.00655836
0.0323769
0.00953616
0.204061
0.0239387
0.0477064
0.027666
0.0412273
0.0719999
0.0533112
0.0802026
0.0656127
0.0195845
1.93707
0.0266862
0.0621378
0.0162159
0.0138503
0.0397217
0.0112108
0.0194154
0.043792
0.0241935
0.0141299
0.0159323
0.840785
0.0244053
0.0395339
0.00423495
0.00931097
0.0219839
0.04997
0.0775767
0.0258614
0.167112
0.0345227
0.0417938
0.0511116
0.0207505
0.0148118
0.0855177
0.0399127
0.0388298
0.0200185
0.0206375
0.0540814
0.0297439
0.931942
0.0345516
0.0646751
0.000908291
0.067347
0.0180184
0.0298744
0.0375632
0.0294415
0.0307579
0.0612388
0.272503
0.00811395
1.01455
0.0257912
0.0764891
0.0341856
0.035908
0.0158617
0.0182035
0.0069982
0.025547
0.0146614
0.00595752
0.079889
0.328732
0.0161979
0.0301132
0.0186143
0.0690669
0.0134701
0.0343855
0.0278212
0.04428
0.0263881
0.0203366
0.00611027
0.0287279
0.00746863
0.0263685
0.00726221
0.0453344
0.0310249
0.060957
0.00529612
0.0301819
0.0293718
1.06868
2.10947
0.0248161
0.0120816
0.187898
0.0336826
0.0324798
0.0279959
1.68837
0.019404
0.0164788
0.0278956
0.0253298
0.0457554
0.042093
0.0332127
0.0264648
0.0227616
0.0187251
0.0219982
0.021693
0.0319582
0.0201661
0.098992
0.0550495
0.0213743
0.0486088
0.0421109
0.0842596
0.033934
2.5776
0.00986239
0.0129146
0.00963728
0.03974
0.0359237
0.0415199
0.0202819
0.0217625
0.0381631
0.0492066
0.0216419
1.17342
0.00847047
0.00495988
0.0469945
0.00335687
0.237424
0.0277703
1.93961
0.0491631
0.0547853
0.0527301
0.0126769
0.0439942
0.0140643
0.0165852
0.0160937
0.0266232
0.0056373
0.0272637
0.512343
0.037821
0.0305617
0.0205452
0.0178674
0.0341942
0.0499103
0.0227099
0.0566798
0.0271944
0.0409685
2.93276
0.0164988
0.070602
0.0306806
0.0231624
1.5323
0.0593797
0.00604057
0.00591539
0.0809838
0.0070454
0.033036
0.0146668
0.49565
0.00836149
0.0289964
0.0181011
0.0314955
0.0169799
0.021887
0.0606536
0.0844094
0.050845
0.0202827
0.0343909
0.016782
0.0137744
0.0132384
2.36101
0.00747875
3.79676
0.0801088
0.0250292
1.3044
0.0261358
0.0494436
0.0159183
0.028614
0.0110131
0.0352185
0.0481261
0.0201502
0.0238645
0.014631
0.0147056
0.0356007
0.0336281
0.0129543
0.0374615
0.00505444
0.0131418
0.0261076
0.0149474
0.00893585
0.319605
0.00858574
0.11077
0.0672436
0.00593229
0.0465988
0.0130958
0.626503
0.0349223
0.0119821
0.128381
0.0279498
0.0805675
0.01393
0.0466204
0.0165342
0.0127268
0.00512849
0.0966919
0.0123796
0.0536095
0.0884718
0.018106
0.0157838
0.0941598
0.73362
0.048269
0.0229855
0.0389118
0.0816272
0.0777405
0.0138881
0.0365043
0.0106838
0.0156143
0.0307116
0.0220359
0.0240763
0.473705
0.0117234
0.0167336
0.00893796
0.0193533
0.0309267
0.0352229
0.00576115
0.0320689
0.022074
0.00775766
0.0443647
0.0206968
0.0162565
0.0318
1.85615
0.535185
0.842353
0.0138596
0.0786738
0.0134249
0.0165111
0.00640465
0.0261452
0.016353
0.774792
0.00806825
0.0146473
0.0749322
0.0113567
0.0525991
0.023717
0.046855
0.024533
0.0306394
0.0371192
0.124095
0.0382544
0.0330687
0.803155
0.0153082
0.0411568
0.0117712
0.050331
0.0122106
0.0135208
0.0306544
0.0369039
0.0496024
0.00666411
0.0511869
0.000389976
0.0221574
1.02533
0.0308336
0.00455445
0.0256348
0.0296369
0.0306016
0.0377233
0.0685009
0.0458388
0.0533934
0.0326078
0.0215608
0.0152384
0.00708725
0.0149867
0.031949
0.00649409
0.0067387
0.0682436
1.52305
0.0519626
0.0103903
0.0568247
0.021608
0.0231611
0.00491709
0.0160582
0.0413199
1.92938
0.0432916
0.0460672
0.0333578
0.373842
0.478855
0.0115933
0.129501
0.0204253
0.0931154
0.0271848
0.00896539
0.0158065
0.00732935
0.0369629
0.0120571
0.0288839
0.0195043
0.076441
0.0262018
0.0157763
0.0419223
0.0048451
0.0608929
0.0207431
0.276744
0.0603259
0.0487029
0.0140451
0.0161142
0.153424
0.12241
0.20109
0.0128531
0.0559877
0.0262048
0.0418156
0.00847263
0.0218434
0.0143428
0.0352902
0.0406381
0.0781475
0.0262031
0.0264056
0.0769164
2.51565
0.00602551
0.0173338
0.0343103
2.011
0.0623501
0.0282344
0.0188869
0.0293251
0.0313753
1.02524
0.0223582
0.0272839
0.0269617
0.114505
0.0242204
0.00162211
0.0352424
0.023002
0.0160698
0.454434
0.0117493
0.0224282
0.0346504
0.0151324
0.0292794
0.0170926
0.0509827
0.0392156
0.0852039
0.0240171
0.0700734
0.0558179
0.0329517
0.0489589
0.0156214
0.0227786
0.0218095
0.032267
0.0149073
0.0276884
0.0160223
0.0183372
0.0751698
0.646823
0.133478
0.0242368
0.00850743
0.638534
0.0213878
0.00930195
0.0102128
0.0271419
0.0214088
0.0211742
0.0192859
0.492799
0.013054
0.599479
0.00739836
0.0246404
0.044071
0.0240009
0.018079
0.0551152
0.0399646
0.00909076
0.0120005
0.0474575
0.348278
0.0814413
0.05405
0.028476
0.320202
0.0322284
0.0202795
0.00751667
0.0382287
0.00697377
0.0410965
0.0500469
0.0108339
0.0458171
0.0232541
0.0228925
0.0105907
0.0178748
0.00844335
0.0110143
0.0222992
0.00790522
0.0442905
0.629519
0.0140158
0.0348996
0.018666
0.0333377
0.0176848
0.0371422
0.0642081
0.0129433
0.00892478
0.00811264
0.0250401
0.0231347
0.0544144
0.0137574
3.16521
0.00666265
0.00927075
0.0140961
0.0398203
0.0252646
0.447683
0.00881312
0.0396291
0.306927
0.0417019
0.029159
0.0165993
0.0329006
0.0197877
0.0165361
0.0289328
0.0414421
0.0393143
0.0243815
0.0146828
0.0169778
0.0300461
0.00276468
0.0573816
0.0303522
0.0400852
0.0100121
0.0148125
0.0136946
0.535312
0.084
0.0108371
0.0125287
0.0501524
0.485095
0.0154886
0.509447
0.0473682
0.0304864
0.0268092
0.0106528
0.0320594
0.0135362
0.0162355
0.0291674
0.0216312
0.0373439
0.00606182
0.0580312
0.0327458
0.054402
0.899713
0.0169328
0.0307559
1.02027
0.537089
0.803336
0.0228555
0.00809648
0.0124781
0.0414723
0.0286343
0.0115782
0.0219455
0.808465
0.0078705
0.00925501
0.033643
0.00807779
0.00586716
0.0222143
0.00865492
0.0464775
0.00904038
0.0084136
0.0412612
0.0143044
0.0162415
0.030571
0.0311853
0.00397226
0.0128093
2.25671
0.00404175
0.0260433
0.040721
0.262471
0.0101707
0.00278174
0.828817
0.0122909
0.0392105
0.00848948
0.025219
0.0171153
0.710542
0.0256773
0.39397
0.0231214
0.203253
0.409171
0.925666
1.0757
0.0109336
0.0169837
0.0153216
0.41176
0.00304445
0.00842529
0.00279779
0.657682
0.0124522
0.0351071
0.0288241
0.0199014
0.00831236
0.218158
0.0268762
0.0533968
0.019974
0.0660206
0.134147
0.0978774
0.0417567
0.10157
0.229302
0.0204427
0.0137488
0.0418592
0.0242972
0.0405879
0.00840307
0.0454985
0.0919072
0.0717886
0.0367186
0.0308794
0.0490375
0.0123772
0.00873752
0.016082
0.0605142
0.00519795
0.0478066
0.038298
0.0268719
0.0263536
0.058069
0.0314907
0.11394
1.19683
0.034734
0.0380852
0.0247495
0.0456196
0.0387948
0.0297791
0.0532468
0.018464
0.0463412
0.0393829
0.0193525
0.0409291
0.0521304
0.0144634
0.0439307
0.0520157
0.0516473
0.0796305
0.0382781
0.0315591
0.0556276
0.0241421
0.0361416
0.00400199
0.0197614
0.00783653
0.0338109
0.0399748
0.0544043
0.0146675
1.14478
0.0162536
0.067344
0.0287437
0.39484
0.00574319
0.0619305
0.016867
0.0169276
0.232383
0.0143396
0.0404104
0.0463838
0.0454295
0.0195987
0.0560334
0.00911177
0.0201473
0.00838649
0.0322147
0.00850681
0.0198533
0.0345773
0.0505292
0.0595312
0.0253964
0.11776
0.0315782
0.0456221
0.0483169
0.0254381
0.0504155
0.0165157
0.00214108
0.0244117
0.0137418
0.0436696
0.0380814
0.00467753
0.0378822
0.036683
0.0156368
0.00862987
0.00752626
0.0160164
0.0298078
0.0157382
0.581619
0.0206407
0.0311689
0.0592518
0.140413
0.933697
0.737745
0.161746
0.137076
1.3867
0.129378
0.0442576
0.0263244
0.0126174
0.0627322
0.00239176
0.0295804
0.936154
0.0201258
0.144629
0.0794874
0.0237282
0.00722021
1.21533
0.0828649
0.0100731
0.032155
0.101794
0.0380278
0.0326355
0.0247678
0.108766
1.24742
1.42117
0.0651295
0.00819078
0.081229
0.0333925
0.101731
0.0432817
0.0670047
0.0613156
0.0267818
1.33877
0.0195764
0.0110366
0.0198583
0.0335821
0.0426604
0.0746825
0.0206154
0.082719
0.034692
0.0945108
0.0606302
0.0541142
1.80523
0.0120358
0.0281329
0.032936
1.96479
0.0274668
0.0571308
3.69056
0.0131682
0.0336109
0.0524738
0.0604814
0.014527
0.0340242
0.0774224
0.0516387
0.0516416
0.0344066
0.0721824
0.0424074
0.019763
3.01424
1.6121
0.0387422
0.0465141
0.0123373
0.0505175
1.03908
0.0255861
0.641513
0.335057
0.0193153
0.0176022
0.00685984
0.00986382
0.0740819
0.0490431
0.016435
0.0344096
0.0699677
0.119373
0.0181159
0.165694
0.0261299
0.038778
0.0734343
1.16704
0.0340306
0.0336773
0.0436129
0.0776485
0.0567432
0.0380387
0.00541987
0.0625267
0.0472832
0.0382225
0.10678
0.103276
0.0394559
0.0520791
0.0378656
0.0951351
0.0695658
0.0148454
0.0186206
0.00636372
0.171294
0.492723
0.0101532
2.24261
0.0768485
0.0556327
0.0439123
0.0568757
0.0610389
0.0053745
0.623775
0.00931161
0.0590496
0.0108724
0.00846446
0.0309122
0.0189303
0.0455088
0.728691
0.211902
0.0188261
0.0225903
0.00153981
0.0331345
0.0182414
0.031968
0.0393122
0.413945
0.0103208
0.0762155
1.80696
0.0167329
0.142153
2.41878
0.0229167
0.0114567
0.0409646
0.050603
0.0112273
1.65411
0.00904748
0.192915
0.0387522
0.01444
0.0152164
0.00365037
0.0197017
0.0557978
0.0217129
0.0723425
0.040961
0.00756726
0.00951311
0.0287979
0.0164357
0.0283488
0.0535696
0.0346465
0.0170876
0.0693219
0.0319769
0.0186756
0.0177909
0.0343244
0.00418909
0.0238611
0.0235795
0.014988
0.0420409
0.0507159
0.27426
0.0236146
2.76876
0.187477
0.0221171
0.0964623
0.0424496
0.0150214
0.0387807
0.0167259
0.255885
0.013452
0.0443628
0.0112369
0.00515808
0.024785
0.0156469
0.00951314
0.0262111
0.0292684
0.0308193
0.0285229
0.0550298
0.049952
0.0215498
0.0211918
0.0315883
0.0320458
0.0609389
0.0301877
0.0175881
0.00471778
0.0352713
0.0267394
0.234703
0.0221537
0.0103159
0.0239675
0.026231
0.0309436
0.0782613
0.0273824
0.026113
0.00760628
0.00933851
0.00850922
2.34913
0.0360202
0.0228597
0.0327078
0.024453
0.0216689
0.00976022
0.0276638
0.0162163
0.0346811
0.0664877
0.016599
0.0260754
0.00622857
0.00471697
0.0450601
0.0278953
0.0169755
0.0250156
0.0196811
0.0530075
0.00975488
0.0107083
0.0169858
0.0132843
0.031262
0.0181564
0.0112997
0.0175153
0.0422919
0.0879572
0.331489
0.00601122
0.017689
0.0219702
0.0109854
0.0202248
0.0184685
0.00308549
0.00372216
0.0103037
0.0302892
0.0211763
0.457419
0.0180146
0.0225822
0.0155243
0.102952
0.0342366
0.00714884
0.0408098
0.0203165
0.0205089
0.1469
0.00919335
0.0303027
0.0358696
0.085865
0.00992726
0.0964489
0.0568858
0.0313979
0.0473643
0.0098334
0.0271195
0.00789329
0.0362831
0.0164175
0.0297636
0.0207745
0.00894373
0.207079
0.0434508
0.333853
0.761959
0.0567217
0.027798
0.583575
0.0106979
0.0211231
0.0057255
0.0227737
0.376378
0.0329541
0.0237373
0.0162067
0.00658235
0.012871
0.00979865
0.0408143
0.0384131
0.057711
0.0233659
0.00992105
0.0123526
0.0278782
0.0406143
0.0299199
0.00628232
0.00508413
0.00521236
0.00734709
0.002791
0.00539166
0.032246
0.0523061
0.015236
0.0097873
0.0243427
0.0729745
0.0248692
0.0463434
0.0909765
0.0567783
0.0361024
0.0264561
0.0383986
0.0321987
0.0507238
0.0444754
0.00633751
0.00598178
0.00147242
0.0328817
0.0136156
0.0255289
0.0206695
0.0294634
0.0481972
0.0590282
0.0306531
0.0299787
0.0225259
0.0179047
0.00741796
0.0251666
0.0713354
0.00839626
0.0395317
0.00537358
0.0116676
0.00299577
0.0159906
0.0297564
0.0225403
0.0236306
0.035936
0.0158242
0.0220122
0.0214325
0.030967
0.0138659
0.00207932
0.00578972
0.429813
1.5717
0.022997
0.0151916
0.0320385
0.0376283
0.0234599
0.0314986
0.0183872
0.012603
0.0409047
0.0393321
0.0283343
0.0232933
0.0111178
1.55858
0.0218787
0.0281572
0.0311901
0.00897413
0.0290296
0.0160462
0.0105074
0.0193644
0.0357781
0.0903867
0.0511206
0.080026
0.0310111
0.00226365
0.0387961
0.0425086
0.163967
0.0413492
3.28418
0.184141
0.0673382
0.194688
0.092571
0.19305
0.0262702
0.0119439
0.0776182
0.0281703
0.0358576
0.0303147
0.0585596
0.0278714
0.0266409
0.0583024
0.880214
0.0831659
0.024413
0.0449186
0.0119223
0.00707393
0.0602233
0.0481904
0.0013587
0.0365311
0.0604686
0.0238249
0.00338596
0.0295422
0.0251385
0.0519888
0.0368131
0.0153075
0.0245139
0.013346
0.00216868
0.0393769
0.0224275
0.022659
0.0407121
1.37852
0.0123073
0.0409472
0.0405001
0.612638
0.0469357
0.061071
0.0246385
0.676271
0.42766
0.0215585
0.0245415
0.0088943
0.0121325
0.00768457
0.0102792
0.039107
0.00921429
0.0102186
0.0283024
0.0296954
0.290199
0.710652
1.32294
0.0201436
0.177345
0.00778128
1.42881
0.00678426
0.0268471
1.0719
0.0536828
0.0123616
0.0372686
1.33215
0.00712517
0.0235241
0.00474367
0.1505
1.04047
0.0428276
1.56848
0.0250387
0.0237039
0.00931762
0.59693
0.411075
0.131723
0.308433
0.0265621
0.0329801
0.0332916
0.0285062
0.0420654
0.261249
0.691187
0.0337841
0.00146579
0.0293794
3.139
0.0150672
0.323556
0.0306747
0.00158712
0.0211456
0.0245709
0.04932
0.0351779
0.0751435
0.092194
0.0477489
0.0205676
0.563515
0.0229983
0.0247306
0.0269569
0.00269346
0.00059083
0.0426221
0.0195586
0.791853
0.0656889
0.0127051
2.48332
0.0379898
0.39339
0.031374
0.0134558
0.656068
0.0143374
0.0280467
0.0252225
0.0234634
0.0350854
0.0131
0.0257274
1.29611
0.0081145
0.0288482
0.0206318
0.0340826
0.0727077
0.0134475
0.0149477
0.0137361
0.0681447
0.0112908
0.0142741
0.0421825
0.0324365
0.24588
0.0167068
0.00584467
0.0573595
0.0238206
2.03742
0.017431
0.0388899
0.00993714
0.01533
0.0140328
0.0460773
0.152409
0.0625234
0.0284773
0.189007
0.0205863
0.0314129
0.025103
0.0226725
0.120793
0.0139686
0.0178522
0.0575605
0.0171381
0.00870444
0.0255094
0.0140856
0.807862
0.00183457
0.0186102
0.0213359
0.0254774
0.0136181
0.0387128
0.0181067
0.0237741
0.014359
0.0681497
0.0355055
0.928729
0.0256448
0.0158497
0.17086
0.00656979
0.0195783
0.0372263
0.0216346
0.476672
0.0037659
0.0119024
0.0223752
0.0148324
0.022553
0.0134196
0.0325802
0.00623145
0.0186584
0.0712199
0.0593441
0.0280058
0.0160123
0.019756
0.0157354
0.691705
0.0331525
0.0194602
0.221515
0.0505247
0.0991331
0.0230703
0.00492263
0.345359
0.0256443
0.023522
0.0202127
0.00571272
1.38379
0.020062
0.0287582
0.058381
0.0189422
1.00963
0.0368251
0.541187
0.00586577
0.0280266
0.234619
0.0510352
0.00594509
0.0127314
0.620277
0.033286
0.0434623
0.0228045
0.0110379
0.0559691
0.00558922
0.330987
0.0146348
0.032939
0.0349053
0.0899798
0.01523
0.0134543
0.0306441
0.0369498
0.014819
0.0280147
0.0125377
0.0398888
0.0461942
0.0183443
0.0508305
0.0708887
0.0464701
0.0220045
0.0193984
0.0343852
0.19498
0.0652596
1.43707
0.0669398
0.0307418
0.0161318
0.090964
0.0391962
0.0510156
0.0357834
0.0393868
0.0527034
0.0315191
0.0363444
0.0423342
0.0714685
0.0915742
0.0460649
0.0782988
0.155525
0.0448453
0.103938
0.0758624
2.7892
0.0342983
0.0902087
0.0410798
0.0532162
0.28046
0.0859794
0.00852758
0.0533772
1.40135
0.0316062
0.013857
0.0156455
0.794574
0.450239
0.0365142
0.472582
0.0758898
1.88704
0.0490618
0.0668411
0.0178098
0.0090505
0.00457248
0.279112
0.0188251
0.0155142
0.0296066
0.0284887
0.019131
0.373274
0.0181425
0.0209695
0.0499184
0.022498
0.0424998
0.0274211
0.0222602
0.0211243
0.0426751
0.0179488
0.0504164
0.00714242
0.0446624
0.0318064
0.0179248
0.013078
0.0327365
0.0142792
0.0159082
0.0412861
0.0141965
0.0246597
0.0209427
0.0360646
0.0278434
0.0523529
0.0185533
0.0614105
0.0151235
0.702061
0.0243468
0.00877928
0.243617
0.0272689
0.063841
0.0124031
0.29347
0.0368694
0.0321513
0.0257479
0.0325664
0.0494931
0.0131892
0.0763129
1.62551
0.0535224
0.193137
0.0272066
0.0187693
0.136085
1.08987
0.0477136
0.00729091
0.0579847
0.0121211
4.22955
0.125563
0.0207799
0.0989012
0.0375904
0.0135072
1.6281
0.0382383
0.0250714
0.0225733
0.040432
0.22501
0.0288089
0.0661784
0.0177833
1.03519
0.0266202
0.0204636
0.016357
0.0558242
0.0433748
0.0647751
0.0355319
1.15855
0.0181194
0.0269404
0.00907842
0.045742
0.0428941
0.0445264
0.017849
0.0765959
0.0167729
0.013804
0.0223834
0.0321252
0.00506298
0.0352703
0.0136494
0.0475055
0.0479778
0.0404357
0.0613426
0.0252685
0.113207
0.0592815
0.0223525
0.0360682
0.0106916
0.0442101
0.0079161
0.0210327
0.0324836
0.0284399
0.0323351
0.0820681
0.0720291
0.0284576
0.12399
0.0388289
0.0306466
0.0625063
0.0279437
0.0492335
0.0280525
0.034696
0.50967
0.121476
0.0476957
0.0545238
0.106237
0.0249746
0.0276975
0.0975688
0.0168887
0.0483798
0.718307
0.0592087
0.0337085
0.0281457
0.0374182
0.0626346
0.10197
0.0991488
0.0317457
0.0114703
0.0717891
0.13521
0.0672665
0.0288586
0.03447
0.0341766
0.0217731
0.036833
0.034202
0.0153273
0.034999
0.000849057
3.09805
0.854446
0.0223824
0.299824
0.0341055
0.026998
0.0245889
0.0151374
0.0304115
0.0104612
0.0277769
0.0163917
0.0239981
0.0106787
0.0145375
0.0265336
0.00807247
0.0331229
0.0268258
0.0231976
0.0118117
0.017345
0.0230742
0.0293963
0.164897
0.0417854
0.0239349
0.0466474
0.065538
0.0183998
0.0264514
0.00611229
1.31372
0.0401772
0.0182118
0.00799347
0.0205311
0.0996159
0.077723
0.011912
0.0403344
0.501907
0.0268948
0.0210764
0.00556388
0.0244311
0.0171458
0.0378081
0.0103929
0.0120622
0.069153
3.16414
0.022214
0.084684
0.0136031
0.0146707
0.0231326
0.0444915
0.0204063
0.00886382
0.0025482
0.201656
0.0331457
0.0389889
0.0342111
0.0361011
5.71428
0.0116382
0.0543684
0.707238
0.020774
0.0540912
0.0290274
0.0275246
0.163054
1.41207
0.0298155
0.0497252
1.34101
0.441248
0.0523751
0.0602554
0.0165785
0.00891122
0.0278376
0.00976094
0.0892625
0.0348989
0.0232096
0.0366456
0.0173162
0.0351788
0.0163222
0.0179143
0.0601196
0.0372684
2.34638
0.025619
0.255251
0.0334122
2.87147
0.0312106
0.0293595
0.00402549
0.0174213
1.71963
0.0449598
0.0131691
0.0727539
0.0172289
0.0301905
0.0191928
0.112502
0.0480229
1.15861
0.06706
0.0173137
0.0174768
0.0464499
0.0477877
0.0132978
0.0220217
0.0483649
0.0337211
0.0714089
0.0302237
0.00533356
0.0458393
0.031055
0.00480185
0.800623
0.907804
0.0334023
0.103428
0.0547476
0.0441334
0.0150374
0.0252982
0.0119129
0.00919803
0.00406555
0.222997
0.0109047
0.00220416
0.636517
0.00389519
0.0303911
0.0201624
0.0700894
0.150154
0.0156172
0.384949
0.00626062
0.0119137
0.200307
0.00934571
0.067989
0.0401036
0.0135194
0.0187837
0.362148
0.0401544
0.0202066
0.0171524
0.0161382
0.0281012
0.0160621
0.024864
0.0191408
0.0763533
0.0302209
0.00533677
0.0256918
0.0163619
0.0182802
0.0198626
0.0206223
0.12361
0.0366484
0.0361447
0.0144597
0.0450336
0.669534
0.117001
0.0300791
0.036286
0.0115713
0.553625
0.00825192
0.0229304
0.00912043
0.0199456
0.0192084
0.0488513
0.0236899
0.0563325
0.00328969
0.0267971
0.318312
0.0107805
0.00696852
0.0204235
0.0184086
0.0205592
0.0102974
0.401785
0.240988
0.151851
0.027376
0.0343643
0.0186998
0.0134494
0.4731
0.151707
0.00954836
0.0160428
0.018692
0.0132556
0.00192358
0.0127724
0.0490738
0.0334954
0.0328669
0.047871
0.0655979
0.0473289
0.0392538
0.238772
0.966819
0.0229034
0.00689531
0.0513326
0.0452588
0.0136864
0.0251617
0.0168138
0.0141285
0.0327464
0.0340753
0.0240588
1.82384
0.0342712
0.0258062
0.014738
0.0302278
0.012227
0.0237109
0.0347641
1.59894
0.0168511
0.0210841
0.0276784
0.00814383
0.0530145
0.00664921
0.0301673
0.0263709
0.038535
0.0435387
0.341195
0.0162379
0.0129988
0.0127388
0.0181489
0.0119802
0.0131581
0.0248703
0.044348
0.0146065
0.0259951
0.044887
0.00273746
0.0254531
0.0155258
1.10657
0.0333226
0.0169438
0.0767707
0.0420242
0.0148897
0.0434387
0.0336176
0.0192974
1.20189
0.0144874
0.0769776
0.0532382
0.0126947
0.00603678
0.188288
0.237023
0.0751592
0.0497146
0.00972123
0.0108609
0.0627601
0.0198498
2.87295
0.012591
0.0329321
0.0644059
0.0179095
0.0703103
0.241573
0.062152
0.00808936
0.0705586
0.0315533
0.0174213
0.0514472
0.0108439
0.0213853
0.0111873
0.0177813
0.0222443
0.0127967
0.0143531
0.033722
0.0272549
0.0492472
0.0226282
0.0371931
0.0444987
0.0197047
0.298963
0.00340986
0.0107581
0.0108772
0.0171604
0.0300132
0.0397678
0.012677
0.00936184
0.0175431
0.0257815
0.0353772
0.0232955
0.0791023
0.0784972
0.0206917
0.0303705
0.0140011
0.0349103
0.0270257
0.0163292
0.0204501
0.0472702
0.0309298
0.0364476
0.0405273
0.00685988
0.0406712
0.407303
0.0136963
0.0151248
0.0238227
0.051429
0.00772452
0.0267271
0.0114406
0.0176232
0.0155487
0.0232384
0.0187624
0.0076604
0.0113796
0.0211906
0.0255577
0.0302033
0.00549857
0.0299914
0.019476
0.774609
0.00183156
0.0207213
0.0237667
0.0216754
0.515237
0.0120639
0.259496
0.0228049
0.023064
0.402321
0.0350257
0.318457
0.0241725
0.0231828
0.0131598
0.625564
0.0110711
0.0162837
1.39493
0.878909
0.0186193
0.0210981
0.0174104
0.883173
0.00658674
0.00443793
0.022986
0.893101
0.0294788
0.00716956
0.0154946
0.019974
0.0461168
0.0154333
0.0119472
0.0174244
0.0144259
0.0161243
0.0303026
0.0727841
0.0093474
0.0423481
0.0284161
0.00936434
0.322188
0.00991761
0.0908738
0.0196417
0.0483092
0.0169987
0.0282291
0.0243388
0.028658
0.516759
0.741055
0.0191003
0.0111118
0.0148868
0.0290555
0.00918465
0.0141348
0.114614
0.0365519
0.0878922
0.782122
0.0156481
0.0450879
0.0386606
0.0517339
0.0178833
0.0715293
0.845562
0.0739578
0.00399166
0.0293912
0.0241804
0.0414617
0.0231087
0.0146032
0.0221468
1.34435
0.632149
0.0565065
0.529807
0.0146975
0.0181793
0.0205175
0.0305794
0.0154242
0.0348476
0.0221769
0.00533845
0.0469723
0.0399804
0.0560777
0.0854169
0.0198945
0.0445137
0.0306354
0.0567597
0.0243286
0.0234164
0.0294261
0.0426774
0.0194138
0.913021
0.0101471
0.098304
0.035487
0.0239876
0.0122847
0.0262578
0.0187147
0.0216793
0.0350318
0.0321299
0.725581
0.71763
0.0234742
0.0137961
0.0166485
0.469456
0.0173183
0.0164079
0.0211526
0.0337575
0.00730905
0.0102542
0.00285403
0.0841499
0.0240826
0.0512902
0.515213
0.330565
0.00575252
0.0277968
0.0069525
0.0271161
0.0250549
0.019516
0.102072
0.0192167
0.409289
0.0101784
0.0151503
0.384278
1.28021
0.00548774
0.0314914
0.0185902
0.00708633
0.0232243
0.0211085
0.025782
0.0137302
0.459135
0.03196
0.0176882
0.0225597
0.00711201
0.0229902
0.0206503
0.0103659
0.019324
0.0144096
0.0263139
0.0185923
0.0421277
0.473193
0.0161947
0.00394956
0.0253194
0.0030106
0.887125
0.00717508
0.0662097
0.0228866
0.04918
0.13243
0.00983855
0.0294001
0.026478
0.0439192
0.0123795
0.0105935
0.0219221
0.0213193
0.0159401
0.128908
0.0185586
0.0401379
1.74751
0.0451357
0.0328999
0.00475077
0.00974606
0.0343992
0.0167005
0.0121206
0.017671
0.031753
0.0073206
0.0241321
0.034055
0.00914321
0.0228614
0.0130438
0.0135671
0.0376507
0.0571566
0.0444647
0.0675092
0.062769
0.0195594
1.70194
0.0489994
0.0753851
0.0359849
0.0380045
0.0494363
0.0407811
0.0144101
0.0832114
0.0212147
0.0193684
0.0231281
0.00811453
0.058863
0.0235265
0.0449635
0.0356584
1.2253
1.86449
0.0461585
0.122707
0.0129116
0.0492074
1.17489
0.0889722
0.107478
0.423811
0.0223069
0.0343716
0.0724322
0.00578021
0.0400705
0.0277347
0.0275559
0.0277958
0.024878
0.0282133
0.0316878
0.0147589
0.0193462
0.035652
0.0132464
0.0126753
0.0388323
0.163934
0.0111228
0.602613
0.0132591
0.0142081
0.0813894
0.912625
0.0301384
0.0384944
0.00740628
0.0209547
0.00802928
0.0794813
0.0353537
0.025047
0.0345921
0.106814
0.761185
0.0246612
0.460911
0.0213482
0.011224
0.0240176
0.601165
0.0441669
0.373303
0.0319365
0.00286623
0.0822043
0.00667558
0.0111012
0.0144803
0.0375487
0.0437127
0.00978314
0.157079
0.000745829
1.865
0.075975
0.180566
0.0299733
0.0285153
0.0485976
0.0281068
0.0460106
0.00810111
0.0206314
0.0219151
0.0462345
0.0374108
0.0672246
0.0554427
0.0654117
0.00487802
0.0776767
0.0397309
0.0302327
1.44045
0.0222481
0.0357654
0.0956413
0.0404672
0.0210901
0.0237377
0.0275874
0.0436508
0.033112
0.0627153
0.0473726
0.0425686
0.0116864
0.0522145
0.0323076
0.0189403
0.0594212
0.441382
0.0185868
0.0316534
0.0428854
0.0547025
0.0316372
0.0520313
0.0309861
0.00865108
0.0669257
0.0411251
0.0614622
0.0302948
0.0232654
0.0301549
0.0947174
0.0464144
0.070201
0.0463292
0.0349235
0.0195717
0.269857
0.0226023
0.0381743
0.0122758
0.0548445
0.00851056
0.0460884
0.0613925
0.0285328
0.02163
0.0409497
0.0144033
0.00733723
0.0222883
0.0640435
0.0163612
0.0290825
0.0755133
0.0103262
0.0757785
0.0744991
0.0132036
0.153904
0.0613967
0.0699913
0.0160254
0.0306569
0.0444949
0.440317
0.00987003
0.916687
0.0224504
0.083959
0.0397716
0.0234628
0.0379653
0.0431807
0.0489432
0.0499107
0.00632687
0.0484489
0.14995
0.0298054
0.0411674
0.253238
0.0745138
0.0123779
0.040123
0.00540234
0.0887361
0.00877273
0.211418
0.31303
0.0376558
0.0788586
0.0557697
0.0324722
0.00841289
0.0605946
0.015668
0.0130564
0.039391
0.0072422
0.0360035
0.0376527
0.0284722
0.0824459
0.00398507
0.0234475
0.0270548
0.0172415
0.0345132
0.0038275
0.00867969
0.295854
0.0220693
0.0333511
0.0207174
0.0118895
0.0219737
0.0255361
2.74637
0.0068377
0.0139983
0.470672
0.0473234
0.0592405
0.0157831
0.0199998
0.0260792
0.025569
0.033343
0.011744
1.42138
0.0271644
0.0294571
0.0323296
0.0666482
0.0324361
0.0377814
0.0286673
2.11363
0.022298
0.0104425
0.00815506
0.0631139
0.0428768
0.0392079
0.0502065
0.013654
0.0174469
0.0451829
0.0216004
0.016948
2.62956
0.35989
0.0448366
0.0253042
0.0157085
0.0413646
0.0254505
0.0516711
0.0215655
0.181099
0.0403919
0.0490232
0.00535282
0.0455664
0.0410288
0.0263048
0.0292248
0.0302764
0.0105175
0.015054
0.0541943
0.0309002
0.0225916
0.00373165
0.026082
0.0159788
0.0316937
0.0361966
0.0783766
0.0155727
0.0400403
0.016772
0.0183473
0.0485073
0.0421845
0.0451402
0.0165248
0.0119324
0.0147907
0.00104109
0.0481372
0.041028
3.71286
0.024634
0.124553
0.0446478
0.0127197
0.0321074
0.0230771
0.92138
0.0194711
0.0451825
0.0333505
0.0266434
0.0105229
0.0355582
0.0563566
0.0560972
0.0560397
0.00901408
0.0246504
0.0256015
0.0144206
0.0542709
0.0162592
0.0293324
0.0754907
0.955028
0.0153797
0.00480182
0.809865
0.0301558
0.0377497
0.0246296
0.0314368
0.0152517
0.0123272
0.0070162
0.0240707
0.0458533
0.0258119
0.00659653
0.152262
0.0509093
0.00830335
0.0307692
0.00695063
0.0246192
0.0259972
0.0310415
0.0279433
0.0317537
0.0133366
0.0187519
0.0446109
0.0260506
0.354678
0.746211
0.0238591
0.0407312
0.0327479
0.017919
0.0259756
0.38745
0.331059
0.0198385
1.03344
0.0146665
0.0400037
0.0504528
0.0229291
0.0191213
0.511032
0.0452322
0.00244703
0.0142223
0.443198
0.0680783
0.0225052
0.0124225
0.0165506
0.0221326
0.0314636
0.0437598
0.0295476
2.62093
0.691246
0.0128235
0.0617654
0.595732
0.0488656
0.0196261
0.0107166
0.0243511
0.0081028
0.0176598
0.0305514
0.0290826
0.0217322
0.0345939
0.00629556
0.00333609
0.0177205
0.0263081
0.0198123
0.0169517
0.0669962
0.562857
0.00656932
0.0295398
0.0476385
0.0326396
0.0116233
0.0561635
0.0503843
0.00153202
0.0142738
0.0671554
0.0320884
0.0362711
0.020611
0.599559
0.0595073
0.0309534
0.0356182
0.0768072
0.0600368
0.0332474
0.010686
0.0174966
0.841328
0.0329042
0.0129136
0.0372841
0.0149106
0.0172043
0.060918
0.0165852
0.0498826
0.0190326
0.0566323
0.00620558
0.000640844
0.0607712
0.0105937
0.0340381
0.0190445
0.0266542
0.0357605
0.00885689
0.00729016
0.011257
0.0402023
0.00350279
0.032688
0.00557921
0.00961112
0.0295023
0.0143336
0.0224842
0.0286397
0.00724759
0.0281428
0.0178357
0.0101748
0.0235897
1.26838
0.00955845
1.1628
0.0253375
0.0237086
0.0151607
0.0394062
0.00441714
0.0167161
0.0304745
0.0793508
0.0434688
0.0627798
0.0274706
0.0131292
0.0321661
0.0328803
0.0199511
0.199964
0.0351639
0.0143185
0.00673089
0.0295181
0.0357429
0.452979
0.0263707
0.0227894
0.0261302
0.0713329
0.0125282
0.0834412
0.0357195
0.0272264
0.0293923
0.204149
0.00996859
0.0870844
0.951914
0.0436477
0.0286627
0.0526678
0.0980292
0.0119783
0.0569259
0.0250839
3.28438
0.0768722
0.0807912
0.0219525
0.042825
0.0175784
0.67804
0.107795
0.0420341
0.0189857
0.0281318
0.0261261
0.00736643
0.0554976
0.0376033
0.0667412
0.127027
0.00781011
0.0127354
0.00906288
0.00649275
0.0269192
0.915166
0.0278931
0.0237747
0.050112
0.0180163
0.0551538
0.0213494
0.071044
0.00767949
0.0112248
0.0686301
0.00593922
0.0614264
0.00826532
0.546284
0.0280985
0.00589408
0.0368062
0.0304658
0.0214314
0.0117182
0.0223473
0.0267041
0.0347247
0.0113437
0.0148229
0.0094059
0.0209579
0.0117255
0.0256702
0.879576
0.0172619
0.00295798
0.0272934
0.0499097
1.39652
0.0545806
0.0235134
0.00776262
0.0235005
0.00519455
0.0147497
0.0396325
0.335332
1.98502
0.0288995
0.0578888
0.0104419
0.299268
0.0270952
0.0602969
0.0153046
0.0262945
0.0191177
0.0276324
0.0323845
0.0137545
0.0640967
0.0285142
0.0449741
0.0182674
0.451926
0.0423557
0.0519596
0.00536998
0.0559439
0.0213846
0.0155258
0.00501186
0.620628
0.03058
0.115506
0.0463774
0.0151055
0.0308557
0.0266988
0.0318817
0.406428
0.0235029
0.0160661
0.016838
0.473329
0.0104363
0.0062574
0.01938
0.355508
0.00650155
0.0428301
0.0311538
0.0127525
0.00692817
0.0514638
1.15435
0.00928924
0.00268432
0.0313243
0.349156
0.660525
0.222349
0.625885
0.0232052
0.0264163
0.309116
0.0129077
0.0384365
0.165896
0.0775979
0.756233
0.0120566
0.0275246
0.00785329
0.0128445
0.022118
0.00509044
0.0074825
0.0446118
0.0689116
0.113185
0.0118868
1.1163
0.0172823
0.0291832
0.0194195
0.293599
0.900317
0.0139365
0.254217
0.0116539
0.0230409
0.506186
1.53555
0.0215776
0.04512
0.0234783
0.0108565
0.0204863
0.016676
0.0226652
0.347065
0.472186
0.442432
0.0375591
0.0354403
0.236183
0.0167277
0.686547
0.015533
0.0244243
0.00369109
1.10143
0.433279
0.0417032
0.392772
0.0223006
0.0170491
0.0151099
0.0071401
0.0157028
0.0374975
0.0183015
0.00419701
0.00340551
0.00460557
0.0282371
0.0467479
0.0233456
0.0888002
0.0110285
0.0404363
0.0319817
0.0284256
0.0361379
0.0203067
0.0155489
0.0098053
0.0428824
0.0222485
0.0288304
0.00594506
0.0213727
0.00916474
0.521681
0.433613
0.724768
0.00788736
0.0339128
0.013454
0.0252509
0.0374718
0.0157828
0.00439707
0.018321
0.00725969
0.0101247
0.126407
0.0119565
0.0121101
0.0561985
0.422313
0.456004
0.111814
0.0115505
0.0678401
0.0057411
1.41686
0.0143069
0.0234711
0.0393014
0.0182756
0.0310577
0.17726
0.0952229
0.00744532
0.0430782
0.0576597
0.0270313
0.0506319
0.0101117
0.0453102
0.00726472
0.0194446
0.0229668
0.0148152
0.0322016
0.0998605
0.0433351
0.0647904
0.0581772
0.0388032
0.0233176
0.0403152
0.0221747
0.0742721
0.0491183
0.0165686
0.0687616
0.111747
0.00447736
0.0335117
0.0602387
0.0589105
0.0242722
1.70347
0.0296814
0.0162462
0.0717205
0.0811757
0.0486069
0.0590017
0.0287511
0.00670549
0.0382887
0.0510911
0.0288883
0.0407906
0.0125362
0.0265993
0.0291894
0.0232991
0.0342577
0.0460767
0.390631
0.0436662
0.0332865
0.0405178
0.0171427
0.0248704
0.05409
0.0387017
0.0284898
0.0239271
0.400221
0.0168236
0.0272918
0.0296706
0.028448
0.0173973
0.0336816
0.0109748
0.0172824
0.0179996
0.0585562
0.0137254
0.624033
0.0389478
0.0259645
0.00320867
0.044501
0.0378056
0.0163507
0.0256267
0.0107722
0.04124
0.00586072
0.0149627
0.0205706
0.0362567
0.026419
0.00739622
0.0337851
0.0193521
0.0252864
0.0525154
0.0169289
0.0180619
0.032634
0.0401221
0.0285283
0.974228
0.0285235
0.0671108
0.0110375
0.0248103
0.936456
0.0262819
0.00974226
0.00768825
0.101371
0.00500886
0.0232122
0.0109131
0.0108653
0.367395
0.0219207
0.0235885
0.0296441
0.0278376
0.0244538
0.0165687
0.0166522
0.168637
0.0231727
0.0805883
0.0491607
0.0995955
0.0306298
1.16366
0.0496742
0.0376327
1.14147
0.0152396
0.0400687
0.0864615
0.0460958
0.0109488
0.0585228
0.0317852
0.0390928
0.041212
0.100914
0.11549
0.757569
0.0152333
0.102524
0.0462812
0.0463514
0.0737277
0.0567552
1.11309
0.0141779
0.043724
0.0862381
0.0494238
2.26011
0.0388917
0.0427071
0.0391165
0.0628941
0.0360396
0.0217225
0.0105005
0.0219934
0.0351687
0.0113495
0.0428193
0.0519226
0.811755
0.0268867
0.156367
0.0171856
0.0163356
0.0329687
0.0292938
0.02129
1.70549
0.0326969
0.0100364
0.0513497
0.047808
0.0277766
0.0367716
0.0548714
0.00712753
0.0170297
0.0286842
0.0174919
0.0157131
0.0176513
0.0778644
0.0404973
0.0515719
0.0390885
0.0187713
0.924517
0.0587254
0.0875418
0.0536144
0.0374326
0.0333661
0.0303233
0.0452227
0.0247362
0.779544
0.0732171
0.0133821
0.0889411
0.04409
1.08177
0.0235108
0.0325858
0.0540951
0.0384106
0.0376213
0.0239631
0.0354969
0.0753832
0.0228342
0.0887927
0.0357127
0.0362038
0.0350225
0.025286
0.0589581
0.0174739
0.0203864
0.0190218
0.00510536
0.2627
0.0284811
0.0234095
0.0264648
0.0632893
0.0846638
0.0142732
0.0153081
0.0610323
0.0289256
0.0931587
0.0429628
0.0312086
0.0556071
0.055364
0.022005
0.0393625
0.0184471
0.033828
0.00662447
0.0531567
0.0610095
1.28375
0.0319572
0.0153023
0.00900283
0.0626261
0.0348679
0.0333613
0.0687116
0.0477005
0.0346966
0.320735
0.0219969
0.0188377
0.0210433
0.00871755
0.00634667
0.0284148
0.225631
0.0231114
0.854173
0.0459522
0.0413592
0.00614274
0.00596737
1.2633
0.00889885
0.0433592
0.0513791
0.033961
0.0109129
0.0534453
0.0102766
0.467741
0.0116145
0.0462302
0.0175505
0.00687877
0.0396696
0.283506
0.0626033
0.0291519
0.216538
0.0145309
0.0168766
0.036366
0.0232104
0.755522
0.0253597
0.00804323
0.0616932
0.0233422
0.619862
0.118083
0.00368398
0.0367979
0.0540213
0.0282253
0.0754626
0.0148248
0.00979354
0.0168483
0.0177427
0.0463955
2.08496
0.0320428
0.0642867
0.0136297
0.0107272
0.016722
0.0231514
0.0293402
0.0405449
0.0067086
0.0497863
0.354196
0.045168
0.0307534
0.0130244
1.10036
0.0714978
0.0241422
0.067501
0.0151732
0.0117513
0.0156846
0.0283563
0.0609622
0.119035
0.0279334
1.1066
0.847015
0.254256
0.0114845
0.0200024
0.0160635
0.984122
0.0165925
0.00629431
0.0325036
0.0452761
0.0166071
0.0321677
0.0377546
0.0244943
0.0394546
0.585887
0.278143
0.0226438
0.00677635
0.0155071
0.0351451
0.0309719
0.0366476
0.0373865
0.0237762
0.0489128
0.0293846
2.12197
0.0135159
0.0296473
0.0467567
0.950378
0.0155198
0.438725
0.606896
0.00967756
0.0153865
0.0148578
0.0279528
0.896593
0.0450108
0.0139749
0.0135863
0.00596237
0.0188976
0.0194177
0.0400117
0.165526
0.0133862
0.0145976
0.0871948
0.0187759
0.0481753
0.0145315
0.0362635
0.0463721
0.0205003
0.0543098
0.0881678
0.0181829
0.0550425
0.0448472
0.0587543
0.0538953
0.0241976
0.0669006
0.0500314
0.0246066
0.0255678
0.0300455
0.0159262
0.051991
0.0210308
0.0425279
0.0558937
0.0192693
0.0191535
0.0503429
0.0276724
0.0263416
0.0431388
0.0223472
0.0226971
0.0569711
0.0222294
0.0209548
0.0412544
0.00251207
0.0618345
0.017682
0.0283682
0.0207506
0.0574162
0.0097816
1.04528
0.0175648
0.0554042
0.0352276
0.0217357
0.0200016
0.0218304
0.0107121
0.035096
1.61077
0.367081
0.025053
0.062843
0.0222497
0.0363423
0.00937294
0.0401489
0.0399967
0.0252353
0.020523
0.0143418
0.0231447
0.0348562
0.0141148
0.0573293
0.0140663
0.845983
0.0316824
0.0342898
0.0429515
0.0109109
0.0471876
0.0587971
0.0398705
0.0162914
0.0419578
0.0391623
0.0169498
0.023021
0.296944
0.0348071
0.02755
0.0114821
0.731545
0.0253682
0.0132584
0.0076874
0.0337301
0.0233859
0.0356636
0.0144133
0.0206708
0.0444136
0.00970185
0.0314981
0.0148068
0.298561
0.0324184
0.0223371
0.0398496
0.00885379
0.00515493
0.0264806
0.00954282
0.0150955
0.0272926
0.0124977
0.0200176
0.0270226
0.0326291
0.0189293
0.051694
0.550975
0.318199
0.0267028
0.0276071
0.0379814
0.0338767
2.99893
0.0195
0.031564
0.0817792
0.0513402
0.0410121
0.0278214
0.0429174
0.02289
0.0316483
0.01485
0.566447
0.0165921
0.00796714
0.0228717
0.256281
0.00293902
0.0441218
0.0270342
0.0369619
0.028325
0.044602
0.0159974
0.0722819
0.0440588
0.244598
0.0645215
0.09664
0.0323848
0.02794
0.059618
0.0581703
0.0227729
0.0139582
0.0472568
0.036544
0.0249365
0.0140043
0.00736608
0.00227947
0.0178217
1.51321
2.1996
0.00794842
0.00802893
1.15029
0.0281538
0.00800948
0.0252989
0.00560715
0.00315576
0.0200901
0.303795
0.0323156
0.0306783
0.0149195
0.00343986
0.0101111
0.00288825
0.0314975
0.0506725
0.0276305
0.0384003
0.00252529
0.0171774
0.0067592
0.0143572
0.0357638
0.0206188
0.00690821
0.0110096
0.0232467
0.0206632
4.3498
0.0303917
0.0209048
0.004786
0.0684426
0.0288237
0.0736058
0.65788
0.00253027
0.627822
0.0172471
0.327504
0.0192365
0.219923
1.66621
0.528365
0.0265308
0.0121434
1.05659
1.15172
0.018971
0.0097415
0.630679
0.0239516
0.0437675
0.824099
0.413521
0.744335
0.0349169
0.0250112
0.0134798
0.0142962
0.0300931
0.0222394
0.00324531
0.0486283
0.0709876
0.0766848
0.0260227
0.02766
0.309622
0.0190313
0.0262031
0.0141289
0.022987
0.370135
0.206406
0.0601023
0.0171879
1.12962
0.0199097
1.63185
0.0346912
0.0219982
0.280975
0.0184535
0.961105
0.0159127
1.11975
0.0151886
0.0378508
0.0205795
0.0334269
0.00989445
0.00737797
0.0533883
0.0284088
0.0288373
0.803979
1.34544
0.0143704
0.0166779
0.0240121
0.0116184
0.028782
0.477143
0.292129
0.0382425
0.120979
0.0631477
0.00549404
0.0150923
0.0187287
0.0301414
0.0432739
0.0179128
1.046
0.0219852
0.0159924
0.556448
2.67934
0.0739204
0.0080734
0.27571
0.0412356
0.111332
0.504424
1.26157
0.00853977
0.764344
0.340239
0.0296653
0.0479125
0.0421837
0.0180805
0.0228744
0.011923
0.0301214
0.0239458
0.0174309
0.0109756
1.1261
0.008035
0.0790982
0.022179
0.032505
0.0310957
0.0169518
0.0284001
0.0164574
0.140985
0.0855706
0.0304235
0.0194714
0.00510984
0.0217555
0.00226422
1.26402
1.09348
0.00811696
0.0173482
0.420319
0.0188468
0.0840203
0.0382133
0.0253354
0.00927042
0.0175013
0.0490828
0.0159641
0.017178
0.0137345
0.491551
0.0154759
0.00692358
0.839292
0.0111039
0.0304861
0.0201728
0.232344
0.0114729
0.308918
0.8047
0.876036
0.0160938
0.0731736
0.062042
0.0131842
0.0095027
0.0284142
0.0188259
0.327185
0.0162928
0.0323467
0.0782382
0.00160404
0.016225
0.0187481
0.0120388
0.0133435
0.39039
0.800359
0.00458262
0.0373342
0.874815
0.0696361
0.0293927
0.0414434
0.00613376
0.00970529
0.0223717
0.0649718
0.0498104
0.0127052
0.299364
0.0176637
0.0656503
0.0800856
0.475191
0.0175642
0.0350533
0.103552
0.245808
0.00726448
0.0956169
0.0150611
0.00713655
0.0222685
0.020657
0.02077
0.0268541
0.0596192
0.0954914
0.0455079
0.00907425
0.00122344
0.031742
0.0924772
0.0257004
0.0379912
0.0253705
0.0184629
0.0438513
0.0474978
0.230395
0.0155673
1.54694
0.0146218
0.0478032
0.393778
0.0205274
0.045981
0.0266783
0.105107
0.0362547
0.0155921
0.0031147
0.0212473
0.0792523
0.0194309
0.0433716
0.0193932
0.0250784
0.0257495
0.0329921
0.035477
0.112274
0.0331861
0.0169688
0.0200923
0.0355962
0.0787281
0.0134434
1.15656
0.0620803
0.0256367
0.0222896
0.0260062
0.0700446
0.0359525
0.0134011
0.0403782
0.0135533
0.0465909
0.0108567
0.032162
0.765823
0.140519
0.0752057
0.034077
0.00650786
0.031312
0.0370637
0.662436
0.0178678
0.0191459
0.00737675
0.0251375
0.00552192
0.294835
0.00835431
0.027923
0.00383993
0.0408123
0.0291795
0.0624637
0.0400077
0.00948045
0.0344813
0.00942457
0.0162611
0.0232412
0.0212353
0.0100325
0.0271354
0.065882
0.0277569
0.042291
0.0286615
0.0515174
0.0131163
0.0106389
0.0509202
0.0429329
0.0155871
0.169421
0.0284995
0.0286572
0.0670038
0.0475904
0.0370022
0.00800285
0.0131922
0.0115941
1.1929
0.0545532
0.0212638
0.236353
0.040363
0.0468451
0.217277
0.0519719
0.0456677
0.0208689
0.0351112
0.0613327
0.146082
0.939144
2.88681
0.106669
0.0203627
0.0310591
1.25446
3.7571
0.00617393
0.0270032
0.0434783
0.0286456
0.0699558
0.189369
0.0305439
0.0731418
0.916907
0.421749
0.0320149
0.197856
0.106207
0.0741417
0.266625
0.0322263
0.0192552
0.0475972
0.0761166
0.0356117
0.0422948
0.107118
0.0443666
0.127069
0.0381651
0.0612611
0.0343187
0.0426272
0.0310525
1.05243
0.0588667
0.0677334
0.0421479
0.0102358
0.0515521
0.0280984
0.095031
0.0206978
0.183096
0.0672684
2.69582
0.0983452
0.0662738
0.0307474
0.0571402
0.0219504
0.0409204
0.0881277
0.0346063
0.0549747
0.01189
0.028447
0.0963922
0.0205159
0.0235513
0.0260291
0.00833733
0.0469844
0.0104852
0.00593921
0.0154524
0.0126851
0.0455033
0.0159766
0.218973
0.0342704
0.0658069
0.0186464
0.732523
0.0732191
0.00772282
0.202456
0.0404062
0.0161387
0.00526302
0.0217751
0.463594
0.0854669
0.0365629
0.026949
0.0361049
0.0914091
0.0531817
0.0628005
0.0304105
2.04093
1.07604
0.0292778
0.0349299
0.0939483
0.0105194
0.112795
0.077474
0.119521
0.0585987
0.0128734
0.00513373
0.048199
0.0587623
0.0125577
0.012626
0.0174478
0.0170701
0.0304833
0.542462
0.0118436
0.0322589
0.0141272
0.0670316
0.0171316
0.0219656
0.0184822
0.0248678
0.0580007
0.867516
2.34664
0.0369159
0.0335757
0.0580437
0.0323147
0.0358151
0.0183611
0.0412085
4.96574
0.306942
0.0668201
0.0277659
0.178725
0.0152955
0.00541134
0.010902
0.0328979
0.0181149
0.0205008
0.0536693
0.0141118
0.0189516
0.00613129
0.00232587
0.0156942
0.0773628
0.0243522
0.0391059
0.0175485
0.300586
0.362492
0.086797
0.0332939
0.060065
0.0144908
0.0148553
0.0241508
0.0222813
0.000654086
0.0506717
0.0399352
0.00652137
0.0423606
0.0884508
0.0262856
0.0266082
2.56427
0.0109539
0.0264864
0.0448252
0.422637
0.0277099
0.0132743
0.100901
0.120439
0.0291035
0.0339635
0.0418618
0.164385
0.0401662
0.0587586
0.050717
0.0201231
0.50105
0.0321433
0.0654203
0.439932
0.0120447
0.00733561
0.0751654
0.0247835
0.0140212
0.0168393
0.0170861
0.00895519
0.0498589
0.0569457
0.0181606
0.016615
0.0362953
0.0611879
0.0206798
0.0323131
0.0180702
0.0101038
0.0586143
0.0128
0.0425864
0.0263779
0.0190202
0.027187
0.0292934
0.0265818
0.00180687
0.006732
0.0351307
0.596852
0.0145185
0.0104683
0.0583635
0.0258192
0.0160456
0.00470534
0.00785807
0.0191278
0.0166487
0.0122242
0.0279437
0.127596
0.0140979
0.00961912
0.0154456
0.455368
0.0611289
0.0204177
0.0315681
0.0412084
0.0178401
0.0395829
0.0115034
0.0312658
1.78346
0.0306063
0.0872909
0.038192
0.0290038
0.0433103
0.234822
0.0247677
0.0304963
0.0304481
0.0102104
0.0063571
0.0324903
0.0104976
0.683214
0.00785318
0.0126622
0.0326011
0.0441846
0.0163975
0.00672883
0.313808
0.269329
0.0494122
0.0220001
0.0370817
0.0271639
0.349647
0.0373932
0.0328043
0.025529
0.105381
0.0273735
2.06228
0.100687
0.00937907
0.0537223
0.0803202
0.0399193
0.0386446
0.0427954
0.00214745
0.0397839
0.0302878
0.0546533
0.83762
0.0480584
0.0392021
0.0244599
0.0408059
0.02422
0.00592158
0.0240995
0.0445466
0.621732
0.0168362
0.029914
0.012672
0.0433214
0.0817041
0.00893076
0.016277
0.00303339
0.0290481
0.0205926
0.0141979
0.455864
0.0455886
0.0440244
0.0251914
4.00321
0.0322108
0.00930175
0.756422
0.00740437
0.0380617
0.0500972
0.0198923
0.0478966
0.0263929
0.0642558
0.0282837
0.0176856
0.0141838
0.0389424
0.125998
0.0669758
0.0561254
1.61963
0.013717
0.415141
0.00708155
0.0949556
0.0328544
0.0166926
0.0726339
0.0362051
0.0338176
0.0174521
0.0416209
0.0465991
0.0257382
0.0377059
0.02744
0.0336188
0.039363
0.0301736
0.0154686
0.0302683
0.0051286
0.0255552
0.13188
0.0434605
0.0232302
0.0288592
0.0306616
1.00177
0.00806071
0.0309587
0.0303034
0.022718
0.0269167
0.00418676
0.118847
0.0222812
2.67075
0.0027519
0.0248863
0.022253
0.0173834
0.0247236
0.0444572
0.015399
0.0534905
0.0312217
0.0235707
0.0242042
0.0803774
0.0153081
0.0295684
0.0221215
0.0463943
0.0255668
0.0135492
0.0501208
0.0145872
0.0741384
0.0206943
0.0201984
0.00804675
0.017012
0.0272413
0.0295878
0.0161134
0.0452796
0.0253195
0.00692319
0.245496
0.0251528
0.00732408
0.00937142
0.0245472
0.135663
0.323843
0.0448304
0.0818754
0.0369164
0.0137847
0.0319791
0.20548
0.169438
1.18278
0.0665039
0.121567
0.00910156
0.0283569
0.0344538
0.0254917
0.0592625
0.0413391
0.0493747
0.0219848
0.0172821
0.0396457
0.018004
0.0592598
0.092557
0.0405445
0.0234281
0.0231952
0.679172
0.0109285
0.0425883
0.0223297
0.0117508
0.00644188
0.0140381
0.34048
0.0129695
0.0185811
0.0349099
0.128872
0.0558057
0.0268083
0.0757925
0.0195092
0.027929
0.0165368
0.0264839
0.0351313
0.0053446
0.0194902
0.0143453
0.0142655
0.015974
0.0111557
0.020586
0.00280889
0.00875131
0.0514503
0.011985
0.0380199
0.0382187
0.0161076
0.0326798
0.216882
0.00591177
0.275319
0.0303101
0.0530786
0.00450621
1.03532
0.0247539
0.0139688
0.0482791
0.456916
0.0945818
1.22581
0.557332
0.00488858
0.525974
0.0149738
1.18142
0.740111
1.18362
0.0162267
0.0136698
0.0358569
0.429532
0.106949
0.0228846
0.0236397
0.933291
0.0244651
0.0367221
0.03974
0.00663702
0.020306
0.0101071
0.00643647
0.0153136
0.0165298
0.0133103
0.553022
0.0441667
0.0308294
0.256057
0.054376
0.00849716
0.0226719
0.133213
0.0340939
0.00797491
0.00521937
0.0291193
0.00570506
0.0385716
0.0191296
0.00787549
0.394533
0.758923
0.0589866
0.0470033
0.0348899
0.0320568
0.0140027
0.0162937
0.0169985
0.0265721
0.712036
0.00484464
0.00733117
0.0215449
0.0430492
0.00504778
0.0126226
0.0200999
0.0297779
0.0332874
0.0138968
0.00839952
0.0952183
0.0128036
0.00982849
0.0709052
0.0679327
0.0135179
0.0097418
0.0136024
0.046716
0.0244037
1.02708
0.0111932
0.0514309
0.0599038
0.0468523
0.0102031
0.0191637
0.0264627
0.0069457
0.12303
0.0357902
0.0219782
0.0174473
0.0324643
0.0179644
1.57541
0.0281592
0.0438674
0.025208
0.0778147
0.0163561
0.0133956
0.0025286
0.0449295
0.0126555
0.00838264
0.0694412
0.247457
0.0573432
0.0233063
0.00950468
0.203778
0.00985572
