0.0819747
0.719021
0.0114693
0.75454
0.0161219
3.2524
0.450029
0.0207527
0.0058899
0.00975249
0.0184971
0.0267556
0.0912144
0.00435964
0.0214424
0.0164357
0.0554099
0.252912
0.025248
0.0210656
0.013157
0.0889832
0.00479284
0.0237521
0.0203807
0.0269912
0.0113534
0.28745
2.99153
0.0275741
0.0329452
0.0431924
0.0733356
0.0202328
0.0241868
0.231639
0.00981438
0.0659065
1.36591
0.0146226
0.0192958
0.0154069
0.0201672
0.0137279
0.0222966
0.042901
0.0388453
2.99854
0.0488243
0.0464202
0.00695161
0.0108394
0.0177362
1.34142
0.0655886
0.0414429
0.142868
0.0267309
0.0293764
0.0231742
0.0541815
0.757889
0.537332
0.430842
0.0446706
0.0324747
0.00814334
0.0282256
0.0108507
0.0173594
0.0586636
0.0150317
0.000886171
0.0266493
0.0452876
1.07268
1.25894
0.00967313
1.11117
0.0341691
0.0314048
0.0232654
0.0769532
0.0517029
0.027118
0.0015711
0.0229294
1.02635
0.0738101
0.0522323
2.36287
0.0212894
0.145529
0.670683
0.0786966
0.0166275
0.0925373
0.138539
0.416847
0.0288163
0.148728
0.0291271
0.146967
0.0176936
0.0293023
0.0366274
0.0269201
0.00778028
0.00620625
0.0371024
0.0186082
0.548497
0.0158175
1.13751
0.17977
0.0390661
0.242335
0.0289173
0.0108031
1.04317
0.838996
0.0237306
0.00959976
2.62322
0.0230212
0.0486506
0.0300386
0.459293
0.0350718
0.305381
0.150984
0.0305127
0.0152259
0.741495
0.176517
0.023438
0.0336034
0.0285758
0.0172364
0.00704679
0.0657297
0.0652464
0.00964054
0.0173746
0.157705
0.0432096
0.494705
0.606857
0.076875
0.534785
0.630472
0.0982263
0.0421557
0.0336893
0.0104162
0.018578
0.246524
0.163068
0.0239462
0.0386921
0.0422354
0.806862
3.34746
0.00497125
0.00361079
0.0756917
0.028806
0.0222007
1.13393
1.06163
0.0292503
0.0566011
0.0636657
0.0970324
0.0166922
0.923036
0.989886
0.0547713
0.021406
0.0362654
0.0302212
0.453065
0.0642735
0.0564203
0.676346
0.0352917
0.109159
0.235843
0.17741
0.033205
0.127312
1.29348
0.175295
0.937356
0.00648473
0.0305066
1.16842
0.0570636
0.0951072
0.136835
0.594879
0.0944948
0.0173503
1.55976
0.367471
0.0192118
0.0626321
0.0105995
0.0504951
0.0251843
0.0337165
0.0157284
0.0746718
0.00805958
0.0115262
0.101433
0.0142366
0.203648
1.83723
0.013609
0.0126266
0.0523807
0.114896
0.058416
0.650949
0.0450233
0.0330138
0.0252805
0.0116734
0.164311
0.743398
0.379092
0.0462353
0.0103247
0.223445
0.810489
0.024529
0.0596059
0.0403543
0.04654
0.0397468
0.0111528
0.0189475
0.00695568
0.0111165
0.00609412
0.0165475
0.0283584
0.0190619
0.0154381
0.00473231
0.00703287
0.0207482
0.015777
0.0541755
0.0123795
0.0253669
0.0374465
0.0271909
0.00950786
0.0146678
0.00750546
0.0141421
0.0261486
0.00504975
0.0963858
0.00792072
1.07119
0.0178026
0.0408374
0.0110036
0.0171646
0.879337
0.00928897
0.0189236
0.0212647
0.0217199
0.0388447
0.0327195
0.0225727
0.00777043
0.0093124
0.0157581
0.0847155
0.0530285
0.0222766
0.0367687
0.02588
4.44607
0.0176924
0.00555847
0.0387683
1.94542
0.0976455
0.022996
0.0185764
0.114066
2.91873
0.0186696
0.0325877
0.118256
0.0390902
0.387541
0.0114981
0.293846
0.160411
0.141087
0.189736
0.0284555
0.524414
0.974202
0.497153
0.936949
0.114701
0.182989
3.12169
1.85072
0.105212
2.76844
0.0215971
0.0107452
2.97526
0.0212713
0.00972202
0.0070117
0.254532
0.0171095
0.124469
0.0110195
0.31429
0.00908156
0.00975003
0.387395
0.420371
0.0108872
2.12964
0.0524538
0.0195094
4.31958
0.00729798
0.303431
0.00549907
0.00539891
1.29224
0.0436512
0.0126839
0.0152032
0.0300726
0.0515665
4.57111
0.0377535
0.440943
0.3631
0.508132
0.0539221
2.7598
2.56958
0.469708
0.116005
0.184516
0.106333
0.0153509
0.0675794
0.0428534
0.0182019
1.00455
0.0542947
0.0288822
2.10359
0.54175
0.120046
0.445018
0.066775
3.26611
0.0937932
0.395927
0.117743
0.00893586
0.224554
0.00665427
0.0163687
1.33671
0.0459909
0.502428
0.0444905
0.142686
0.454253
0.0289294
0.0556989
0.0377165
0.0547243
0.0105397
0.0269727
1.64284
0.046865
0.00898926
0.358661
0.645451
0.022926
0.0573846
0.0605986
0.0401638
0.0113531
0.0672288
0.0247106
0.0387849
0.0164299
0.106225
0.0392351
0.0205529
0.0535162
0.272573
0.0242643
0.0276657
0.00977867
0.421672
0.0150078
0.00375668
0.298529
0.0547862
0.0612249
0.220581
0.0982152
0.143327
0.182963
0.434974
0.231513
0.0844946
0.564403
0.728319
0.341082
0.0211122
0.217154
0.0168815
0.0806608
0.0462368
0.0129083
0.0188035
0.0195384
0.0438139
0.0636863
0.00337277
0.0486545
0.019056
2.65048
0.0339573
0.047576
0.0183378
0.0516628
0.00692698
0.256073
0.0130242
0.0051223
0.00704389
0.00153685
0.0559629
0.0388929
0.934252
0.251133
0.0975287
0.0397095
0.129176
0.0111623
0.0323494
0.0380721
0.0484116
0.0507954
0.0202914
0.0292274
0.0288063
0.0162468
0.035655
0.0261026
0.024458
0.0107387
0.0136993
0.0147187
0.640602
0.297921
0.00756758
1.91871
0.0140636
0.0439916
0.0785262
0.00567334
0.680809
0.025956
0.0254731
0.0844396
0.0404709
0.018256
0.0829156
0.02295
0.0193382
0.00893498
0.0341633
0.0545381
0.0424772
0.0132703
0.0705357
0.0482105
0.591119
0.061987
0.0221784
0.0406404
0.0187851
0.00516166
0.0138431
0.0104898
0.0135937
0.354299
0.0203858
0.0111571
0.0343647
0.0127382
0.0130212
0.015528
0.0468128
0.0581557
0.02437
0.00445669
0.0466157
0.0600409
0.0422363
0.0037008
0.0539762
0.0256033
0.0353974
0.118287
0.0529592
0.0386434
0.00723864
0.0100497
0.0317936
0.0478546
0.038704
0.0141712
0.0474153
0.00899344
0.0445779
0.0213647
0.068519
0.0120399
0.0173248
0.0330468
0.0272017
0.0117766
1.19615
0.0306579
0.0222795
0.038872
0.0178608
0.00671679
0.0466896
0.0333414
0.0464573
0.118622
0.0209895
0.0229214
0.00438426
0.0292459
0.0271095
0.0391303
0.0202959
0.0544471
0.0152599
0.0616145
0.00752509
0.027787
0.0207584
0.0272106
0.0187671
0.0100083
0.0209653
0.00660815
0.0122102
0.0389658
0.00558687
0.10842
0.0200714
0.0577275
0.0363808
0.0044314
0.00568992
0.0310858
0.00634054
0.0501927
0.00416951
0.0161678
0.00731782
0.0343244
0.00892933
0.0581555
0.0317899
0.0250681
0.0463338
0.0560658
0.0333724
0.0163984
0.0387379
0.0379826
0.0131296
0.0104628
0.0301895
0.0303019
0.030345
0.00655762
0.0124033
0.0123615
0.0167648
1.12716
0.0279567
0.0241195
0.0189514
0.0360141
0.0267027
0.00313146
0.0149442
0.0219767
0.0233708
0.0174273
0.0406034
0.0811753
0.0111095
0.0342607
0.0179256
0.0148056
0.00968593
0.026514
0.028371
0.0197168
0.0161342
0.0107876
0.0245294
0.00761502
0.0143946
0.0121742
0.00385428
0.0278721
0.0065171
0.0426347
0.0158964
0.0402313
0.0256403
0.0182071
0.00885831
1.9038
0.0231062
0.0150152
0.0130564
0.026355
0.0160854
0.0137457
0.0317859
0.0666625
0.00779522
0.00691564
0.00393998
0.0739971
0.0392587
0.127009
0.780097
0.0444959
0.0626834
0.301099
0.0648958
3.7765
0.0431145
0.116198
0.0206875
0.0460114
0.0674031
0.0195007
0.0974247
0.479823
0.280701
0.0181203
0.381418
0.0252744
0.00595751
0.0360208
3.13511
0.246302
0.0230279
0.772528
0.0236211
0.637131
0.0871458
0.0458328
0.0136541
0.0701338
0.0291174
0.0358438
0.0552585
0.00446774
0.0149591
0.0265208
0.0158914
0.531281
0.094276
0.0910262
0.0128881
0.006438
0.0489267
0.0164344
0.0278155
0.114245
0.00914655
0.185606
0.0714434
0.0167429
0.458042
0.382198
0.0361018
0.0369112
0.48353
0.0398789
0.139558
0.0490658
0.019377
0.0321687
0.00856913
0.0600619
1.74195
0.0149723
0.00825519
0.0347348
0.0727044
0.0194094
0.0482136
0.0121149
0.0206385
0.00576307
0.152089
0.026695
0.0240958
0.0229504
0.0536688
0.298895
0.00817561
0.119128
0.0371791
0.0342731
0.0439556
0.00433715
0.0286858
0.00768487
0.0384253
0.346947
1.28145
0.578971
0.0111301
0.0448087
0.0155502
0.0138138
0.00957529
0.540996
1.12071
0.0226496
1.10472
0.0150766
0.0228032
0.351821
0.819224
0.0501042
0.0311343
0.0122304
0.00556326
0.166818
0.0136464
0.439747
0.130832
0.0068731
0.0168186
0.0427684
0.501492
0.0135917
0.0119068
0.167152
0.025837
0.775055
0.045307
0.00451937
0.0798833
0.0102034
0.0503647
0.00779786
0.0525865
0.0382515
0.0138597
0.269531
0.0351887
0.0633436
0.0369537
0.0231911
0.023099
0.00323511
0.450023
1.19869
0.0241396
0.121233
0.0212985
0.0719477
0.043758
0.0140798
0.087748
0.0355751
0.0156608
0.396848
1.53797
0.00775707
0.445518
0.0158047
0.0399444
0.826276
1.4896
0.00487238
0.0135956
0.00984905
0.0179913
0.0187401
0.0450322
0.026618
0.0243808
0.0464042
0.0281123
0.0552849
0.0437826
0.119737
0.0159613
0.00699199
0.00668807
0.566605
0.0680688
0.00880757
0.00973073
0.0385391
0.0226193
0.0191368
0.0105629
0.0456414
0.045064
0.0151565
0.0399777
0.0359511
0.0261213
0.158266
0.0811337
0.207616
0.00905903
0.102534
0.0192933
0.0155103
0.0136148
0.15835
0.0416268
0.040637
0.0941701
0.135989
0.0382232
0.0218919
0.0102019
0.02494
0.29243
0.00930104
0.0521935
0.0879611
0.0355198
0.0223751
0.401154
0.0124721
0.00995843
0.0505864
0.00790314
0.0555265
0.0334178
0.0147673
0.0312166
0.0148629
0.0222209
0.0260999
0.0497816
0.038889
0.0109556
0.0178672
1.48758
0.980359
0.0325564
0.194684
0.0133002
0.0535964
0.0619007
0.144682
0.0763494
0.0409249
0.0309151
0.489344
0.0372859
0.016917
0.278973
0.0136495
0.0115722
0.0201167
0.264901
0.203915
0.0307614
0.125931
0.00704309
0.00863581
0.358905
0.443738
0.257916
0.035917
1.08197
0.547177
0.0393981
0.0191433
0.0547945
0.0234088
0.0420266
0.287559
0.00475279
0.0234141
0.0069224
0.0591114
0.0231165
0.104698
0.0173476
0.0029917
0.281859
0.040481
0.0709298
0.0465793
0.904863
0.0101833
0.0149193
0.00869925
0.0492983
0.314071
0.116144
0.0810355
0.127116
0.074589
2.39052
4.55661
0.139758
0.0176871
0.00540827
0.331782
0.0660447
0.218082
0.70369
0.0181559
0.0049942
1.11287
0.689235
0.193238
0.28179
0.0192385
0.652869
0.0688864
0.0173544
0.130957
2.18398
3.42872
1.73128
0.116439
0.0196548
0.0141551
0.329522
1.24161
0.0229542
0.0248427
0.115375
0.0218249
1.57389
0.331431
1.96176
0.0522061
0.0227551
0.0774398
0.0306299
0.0319501
0.0536466
0.0841741
0.0597004
0.0554554
0.0187806
0.0410152
0.0215969
0.00810626
0.0588592
0.0185504
0.0162453
0.162608
0.0917666
0.0163193
0.0325315
0.102516
0.0485438
0.059452
0.0486988
0.0262202
1.53863
0.644903
0.0535063
0.0121738
0.0557501
0.0458288
3.46143
0.0153164
0.0270339
0.381862
0.0719043
0.0532945
0.0123005
0.0490971
0.019924
0.0139691
0.0445031
0.0217379
0.0226955
0.048076
0.0905782
0.0164231
0.00724219
0.0684065
0.0545236
0.0392875
0.0479383
0.0138883
0.457737
0.0608538
0.0162859
0.016189
0.0329659
0.0856901
0.0229888
0.0310731
0.061064
4.48507
0.0231693
0.010371
0.069312
0.0168352
0.0196686
0.00816029
0.0233977
0.00942556
0.0340261
0.0677426
0.585019
0.0570817
0.0335834
0.0589598
0.018543
0.0151897
0.0528544
0.0230907
0.749837
0.0326999
0.023214
0.00846434
0.0555524
0.23832
0.0356095
0.00679823
0.00426589
0.0175751
0.00736561
0.0463671
0.0175625
0.0318063
0.0260343
0.0095627
0.0120796
0.101174
0.00318362
0.0140062
0.0178942
0.0124088
0.470482
0.0545825
0.0946853
0.0194632
0.047907
0.0160993
0.0426928
0.0155406
0.0689366
0.0344694
0.000361574
0.0145514
0.0352923
0.0399986
0.00638857
0.0637743
0.0269464
0.0441303
0.0314761
0.0301505
0.0184856
0.00688633
0.0509004
0.00929838
0.03024
0.0697602
0.0369125
0.0250325
1.86788
0.0256155
0.0602069
0.0256266
0.0177108
0.0161471
0.0219214
0.0410763
0.0195529
0.0298107
0.0215183
0.0140787
0.0142674
0.0163767
0.0553858
0.0522572
0.0231352
0.027431
0.0420326
0.0238711
0.00527404
0.0286833
0.0380194
0.0159311
0.0139852
0.010628
0.0274579
0.016395
0.01953
0.00829449
0.0340298
0.0475471
0.0291519
0.0104492
0.144215
0.619033
0.0116711
0.00746028
0.00357943
0.030276
0.553925
0.0184025
0.0215251
0.0129701
0.0442512
0.0556208
0.109539
0.118106
0.0304742
0.0631024
0.0168017
0.088712
0.00537345
0.00410746
0.0428742
0.0220902
0.0594268
0.0219787
0.0376156
0.0381423
0.579558
0.0157573
0.0316
0.05219
0.0668871
0.0397777
0.0505346
0.0655305
0.0895465
0.0192851
0.0181119
0.0189039
0.00750933
0.109051
0.0489029
0.0499699
0.0141631
0.00591169
0.0824837
0.372765
0.0229892
0.0249371
0.0363933
0.0376824
0.0710749
0.0149967
0.0432472
0.365764
0.0608878
0.0559069
0.0180327
0.297438
0.18834
0.141246
0.00748738
0.031222
0.0299318
0.498705
0.0598369
0.0152325
0.0292497
0.0450439
0.0141431
0.0357178
0.0903185
0.0104812
0.0166016
0.0621746
0.500869
0.0125514
0.0182899
0.0421339
0.0775164
0.0142131
0.0150548
0.0371429
0.00308795
0.418763
0.0460227
0.0249247
0.0780445
0.00748542
0.0279918
0.0487577
0.00779392
0.00697475
0.0295939
0.192257
0.47908
0.0333353
0.307865
0.0261369
0.0343225
0.204768
0.280596
0.627644
0.0878267
0.831041
0.02458
0.0187955
0.0931785
0.275755
4.18846
0.0249942
0.0926793
0.0699354
0.215102
0.0555757
0.505601
0.028494
0.476312
0.247605
0.0168939
1.16271
0.0289604
0.0368757
0.0103013
1.98995
0.135154
0.0164781
0.0387744
0.973753
0.020021
0.0374892
3.10634
0.877077
2.08146
0.193284
0.0454234
1.68078
0.0190437
0.0376572
0.586325
0.829979
0.0302875
1.37745
0.0262366
0.810844
0.0380144
1.41293
0.303856
0.306627
0.0345467
0.0378475
0.0151007
0.0201061
0.0257192
0.0138973
0.462138
0.0151181
0.0595877
0.831879
0.134959
0.427363
0.0182074
0.23815
0.6111
0.123608
0.183452
0.03676
0.00441671
0.326986
0.221105
0.0401992
0.862628
0.420195
0.331113
0.0779111
1.64852
0.0324059
0.19723
0.0479449
0.014596
1.96669
0.0327185
0.0131595
0.0282522
0.0261365
0.0387618
0.00774701
0.00914596
0.0312205
0.857306
0.00834367
0.0373828
0.0492353
0.0653753
0.0268141
0.0707668
0.0197505
0.0804839
0.0546852
0.0136363
0.814118
0.406089
0.0620548
0.119038
0.0307254
0.733454
0.0797076
0.482541
0.135675
0.339296
0.022864
0.291829
1.53458
0.230014
0.362335
0.267046
0.0786794
2.36362
0.657751
1.11639
0.0941415
0.00990109
0.530153
0.512497
0.20619
0.0356033
1.15513
0.769889
0.284998
0.0382578
0.435413
0.0189183
0.804263
0.00916373
0.0145311
0.0278536
0.794604
0.0157361
0.016883
0.00637796
2.01234
1.57822
0.0764499
0.0240564
0.0647046
0.171741
0.0457708
1.08361
0.0102339
0.0090836
0.0266944
0.099093
0.465701
0.0117211
0.0540128
1.01775
0.203008
0.922149
0.200097
0.0916646
0.0115412
0.0422921
0.0988593
0.0164866
0.0321853
0.0274344
0.696229
0.0465878
0.151656
0.125085
0.384155
0.020696
0.179767
0.0415537
0.0533402
0.432076
0.68514
0.402576
0.0374802
0.0285794
0.0201657
0.661719
0.0650992
0.146507
0.217963
0.223902
1.64997
0.570802
0.454159
0.054384
0.156573
0.0319693
0.0699332
0.0143056
0.835964
0.068271
0.675911
0.0496478
0.0754715
0.0821041
0.0359497
1.8317
0.228098
0.016407
0.0387111
2.1821
0.0333726
0.291676
0.357215
0.0204325
0.2069
0.0706008
0.0146784
1.10992
0.389408
0.00483702
0.0866126
0.0163885
0.0163679
0.0389986
0.0696834
0.0451579
0.658887
0.0474188
0.0295621
0.730784
0.0768605
0.0211129
0.321297
0.674483
0.0201605
0.0374751
0.421557
0.0504152
0.0527321
0.0278241
0.0448606
0.127409
0.0173155
0.0159931
0.0649762
0.0232295
0.0121794
0.0684313
0.00255111
0.014247
0.0123868
0.0301969
0.015673
0.0335772
0.045652
0.0644567
0.00589352
0.0483706
0.00801738
0.0192959
0.0791449
0.0256714
0.0284492
0.0551596
0.0193873
0.138508
0.0253389
0.0722504
0.0105859
0.0630028
0.0191463
0.0225648
0.0792199
0.0237709
0.0392705
0.0200852
0.0491649
0.0800244
0.00973449
1.26254
0.157819
0.0206392
0.144143
0.134024
0.0935772
0.0120929
0.664524
0.55902
0.00728779
0.0262228
0.0411813
0.0461247
0.00853816
0.0456497
0.104156
0.0350094
0.0105159
0.0470443
0.0510501
0.0379521
0.15284
0.0124567
0.100265
0.055661
0.0587753
0.00929346
0.0165834
0.0561478
0.5641
0.0131358
0.0315923
0.0146313
0.119986
0.0527222
0.0766506
0.00930619
0.020951
0.0193844
0.0465636
0.0422636
0.0494725
0.00772738
0.0470165
0.0595255
0.0069349
0.0390528
0.0424558
0.00855521
0.0732932
0.0377958
0.0962222
0.0132913
0.037858
0.0682313
0.0207786
0.0115043
0.0306687
0.0297612
0.060137
0.0369553
0.0231056
0.0789929
0.0186494
0.0294663
0.0363628
0.0829225
1.16052
0.00925206
0.0313057
0.0244346
0.0282408
0.511197
0.0218231
0.0404261
0.0217005
0.0220888
0.10332
0.0875184
0.0456927
0.0846737
0.253861
0.0199064
0.0166292
0.0365593
0.0227582
0.00590571
0.00506998
0.0339
0.0587479
0.00590098
0.0389925
0.00548506
0.0178395
0.0515648
0.0504148
0.235478
0.0271812
0.103841
0.0355829
0.00966298
0.0105362
0.0677338
0.0135997
0.00613922
0.0642524
0.0461635
0.0169239
0.0291661
0.0289428
0.0670566
0.0143062
0.0409013
0.082298
0.010953
0.0546969
0.0612158
1.5047
0.0260992
0.0414859
0.0249401
0.0202031
0.00937948
0.00597452
0.0227551
0.0469737
0.0906162
0.178963
0.0808846
0.0099254
0.0858633
0.0254753
0.0198816
0.0135459
0.0826368
0.0118317
0.0395587
0.0356144
0.0201544
0.0320317
0.0133039
0.00710344
0.0306369
0.143058
0.0245184
0.0779141
0.0154824
0.0456337
0.0109288
0.361651
0.032774
0.0351998
0.0225099
0.0284647
0.0130385
0.0679889
0.0471366
0.0121705
0.0142305
0.0190472
0.0436833
0.0354769
0.0111847
0.0128421
0.0359426
0.0203333
0.0366109
0.0145662
0.0206627
0.0202445
0.0369909
0.0279552
0.0159174
0.020057
0.0230425
0.0508317
0.0331195
0.0240611
0.267484
0.0441741
0.0181778
0.0345343
0.0324548
0.00869319
0.0058134
0.020932
0.0432852
0.0168298
0.0032779
0.00815497
0.0265096
0.0227238
0.0137541
0.00655408
0.0236441
0.0269641
0.0306384
0.0469539
0.00750245
0.0344046
0.01479
0.0152518
0.00799353
0.042655
0.0144932
0.0404322
0.0138017
0.0176258
0.018562
0.0143592
0.0301969
0.0136827
0.0147041
0.0577117
0.0134905
0.00910701
0.0334169
0.0243414
0.0296378
0.0168036
0.00747551
0.0748288
0.0322106
0.024213
0.0294722
0.011204
0.0167174
0.0298652
0.0420351
0.0935913
0.0323605
0.00148047
0.0308943
0.785348
0.0162239
0.0135759
0.0250668
0.00287859
0.0197237
0.0513165
0.0111626
0.0145717
0.00690764
0.0127534
0.013178
0.00699162
0.029784
0.0304934
0.0431217
0.0233034
0.0222857
0.0140688
0.0242927
0.0684286
0.0147455
0.0070285
0.0283958
0.0105023
0.0301075
0.0149779
0.0587631
0.0146742
0.0228348
0.0382377
0.0230922
0.00530676
0.0339327
0.0253497
0.0220369
0.0428197
0.0271184
0.0140651
0.0336559
0.0645557
0.0101595
0.0489619
0.00588522
0.0209994
0.00717574
0.026908
0.0355797
0.00659586
0.0164481
0.0308455
0.00403379
0.00437183
1.72486
0.00952211
1.60887
0.0589567
0.0205892
0.0403191
0.0250203
0.0311652
0.00963084
0.0193431
0.00681214
0.0227719
0.0372611
0.0286659
0.0189806
0.00995014
0.0072395
0.00774497
0.0170569
0.116565
0.0123281
0.0159422
0.0109845
0.00540492
0.0256565
0.0313414
0.0111957
0.017748
0.0357188
0.0267197
0.00383172
0.00435515
0.0188689
0.00490007
0.0159622
0.0212163
0.00964477
0.0300132
0.0255083
0.0364376
0.00961573
0.0232736
0.0104963
0.0177988
0.0116137
0.0193085
0.0105004
0.0478888
0.037943
0.0110943
0.0288349
0.0555675
0.0167335
0.0263188
0.0403578
0.0283886
0.23777
0.0124327
0.0368306
0.0122619
0.0146426
0.249215
0.0116623
0.144732
0.0718717
0.0274169
0.0305408
0.00734245
0.0171435
0.0162411
0.0670988
0.0212071
0.0487732
0.0151504
0.00394251
0.0141609
1.61704
0.0137245
0.0183981
0.0173851
0.00342511
0.0199394
0.0384755
0.0119686
0.007961
0.0174235
0.0806631
0.0170002
0.0282765
0.0186317
0.0725869
0.0474631
0.00958058
0.0063018
0.0541396
0.00393259
0.0218862
0.0132176
0.00808894
0.00682348
0.037975
0.0408492
0.00730789
0.0106514
0.471551
1.11297
0.00932948
0.0111145
0.0139863
0.0078849
0.026988
0.00520595
0.0103169
0.0142089
0.0511144
0.00241448
0.0417213
0.012857
0.041039
0.0606032
0.358261
0.0134158
0.0190439
0.0259305
0.025344
0.0608277
0.863838
0.0424697
0.0219258
0.0147193
0.00932213
0.0154002
0.127636
0.0238931
0.0114485
0.0237648
0.00995161
0.0479604
0.0433888
0.0117007
0.858411
0.0403911
0.033715
0.007913
0.0174686
0.183213
0.0290669
0.00712552
0.0198583
0.0188118
0.0172335
0.00817403
0.00753599
0.00786257
0.0184587
0.00953455
0.0112546
3.47141
0.126659
0.0778074
0.00789518
0.00550604
0.0746966
2.24936
0.0602894
0.01779
0.00765159
0.0230006
0.0371531
0.0139499
0.0107829
0.016398
0.0144722
0.0209905
0.0265277
0.115397
0.0299831
0.023973
0.029091
0.0430029
0.0344799
0.0710391
0.00619481
0.0174567
0.0289018
0.0250524
0.044698
0.217004
0.0132697
0.0278025
0.0143048
0.0129484
0.346586
0.00510624
1.29694
0.02312
0.0810147
0.0110511
0.0242197
0.0690331
0.0078824
0.00991112
0.0275253
0.0170648
0.0542753
0.00322806
0.0579416
0.0160184
0.00672062
0.0541526
0.0237675
0.013001
0.00526898
0.0217615
0.0318886
0.0127797
0.0458759
0.0146516
0.0135694
0.100968
0.0284412
0.0153796
0.00249566
0.00971402
0.0220711
0.0570219
0.0562356
0.0298145
0.0194073
0.00559101
0.0441319
0.0123581
0.00874834
0.087228
0.0149642
0.138709
0.0288108
0.0108509
0.0102502
0.00743196
0.0338529
0.0223314
0.00487051
0.00982536
0.0111093
0.0289381
0.0382056
0.0109316
0.00785397
0.0173345
0.0136939
0.0232598
0.0151387
0.0282436
0.0287669
0.00507278
0.0212269
0.0197886
0.015814
0.0167854
0.0288434
0.0299414
0.0613526
0.0335867
0.0352368
1.19393
0.00759866
0.0244815
0.0187791
0.0185326
0.0347511
0.0478412
0.0219275
0.0220766
0.0137343
0.0169872
0.0653413
0.0753422
0.0198753
0.0397763
0.0531397
0.00783544
0.0913348
0.0174361
0.0691986
0.0254267
0.480728
0.0314357
0.00772513
2.85342
0.0607065
0.0434231
0.0106786
0.0101805
0.0436915
0.0593071
0.00676142
2.57736
0.028324
0.0966694
0.0346409
0.0167783
0.0246207
0.0530775
0.53812
0.246739
0.00771523
0.041842
0.0163106
0.0298188
0.15123
0.00856612
0.335829
0.0173984
0.0233913
0.0431877
0.0212925
0.021115
0.0168195
0.0946455
0.034555
0.597491
0.0253858
0.198763
0.0721956
0.0206162
0.0512134
0.0125175
0.38309
0.00367889
0.0243232
0.497502
0.0237898
0.153388
0.0134864
0.0569161
0.0257673
0.00862366
0.0243118
0.00959511
0.0368534
0.160666
0.0348845
1.83034
0.134163
0.0337843
0.0500848
1.06995
0.0126606
0.0401466
0.00758813
0.0126944
0.0214347
0.0438274
0.0117044
0.0095402
0.0494483
0.0946942
0.0155541
0.00466001
0.00867564
0.252773
0.0551076
0.0573987
0.0285158
0.308962
0.00902898
0.249616
0.0291758
0.0205929
0.195747
0.00751669
0.0872171
0.0543951
0.0660834
0.0432441
0.014464
0.241666
0.00495886
0.0320658
0.0359159
0.0692748
0.0392341
0.0851326
0.0118105
0.00971301
0.0772928
0.01383
0.056278
0.0147914
0.0150957
0.0336278
0.0409243
0.205062
0.20065
0.029222
0.0446496
1.72619
0.321289
0.0152022
0.0136334
0.0121426
0.0171856
0.00986566
0.0172907
0.00850367
0.0172792
0.020496
0.00941867
0.00853301
0.0174727
0.0231449
0.0471335
0.0206701
0.020967
0.710723
0.00593058
0.0681243
0.0261962
0.0357443
0.0152192
0.00879188
0.0192518
0.0295215
0.0284374
0.00770421
0.374126
0.00906843
0.00831211
0.0338886
0.0397806
0.025982
0.193289
0.0162966
0.0120745
0.00668813
0.0169113
0.0510941
0.0216919
0.0712636
0.0337674
0.00559578
0.178832
0.0162169
0.169946
0.0459963
0.0244435
0.043105
0.00861662
0.0312999
0.0197986
0.00393168
0.00435331
0.061339
0.0225958
0.0106257
0.00416785
0.0874779
0.0150936
0.0249159
0.0120824
0.00935532
0.0308911
0.0270244
0.0373967
0.510263
4.41047
0.0470334
0.350994
0.0119902
0.0131494
1.63515
0.0159186
0.368698
0.0166618
0.0252682
0.0241393
0.890321
0.947827
0.00974715
0.184945
1.32307
0.0134787
0.0288528
2.30145
0.0543591
0.017407
0.00895003
0.068139
0.388398
0.707885
0.614576
0.0483882
0.0330618
0.046594
0.0427926
0.0263251
0.0695283
1.01235
0.482843
1.85129
0.837262
0.382212
0.611477
0.736352
3.05188
0.0348345
0.536828
0.00400557
0.148464
3.58945
0.0330634
0.613218
0.029372
0.0265371
0.0566968
0.0391041
0.0551963
0.0409556
0.0119437
0.00736586
0.0182425
0.0555403
0.0187995
0.0250957
0.0149191
0.0113863
0.0253855
0.00515829
0.0092703
0.0313335
0.0175246
0.0151775
0.0130143
0.0475561
0.00664686
0.00650536
0.0307764
0.0225822
0.0272491
0.0257758
0.0191061
0.0677413
0.0159947
0.0188068
0.031144
0.0166113
0.0171982
0.0202563
0.0175509
0.0409668
0.0388682
0.0161162
0.0127955
0.025005
0.546785
0.0319583
0.040889
0.0307988
0.059449
0.170593
0.104659
0.0348989
0.0416031
0.082274
0.00283746
0.034216
0.0801133
0.0259281
0.0186017
0.111649
0.0243931
0.00566793
0.0548355
0.0485998
0.0124934
0.0188846
0.0485892
0.0516736
0.0539189
0.0168417
0.00670721
0.0202855
0.0191142
0.232995
0.0330635
0.0233338
0.613245
0.0227724
0.00610268
0.0175255
0.00614391
0.00905199
0.0200538
0.481101
0.00950564
0.0246209
0.0267007
0.0534588
0.00778881
0.0140771
0.0136797
0.0351678
0.0258581
0.00951793
0.0325598
1.12753
0.0107055
0.0327226
0.0236588
0.0133838
0.00579424
0.0116758
0.010949
0.0509864
0.0472329
0.0499975
0.0357615
0.0256369
0.0381684
0.0139456
0.0710611
0.0147958
0.00940713
0.0168253
0.0532543
0.0160588
0.0131792
0.0182888
0.00562653
0.0641051
0.0253572
0.00427951
0.01806
0.169458
1.37656
0.0336467
0.0275767
0.00863097
0.0266636
0.0281142
0.0219067
0.0143099
0.032539
0.0292866
0.0219061
0.0179259
0.00552991
0.00960255
0.0158979
0.00710175
0.00823757
0.00940562
0.941413
0.00751869
0.0227139
0.0281961
0.0156068
0.0189902
0.0196338
0.036873
1.74927
0.0237612
0.0157637
0.0816752
0.0540406
0.0336742
0.0112593
0.188725
0.0115114
0.0255731
0.0291641
0.0266409
0.0106072
0.430597
0.0549638
0.00541804
0.756091
0.0151307
0.0235478
0.0222483
0.0465247
3.28419
1.85893
0.00940122
0.310072
0.595746
0.971074
0.0276956
0.0264089
0.0383629
0.0104408
0.032849
0.0281111
1.37949
0.029428
0.051351
0.0164478
0.170674
0.00565061
0.00587392
0.025592
0.0230409
0.459925
0.0474883
1.79079
0.0201244
0.0166458
0.0303856
0.0312502
1.11004
0.0447561
0.0209232
0.0241918
0.0494046
0.0439853
0.0229729
0.0827671
0.621557
0.390385
0.0266132
0.0448506
0.0126578
0.0112138
0.00341369
0.0232794
0.027711
0.0229643
0.0646238
0.0075397
0.0378693
0.0662573
0.0228626
0.0270008
0.00285578
0.0128376
0.0519938
0.0149394
0.0112318
0.355929
0.261894
0.200524
0.0147084
0.00619192
0.0340991
0.0118207
0.00986138
0.0286566
0.019737
0.0891264
0.0091908
0.068759
0.616379
0.0319645
0.0373098
0.0161161
0.0174691
0.124455
0.0145247
0.0234566
0.0115278
0.0140696
0.00934594
0.0158799
0.0368484
0.0114495
0.0659773
0.0270078
0.0335211
0.0481643
0.0737548
0.0321902
0.0153224
0.277276
0.0669624
0.0325907
0.0236669
0.0471583
0.0024391
0.0144443
0.0258613
0.0138476
0.0110517
0.0266067
0.0386125
0.0123722
0.0480685
0.13317
0.0438433
0.0644888
0.0115104
0.0523082
0.00444434
0.0127947
0.00774383
0.0197573
0.0150361
0.034519
0.0121379
0.0304565
0.0274479
0.0229276
0.0629471
0.0227721
0.0146864
0.0454644
0.00676383
0.0134025
0.017122
0.0206322
0.0530317
0.0381861
0.0211516
0.023483
0.175018
0.00985219
0.0360263
0.022034
0.0220896
0.043724
0.0577465
0.0422983
0.0402304
0.00762565
0.0522164
0.0271593
0.0618609
0.00768664
0.0571216
0.0392953
0.0215104
0.0664692
0.0461407
0.0138508
0.0345387
0.00479841
0.01369
0.00449255
0.0244983
0.0267508
0.0684856
0.060012
0.0291197
0.060382
0.0340226
1.13895
0.00520298
0.0210334
0.0294144
0.0544022
0.00917936
0.0356287
0.0521739
0.0241991
0.0154235
0.0235018
0.04686
0.0345705
0.0141312
0.00553646
0.0164843
0.0840106
0.0331707
0.0138786
0.0152691
0.0560746
0.0114727
0.0149937
0.0270063
0.0138717
0.00993013
0.0277514
0.00509279
0.0546739
0.0573037
0.0588869
0.013852
0.0629213
0.0266674
0.00544585
0.0233737
0.0260939
0.0403108
0.0306371
0.0214848
0.00785004
0.0134891
0.0446458
0.0359305
0.0232883
0.0283534
0.00854535
0.0130755
0.0141807
0.0229219
0.0212614
0.0213264
0.00662051
0.00633613
0.0444725
0.0368802
0.0049597
0.0173013
0.00580211
0.0207397
0.0110915
0.042382
0.0209694
0.0208748
0.0125474
0.00976257
0.0299762
0.0281404
0.0067669
0.00493456
0.0126184
0.00399147
0.0195524
0.0108469
0.0126644
0.0303559
0.0195721
0.0115032
0.014124
0.00816406
0.0169089
0.0271781
0.00460141
0.00743584
0.0181705
0.00936187
0.00962849
0.0285077
0.0181814
0.0451402
0.0188436
0.0694667
0.0107192
0.0124728
0.00801486
0.0104311
0.0178925
0.0344028
0.00862218
0.0645465
0.00553035
0.0210778
0.0155901
0.018683
0.00556322
0.0320549
0.0227621
0.00554281
0.00716716
0.0134221
0.0149118
0.00910411
0.0159491
0.0663749
0.034574
0.0115477
0.015135
0.013055
0.0115434
0.0259192
0.0500805
1.03355
0.00533509
1.2733
0.0832081
0.0184802
0.0289825
0.0215218
0.0154566
0.0243634
0.0693409
0.0189297
0.0357685
0.0290776
0.0616858
0.0336017
0.0541624
0.137048
0.0138148
0.0386792
0.00945442
0.0314929
0.0381336
0.0395646
0.0473082
0.026663
0.0341772
0.0348444
0.0153768
0.0279964
0.0226922
0.0527484
0.0258468
0.0801738
0.0458794
0.0458949
0.0423407
0.0591742
0.0219376
0.0471192
0.0119156
0.023274
0.0263919
0.0361274
0.029594
0.0863507
0.017199
0.0238822
0.0250714
0.00876664
0.0142455
0.0315909
0.0329886
0.0592915
0.0151491
0.0114328
0.0152153
0.0253748
0.0137701
0.0106333
0.0359066
0.0710691
0.0855886
0.0314179
0.10239
0.0219571
0.0132229
0.0274318
0.0289395
0.0157701
0.0222918
3.0219
0.0409626
0.0463743
0.023913
0.0164948
0.0336308
0.0230386
0.0342941
0.0609419
0.0100918
0.0158826
0.0113246
0.0960035
0.0428713
0.0208242
0.0417368
0.031596
0.0233453
0.0281717
0.177499
0.0245651
0.0312433
0.0114288
0.0705113
0.0129767
0.0723623
0.0281523
0.00988158
0.0791637
0.117778
0.0253003
0.0245432
0.0162558
0.0407784
0.0226337
0.146845
0.0749624
0.03175
0.0240436
0.0170186
0.0265146
0.0278684
0.0481356
0.0168719
0.0474151
0.0225089
0.0167362
0.0405175
0.0196644
0.010743
0.0109116
0.0289953
0.0130258
0.0140985
0.117025
0.0355365
0.0204704
0.0304524
0.0556889
0.00907093
0.0330084
0.0187626
0.0485934
0.0869342
0.0653307
0.10042
0.0986027
0.0378497
0.161353
0.013598
0.0463158
0.0271969
0.0183043
0.0222503
0.0171775
0.0349721
0.0565019
0.0301722
0.0459012
0.0373524
0.117313
0.0191688
0.0076896
0.0226697
0.0289605
0.0184688
0.0220776
0.00772401
0.0289955
0.0118255
0.0608308
0.114054
0.0107022
0.0174117
0.0134904
0.0569669
0.0222054
0.0165182
0.0413041
0.0590828
0.0439522
0.0141258
1.342
0.0649768
0.0602291
0.0160394
0.0312051
0.0181256
0.0183053
0.0224643
1.30399
0.362709
1.70944
0.0431891
0.0132858
0.0673064
0.07399
0.0380378
0.023504
0.00565686
0.141956
0.0239971
0.0325103
0.108724
0.00546121
0.184148
0.0250133
0.0165762
0.00517899
1.25961
0.0044805
3.84175
0.284737
1.09702
0.0141369
0.391994
0.0112887
0.0129204
0.0605125
0.0448377
0.0841136
0.016018
0.0978585
0.0323701
0.00466296
0.0130526
0.0182468
0.0129661
0.0339859
1.9957
0.0105118
0.0744763
0.0910441
0.0091712
0.0136347
0.0125125
0.328881
0.0508065
0.0205113
0.0194744
0.0252085
0.644473
0.00721642
2.12773
1.87169
0.659779
1.97584
2.21737
0.798998
0.0533481
0.0853481
0.00708321
0.508735
0.0115086
0.0562929
0.0170553
0.0207508
0.0176372
0.162767
0.0409793
0.0365668
0.0829138
0.0996527
0.108736
0.117884
0.0131489
0.0126649
0.323192
0.0163906
0.109887
0.0515231
0.287018
0.0308208
0.0153571
0.00555402
0.0230547
0.0115464
0.0943901
0.00718423
0.101246
0.0328078
0.0412152
0.0265648
3.16854
0.101514
0.0250339
0.0474403
0.0181103
0.0319634
1.72113
0.0278357
0.0413157
0.014294
0.0993218
0.0203524
0.0158168
0.105659
0.0490359
0.0243726
0.0211856
0.0376019
0.0320815
0.0192972
0.0181355
0.0146344
0.0229187
0.0305408
0.0131123
0.0362186
0.0907518
0.0695033
0.0318659
0.0337402
0.0237393
0.0214918
0.00651059
0.00267205
0.0288919
0.033124
0.0454987
0.0341031
0.00932029
0.0399463
0.017979
0.0521235
0.0313425
0.00496427
0.0141031
0.139092
0.0178955
0.0410163
0.34629
0.585439
0.113562
0.0230725
0.871297
0.0237905
0.0244298
0.0167738
1.60221
0.0134363
0.0138007
0.0246325
0.410972
0.0244548
0.0343267
0.0266499
0.0106606
0.00516916
0.0186966
0.109914
0.0115254
0.0132479
0.0254701
0.0379726
0.00793532
0.16014
0.314681
0.0187251
0.0381059
0.0494625
0.0153653
0.0468089
0.0193789
0.0109762
1.13977
0.0225065
0.0187561
0.0108654
2.44569
0.324698
0.158421
0.0388094
0.00873937
0.736522
0.077357
1.26103
0.393093
1.82013
0.56311
0.052626
0.726777
0.10915
0.0128324
0.14755
0.0361351
0.0334868
0.0629349
0.0546323
0.0323154
0.037385
0.0194928
0.0162454
0.0542522
0.00408538
0.0201589
0.0504291
0.0346302
0.0694034
0.00397168
0.00617392
0.0214025
0.023571
0.268826
0.0378658
0.213031
0.882289
0.0320205
0.0314982
0.0243132
0.0124128
0.0425012
0.0362701
0.0167376
0.0387654
0.0371568
0.0113086
0.0374636
0.0112524
0.00648311
0.013798
0.0561125
0.0208403
0.0361272
0.00900524
0.0314705
0.0256714
0.0770928
0.294341
0.061601
0.236131
0.176907
0.0328388
0.273529
0.0309421
0.0500007
0.0246399
0.048236
0.33568
0.0213266
0.0675036
0.0286626
0.0172143
0.00854107
0.016602
0.0160205
0.00890015
0.0278269
0.00920508
0.0279422
0.0428993
0.0220457
0.0235841
0.0173694
0.0317211
0.043269
0.053569
0.0942838
0.101358
0.278219
0.0366459
0.0374482
0.454289
0.126601
0.377546
0.0126864
0.0674227
0.429934
0.862269
1.85196
0.419691
0.0235197
0.0848133
0.0637929
0.215029
1.46969
0.0627193
0.0172532
0.0963162
0.0500362
0.467908
0.557653
0.586245
0.14904
0.0545968
0.0133493
0.0362625
0.0317529
0.0241828
0.259787
0.034911
0.0807861
0.0474036
0.0656439
0.0139677
0.329904
0.0545965
0.00564055
0.0156503
0.00469972
0.0147523
0.0222269
0.0135176
0.0134403
0.044633
0.0642234
0.026816
0.00871691
0.0231979
0.0287027
0.0386874
0.0156736
0.0368123
0.0188695
0.091066
0.0509889
0.0223722
0.0349202
0.591988
0.00742392
0.0109098
0.00824411
0.041758
0.00988223
0.0571818
0.00918555
0.0194426
0.02614
0.0217812
0.0118027
0.0280488
0.0138466
0.0147371
0.133504
0.11117
2.51135
0.0350658
0.375343
0.161949
0.393855
0.515838
0.0174283
0.0197527
0.0720393
0.0308158
0.106423
0.0233311
0.896759
0.342115
0.270188
0.0170362
0.0735756
0.367673
0.798963
0.0207115
1.27518
0.0422911
0.0180871
0.372042
0.396322
0.652058
0.160091
0.0480736
0.344358
0.0259701
0.0699131
1.29759
0.127561
0.157463
0.0107764
0.0140017
0.0237334
0.0056228
0.00455712
0.0174224
0.0214143
0.0266283
1.2804
0.027978
0.00927415
0.672474
0.00450841
0.0268843
0.00329746
0.0109678
0.00419747
0.0251678
0.0436893
0.00549379
3.00938
0.0177607
0.0101206
0.0120494
0.0448098
0.0109691
0.113513
0.017477
0.00887821
0.0203888
0.357258
0.0372172
0.0664088
0.212072
0.157588
0.0152279
0.177565
0.27858
0.0247816
0.0599826
0.0407275
0.0327841
0.1371
0.00892635
0.0208669
0.0323184
0.022725
0.0562005
0.368194
0.0331956
0.128683
0.0566882
0.00960423
0.102927
0.0214397
1.06797
0.084363
0.184396
0.0574876
0.174973
1.11571
0.0318514
0.0249031
1.89937
0.0141406
0.0390172
0.0164704
0.0154953
0.0284815
0.078161
0.105076
0.116296
0.59359
0.0295962
0.011877
0.0292266
0.0128252
0.216259
0.079975
0.743568
0.0262865
1.24657
4.21993
0.069045
0.167945
0.01034
0.0371069
0.0202552
0.0468742
0.0179171
0.235542
0.0235453
0.0284246
0.0269981
0.678184
1.20962
0.00636239
0.0103079
0.00705748
0.0155334
0.0448495
0.0290747
0.321339
0.0157382
0.56892
0.515392
1.16225
0.0617616
0.276899
0.0244153
0.348198
0.0499403
0.0230168
0.133145
0.110038
0.228281
0.0465362
0.515452
0.0240918
0.041541
0.0038304
0.615056
0.0359458
0.491944
0.367327
0.0182497
1.13305
0.0129528
0.103951
0.00802519
0.0339204
0.0143605
0.0391918
0.012515
0.0771055
0.0360474
0.00903267
0.114038
0.0524909
0.096941
0.0177567
0.0208838
0.0803327
0.0312927
0.0596207
0.0333859
0.197579
0.0279349
0.297757
0.031126
0.0399975
0.0138064
0.0307167
0.0258
0.0623855
0.0400966
0.0649283
0.0222198
0.0105425
0.0170572
0.018036
0.0800915
0.0250228
0.058164
0.0130198
0.00464375
0.0416584
0.00896864
0.0576512
0.0717599
0.00817367
0.0545259
1.34523
0.685059
0.0836714
0.0860665
0.00865237
0.0244928
0.109969
0.0722813
0.0951225
0.0121424
0.029477
0.057861
0.0273623
0.0325886
0.021915
0.0229136
1.26767
0.00631699
0.0244509
0.042985
0.0108772
0.00476458
0.0117054
0.00700486
0.0273415
0.0257696
0.0359125
0.0281127
0.0799496
0.0209889
0.0183499
0.044654
0.0840441
0.0556311
0.049925
0.0126336
0.0119927
5.19089
0.0352396
0.0040948
0.113981
0.0314201
0.0270775
0.0223551
0.0711855
0.0212843
0.00996231
0.0112145
0.0917582
0.0477841
0.0335897
0.0125652
0.0196909
0.0406557
0.0344276
0.00952324
0.044533
0.0399913
0.00779001
0.0188793
0.0149183
0.0193516
0.0115865
0.059856
0.0157548
0.0312514
0.0154917
0.0549728
0.0459924
0.0218488
0.0401253
0.00635947
0.010568
0.0613764
0.0742441
0.0500205
0.0160783
0.0388112
0.0892413
0.063199
0.00439997
0.0529395
0.030416
0.00591442
0.0149413
0.0193404
0.0318028
0.00810122
0.071222
0.0100455
0.0273393
0.0223109
0.0529406
0.0274657
0.0149671
0.0166963
0.786628
0.115119
0.0561632
0.0118969
0.0268824
0.022899
0.0056484
0.00933663
0.00655756
0.0216953
0.026607
0.0242425
0.0097519
0.0404867
0.0430798
0.0160119
0.0207083
0.0726043
0.015757
0.0145384
0.00566083
0.0331849
0.0483828
0.0459318
0.0309608
0.00405022
0.048515
0.00670049
0.00893184
0.0519904
0.0409324
0.0140629
0.0269086
0.0328318
0.0104743
0.0186516
0.0110961
0.0121727
0.00818337
0.0521823
0.0275746
0.0184802
0.0134479
0.00192896
0.00763793
0.0276154
0.0128003
0.0395071
0.0094618
0.0443376
0.0617334
0.0199363
0.0295277
0.02684
0.0160292
0.00729589
0.00622262
0.0100249
0.00838737
0.032033
0.0147842
0.0299167
0.00882061
0.00697513
0.0120897
0.00754377
0.00948076
0.0048923
0.00243777
0.0127911
0.0103398
0.0160346
0.0828432
0.0255704
0.0285598
0.0203529
0.51662
0.265475
0.00899619
0.00949076
0.013782
0.00403189
0.0182671
1.52011
0.0171273
0.0121481
0.0362095
0.0349673
0.0133241
0.0104629
0.0190422
0.00577474
0.0260893
0.00917829
0.0844657
0.00708022
0.017049
0.0231906
0.02812
0.0162056
0.0378874
0.0324566
0.0321788
0.0198182
0.0299714
0.0342999
0.0203147
0.0106927
0.00218695
0.0242575
0.0335533
0.0733952
0.021389
0.0233061
0.012725
0.0263484
0.0186443
0.0512058
0.011351
0.0121567
0.0132722
0.0170312
0.0307644
0.641783
0.791947
0.0278942
0.071452
0.00994891
0.0135329
0.0160186
2.78235
1.35746
0.187451
1.49598
0.0153172
0.0222863
0.0275489
0.0675035
0.0142599
0.0330136
0.701415
0.807418
0.283851
1.39858
0.476754
0.778172
1.04165
1.61824
0.454952
1.04012
0.084021
0.298526
0.638551
0.321015
0.0117328
0.676092
0.0398472
0.0592286
0.0601305
0.310021
0.576633
0.146923
0.0336118
0.0541292
0.1707
0.0248294
0.0132832
0.00415708
0.0373261
0.0425492
0.0181593
0.00636701
0.0431479
0.0205423
0.0221154
0.0333593
0.0374801
0.0133217
0.968479
1.86616
1.43984
0.125773
0.0303924
0.00793416
0.0615016
0.0175525
0.0114475
0.0182353
0.232306
0.025422
0.0606761
0.0210463
0.00828412
1.70799
3.02692
0.0676204
0.0163261
0.0391363
0.0175411
0.0921966
0.00882537
0.0188564
0.00369026
0.00714913
0.0093285
0.0561708
0.0210457
0.0289591
0.00283313
0.016358
0.00555133
0.0264469
0.0249864
0.010118
0.0119102
0.430192
0.0095449
0.00691318
0.0569074
0.0146527
0.0127077
0.0192246
0.706013
0.0367144
0.0110899
0.897622
0.346844
0.0168906
0.889965
0.606162
0.00441671
0.00507568
0.314198
0.0147179
0.0147185
0.144886
0.0204516
0.00963677
0.248635
0.0123199
0.0213219
0.291572
0.108628
0.0744042
0.0187151
0.00821848
0.022002
0.0189404
0.0115796
0.0171034
0.666868
0.0174277
0.0266133
0.0203743
0.0301824
0.0213499
1.22131
0.0104526
0.904816
0.0673614
0.0147794
0.0149537
0.0277209
0.0191289
0.0109551
0.152586
0.183811
0.00415849
0.0365288
0.116557
0.0456948
0.295278
0.119547
0.0328196
0.0100968
0.477507
0.0235942
0.613326
0.0340994
0.140691
0.76534
0.439579
1.89439
0.295499
0.0439794
0.0435407
0.0947545
2.42674
1.57202
0.0119171
0.079878
0.0221722
0.00857824
0.104501
0.171877
0.300049
0.0243713
0.0113617
0.0217895
0.743234
0.014853
0.333086
0.0432784
0.495361
2.8497
0.017875
0.00449053
0.0969126
0.0572451
0.0038693
0.229536
0.0257114
0.0073097
0.205369
0.00814593
1.66862
0.0130284
0.239408
0.111882
0.0621408
0.289658
0.321843
0.0118461
0.791467
0.0331724
4.76138
0.161337
0.0229968
0.0127703
1.37017
0.42469
0.00645129
4.61742
1.9487
0.724991
0.0164893
0.2462
0.0140188
0.519136
0.991102
0.243337
2.38523
1.83945
0.318961
0.659774
0.367242
0.745124
0.0244981
0.340129
0.015415
0.66741
0.00686285
0.057366
0.0476902
0.00974304
0.138713
0.0145858
0.00530415
0.025261
0.0540805
1.17632
0.382653
0.0181355
0.312603
0.0122898
0.0268267
0.0979893
0.0973323
0.00728084
0.010692
0.0224197
0.364546
0.0366538
0.00436925
0.0715538
0.0128206
0.317694
0.0335847
0.0174119
0.0395013
0.0468332
0.055675
0.0795343
0.104813
0.0924268
0.0296967
0.0231151
0.333872
0.0330612
0.0208549
0.0572854
0.0163692
0.00686567
0.00644011
0.0133367
0.0258986
0.0630656
0.0266908
0.0286286
0.0268274
0.0605102
0.0836342
0.0276248
0.0188898
0.222364
0.00185002
0.0254067
0.0177196
0.00866004
0.00795653
0.0277061
0.038495
0.0314542
0.0219195
0.0398635
0.027669
0.021623
0.00844334
0.412359
0.0238682
0.0191967
0.0115795
0.0163579
0.0102714
1.2815
0.0338772
0.479148
0.747347
3.10145
0.0412473
0.265079
0.013181
0.0163099
0.0523509
0.0533565
0.0202785
0.715678
0.0252184
0.0279623
0.00599039
0.423657
1.33745
0.021801
0.00576492
0.232567
0.0122144
2.5458
0.0107598
0.121448
0.229749
0.0658872
0.0138188
0.273554
0.0104586
0.119929
0.0154877
0.0313084
0.0299522
0.0327846
0.0116231
0.283222
0.0827723
0.0200411
0.0351872
0.170778
0.00663254
0.0120966
0.156244
0.0179364
0.009333
0.022617
0.319513
0.0323459
0.340805
0.0387535
0.0300862
0.0498975
0.0148105
0.0240444
0.0191505
0.052694
0.0753934
0.16718
0.0679713
0.0151532
0.042275
0.0557678
0.00654292
0.0325301
0.815574
1.34919
0.533229
0.00601592
0.0118714
0.617955
0.00609509
0.154583
0.716157
0.0395186
0.101199
0.0212119
0.0631697
0.0252765
0.0262834
1.88157
0.0359158
1.26987
0.0378904
0.00919705
0.568292
0.00820508
0.0129549
0.364459
0.0545204
0.0618359
0.0374246
1.17004
0.0112474
0.0162478
0.0258701
2.32756
0.0190763
0.543594
0.0168879
0.0673213
0.0201128
0.0207101
0.03475
0.391664
0.0428653
0.125382
0.0296226
0.0303754
0.00503801
1.49287
0.189552
0.0482066
0.00357498
0.100648
0.0138634
0.112328
0.397824
0.0592752
0.031273
0.274275
0.0155361
0.0566991
0.0108676
0.35804
0.148286
0.127227
0.00854232
0.0148076
0.0582159
0.0256476
0.0640896
0.0203592
0.238878
0.0947764
0.0458915
0.0241403
0.00819138
0.0295302
0.0223134
1.98445
0.0788315
0.699998
0.00872885
0.10015
0.0336352
0.400136
0.0164064
0.0119507
0.00894254
1.27302
0.346774
0.0405469
0.00957335
0.0628192
0.750718
0.254772
1.05983
0.013317
0.0864295
0.0370036
0.0379331
0.0657703
0.0270789
0.018229
0.0316643
0.660634
0.465167
0.0232047
0.418786
0.0364824
0.0822466
0.0184415
0.0623032
0.0192619
0.0158371
0.02699
0.628209
0.406274
0.525492
0.294466
0.0399508
0.0252958
0.0338004
0.861971
0.00487838
0.0408131
0.0171823
0.064123
0.0122553
0.00929858
0.0316614
0.00771227
0.0105841
0.0155286
0.649861
0.614582
0.0110393
0.0126665
4.51273
0.0255139
0.13115
1.23205
0.0173313
0.31522
1.82853
0.035771
0.508283
0.205502
0.152479
0.0256951
0.0627167
0.01998
0.0118157
0.0122204
0.0744587
0.110605
1.24805
0.122249
1.85411
0.00724861
0.024946
0.0321023
0.0582281
0.183084
0.115641
0.0311256
0.0179435
0.714128
0.0688194
1.07714
0.00809611
0.380399
0.0218694
0.18368
0.0373519
0.0103209
0.12609
0.0332076
2.17715
0.0883537
0.219167
1.38277
0.0469886
0.330069
0.00812493
0.102521
0.00871256
0.017941
0.344576
0.197596
0.0324252
0.00518689
0.0430331
0.167815
0.0245353
0.0446813
0.0926722
0.0816078
0.0185835
0.010787
0.0792344
0.181307
0.686252
0.0175138
0.0804458
0.0353114
0.0128766
0.84147
0.380347
0.0425139
0.019498
0.0667058
0.0229052
0.0597174
0.027478
0.028299
0.0090759
0.0292655
0.0178946
0.0645613
0.106575
0.529008
0.0543344
0.661812
0.573434
0.0127011
0.0247461
0.732257
0.955996
0.0662356
0.0352946
1.12387
0.266292
0.0232928
0.0413583
0.0102088
2.34915
0.0111124
0.0181859
0.00987888
1.11918
0.946861
0.0142243
0.0436791
0.0693388
0.0524484
0.544644
0.0221697
0.0132781
0.135432
0.0301942
0.125349
0.0584367
0.0130999
0.926061
0.0544169
0.025059
0.0758971
0.807797
0.0177733
1.0281
0.965523
0.580839
0.0458054
0.452284
0.38824
0.225905
3.3484
0.0574361
1.03627
0.568661
3.16251
0.025751
0.0171518
0.00624548
0.0295697
0.0202747
0.0524101
0.0158934
0.0203632
0.0134509
1.49323
0.650231
0.0125644
2.22445
0.0159989
0.0543957
0.0166335
0.0178054
1.52549
0.0580408
0.1205
0.315454
0.0148001
0.0847925
0.227651
0.0932846
0.405249
0.0360208
3.61594
0.0176703
0.13974
0.433621
1.93335
0.0301883
0.245079
0.0257695
0.0636818
0.273031
2.1192
0.206668
0.0958573
0.045483
0.0228908
0.0670796
0.499871
0.0212772
0.0121922
0.0408932
0.633815
0.0112531
0.0313972
0.220951
0.0208264
0.231975
0.0220538
1.49768
0.0649703
0.01816
0.0238603
0.0697352
0.052983
0.0443746
1.5207
0.0104165
0.0206693
0.0445807
0.0108633
0.0643439
0.0133857
0.0188905
0.0246792
0.0499767
0.0188619
0.00652876
0.0553937
0.00359401
0.0487892
0.873382
0.0143588
0.0687343
0.39537
0.0276283
0.857361
0.0474384
0.169769
0.0101141
0.0411507
0.0392668
0.0274763
0.00962747
0.0316281
0.00556552
0.0762357
0.039902
0.062362
0.016782
0.0773959
0.110656
0.0265929
0.445912
0.0830676
0.0140568
1.13458
3.2411
0.00621454
0.021433
0.104954
0.0238067
0.0311999
0.0441015
0.207193
0.0311902
0.0139902
0.085793
0.516926
0.00491952
0.111169
0.0351958
0.534382
0.312404
0.0306494
0.146089
0.00890504
0.0158036
0.0386745
0.166099
0.00489304
0.266114
0.0663738
0.0260738
0.126574
0.0491608
0.0386783
0.00194297
0.00788604
0.163534
0.0285803
0.194271
0.0461653
0.0226949
0.0272173
0.0219784
0.0283325
0.153492
0.0715577
0.0115202
0.280363
0.0539654
0.0511836
0.51339
0.0248992
0.00715789
0.122599
0.0352432
0.0139367
0.175837
0.0142652
0.0089264
0.0136013
0.020542
0.0459089
0.00751283
0.0237158
0.00631077
0.799506
0.0101493
0.0408623
0.0268502
0.227885
0.0744352
0.00828629
0.0145676
0.00632659
0.0226128
0.0188854
0.0241225
0.055374
0.014831
0.0727866
0.0155832
0.331405
0.0566018
0.0225794
0.0102877
0.0387906
0.101779
0.316009
0.0159325
0.0300818
0.341835
0.0100402
0.244983
0.019468
0.147286
0.0485696
0.126921
0.00950724
0.00599828
0.894943
0.420523
0.01648
0.0221964
0.0135033
0.0208544
0.887082
0.762903
0.0140885
0.0178345
0.0374579
0.29436
0.179357
0.0234211
0.0736348
0.0359189
0.00941546
0.0367143
0.00339845
0.0162502
0.0216844
0.0152072
0.0134901
0.0344862
0.0119164
0.0159722
0.0542191
0.0261119
0.00544149
0.0277979
0.00821074
0.0133304
0.0530024
0.013107
0.0132462
0.0120635
0.0321218
0.0259105
0.00842743
0.0102984
0.0375208
0.0259617
0.0133165
0.0145189
0.0259102
0.0120472
0.00877814
0.0193214
0.0316414
0.0213343
0.00918159
0.0173295
0.032119
0.0129756
0.0169573
0.019009
0.0113642
0.015775
0.66891
0.00262786
0.101675
0.0273858
0.0876854
0.578488
0.0429806
0.029483
0.0211976
0.0163045
0.802314
0.0155691
0.0158303
0.168145
0.651788
0.523568
0.00584796
0.0104033
0.0428764
0.0130987
0.0268501
0.0163447
0.00608494
0.0433796
0.0988264
0.0672649
0.00828264
0.0147975
0.0317568
0.154295
0.0134804
0.0286176
0.0207361
0.031698
0.00796815
0.0222918
0.847717
0.0349688
0.0192191
1.46532
0.0229045
0.031697
0.0125431
0.0581715
0.0323073
0.0251255
0.00653286
0.0352269
0.00530788
0.0520173
2.87628
0.0265633
0.0639545
0.0149072
1.15807
7.9728
0.0235388
0.0124344
0.0688228
0.0443821
0.0383126
0.0159606
0.894049
1.14399
0.0160008
0.0507493
1.05641
0.0227805
0.0207639
1.14057
0.0155392
0.00472673
0.00931784
0.0197058
1.01023
0.0136269
0.0209294
0.0102049
0.0171852
0.0175656
0.0622503
2.43259
0.532536
0.0254507
0.0352113
0.0106827
0.108489
0.0176187
0.0165328
0.0155954
0.286489
0.0271545
0.8875
0.0325723
0.0119369
0.00430087
0.0135163
0.0374125
0.013015
0.217419
0.0342647
0.0071649
0.0208725
0.0743641
0.144425
0.0059676
0.349862
0.056532
0.00567626
0.459457
0.0169647
0.00620197
0.0110725
0.0162558
0.0219272
0.105558
0.0443731
0.00635955
0.0436103
0.0155212
0.0313063
0.00554978
0.65456
0.0195453
0.247746
0.559994
0.00875929
0.322044
0.0226174
0.0124379
0.0360803
0.0454499
0.0265602
0.219283
0.901696
0.0192365
3.94629
0.0100276
0.0182569
0.0478323
0.0220853
0.018157
0.0788417
0.0186642
0.0316522
0.0049312
0.0188254
1.18475
0.0208271
0.0247837
0.0155223
0.0129642
0.792586
0.0164321
0.0950791
1.85339
0.0178093
0.0225734
0.0811498
0.509751
0.0214682
0.0178544
0.00717759
0.0327814
0.17566
0.0314195
1.12864
1.6355
0.0116974
0.081356
0.0122384
0.0371836
0.058298
0.0591443
0.00922909
0.0226411
0.0134887
0.207527
0.0150736
0.0985916
0.0659756
0.0346775
0.411591
0.147835
0.0180571
0.141544
0.0149316
0.0220714
0.0476958
0.0787159
0.0630572
0.0148983
0.0310037
0.0305175
4.57044
1.69307
1.32637
0.0161671
0.0639358
0.040089
0.04939
0.0506777
0.0282642
0.0154903
0.0221748
0.0283089
0.0311225
0.0409061
0.0565568
0.070892
0.120382
0.233886
0.204218
0.0581212
0.0791026
0.00995779
0.00305973
0.0320849
0.0397753
0.0556093
0.0249497
1.21888
0.0265802
0.0975974
0.10146
0.0502816
0.148801
0.0194812
0.0322857
0.0428671
0.0359925
0.0129146
0.0149488
0.0423493
0.0429497
0.0158094
0.0129579
0.0599974
0.035484
0.0134958
0.0280104
0.0431645
0.0254718
0.0536948
0.0313971
0.0238191
0.0438843
0.0248208
0.00979878
0.0194392
0.0512305
0.0234561
0.0277063
0.0472594
0.08939
0.0378774
0.0254678
0.0310264
0.028362
0.0426186
0.00653036
0.0628547
0.0166897
0.0507817
0.0185075
0.0210646
0.0352957
0.0159406
0.00342825
0.0353174
0.00173516
0.0131642
0.0184599
0.0137744
0.0207539
0.0286974
0.0467269
0.450103
0.0339102
0.0229748
0.00448263
0.0234532
0.00907545
0.00798736
0.029893
0.0239472
0.058185
0.0186375
0.0332042
0.0332632
0.0421303
0.010445
0.0269995
0.0161412
0.044428
0.0245355
0.0647722
0.013381
3.70293
0.0297442
0.00592634
0.0324969
0.0154137
0.026555
0.0191282
0.0366976
0.0223355
0.0197887
0.0195406
0.0198167
0.0107235
0.0142828
0.0215146
0.0991961
0.0130751
0.0183775
0.0128282
0.0155805
0.00404453
0.014171
0.0307098
0.0123606
0.0301515
0.0158246
0.0248518
0.0136541
0.0149178
0.0149109
0.0355302
0.0219477
0.0275831
0.0141799
0.0257493
0.0317921
0.0346608
0.0126311
0.0502853
0.0328443
0.0461183
0.729678
0.0591718
0.0175498
0.0068143
0.0154715
0.0316083
0.018312
0.0200485
0.0122772
0.0140201
0.0240551
0.00590606
0.0183443
0.0270289
0.0281141
0.0263328
0.0219487
0.0176886
0.00673061
0.0659894
0.0230828
0.0213668
0.00595807
0.120341
0.0177912
0.0259456
0.0183973
0.039641
0.0221671
0.0191513
0.0130928
0.0271018
0.708308
0.0229056
0.0268694
0.023356
0.00802261
0.0276946
0.0148479
0.0150595
0.0174924
0.0177233
0.011765
0.0138623
0.00862721
0.003351
0.0498922
0.0343006
0.00437358
0.0358342
0.0284405
0.0107566
0.0195945
0.0259087
0.0118752
0.00419593
1.2139
0.0151922
0.0193216
0.0307063
0.00750816
0.00534659
0.00671983
0.0256346
0.16842
0.0186089
0.0068786
0.0404995
0.659009
0.0380677
0.0486045
0.00687487
0.0129638
0.0414681
0.0236341
0.0340236
0.0156476
0.0281632
0.00504722
0.0116664
0.897914
0.037563
0.0108002
0.0147849
0.0355583
0.0169071
1.53146
0.0123187
0.0360807
0.0128539
0.0437808
0.00519264
0.0185006
0.0145912
0.0175974
0.215032
0.0214515
0.0052758
0.00432616
0.0227625
0.0019475
0.119154
0.0512451
0.020688
0.025233
0.00221856
0.0451905
0.00755624
0.00545015
0.147805
0.0345923
0.0101326
0.0112959
0.0348287
0.0303877
0.0197414
0.410792
0.0359814
0.00852545
0.016246
0.168429
0.00670914
0.0461576
0.0308275
0.0193008
0.0720331
0.0544735
0.013975
0.0499716
0.13122
0.0226443
0.0563048
0.0309544
0.423414
0.0079693
0.0267981
0.443889
0.0351491
0.0197778
0.0564593
0.0207404
0.0726813
0.0604814
0.357731
0.180326
0.0259115
0.102055
0.00883885
0.0109355
1.74419
0.163783
0.0504992
0.0240196
0.0485274
1.24365
0.0674931
0.00752509
0.0133301
0.036552
0.110989
0.444372
1.05459
0.100622
0.0469311
0.768875
0.0394317
0.0165639
0.04791
0.0668834
0.0170559
0.0267871
0.0545451
0.387712
0.226476
0.964097
0.455486
0.026069
0.0886375
0.00896534
0.187401
0.0338269
0.0177555
1.35103
0.0355416
0.191052
0.116155
0.780497
0.00493954
0.042553
0.243962
0.0337322
0.00647766
0.0150288
0.309523
0.0112006
0.0363246
0.0332584
0.0592526
0.435213
0.00631228
0.641431
0.0242702
0.0220247
0.0220705
0.0318778
1.05675
0.00547568
0.069122
0.035572
0.0144191
0.0362092
0.0120352
0.0247367
0.0520672
0.0396657
0.0175133
0.0311295
0.00648992
0.738168
1.22753
0.0402343
0.0182118
0.00758342
0.0190071
0.979222
0.0670695
0.0259782
0.0192496
0.0533067
0.0116148
0.206077
0.0158656
0.0312142
0.0180984
0.0237152
0.0548017
0.0379301
0.05871
0.00539193
0.0206234
0.0873982
0.032609
1.23201
0.0237443
0.0107116
0.182691
0.0253904
0.100682
0.0587049
0.0527672
0.0443038
0.0411895
0.0772825
0.00944704
0.0102904
0.00775673
0.0149477
0.0330726
0.0529157
0.0457089
0.102314
0.327057
0.0109496
0.029149
0.00947871
0.0367335
0.0431339
0.012998
0.0293791
0.0171649
0.0180889
0.0176863
0.0405848
0.0233749
0.264988
0.00568834
0.0456158
0.0171304
0.1078
0.302659
0.0367883
2.38369
0.0200088
0.0734491
0.93982
0.0331707
0.0238897
0.012107
0.0104317
0.123329
0.01049
0.0194982
0.0094727
0.0474435
0.105606
0.0090372
0.00313252
0.0623981
0.0160873
0.0493283
0.00615407
0.0510405
0.0333036
0.026377
0.0285833
0.0174619
0.0714182
0.083453
0.00624513
0.0239318
0.00475081
0.0229086
0.0514209
0.0093917
0.0174058
0.0140574
0.0267749
0.00421363
0.0610038
0.0488172
0.0170109
0.0156443
0.0408237
0.0525619
0.0113458
0.00518071
0.0175486
0.020007
0.0082356
0.701959
0.00621072
0.0212301
0.0232934
0.0287909
0.0150116
0.0241183
0.0561013
0.0186683
0.01409
0.0257393
0.0157552
0.0149238
0.0101048
0.014119
0.00941819
0.0366999
0.0119323
0.0181699
0.0193342
4.27924
1.7636
0.0134319
0.0172524
0.997031
0.122239
0.0839988
0.0167765
0.931582
0.0176232
0.351979
0.00905313
0.0252417
0.0144804
0.0287079
0.00784954
0.0653622
0.0234421
0.00519123
0.0309895
0.0076653
0.0126758
0.0147277
0.00166863
0.024164
0.00438071
0.00781575
0.00533545
0.0147314
0.0341502
0.0202335
0.00650792
0.0352763
0.0161413
0.0638099
0.0153697
0.00901743
0.014404
0.0183195
0.100437
0.0246062
0.00570077
0.817953
0.00918092
0.561978
0.0418542
0.01643
0.0337535
0.0084453
0.0409557
0.00810428
0.0149378
0.0272472
0.0147216
2.64557
0.0271634
0.0420567
0.694056
0.0111499
0.363832
0.037467
0.0107596
0.0567163
0.0118661
1.06417
0.00854625
0.0338732
0.0249794
0.0591063
0.0210209
0.0100174
3.5159
0.23886
0.0318079
0.0507431
0.0402361
0.00455245
0.0384492
0.0341014
1.50193
0.0457904
1.26177
0.0468267
0.0194717
0.00309219
0.00365329
0.0083823
0.0108869
0.0180285
0.0370951
0.0730894
0.0132039
0.0830919
0.00689186
0.00668021
0.0257845
0.00736176
0.0512105
0.894978
0.15884
0.565841
0.0272435
0.0172007
0.226646
0.0689385
0.0260409
0.0796725
0.0623153
0.0241597
0.0521689
0.015873
0.0323127
1.25773
0.0290109
0.321527
0.0253571
0.361747
0.107529
0.046801
0.0485841
0.00881961
0.0759121
0.0254098
0.0284147
0.029139
0.0899987
0.00808981
0.0170608
0.105059
0.01483
0.766792
0.0102721
2.43403
0.0262149
0.626494
0.0086163
0.0191026
0.00683144
0.968221
0.31707
0.0824246
0.139296
0.0273955
0.0234955
0.0677081
0.0186522
0.0764966
0.218717
0.0164981
0.0508383
0.0272949
0.0197405
0.067132
0.00377728
0.0204373
0.0341084
0.0124555
0.0214397
0.0134764
0.0163328
0.0150689
0.113473
0.0518948
0.00847038
0.329964
0.153229
0.00546351
1.95534
0.0317379
0.0299104
0.222884
0.00244078
0.0128924
0.0363936
0.02601
0.225544
0.0124612
0.0183292
0.00507943
2.70026
0.0894306
0.0129579
0.0264024
1.01011
0.0587712
0.398061
0.0326524
0.0149878
0.017781
1.55043
0.0297703
1.30091
0.011224
0.0735947
0.0118041
0.0368627
0.0361895
0.0101004
0.0351347
0.0827301
0.014919
0.00679327
1.04862
0.0143488
0.0259002
0.0816437
0.0171457
0.0134238
0.0292125
0.00778097
0.0447422
0.0479492
0.0266147
0.163868
0.0227717
0.0167659
0.0231222
0.706613
0.0742117
0.0998522
0.00754643
0.0116406
0.0201458
0.00844959
0.0150497
0.862267
0.0256588
0.0180719
5.04652
0.0146392
0.0182149
0.0149416
0.0118508
0.0147775
0.0302837
3.20679
0.00973209
0.0262627
0.0672374
0.0407789
0.0627091
0.0463196
0.0276495
0.104563
0.0385628
0.0705668
0.729153
0.00930163
0.0184376
0.0413185
0.00591153
0.0438429
0.0106575
0.00806026
0.0257613
0.0762571
0.0467448
0.0171356
0.023503
0.0511793
0.0885821
0.00577953
0.026848
0.0404577
0.0222205
0.503487
0.0319004
0.0189637
0.0753712
0.0113909
0.00831855
0.0198269
0.0213072
0.0302578
0.026043
1.02862
0.021213
0.0391032
0.0394778
0.0446119
0.00480495
0.0483214
0.0212043
0.0157088
0.0093722
0.0171537
0.0259924
0.0210483
0.0130008
0.00743318
0.647191
0.00841532
0.0561278
0.0618582
0.0692115
0.89913
0.0151935
0.00774149
0.0217149
0.0228062
0.0166481
0.0276189
0.0402257
0.0092575
0.0162283
0.0231394
1.16591
0.0316825
0.01002
0.00801617
0.052768
0.0280087
0.0954606
0.0501002
0.0043722
0.0326341
0.0166874
0.0111367
0.00375277
0.00987486
0.0502395
0.0269786
0.012827
0.0199853
0.00495587
0.015159
0.00899437
0.0449098
0.0406651
0.0358013
0.00682599
0.01222
0.00370016
0.0300337
0.0793226
0.0687356
0.00795571
0.0063515
0.0221055
0.00898863
0.00540116
0.0323998
0.0260289
0.97729
0.00759197
0.0303944
0.0135694
0.0279697
0.011787
0.0316034
0.0171965
0.00992103
0.0191005
0.0170488
0.0199905
0.0106329
0.0466911
0.0263144
0.0082395
0.0211477
0.0151302
0.0227247
0.0278725
0.0140051
0.0225429
0.0306651
0.0261118
0.0992528
0.00572876
0.00569265
0.0161608
0.0131713
0.0512431
0.0167058
0.0393691
0.0225824
0.0355971
0.0169462
0.0544359
0.0625035
0.0339928
0.0210054
0.0861502
0.00744314
0.00685415
0.031867
0.0249994
0.0553284
0.0155858
0.0155852
0.038736
0.0217371
0.0785561
0.0114909
0.030039
0.0487222
0.040713
0.0229152
0.0294551
0.00403919
0.01854
0.0413886
0.90991
0.0436477
0.0285087
0.0684675
0.0456736
0.0132632
0.030559
0.014428
0.0379053
0.0135132
0.0670346
0.0160286
0.00913504
0.0124793
0.0403897
0.0200761
0.0133047
0.022665
0.0242827
0.0175995
0.0276234
0.0229749
0.0346846
0.00910286
0.00759994
0.0161849
0.0281861
0.00983195
0.0334664
0.0551324
0.0148361
0.0285836
0.0263394
0.0219646
0.0173807
0.0269097
0.0243291
0.0214607
0.033883
0.00520217
0.00318592
0.0118478
0.0183369
0.0109424
0.029012
0.0138518
1.41697
0.334886
0.0911256
0.0186595
0.0235979
0.0204238
0.144091
0.0163633
0.00486432
0.0183957
0.0207514
0.353822
0.0188801
0.164957
0.0456996
0.0129091
2.07774
0.0353018
0.0697266
0.599001
0.743256
0.0229549
0.0221398
0.168789
0.0085509
0.0532762
0.00524118
0.0501276
0.260486
0.392654
0.457989
0.0166539
0.108297
0.0121516
0.395311
0.0453863
0.0183906
0.0641585
0.406307
0.0066592
0.0464086
0.0361962
0.0176105
0.024618
0.015554
0.00465019
0.414554
1.01885
3.42734
0.64029
0.0236216
0.0167285
0.298958
0.286161
0.0405097
0.0112401
1.65438
0.0533518
0.709142
0.0571752
0.0948607
1.48832
0.0138583
0.0238417
2.3928
0.0522469
0.250406
0.00818231
0.00585302
2.73399
2.60875
0.00573387
0.0413755
0.0190448
0.0276112
0.0282085
0.0598609
0.0137468
0.029169
0.0240343
0.044111
1.49482
0.00884656
0.0292666
0.037991
0.083681
0.019447
0.0353755
0.0268068
0.0200459
0.00913397
0.0198198
0.0941508
0.005153
0.0655532
0.021401
1.9046
1.8105
0.028942
0.897276
0.01379
0.0339643
0.00430831
1.93338
0.0465613
0.130675
0.723146
0.0933365
0.81623
0.0120754
0.0244288
0.101886
0.0460271
0.0293033
0.0171709
0.747789
0.159226
0.0413668
0.00842473
0.0729292
0.110327
0.837491
0.0191207
0.869401
0.0432565
0.0125777
0.566479
0.168422
0.00675345
0.0241177
0.869823
0.276769
0.0441786
0.0431027
0.0306724
0.04703
0.0475897
0.0766267
0.0124098
0.00690513
0.216578
0.0109394
3.4721
0.0116839
0.711564
0.0197933
0.0442041
0.0124011
0.023435
0.0253418
0.0309578
0.0452146
0.0325388
2.45801
1.22677
0.745209
0.0541221
0.04142
1.25602
0.0222484
0.220349
0.0224146
0.0268805
0.0888401
0.0104966
0.170039
0.064609
0.0118324
0.065552
0.0206163
0.160018
0.453188
0.00738923
0.0140812
0.0951835
0.0383294
0.225423
0.0149894
0.0232614
0.447354
0.342926
0.211228
0.0238682
0.28069
0.346636
0.188336
0.060241
1.86213
0.0170175
0.139469
0.0228498
1.03448
0.383973
2.33101
0.648508
0.0291278
0.659068
0.0813876
0.0394427
0.0462313
0.0579752
0.215635
0.704711
0.0330644
0.490007
1.0239
0.991365
0.0400749
0.262275
1.60442
0.25188
0.043324
0.069459
0.0385377
0.170973
0.248102
0.0381046
0.0167564
0.0239469
0.0208565
0.0534585
0.0429544
0.168932
0.0842206
0.111277
0.012871
0.4404
0.0680897
0.852718
0.0846449
0.0242768
1.40572
0.308638
0.192074
1.94204
0.0740046
0.0355907
0.486413
0.811418
0.0272883
1.58389
0.0593577
0.571066
0.0377372
0.0813523
0.0164593
1.69994
0.0519929
0.35847
3.35981
0.76865
0.0210468
0.0291847
0.406314
0.0379471
0.0133932
0.0382198
0.0268944
0.303271
0.608139
0.077578
0.052032
0.0604484
0.0687659
0.0357759
0.075343
0.0258152
0.0921858
0.390423
0.0273685
0.146007
0.128284
0.0451508
0.0365299
0.0293077
0.0130706
0.335439
0.363992
0.24738
1.36222
0.0376975
0.0540632
0.375557
0.0691992
0.00633287
0.00705267
0.496021
0.112501
0.0209753
0.00711194
0.0310601
1.59376
0.866789
0.23145
0.0299964
0.0700935
0.0472252
0.127251
0.0515416
0.474966
0.0212423
0.0737996
0.0345144
0.0108602
0.0603089
1.5764
1.48405
0.0574446
0.0341468
0.22206
0.888557
0.0399894
0.0550633
0.028566
0.0170746
0.00236817
0.0502468
0.0350084
0.0633424
0.0748762
0.273533
0.0729489
0.0439716
0.211353
0.0253515
0.0100701
0.0088103
0.0621844
0.034411
0.0217305
0.0283421
0.0153242
0.018295
0.0381586
0.0164671
0.0236674
0.202522
0.034743
0.0119219
0.0091451
0.170326
0.168004
0.862199
0.0169233
0.00391136
0.00586435
0.0675874
0.0218889
0.0121226
0.0150228
0.0296445
0.00429112
0.00967637
0.0629941
0.401111
0.00856826
0.0447833
0.0441876
0.0120123
0.0250679
0.0161727
0.0138823
0.02353
0.00773861
0.0422555
0.0179802
0.0481221
0.0109811
0.0108468
0.0511233
0.00281396
0.0176461
0.316168
0.0317162
0.0285515
0.00943955
0.0178369
0.0211128
0.00916971
0.561512
0.0245217
0.0155823
0.00449687
0.0252838
0.0137072
0.0148523
0.0334928
0.0195605
0.0214382
0.00843672
0.018112
0.0274398
0.00748879
0.051021
0.0181788
1.92771
0.0441704
0.527332
0.0165978
0.0233506
0.0882715
0.00709886
0.0175525
0.0346397
0.0208266
0.0207628
1.28028
0.0100661
0.0217946
0.037222
0.0266442
0.0263384
0.0262365
0.673262
0.008187
0.0104315
0.0754603
0.00196914
0.0388939
0.0574797
0.0395543
0.0441676
0.0449616
0.203444
0.0256899
0.00362785
0.0215627
0.0174622
0.262659
0.0272885
0.00882531
0.0310626
0.0368315
0.0271166
0.109614
0.0265862
0.0245082
0.0108761
0.0219385
0.0120837
0.0120951
0.937514
0.0182757
0.0281871
0.0594665
0.0421326
0.0395974
0.0134536
0.0130679
0.0226791
0.00677299
0.0467553
0.0285581
0.0152338
0.0307583
0.0104391
0.0324816
0.0492078
0.0247644
0.0387801
0.0095721
0.049214
0.0214061
0.0132796
0.0156909
1.63867
0.0215128
0.0284551
0.0108045
0.0187844
0.881969
0.0106091
3.69727
0.020324
0.0079934
0.0124203
0.0248344
0.0257832
0.0218676
0.00863904
0.00376824
0.0182246
0.0227363
0.00645547
0.0376187
0.0332978
0.0290896
0.0223409
0.00938096
0.0213321
0.0220824
0.0824571
0.0120585
0.0311681
0.00426739
0.0226216
0.753467
0.0062624
0.0296097
0.0277917
0.0145191
0.0115774
0.00843582
0.0135196
0.0296158
0.0297608
0.0163545
0.0126605
0.00769581
0.0148495
0.0222776
0.111321
0.0371715
0.0201774
2.14056
0.851265
0.0159088
0.0225346
0.0157399
0.0424401
0.014097
0.0367667
0.0343685
0.0100494
0.0123963
0.0517081
0.633507
0.17993
0.0370816
0.00872618
0.0104722
0.697853
2.15605
0.0232883
0.0251816
0.0289618
0.0141424
3.00207
0.17631
0.0132054
0.0201454
0.024123
0.0318739
0.0600295
0.00846728
0.0235924
0.0102742
0.0253162
0.0635152
0.15565
0.0319999
0.0559411
0.0880902
0.00735864
1.92724
0.01428
0.0146706
0.0556037
0.0515511
0.00557052
0.0166038
0.0165485
0.0482065
0.157637
0.193095
0.0342024
0.0302407
0.00924343
0.0559922
0.0735651
0.00945025
0.569491
0.0582441
0.0294348
0.82784
0.00649282
0.0576342
0.0558356
0.0557178
0.0238043
0.515513
0.0680025
0.136331
0.0907136
0.0435987
0.00718803
0.00959779
4.86148
0.0233935
0.0143603
0.0618197
0.0149133
1.07014
0.0111124
0.00977569
0.493915
0.0153731
0.0422219
0.00573719
0.0092383
0.248326
1.67045
0.046655
0.639276
0.0223501
0.0227132
0.00995989
0.0399805
2.08176
0.160587
0.254257
0.0446465
0.0628137
0.144498
0.0397272
0.536198
0.0254706
0.0418028
0.0766717
1.03639
0.547705
0.00616451
0.39961
0.153335
0.373147
0.0464597
0.0196088
0.0227336
0.0276981
0.0653009
0.0243074
0.298177
0.0479599
0.0101194
0.692099
0.0221966
0.0444735
0.0689188
0.0461446
0.0800812
0.0404911
0.00648964
0.185943
0.252689
0.0874948
0.0720177
0.0270797
1.06852
0.161291
0.0582766
1.33623
0.0240901
0.00593999
0.0311956
0.0401743
0.271576
0.011044
0.106749
0.0343569
0.0349364
0.049153
1.33861
0.253163
0.0266168
0.0209121
0.0637513
0.160409
0.0178593
0.0871793
0.0457242
0.0413455
0.0516123
0.00857501
0.0636229
0.0097805
0.0134481
0.024788
0.0229712
0.138526
0.00843582
0.155071
0.0235879
0.0359617
0.00497379
0.0932479
0.0271251
0.00947359
0.0042539
0.009185
0.113459
1.07175
0.176053
0.0262503
0.0245011
0.0295977
0.0105073
0.0237606
0.0330448
0.0290987
0.0110561
0.015708
0.0183489
0.118368
0.0183546
0.010555
0.0164147
1.26247
0.0162235
0.00949392
0.0270906
0.0318631
0.0335815
0.0780397
0.0111263
0.0436633
0.0105628
0.0266511
0.0232431
0.0394213
0.0465551
0.0125415
0.0222691
0.0152108
0.00805844
0.0743323
0.0160952
0.0173769
0.0789753
0.0155958
0.0262738
0.00722504
0.0317251
0.0699817
0.0654275
0.117485
0.0354269
0.0148696
0.0150053
0.0592147
0.522145
0.0123208
0.0233908
0.0190963
0.019113
0.00873739
0.0191838
0.0825135
0.00865286
0.00345752
0.00746293
0.0549647
0.0301538
0.0507877
0.0534643
0.0133807
0.057712
0.0350276
0.0358707
0.0218189
0.00860312
0.0209201
0.0163282
0.0521756
0.0666086
0.0342117
0.0123959
0.0235959
0.017923
0.017706
0.0105648
0.0139651
0.0216729
0.0811711
0.0265712
0.0290976
0.011937
0.0256618
0.00856142
0.0557085
0.0134519
0.0172936
0.00841713
0.00506875
0.0215452
0.0225439
0.0265145
0.0520976
0.0279355
0.0145674
0.00654818
0.142504
0.00448044
0.00897346
0.0129501
0.0745779
0.00844018
0.00408441
0.0909128
0.591547
0.0852163
0.0183534
0.0313663
0.0410187
0.0141987
0.00542645
0.0434437
0.028174
0.032519
0.00207366
0.0512391
0.00696183
0.094919
0.0616035
0.0425599
0.0653114
0.0135282
0.0283901
0.00875045
0.0701579
0.0164406
0.0218889
0.0645734
0.0224766
0.0309968
0.0210609
0.0162341
0.0581964
0.0435745
0.00372233
0.0246294
0.0254919
0.0513287
0.00591083
0.0106263
0.0383014
0.00416379
0.0151811
0.0233356
0.0255786
0.0281388
0.00539108
0.0430982
0.0187732
0.0266339
0.0329719
0.0761224
0.00374659
0.0153239
0.0421603
0.0247724
0.0123358
0.0135097
0.0119917
0.0152582
0.0300498
0.00426307
0.010256
0.00357911
0.0138413
0.00573656
0.0183598
0.00957657
0.035146
0.00590464
0.00689357
0.0285715
0.00796166
0.0149339
0.0173828
0.0526893
0.0111541
0.0132184
0.012094
0.019273
0.0426258
0.0114121
0.0213635
0.0411664
0.0378608
0.0131311
0.0260787
0.0311371
0.0272447
0.0217806
0.0270791
0.0440069
0.00950649
0.0298909
0.0135666
0.03041
0.0153531
0.024033
0.0150066
0.0286701
0.0191553
0.070859
0.00545675
0.00596782
0.00530378
0.0175732
0.0179942
0.0486088
0.0325283
0.00879829
0.0107247
1.5666
0.0102092
0.00605592
0.0217618
0.0378229
0.0132631
0.0583185
0.0135667
0.0152352
0.860061
0.0168503
0.0226111
0.0190553
0.00810645
0.0123318
0.0196822
0.025819
0.0109692
0.0113124
0.0143421
0.0186455
0.00893783
0.0145035
0.00601083
0.0200382
0.00975514
0.0246997
0.0272505
0.0184948
0.0378328
0.0259723
0.00542922
0.0152776
0.0192518
0.0106792
0.00823805
0.0153284
0.0566027
0.0261814
0.0236994
0.00818419
0.00638761
0.0136213
0.0160658
0.0371268
0.0120693
0.0342915
0.0259763
0.0219474
0.0101602
0.024153
0.00556534
0.00477532
0.00362266
0.00340572
0.0218125
0.0223956
0.00889563
0.0133545
0.0178387
0.0382742
0.0168775
0.00928973
0.0174357
0.0285287
0.00382959
0.0147275
0.0169794
0.00353141
0.0216394
0.00638802
0.0225267
0.0215877
0.0267541
0.0560725
0.0235747
0.0143271
0.016254
0.0130968
0.00693425
0.0111557
0.0542514
0.00321224
0.0151197
0.00692138
0.572602
0.0273036
0.0328307
0.179733
0.0217433
0.582561
0.0338481
0.0264434
0.0226579
0.00893387
0.00215425
0.0649034
0.0424168
0.0450685
0.0403394
0.0391199
0.055877
0.0172637
0.0407509
0.0481427
0.0430299
0.0244864
0.0408299
0.00519031
0.0424716
0.10965
0.0461837
0.0561877
0.0422301
0.030565
0.00352718
0.0535482
0.166375
0.107206
0.0601927
0.148429
0.0261427
0.0240381
0.0995299
0.0206235
0.019845
0.0197635
0.0149011
0.0811376
0.0749723
0.0328774
0.0146039
0.0140881
0.0370905
0.017218
0.0599133
0.334105
0.272674
0.0115608
0.0454025
0.51153
0.0532538
0.0302896
0.442938
1.7961
0.0187452
0.286168
0.0134861
0.0178617
0.0332345
0.0129242
0.0205949
0.0131765
0.0294844
0.0225026
0.058947
0.0241698
0.0296893
0.046174
0.0386765
0.0620827
0.00825125
0.0444801
0.00548081
0.0302216
0.0197556
0.234179
0.0528113
0.239511
0.0272754
0.00939691
0.0474949
0.0223734
0.013684
0.0344358
0.00990981
0.0311699
0.0154534
0.014088
0.0549562
0.0147988
0.0254437
0.0119004
0.0103871
0.0925402
0.132308
0.209095
0.0525008
0.0269278
0.029304
0.0537476
0.0772806
0.0127886
0.0947684
0.225663
0.0112141
0.00554142
0.158524
0.0264693
0.0124152
0.00952956
0.0254702
0.021057
0.0317438
0.0151765
0.0193843
0.0186833
0.033292
0.0260446
0.0197605
0.0166852
0.0228196
0.0463716
0.0324946
0.0200911
0.0256279
0.0145246
0.0782807
0.0549268
0.0201234
0.00402985
0.0437971
0.0765535
0.0548416
0.0256051
0.0162511
0.015731
0.092315
0.0327487
0.0230781
0.0591615
0.0299224
0.0247946
0.0148875
0.197344
0.0772082
0.0432883
0.0146636
0.0819453
0.374009
0.034225
0.0403024
0.00565828
0.00694073
0.0710468
0.0144776
0.00915569
0.0274601
0.121046
0.0032753
0.00352062
0.0312632
0.0544753
0.0765611
0.0201335
0.0101736
0.0155174
0.0153522
0.162643
0.0481534
0.0235861
0.455311
0.046829
0.0598002
0.00723028
0.0210644
0.0423671
0.0505428
0.0127053
0.0266077
0.0253188
0.0486416
0.00758184
0.0178056
0.0155703
0.0252405
0.0127001
0.0243589
0.000804967
0.0356167
0.0218271
0.0831729
0.043258
0.0411571
0.0406544
0.017104
0.00870196
0.0209202
0.00371908
0.150872
0.134554
0.0350481
0.0282957
0.520996
0.148124
0.00195512
0.052709
0.607578
0.0220509
0.03629
0.060722
0.0669336
2.45764
0.0437149
0.838046
0.0227927
0.465856
1.17595
0.0420386
0.431513
0.127214
0.774987
0.0855672
0.795397
0.268994
0.0429022
0.316852
0.0488418
1.32106
0.0127698
0.0186802
0.00654553
0.030749
0.0617181
0.0659393
1.35859
0.199683
0.0368773
1.55144
0.110454
1.65028
0.0461974
0.0356145
0.0150146
0.0497684
0.0477995
1.00956
0.0729203
0.327753
0.384104
0.166019
0.0511952
0.0200958
0.35679
0.0269446
0.0605205
0.0213222
0.0104899
0.797108
0.0346034
0.0164406
0.0716163
0.0537022
0.00392433
2.23247
0.0210222
0.246272
0.716234
0.585258
0.785276
0.0173071
0.933782
0.302236
0.0921078
0.0154824
0.127389
0.0271716
0.365949
0.426861
0.00671921
0.270804
0.00535925
0.0332226
0.408822
0.0389524
0.0357647
0.13197
0.00988773
0.044942
0.00632111
0.56592
0.017785
0.144966
0.0630062
0.364573
0.0670132
0.152317
1.66759
0.00943489
0.298515
0.290275
0.0934913
0.102629
0.0258893
1.418
0.0664405
0.104024
1.15075
0.0471644
0.745847
0.493025
0.160299
1.16895
0.104232
0.0156126
0.0470703
0.339629
0.0221673
0.0173194
0.020253
0.0894497
0.0967184
0.153126
0.168525
0.127433
0.0461744
0.126698
0.0845741
0.0577784
0.0101645
0.0694081
0.00805928
1.26972
0.00838948
0.0183702
0.0769516
0.014297
0.0221598
1.15477
0.0892943
0.00459981
0.0126424
0.0231542
0.0358211
0.0210959
0.535578
0.198833
0.00620548
0.229071
0.0260756
0.00731403
0.0606687
0.0517284
0.0120166
0.0133219
0.379709
0.014868
0.391582
0.825913
0.277905
0.0153931
0.0878538
0.904028
0.163091
0.00365817
0.0202819
0.0672304
0.0297894
0.0174162
0.0316004
0.0186396
0.0762776
0.0544718
0.14469
0.0117271
0.0782526
0.0244549
0.076636
0.0876368
0.0455396
0.00182222
0.995102
0.0276624
0.0611739
0.0498239
0.0170413
0.0396517
0.0169469
0.0246778
0.877724
0.0600775
0.0134261
0.027126
0.0286959
0.235039
0.260623
0.00898679
0.00572045
0.00992129
0.00811744
1.02129
0.0126582
0.0851968
0.0295619
0.0585917
0.123155
0.0421893
0.0230967
0.0301711
0.0645244
0.0270403
0.627673
0.0487429
0.081135
0.0495707
0.0154675
0.0258646
0.0313866
0.0273544
0.0288944
0.0129557
0.0322184
0.212102
0.00540549
0.00712884
0.267866
1.56622
0.0283678
0.00986392
0.00855577
0.481015
0.0446756
0.0537427
0.325783
0.0346304
0.0063695
0.0384795
0.0174757
0.0159386
0.65825
0.0472464
0.00695832
0.117045
0.00650988
0.00915615
0.0144561
0.00851739
0.019879
0.623863
0.00986792
0.0231055
0.00259227
0.033742
3.13393
0.00536977
0.0360953
0.0193283
0.0114294
0.0309742
0.276912
0.0188834
0.382469
0.0205623
0.021648
0.0812966
0.00633314
0.0242496
0.0327082
0.0209369
0.0355145
0.061231
0.0218864
0.00750664
0.100442
0.019588
0.00636053
0.0136641
0.20972
0.0644726
0.118391
0.0166134
0.00682185
0.0477692
0.0654421
0.00569496
0.0128134
0.00947777
0.00536366
0.0130551
0.296464
0.028476
0.38059
0.0804895
0.998036
0.0173781
0.0609915
0.182893
0.0183595
0.0302083
0.00790349
0.0188424
0.504163
0.0339332
0.010793
0.0244589
0.00523484
0.0567247
0.017464
0.0301435
0.0180531
0.0100535
0.0434858
0.0428519
0.0312132
0.0537102
0.0118371
0.00799677
0.0218714
0.0102214
0.00877994
0.0113846
1.11095
0.0181481
0.0437933
0.0143515
0.0382672
0.0169496
0.0257758
0.0990288
0.00946352
0.0192104
0.00903082
0.0438649
0.0186094
0.0377342
0.35616
0.0814845
0.239491
0.0140668
0.0328051
0.0238275
0.0104834
0.0150369
0.0201851
0.0130231
0.0327157
0.0977209
0.00850474
0.0116618
0.47471
0.0367281
0.010014
0.0542189
0.0411943
0.0562453
0.0998254
0.726499
0.0519677
0.0238911
0.0493708
0.117832
0.0328803
0.0615301
0.0767095
0.720864
0.0129071
0.0303746
0.04236
0.0327781
0.0300504
0.0131669
0.171617
1.65299
0.00944797
0.0290992
0.0877657
0.00870791
0.0248685
0.0341698
0.0280532
0.0204003
0.0178261
0.00331459
0.0114431
0.0497594
0.0223836
1.09297
0.0758683
0.0273898
0.0192781
0.00510414
0.0160739
0.0740329
0.00711782
0.0189499
0.0247652
0.0170799
0.0706563
0.00907968
0.0180604
0.112167
0.0142365
0.0354791
0.0134624
0.0436111
1.64167
0.0280146
0.00704329
0.00405204
0.393888
0.0161305
0.0548101
0.018987
0.0162384
0.0158006
0.0239714
0.0471244
0.0239757
0.0274348
0.0140561
0.0783294
0.0118612
0.0386413
0.0176682
0.00642091
0.0203729
0.200539
0.0119717
0.0245643
0.0928742
0.0077986
0.0121305
0.0206322
0.0163241
