0.0409919
0.0304903
0.0581609
1.4412
0.0138273
0.0355519
0.0243097
0.0189912
0.0253494
0.00385125
0.415348
0.0301298
0.0976583
0.892223
0.59245
0.0246205
0.0558118
0.0364596
0.0279596
1.15898
0.673114
0.0753682
0.0414557
0.0508191
1.27333
0.0276119
0.0335652
0.0369487
0.0689299
0.0203274
0.75824
1.04199
1.03652
0.185184
0.0300048
0.0625097
0.027932
0.102252
0.0453739
0.0204774
1.62729
0.0198198
0.970108
0.00794836
0.0208016
0.894614
0.104735
1.17707
1.00267
0.0379695
0.695008
0.0685107
0.0226656
0.0276984
0.795174
0.0222187
0.0554568
0.0200535
0.109337
0.0239785
0.0269192
0.0327127
0.0411056
0.0244459
0.0110735
0.955579
0.0979258
0.0305512
0.0537349
0.555306
0.0632051
0.0613318
0.022504
0.472521
0.80142
0.0384377
0.0373054
0.0143722
0.0417347
0.0269929
0.0610999
2.45013
0.0369588
0.0280876
0.071473
0.0172783
0.0295134
0.353096
0.0175216
0.0457169
0.0607358
0.0708574
0.0219549
0.0375361
0.984926
0.0632243
0.0604177
0.0298824
0.0250575
0.529154
0.0259209
0.0143132
0.0549331
0.029315
1.09027
0.0107584
0.064767
0.00977546
0.0120667
0.0224193
0.0384854
0.0705635
0.0281952
0.0446801
0.0564709
0.100482
0.0532412
0.069762
0.0153942
0.018464
0.0443803
0.0446629
0.0605929
3.21006
0.0333337
0.0154383
0.0405729
0.0302085
0.62964
0.607259
0.849507
0.543872
0.0474226
0.0265642
0.3746
0.471085
0.0800886
0.0101515
0.102809
0.189634
0.0121204
0.0245156
0.902181
1.31996
0.0373428
0.0234016
0.0187221
0.0415789
1.15082
0.0426381
0.0184824
0.197414
0.0627395
0.0186606
0.0319438
0.00539881
0.0190634
0.043457
0.0274034
1.18064
0.0414118
0.0576315
0.0349538
0.00980879
0.195597
0.0144773
0.374721
0.191765
0.0352599
0.0474435
0.0509137
0.838401
0.0449841
0.795512
0.00668125
3.29221
0.298124
2.32986
0.673455
0.0874715
0.377496
0.0281683
0.0799427
0.00962191
0.0342857
0.0676345
0.0342217
0.102396
0.048072
0.0992636
0.0298187
0.0263478
0.075968
0.0218292
0.0676407
0.0245346
0.0874878
0.113051
0.107902
0.0409088
0.104303
0.0801144
0.0405264
0.0594381
0.0728561
0.817194
0.0046658
0.0203725
0.0482429
0.0764072
1.99413
0.0233681
0.0103822
0.0337451
0.0710888
1.97563
0.0576456
0.0214744
0.78697
1.22861
0.102972
0.0460607
0.0217271
0.0607619
0.056652
0.0692332
0.119833
0.0361857
0.0546767
0.0211069
0.0422585
1.08571
0.11733
1.58202
0.566196
0.0996632
0.0300401
0.00973963
0.0162899
2.75736
0.155651
0.0331781
0.668081
0.058668
0.0743502
0.0367805
0.0555416
0.0172536
3.69334
0.0286993
0.00903376
0.0428482
0.0516413
0.0846366
0.0622016
0.0488413
0.0233683
0.0201295
0.0842438
2.33066
0.0944828
0.035925
0.0757974
0.0914164
0.0556746
0.269571
0.0832612
0.0800715
0.100905
2.19104
0.244614
0.0987938
0.043875
0.0510439
0.0795687
0.0404053
0.0394412
0.721056
0.0415415
0.0237814
0.0305387
0.04398
0.0847924
0.0544292
1.53342
0.0387101
0.0177763
0.0345457
0.0269439
0.027523
0.0320234
0.0414659
0.032198
0.0743164
0.0711432
0.0266621
1.20319
0.0302289
0.0316035
1.15804
0.0363496
1.01607
0.0472549
0.169006
0.0225821
0.029633
0.63984
0.0322991
0.130007
0.0420617
0.647391
0.0397582
0.0641167
0.765438
0.0370345
0.061728
0.012158
0.618508
0.0429834
0.0197549
0.0176713
0.0542004
0.0324105
0.923751
0.035458
0.0306985
0.00683964
0.0537125
0.0354503
0.886208
0.0507913
0.0584293
0.0605743
0.0561034
0.0527643
0.0304127
0.641663
0.030278
0.107758
0.0241761
1.11515
0.0659097
0.0220779
1.15276
0.900954
0.0134635
1.29086
0.0298423
0.0366827
0.879507
0.0444754
0.0370232
0.0425534
0.219158
0.00791624
0.0892224
1.33406
0.0347601
0.0524448
0.0348077
1.31726
0.709819
0.0442307
0.0541752
0.0350117
0.244844
0.126235
0.0296461
0.0110924
0.0624549
0.152177
0.663902
0.743346
0.0373655
0.0867245
0.133032
0.0864408
0.0151428
0.0455405
1.03474
0.645981
0.0604056
0.0177613
0.0920986
2.2654
3.06282
0.0419329
0.0502068
0.0695969
0.0651412
0.0769462
0.0184272
0.0853777
0.05979
0.783263
0.0730938
0.0161364
0.0578269
0.108312
0.0208757
0.0411157
0.0216223
0.0241046
0.130859
0.0780557
0.0485594
0.0639813
0.0375709
0.0187673
0.0143433
0.0661804
0.0678318
0.191325
0.0328952
0.0258369
0.00926624
0.0246819
0.0147216
0.0326786
0.0141889
0.096739
0.0226331
0.0168531
0.0422129
0.00980739
0.0287817
0.00801536
0.0607389
0.0913265
0.02566
0.0596796
0.0107399
0.0121981
0.0225874
0.0287176
0.0292748
0.0187672
0.0149768
0.015566
0.0152272
0.0127938
0.0334767
0.552456
0.0382202
0.0919055
0.0225598
0.606219
0.0356224
0.0930715
0.0243569
0.172768
0.670271
0.021958
0.912992
0.634064
0.195988
0.0211276
0.07382
0.018386
0.685812
0.0438915
0.701131
0.0412134
0.0564448
0.00367784
0.0228991
0.0691848
0.0604943
0.0524266
0.0297698
0.0654463
0.0573126
1.72181
0.0292823
1.20333
0.086711
0.0429924
0.313425
0.550463
0.0627394
0.0337251
0.0405363
0.023475
0.0470723
0.0454713
0.0477764
1.15171
0.0538921
0.52443
0.711874
0.0101221
0.0500396
0.0611564
1.00409
1.72683
0.0167021
0.0303108
0.832389
0.129015
0.0803144
0.0674106
0.0555064
0.101059
0.0505105
0.0271095
3.65683
0.0504334
0.0302908
0.0328178
1.37394
0.0749378
0.229462
0.0206552
2.51906
0.0509344
0.0186704
0.526173
0.0693539
0.0998802
0.0415471
0.302949
0.0151696
0.0363236
0.773459
0.0266656
0.0244692
0.0663063
0.126566
0.0269662
0.0148895
0.0274488
0.0359468
0.0414155
0.0824037
1.29459
1.46543
0.172597
0.0243487
0.0926465
0.0319488
0.84392
0.0545587
0.0991657
0.0352166
3.16006
0.401924
0.0279145
0.0125104
0.0372109
0.0371222
0.0334831
0.040937
0.0354296
0.767376
0.0351157
0.00509248
0.0268486
0.0992467
0.0275362
0.116642
0.0349536
0.0634926
0.076735
0.00983696
0.211062
0.00989635
0.0206374
0.0544511
0.0310298
0.0393933
0.0998586
0.487455
0.309188
0.0866765
0.04653
0.0380079
0.330836
2.93657
0.0157539
0.0707763
0.0292354
0.0442849
1.92946
1.75502
0.0201889
0.40155
0.522867
0.0271498
0.134029
0.0555675
0.0741054
0.0819637
1.16874
0.0945408
0.0369003
0.0264326
0.136828
0.0902418
0.0357261
0.0499037
0.158723
0.0195382
0.0542764
1.23664
0.167749
0.0861302
0.0453001
0.0181047
0.0533982
0.0546422
0.0686824
0.0342947
0.0641622
2.82145
0.0445024
1.00017
0.0260867
0.045818
2.59515
0.970519
0.785413
0.0379772
0.027372
0.0233612
0.0486691
0.27049
0.0262418
1.46298
0.0620814
0.119921
0.00704155
0.00987739
0.015405
1.32522
2.47183
0.877393
0.091634
0.962685
0.03619
0.0113149
0.0340165
0.0298513
0.0391343
0.0265243
0.785379
0.0246275
0.0322639
0.0255771
1.16871
0.972104
0.0398257
1.20813
0.0499026
0.0304403
2.12452
0.719435
0.0127235
2.96986
0.164468
0.0895204
0.0262117
0.0418865
0.797053
1.01222
0.106086
0.0208286
0.0394303
1.50349
0.300272
1.18916
0.0169452
0.0337698
0.01563
0.00815211
0.605266
0.754442
1.54827
0.214346
2.87294
0.851169
0.76823
0.87173
0.556437
0.267371
0.0255104
0.288771
1.14292
0.0168935
0.0453257
0.0190077
0.0309762
0.167575
0.84706
0.0783065
0.0208957
0.0108817
1.10024
0.0355933
1.36448
0.024803
0.645924
0.105913
1.065
0.0570925
0.0180308
0.0638279
2.45868
0.0272223
1.62153
0.0226276
0.187809
0.983703
0.0616331
0.118201
0.018197
0.112021
0.35573
0.442576
0.0314113
1.13656
0.0322078
0.0507064
0.0395521
0.065429
0.0120442
0.0228086
0.0391776
1.57534
0.0187961
0.608092
0.0491521
0.0162686
0.0322845
0.0135062
0.230068
1.97418
0.0585419
0.0969747
0.0416619
0.034831
0.037766
0.139626
0.0498165
0.52235
0.687546
0.0440604
0.0382941
0.00785587
0.0320532
3.07733
0.00791221
0.0126402
0.00967313
0.0310634
0.00962643
0.271537
0.0191231
0.0371236
0.0240519
0.715662
0.026754
0.0336835
1.2146
0.785373
0.0819434
0.0173275
0.549463
0.0307786
0.0513733
0.0438407
0.693556
0.161721
0.0200122
0.0519074
0.0651952
0.0137498
0.0109305
0.608932
2.51161
0.00200098
0.955266
0.0147779
0.0168292
0.451362
1.29057
0.0100853
0.613041
4.56227
5.08205
0.0273942
0.0209479
0.966277
0.0668391
0.0234295
0.465889
0.0493841
0.373464
0.00389385
0.0186208
0.0445515
0.0612791
0.012006
1.04094
0.0890443
0.0571408
2.72685
0.10257
1.49793
0.06038
0.0307454
0.0961103
0.0134889
2.456
0.0222756
0.0239173
0.107535
3.69833
0.896344
0.550737
0.0124833
0.00940764
0.00888297
0.0146098
0.049348
0.0617351
0.00913873
0.374959
0.745303
0.0200054
0.0187185
0.440623
0.396195
0.0334925
1.28275
0.0144195
0.0204812
0.00495479
0.641908
0.0168993
0.0221336
0.0128425
0.0334629
0.123801
0.455991
0.0266789
0.0423108
0.729792
0.0176677
0.0170957
0.0188129
0.0356386
0.0425766
0.0154819
0.0946742
0.0626912
0.0737287
0.0248827
0.0387304
0.0300194
2.96432
0.0493597
0.0136866
0.118216
0.0521901
0.119408
2.1939
0.03384
0.683868
0.0425096
0.0491372
0.0345955
0.0439368
0.107082
1.10221
0.0421043
0.0522477
0.0320131
0.0292369
0.0186893
0.0199218
0.0731603
0.0621399
0.0211982
0.0466898
0.0424674
0.0389241
0.0472547
0.828206
0.0474827
0.0544184
0.0586177
0.0583395
4.30987
0.0291143
2.51132
0.140744
0.0866345
0.0596673
0.00944672
0.0918231
0.0473742
0.208651
0.0927859
0.799202
0.011024
0.108135
0.0310312
0.0403121
0.049382
0.00839016
0.0355783
0.0391318
0.0424984
0.391507
0.0300701
0.0304731
0.042528
0.0129213
0.0681078
0.639279
0.0469376
0.0531267
0.0404245
0.0187209
0.119062
0.0634693
0.0517672
0.0157456
0.0597819
3.39477
0.0813848
0.0441149
0.0476016
0.0518661
1.72563
3.1918
0.0800279
0.0442158
0.0138977
0.068275
0.0247663
0.0248439
0.0114673
0.105467
0.0376715
0.0427419
0.0112414
0.190249
0.0486888
0.0137319
0.0312901
0.700004
1.69458
0.0124313
0.0206145
0.033012
0.0215264
0.0343467
0.067156
0.0669716
0.367243
0.0960093
0.229546
0.0232764
0.0155621
2.80553
0.0171241
0.465319
0.0492199
0.147317
2.13351
0.0648502
0.142662
0.0704477
2.22732
0.0795516
0.0734034
0.0596295
0.112345
0.021885
0.07895
0.129582
0.135308
0.041509
0.0733697
0.1006
0.258765
0.0427762
0.0880996
0.0358959
2.76185
0.248235
0.0302782
0.0745374
0.0602334
3.09252
0.0780602
0.0306911
3.03863
1.56731
0.071973
0.0605574
0.0467987
0.0804876
0.0589563
0.0607033
0.366745
0.0369212
0.0370639
0.0667482
0.788349
0.025984
0.174788
0.0458721
0.0378051
0.166891
0.0477115
0.0508745
0.0329741
0.739481
1.50391
0.0344539
0.0901153
0.0548422
0.035347
0.0573804
1.54175
0.0361862
0.100987
3.19427
0.0363207
0.0260798
0.0386645
0.0250689
0.0213001
0.012021
0.117473
0.0339316
0.0324417
0.0743372
0.0569013
1.12079
0.0526115
0.514758
0.0624418
0.068554
0.0121723
3.12038
0.0702179
0.08308
0.0851556
0.0206811
0.108293
0.0077192
0.10385
0.10594
0.0860921
1.21961
0.0637889
0.00428466
0.0289834
0.0486897
0.373969
0.977944
0.0241034
0.0119743
0.0180048
0.0368072
0.0496163
0.0107212
0.0180925
0.0342815
0.0432138
0.0869818
2.09394
0.585796
0.782348
0.0342711
0.0063764
0.0589302
0.0750741
0.0205193
0.0453585
0.82626
0.544785
0.401347
0.0556121
0.0981699
0.0341307
0.0482188
0.0144542
0.0385989
0.028575
0.0479047
0.0374807
0.0257905
1.87598
0.0239789
0.0638562
0.0140049
0.0329681
0.0125403
0.0499883
0.053482
0.0739287
0.0574138
0.0154434
0.969925
0.0538297
0.0553281
0.0572025
0.0273324
0.024479
0.041512
0.118043
2.23169
0.0224921
0.0489158
0.0660453
0.0132342
0.026599
0.0477628
0.0326464
0.0264756
0.0452309
0.0456315
0.0993782
0.0219043
0.0585817
0.0840262
0.787232
0.0196844
0.0623639
0.0580846
0.0150092
0.0491674
0.0425151
0.202937
0.0500047
0.0136556
0.0417673
0.0416823
0.0437004
0.100698
0.08485
0.150169
0.044318
0.670089
0.0209262
0.0228289
0.0142198
0.00698504
0.766758
0.0330488
0.0510057
0.0280972
0.416622
0.0327734
0.0372481
0.0368046
0.149875
0.013989
0.00726259
0.111894
0.0390198
0.0668467
0.0169581
0.055499
0.0336072
0.0396863
0.0367549
0.0461146
0.122301
0.0216283
0.895024
0.0432699
0.0292361
0.546389
0.0164784
0.0128007
0.0666729
0.0541373
0.0533786
0.0608366
3.45913
0.035114
0.0185139
0.0493671
0.0362367
2.13255
0.0504016
0.019947
0.0208824
0.0287229
0.0310591
0.0476681
0.0613392
0.0440124
0.0622488
0.866118
0.0633841
0.111355
0.0237322
0.0572351
0.731783
2.4524
0.0425228
0.0742436
0.0300314
0.987109
0.0507686
0.0474387
0.0741115
0.0492688
0.0886904
0.0409913
0.0657172
0.0201775
0.944341
1.065
0.0158711
0.0243518
0.011757
0.362388
0.0339343
0.651796
0.0106642
0.0644372
0.053742
2.07267
0.023548
0.284342
0.022984
0.0485097
0.042787
0.0491767
0.0535044
0.011175
0.1051
0.0181997
0.566721
0.10035
0.0373889
0.0277998
0.0354929
0.0859551
0.0368607
1.41668
0.0577332
1.16371
0.0289171
0.0662364
0.0509484
0.0579836
0.0604007
0.0172829
0.0448115
2.38988
0.0361736
0.0444225
0.0418788
0.0275766
0.0249088
0.148997
0.0511389
0.0312848
0.783594
0.0446025
1.28724
0.715361
0.499182
0.0233964
0.0247837
0.0484522
0.0802782
0.0138507
3.15478
0.0587591
0.0252064
1.43366
0.0214093
0.0235339
0.0191127
0.0223909
0.817201
0.982484
0.019471
0.823727
0.0384926
0.0795791
1.19399
0.0479273
0.620263
0.0247032
0.443009
0.118397
0.0755778
0.0144192
0.0120376
0.0271179
0.0200162
0.0369249
0.610821
0.0122261
0.0153666
0.0197313
0.0351944
0.0823366
0.0324321
1.16272
0.021385
0.161012
0.0640503
0.0343391
0.165679
0.164365
0.0267788
0.0170657
0.890146
0.0368189
0.0403345
0.111105
0.121317
0.044445
0.032639
0.0328977
0.0320395
0.0337946
0.532749
0.0718785
0.0326391
1.53897
0.0232055
0.0245993
0.0389044
0.027196
0.958577
0.0426226
0.0358293
0.040455
0.039323
0.0455633
0.071586
1.51774
0.580451
0.0541873
0.0222858
0.0274847
0.0735907
0.0365399
0.0364904
0.0302878
0.0190836
0.0734743
0.854792
0.086217
0.0665446
0.0201991
0.0936096
0.0990626
0.0562554
0.660918
0.808795
1.49145
0.604403
0.105805
0.0368083
0.0465512
0.0490319
0.0046625
0.102187
0.63234
0.00779156
0.041436
0.0286704
0.0769039
2.00986
0.0306538
0.0722227
0.268694
0.142049
0.0812669
0.0654157
0.0933529
0.0133743
0.0175436
0.117288
0.0227124
0.0341407
1.20424
0.0396119
0.0499675
0.0788851
2.8972
0.0557588
0.0221117
0.0328802
0.270347
0.792171
1.78899
0.0750825
0.0242344
0.062241
0.0402407
0.0294479
0.612459
0.573323
0.102808
0.10491
0.0989631
0.0347915
0.959716
0.099965
0.0132245
0.0176033
0.0107694
0.0707765
0.0576853
0.0802633
0.0362088
0.0248292
0.0526514
0.00453736
0.0278232
0.0410579
0.0503687
0.0492833
0.0181999
0.0330641
0.0342559
0.374081
0.0353006
0.0791285
0.0210435
0.252286
0.0175712
0.113449
0.0589035
0.0325678
0.0467517
0.0283248
0.907176
0.0437692
0.276889
0.0261365
0.0165937
0.245169
0.00797751
0.448496
0.060396
0.0321486
1.32933
0.052793
0.0240953
0.0286503
2.11955
0.0500715
0.0244841
0.0183681
0.0145126
0.078474
0.318546
1.08452
0.0333395
0.018997
0.0340836
0.393615
0.0559505
0.0723358
0.899392
0.0090528
0.00669756
0.0120237
0.0596052
0.435697
0.0172005
0.0668581
0.0377989
0.0309498
0.0330265
1.77522
0.0249862
0.0365353
0.0248693
0.0970634
0.037894
0.00716453
0.0255991
0.0246769
0.0218607
0.00479768
0.0268784
0.119979
0.0764476
0.048495
0.0687953
1.20262
0.0367919
0.0930349
0.582695
0.0188335
0.055614
0.0307437
0.0476341
0.194698
0.0500221
0.531834
0.803691
0.0195827
0.77618
0.0325119
0.0129077
0.955149
0.896108
0.0339577
1.11443
1.28224
0.0410279
0.241942
0.0727462
0.0615637
0.338184
0.022373
0.0171399
0.0332901
0.0397003
0.00937829
0.0339287
0.30608
0.0886417
0.0591264
1.67694
1.27281
0.0425431
0.037805
2.33784
1.05627
0.0666786
0.0354177
0.0565772
0.111219
0.958169
1.15235
0.0286088
0.0316511
0.14683
0.84291
0.059809
0.0222415
0.0277782
0.422188
0.00759392
0.852799
0.063661
1.06394
0.0199651
1.46605
0.0282722
0.79365
0.297608
0.0250054
0.988712
0.570434
1.07559
0.763006
0.0313256
0.0233753
0.0277235
0.0148372
1.13591
0.0411608
0.0868788
0.685165
0.80161
0.0151446
1.94153
0.0262629
0.0465509
0.480865
0.00645284
3.51198
0.057289
0.0971884
0.0957189
0.00538239
0.0269532
0.0160466
0.0184308
0.778933
0.134728
0.0278058
0.0284842
0.0298833
0.0231149
0.180087
4.01043
0.0316772
0.0931276
0.0157533
0.0164441
0.677446
0.0617639
0.0444058
0.0229717
0.023923
0.0168367
0.0807573
0.237026
0.0282691
0.359967
0.181176
0.885114
0.0110078
3.40352
0.0361876
0.182026
0.0398571
0.0358056
0.0114138
0.0259411
0.051641
0.0342245
0.101424
2.86314
0.156637
0.0170368
0.246681
1.19265
0.0251828
0.0820546
0.21275
0.673427
0.0327208
0.0729668
0.054852
0.0359905
0.0558533
0.0455513
0.042903
0.0394543
0.058716
0.0357339
0.0899262
0.0493666
0.015578
0.0277097
0.0624181
2.01002
0.0972659
0.0462107
0.0979523
2.53515
0.0440302
0.0480421
0.0598583
0.0416493
0.0327319
0.0261394
0.0807701
0.0592193
0.0603667
0.0465587
0.0747377
0.0831146
0.0453115
0.0953502
0.0531617
0.0691299
1.20775
0.0480328
0.028442
0.0177251
0.0311363
0.200297
1.29037
0.108572
0.0313173
0.0773869
0.0628761
0.0523155
0.0360064
0.0436435
0.439831
0.406525
0.0193015
0.0687337
0.169694
0.744276
3.17025
0.044611
0.992911
0.047213
0.0778191
0.0417741
0.0602379
0.0388743
0.116763
0.0770744
0.0270838
0.0331166
0.0151234
0.0225906
0.0467826
0.0654477
0.0366127
1.14676
0.0382816
0.331128
0.053688
0.0844746
0.0373499
0.0393265
0.0940797
0.0398582
0.0842585
0.0171539
0.0629174
0.0372832
0.0133169
0.587555
0.011676
0.177934
3.4087
0.0231758
1.28335
0.046773
0.0411823
0.276471
0.0229679
0.0230377
0.0503797
0.0322237
0.0646012
0.0256587
0.381576
0.0341085
0.697947
1.3296
0.0200534
0.229695
0.160918
0.397287
0.142447
0.0835349
0.110578
0.112624
0.0473692
0.00546079
0.231246
0.0584244
0.393515
0.527821
0.0549806
0.04165
0.106585
0.0677899
0.286049
0.0341316
0.150653
0.754083
0.820154
0.0459679
0.0306104
0.0426379
0.0233679
0.0803088
0.0438433
0.185037
0.0559975
0.0264578
0.0669028
0.012011
0.668943
0.435239
0.038357
0.0188173
0.128446
0.0402104
0.027625
0.0254341
0.0127384
0.0517655
0.169643
0.110029
0.0705353
0.0614852
0.038818
0.508699
0.0198154
0.0476233
1.23861
0.162998
0.023238
0.0994167
0.0221054
0.350572
0.626268
0.106422
2.12032
0.0435905
0.124267
0.0542583
0.0340054
0.0883476
0.0463872
0.0715964
0.604093
0.0922136
0.0243836
0.0207488
0.0196089
0.0200786
0.00680324
0.0263797
0.0257825
0.0443104
0.0289655
0.0112791
0.0370812
0.1039
0.0731923
0.0437706
0.130374
0.0542978
0.0397878
0.656623
0.137269
0.0807358
0.0454759
2.7661
0.0340618
0.130258
0.0175184
0.0174231
0.0782334
0.154006
0.0168322
0.0540985
0.140308
0.0246514
0.0418
0.0371149
0.0350604
1.0944
0.0674179
0.0347559
0.0482549
0.0270989
0.101996
0.719799
0.0167728
0.0590015
0.0520789
0.51302
0.0321622
1.08374
0.119044
0.0274081
0.0211474
0.0785889
0.0297529
0.541884
0.0218097
0.0863667
0.131988
0.524338
0.0127572
0.123605
0.675765
0.0462468
0.0295865
0.0437115
0.0206926
0.0703589
0.0339905
0.0324121
0.0395759
0.77757
0.0426586
0.0221869
0.0301901
0.0173633
0.0253235
0.0527734
0.0364518
0.0474411
0.0405988
0.077918
0.5344
0.0297953
1.16648
0.112773
0.0294855
0.879613
0.039788
0.0110147
0.078338
0.108337
0.00837115
0.0327015
0.0436048
0.0534423
0.0357058
0.0628904
0.0461659
0.0106361
0.0265868
0.0133489
0.0300654
0.380148
0.0131655
0.284919
0.049516
0.0373634
0.0216991
0.0416839
0.0360393
0.0560824
0.122536
0.0103663
0.0807036
0.0385756
0.0724553
0.0830774
0.0300029
0.0590041
0.022139
0.233763
0.0662383
0.0482111
0.904221
0.0361073
0.189367
0.192098
0.999529
0.0389746
0.123588
0.284084
0.0381901
0.0294658
0.0314799
0.0732237
0.0160609
0.0169993
1.35845
0.0360066
0.0354355
0.0867671
0.20867
2.20213
0.105554
0.00915596
0.0179796
0.0464029
0.0352559
2.60871
0.0362988
0.0369435
0.0437861
0.0386179
0.0496216
0.0573519
0.0287382
0.520475
0.0116396
0.0372744
0.0502854
0.0384219
0.106819
0.0285128
0.0587247
0.04141
0.120396
0.836889
0.055191
3.04602
0.0227793
0.0476818
0.163622
0.136376
0.0483122
0.649968
0.013694
0.0352163
0.0172218
0.0441484
0.011434
0.0133308
0.00912398
2.54061
0.368366
0.51546
0.0186476
0.0504006
0.0369155
0.0615608
0.0270034
0.0386422
0.0214739
0.0251869
0.0273785
0.00564293
0.0134999
0.541708
0.0189204
0.0200271
0.0503524
2.11193
0.0169799
1.13651
0.0445357
0.0356496
0.040196
0.0262183
0.0582354
0.940773
0.0154399
0.0356385
1.29104
0.0158065
0.0320744
0.0616286
0.096053
0.0352325
0.0830695
0.0318393
0.352336
2.53581
0.0662041
0.0929182
0.070072
2.32975
0.0662997
0.0720387
0.0221297
0.339575
0.0342431
0.013127
0.0622706
0.0365872
0.0773579
0.0269342
0.0242739
0.0257232
0.0203135
0.0330775
1.26074
0.787842
0.0454293
0.0150547
0.00766264
0.0537602
0.0912856
0.0200792
0.656173
0.0205395
0.0428359
0.0325951
0.0729644
0.054158
0.866876
0.0335673
0.00871911
0.0217933
0.0317367
0.0143378
0.0488891
0.0610607
0.0333433
0.228357
0.740934
0.691272
0.0176937
0.0273729
0.0134952
0.0280203
0.0318798
0.0387046
0.0372995
0.00386807
0.00999999
0.686944
0.0564352
0.145022
0.0118943
0.0383901
0.0522083
0.0909698
0.021111
1.25818
0.963231
0.073483
0.0282084
0.0326624
0.0381923
0.0413479
0.0376175
0.406451
0.771223
0.0169815
0.818129
0.0350184
0.0372756
0.0632889
0.0553454
0.0307297
0.0345469
0.024618
0.974612
0.0153312
0.0359822
0.0185829
0.0171234
0.0521965
0.0295074
0.0427609
0.827194
0.954829
3.39179
0.0202114
0.571625
0.0475365
0.00920514
0.0380772
0.0165174
0.772088
1.58342
0.49152
0.0915634
0.0777535
0.0108783
1.01756
0.0610548
4.81288
0.432589
0.438583
0.0423695
0.0159754
0.0803056
0.0577396
0.0231192
0.0242449
0.0166461
0.0748603
0.210503
0.0441797
0.643165
0.223405
0.168484
0.0512179
1.92956
0.0548964
0.0107266
0.0660813
0.0412597
0.0295402
0.263665
1.69327
0.040407
0.0696929
0.0254071
3.03241
0.022896
0.0133974
0.125921
0.0565049
0.019949
0.0538803
0.127119
0.137754
0.0337362
0.882545
0.0533459
0.0588595
0.030957
0.0745564
2.02143
0.845609
0.0786626
0.430111
0.041587
0.029249
0.0401885
0.012068
2.06598
0.934414
0.681003
0.0629947
1.6241
0.0162041
0.0496629
0.0169245
0.0321748
1.15173
0.0588689
0.0119654
0.0419049
0.0329108
0.0383668
0.0285256
0.0381909
0.0212874
0.0398206
0.0485179
0.768796
0.0726695
0.0147302
0.988223
0.0204101
0.0595088
0.693813
0.0511258
0.0422531
0.0586814
0.0423034
0.0201243
0.0788097
0.0498978
0.0427412
0.063869
0.0336718
0.0104738
0.0155954
1.02898
0.0136921
0.955455
0.0118095
1.2092
0.00902973
0.506111
0.748899
0.0266055
0.00831015
0.0163734
0.0836833
0.662545
0.0220965
0.058445
0.030446
0.0223757
2.92723
0.0236871
0.0799766
0.0366165
0.0135662
0.0586962
2.37443
0.0298901
0.031387
0.463362
0.575652
0.0300172
0.0879063
0.655452
0.158835
0.0337263
0.0483315
0.0969889
2.50078
0.0379194
0.123286
0.0677568
0.0689696
0.0133157
0.0301858
0.039416
1.22949
0.0594324
1.35872
0.016961
0.019497
0.788562
0.691703
1.24903
0.0169847
0.0657504
0.739597
1.00648
0.0183652
0.052863
0.0324301
0.0258359
0.0580368
0.0199397
0.0215136
0.0226215
0.0300204
0.855177
2.58201
0.0266447
0.0993946
0.0199443
0.0417432
0.123129
0.587884
0.0382135
0.0124899
0.0942796
2.93259
0.0627621
0.126901
0.0520932
0.0196841
0.0903346
0.249181
0.0245955
0.0471989
0.0315863
0.525531
0.0268652
0.0755657
0.102329
0.0331559
0.0262384
0.0453066
0.114369
1.2971
0.0341674
0.0978471
0.662097
0.0147425
0.798184
0.0385021
0.0396451
0.0394824
0.123235
0.0629493
0.0352428
0.699016
0.0373307
0.0321639
0.0442511
0.0349495
0.0204702
0.0476505
0.0182307
1.16751
0.0344975
0.0253211
0.868286
0.0272811
0.0285258
0.0258542
0.857086
0.0239669
0.82112
0.0261526
1.08716
0.0422576
0.445373
0.0287745
1.06458
0.0140737
0.00933401
0.0172377
0.0503691
0.569458
0.010089
3.49498
0.0704346
0.0231225
0.078087
0.023768
0.00697451
0.032231
0.0354999
0.0367683
0.63887
0.0962461
0.00558073
0.0258894
0.731788
1.63487
0.0260695
0.0139649
0.0440262
0.498746
1.84877
0.959299
0.0220809
0.0111933
0.00965757
0.0267407
0.0543066
1.07088
3.08733
0.45789
0.784124
0.0144904
0.567984
0.676232
0.786997
0.0189159
0.0135963
0.0267932
0.0683178
0.0284732
0.0402249
0.0625623
0.0820859
0.615056
0.492834
0.0486461
0.0149821
0.108189
0.221376
0.0342175
2.26214
0.0460796
0.0502045
0.0660055
0.0285476
0.0791005
0.018202
0.0315718
0.0119927
0.0519534
0.0386752
0.0692415
0.0271172
0.0381788
0.0343526
0.0451587
0.0320059
0.0552572
0.110771
0.0423896
0.0393792
0.0378994
0.0244117
0.0487297
0.0493457
0.0341618
0.107329
0.0435077
0.0747364
1.07544
0.0639139
0.0324842
0.051164
0.323456
0.934016
0.0197342
0.11546
0.0360598
0.0658028
0.0173108
0.0868224
0.0437897
0.0519302
0.0489487
0.0238904
0.211724
0.858117
0.0317098
0.0331321
0.035735
0.625186
0.025915
0.151628
0.899418
0.0131448
0.016954
0.0211581
0.0179807
0.0122939
1.12169
0.667876
0.0378424
0.0374521
0.029266
1.93324
2.94645
0.176213
0.0502471
1.36453
0.0288397
0.031962
0.0237112
1.43211
0.0625793
0.0303384
0.0343707
0.0147866
0.0207116
0.141429
0.116839
0.00751939
0.0790846
0.107545
0.0181274
0.410833
0.0595743
0.0325096
0.0275004
0.0385241
0.075
0.0285787
0.00943578
0.0700854
0.0449475
0.0176345
0.0181935
0.028773
0.0201009
0.055903
0.0424276
0.0312823
0.0415729
0.0635216
0.0413749
0.0812995
0.0597559
0.020263
0.0453104
1.96087
0.398633
0.0250907
0.0299245
0.0408249
0.0512299
0.038185
0.101723
0.0149537
0.0091171
0.154706
0.0278335
0.0770897
1.09716
0.143437
1.33601
0.158392
0.0978804
2.02097
0.635564
0.0459937
0.0493279
0.0554889
2.61649
0.0272867
0.0939628
0.022721
0.043147
0.0810016
0.386981
2.38009
0.0328031
0.0626185
0.787326
0.0186168
0.0614999
0.329635
0.07404
0.0623962
0.0531266
0.0455446
0.0712603
0.973761
0.0787812
0.0827161
0.0201295
0.047069
0.0381857
0.0606133
0.0251328
0.0467183
0.0825241
0.163208
0.0208421
0.0282981
0.042183
0.0732141
0.0670753
0.435334
0.0865997
0.0682786
0.0451196
0.0702592
0.80076
0.0591007
0.0198087
2.29371
0.0825636
0.0438103
0.0689938
0.0206548
0.0592337
0.0328724
0.0429791
0.0697182
0.0320035
1.24314
0.126683
0.0465603
0.0725423
0.019504
0.555365
0.0462547
0.0482685
0.127214
0.131903
0.0457669
0.194634
0.339649
0.123628
0.0615407
0.122685
0.0657258
2.45123
0.0885192
0.0175614
0.379031
0.0616291
0.666403
0.026154
0.511428
0.0394403
0.0262791
0.0651204
0.0678319
0.144406
0.0288759
0.0149455
0.078754
0.0345085
0.0757107
0.0323134
0.0725727
0.0537351
0.0230319
0.0196879
0.057035
0.0548279
0.0532333
0.0459228
0.0568572
0.0330016
0.0114421
0.0793823
0.0271871
0.684643
0.0423375
0.0136557
0.0281371
0.648425
2.05187
0.870505
0.286827
0.0307549
0.0892732
0.0577053
4.35047
0.018766
0.0317226
0.069114
0.101891
0.232009
0.0433191
0.0311317
0.0302983
0.0183114
0.0407013
0.0641906
0.0368474
0.0483023
0.0337632
0.0409369
1.90506
0.0231105
0.0636261
0.0233826
0.0277677
0.0298885
0.0774701
0.060798
0.545658
0.911458
0.981657
0.0591421
0.0325022
0.0732598
0.0132421
2.77159
0.03019
0.0368667
0.0586528
0.381179
0.0397573
0.0142871
0.757368
0.0724714
0.034715
0.0546466
0.0205824
0.0326335
0.109556
0.0225855
0.0258764
0.035111
0.0478496
0.306049
0.0234675
0.0203754
0.0593378
0.0246558
0.0344968
0.0271448
0.0184279
0.0370376
0.0248359
0.454589
0.0265726
0.0451375
0.0334514
1.02025
0.0481531
0.054345
0.0284969
0.0799192
0.438029
0.0382147
0.0264702
0.0587331
1.1553
0.119073
0.0542042
0.0785557
0.0690125
2.7298
0.0575044
0.0554485
0.0416332
0.0766902
0.0605285
0.0101793
0.253106
0.405881
0.058955
0.0527006
0.282991
0.0410259
0.0254927
0.0329819
0.0197741
0.0441838
0.0602896
0.022998
0.0146763
0.0538003
0.0524815
0.0732945
0.067026
0.0283464
0.0318101
0.0347207
0.0409459
0.0551111
0.061643
0.0196613
0.0287938
0.0112005
0.0440719
1.46304
0.0568482
0.0337609
0.0408165
0.0289597
0.0315897
0.104681
0.0540244
0.0505199
0.023645
0.0228344
0.0167093
0.990975
0.0284554
0.468437
0.0427577
0.0300309
0.0466569
1.25292
0.0371668
0.0166932
0.0370286
0.0224625
0.412113
0.0177616
0.0218584
0.0883235
0.148784
1.20183
0.0300082
0.550594
0.0548545
0.06125
0.0446435
1.20514
0.00630975
0.897904
0.00928112
0.0424991
0.0165328
0.00546606
0.887229
0.0279047
0.073963
0.057566
0.0401286
0.0209813
0.918254
2.12185
0.0521111
0.122794
0.0419701
1.29081
0.0391709
2.9069
0.0761598
0.0367023
0.879056
0.0785086
0.045246
0.9876
0.0226073
0.0132274
0.833372
0.0211456
0.514469
0.0617531
0.00882368
0.0239208
0.0273063
0.00797163
0.00804403
0.133802
0.00736097
4.22704
0.0438311
0.0857312
0.0261252
0.0674561
0.41657
0.0280646
0.707039
0.0283286
0.0318676
2.33209
0.55472
0.0165205
0.0441458
0.322185
0.010084
0.00813178
0.203971
0.0271357
0.034587
0.0590709
0.00860461
0.192222
0.222885
0.042314
0.0205427
0.216437
0.0541692
0.0609079
0.0388137
0.0374084
0.0289497
0.0418418
0.0229107
0.0411057
0.0412396
0.0230741
0.0360126
0.0212481
0.0549334
1.73089
0.0297449
0.876844
0.0173594
0.14047
0.0201192
0.0478897
0.0296086
0.022441
0.0978379
0.0434015
0.0312881
0.0143325
0.0847521
0.0339843
0.474118
0.920901
0.642932
0.0141165
0.0202834
1.23161
0.0294995
0.00831202
0.0324051
0.0110904
0.200662
0.024144
0.619914
0.0696644
0.664594
0.0153541
2.24022
0.0291025
0.0404075
0.0327383
0.0670248
0.0953141
0.0461404
1.78462
0.76473
0.078076
0.0503715
0.0466132
0.0236897
0.0795063
0.0530324
0.0953922
0.0260632
0.104578
0.0140974
0.0498766
0.0741062
3.81883
0.0202481
0.65189
0.0594434
0.0458823
0.0424062
0.0372841
0.07265
0.195773
0.0717858
0.0473551
0.0575291
0.81368
0.0556842
0.111636
1.14635
0.0647174
0.885248
0.0512166
0.795114
0.230921
0.0734527
0.0189571
0.0276783
0.0524622
0.0856011
0.0430949
0.0353291
0.641368
0.0137132
0.0460281
0.0789733
1.41051
3.46241
1.57539
0.0392578
0.00727009
0.0639954
0.0539603
0.0530272
0.0278286
0.0115286
0.920058
0.0173666
0.0297214
0.868745
0.0459518
0.770364
0.13674
0.16971
0.0318615
0.0584085
0.0407367
0.0267538
0.037506
0.799618
0.0213359
0.0425703
0.0230849
0.497435
0.0574573
0.030696
1.50426
0.0488706
0.04818
0.0194384
0.52347
0.0767148
0.052713
0.619568
0.0304128
0.0438781
0.0206656
0.0261184
0.621409
0.0264677
0.59012
0.0126045
0.0144958
0.0141637
0.0223602
0.0500743
0.0230834
0.10396
0.323519
0.0489407
0.0466447
0.019869
0.0582927
0.862576
1.18287
0.032049
0.0228579
0.0273888
0.537153
0.0233148
0.753147
0.0647628
0.0242612
0.0866951
0.0159215
0.0355683
0.0394748
0.0228044
0.020094
0.790209
0.711578
0.0377954
0.0423849
0.0232422
2.33914
0.636272
0.0453843
0.0132009
0.00503429
0.0418056
0.0224607
0.520777
0.0220902
0.090913
1.24447
0.0252867
0.882424
0.0167916
0.0653556
1.44393
0.0399388
0.0559955
0.0619142
0.0151984
0.0738847
1.4667
0.0661349
0.0734395
0.0199699
3.69091
1.04503
0.0146375
0.0949937
0.0121567
0.0595124
1.07194
0.00649321
0.0337254
0.053682
0.0436516
0.0296337
0.0550383
0.37654
0.0547993
0.139329
0.829466
0.0561295
2.30048
0.569549
0.0221279
0.0571484
0.0188697
0.392962
1.70724
0.0396617
0.0544343
0.0241421
0.0141486
0.812025
0.0349033
0.421611
1.12167
0.04233
0.22369
0.92124
0.0123662
0.116036
0.92055
0.0192982
0.121429
1.6519
0.0712934
0.0302511
0.583119
0.0129375
0.453448
0.0239268
0.00796776
0.586607
0.435878
0.272525
0.0278631
0.0160289
0.811306
0.0201284
0.231093
0.0142426
1.59153
0.0369237
0.0153036
0.0174975
0.471335
0.0129193
0.71083
0.0130417
0.0185038
1.04115
0.0293897
0.108764
0.121065
0.0203459
0.0503693
0.123828
0.0477894
0.0156356
0.0241332
0.0234385
0.0695868
0.661196
0.0959055
0.0174749
0.0395574
0.0330431
2.30298
0.0744764
0.0331019
0.0203169
0.0227851
0.0221512
0.0336373
0.782654
1.04991
0.0516434
0.0335557
0.0325303
0.985613
0.477843
0.0176047
1.10199
0.0106136
1.90716
0.0192474
0.0580989
0.418868
0.0821915
0.0316201
0.636845
0.0260076
0.0370598
0.101253
0.036178
0.114101
0.191551
0.0241989
0.0593991
0.112847
0.856225
0.314911
0.0603118
0.113106
0.0433684
1.07212
0.0316925
0.0240142
0.061046
0.0729401
0.0283821
0.0948834
0.044375
0.0577401
0.0150873
1.35317
0.0435259
0.0277416
0.0355369
0.778078
0.0103653
0.0701655
0.0198342
0.042332
0.0549931
0.0623866
0.0583325
0.0200982
2.54856
0.0122602
0.0205682
0.0261048
0.00471058
0.0106809
0.0168866
0.0938732
0.071082
0.135103
0.0551541
0.0263705
0.0294391
0.0302532
0.0184277
0.11744
0.0151879
0.030278
0.0127754
0.0259216
0.0585788
0.0319136
0.0163322
0.0312175
0.0927714
0.0582099
0.0178511
0.0141822
0.0669219
0.440463
0.00701361
0.0413414
0.0170809
0.0298142
0.0230168
0.387905
0.0745921
1.99878
0.96787
1.14769
1.00754
0.550025
0.0325878
0.0364145
0.0757957
0.00425322
0.0144966
0.0281719
0.0234096
0.0577959
0.0479689
0.0179301
0.0511307
0.0322368
0.0240775
0.0267096
0.377653
0.0565597
0.0166995
0.0218495
0.0434081
1.30445
0.851503
0.0278905
0.035137
0.0257625
0.0250836
0.0517477
0.0316592
0.0496533
0.917081
0.0364312
0.507202
0.0198857
0.0482216
0.0283995
0.740226
0.0413778
0.0524371
1.12941
0.00756187
0.229791
0.0556216
0.0115604
0.0355082
0.479899
0.198343
0.0286241
0.732031
0.0436489
0.0147214
0.0841968
0.0511327
0.0215422
0.0380288
0.0662179
1.65534
0.0287965
0.775985
0.0501253
0.171348
0.926311
0.0181064
0.0114932
0.00701424
1.05568
0.0504264
0.104136
0.160719
0.257112
0.105788
0.241202
0.697063
0.0395804
0.0413517
0.0708265
1.10537
0.025522
0.0152329
0.0673755
0.703118
0.0191232
0.0407412
2.24705
0.0170261
0.0137864
0.0381458
0.032739
0.110022
0.067055
0.164674
0.0843663
0.754836
3.02465
0.0873993
0.0508892
1.17672
1.80414
0.0401785
0.0675177
0.159623
0.0507443
0.0297096
0.0342073
0.0469223
0.0402684
0.106671
0.0589514
0.0722377
0.0247307
0.0986709
0.0211618
0.0457233
1.85779
0.0208048
0.0377533
0.0625492
0.0604477
0.0596102
0.03479
1.99468
0.0486618
0.0447361
2.96366
2.46403
0.0891644
0.0166118
0.0308422
0.0894637
0.275567
1.17499
0.0474344
0.0930392
1.67428
0.0558229
0.127736
0.0533334
0.0528891
0.047884
0.0704926
0.0324633
0.118076
2.37351
1.42332
0.0866613
0.0304102
0.0460551
0.0226864
0.0691749
0.0842852
1.87865
0.0191988
0.139376
0.0568892
1.76821
0.491654
0.0826196
1.12908
0.114934
0.0318823
0.0696751
0.00933273
0.504044
0.314718
0.0282635
0.0150669
0.21447
0.00821397
0.0327215
0.0978475
0.0420632
0.068131
0.0554139
0.0746702
0.256096
0.0455698
0.0377506
0.0320237
0.032694
0.155511
0.0408099
0.0309311
0.918886
0.10774
0.0529207
1.13251
0.0273035
0.0320087
0.239655
0.894392
2.98667
0.0277907
0.749314
0.408153
0.0487437
0.0537165
0.0118702
0.048997
0.153561
0.0496425
0.103621
0.0372816
1.22744
0.0278238
0.970861
0.05086
0.0445051
0.0112382
0.0628142
0.0347233
1.13437
0.0356306
0.0448878
0.0514947
0.0381129
0.0404297
0.0263101
0.068664
0.57358
0.0240193
0.0833725
0.0296693
0.898479
0.565674
0.0179733
0.28991
0.048685
0.912152
0.14551
0.0116797
3.07678
0.171875
0.0424147
0.0226638
0.0598243
0.018948
0.0299358
0.0483377
0.0180476
0.0177147
0.0567793
0.127709
0.0305775
0.016836
0.141287
2.09983
0.0306663
0.0312869
1.84269
2.84846
0.0178013
0.0703024
0.0371985
0.991539
0.0464324
1.6323
0.068499
0.117308
0.0117113
0.0472515
1.2522
0.0825233
1.43478
0.0782011
0.00974529
0.0424567
0.995649
0.767561
0.141532
1.50401
0.0356546
0.108846
0.0340695
0.26176
0.0609042
0.860523
0.0499288
0.032073
0.0820048
0.0325443
0.0121093
0.0288157
0.100254
0.0663263
2.86956
0.0284498
0.0120089
0.0553183
0.0221973
0.0761738
0.117462
0.0612899
0.0502288
0.0499175
0.0152812
0.0151604
0.063977
0.0135746
0.0823772
0.123049
0.0402266
0.0674481
0.125866
0.0402949
0.097501
0.0410365
0.0251015
0.0217836
0.467709
0.0105993
0.978408
0.0180869
0.0295394
0.0815545
0.0258906
0.0182903
0.74384
0.0519009
0.120572
0.0405716
0.00927196
0.0429281
0.0791082
0.00958039
0.0909565
0.0338133
0.0306848
0.0478847
0.0350657
0.0545442
0.0424285
0.0216503
0.0115267
0.0279604
3.47479
0.0676772
3.1871
0.915359
0.0857008
0.0731321
0.0633589
0.0182836
0.0241355
0.0232408
0.0171973
0.0261596
0.0227956
0.0516413
0.045876
0.0318026
1.34363
0.0232111
0.0167503
0.322749
0.0129383
0.0197892
0.0264428
0.0515712
0.0635223
0.0401544
0.0293233
0.0109676
0.115827
0.0203094
0.107632
0.038606
0.0524207
0.0439425
0.223986
0.0166217
0.0839337
0.0209862
0.0281241
0.214072
0.034709
0.0206978
0.0153893
0.00844371
0.0500316
0.114204
0.0395753
0.211236
0.752616
0.0469385
0.0421236
0.0401416
0.0831303
0.989381
2.89256
1.98589
0.0192023
0.0579655
0.100682
0.031354
0.0852547
0.0395464
0.0496053
0.0617126
0.448276
0.0614837
0.043819
0.126089
0.032627
0.0457783
0.0220143
0.145789
0.0347077
0.00259902
0.392486
0.00695212
3.7597
0.0531216
0.0223448
0.67257
0.0588594
0.00772367
0.00927268
0.0396857
0.0745877
0.0195412
0.055278
0.043688
0.265523
0.0153524
0.0157237
0.721697
0.00748711
0.0111341
0.0257295
0.676915
0.041996
2.35934
0.0429142
0.0116174
0.316647
0.0138426
0.0640138
0.0348897
0.0377514
0.0298963
0.0720193
0.0560696
1.07064
0.0313045
1.14301
0.716743
0.559692
0.0876255
0.0240008
0.0282433
0.044152
0.0285688
0.0842435
0.0487864
0.0318903
1.04833
0.0339932
1.03615
0.0223364
0.0803073
0.0121667
0.0255619
0.334181
0.0801115
0.0237577
0.115243
0.0868237
0.0789142
2.09786
0.0298927
0.0774001
0.052948
0.0431871
0.915953
0.0637083
0.0571685
0.0864549
2.44035
0.0172001
0.0521676
1.26777
0.0560189
1.74434
0.0408178
0.0476754
0.0222263
0.0618332
0.137223
1.57202
0.0696583
0.0389472
0.649318
1.86547
0.0373691
0.0168492
0.0178409
0.0651453
0.142243
0.0130924
0.122861
0.874083
1.0119
0.0182656
0.0766852
0.00766847
0.0656617
0.0488771
0.733425
0.669761
1.48144
0.0442521
0.0312126
0.0593912
0.0240053
0.0288813
0.0165754
1.35895
0.0354182
0.0308432
0.0284872
0.0497961
0.0292154
0.812921
0.0238743
0.0451538
0.0148593
0.0218581
0.013333
0.0243554
0.253817
1.71225
0.630514
0.00299869
0.861564
1.25996
0.00478539
1.44661
1.52081
0.117848
0.0545814
0.0218868
1.07503
0.0123847
0.0275713
0.0694391
0.0542305
0.0708505
0.0504233
0.0827545
0.46228
0.0299702
0.112897
0.0288439
0.0465701
0.080506
0.023861
0.0433782
0.041117
0.0524736
0.0317088
0.0490242
0.0288247
0.117523
0.0854301
0.589349
0.0229537
0.91414
0.0183454
0.132872
0.0347132
0.0213282
0.0307713
0.0143216
0.0118587
0.0106023
0.0227728
0.689472
0.0548583
0.879353
0.0153729
0.0172182
0.0238644
0.0177397
0.011717
0.0139742
0.720927
0.026432
0.0929755
0.021626
0.127279
0.0261933
0.0267917
0.0508623
0.0351235
0.101066
0.0809128
0.0249251
1.30657
0.538737
1.20562
0.127772
0.789763
0.0997029
0.98133
0.878704
0.0678922
0.0167421
0.0317076
0.031538
0.0435045
0.970714
0.802081
0.0370081
0.0193264
0.0297792
0.0255003
0.0151831
3.07806
0.0435459
0.0857224
0.336666
0.688645
0.144675
0.0763231
0.0143027
0.0466814
0.06281
0.040348
0.142954
0.0169173
0.0603223
0.0192079
0.0723957
0.094293
0.962294
0.0307504
0.307976
0.0279301
0.0297239
0.877353
0.0728419
0.599678
0.0272638
0.507823
0.701403
0.713946
1.56773
1.17338
0.0275169
1.35707
0.0318403
0.0347907
0.00912695
0.00641466
0.0550302
0.0171306
0.0981012
1.07595
0.00701138
0.0711255
1.06688
0.740711
0.0246074
0.116695
0.158731
0.297474
0.0317505
0.883108
0.790379
0.402454
0.202882
0.0294812
0.060332
0.0498848
0.0258697
1.47504
0.0239229
0.973778
0.0226515
0.570519
0.0248387
0.0249462
0.0997491
0.737043
2.9837
0.0336448
0.392501
0.0653178
0.030577
0.0101817
0.026571
0.035211
0.0312967
0.0487161
0.968302
0.0298647
0.350396
0.0255005
0.0422543
0.0300071
0.0111859
0.824353
1.23487
1.46733
0.01129
0.0344855
1.05016
0.0418431
0.0299124
0.0443196
0.398775
0.0371124
0.0339161
0.0126325
0.0455713
0.0592544
0.127671
0.0138671
0.0296546
0.470918
0.142816
0.0373009
0.0389063
0.0539731
0.0679778
0.0633759
0.0813839
0.0308746
1.18573
0.00848138
1.11138
0.0388319
0.0846223
0.0628971
0.055501
0.0315399
0.048074
0.0511133
0.716297
0.0798906
0.0488571
0.0527883
0.049818
0.110557
1.90182
0.0383684
0.0365904
0.0422025
0.0530094
0.0217696
0.100774
0.0228623
0.048393
0.0437495
0.0424558
0.054644
0.0624645
0.0193492
0.0541092
0.0565836
0.0212214
0.123356
0.0168279
0.0655591
0.528093
0.302143
0.0819051
1.09643
1.3135
0.0271405
0.0750895
0.0216397
0.0448393
0.0317613
0.0278054
0.845718
0.172504
0.0215297
0.071631
0.0278819
0.0483031
0.0305496
0.0376683
0.0454683
0.0270325
0.0301753
4.27462
0.0071239
0.0296307
0.0512994
0.104172
0.955126
0.0110176
0.606591
0.0551594
1.76119
0.0913259
0.0309987
0.309394
0.0336536
0.0385509
0.0658571
0.0398506
0.0632035
0.025951
0.0808038
0.414
0.0257539
0.0976847
0.0376625
0.0471443
0.104645
0.0211177
0.131904
3.40156
0.0346337
0.251254
0.0390525
1.78194
0.0157306
0.183961
0.0749427
0.0576032
0.0333299
0.0222275
1.50428
0.033161
0.152527
1.54842
0.0412837
0.107214
0.0403946
0.0859799
2.47099
0.0459521
0.779908
0.0573627
0.0368332
0.0546763
0.0499638
0.0542576
0.0563472
0.131605
0.0565318
0.777676
0.0441326
0.0232303
0.0534359
0.165809
0.0444164
0.122759
0.0148861
0.0550443
0.0367043
0.0669753
0.0352419
0.172927
0.64183
0.0174868
0.840033
0.0259058
0.039161
3.76639
0.0868741
1.41352
0.0310038
0.0269188
0.0350745
0.131707
0.0447736
0.136043
2.95918
0.0486651
0.0355495
0.0521147
0.0367968
0.0163979
0.0993397
3.11216
0.0505927
0.186279
0.040753
0.0337438
0.0802774
0.0492213
0.084142
1.59418
0.0594499
0.0808545
0.104812
0.0351919
0.0239681
0.0410025
0.00209489
0.78545
0.0243917
0.0208431
0.025345
0.00547456
0.0434379
1.63306
0.0242631
0.0688687
0.0685245
0.0186038
0.120985
0.0321123
0.0413491
0.0657965
0.0232853
0.154977
0.0418641
0.0658087
2.77205
0.109059
0.0733839
0.015902
0.0557469
0.120004
0.0646718
0.034655
0.0862366
1.91895
0.0225717
0.0399389
0.0694613
0.0294547
0.0577291
0.89827
1.28832
0.114528
0.0204529
0.554776
0.0691456
0.0491601
1.40882
0.0600877
0.0336718
0.0996826
1.10953
0.035168
2.07552
0.369095
0.0112674
0.0428899
0.0255883
0.0495001
0.0340386
0.377995
0.0314667
0.0264406
0.688425
0.147418
0.00482519
0.0439946
0.0790485
3.65263
0.0286574
0.0250715
3.86543
0.0864878
0.0587725
0.0246336
0.0252483
0.0467795
0.932845
0.0477316
0.073409
0.0477818
0.925929
0.801266
0.680672
0.0396992
0.61589
0.072606
2.96501
0.0415208
0.0395497
0.0225903
0.0709888
0.0201754
0.569164
0.0138817
3.72919
0.0771523
0.226339
0.688942
0.0350428
0.601344
0.0163449
0.0634202
0.0430255
0.0329456
0.0543065
0.0650238
0.0350252
0.036284
0.098859
0.0406132
0.00661777
0.0253542
0.185519
0.0389451
0.025591
0.0384492
0.0877254
0.579673
0.0450465
0.136771
1.18503
0.857768
0.0670322
0.115063
0.0503173
0.0378918
0.0466883
0.10538
0.076873
0.0594538
0.617037
0.0271751
0.0463747
0.0122399
1.247
0.0206508
0.10195
0.0623341
0.0557113
3.00724
1.11909
0.0280172
0.0385971
0.0671547
0.402162
0.0301958
0.807087
0.111249
0.0156208
0.0449805
0.0561026
0.0411977
0.00722116
0.806162
0.0419457
0.883253
0.0526872
0.404653
0.0433633
0.0308828
3.3313
0.0277284
0.0217712
0.017874
0.522198
0.0422877
0.0647505
0.0220117
0.00512999
0.0509791
1.81077
0.0193138
0.0793153
0.0383151
0.0321069
0.0257772
0.00404838
0.0123422
0.551621
0.0640572
0.0452418
0.962107
0.0218002
0.00873809
0.0195798
0.0312727
0.0930977
0.686884
0.0271758
0.0429053
2.62499
0.0161909
0.0229588
0.0237381
2.31369
0.0273188
0.0276409
0.030195
0.0354776
0.00814443
0.0181438
0.0191396
0.030485
0.0227878
0.0256432
0.0233932
0.0465705
0.0503863
0.195996
1.03365
0.026864
0.102581
0.0264101
0.0241659
0.0454499
0.0761289
0.0413165
0.0815156
0.0411513
0.119782
0.0424577
0.0703546
0.0431839
2.48636
0.0725396
0.424863
0.00954265
0.0404184
0.288662
0.027208
0.0251809
1.20301
0.278476
0.0261189
0.0347937
0.0298819
0.0351
0.0626515
1.11223
0.0262788
0.0322569
0.312624
0.047309
0.018949
0.0333779
0.00938029
0.0214928
0.0160802
0.0120636
0.0256946
0.40315
0.0330622
0.0468155
0.0815199
0.0468313
0.67064
0.0544783
0.0175004
0.0743735
0.448419
0.0308261
0.0239455
0.0499961
0.0258964
0.0363521
0.0391526
0.729998
0.770425
0.126447
0.00744424
0.245702
0.0455311
0.0601108
0.134387
0.0274288
0.0913475
0.838709
0.0432496
0.0707748
0.0546694
0.0478256
0.25814
0.127538
0.034235
0.310142
0.0756787
1.28831
0.0350831
0.900135
0.039004
0.0583194
0.0124687
0.0372908
0.0383662
0.0100949
0.0271679
0.0265806
0.0465671
0.777832
0.0599889
0.0206418
0.101776
0.0205388
0.0534805
0.0113071
0.110315
0.0156171
3.48354
1.56541
0.0517884
3.10337
0.019932
0.733018
0.061953
0.851907
1.56304
0.0220275
0.0501928
0.107755
0.679035
0.0973554
0.0179391
0.00932828
0.108015
0.0264512
2.58733
0.0379852
0.0743727
0.072839
0.0252972
0.0617707
1.43571
0.0368222
0.0403592
0.0276483
0.131686
0.0646873
0.0340415
0.0433529
0.450963
0.032955
0.0372023
0.0723298
4.24289
0.0651041
0.165056
0.0143772
0.0757045
0.0224334
0.154072
0.0358731
1.03093
0.154434
0.0299805
0.687918
0.0215753
0.0747165
0.0468723
0.058125
0.0436601
0.0247805
0.0606787
2.63732
0.00866476
4.33524
0.0614843
0.0451926
0.925776
1.01172
0.0375065
0.0222317
0.0681316
0.40581
0.0596177
0.0564148
0.0236719
0.0360935
0.0632766
1.63504
0.694813
0.055463
0.0325273
0.033766
0.0485609
0.0136452
0.0326893
0.0432552
0.0357981
1.07569
0.0233551
0.12456
0.0165161
0.437959
1.05522
0.0293445
0.0173316
0.0121188
0.0258388
0.42942
0.0314159
0.0167708
0.0737082
0.0306616
0.0685648
2.70888
0.06056
0.0235598
0.0432866
0.679549
0.016238
0.0272987
0.0119449
0.029836
0.0250293
0.0208496
0.0163301
0.0217692
0.0178846
3.6513
0.0236436
0.654262
0.00488432
0.0193398
0.0343544
0.0394565
0.0490233
0.0263356
0.0567923
0.0125309
0.520701
0.0258992
0.0197467
1.49964
0.0562657
0.0688648
0.0303332
0.016996
0.0438776
0.0498707
0.143268
0.0197823
0.016403
0.185252
0.0253918
0.540002
1.34351
0.909463
0.00535682
0.0360323
0.0201165
0.0196366
1.5084
0.291238
0.0469762
0.0362032
0.0290015
0.717811
0.0447998
0.0436485
0.00958443
2.11858
2.8622
0.0275877
0.0409185
0.0408117
0.0276484
0.0415264
1.49416
0.0305468
0.323649
0.389677
1.01714
0.00767424
0.0246587
0.690144
0.0216656
0.0501427
0.0471519
0.0184609
0.150272
0.0207789
0.0302554
2.49397
0.941389
0.0507616
1.26963
1.1855
0.0200558
0.0193788
2.14114
0.0349278
0.0143079
0.0433307
0.0927139
0.0302051
0.0496115
0.066928
0.0100838
0.535084
3.88401
0.81176
0.0432983
0.172025
0.0238556
0.775118
0.0445548
0.0257193
0.0964019
0.0567567
1.09047
0.0237217
0.0212015
0.0572838
0.0192226
1.01324
0.486476
0.575845
0.725788
0.0117337
0.0795876
0.818677
0.025497
0.777596
0.0382774
0.0220277
0.0762114
0.0261398
0.0603181
0.0489587
1.06092
0.014205
0.0158712
0.0335426
0.979836
0.0328319
1.2826
0.945247
0.112252
0.0360482
0.0275044
0.0187985
0.827401
0.018234
0.0628903
0.0273187
0.102751
0.552798
0.896321
0.91434
0.0100708
0.050115
1.15532
0.0338362
0.0420348
0.603329
0.0622237
0.0261371
0.0610455
0.756455
0.0822395
0.126058
0.0729822
0.0780749
0.0314816
0.0431314
0.0208068
0.0273098
0.175183
0.803195
0.710841
0.0104908
0.0440593
0.494278
0.041604
0.0173342
0.0485986
0.023074
0.795865
0.0554421
0.0219125
0.592164
0.0465538
0.0325201
0.0420921
0.0123609
0.0246983
0.00967418
0.0299111
0.114782
0.0447844
0.0371789
0.525963
0.0281759
0.0097071
1.13585
0.00918123
0.019564
0.0487828
0.0452639
0.0444793
0.0326863
0.0842841
0.194941
0.0358672
0.097378
0.0574196
0.0486873
2.89485
0.0476577
0.0427645
0.0466395
0.0332061
0.0205788
0.071361
0.129999
0.0204493
0.0820964
0.0644569
0.0189088
0.496996
0.0550445
0.0305275
0.0898825
0.0464961
0.0542976
0.0333165
0.0417266
0.0324759
0.0558359
2.1554
0.0258782
0.00690008
0.0492347
0.766005
0.0435445
0.00455882
0.0442439
0.0216865
0.0894191
0.0470475
0.112804
0.0517251
0.0541852
0.0329959
0.0400477
0.0501296
0.066888
0.0273208
0.128502
0.0422258
0.0864429
0.763329
0.274853
0.0954765
0.0478518
0.0506828
0.0448115
0.849168
0.0284713
0.0294092
1.22215
0.0304329
1.47608
0.517427
0.47166
0.0420672
0.0705436
0.320848
0.0332404
0.0328172
0.0196864
0.0632988
0.0763767
0.0364007
0.0473606
0.0719087
0.0323528
0.0860539
0.542946
0.00464859
1.56787
0.0177385
0.0302138
0.0115395
0.0249759
0.123295
0.723281
0.048194
0.0580162
0.0263699
0.102426
3.13431
0.035568
0.1277
0.0704292
0.0559375
0.0317818
0.0367289
0.0217857
0.0296844
0.0912958
0.0440016
0.0717633
0.0145797
0.272336
0.00239098
0.834967
0.543099
0.0641077
0.529715
0.0411836
0.518574
0.506523
0.0129488
0.331713
0.10144
0.0340574
0.0772661
0.057939
0.0446644
0.151942
1.45596
0.842663
0.08096
0.0202408
0.0392306
2.72287
0.0208556
3.38555
0.0464513
0.0479163
0.0749566
0.0258522
0.0874158
0.072047
0.063397
0.0279282
0.0422293
0.244533
1.81476
0.0254491
0.0353055
0.071757
0.0224429
0.0146599
0.025794
0.0474028
0.0611414
1.36414
0.0546122
0.0297903
0.16683
0.043675
0.26585
0.0493381
0.0660575
0.0651475
0.0634238
0.0654013
0.0636167
1.58433
0.0294468
0.0600888
0.0937824
0.748475
0.0364163
0.0503102
0.0400774
0.0137417
0.0533399
0.0945777
0.0125622
0.0544239
0.0560182
0.0670585
0.130995
0.023077
0.0913566
0.0707247
0.0437906
0.0191667
0.00609325
0.617027
2.07723
0.0759571
2.01853
0.0590133
0.046241
0.0587934
1.85369
0.0268043
0.0945577
0.058701
0.0263135
0.542343
0.0298156
0.0418919
0.024784
1.34789
0.182893
0.266844
0.223605
0.0154834
0.0599816
0.0906225
0.0984267
0.0542943
0.0326913
0.0326159
0.026641
0.0109884
0.0172426
0.0745235
0.0571399
0.126951
0.0290342
0.0730888
0.0266204
0.00123257
1.21674
0.8127
0.0345931
0.0126091
0.0279598
0.0208671
0.0344189
0.076556
0.498064
0.273136
0.673715
0.0249944
0.0222756
0.295631
4.20679
0.121046
0.080132
0.573846
0.0736444
0.652829
0.321454
1.0298
0.0992832
0.0439556
0.0653961
0.0103209
0.378279
0.079924
0.022866
0.0348945
4.12316
0.0177423
0.081218
0.0715062
0.395455
0.454697
0.0935855
0.0686012
3.63241
0.0579005
0.0127249
0.0839651
0.0350856
0.0255561
0.0270837
0.0473809
0.0187234
0.0123144
0.837686
0.75852
0.068614
0.0236338
0.0677468
0.0428137
0.065456
0.0492649
0.71206
0.0410532
1.35818
0.0460926
0.402131
0.0432933
0.595708
0.0591943
2.85565
0.026568
0.486011
0.0982974
0.0202637
0.0281013
0.0822602
0.0301958
0.0340483
0.58649
0.0368242
1.87776
0.487198
0.0772022
0.0378292
0.0209699
0.0446833
0.0783368
0.0541249
0.0178314
0.921237
0.00893989
0.0486399
0.0513018
0.0370852
0.676003
0.0154448
0.0673647
0.0207538
0.0687319
0.84004
0.0380583
0.0114279
0.088608
0.0567217
0.0768197
0.0876088
0.0425224
0.185325
0.37713
0.0257248
0.0170475
0.0351955
0.0425933
0.0529253
0.046373
0.0163386
0.040666
0.0162341
0.043893
0.00885987
1.45278
0.0481667
0.0124917
0.92981
0.38462
3.33271
0.077064
0.0267722
0.0513372
0.0432654
0.0350912
0.0495645
0.11787
0.0727478
0.023539
0.0152264
0.620861
0.471911
1.64999
0.0648041
0.271828
0.0607708
0.114038
0.0576226
0.0344988
0.058788
0.0401599
1.15323
0.0622832
0.00908682
0.0179873
0.0181965
0.039384
0.0540924
0.0261604
0.0169311
0.0388378
0.778945
0.0159941
0.0383489
2.36655
0.708356
0.0745667
0.0398101
0.0659465
0.383285
0.033194
0.083993
0.0200891
0.709351
0.0347755
0.0328096
0.0349918
0.0662509
0.0646361
0.0698829
0.0265817
0.0341201
0.0196961
2.87009
0.0163758
0.0234754
0.0851637
0.0637792
0.0590983
0.039369
0.0372956
0.0330952
0.013954
0.0165872
0.0255837
0.0199797
0.0528941
0.0612041
0.0290861
0.472602
0.0509411
0.0790988
0.469859
0.0199213
0.0433777
0.0231318
0.0361162
0.0863217
0.0363008
0.0446319
0.0482839
0.961532
0.0105563
0.385652
0.0502486
0.7903
0.0264177
0.102377
0.0116011
0.0143286
0.0302854
0.0666787
0.533556
0.0325181
0.0432723
0.0114412
0.027926
0.025569
0.347828
0.358915
1.14173
0.0569005
0.040161
0.0409246
0.0226793
0.559189
0.0460456
0.0137039
0.0555385
0.0455955
0.0284733
0.0684438
0.0614168
0.0522395
0.664545
0.804099
0.0480691
0.975431
1.21699
4.88871
0.0833271
0.261423
0.0748751
0.0170485
0.0816172
0.0438372
0.137449
0.0657568
0.0267916
0.259281
0.0895826
0.699111
0.0189184
0.155666
0.223636
1.27414
0.0342787
0.0390094
0.0357808
3.23484
0.83317
0.0361095
0.0242429
0.0420435
0.0232821
0.00987658
0.0349775
0.0332228
0.0909046
0.0207764
0.0120603
4.38048
0.0406578
0.0293462
0.0227184
0.0221878
0.36013
0.0223567
0.638144
0.0560947
0.0240362
0.0253768
0.0350655
0.333604
0.00715053
0.0183621
0.02409
0.38653
0.039106
0.053673
0.0360581
0.074945
0.0511315
0.0174236
0.11008
0.11554
0.0660364
3.19907
0.0369107
0.0226362
0.0569779
0.0326046
0.0173838
0.266241
0.0156594
0.0355314
0.253835
0.0105992
0.101554
0.0571188
0.0214251
0.0361641
0.0464768
0.066227
0.0828011
0.0929499
0.0956975
0.0373988
0.0614954
0.0527414
0.0508972
0.0807881
3.865
0.0171774
2.56139
0.0118935
0.0257463
0.279856
0.0505173
0.0655203
0.511408
0.470726
3.65238
0.0167619
0.0213722
0.0166278
0.0497594
0.97928
0.0375776
0.0651649
0.0314219
0.0290998
0.0249423
0.810135
0.0287769
0.0136646
0.0319362
0.990954
0.0501437
0.0161
0.209066
0.00717341
0.0368506
0.0500828
0.0960717
0.0219433
0.0493519
0.0664174
0.0346524
0.0643908
0.0288615
0.973401
0.0344341
0.829112
0.131927
0.0297308
1.09451
0.058006
0.704171
0.025719
0.0445268
0.0224438
0.0432055
0.035297
0.0229731
0.0352534
0.640386
0.0570341
0.133317
0.0225179
0.490565
0.0486013
0.0426956
0.0302234
0.974168
0.0240091
0.0142138
0.0831415
0.069681
0.0428221
2.71537
0.0190262
0.472407
0.0226214
0.0257074
0.701197
0.0137031
0.0359263
0.0483735
0.0778828
0.0534113
0.0224773
0.0407887
0.0142657
0.0348897
0.542064
0.0453272
0.0100356
0.0498034
0.0368002
0.0363518
0.0465432
0.0219264
0.0253903
0.0218284
0.0555832
0.600511
0.024677
0.0300593
0.027334
1.03171
0.0183991
0.122853
0.963874
0.046876
0.0442352
0.0191734
0.00725445
0.894732
0.0655546
0.688352
0.0388018
0.0270505
0.0657572
1.30097
0.0488805
0.028342
0.0144859
0.0154481
1.7726
0.0184501
0.0355055
2.01918
0.811808
0.0432925
0.962347
0.0423389
0.0140182
0.289329
0.0399336
0.130793
0.0569709
0.322813
0.0233048
0.0440047
0.0165491
0.0756455
1.26458
0.891509
0.0565475
0.820187
0.010862
0.745271
0.0265444
0.0275114
0.212641
0.0256116
0.0183845
0.0351583
0.047506
0.0310038
0.0335721
0.0216192
0.0608414
0.0910532
0.0151619
0.0378331
0.144574
0.0545945
0.0139816
0.011665
0.0235856
0.574851
0.020271
0.995911
0.0482617
0.486022
0.0314228
0.0133392
0.659221
0.0616556
2.40607
0.0232586
0.0430097
1.13197
0.0301385
0.0125489
0.0193822
0.230094
0.00937448
0.0350207
0.035697
2.51912
0.0355153
0.0294447
0.0534866
0.0344822
0.693152
1.02428
0.022835
0.749725
0.0376575
0.0366216
0.43061
0.0282322
0.782217
0.0512228
0.952258
0.0185501
0.0482271
0.00384112
0.029648
0.0258325
0.0266698
0.0187457
0.135525
3.25597
0.0425619
1.11205
1.33718
0.0328447
0.0337578
0.0166683
0.0135678
0.0627726
0.0665988
0.610229
0.0782296
0.0229665
0.00873867
0.0349496
0.042031
0.0179844
0.0692878
0.0302071
0.633801
0.0200784
0.0200053
0.135563
0.964057
0.0260887
0.0492151
0.0317351
0.0431845
0.0275268
0.240056
0.690108
0.0243663
0.0250103
0.0341967
0.844816
0.123147
1.77924
0.0649493
0.0502321
0.0702746
0.0681316
0.0708369
0.137558
0.0716906
0.0467857
0.0396011
0.0528038
0.0322465
0.0527399
0.0317186
0.0469629
0.0359538
0.0195789
0.0623287
0.0313155
0.0401679
0.0907488
0.0168925
0.0607849
0.0317543
0.0735804
0.0522337
0.0334715
0.0132285
0.530081
0.0349317
2.82767
0.0790361
0.0316329
0.0516216
0.0572459
0.0218298
0.0483559
0.0577186
0.0305833
0.04766
0.0333247
0.958255
0.0314048
0.00667828
0.0756069
0.0441444
0.0553724
0.0392591
0.0320517
0.028557
0.263223
0.0580783
1.349
0.0287427
0.0290505
1.66551
0.711789
0.282207
0.0115644
0.0557211
1.17279
0.00964515
0.0598249
0.0312997
0.104915
0.0209187
0.0136095
0.111123
0.198246
0.0374548
0.0748023
0.0236224
0.0688029
0.0244152
0.0351637
0.0354381
0.0314241
0.00748436
0.025814
1.69573
0.033542
0.03983
0.0409324
0.0141587
1.49967
0.0776903
0.600405
0.0659321
0.0255761
0.0581809
0.118633
0.0266859
0.0621495
0.019767
0.243722
0.162779
0.0655857
0.0238765
0.161383
1.00897
0.152716
0.0372222
0.0169554
0.00904535
0.00765273
0.0562621
0.383206
0.313863
0.0271939
0.0401088
0.0449393
0.237152
0.0133005
0.0416357
0.0205013
0.093054
0.567181
0.0804236
0.0514842
0.091964
0.120382
0.0564504
0.0801301
0.950924
0.063203
0.063887
3.79818
0.0874665
0.0800171
0.0592461
0.0380287
0.0667123
1.12702
0.0407852
0.0471199
0.031549
0.0500399
2.05473
0.0265451
0.0796514
0.0755869
0.0226346
0.0315315
0.0529986
2.78587
0.0401616
0.00777618
0.0272093
0.019957
0.200313
0.0455404
0.269766
0.0654382
0.0487645
0.0445326
0.0532789
0.0546166
0.0190782
0.0270645
0.0618199
0.0455721
0.0141273
0.082637
0.0115395
3.41325
0.074879
0.0470872
0.0163106
1.72914
0.0361056
0.768733
0.035538
0.0320364
1.01808
0.532805
0.0379216
0.0357797
0.029553
0.0416958
0.893703
0.0361265
0.0452102
0.03506
0.0413403
0.0230406
0.0609506
0.0362322
0.171418
0.0120062
1.91331
0.0550823
0.0302082
0.0993877
2.98273
0.18628
0.0134418
0.213989
0.0214214
0.136861
0.0769867
0.0248626
0.0201943
0.0432485
0.77166
0.073907
0.706532
0.0167946
0.0783396
0.0487199
0.0424464
0.0536067
0.0617665
0.0320357
0.0701856
0.109671
0.0551963
0.0491332
0.816192
0.488187
0.745539
3.37436
2.4544
0.675266
0.0229653
0.0213635
0.0746393
0.0116149
0.0347764
0.0478354
0.0305803
0.022304
0.403047
0.0472062
1.0747
0.433179
0.980494
1.39647
0.0439979
0.0328662
0.0329949
0.0100965
0.581047
0.0117607
0.0507848
0.0377458
0.0375811
0.038284
0.0497384
0.103448
1.37848
0.0379215
0.0326491
0.0222861
0.0241139
0.0653507
0.0167492
0.0126872
0.0617046
1.22175
0.0336655
0.0244595
0.0316802
0.0479143
0.0185777
0.879814
0.596594
0.0468236
1.57486
1.0667
0.0631984
0.0135163
0.872438
0.078535
0.0093105
0.098402
0.0214942
0.0323547
0.00906128
0.0860634
1.27376
0.0316576
0.0720428
0.0164877
0.217742
0.0580784
0.0148929
0.0600768
0.0137772
0.0335067
0.0458513
0.0682776
0.0655824
0.0277524
0.0275695
0.038754
0.0655954
0.0119253
0.041396
0.0698847
0.030957
0.0119311
0.0228382
0.0276169
0.0212951
0.0355313
0.0936805
1.79942
0.0373095
1.52382
0.0446529
0.0895758
0.0155335
0.0488676
0.0506523
0.0549168
0.0413923
0.0972602
3.78822
1.65357
0.0307424
0.062118
0.115087
0.0127161
0.0260992
0.0281782
0.979271
0.0509549
0.0782898
0.0112236
0.0444204
0.0605615
3.37764
0.0114919
0.0720286
0.259336
0.0886421
0.0451633
0.0260164
0.150162
2.75913
0.0323844
0.0171525
0.0375239
0.0246132
0.0231681
0.114411
0.0502247
0.055322
0.0111219
0.0358052
0.0154452
0.0435317
0.0361654
0.0383452
0.0698882
1.35272
0.0288295
0.052946
0.0441787
0.0878294
0.0278675
0.0415156
0.0532778
0.0428312
0.0819627
0.454026
0.0813912
0.0407615
0.654036
0.0241757
0.0186621
0.874123
0.202012
0.0499635
0.81463
0.844774
0.0319198
0.033899
0.123881
0.0235153
0.0463776
0.140919
0.119431
0.0329029
0.0211621
0.00828062
0.063953
0.0368205
0.0107097
0.0355582
0.127366
0.0339809
0.0217256
0.558416
0.0458257
0.0499736
0.0219054
0.0820017
0.0285881
0.0537544
0.07151
0.0983641
0.0353723
0.0419148
1.5295
0.084935
0.0226332
0.080777
0.0550315
0.035835
0.0166077
0.0776332
0.0337062
1.18633
1.64956
0.541607
0.0365165
0.0738458
0.0265914
0.0531512
0.00329119
0.126923
0.0503552
0.0296841
0.0241412
0.0635087
0.026751
0.0643528
0.0572116
0.134898
0.584434
0.903265
0.0269589
0.218435
0.646955
0.0166576
0.0548772
0.0858228
0.831533
0.0505595
0.061693
0.0421829
0.0170387
0.0544773
0.0871652
0.0957418
0.0291635
0.145392
0.045343
1.63705
0.0286645
0.0219509
0.181489
0.0645132
0.039153
0.0245456
0.282952
0.0505786
0.0610084
0.0365307
0.0432461
0.0645194
0.0373234
0.0262393
0.14061
0.0431532
1.29805
0.0169346
0.022499
0.0618189
3.43874
2.74835
0.019069
0.00460772
0.0394894
0.0209942
0.880374
0.00687978
0.0357702
0.779477
0.0105753
0.0519131
0.015525
0.0266515
0.0312452
0.0380189
0.0527853
0.0928306
0.0526113
0.0370949
0.108376
0.01978
0.0109978
0.0467303
0.0139085
1.19632
0.0975841
0.0352377
0.00320203
0.069266
0.0544113
0.0739701
0.0468352
0.0644787
0.0214026
0.01451
0.0311239
0.0174292
0.072929
0.0141656
0.0101552
0.111216
0.563648
0.742293
0.0388967
0.0291694
0.0170352
0.543379
0.0513229
0.0379053
0.881874
0.0442793
0.0797061
0.0673412
0.0407687
0.0219919
0.0566868
0.0540323
3.04131
0.145865
0.0598798
2.90955
0.190941
0.904322
0.142196
0.00758477
0.920292
0.0434696
0.0412124
0.0805963
0.0366023
0.077851
0.0435505
0.0281783
0.0391221
0.0994594
0.08767
0.041195
0.0302263
0.0744029
0.0853687
0.0621424
0.0262228
0.0437378
0.0735173
0.0512563
0.00873034
0.027628
0.0146198
0.0213085
0.0252529
0.954932
0.0166051
0.0560812
0.0288126
0.891477
0.0287942
0.00852507
0.0658823
0.0404932
0.497288
0.0400258
0.0254052
0.0220188
0.0109879
0.022522
0.0087734
0.689791
0.0314085
0.0288584
0.0196878
0.433446
0.0192631
0.0485771
0.0326759
0.0366311
0.724776
0.0235185
0.0113233
0.0140842
0.0135462
0.0119296
0.0562853
0.00943188
0.629243
0.6017
0.0756993
0.532832
0.7744
0.0102629
0.0722336
0.0330556
0.0218928
0.0566242
0.0215157
4.14715
0.288336
2.08409
0.0596334
0.023727
0.749896
3.43083
0.0209688
0.0247366
0.855902
0.0399328
0.0146075
0.0246572
0.0512881
0.0283601
3.00658
0.0735732
0.0454531
0.406109
0.0445732
0.0390459
0.208209
0.0181479
2.43022
0.0120711
0.327882
0.304845
0.0229573
1.50728
0.0140271
0.0623088
0.357219
0.0184453
0.0458043
0.0709123
0.00709861
0.0471689
1.07202
0.727752
0.0500565
0.0154987
0.0506535
0.0427266
0.0262221
0.0487192
0.997311
0.0371716
0.610683
0.0200235
0.817739
0.0295235
0.0314335
0.0299314
0.0399446
1.59699
0.0306283
0.239268
0.0142232
0.0592973
0.0301777
0.0380368
0.0420842
0.00567285
0.0125378
0.0458303
0.0325149
0.903198
2.79011
0.0220501
0.0613634
0.0536045
0.0289779
0.0539269
0.692272
0.405248
0.0662756
0.0190798
0.0355295
0.107751
0.0476693
0.029384
0.0683971
0.537683
0.0240462
0.521865
0.0192885
0.0208004
0.0287389
0.0491389
0.0530807
0.0331871
0.0405971
0.0346415
0.272146
0.0349869
0.015691
0.0442944
0.0228557
0.0425166
2.7318
0.0534294
0.0293788
0.902524
0.0760541
0.851922
0.0372172
0.022813
0.0218855
0.584482
0.0131236
0.112306
1.42333
0.970544
0.032157
0.0655152
0.0294006
1.09713
0.664178
0.0487479
0.0588753
0.0276763
0.0389364
0.0356379
0.406485
0.0692
1.06932
0.0368156
0.0509502
0.854291
0.0350546
0.0707172
0.0219901
1.09494
0.0294941
0.151608
0.0813892
0.0798498
0.0289573
0.500145
0.00764605
0.0497957
0.0185383
0.0252663
0.0229698
0.736275
0.0265763
0.1907
1.05678
0.0438009
0.0311979
0.0267155
0.102544
0.0268629
0.0562549
1.40525
3.02977
0.0202009
0.0424534
0.4359
0.0340394
0.0187501
0.0254042
0.0661334
0.491037
0.0100224
0.0338882
0.132835
0.0529447
0.0323335
0.0298415
1.2666
0.0786497
0.0269457
0.049933
0.0220563
0.0600724
0.0885226
0.037548
0.040222
0.0324018
0.0364742
0.143882
0.00483015
0.0122627
0.0598281
0.0602762
0.117573
0.0217604
0.0819188
0.0200546
0.0924399
0.0687087
0.0569781
0.107293
0.646127
0.0432938
0.0402177
0.041593
0.605141
0.0366257
0.0937484
0.0493622
0.124904
0.0414178
0.0344986
0.0400444
0.0237789
2.83019
0.0379519
2.0724
0.0519578
0.0582184
0.0572353
0.0490756
1.0775
0.0785449
0.0269359
0.180666
0.0573026
0.0883641
0.649503
0.0647917
0.0529874
0.0531948
0.028059
0.0588249
0.894878
1.05522
0.0318828
1.02282
0.00825122
0.777974
0.500621
0.0227497
0.0536718
0.810928
0.0963301
0.0248076
0.0216207
0.0582925
0.0631348
0.027491
0.0197164
0.0500214
0.0734835
0.0796373
0.123782
0.0508903
0.04897
0.0731257
0.0473363
0.0257027
0.0479417
0.0282375
0.0518261
0.0277282
0.0728266
0.141708
0.0175824
0.213794
0.0633615
0.0102253
0.0385031
0.0389112
0.811636
0.0535802
0.0343577
1.3945
1.83454
0.0310194
0.177196
0.0131691
0.779115
0.0139259
0.0588743
0.106845
0.0298811
0.0293294
0.0502715
0.728101
0.013331
0.0163233
0.0163654
0.0617856
0.289563
0.174984
0.135832
0.127017
0.115999
0.0903661
3.16693
0.053577
0.0558687
0.0288266
0.0458416
0.0451704
0.0310041
0.213759
0.0616251
0.117196
0.100351
0.0587681
0.0637648
0.0545542
0.027587
0.100127
0.0280306
0.717133
0.0645705
0.0738546
0.0461213
0.0434563
0.0475596
0.0278177
0.0388254
0.0833492
0.0402517
0.0282637
0.048241
0.120135
0.00966113
0.0557212
0.0193844
0.0286135
0.0502683
0.0339678
0.030206
0.0752863
0.0219686
0.021751
0.0476846
2.59026
0.0551537
0.0642561
0.0509296
0.0982565
0.0324891
0.340498
0.0632584
0.0504096
0.0434808
0.0909269
0.0607878
0.0234353
0.0155803
0.035999
0.0778996
3.25572
0.719518
0.0926617
0.0322344
0.0463691
0.0458961
0.0241921
0.0482992
0.0535551
0.0390399
2.06787
0.115788
1.064
0.115742
0.0151177
0.0222374
0.135462
0.0266011
0.010277
0.0810034
0.129351
1.22739
0.482361
0.114669
0.0490282
0.133308
0.0426458
0.0650887
1.83949
0.035258
0.049296
0.0182072
0.0599638
0.435566
2.11048
2.09956
0.0328753
0.0406356
0.98105
0.106237
0.0572697
0.065902
0.0468583
0.0675337
0.0311079
0.0520135
0.0301507
0.0301325
0.0128748
0.0274633
0.0588184
0.0278824
0.0414865
0.016846
0.0265197
0.075336
0.291982
0.0690138
0.177916
2.49128
0.0439422
0.0373277
0.0378828
0.0492107
0.114799
0.07303
1.2286
0.925716
2.45029
2.1196
0.0999601
0.0400353
0.0454047
0.013536
0.0508103
0.679549
0.173163
0.054852
0.0434256
0.0295332
0.0838132
0.0437743
1.51519
0.0270339
0.0378577
0.0419697
0.0384006
0.0108262
0.0372416
0.0301837
0.0455729
0.0232633
0.0376205
0.698941
0.0414631
1.25624
0.0263561
0.0357067
0.00990217
0.0174199
0.0715034
0.0587439
0.0776184
0.758515
0.0201072
0.079079
0.035872
0.103405
0.0273598
0.0161752
0.0481822
0.0447941
0.291766
0.0136511
0.0389504
0.0362027
0.0357685
0.0800507
0.0484787
0.0307
0.0220601
0.0211328
0.0328349
1.59767
0.042351
0.0107758
3.32513
1.93791
1.55609
0.487604
0.369094
0.012812
0.131112
0.0286953
0.0340761
0.0333684
0.0511108
0.0184113
0.0419252
0.054395
0.0575184
0.0356306
0.0486538
0.0527521
0.0865647
0.0583739
2.8976
0.293727
0.0119861
0.738889
0.0375
0.0728911
0.0260412
0.0382486
0.0315205
0.00974935
0.0361326
3.32031
0.0774664
0.0590341
0.533728
0.0706539
0.04856
0.0742289
0.0279214
0.760771
0.104358
0.0266521
0.0445914
0.0718926
0.82395
0.0527962
0.0438855
0.0464913
0.032599
0.0371856
0.106911
0.0205509
0.330868
2.06339
0.105455
0.0174437
0.0522998
0.0479718
0.0376687
0.0352539
0.0495536
0.0211673
0.0293382
0.0225375
0.0383241
0.00470565
0.0246133
0.02994
0.0487647
0.0626745
0.0417725
0.0211904
0.111588
0.121831
1.18761
0.0201649
0.0187336
0.0268511
0.0737538
0.0369601
0.459837
0.0422
0.75722
0.0227513
0.599278
0.50238
0.848232
0.0616489
0.745336
0.0333011
0.0250469
0.0186724
0.0430502
0.0220338
0.0201546
0.0675097
0.0311802
0.818314
0.0224746
0.0236955
0.0698044
0.0480133
0.0190078
0.0152723
0.0623473
0.0744806
0.0511327
0.0182698
0.0439433
0.0240879
0.0118327
0.0692519
0.0974112
0.0513698
0.0337243
0.0137329
0.0163465
2.27851
0.0284487
0.56296
1.79917
0.02262
0.381918
0.083435
0.2812
0.0166414
0.194252
0.0262763
0.0199704
0.0465682
0.0268362
0.106994
0.0636954
1.43964
0.0240755
0.0576312
0.0462131
0.0132953
1.07167
1.74148
0.444413
0.8047
1.15711
0.0229083
0.0657509
0.0331896
0.211323
0.098508
0.037607
0.0213245
0.0426678
0.662956
0.503369
0.835104
0.346801
0.0504079
0.1084
0.0582723
0.0536967
0.0621496
0.0880311
0.0209961
0.954761
0.0601345
0.0197922
0.0269807
0.0245528
0.0848198
0.647844
0.0268833
0.0242943
0.0261653
0.861346
0.0272378
0.0435065
0.0541608
0.0261207
0.0556773
0.0430993
0.0191919
0.675223
0.0638788
0.0533968
0.604648
0.073884
0.0130702
0.0246116
0.130442
0.0552283
0.0740025
0.0147325
0.0172822
0.439234
0.00484229
0.726161
0.0210931
0.042642
0.0191938
0.00929768
0.0138788
0.234035
2.16965
0.175963
2.67977
0.015634
0.070564
0.0200404
0.360844
0.0215118
0.0936891
0.0635844
1.77721
1.0969
0.0147136
0.0737024
0.0366974
0.14724
0.0265004
0.0357537
0.0551747
0.201246
0.0868448
0.0372164
0.0251113
0.275783
0.0247244
0.0504395
1.97971
1.71931
0.0498171
0.0673585
0.0707589
0.0438732
0.0707285
0.00711401
0.0133761
0.0171805
0.0465707
0.129269
0.0290375
0.0361083
0.0676541
1.23788
0.0949367
0.0615522
1.50644
0.0760362
0.0137271
0.0464546
0.0129057
0.0434148
0.0511527
0.134474
0.00679658
0.028094
0.963585
1.12038
0.0379409
0.0777425
0.694516
1.32951
0.0324489
0.0589465
0.0452649
0.0186999
0.515426
0.0191208
0.0420697
0.0154998
0.0261825
0.0268129
0.935766
0.0243159
0.0129932
0.0455457
0.0654346
0.75864
0.0240339
0.0400066
0.119644
0.0297455
0.101197
0.940229
0.0384059
1.95224
0.0558049
0.0222339
0.0127083
0.062159
0.0425245
0.0217603
0.0226449
2.23457
0.374173
0.136035
0.288873
0.022079
0.0304974
0.563512
0.016189
0.253927
0.021364
0.0133476
0.0192116
0.0306854
0.024274
0.0280644
0.0522255
0.0122794
1.16843
0.0258904
0.186131
1.24562
0.0315522
0.0583362
0.0368411
0.0347557
1.78108
0.0480958
0.0243304
0.126176
0.0222541
0.0114525
0.466867
0.0138266
0.246515
0.806662
0.823989
0.0651439
0.0278315
0.410956
1.37756
0.0454936
0.066582
1.21927
2.00355
0.080667
0.0216194
0.00566657
0.0175363
0.022355
0.0313016
0.0381159
0.0489022
0.0479283
0.114284
0.0147742
0.614061
0.0344641
0.0383699
0.0153446
0.00624812
0.0395851
0.110588
0.0346682
0.466521
0.0260608
0.894854
0.031347
0.217347
0.0223649
0.0461235
0.0162206
0.0403218
0.0236154
0.00982058
0.554855
0.0450478
0.0349177
0.0293808
0.021341
0.00984465
0.070777
0.732319
1.03687
2.67546
0.447305
0.0460299
0.05848
0.0554639
0.0415368
0.0313383
0.0209792
0.0173814
0.0157758
0.10531
0.0310903
0.0286007
0.00750162
0.548262
0.0469359
0.355633
0.708288
0.957733
2.59438
0.0303348
0.0633699
0.0846068
0.0283655
0.0556207
0.0356961
0.125379
0.221397
0.0227759
0.0319684
0.0164988
0.0334903
0.880921
0.0183374
0.0320747
0.0307294
0.0403271
0.553507
0.0370464
0.0181846
0.00476345
0.301979
0.385096
0.041574
1.06722
0.0109938
0.015051
0.0348657
0.0153231
0.0158271
0.0613008
0.711131
0.0344426
0.0510419
0.0364952
0.0675124
0.0207745
0.030957
0.0258749
0.176943
0.0683174
0.354153
0.0216123
0.0480393
0.0412949
1.72495
0.0540424
0.0338903
0.00980673
0.457921
0.026885
0.0410445
0.0110623
0.0261822
2.81709
0.0247447
0.0452799
1.12495
0.0361433
0.0165948
2.27039
0.0187106
1.04302
0.0376733
0.0588579
0.0316262
0.0366667
0.344771
0.0208929
0.0336645
0.0628051
0.0430376
0.0312993
0.0206522
0.0305631
0.116992
1.17567
0.0402054
0.212835
0.0404898
1.12988
0.0249729
0.0223878
0.0298372
0.0276845
0.068145
0.0745404
0.0390458
0.0588335
0.0673046
0.0558376
0.0189089
0.0984851
0.0687153
1.93042
0.0567274
0.0461973
0.0325843
0.0172466
0.0361307
0.0587353
0.0905199
0.0193332
0.0463365
0.900288
0.0446507
0.0296494
0.0463947
0.0271396
0.603274
0.114087
0.0388656
0.0611055
0.033849
0.0330638
0.0350721
3.04187
0.0360107
0.114178
0.0167506
0.0413198
0.0382547
0.0355844
0.0410112
0.0555338
0.0859869
0.175284
0.0146491
0.0607613
0.179073
0.023468
0.0856897
0.0171294
0.0447982
0.809649
0.0210716
0.0677048
0.00925483
0.193559
0.0131912
0.0142538
3.47293
0.031331
0.0663381
0.126369
0.0142673
0.0679183
0.0521934
0.0315989
0.0120568
0.0392581
0.0106804
0.110965
0.0352142
0.0183819
0.0116586
0.768559
0.0387536
0.0598961
1.24238
0.0134395
0.22979
0.031364
0.997161
0.0521974
0.0552169
0.127869
0.0400519
0.0801094
0.0344488
0.0677922
0.0599862
0.0427525
0.0861202
1.27818
1.13916
0.0615252
0.407186
0.0313588
0.0336943
0.0450055
0.0203295
0.0330735
1.59607
0.0259631
0.0323455
0.340464
0.0295593
0.033585
0.0606344
0.0134369
0.0287738
0.0321583
0.0100997
0.0268889
1.07431
0.280728
0.143644
1.19487
0.0570853
3.65677
0.255721
0.929091
0.0136215
0.46161
0.0206895
1.16171
0.0338047
0.0419912
0.515555
0.0728493
0.0457256
0.0688627
0.0855866
0.0253404
0.0803132
0.037165
1.16399
0.0111067
0.201896
3.24334
0.0428781
0.121351
0.77282
0.626548
0.0354529
0.0372371
0.0644989
0.130856
0.0266344
0.0258339
2.64511
0.053353
0.0670473
0.0715188
0.03969
3.1744
0.0557636
3.66136
0.0318224
0.173541
0.727387
2.31711
0.0193725
1.08652
0.0500137
0.174626
1.74937
0.0572325
0.0561065
0.0868713
0.0250533
0.0823384
0.0761657
0.0730955
0.0386565
2.81383
0.0423158
2.50743
0.061502
1.33824
0.038406
0.128313
1.39649
0.0716328
0.0395963
0.0560744
0.0258927
0.0524036
0.0320647
0.081906
0.029612
0.79101
0.0624783
0.610643
0.0871772
0.028015
0.0574749
0.150127
0.0511579
0.191917
2.80087
0.023751
2.62863
0.0424033
0.0100608
0.0874609
0.0443426
0.0472285
0.054632
0.0123432
0.0623851
0.0462822
0.0408586
0.0632927
0.0500573
0.157233
0.0246728
0.00916804
0.0799087
0.25001
1.39452
1.23618
0.150602
0.0863646
0.0687817
0.0286335
0.153661
0.0168263
0.0300898
0.0594458
0.0451708
0.62329
0.39215
0.361076
0.0186533
0.100971
0.0927797
0.0598692
0.00533119
0.499462
0.569584
0.0908461
1.85823
0.0281491
0.0174162
0.0615357
0.0573586
0.00842396
0.0574356
0.0375899
0.0571788
0.0448184
0.0110943
0.079168
0.0365813
0.029807
0.041226
0.0355868
1.85741
0.1115
3.37813
0.010114
0.0371568
0.0743654
0.241823
0.0356268
0.113693
0.03995
0.0366928
0.0305025
0.327537
0.0401739
0.0696039
0.048101
0.99514
0.089008
0.0414362
0.0553444
0.0252858
0.0172577
0.0219641
0.0230614
0.0767017
0.0485856
0.0534944
0.199293
0.0688331
0.0644838
0.0752938
0.0299995
0.0601685
0.00925772
2.9773
0.0229018
0.0429978
0.12686
0.0323107
0.012506
0.0839495
0.0314037
0.0625617
0.841217
0.637778
0.0601451
0.0118284
0.0179224
0.0253454
0.028219
3.92669
0.102341
0.0725926
1.35087
0.766988
0.0451351
0.068664
0.0698691
0.0719657
0.0672129
1.35491
0.00615278
0.0926583
1.08452
0.0601546
0.0423215
0.142582
0.0769852
0.0284069
1.12509
0.143945
0.0604246
0.0544255
0.0467961
0.015042
0.0323201
0.0313409
0.0210648
3.26906
0.0292435
0.017345
0.440806
0.00881843
0.0598662
0.030361
1.21177
0.0428702
0.718851
0.0540907
2.80629
0.0216166
0.0808749
0.0339214
0.0438666
0.0354655
0.029375
0.0371229
0.0275533
0.0359567
0.0307236
0.845491
0.0572925
0.0153452
0.500597
0.0343581
0.0348
0.0476848
0.0142272
0.0571814
0.0299709
0.0267261
0.0452835
0.0347586
0.00712136
0.0587247
0.0433344
0.0591359
0.0266517
0.970511
0.595816
0.00716912
0.0535202
0.114305
0.0838408
0.0259121
0.0228824
0.03629
0.717615
0.0102004
0.0501424
0.0164063
0.0566445
0.0234425
0.0445559
0.0252835
0.0413479
0.0716636
0.0289259
0.747967
0.740945
0.0720865
0.036153
0.0747349
0.106429
0.0434767
0.05421
0.0815895
0.0125279
0.0455921
0.0379614
0.893901
0.0187951
0.0633814
0.0203438
0.130965
0.0191441
0.0438745
0.0496409
0.31069
0.077246
0.00669671
0.0379044
0.0589191
0.0338378
0.00983583
0.0782894
0.0713614
0.552965
0.0422635
0.576
0.0108224
1.01222
0.0135004
0.051112
0.203598
0.155069
0.0223516
0.0371666
0.0283538
0.0498031
0.0130399
0.0463139
0.101187
0.0206761
0.155239
0.47271
0.0402054
0.0348207
0.0240307
0.0337573
0.025799
0.0242078
0.214662
0.0865489
0.047613
0.038979
0.0592244
0.0662649
2.01507
0.892186
0.0834805
0.031375
0.0679647
0.0585381
0.570954
0.059195
0.095124
1.45128
0.0113479
0.0174059
0.0430472
0.120417
0.0288028
0.0265241
0.736139
0.0322379
0.528625
0.037866
0.0235286
0.0336987
0.0475545
0.0158603
0.0179501
0.0516187
0.174856
0.0606492
0.0426156
0.0151105
0.0148227
0.0219056
0.95003
0.119778
0.0513846
0.616339
0.449627
0.0504875
1.48933
1.06425
0.0320694
0.0443688
0.0221713
0.0727349
0.023351
0.0298161
0.021592
0.075792
0.0281317
0.699326
0.0266539
0.0329398
0.0327326
0.772754
0.0378091
0.0229454
1.46236
0.102791
0.0523169
0.0862217
0.0377102
0.174197
0.395546
0.234163
0.0357702
0.0128073
0.00923559
0.0643546
0.0193383
0.307545
0.0071769
0.0546748
0.049106
1.91369
0.0415496
0.0283738
0.115251
0.13112
0.117099
0.302871
0.105048
0.543095
0.0215317
0.024454
0.0443029
0.373173
0.0185643
0.126988
0.0685168
0.438236
0.0472459
0.0552991
0.110368
0.0494488
0.0327823
2.02849
0.0139169
0.0377308
0.0393852
0.0636597
0.0283233
0.0322025
0.0207009
0.0591074
0.00759703
0.0791414
0.925383
0.0105872
0.0536251
0.0245896
0.0199884
0.0745823
2.31692
0.386688
0.28036
0.0340156
0.995927
0.0122951
0.136122
0.617168
1.10248
0.0751931
0.533398
0.0135887
0.0362666
2.29902
0.0811649
0.0515256
0.0204328
0.0155241
0.0733428
0.0481255
0.345833
0.193877
0.0183562
0.0698258
0.0258683
0.755694
0.286672
0.933342
0.0717713
0.0472429
0.0212593
0.266209
0.00918654
0.00555083
0.0230894
0.420576
0.715084
2.62796
0.0140672
0.0206395
0.829046
0.0299139
0.0225892
0.0134639
0.726249
0.039889
0.0383327
0.971955
0.00791506
0.0290629
0.213442
0.0226295
0.0574489
0.0446367
0.026188
0.859958
0.0650213
0.127696
0.00809481
0.568976
4.70509
0.0148783
0.0471801
0.0279228
0.0156862
0.0236408
0.0226697
0.904567
0.0111327
0.895775
0.0512415
0.0516964
0.0363924
0.596536
0.0795101
0.00437725
0.313431
2.18201
0.172406
0.0188079
2.00148
0.0242468
0.029977
0.0172782
0.0120248
0.0130232
0.0419253
0.00902777
0.00640929
0.075001
0.0314655
0.01653
0.307005
0.0533385
0.0861078
0.0947306
3.60621
0.0427019
0.0127394
0.0225647
0.914877
0.0190239
0.0569194
0.0117725
0.0251836
0.698969
0.0132576
0.0235675
0.00474447
2.67088
0.0356031
0.0546114
0.0202237
1.60189
0.0121415
0.450839
0.378773
0.0162336
0.0141729
0.100779
0.699894
0.0149255
0.0893717
0.0389983
0.0544568
0.0302791
0.0912442
0.00565966
0.114197
0.77727
0.294014
0.0666248
1.25173
0.92288
0.0194985
0.0679339
0.855686
0.937228
0.60012
