561.578, 5.49675, 2.43137
528.475, -6.10735, -0.57657
519.051, 15.7298, -0.110671
547.394, -1.38238, 1.40299
505.25, 15.2772, 2.52281
504.718, 26.3902, -0.878023
510.018, 16.7197, -0.183163
537.878, -9.87873, -2.24067
552.687, -3.76221, 3.01045
556.744, 4.97101, 2.83153
511.765, -8.15414, 1.12741
529.062, -13.0585, -1.57909
507.648, 27.2806, -0.896021
539.388, -3.77133, 2.88956
540.272, 11.5352, -1.46057
546.64, -5.29654, -0.427042
509.755, 18.4171, -1.44579
533.844, 16.1045, -1.50708
498.118, 17.0345, 2.98469
550.533, -5.0394, 1.23124
507.161, -2.25441, 1.95725
508.816, -7.1081, -2.84017
511.171, 14.9517, 2.6904
503.412, -18.4343, 0.652601
521.087, -7.51875, 2.56358
519.333, -6.63855, 1.63828
503.191, 18.475, 2.2964
509.234, -14.2806, -1.167
535.067, -3.56994, -0.098886
522.461, -2.78482, 0.7516
508.124, -15.5946, 2.18004
512.024, -6.36979, 0.172086
529.377, 10.467, 1.66086
506.958, 25.3495, 0.923047
533.46, -1.66621, 1.24462
516.858, 16.6999, 1.71497
501.992, -12.9402, -0.567534
498.034, -7.16899, -2.20911
510.186, 20.9584, 2.22323
534.318, 0.130448, -1.01008
521.48, -14.4093, -1.67329
524.335, -9.8278, 1.48133
528.507, -12.8892, 3.01386
518.708, -4.40623, -2.47063
525.412, -2.3915, 2.64118
533.268, -4.17882, 2.44616
505.172, -6.3289, -0.672922
504.565, -12.0225, 0.853736
509.685, -3.5082, 1.40058
542.415, 13.6812, -0.599214
526.725, 14.3332, -1.93606
532.402, 0.135631, 0.125717
510.019, -18.7835, 1.60751
502.352, 16.4101, -0.785029
519.189, 17.3329, -0.765236
555.208, -2.84946, -1.88184
548.593, -3.62394, -1.35166
513.006, -18.404, -2.7746
520.915, 24.1645, -1.20929
499.052, 7.93251, 1.87589
548.299, -7.45857, 2.48405
529.921, -8.98266, -1.53193
528.828, -20.2568, -2.28745
575.836, 0.084319, 2.64147
629.229, 49.1062, 2.63053
615.576, 39.5808, -1.09684
615.389, 40.1135, 0.089009
617.713, 39.449, -2.36069
576.528, -0.718915, -0.506128
611.208, 48.6588, 0.9155
628.632, 60.9131, 0.694051
619.461, 47.5766, 0.847733
619.228, 46.9369, -0.774805
627.977, 55.5115, -0.177183
623.196, 46.9004, -1.41728
618.397, 52.0045, -1.69666
640.61, 36.2082, -1.69329
623.408, 33.4507, -0.99309
641.206, 46.0673, -1.8371
640.423, 34.0813, 2.84034
615.294, 20.0137, -0.116324
626.892, 16.4126, 1.20887
635.171, 13.8393, 0.252655
646.786, 3.86181, -0.579221
655.093, -9.44423, 0.131667
577.946, 3.55663, 2.69225
578.372, 5.56926, -1.83405
575.58, 4.88187, -0.141462
578.375, 4.0715, -1.78644
510.604, 8.45215, 2.90394
652.489, 20.0311, -0.923199
592.707, 59.9403, 2.63049
632.075, 26.5428, -1.25716
598.261, 64.9485, -1.2225
629.247, 34.5466, -0.604975
647.937, 39.078, -0.005852
621.433, 58.2091, -0.170808
628.646, 52.8069, -2.61666
608.704, 35.8024, -0.063903
606.112, 32.1624, 0.522245
604.669, 73.162, 1.9846
629.166, 64.1054, 1.14284
620.401, 60.6023, -2.96526
622.471, 64.9016, 2.92276
621.408, 65.5829, -2.59929
609.95, 75.6791, -0.991625
597.085, 52.8403, -2.44079
597.236, 60.0787, -0.358621
590.888, 56.6996, 2.36921
570.377, 67.7834, 0.365124
589.251, 55.1197, -2.48588
591.388, 51.1084, -2.29419
635.21, -29.2858, -1.37979
628.619, -23.5181, 3.08397
603.744, 11.7504, -2.15628
554.01, -67.9294, 0.610292
610.618, -30.105, 1.0419
522.841, -43.0096, 0.288273
587.679, -53.7685, -1.29009
570.161, 24.0051, -2.73553
569.428, 23.2044, -1.7821
561.968, -35.7418, 2.10261
551.384, 79.5413, -2.91238
570.944, -56.6306, 2.04951
570.591, 46.7712, -2.95805
572.012, 75.8179, -0.736174
581.759, 65.5443, -0.645282
588.894, 77.8307, 0.806882
605.495, 63.408, -2.95234
600.463, 56.6734, 2.12074
609.051, 53.3587, 1.05471
589.596, 27.6512, 3.00589
601.257, 54.1542, 2.91505
598.437, 41.8433, 1.13423
597.815, 54.3981, -2.28249
589.9, 34.2712, 2.91591
586.678, 40.017, 1.25038
592.36, 67.3315, -0.76283
599.181, 56.4847, -1.35253
533.506, -9.45288, -1.47281
538.509, -25.1053, 0.704816
529.905, -59.2833, 2.37332
576.569, 7.24676, -2.34268
574.946, 3.90998, -0.997422
575.918, 6.09848, 0.160248
577.419, 6.75327, -1.70983
576.697, 8.07832, -0.408982
630.227, 47.4091, -1.2004
627.327, 47.3294, -2.16767
637.77, 49.2597, 2.07781
638.444, 58.0917, 2.17651
625.201, 42.8277, 1.25726
593.935, 16.4726, -2.90823
547.965, 71.2651, -0.914352
539.36, 57.0366, -2.33001
575.97, 7.07571, 0.329864
575.955, 7.56793, 3.07583
554.841, 59.8698, 1.59641
575.7, 4.17627, 2.72711
578.825, 2.58877, -1.2035
612.697, -64.2076, -1.08838
605.783, -9.84398, 2.30707
631.54, -27.2715, -1.14951
629.992, -31.1756, 1.86694
623.431, -26.1804, 0.91981
575.994, 5.57621, -0.144122
532.052, 16.7131, 2.17606
515.484, -16.8039, 0.665105
496.162, -11.7595, 2.23116
524.999, 16.0668, 2.29517
536.761, 12.2075, 1.51176
508.575, 29.9433, -0.216183
546.521, 13.3853, 2.44287
565.37, 8.29942, 2.95571
553.488, 24.4857, -0.944895
539.418, 70.0785, 2.12359
562.264, 35.4059, 0.618047
587.855, 80.7598, 2.48649
587.535, 45.5523, 2.90275
569.753, 65.1666, 0.562504
575.853, 64.228, 1.00211
551.875, 52.2676, 1.60903
555.019, 62.0122, -2.22838
541.684, 65.503, -0.508469
549.395, 75.3015, 1.86346
566.842, 78.3826, 1.82552
573, 6.10887, 0.684632
565.25, -36.5071, -0.793121
569.254, -12.8963, -2.3979
560.548, -70.1362, 0.319282
572.764, -27.888, 2.61185
573.057, 6.02749, 2.77709
572.651, 6.17589, -1.27185
532.177, 53.5367, 0.025718
572.879, 6.15794, 2.70294
540.392, 47.9114, 2.84642
528.195, 63.6248, -0.749293
541.739, 78.6132, 2.70159
572.448, 7.14186, -0.138073
572.151, 7.30671, -0.573069
527.184, 22.6428, -1.8298
628.33, 14.9017, 0.586879
572.256, 6.37258, -0.815216
643.111, 12.5427, -1.06339
636.364, 5.36223, 1.61543
572.172, 7.37248, -1.73882
572.635, 7.16028, 2.6548
572.026, 7.02693, 2.22023
491.863, 7.19128, 1.34846
496.309, 5.19756, -0.570842
519.873, 6.26448, -1.97438
506.809, 4.04271, 0.860297
511.708, 5.74812, 2.01024
491.975, 4.09479, -1.58571
501.856, 5.35512, -2.61264
496.626, -21.3503, 3.02912
507.669, -12.8543, -1.16758
519.974, -5.48338, 1.01881
520.106, -4.32301, -1.99442
520.369, -3.10637, 0.079338
520.541, -1.61507, -1.39875
521.363, -2.27826, 3.02408
503.444, -7.64859, -0.310867
572.474, 7.02956, 2.14432
572.86, 6.19956, 2.19709
573.02, 5.51801, -2.71862
572.572, 6.63155, 0.71722
572.756, 7.01091, -0.163677
572.667, 6.13595, -1.13663
575.854, 4.76716, 0.852141
575.921, 4.5946, -0.900905
572.564, 6.67931, -3.05739
572.758, 5.51797, 2.20421
573.356, 6.04234, 0.21945
635.448, 5.97977, 0.161712
650.782, 17.8818, 2.14454
628.225, 29.5141, -0.742491
650.292, 31.3492, 2.75621
633.923, 32.3047, 0.552829
594.074, 49.4928, 2.71799
603.91, 79.206, -1.25038
625.018, 1.10252, 1.37359
639.632, 5.28923, 2.49046
630.847, 13.3139, 1.88146
651.859, 21.1469, -2.60751
648.31, 6.70058, -1.94577
616.09, 14.2717, 0.053287
636.477, 27.3674, 2.18455
576.833, 6.8838, -0.490345
589.323, -52.4765, -1.38317
649.319, 26.935, 0.055308
644.584, 19.8315, -2.28597
624.339, 15.4861, -0.88731
613.758, -25.6628, 0.75073
630.241, -50.2585, -1.23998
616.295, -47.6502, 2.92001
591.805, -33.2156, 2.89194
590.862, -72.3947, -2.94012
590.982, -64.3744, 0.069894
629.435, 41.2018, 2.2683
578.596, 3.37945, -2.7548
578.601, 4.35141, 0.513309
578.398, 2.34527, 0.28346
578.404, 4.43698, -1.85088
577.272, 1.31563, -0.826201
577.78, 2.46761, -0.146212
577.813, 3.32506, 2.70728
578.01, 2.7533, -2.6252
577.369, 3.22357, 2.79878
621.322, -56.2479, 0.823371
533.761, -34.4685, 0.922475
607.3, -44.6224, 0.87152
578.145, 2.60963, 2.29435
616.579, -64.0034, 2.50219
609.144, -47.5945, 0.581957
540.816, -23.9427, 1.8306
608.56, -59.4059, -0.450209
609.687, -38.1616, -0.834883
620.653, -56.0497, 0.121784
499.441, -9.74793, 0.707671
613.899, -30.4815, -1.82849
628.296, -48.4466, -0.996591
634.985, -53.3196, -3.05537
625.903, -26.516, 0.079809
621.249, -15.8521, -1.66177
543.372, -17.5941, 0.982009
507.866, -30.9623, -2.0092
510.966, -24.0627, 1.84048
527.227, -14.5069, -2.97541
522.436, -2.66758, -0.548502
524.516, -2.27736, -1.33064
523.336, -1.50132, -1.2419
574.665, -1.45557, -2.46176
576.517, -4.35588, 0.88832
584.955, -6.72364, -0.150211
643.572, -44.6301, -1.88693
576.881, -3.81365, 1.14802
582.831, -4.08022, 0.395146
582.132, -4.82086, 2.20727
575.981, -3.75823, 1.61879
576.538, -2.94281, -0.031979
575.758, -4.21175, 0.142435
577.131, -2.74849, 1.36631
576.882, -3.17582, -1.56186
577.251, -3.65553, 0.145841
576.505, -2.80527, -0.062274
575.597, -4.47548, 2.2199
575.407, -2.74169, -0.926724
575.751, -4.46601, 0.074228
574.763, -2.95755, -0.968447
575.165, -2.77598, 1.53544
594.126, 72.7936, 0.500668
593.724, 67.3157, 1.83491
586.176, 42.1176, -2.38316
584.04, 41.6522, -2.68374
576.402, 0.496764, -0.530123
574.256, -2.49804, -1.57316
600.212, 73.1346, 0.034386
591.9, 44.7287, 2.68774
573.832, -2.44877, -1.56899
573.718, -2.48593, 0.778096
526.083, -48.986, -0.234381
554.553, -34.163, 3.08804
541.64, -49.7816, 2.70849
530.994, -65.216, 1.28369
579.953, -49.728, 2.70391
572.713, -3.42599, 2.8419
572.58, -3.50836, 0.48891
573.099, -4.16362, -0.079651
634.732, -41.7388, 1.17483
560.807, -54.5836, -0.386823
555.714, -77.557, -2.35278
567.414, -41.1595, -1.75273
556.682, -69.9, -1.64114
563.987, -22.9588, 1.79341
539.616, -65.4059, 2.85342
558.793, -23.0975, 2.36688
545.663, -39.0338, -2.06728
573.464, -4.00268, 2.72869
573.389, -3.97794, -0.246653
573.345, -3.90369, -0.081407
573.309, -3.82698, 2.88723
573.162, -3.78164, 0.892354
619.208, 62.4887, 2.86098
573.174, -3.78951, 2.65486
616.488, 55.5049, 2.01405
618.447, 58.4513, 3.11834
615.936, 51.3344, -2.32643
525.572, -22.1907, 0.790328
533.072, -21.2472, 2.93871
523.834, -23.0823, 1.01933
500.52, -34.3799, 1.09229
516.903, -31.0851, 1.57513
572.479, -3.04048, 1.98735
573.047, -2.6884, 2.33699
639.107, 14.0356, 0.21098
639.569, -21.2094, 2.54102
590.595, -3.05139, 0.933724
583.337, -5.68834, -0.319938
626.303, -17.1943, 0.085554
569.322, 29.1398, 0.046489
579.023, 0.013278, 2.39086
577.274, -4.04084, -1.58916
575.21, -3.37035, -2.11998
576.531, -65.5698, -1.68331
617.771, 19.9376, 2.59671
576.181, -5.04241, 1.7125
604.652, 33.9602, 0.237542
602.89, 41.038, 0.783737
575.507, -3.03499, -0.500433
635.069, 49.8012, 0.46517
620.715, 40.2422, -1.83624
578.31, -2.48058, -2.92918
627.49, 49.9606, -2.30571
576.698, -3.28286, 0.315595
576.438, -4.75217, 0.549454
579.279, -2.22585, -0.614093
576.531, -3.75274, -0.633194
578.121, -2.50041, -2.29681
578.455, -2.38271, 2.13709
576.154, -4.05354, 1.05099
576.509, -4.87739, 0.568483
576.653, -4.37989, 1.23189
576.466, -4.58509, 0.714788
534.519, -19.7654, 0.208818
512.798, -13.8151, 0.069678
573.296, -6.94018, 2.0072
573.549, -8.0547, -1.50398
574.024, -7.33597, -2.58302
574.545, -6.72812, 1.62419
574.753, -5.60145, 0.593288
573.063, -7.23751, 3.0081
574.655, -6.33656, -1.78192
574.261, -8.3144, -0.583744
573.398, -7.8948, -1.68093
574.702, -6.0028, 1.18229
575.496, -6.31361, -1.4973
575.108, -6.84815, 0.955372
567.838, -10.3563, 2.89389
573.576, -7.09874, -2.36887
574.675, -8.9843, -1.48179
573.431, -7.67987, -0.041446
559.212, 1.44067, 1.34035
557.691, 2.69514, -2.71056
566.375, -3.04967, 1.8065
560.709, 60.6028, 2.45538
572.784, 26.3395, 2.64282
567.129, -2.20784, -0.117344
561.077, 0.164341, -1.09901
566.679, -11.6912, 0.634278
557.545, -0.141485, 2.51106
559.953, 0.157381, 1.63285
562.451, -1.51373, -1.16238
563.113, -2.19411, 0.170678
565.33, -2.70077, 3.05231
570.205, -4.92463, -2.42732
566.601, -2.72413, 0.551756
565.015, -2.13802, 1.0449
569.202, -4.41475, -0.874405
560.318, -0.222061, 0.782046
561.046, -0.614697, -0.854868
569.247, -4.16493, -2.91572
566.215, -10.1508, 2.07802
561.995, -0.795079, -2.19977
567.916, -4.31698, -2.25452
568.703, -3.72369, -2.44545
564.522, -9.62712, 0.826725
566.789, -3.25908, -1.97122
562.208, -0.613407, -1.72464
565.014, -8.81005, -1.71093
563.791, -10.4704, 1.70435
563.048, -1.3069, -0.561915
561.136, -0.171582, 1.40863
562.067, -0.750503, 0.81123
559.663, 0.548377, -2.46573
565.82, -2.36962, 2.51163
563.227, -1.61967, 2.00825
565.745, -2.78267, -2.5695
564.086, -2.40905, 2.31864
565.846, -2.24289, 2.30779
562.895, -1.76454, -2.54648
560.839, 0.076583, 2.90345
559.394, 0.373978, -0.842494
560.746, 0.250149, -2.92668
561.813, -0.591896, -0.053818
560.499, 0.589195, -2.53093
560.946, -0.153977, -2.6119
561.995, -1.13189, -0.606863
562.473, -0.543199, 1.21165
562.057, 0.202486, 0.7983
559.715, 0.979431, -1.63683
561.657, -0.786511, -0.365185
560.357, 0.682768, -0.224283
560.167, 1.05142, 0.136293
562.463, -0.276133, -2.46929
562.292, -0.960772, 1.38454
562.221, -0.381021, 2.29494
561.896, -0.521324, -2.20221
560.972, 0.253387, -1.78274
562.717, -0.042121, -0.027308
559.357, 0.137475, 1.04023
562.137, -0.869166, -0.667535
559.713, 0.209989, -1.56322
560.644, 0.12961, 1.01726
560.103, 0.344692, -0.889339
560.677, 0.017384, 2.98587
560.606, 0.417549, 0.102926
559.84, 0.454614, 0.166849
560.578, 0.429145, 1.97471
559.703, 0.479282, 1.40757
559.674, 0.981372, 0.095201
559.825, 0.369594, -2.38413
559.981, 0.562014, 2.98683
548.433, 3.41172, -0.725753
553.141, -1.02356, -0.174806
548.395, 4.77882, 1.85757
559.704, 0.514946, 2.23284
553.694, -0.611164, 2.50613
553.321, -0.443293, -0.670741
570.476, -5.64352, 2.46179
562.273, -0.231528, 2.75005
567.875, -3.5168, 1.57266
566.288, -4.28467, -1.1344
562.283, -1.73703, -1.7396
564.143, -2.34459, 1.94625
562.874, -0.732378, -2.32312
561.311, -0.842602, 1.87524
567.358, -6.93657, 1.80202
561.202, -1.04731, 2.62857
562.268, -1.49521, -1.76432
568.692, -7.35121, -2.96193
566.437, -5.39521, 1.63086
568.351, -6.38731, -1.27923
563.078, -2.31736, 2.92473
568.548, -6.93112, 2.53291
565.935, -4.82083, -3.12664
566.125, -5.18526, -0.927274
566.306, -4.74452, 3.06973
568.299, -6.4307, 1.13786
568.038, -6.43386, 2.85146
567.922, -5.99667, 0.170201
568.534, -6.76269, 1.90754
564.225, -3.17906, 3.05757
570.249, -7.90185, 1.02373
572.933, -11.4162, -0.879071
572.126, -10.677, -2.72236
573.455, -10.8138, -2.07521
568.905, -6.83498, 1.80674
572.759, -9.43225, 1.01935
566.384, -4.81504, 2.71953
570.906, -8.75808, -2.56513
571.963, -9.38751, -1.21016
568.707, -6.27113, 0.898153
571.527, -9.51289, 2.90152
569.983, -8.29563, 1.1212
572.593, -10.8786, 2.58704
571.774, -9.43535, 2.35727
572.814, -12.0236, 1.03897
570.04, -8.46771, 2.51077
569.554, -7.29294, -2.94541
570.152, -8.90918, -1.06121
567.191, -6.15909, 1.86099
564.105, -9.5102, -0.565474
567.41, -6.86409, 2.42763
572.226, -9.3936, -1.10971
564.633, -9.7512, -1.25689
570.039, -7.64833, -0.981395
567.388, -7.00046, -2.87995
559.177, -13.841, 2.33753
561.695, -13.0475, 2.76618
562.614, -12.7584, 1.49761
564.169, -10.08, 1.03111
559.34, -15.8178, 2.95439
562.513, -11.7615, 2.64424
562.67, -11.8257, -0.645474
562.069, -12.6229, 0.530989
561.084, -14.7356, 2.46159
564.117, -10.7544, -1.20207
563.281, -12.0067, -1.20025
561.889, -12.8914, 1.34685
562.763, -12.4553, -1.27535
561.004, -13.8738, 1.70765
561.942, -12.8079, -3.02342
564.658, -10.3258, -2.00893
560.775, -13.9276, 2.71681
562.542, -12.8112, -0.977047
561.938, -12.5544, -3.02349
559.886, -14.8016, 0.999797
561.758, -12.9666, -0.205078
559.124, -13.7709, 1.7351
561.458, -12.6467, 2.18148
557.917, -13.8735, 0.255766
561.571, -13.523, 2.44819
558.205, -13.5635, 2.31786
559.251, -12.6719, -2.33025
561.596, -13.7278, 2.43745
557.232, -12.0274, 1.06058
560.926, -12.9634, 0.838183
561.202, -12.3964, 1.39969
561.65, -13.2928, -1.94972
559.995, -15.5012, -1.81111
558.712, -12.7966, 1.99799
561.809, -12.7106, 1.28792
560.357, -12.5806, -2.54719
557.968, -13.3951, 2.57934
560.449, -11.6504, -2.47642
559.27, -11.852, -0.964527
558.844, -14.5938, -1.34282
560.324, -15.0694, 1.86343
560.244, -15.7726, 2.99218
561.06, -12.371, 2.00783
560.22, -15.8903, 1.97258
557.286, -12.9426, 1.3447
561.557, -13.8293, -3.00877
559.474, -13.0562, -0.74472
558.63, -14.0799, -0.778428
560.117, -15.89, 2.18197
556.925, -12.3524, -1.5277
565.22, -18.0432, -2.68339
560.337, -15.3008, -2.44157
560.27, -16.0785, 1.89128
561.367, -17.517, -0.732279
563.84, -20.3364, 2.94916
576.621, -35.4108, -1.72737
569.644, -25.6701, -0.132257
562.398, -17.8581, 1.99798
577.486, -36.4319, 2.6
565.147, -22.3808, 0.285718
571.088, -14.0083, 2.17524
567.195, -25.7122, -0.808912
572.652, -34.0198, 1.39877
565.148, -21.8575, 1.75936
565.909, -23.293, 2.9772
576.165, -37.406, -2.14014
563.404, -20.3892, 0.765298
565.466, -24.4328, 0.143702
564.567, -22.5976, 0.759295
567.056, -26.1473, 2.86384
567.251, -27.0483, 1.39894
567.414, -27.548, -0.643496
572.125, -14.75, -0.060929
564.977, -23.2803, 1.36744
568.363, -28.9111, 2.89143
572.883, -37.9408, -0.45575
569.991, -31.6362, -0.317178
566.491, -26.0814, 1.19898
567.59, -28.6095, -1.5327
570.591, -13.9964, -0.760039
565.367, -24.1193, 0.591479
564.661, -21.857, -2.65995
567.071, -27.4409, -1.43271
573.955, -39.6417, 1.04655
565.338, -24.7753, 1.34879
573.272, -38.0038, 1.39891
569.657, -32.2391, 1.89755
572.495, -14.5579, -0.179189
568.493, -30.1081, 3.0778
564.953, -24.2383, 2.77476
564.018, -21.9352, 2.07842
566.302, -26.0373, -0.228652
565.111, -21.2485, 1.39451
570.866, -33.8533, 2.79111
572.1, -17.5926, 0.325808
568.364, -29.194, -1.31022
568.089, -28.9352, -0.475533
570.758, -32.4438, 1.25715
568.003, -28.28, 1.43295
564.576, -23.1217, 0.518119
567.069, -26.644, -0.745516
570.831, -32.7362, 0.449846
566.17, -25.7996, 2.78691
567.882, -28.4957, -1.95109
566.844, -26.9955, 0.234024
568.842, -29.7561, -2.05862
570.973, -33.448, -2.19125
567.529, -28.2889, 2.70905
569.477, -31.1237, -3.11123
568.735, -29.5078, -1.04045
568.102, -28.2472, -1.40097
570.172, -32.4591, -0.769103
571.501, -33.8139, -2.80608
566.283, -28.0721, -1.7737
567.735, -27.9594, -0.308312
574.112, -38.4845, 1.94151
566.8, -28.2964, -3.01988
567.213, -27.3252, 2.70994
564.821, -28.8797, -0.223241
572.626, -35.9592, -1.9999
564.672, -29.2162, -1.19713
573.662, -36.8773, -2.06959
568.974, -29.7519, -1.47696
573.183, -35.4157, -2.50914
570.274, -31.5219, 3.03803
572.226, -34.0834, 1.90544
574.022, -36.8505, 1.90437
572.905, -35.3873, -2.57809
569.196, -29.9818, -2.81955
569.866, -30.745, 2.50736
573.224, -35.6739, 2.86837
571.223, -32.1479, 1.49987
571.86, -33.2101, 0.798924
571.315, -32.3794, -2.48645
573.287, -34.8762, -1.2406
572.588, -34.741, 1.9418
572.411, -34.5098, 2.36903
574.46, -35.9315, -2.57025
574.311, -35.8546, 2.33861
575.28, -37.055, 1.63121
575.872, -38.1167, -2.66974
575.662, -38.8238, 2.68539
576.008, -37.1281, -0.195409
574.41, -36.222, -2.63284
572.602, -33.9161, 3.0383
575.676, -38.1331, -1.88581
575.556, -34.7922, 1.82339
573.613, -32.6525, 2.01466
575.543, -34.22, 0.071445
576.112, -32.0707, 0.151081
574.4, -32.7467, -1.98375
574.642, -36.375, -1.73835
573.332, -33.3981, 1.85583
574.193, -34.9313, -3.00608
575.283, -36.3382, -1.94908
575.792, -37.4998, -1.15134
574.006, -35.1585, 1.23167
575.794, -34.6302, 2.54479
575.762, -36.1255, -2.40402
575.575, -34.7177, 2.10528
576.263, -36.8082, 1.06614
576.095, -33.3816, -2.131
575.598, -35.3169, -0.486325
576.252, -34.1014, 0.449142
575.144, -34.93, -2.58943
575.062, -34.8658, 2.95243
575.869, -30.2349, -1.2771
576.129, -30.876, 2.48974
575.24, -32.8894, 0.504046
573.955, -36.1809, 1.61633
575.512, -36.3602, 0.587735
575.388, -32.3847, -2.01738
577.196, -32.3489, 1.79451
574.849, -33.2663, 0.089915
575.953, -29.9483, 1.52932
575.91, -34.2725, 0.692083
574.596, -30.7722, 0.803228
576.272, -30.3611, -2.14016
571.373, -31.4972, 0.777901
576.068, -30.1975, -0.889389
573.183, -31.2065, -1.69165
575.542, -30.6402, -2.25042
577.492, -28.5224, 1.76113
575.679, -33.0369, -2.0074
576.605, -32.8718, -1.52326
573.73, -30.7274, 3.1344
573.863, -31.1772, 1.7513
578.193, -29.1057, -2.06494
577.685, -29.0106, 0.664868
572.912, -31.4359, 2.59896
575.877, -31.5653, 1.53761
580.234, -28.601, 0.587358
577.63, -30.2131, 2.15777
579.7, -29.054, 2.65263
577.013, -29.7207, 2.76204
582.195, -27.7459, -1.95886
587.169, -27.2517, 1.96622
577.312, -29.4967, -1.81382
581.021, -27.8239, 3.01894
582.96, -26.1211, -1.09265
587.947, -25.8237, 1.67575
588.94, -25.6564, 2.86727
587.575, -26.7706, -0.972029
587.656, -25.2878, -0.217739
582.006, -27.4889, 3.12777
583.132, -27.3119, -1.53262
579.006, -28.1084, -1.10855
587.293, -24.635, 2.2577
592.424, -34.4038, 2.09807
580.297, -28.2309, -0.239929
585.194, -29.3419, -1.94417
583.164, -25.3512, -0.520559
580.308, -27.3583, -1.55797
598.518, -34.5729, -2.97789
599.636, -34.7072, -0.280829
602.546, -36.2523, 2.59924
588.851, -31.2445, -2.03635
584.048, -27.394, -0.175282
591.965, -33.2979, 0.445506
586.667, -25.4095, 0.659445
586.425, -30.1056, -0.230549
584.362, -27.8871, 2.1112
586.413, -26.3227, 1.76112
586.658, -24.8993, -1.82946
585.981, -25.4717, 1.50069
613.293, -39.9706, -1.72728
638.565, -71.5204, 2.8925
588.142, -23.7626, -1.47825
631.148, -81.5547, 2.60825
626.943, -58.4591, -0.101667
606.232, -60.1057, 0.398833
586.702, -24.0688, -0.266472
585.635, -24.4573, -0.811384
587.184, -24.6207, -0.301409
588.482, -23.5615, 1.16194
585.647, -25.0229, -0.131088
586.112, -25.7733, 0.702002
586.221, -24.5676, -2.35133
585.945, -24.5527, 2.89999
587.631, -23.861, 1.19657
586.474, -25.9851, 1.29265
573.453, -94.6616, 0.422339
575.863, -98.8236, 1.11585
579.98, -55.834, 1.6119
594.179, -91.3839, -1.45442
588.404, -55.3462, 2.62856
584.307, -97.4847, 2.9922
595.386, -91.6143, -0.946014
588.142, -97.8584, 0.175098
585.404, -35.6941, -2.55399
578.847, -63.1672, -2.67978
565.856, -68.5826, 1.62703
546.204, -88.9246, 1.1799
534.193, -84.6672, 2.88009
575.184, -68.4695, 1.90159
538.186, -67.3754, -0.140673
556.976, -94.4793, -1.86312
596.882, -101.184, 2.5315
593.648, -67.5543, -1.48037
588.621, -52.7153, 3.0871
555.947, -72.2567, -0.253838
559.339, -97.8692, 2.05292
563.914, -93.9196, 1.27612
549.807, -65.5642, 0.055716
567.812, -46.4628, 1.50576
533.31, -63.2896, -1.81231
525.43, -64.7126, -1.05737
527.739, -70.9494, 0.326189
541.336, -47.0482, -0.118861
587.075, -32.4764, -1.61061
586.144, -29.9557, 1.98812
557.146, -47.2138, -1.91329
585.468, -30.1886, -0.561983
589.519, -35.3774, 0.103341
590.862, -30.2563, -1.09138
591.357, -29.4942, -1.74655
594.611, -30.7395, -0.472552
590.945, -29.5242, -2.5038
593.643, -30.6729, 1.97928
605.97, -31.7114, -0.560491
595.545, -30.2293, 2.84415
599.644, -30.4831, -2.50611
593.074, -30.0893, -1.89184
600.67, -31.3851, 0.157942
593.655, -31.0646, 0.252855
599.27, -31.2676, 0.229692
604.127, -31.8735, 0.060005
594.232, -30.8286, 0.909136
604.063, -32.2625, 0.605809
607.149, -31.7153, -0.747764
603.127, -30.1842, -0.525452
597.224, -30.0645, 2.73078
599.836, -29.0979, -2.16365
603.554, -28.9684, 1.72426
603.616, -28.7858, -1.82308
594.327, -30.6916, 0.505948
605.693, -27.7634, 2.51849
606.672, -28.2055, -2.87827
596.268, -29.3004, 0.178364
600.268, -29.8535, -1.31979
606.125, -30.5269, 1.6172
596.255, -30.1398, 0.575747
603.069, -30.3553, 1.02918
599.993, -29.183, 2.40832
598.517, -29.5691, -2.95427
599.053, -30.0074, 1.1422
599.732, -29.1526, -0.730663
605.036, -29.0948, -1.9627
601.447, -29.0328, -0.940831
603.515, -29.5758, -1.87303
599.504, -29.1666, -0.305863
604.246, -29.3836, 2.02048
603.576, -29.5217, 1.91693
600.898, -28.8677, -0.069427
605.396, -28.8939, -1.67842
605.164, -29.2976, 1.41067
600.179, -30.1178, -1.72572
600.006, -29.1202, 2.69217
602.802, -29.0765, 0.291914
602.887, -29.6971, 1.22985
602.567, -30.0008, 1.00478
607.014, -29.4132, -2.7634
606.377, -29.2936, -2.30782
658.403, 17.4976, 0.683198
651.364, 16.079, 1.45086
637.432, 6.02968, 1.85937
624.627, 0.40439, 2.80605
637.942, 18.4525, 2.34297
615.699, -3.8217, 2.9732
628.506, 10.0518, -1.07572
635.503, 28.7279, -2.94201
633.251, 41.0078, -1.25532
622.632, 29.2003, -0.380119
604.571, -29.4011, 1.40435
603.582, -30.3337, 2.15772
607.42, -29.2746, -2.93526
607.331, -28.8599, 0.80943
606.11, -29.08, 3.07253
606.886, -28.7713, 0.124163
605.558, -29.6238, 0.240174
607.294, -28.8701, -2.67732
606.477, -28.7173, -1.21739
606.3, -28.6649, -0.526488
606.724, -28.4492, -0.471578
606.513, -29.2001, 1.88506
607.078, -28.5529, 0.91422
606.793, -29.5332, -3.06089
607.313, -29.3596, 1.40733
606.708, -29.5138, 2.17067
606.573, -28.7853, -2.49524
606.066, -28.8519, 0.159886
588.83, -35.252, 2.82632
586.914, -34.8272, 1.64295
584.461, -34.592, 1.589
582.731, -33.4384, 0.314538
599.444, -29.8812, -0.813379
604.833, -29.5232, -2.65035
604.612, -28.2948, 1.36779
584.971, -27.4988, -0.181989
600.753, -29.1744, 1.3685
585.345, -27.5499, 2.14857
542.85, 18.8621, 2.22569
556.246, 18.7086, 2.09595
560.843, 30.2992, -2.29776
583.117, 11.0018, -0.996888
584.419, 9.95099, -0.483216
594.039, 2.27786, -2.52103
598.07, 35.7129, 1.80297
592.2, 26.4613, -0.535846
576.395, -22.8386, -2.6577
587.517, -24.5869, -0.253099
600.814, -28.8537, -1.36043
590.532, -26.2844, -0.773872
586.041, -25.382, 1.30257
597.177, -28.1174, -2.26777
591.785, -27.1208, -2.00633
599.213, -27.4158, 2.46245
597.79, -27.8543, -1.75265
594.014, -27.6591, 0.137318
600.05, -27.939, 2.82255
590.921, -26.0398, 2.87854
587.484, -25.4154, 0.681313
587.336, -25.2553, -2.73678
584.319, -23.8913, 3.0747
590.57, -26.1932, 3.0386
591.743, -26.4741, -0.243981
596.156, -26.7531, 2.68552
592.826, -26.8733, 1.87575
595.165, -27.4713, -0.105178
590.15, -25.4971, -2.5715
594.195, -26.642, -0.08451
586.729, -24.6813, 2.65332
581.92, -22.8013, -2.18666
593.309, -26.3034, -1.35389
582.21, -22.5597, 0.154407
590.067, -24.5923, -2.30319
586.632, -23.0179, -0.212378
587.062, -23.5951, -2.72099
586.594, -23.9199, -2.43862
582.68, -22.0064, -2.78343
584.682, -21.116, 1.67842
589.957, -24.1812, -1.81262
592.425, -25.6195, 1.4553
585.869, -22.7485, 2.60504
585.765, -21.8421, -0.288368
588.104, -22.9804, 0.661022
582.175, -21.0293, 2.88699
592.445, -25.7744, 2.2469
587.46, -24.2208, 0.407798
583.823, -22.0363, -2.09945
583.598, -21.7446, 2.57143
592.498, -25.6323, -1.52465
583.374, -21.5998, 0.81646
585.602, -21.9942, -1.92635
585.644, -32.4167, -2.3114
585.522, -32.7479, 0.619793
585.84, -33.841, 2.69761
583.452, -21.7528, -0.40379
586.895, -24.8528, 0.225239
583.931, -36.7414, 1.52252
585.023, -22.8059, -1.94941
582.807, -35.8108, 3.04513
582.761, -20.521, 2.17463
586.013, -9.41113, -1.06846
545.835, 37.6558, 0.211203
583.809, -22.0181, -1.40949
566.932, 14.686, -0.611569
564.3, 50.2429, 0.418587
516.598, 0.413159, -0.967087
585.448, -20.4521, 1.51001
533.06, -0.318434, 2.29236
583.154, -20.1285, -0.386736
584.75, -20.4147, 1.30769
533.371, -31.6235, 2.15432
532.428, 5.16883, 1.74016
550.25, -31.0044, -0.062844
544.515, -2.0916, -2.84746
543.178, -1.26767, 2.48478
637.979, 29.6418, -2.0406
528.487, 2.90966, -2.95343
537.725, -16.5554, 1.62466
513.149, -13.4306, 1.35888
511.776, -21.7393, 2.40001
563.702, -8.99671, -2.65003
561.629, -16.0174, -0.232647
550.09, -26.4977, 1.52705
586.098, -17.445, -0.000777
587.015, -19.2621, -2.62573
586.066, -20.5179, 1.19054
586.994, -20.3492, 1.69643
530.141, -28.9598, 1.90809
582.459, -21.3489, 3.00047
583.411, -19.4384, -2.50616
567.941, -93.6046, -0.482858
526.369, -77.9029, 2.74067
561.97, -52.1878, 2.90977
571.482, -44.3571, 2.23067
559.88, -85.2301, 1.66382
550, -90.9029, -1.13332
520.317, -57.095, -2.16456
545.717, -54.9677, 2.46638
518.745, -69.9603, 0.226285
583.255, -20.2567, 0.794109
583.579, -19.3751, -0.806526
583.284, -19.8129, 2.46367
582.938, -19.5079, 1.07582
537.583, -67.9393, 0.347981
577.83, -22.4921, 1.90185
574.852, -24.0356, 2.2296
577.232, -23.9168, -2.06736
576.17, -22.6782, -2.69376
575.51, -24.1659, 1.31992
580.94, -20.7306, 1.4822
577.454, -27.691, 0.494225
578.949, -25.8148, 2.95928
575.511, -25.6441, -0.344979
576.917, -25.5204, -2.95583
579.904, -22.4395, -1.31243
574.946, -23.3693, 2.72517
575.613, -22.1805, 1.26915
588.196, -39.9109, -0.066526
585.171, -69.3946, 2.49972
585.726, -71.2886, 0.967164
614.641, -71.5103, -2.35777
618.166, -83.7056, -3.05387
633.109, -75.9456, 1.09129
575.288, -24.3688, 1.00845
576.726, -25.0555, -1.82822
575.7, -25.1392, 1.08558
575.074, -26.0357, -1.28285
574.811, -22.6957, 2.84341
576.74, -25.9905, 0.490146
576.258, -23.478, -2.16785
577.075, -23.0088, 1.12779
575.712, -26.0339, -3.0038
576.028, -23.0247, 2.47671
575.485, -24.962, -1.92467
574.721, -24.7919, 1.39275
578.297, -23.3594, 0.815526
576.17, -23.8681, -2.22609
576.368, -24.9502, -2.77804
575.034, -23.6961, 2.95159
573.368, -21.0231, -1.35523
573.772, -22.3859, -0.787463
574.226, -23.005, -0.64135
562.239, -0.634997, -0.073243
569.664, -15.599, 2.6138
566.059, -8.5387, -2.08919
570.613, -17.3649, -2.15119
566.021, -12.3357, -1.73926
566.458, -12.8313, -1.7177
573.279, -21.4672, 0.684928
570.775, -17.9193, 2.09392
572.493, -20.8646, -1.47458
567.852, -14.3961, 0.200956
569.977, -17.237, -1.8179
570.823, -17.8853, -2.04983
568.142, -14.8473, -1.52897
562.894, -6.63639, 1.84342
567.928, -14.0482, 1.12548
563.85, -8.26595, -2.43168
568.804, -15.0772, -1.87528
564.137, -8.76033, 2.41561
562.332, -5.60667, -2.61539
569.044, -16.461, -0.972895
562.428, -5.50194, -0.481895
569.377, -16.4716, 0.048234
571.462, -18.9906, 0.924423
564.765, -7.51573, 2.10966
567.881, -13.7639, 2.7086
569.495, -16.311, -1.17097
569.943, -17.3571, 0.310679
567.753, -18.3201, -0.114994
568.363, -14.175, -0.905362
567.034, -18.94, 1.11985
567.363, -19.2624, -1.75626
567.468, -18.6736, -1.22062
567.239, -18.3761, -2.81858
567.508, -18.4803, 2.09106
568.632, -18.3202, 1.9917
567.675, -18.5602, 0.494802
564.139, -18.9448, 0.066751
566.051, -18.6867, 2.77299
565.707, -19.2607, -0.023944
562.591, -18.9696, -1.36199
562.123, -18.9565, 0.77299
564.365, -18.9352, 2.54774
562.312, -18.8906, 0.125511
562.11, -19.2957, -1.90142
562.6, -19.1326, 1.26602
564.015, -19.0484, -2.82754
565.232, -18.8414, 0.904776
562.864, -19.4639, 1.27688
562.511, -20.2314, 2.5494
562.371, -20.0781, -3.12301
562.055, -18.5497, 1.17515
561.908, -18.8601, -1.86604
560.136, -16.3475, 1.61259
562.64, -20.6841, 3.07
562.323, -19.5668, -2.91787
562.88, -20.5368, -1.45236
562.76, -20.5995, -0.036162
563.315, -20.5531, 1.9312
563.03, -20.1864, 0.519113
563.347, -20.1025, -0.614026
562.464, -20.3652, 0.932425
562.67, -20.3211, 0.277513
563.04, -10.407, 0.71325
562.317, -15.7838, 1.82703
562.817, -20.1788, 2.12086
561.958, -16.1445, -2.46887
561.526, -9.63771, -0.405804
561.229, -13.0689, -1.72789
562.201, -15.2413, 1.68503
564.147, -19.0523, 2.31693
561.172, -8.71336, 0.953487
561.636, -16.4116, 2.25238
562.32, -13.5144, 1.49777
561.214, -8.6411, -1.71968
562.047, -17.2986, -1.79487
561.093, -11.6294, 1.66529
561.222, -15.0088, -1.03178
561.782, -14.2316, 1.20357
561.472, -11.9307, -0.453426
561.318, -15.2208, 2.13902
560.24, -9.08423, -0.412972
560.178, -8.90833, 1.98101
560.455, -10.4879, 1.28222
561.246, -13.362, 2.38227
561.292, -15.3294, -1.62226
561.225, -13.4754, 1.42339
560.664, -10.6002, 0.387852
560.415, -10.2499, 0.856665
559.113, -16.3477, -1.7397
534.031, -49.4456, -1.5006
560.014, -16.2813, 0.930477
551.574, -26.8542, 2.80022
527.55, -60.5555, 1.95131
527.879, -64.8001, -2.7414
555.424, -15.2632, -0.872804
557.355, -15.7987, 0.919583
557.602, -15.687, 1.70401
557.227, -15.7949, -0.943339
557.033, -15.5809, 2.72356
557.467, -15.422, 0.554616
555.864, -15.534, -1.42565
556.897, -12.183, -1.39871
557.183, -13.5844, 1.20824
555.293, -15.228, 2.52983
557.301, -15.5628, -0.70632
556.044, -15.2752, -3.04002
555.237, -15.5747, 0.474686
555.095, -15.3065, 2.83129
556.178, -15.7948, 1.04547
555.853, -15.3219, 3.05598
555.509, -15.4676, 1.00356
556.537, -15.7293, -0.660865
555.932, -15.8588, 0.777904
555.247, -14.7127, 1.77755
555.81, -15.8034, -1.62468
517.364, -78.7298, 2.73199
555.013, -15.7461, -0.868923
555.67, -15.2199, -1.28178
565.123, 24.9073, -2.63233
555.27, -14.9586, -2.16323
555.301, -15.1252, -2.3882
555.709, -14.4424, -1.79613
555.476, -14.266, -1.65324
560.437, -19.3686, 0.257579
557.564, -16.6127, -1.94307
556.905, -16.1482, -0.159118
581.572, 52.1117, -1.00681
557.394, -16.5638, -2.72843
562.007, -17.8763, -1.27953
559.336, -16.8128, 1.46703
555.557, -15.6512, -0.416417
556.502, -15.9377, 2.10111
561.855, -15.5184, -1.67233
561.6, -15.5884, -0.131327
561.27, -15.4975, 1.74648
558.901, -15.561, -2.44771
559.854, -15.6855, 1.76869
562.5, -15.9052, -2.69405
562.726, -15.7543, -0.15477
561.966, -16.0606, 2.67128
562.371, -16.2249, 0.469301
559.829, -15.7501, 0.636289
562.148, -16.9807, 0.047295
557.848, -14.5295, -0.314883
557.595, -13.9609, 2.9626
557.904, -14.5772, 3.02273
557.745, -13.1546, -2.26255
558.041, -12.919, 2.52342
557.995, -13.8223, -1.25889
557.705, -13.0511, 1.82977
557.763, -13.4225, 1.14901
557.964, -13.2793, 2.14917
557.883, -11.6609, -2.49416
557.748, -11.4864, 2.71994
516.042, 17.9942, -2.00469
510.206, 14.1328, 1.76355
477.506, -4.36759, 1.54289
479.104, -7.983, 2.33785
558.01, -11.5602, -1.04492
562.048, -10.3314, -2.32548
563.092, -11.7493, -3.00268
606.76, -53.2796, -1.29044
563.583, -11.325, 1.97128
560.398, -11.0851, -0.148059
563.351, -10.4904, -0.561218
563.617, -9.9306, -1.28838
562.363, -10.621, 3.07848
562.186, -9.65522, 1.60633
562.33, -10.5508, -0.277495
561.818, -9.77577, 1.05788
564.118, -10.6044, 1.14443
563.672, -9.88183, -0.437644
562.282, -10.4811, -0.796177
562.693, -11.0853, -2.67847
561.898, -9.47447, -2.43122
561.171, -10.4114, -0.758724
562.918, -13.5001, -0.565877
560.287, -55.9813, -2.18228
524.414, -73.0613, 2.04668
543.439, -62.2481, -2.74522
563.813, -11.9747, 2.87543
506.392, -65.4765, 3.04816
564.195, -13.1267, -2.55305
564.933, -19.7222, -2.92803
563.728, -12.5174, -1.29422
564.706, -20.8143, 1.27801
564.279, -17.6956, -1.46866
563.512, -12.6377, -2.87606
564.51, -20.4179, -1.88849
564.565, -19.9224, -0.326842
564.545, -14.4575, 2.66753
564.819, -20.8918, -0.026393
564.166, -16.1599, -1.55265
564.636, -21.2442, 1.24054
564.349, -18.6257, -1.13502
564.464, -16.0431, -1.48313
564.307, -14.9749, -2.29198
563.038, -15.5187, -2.39696
565.598, -20.254, -2.71341
563.702, -15.2778, -0.894621
562.436, -16.8144, -0.538952
562.257, -17.0916, 0.006575
525.778, -79.4985, -2.09293
564.987, -19.1837, -1.97039
565.903, -20.9209, 0.361689
565.498, -19.1806, -0.17228
565.173, -20.1258, 3.13639
563.376, -12.7416, -0.282524
562.193, -11.2428, -0.444482
563.753, -14.6565, -2.8593
625.567, 28.8493, -2.92166
597.36, 8.5888, -1.83197
618.414, -4.2678, -2.4089
564.833, -12.8106, 2.837
564.616, -9.36888, -0.293967
583.346, 12.3213, -2.97985
592.346, 16.4775, -2.50999
602.677, 22.7637, -0.65171
604.207, 4.8225, 0.132871
598.694, -0.299416, -0.226333
564.907, -10.8967, 0.753
564.354, -10.8781, 0.607262
564.85, -11.0881, 3.04157
564.049, -13.1679, 2.99584
565.306, -9.72909, 2.3399
565.07, -10.63, -1.86901
564.048, -12.4815, -2.82874
564.035, -8.80624, -1.35351
562.946, -8.60056, -1.01376
519.695, 16.7443, 1.64845
521.593, 8.57822, -1.94402
540.024, -4.35741, -1.50273
496.599, -28.674, 2.04854
543.906, -16.7289, -0.635385
525.623, -22.14, 0.843686
511.21, -28.9208, 0.336808
563.446, -2.51437, -0.344461
563.484, -9.23085, 2.74058
563.711, -8.74115, 1.93856
563.528, -6.05032, 1.10995
563.028, -2.5967, 1.71816
563.031, -6.66678, 0.538724
588.354, 34.6332, -2.01899
591.044, 36.0993, -0.046765
612.443, 49.3689, 0.15738
608.034, 35.9636, 2.84812
610.555, 10.7314, -2.36669
620.75, -6.64871, 0.527419
581.764, -6.94556, 1.24554
562.372, -3.46439, -3.06544
563.03, -4.83003, -1.50222
562.922, -3.20232, 2.47651
505.148, 14.942, -2.96386
548.613, -2.50521, -2.40146
562.648, -4.39355, 2.47361
506.6, 1.78528, -1.83905
562.815, -4.02712, -2.23666
504.498, -13.8406, -2.27276
562.904, -4.85636, 1.9613
563.395, -3.26707, -0.146688
562.626, -2.18859, -3.02845
562.379, -3.69985, -0.018693
562.293, -3.18038, 0.622558
564.78, -0.226487, 0.551348
563.161, -2.29472, 2.74614
562.081, -2.22414, 2.74159
564.077, -0.487739, -0.572602
564.453, -0.155869, -2.3781
563.118, -2.49055, -1.68278
564.084, 0.348461, -0.811483
543.903, 41.9968, 1.00734
532.317, 46.9403, -2.27813
514.039, 40.068, -1.2792
501.915, 46.641, -1.81381
563.404, -0.134908, 2.83945
523.607, 54.2587, 1.15588
520.702, 61.6853, 1.34512
566.379, 0.366726, -0.710655
535.822, 26.4319, 1.7466
571.899, 0.221225, 0.715117
601.37, -26.2028, 1.65072
567.629, 0.619965, 0.268183
571.917, 1.85683, -2.55147
572.145, 1.89687, 3.13979
573.948, 2.40667, -1.19484
568.735, 1.53553, -0.193432
566.251, 0.540858, -1.94656
568.103, 0.416743, -1.79576
567.596, 0.55917, -1.94983
572.109, 1.04046, -0.796444
565.383, 1.90215, 3.07489
527.007, 52.1458, 1.50591
566.868, 1.54105, -2.696
565.131, 2.31153, -0.386622
573.961, 1.29896, 2.0084
563.391, 3.45471, 0.59457
564.043, 3.44906, 2.69192
562.253, 4.27442, 1.87821
562.677, 4.24685, -1.93063
563.531, 3.91314, -2.41401
564.257, 3.65624, -2.28563
564.275, 3.44633, -1.38711
562.454, 3.80332, -0.291345
562.116, 4.05551, 1.73953
562.985, 3.71001, 0.872289
562.983, 3.23354, 1.23084
564.378, 4.072, -1.16269
562.056, 4.8255, -1.17398
562.892, 3.25945, 2.45113
562.922, 4.13442, -1.90988
562.955, 3.89967, -1.42445
562.586, 4.10068, 2.71092
564.261, 3.67515, -0.696824
563.938, 4.33911, 2.95298
563.435, 2.82391, 2.68165
529.496, -11.88, -0.022241
567.664, -0.369834, 1.48793
555.747, 2.30477, 1.5377
563.949, 2.90807, 2.73661
569.638, 0.466264, 2.64938
563.311, 2.80079, 0.944004
564.783, 4.06746, 0.058339
568.7, 0.01769, -1.53969
565.019, 3.27958, 0.718833
569.223, -0.672838, 0.600148
567.186, -0.37218, -2.75854
564.809, 3.87644, 0.389521
562.979, -25.3193, 0.563566
561.912, -12.9385, -0.363351
540.08, -55.797, -0.11437
565.03, 1.80259, -0.950116
567.648, -0.121861, 3.00475
566.161, 0.317276, -0.317198
568.368, -0.721277, 1.3014
567.803, 0.140564, 0.971527
565.885, 0.018482, -1.39969
567.019, 0.413726, 1.14255
567.622, 0.46898, -2.89653
566.996, -0.285789, 0.581227
573.413, -1.56478, 0.19176
567.127, 0.650626, 0.381055
566.502, -0.295639, 1.48415
568.401, -0.203331, 2.75426
569.992, -0.102796, 3.05995
568.575, -0.328833, -1.67721
566.999, 0.575518, -0.138375
571.466, -0.088801, 0.729862
570.04, 0.141943, 0.439033
572.33, -0.391661, -0.109177
570.979, 0.042864, -0.128489
568.404, -0.238885, -2.97811
571.183, -0.642128, 0.615259
571.346, -0.123414, -2.6591
572.787, -0.35046, 0.855863
571.486, -0.286483, -2.27247
570.743, -0.453273, -0.869773
571.014, -0.495045, 0.792799
571.047, -0.397096, -2.51327
571.971, -0.227674, 2.35256
571.315, -0.443669, -0.196259
572.483, -0.416275, -3.09753
572.172, -0.341053, -2.67468
573.562, -0.779833, -2.4408
571.47, -0.525407, -1.3922
572.735, -1.4293, 2.36082
571.666, -0.503594, -1.76376
573.485, -0.963183, 1.17907
571.502, -0.036839, -0.101949
576.035, -4.03066, 0.966059
573.372, -1.7389, -0.984437
573.66, -1.09852, 0.222012
575.286, -3.76801, 0.53793
575.818, -5.36065, 1.70328
573.394, -0.31177, -3.06153
574.264, -2.73651, -1.59026
575.045, -3.97111, -1.31299
574.125, -3.96736, 1.62433
576.173, -5.84702, -2.23008
575.274, -4.29247, -0.330649
575.975, -5.43026, 0.688528
574.022, -5.46817, 1.48111
574.59, -45.8582, 2.87408
576.458, -6.65451, -1.0464
570.48, -23.8461, 0.078716
572.275, -15.5175, 2.68262
573.059, -23.4934, -1.76871
574.45, -30.7284, -0.510926
574.257, -4.36146, -0.59912
573.565, -28.2613, -3.04644
573.855, -6.1887, 1.51819
573.723, -13.313, -1.75679
575.003, -3.77598, 2.48297
573.589, -6.31266, -1.77028
574.383, -17.7039, -0.027371
577.318, -5.8895, 2.54908
573.663, -12.646, 0.474159
574.62, -4.9652, -2.22954
573.381, -21.2876, 2.85994
573.318, -30.2878, -1.19756
575.261, -5.49986, -0.357532
577.063, -7.96228, -2.26648
573.45, -4.46852, -3.08249
574.544, -3.08735, -0.463788
577.416, -3.77787, -1.74425
575.655, -3.91497, 2.24901
575.966, -4.52861, 0.000189
575.449, -4.11806, -2.37565
575.996, -4.16784, -0.007553
576.618, -3.70929, -1.66544
577.506, -3.63622, -1.48535
575.95, -8.92238, -0.576759
577.283, -11.2343, 0.42072
575.924, -10.2155, 1.65721
577.083, -4.73705, 2.39186
576.467, -4.96848, 0.180161
648.291, 25.8624, 2.81608
576.116, -6.29367, -2.65074
576.701, -6.25882, -1.6227
577.549, -6.13113, -2.76459
578.073, -5.62647, 1.53966
579.506, -5.86454, -1.95265
579.422, -5.9654, 1.12394
583.606, -5.08199, 0.920028
579.876, -5.69684, 0.714372
582.513, -5.61163, 2.42433
580.725, -5.49728, 1.23634
580.05, -5.82803, -1.11059
584.477, -6.23401, 1.37123
581.611, -5.95432, 1.80037
583.144, -6.30599, 2.62655
580.727, -5.99262, 2.58226
584.828, -6.05374, 2.13838
583.922, -11.5014, 2.55897
582.51, -6.02367, -0.669982
580.61, -6.06662, 2.6685
581.323, -5.48265, -2.06697
583.708, -5.86038, 1.21272
582.295, -5.82506, 0.544794
581.685, -6.082, -2.6065
582.329, -5.86568, -0.975981
585.085, -5.42241, -2.06524
584.132, -5.92926, 1.66465
586.383, -5.3545, 1.89069
583.387, -5.53647, 2.52018
583.349, -5.73704, 1.93742
585.837, -5.95443, 1.11195
584.059, -5.69621, 1.31851
583.953, -5.97037, -0.924748
585.309, -5.64265, 2.12341
584.747, -5.92626, -0.790963
585.997, -5.91568, -1.74755
586.702, -5.92689, 1.03306
586.043, -5.83372, 0.94702
586.66, -2.956, 0.044608
586.7, -6.8477, 1.66377
586.72, -12.8397, -1.10623
586.185, -6.41957, -2.5588
585.22, -6.79823, -0.484506
586.071, -9.39911, -0.250534
586.48, -9.68898, -3.12156
586.462, -6.96085, 1.21922
587.991, -11.5451, 0.413788
587.053, -9.09528, -0.04625
586.534, -7.68791, 0.984427
588.272, -11.9918, -0.631957
587.129, -9.5642, 2.13172
587.125, -9.53357, -2.50898
587.249, -8.7091, -2.52043
588.272, -11.7104, -2.19909
587.259, -12.1002, -1.62696
586.921, -10.7001, 1.79808
587.173, -10.6639, 0.288126
587.668, -12.3741, -0.556421
587.5, -10.1899, -1.07199
576.048, -13.8141, -2.66812
588.033, -13.4648, 3.02903
587.769, -11.0317, 1.15936
575.488, -13.6962, 0.738341
588.389, -11.7439, -0.958935
587.37, -14.085, -0.766169
587.98, -11.7616, 2.34445
578.429, -12.8599, -1.37575
587.315, -13.7517, 2.9538
585.836, -14.3727, -0.145808
578.403, -14.5502, 2.90522
581.792, -14.528, -2.77892
584.692, -14.1895, 0.736325
577.68, -9.62582, 1.96114
578.083, -16.5185, 2.70421
580.045, -16.0739, 0.84737
581.825, -15.5255, 1.60695
584.333, -14.9964, 1.52954
579.105, -17.1258, -0.429237
583.777, -14.8939, -0.350952
583.798, -15.1765, -0.891044
582.968, -15.1354, 1.92823
580.624, -16.3637, -0.488949
577.965, -17.2923, 1.73215
579.938, -16.4615, -2.34743
583.16, -15.0357, -0.562125
576.882, -17.9062, -0.785132
576.464, -18.0295, -0.181964
579.896, -16.8504, -0.180532
576.084, -17.925, -2.09942
581.993, -16.1337, -0.833041
576.569, -17.5768, -1.15973
580.743, -16.6116, 1.32586
578.293, -17.3881, -3.12208
578.112, -17.5504, -1.0724
577.891, -16.9722, 2.59327
577.377, -17.6953, 0.593116
576.402, -17.8231, -0.325652
578.837, -17.1972, -0.572367
577.58, -17.1128, 1.74579
579.017, -17.0773, 0.70218
577.427, -17.3771, -1.3212
577.594, -17.0379, 0.680695
576.396, -18.0716, 2.16989
576.545, -17.5841, -1.52683
576.908, -17.1336, -1.24936
577.687, -17.4284, -1.64331
578.525, -16.7954, 2.57032
576.801, -17.6417, -0.592275
577.722, -17.112, 0.972462
575.908, -17.6032, 0.526046
575.729, -17.7285, 1.19938
576.266, -18.7514, 2.57528
576.058, -17.2103, -3.00144
576.138, -17.2638, -2.01322
576.119, -18.6596, 0.946505
575.654, -17.5255, 1.57183
577.023, -22.2131, -2.70108
579.851, -29.6906, -2.71368
580.914, -31.6758, 0.243237
578.735, -27.4847, 0.099294
580.214, -30.857, 3.10983
579.275, -27.6568, 2.82809
579.271, -30.0139, -2.34941
578.354, -29.6428, -1.91313
578.646, -32.9737, 0.999486
577.519, -26.4194, -2.75861
576.438, -19.6396, 1.41332
579.352, -36.6467, 2.017
579.26, -37.0386, -2.31837
576.581, -20.0861, 0.527602
577.164, -23.4939, -2.56592
577.799, -32.0534, 0.374248
575.845, -36.6935, 0.632414
572.396, -34.6976, 2.67799
570.074, -30.0213, 0.154305
573.382, -22.1956, -1.60142
579.842, -28.8872, 0.833191
572.45, -8.78044, 3.09059
571.443, -5.65089, -1.19254
573.042, -10.6913, -1.95998
573.609, -8.13053, -0.92431
575.371, -11.5648, 1.18454
576.324, -18.8284, -2.45972
575.171, -8.59832, 0.430272
576.374, -13.9329, 0.037807
575.472, -8.9645, -1.34084
575.516, -4.79231, 2.5596
576.532, -17.2204, 0.292323
576.415, -10.3886, 2.46792
576.304, -15.5597, 2.71107
578.211, -17.7336, -2.8122
575.647, -13.1426, -0.082608
574.892, -6.94047, 3.0275
577.69, -17.7427, 0.231171
585.218, -16.7605, 1.75267
585.799, -16.2202, -1.41809
587.009, -15.1525, -0.123895
579.821, -16.6629, 1.93562
581.759, -16.562, -1.54998
580.903, -16.1749, 2.46324
579.255, -17.3046, 0.858762
582.29, -15.8292, -0.776128
588.357, -13.502, 2.30632
583.306, -15.7371, -2.67378
587.584, -14.2644, 1.04929
581.668, -16.1204, 2.25147
587.545, -14.3419, -2.11953
583.154, -15.3473, 3.13916
584.759, -15.2494, 0.776688
585.876, -14.2407, 1.98769
585.005, -14.632, 1.57266
587.908, -13.856, -1.90998
588.271, -13.7176, 3.10979
585.192, -14.8479, -1.63899
585.507, -14.7946, 3.03187
584.526, -15.311, -1.13759
586.219, -14.4018, 0.375748
587.566, -13.6179, -2.27347
586.997, -14.4409, -2.62931
587.201, -14.1484, -0.711512
585.143, -15.0221, -2.18286
587.143, -13.7235, -0.659518
585.378, -14.4709, -0.491114
584.315, -14.7417, -1.54104
585.602, -14.5063, 0.43519
584.823, -14.6582, 0.082224
587.326, -14.1612, 2.49941
588.338, -13.4036, 2.17389
586.759, -14.0374, -1.62025
587.082, -13.523, -1.03406
588.066, -12.9409, -3.13555
587.076, -14.1614, -2.33955
588.635, -13.2228, -0.920748
588.363, -13.2532, -0.326821
588.554, -10.8137, -1.53803
587.945, -12.4174, -1.47306
587.401, -9.79943, -1.12862
585.107, -4.81966, 0.891372
584.815, -3.49707, -2.78889
587.768, -10.8841, 1.14725
587.359, -8.85085, -1.42085
588.701, -10.6618, -0.582666
589.906, -10.9809, -0.169324
589.311, -10.5136, -2.60913
582.242, 2.55705, -0.632209
584.32, -3.95955, -2.26744
595.013, -8.60188, 1.73245
589.173, -10.4351, 2.42339
589.914, -10.3357, -0.228621
594.311, -8.56828, -1.44218
590.06, -10.7251, -0.33865
594.172, -8.36483, 0.905702
594.752, -6.28932, -2.4094
593.31, -8.16056, -1.2164
592.449, -8.61637, 1.10611
593.849, -4.77172, 2.39243
590.732, -8.59106, -1.33576
594.704, -5.71179, 2.48798
594.276, -6.50577, 3.01065
591.624, -8.59214, 1.53959
593.591, -6.99654, -1.63129
596.124, -4.47171, 1.87792
594.052, -6.87466, 2.20507
593.995, -7.39871, 2.27951
593.529, -7.84845, 1.50313
593.212, -5.78431, -2.41536
596.162, -9.28591, -3.12261
593.499, -6.34541, -0.81833
593.519, -8.41741, 0.802934
594.445, -7.60553, 2.89576
595.95, -1.5193, 1.64587
597.671, -10.6525, -1.11925
598.822, -10.8348, 0.380109
597.051, -9.51254, 1.59448
600.318, -10.3893, 2.06219
597.807, -9.7899, -2.16184
635.573, -40.5916, -0.033003
596.466, -9.49866, -0.757349
598.907, -9.75744, 2.28948
642.744, -46.8606, -2.52915
600.337, -11.7308, -0.153975
650.448, -55.4862, 1.7321
598.954, -10.6179, -1.30399
656.63, -58.1947, -0.998673
650.641, -55.4561, 0.019563
650.157, -52.4883, 2.32731
637.386, -45.0083, 1.50222
600.764, -8.94033, -1.98938
600.802, -13.3677, -0.427446
598.635, -9.34342, 1.71558
599.474, -9.40228, -2.59271
599.157, -9.96917, 2.65457
600.524, -8.5056, -2.05478
599.201, -9.25971, 0.669083
600.98, -9.37371, 1.82229
599.979, -8.5714, -2.70101
599.934, -7.55168, 2.61046
599.845, -7.04371, 0.651935
599.824, -7.36172, -2.95052
600.712, -7.8148, 1.92984
600.294, -7.40134, 2.04223
598.449, -6.56071, -1.55808
598.729, -6.28082, 1.17781
604.619, 67.9343, -1.68467
599.964, -6.98609, -1.04456
608.793, 58.8748, 2.82332
614.453, 66.3627, 1.29065
664.887, 6.59059, -1.9435
660.879, 12.028, -0.435858
599.865, -9.57701, -2.24223
600.216, -9.05361, -2.33377
600.449, -9.86412, -0.191798
598.304, -10.1403, -0.576133
598.033, -12.3533, -2.86108
597.469, -11.2198, -2.37041
600.136, -9.88196, -2.43425
600.895, -8.31389, 0.647775
597.298, -11.5569, 0.115437
599.454, -10.2789, -1.60123
600.082, -9.88684, 3.03446
597.597, -9.57203, -2.48479
600.897, -9.73642, -2.58082
598.117, -9.74305, 0.564225
598.13, -11.4778, -0.211645
598.662, -10.1292, -2.59402
597.236, -9.27892, 2.41305
617.121, -56.2883, -1.01367
592.975, -7.30612, 2.99482
596.117, -8.69845, 0.64644
596.213, -9.02511, -1.50519
597.341, -10.5855, -0.468038
598.706, -10.9593, -0.696336
594.445, -8.28953, 1.39349
596.228, -9.68952, 2.09895
592.024, -7.85915, 2.29416
597.851, -11.9376, 1.12841
597.27, -9.47574, 0.091935
594.822, -8.57875, 2.18232
597.463, -11.528, -2.16542
599.083, -14.2499, 1.41933
630.032, -63.5736, 1.48864
598.9, -12.7547, 2.83638
619.571, -44.3234, 0.146717
642.877, -74.9463, 1.44928
614.145, -32.3233, -1.50385
642.955, -73.2558, 2.02651
629.697, -51.8725, 0.584339
611.809, -32.5946, 2.09057
628.397, -48.3143, -1.01667
630.67, -52.0372, 0.426671
631.199, -43.5637, -0.009031
617.234, -29.6721, -1.47392
620.66, -38.5808, -2.65111
636.207, -58.4499, 2.78526
639.124, -57.7949, -2.32345
632.842, -65.2863, 2.97703
630.837, 10.0309, 2.26994
602.026, -57.2153, -1.38028
601.667, -60.0319, 1.05034
606.692, -50.9836, 1.8354
603.174, -69.7828, 1.99569
604.51, -81.2488, -1.56655
603.447, -15.2672, 1.45852
603.364, -15.1892, -0.792332
602.833, -15.949, -1.82651
602.89, -16.6651, -0.547688
647.08, -63.4678, -1.13943
639.789, -59.2642, 0.008805
602.695, -15.3528, 1.17733
628.135, -81.2282, 0.265298
632.776, -87.734, -1.01671
622.326, -61.0696, 0.76037
630.943, -80.4211, -0.85659
634.877, -65.8104, 2.59969
632.875, -58.7015, -2.36276
601.559, -14.6054, 2.81255
601.514, -14.7564, -2.04833
598.911, -13.2903, -0.303879
599.084, -12.51, 0.424475
600.949, -14.4095, -3.13765
598.781, -13.5276, 1.41899
602.011, -14.9008, -0.385692
598.845, -13.5108, -0.1271
598.738, -13.5973, 3.06724
598.805, -13.5427, -0.402894
526.532, -24.4746, 1.48539
546.166, -25.8319, -1.0111
554.243, -23.2046, 1.9763
586.448, -18.1626, 1.46939
541.385, -58.6073, -1.72755
583.754, 53.4234, 2.83277
545.328, -54.2524, -1.65897
579.721, -22.2914, 2.51595
552.389, -55.2622, 3.12018
556.983, -75.5914, 1.26715
560.707, -68.259, 2.5902
619.357, 30.1848, -2.71345
597.605, -8.94124, 1.36854
598.527, -10.8105, 1.14459
598.319, -12.1328, -2.59643
598.079, -9.4267, 0.683375
598.653, -12.1104, -2.43732
597.981, -8.21687, 2.99663
598.424, -12.0998, -2.84932
598.995, -10.3717, 2.90553
598.432, -11.0357, -3.0549
599.109, -11.314, -1.91034
599.488, -12.3604, -0.583774
599.744, -12.271, 0.087219
599.169, -12.3936, 0.5155
599.282, -10.4291, -2.61076
599.324, -12.843, -0.403081
598.286, -10.5921, -2.50767
598.6, -12.3313, -0.588669
599.293, -12.7618, -0.458468
598.639, -12.7797, -2.29996
599.425, -10.6181, 2.85269
598.543, -11.0117, 1.45757
598.247, -9.97591, -2.86537
598.397, -12.5536, -0.766014
598.182, -8.37592, 1.8794
598.884, -9.81606, -2.43708
598.685, -11.4662, -0.091161
598.944, -10.5442, -1.60753
600.108, -9.60788, 1.65824
599.686, -10.0385, -3.1287
600.069, -10.1749, -2.00588
598.124, -8.88813, 0.194843
595.583, -3.76142, -2.33254
599.606, -9.05775, -0.121456
597.1, -6.2715, -1.05762
598.472, -9.32319, 0.438499
598.312, -8.73896, -1.75277
553.397, -9.93703, -0.133484
529.002, -10.6791, -1.43727
596.83, -5.61695, 0.322619
598.298, -7.56364, -2.68412
596.808, -4.55394, -1.91198
595.625, -2.6773, 2.66211
596.369, -4.99292, -2.01503
596.55, -3.61023, -0.60397
597.108, -5.53113, -0.19247
595.414, -2.15941, -1.57263
595.873, -4.81102, 2.86116
596.289, -5.2424, -1.11162
520.922, -6.43311, -1.21024
589.126, -5.71054, 2.82077
595.727, -4.46326, 1.95215
596.909, -4.20556, -0.115455
597.971, -6.11232, 0.210039
597.478, -4.14453, 1.91504
598.011, -3.8281, -0.228529
597.818, -5.19753, -2.0834
643.973, 17.5027, -0.562945
598.126, -2.30775, -2.74921
659.115, 15.4639, 1.61556
658.431, 15.8783, -2.53577
662.951, 16.3464, 1.10013
648.154, -50.804, 0.08381
656.092, 4.88845, -1.62152
621.907, -19.7213, 2.57607
666.487, -6.62214, 1.49011
680.029, 3.45276, 0.891097
669.078, 24.4959, -1.13933
638.23, 57.1412, -2.20017
559.547, 11.9175, -2.47439
562.47, 14.1127, -2.42674
527.727, 16.8885, -1.39057
526.002, 11.5029, 0.60348
656.32, 51.053, -2.04364
648.636, 35.3474, -1.76167
632.75, -7.9455, -1.10709
624.483, -6.76055, -1.52275
624.608, 9.58045, -0.189757
583.979, 64.8404, -0.984527
660.34, 25.8732, -1.28092
677.595, 23.0981, 1.19612
653.078, 19.0316, 1.34022
670.608, 36.5397, 3.09334
650.42, 15.5433, 2.79788
664.037, 25.8456, 1.25959
673.806, 19.5128, -0.638414
670.526, 0.616174, -3.08896
599.596, -0.962472, 0.626262
589.616, -50.8529, 2.6865
595.469, -75.5797, 0.741601
614.981, -71.9422, -2.79266
597.439, -5.95719, 3.12747
597.016, -7.10337, 2.87039
599.805, -1.78414, -3.09911
638.418, -25.1356, 0.635931
660.746, -26.8773, -3.01991
650.85, -17.7657, -1.50994
523.854, -1.08702, -0.424143
596.002, -45.472, 0.023303
604.091, -34.2968, -0.940933
522.976, 17.1428, 1.35837
583.215, 9.0482, 2.95538
625.87, -52.6397, -0.846795
602.423, -28.6044, 0.274395
597.474, -2.51103, 2.05829
595.196, -4.16151, -1.34124
597.099, -5.68836, 3.04233
596.099, -5.67946, 1.04697
546.271, -0.920353, -1.1319
571.229, -0.057384, -2.44455
561.183, 0.11614, -2.46612
519.378, 15.3918, -1.45906
543.657, -1.74829, 2.69481
517.504, -7.51638, 2.11206
598.266, -5.46761, -1.63814
595.96, -5.96503, -3.06216
597.847, -2.27451, 3.03808
597.845, -5.76491, 0.284447
595.919, -5.23387, 1.07508
598.005, -4.45542, 2.32182
637.839, -7.01289, -2.55781
597.168, -5.85387, 0.042933
596.775, -4.46583, 0.078798
596.939, -2.88999, -2.86376
596.515, -4.83646, 1.04848
597.082, -3.78957, 2.34085
595.399, -7.20867, 1.72174
595.909, -6.05101, 0.139077
597.559, -4.12275, -2.16435
598.503, -7.36233, -0.836669
598.915, -8.66826, -1.7555
595.905, -4.80589, 0.393973
596.447, -4.34609, 0.818619
597.261, -3.71528, -1.54727
597.135, -3.72538, -2.52041
595.682, -6.83862, -2.6112
596.89, -2.69445, -2.8641
596.908, -4.936, 0.453184
598.413, -3.03884, 1.0514
595.325, -4.1447, -1.56358
598.14, -6.91176, -0.103185
595.867, -5.57548, 2.77654
596.435, -6.02873, -2.52692
598.611, -7.99018, 3.13603
597.698, -2.15993, 2.85729
596.445, -3.98794, 2.12219
597.209, -4.77581, 2.26131
596.094, -4.84818, -2.96136
596.041, -6.65938, -2.06148
597.045, -4.94069, 0.110199
595.521, -4.52409, 1.50385
598.428, -3.54123, 1.77717
597.652, -6.00966, 3.04321
598.34, -3.46376, -0.109275
597.251, -6.51366, -2.86679
596.722, -3.68388, 1.01289
597.94, -2.96849, -0.402106
597.176, -4.63283, -2.83918
598.88, -8.10503, -2.14467
597.459, -5.13138, -1.42835
597.877, -4.21782, 3.08167
596.987, -6.54555, 2.51929
597.388, -5.39293, 1.71055
595.976, -6.46859, -0.106001
597.105, -5.66378, -1.68382
598.785, -8.55402, -1.95539
597.249, -4.83476, -1.98777
598.471, -3.58604, 2.97832
598.468, -4.11239, -2.09795
595.74, -6.26341, 2.43321
598.385, -2.3868, -2.17529
597.51, -2.58426, 1.95949
598.711, -8.29293, 2.3719
598.251, -2.67968, 0.959882
597.136, -5.26711, 1.37894
598.362, -2.7998, -0.248936
596.761, -6.73528, -0.51511
596.891, -5.19821, 0.127152
597.414, -5.12577, 0.952997
595.707, -6.76258, -1.77233
597.054, -5.03697, -2.24722
597.83, -3.23158, -1.61941
598.37, -4.96181, -0.27129
