0.00761644
0.00431805
0.00175585
0.0259004
0.00805606
0.022632
0.015463
0.003355
0.00926297
0.0179353
0.00713343
0.0186352
0.0109673
0.00549248
0.0115065
0.00551058
0.924038
0.0143344
0.0184481
0.00983814
0.00131126
0.00570955
0.00699562
0.00183127
0.0111969
0.0102416
0.01907
0.00644115
0.00839852
0.00571814
0.00899246
0.0200643
0.00474823
0.0124383
0.00936614
0.00484871
0.00146655
0.0155628
0.00828984
0.00660274
0.00966456
0.00944516
0.016099
0.00169688
0.00728687
0.0111435
0.0057626
0.0158592
0.00210747
0.0154124
0.00335778
0.00334606
0.0078795
0.0216234
0.00673461
0.00945677
0.0111736
0.0133494
0.0202769
0.00593986
0.00788712
0.0178788
0.0306951
0.0364787
0.0177012
0.00322032
0.0118386
0.00389227
0.00893358
0.012833
0.00939251
0.00522804
0.00268079
0.00994297
0.0230607
0.0246377
0.0237485
0.0292289
0.00203869
0.00816339
0.00344381
0.00229808
0.0215058
0.00268499
0.00820722
0.0049823
0.0149398
0.0271898
0.0120146
0.0122679
0.00956508
0.00956733
0.00481001
0.0175962
0.00556994
0.0174642
0.00701696
0.015324
0.011523
0.00408335
0.00926597
0.019923
0.00316416
0.00187343
0.0125615
0.00827526
0.00404113
0.00900585
0.00711927
0.00577771
0.0271446
0.010352
0.00850672
0.0309844
0.0200542
0.00193704
0.0149965
0.0024576
0.00350675
0.0149201
0.0159217
0.00949931
0.00787522
0.0262304
0.00330251
0.018344
0.0112147
0.00573645
0.00921537
0.00779473
0.00171731
0.00291877
0.00401578
0.00533851
0.00467787
0.0235482
0.00670271
0.00489593
0.00890853
0.00269983
0.0159358
0.00300677
0.0250345
0.00879651
0.0164051
0.0227864
0.00735066
0.0101857
0.00528519
0.0115498
0.0166001
0.0067715
0.0096784
0.00817433
0.0136526
0.00323093
0.00616167
0.0435081
0.0074232
0.0086637
0.00699088
0.0224305
0.00826986
0.0223836
0.0207588
0.00526096
0.0027089
0.0368319
0.00801857
0.0199135
0.0205219
0.0236603
0.0135814
0.0265824
0.0156715
0.00843088
0.351772
0.00575664
0.0109284
0.0185479
0.00804109
0.0035405
0.00406889
0.00297817
0.00872218
0.0109185
0.00353658
0.0117832
0.00548905
0.00428275
0.0017787
0.0123131
0.00672205
0.00489272
0.00809952
0.00689956
0.00539482
0.00501527
0.00763758
0.0111959
0.00365519
0.00337749
0.0181557
0.00399422
0.0112049
0.0126787
0.0068731
0.0115469
0.0064909
0.0196215
0.0154135
0.00408455
0.0134485
0.0193034
0.0115455
0.645272
0.00351891
0.0100471
0.0104035
0.012174
0.00606064
0.0112847
0.0137552
0.00914364
0.00937278
0.0139517
0.00338025
0.0033221
0.0189145
0.00513597
0.015981
0.00308412
0.0111221
0.0754831
0.0351834
0.00790865
0.00546607
0.00513023
0.0168433
0.0041254
0.00715595
0.00831428
0.00453839
0.00613637
0.0184166
0.0191375
0.00708092
0.00912846
0.0120377
0.0121253
0.00641497
0.0112094
0.00962579
0.00682204
0.00445506
0.00957349
0.00676584
0.00985116
0.00564493
0.0108232
0.00518805
0.0102243
0.0159354
0.0131596
0.00600074
0.0205506
0.0155458
0.0271571
0.00854835
0.0323769
0.0378949
0.0125658
0.0148976
0.0234913
0.00914353
0.00802986
0.0109898
0.00704166
0.0088023
0.017453
0.020537
0.020367
0.0104827
0.0128258
0.012469
0.00874129
0.0248777
0.00812606
0.00100227
0.00195849
0.0066705
0.04271
0.000344266
0.00253109
0.00767405
0.0563791
0.0100826
0.00513784
0.0183112
0.0188783
0.00557883
0.00485127
0.0066946
0.000147063
0.0103703
0.00581787
0.0136279
0.0401242
0.00357956
0.00810703
0.0154852
0.0162121
0.00944733
0.0183102
0.0196142
0.00881061
0.0153536
0.00827801
0.0162195
0.0174283
0.0115847
0.00570727
0.00699584
0.0112794
0.0115839
0.00355654
0.0103214
0.0155708
0.00503175
0.0174649
0.00746978
0.0080687
0.0153183
0.000774108
0.0138394
0.0367132
0.0125344
0.00245879
0.0156539
0.0202289
0.00907315
0.00349168
0.0144937
0.0220382
0.0293306
0.00529006
0.0179245
0.0124831
0.0132766
0.00795692
0.0121171
0.00489544
0.00770194
0.0181959
0.00946333
0.0104522
0.0298471
0.00917742
0.0191626
0.0122452
0.00885083
0.00753291
0.0304059
0.00998899
0.0310507
0.019686
0.0104304
0.00882536
0.0171096
0.014472
0.0227615
0.00619387
0.0184463
0.00759758
0.0116111
0.0261237
0.0137613
0.00529482
0.0223346
0.0292699
0.0225088
0.00529519
0.00517604
0.0123628
0.00715916
0.00683635
0.0282119
0.0122067
0.0225491
0.0141424
0.0116938
0.0128309
0.0104584
0.0321632
0.00255217
0.0123149
0.0146231
0.0415705
0.00698501
0.0139823
0.015659
0.00393961
0.00236325
0.00793165
0.00994928
0.0138749
0.0133176
0.0132544
0.0255493
0.0138211
0.00588228
0.00341509
0.0217674
0.00326345
0.00389225
0.01722
0.0097373
0.005704
0.00362837
0.0177963
0.00451723
0.00433528
0.0104572
0.00509994
0.00411478
0.0109846
0.0123273
0.00282533
0.0146286
0.0134154
0.00537829
1.79418
0.0147826
0.00509722
0.0123622
0.0165604
0.0116857
0.0142127
0.0197439
0.00995101
0.0138412
0.00516649
0.0128124
0.00789496
0.00502079
0.00417837
0.00179682
0.0137634
0.0191387
0.00898515
0.00624368
0.00937171
0.00850077
0.0171432
0.0110712
0.00509651
0.0120367
0.0098911
0.010924
0.00847893
0.0108581
0.00499414
0.00606078
0.00807693
0.0044411
0.01983
0.00816995
0.0197038
0.0113584
0.000532568
0.00496681
0.00469896
0.01155
0.0151517
0.00728548
0.00879329
0.0137775
0.0237205
0.012547
0.0123548
0.0122598
0.0100796
0.0201496
0.0783227
0.00891019
0.0224575
0.0268307
0.00462653
0.0131167
0.00332726
0.0102818
0.00841223
0.00376664
0.0123854
0.0099747
0.0133404
0.00609667
0.0078707
0.0141247
0.0144746
0.0117624
0.0072833
0.0015605
0.00591069
0.00697011
0.0472043
0.0124222
0.0162324
0.0112482
0.0231573
0.00824738
0.00187958
0.019299
0.00643246
0.0170933
0.0130679
0.0122325
0.00887435
0.0444928
0.00621305
0.0176022
0.0124937
0.0167856
0.0197918
0.0156664
0.0118432
0.0137563
0.0121323
0.0263634
0.0182243
0.0238798
0.0147793
0.00285745
0.00680094
0.0162928
0.018584
0.0166944
0.00213057
0.0273457
0.024805
0.00506751
0.0212853
0.00655307
0.00776227
0.0076112
0.0091352
0.0134284
0.000272064
0.0110632
0.00938802
0.00809494
0.0164779
0.00939044
0.0195877
0.0323481
0.0276911
0.0236655
0.0217518
0.016545
0.0252136
0.00708978
0.00434383
0.0153013
0.0260037
0.00354075
0.00879879
0.00680195
0.0114675
0.0218512
0.00869079
0.0071479
0.0187441
0.012604
0.0055257
0.00539894
0.0138158
0.0151736
0.0085887
0.0144111
0.00690963
0.00119341
0.00897677
0.0148158
0.00261496
0.0129062
0.00685173
0.0155718
0.0483631
0.0147859
0.0225702
0.0257997
0.0120768
0.0126963
0.00941959
0.00468347
0.0037291
0.0284234
0.00400671
0.004163
0.0824076
0.0053737
0.0201621
0.00895769
0.00839557
0.0135101
0.00567991
0.00624543
0.0156849
0.000569223
0.0150628
0.00506282
0.0117763
0.0089654
0.00205817
0.0170912
0.00984852
0.0080011
0.00602934
0.00892037
0.0165087
0.0110045
0.0242727
0.00161897
0.0079339
0.00985791
0.0107662
0.00645925
0.00773672
0.0344462
0.0113535
0.00597178
0.0056582
0.0159474
0.00609404
0.00996623
0.00310704
0.0117983
0.00715109
0.01601
0.0225002
0.0135868
0.0145121
0.0130514
0.0167353
0.0163048
0.0126225
0.00351133
0.0365351
0.0438692
0.0166766
0.00709126
0.0132837
0.00920889
0.00843682
0.00660154
0.00357448
0.00664858
0.00495628
0.00661362
0.00402118
0.0079443
0.00335054
0.00659079
0.017303
0.00294174
0.0101929
0.00365189
0.0120833
0.000475201
0.00102471
0.0148301
0.0136125
0.00432039
0.0105523
0.0117707
0.0082655
0.010009
0.016051
0.0112529
0.0106099
0.00978502
0.0105492
0.0142314
0.0100373
0.0360714
0.0047033
0.00153712
0.00957083
0.0171537
0.0215749
0.00578369
0.0109431
0.0109933
0.0068196
0.0106279
0.00797943
0.0111802
0.016419
0.0132852
0.0148792
0.034132
0.0127195
0.000983226
0.0204511
0.00949328
0.0172334
0.0122981
0.00921558
0.00783407
0.00106375
0.0023374
0.0158279
0.022567
0.00845634
0.00497706
0.00493594
0.00537015
0.00565245
0.00567853
0.0148708
0.0199185
0.0069832
0.016792
0.0104608
0.0185264
0.00558251
0.0112711
0.00733756
0.00516197
0.00435792
0.00813748
0.00473453
0.0169487
0.0089
0.0101054
0.00455134
0.012797
0.00174566
0.00970862
0.00513039
0.0115766
0.00952602
0.00501462
0.0252087
0.00924976
0.0177941
0.0124462
0.00931391
0.332475
0.00663138
0.0199267
0.00739068
0.00343356
0.0173152
0.017792
0.00680028
0.0102574
0.00936522
0.00337518
0.00608595
0.0125068
0.0127763
0.0100668
0.00468293
0.00117689
0.013166
0.0119662
0.004768
0.0169084
0.0240444
0.00651071
0.00861822
0.0106981
0.00883137
0.0259297
0.00267681
0.0158463
0.0137199
0.0117538
0.00755758
0.00332097
0.011732
0.00851024
0.00618806
0.0117227
0.0105974
0.00783355
0.0183039
0.0138699
0.0201536
0.0033847
0.0141996
0.00366202
0.00627519
0.0280534
0.0130405
0.00713438
0.00124603
0.00679523
0.0179948
0.0134358
0.0239359
0.0222635
0.00564419
0.00896094
0.0128631
0.0170251
0.00426076
0.010089
0.00860985
0.0137978
0.00367499
0.00383423
0.00591451
0.0131616
0.0152882
0.00383452
0.00506613
0.0272464
0.00775157
0.00915301
0.0130263
0.0128088
0.0476364
0.018781
0.00490532
0.0096922
0.0128532
0.0345685
0.00899599
0.0143351
0.00266679
0.0156112
0.00594437
0.00989104
0.0190264
0.0223396
0.01209
0.0161268
0.0119095
0.00816903
0.0152753
0.00901584
0.00799803
0.00276707
0.00268302
0.0133685
0.0329275
0.00378644
0.0100163
0.00993733
0.0144533
0.021675
0.00700248
0.017768
0.00220193
0.0131144
0.00206969
0.0176935
0.00867038
0.00471838
0.0137846
0.0110736
0.0170488
0.00902767
0.0160858
0.0142195
0.0148175
0.0143319
0.0040534
0.00988422
0.00201026
0.00685248
0.0120038
0.0173318
0.00635529
0.00856341
0.0222594
0.0116678
0.00318609
0.0206403
0.0103488
0.0119633
0.0102378
0.016279
0.0131465
0.00657593
0.0149446
0.00556794
0.00394258
0.000888841
0.06382
0.023767
0.0143249
0.00759339
0.0185316
0.00963138
0.0035659
0.00403371
0.00833905
0.0427479
0.0123026
0.0161552
0.0137925
0.0101161
0.0114327
0.0135455
0.00497073
0.0157153
0.00671252
0.0151796
0.0113187
0.0052374
0.00957946
0.00660644
0.0153414
0.00630882
0.0074107
0.0186117
0.0105497
0.0122823
0.00745514
0.0153411
0.00995658
0.0212372
0.00858466
0.0156436
0.0180945
0.00819027
0.0017629
0.00786768
0.0120939
0.0105499
0.016679
0.0431955
0.00364944
0.0167805
0.00174996
0.0126983
0.00526375
0.00626364
0.0168848
0.0400383
0.00602113
0.0160782
0.00687878
0.00610607
0.0194703
0.019574
0.0123985
0.0411647
0.00941215
0.00715749
0.00585454
0.0340395
0.0487024
0.0185281
0.017815
0.00150832
0.00555495
0.0158128
0.00545357
0.0179699
0.0256515
0.0052714
0.0117482
0.0138378
0.00562393
0.00736506
0.0284472
0.00475747
0.00548896
0.0125208
0.0186781
0.00579783
0.0144551
0.00698619
0.00934009
0.00826225
0.010967
0.0108767
0.00640402
0.0141684
0.0182454
0.0122154
0.0369717
0.00501006
0.00595084
0.00233482
0.0199294
0.0189606
0.0149652
0.000906514
0.0118062
0.00420994
0.0103679
0.0046666
0.00789078
0.0225304
0.0109632
0.00907477
0.0166942
0.020437
0.00483795
0.0136634
0.0167925
0.0123925
0.00599345
0.00738633
0.00856014
0.0211115
0.0230338
0.0174356
0.00606931
0.00442974
0.00446536
0.0412994
0.00266252
0.00903826
0.0113204
0.0302554
0.0100624
0.0133118
0.0145819
0.0177396
0.0134819
0.023264
0.00556711
0.0112558
0.0142745
0.0115184
0.00342937
0.0097193
0.00369343
0.0158498
0.00625431
0.00634357
0.00880176
0.0117518
0.0111031
0.0170694
0.00233536
0.00486904
0.0169163
0.00513287
0.0242314
0.00607012
0.0176797
0.0538731
0.0105113
0.0398683
0.018535
0.00318909
0.00414626
0.00730316
0.0235919
0.00234722
0.00946438
0.0202232
0.0113981
0.00650835
0.0221898
0.00187272
0.015132
0.00303154
0.00357769
0.015922
0.00170411
0.00896869
0.0251533
0.0386668
0.0075636
0.00736634
0.00912775
0.0140498
0.0127125
0.0105514
0.00258588
0.00879243
0.003069
0.009314
0.025449
0.00698609
0.0120944
0.0201098
0.00779316
0.00098319
0.0200304
0.0242661
0.00892247
0.00669069
0.00983776
0.0180045
0.00350379
0.0152949
0.0242789
0.0135659
0.033493
0.0167712
0.00699988
0.0351295
0.0186836
0.011156
0.0182335
0.00808077
0.0206882
0.00258222
0.00233052
0.00544153
0.0091402
0.0176571
0.00410543
0.0216995
0.0124825
0.0193457
0.0107948
0.0144835
0.0124056
0.0180504
0.0111004
0.0127188
0.0198776
0.0379456
0.0100394
0.0079188
0.00530787
0.00815137
0.0019102
0.0138861
0.00527263
0.00565466
0.00435481
0.0114882
0.00625002
0.00690744
0.00211888
0.0172561
0.0062001
0.0124827
0.0101875
0.00655298
0.0114025
0.00744373
0.00788379
0.0129992
0.00443283
0.0279288
0.00438857
0.0256102
0.0123752
0.0213413
0.00720094
0.00438266
0.00608202
0.0116695
0.00675324
0.0163568
0.00972245
0.00736031
0.0161572
0.00511338
0.0106678
0.0103465
0.0110046
0.00819585
0.012026
0.0173579
0.0183176
0.0102078
0.014668
0.0285392
0.00945879
0.00824054
0.00909122
0.0157027
0.0150126
0.0166405
0.0297269
0.00515902
0.00526969
0.0109758
0.0161348
0.0120639
0.0124151
0.0144962
0.0175152
0.00858008
0.0115501
0.00756224
0.0224723
0.0103725
0.00219246
0.00786134
0.00385629
0.0117944
0.00722004
0.00369091
0.00739509
0.00997855
0.0014212
0.0113185
0.0032402
0.0189592
0.0119506
0.0141385
0.0263385
0.00347223
0.00404496
0.00097384
0.0102331
1.30851
1.99862
0.0150029
0.0203114
0.0215
0.0235988
0.00220482
0.0112404
0.0170846
0.00947974
0.0057702
0.00732742
0.013583
0.00903361
0.014102
0.0240949
0.00579691
0.0207573
0.00407899
0.0258489
0.0266417
0.0258647
0.02474
0.022328
0.00332959
0.00312174
0.0098125
0.00201655
0.0119548
0.0134505
0.00064797
0.0141043
0.0170205
0.00707701
0.00948923
0.010516
0.00840844
0.0147359
0.0173058
0.00319868
0.0133016
0.00438176
0.0155537
0.00146966
0.0230559
0.0107717
0.0105316
0.0178857
0.0124428
0.0174019
0.0221776
0.024288
0.000276094
0.0272682
0.0560387
0.0325529
0.0450757
0.00204508
0.00283784
0.00819075
0.00823859
0.019106
0.00537375
0.00608409
0.011938
0.0102289
0.0259296
0.00848094
0.00896932
0.0188855
0.0179581
0.0291277
0.0451516
0.0480631
0.00606689
0.0180935
0.0121743
0.00906531
0.0252819
0.00935139
0.0309152
0.0143688
0.0106109
0.00174509
0.0456096
0.00659931
0.00726016
0.0105587
0.00670603
0.00973137
0.000469063
0.0169579
0.0104957
0.00216403
0.0151573
0.0100188
0.0125948
0.0110847
0.00623625
0.0253725
0.0113136
0.011108
0.00475102
0.00687078
0.0132333
0.030771
0.0222444
0.0228047
0.019849
0.0043815
0.00903086
0.0217083
0.0148207
0.017873
0.00560323
0.00770921
0.00646038
0.0167666
0.0115048
0.0164309
0.0178125
0.0195037
0.0217962
0.0317484
0.0172561
0.00672524
0.011498
0.0267433
0.0174392
0.0311195
0.00416413
0.00936618
0.00513025
0.0216655
0.0138196
0.00780627
0.0215138
0.00783657
0.0102405
0.00637315
0.0147429
0.0238019
0.00402894
0.0381448
0.0150702
0.0119126
0.00374529
0.0216922
0.0156812
0.0281566
0.016061
0.00817711
0.0104763
0.00579784
0.00753981
0.00117826
0.0136625
0.0152191
0.0170282
0.0098358
0.0129712
0.00818034
0.00732686
0.00552385
0.0136209
0.00413557
0.00825811
0.0153088
0.012811
0.0246884
0.0166171
0.030933
0.0121033
0.0254305
0.0236013
0.0011816
0.00546998
0.00603751
0.0133357
0.0127165
0.00570207
0.0239949
0.00977955
0.0118461
0.00536035
0.0241471
0.0111088
0.00248456
0.00368513
0.00614931
0.0288116
0.00809744
0.00431048
0.00585026
0.0241155
0.0140931
0.0148558
0.0125723
0.00395057
0.00578634
0.00760188
0.00839703
0.00942663
0.00501049
0.00429708
0.0184946
0.00448106
0.0238635
0.00775654
0.0304393
0.00623971
0.0174378
0.00566637
0.0245681
0.0110966
0.0149071
0.00269682
0.016133
0.00543745
0.00430441
0.0175299
0.0109665
0.00652329
0.0149287
0.00946085
0.0139455
0.0110769
0.00710662
0.0179589
0.0044255
0.00713053
0.0044915
0.0124305
0.0127695
0.00823564
0.0113459
0.00871299
0.0177753
0.0233458
0.00418951
0.00225539
0.0132733
0.00721296
0.0021712
0.00300607
0.00248664
0.0117951
0.0044645
0.00502175
0.00719981
0.00907833
0.00427327
0.00597433
0.0138553
0.00809864
0.0185496
0.00343837
0.00651491
0.0193471
0.0130061
0.0159754
0.0162861
0.00642146
0.0129459
0.012995
0.00639035
0.0119736
0.00375289
0.018153
0.0119236
0.012981
0.0183973
0.0126747
0.0121987
0.00550081
0.0166997
0.0183892
0.00922855
0.00551224
0.014118
0.0140594
0.00543656
0.0168265
0.0176801
0.00200763
0.0150346
0.0144041
0.01717
0.0118658
0.0167742
0.0130655
0.0105102
0.00194907
0.0252119
0.0442543
0.0086099
0.00256027
0.0143578
0.0278281
0.0176556
0.0073499
0.00265591
0.00618684
0.00474559
0.0142691
0.0100526
0.0087909
0.0105954
0.0058827
0.0130273
0.0104952
0.028357
0.0182304
0.00962183
0.0165545
0.00893607
0.00394472
0.00330482
0.0071745
0.0110425
0.0122542
0.00919213
0.0106921
0.00960371
0.011311
0.0140644
0.0103632
0.010411
0.00537716
0.00397524
0.00791759
0.015261
0.00595011
0.00630413
0.0111836
0.00950473
0.0120759
0.0111327
0.00761305
0.0057894
0.0127983
0.00602535
0.0158443
0.00707081
0.00276913
0.00883585
0.0337362
0.0159263
0.00587388
0.0163555
0.00906072
0.0145871
0.0111738
0.0120898
0.00509089
0.00350056
0.00862249
0.00573384
0.0063687
0.00901128
0.0115028
0.00714622
0.00251981
0.00672078
0.0318481
0.0113176
0.0286824
0.00196804
0.0190434
0.00864955
0.0160607
0.00517896
0.0175698
0.00875857
0.00179832
0.0170377
0.0192199
0.00512336
0.0312438
0.0202404
0.0206948
0.00300805
0.007747
0.0157718
0.0208188
0.0420646
0.0103885
0.0117658
0.00547243
0.00656461
0.00670679
0.0143828
0.000806421
0.00886961
0.0092492
0.00817454
0.00968872
0.00319467
0.0146831
0.00787248
0.00565234
0.0205606
0.00550638
0.0116532
0.0141429
0.0282725
0.0143524
0.0248266
0.00923027
0.014207
0.013409
0.0141434
0.00566702
0.00737372
0.0262634
0.0252597
0.00437663
0.0065017
0.00965832
0.00664669
0.0148709
0.0255269
0.00573094
0.00799554
0.00501039
0.00722529
0.0170338
0.0211886
0.0108605
0.00520126
0.00368832
0.00751584
0.0152956
0.0116258
0.0118947
0.0116886
0.00808495
0.00452238
0.00468777
0.00997908
0.0105966
0.00856331
0.0114636
0.0222486
0.0071564
0.00331882
0.0151036
0.00808378
0.00748015
0.00437242
0.0036727
0.0100327
0.00509187
0.0101104
0.0154255
0.00798349
0.00508317
0.0064298
0.00486611
0.00189926
0.00826082
0.0176324
0.00994052
0.0121427
0.0170025
0.0196115
0.0144824
0.00584716
0.00531985
0.00490534
0.0151339
0.0208137
0.00734735
0.00612693
0.00636152
0.00127415
0.0083515
0.00444803
0.0247382
0.00441029
0.0383714
0.0213081
0.0110788
0.00178918
0.0069336
0.0193424
0.00213907
0.0209829
0.0136141
0.00917058
0.0104638
0.0111416
0.00218693
0.00396362
0.00115132
0.0081144
0.00318997
0.0221592
0.00605973
0.00321492
0.00852389
0.0135878
0.0211056
0.0154209
0.00338539
0.011612
0.0226911
0.0362004
0.00338689
0.00547505
0.00926198
0.025662
0.011299
0.0165789
0.0144781
0.00674074
0.0137956
0.0143754
0.0122157
0.0297944
0.00995339
0.0436896
0.00523892
0.0448454
0.00275824
0.0114437
0.00237666
0.0324912
0.0241479
0.0196838
0.0138896
0.00513422
0.00875242
0.00320373
0.00873509
0.0113232
0.00962897
0.0185916
0.0133463
0.0152077
0.0127943
0.00292512
0.00557889
0.00407949
0.0133426
0.00149882
0.00413572
0.0199254
0.0135027
0.0150968
0.0131623
0.0124038
0.00191562
0.00167706
0.0149359
0.00950233
0.0234125
0.0056693
0.00969048
0.0110014
0.00229297
0.0252637
0.0167366
0.0133656
0.0147845
0.0125501
0.00104354
0.0229518
0.0110296
0.00962494
0.0123001
0.018069
0.0118328
0.0136765
0.015816
0.0219077
0.0357272
0.00443275
0.00433802
0.00606208
0.00749783
0.0187407
0.0120725
0.00627516
0.0164084
0.0068637
0.0140931
0.0280458
0.0127468
0.0173549
0.00900144
0.0303486
0.0109734
0.000282803
0.00834837
0.0159301
0.0111037
0.00909611
0.0154338
0.0107883
0.0100098
0.00362928
0.0067529
0.0101012
0.014133
0.0052036
0.00802653
0.0135442
0.0075081
0.0219234
0.0108254
0.0112242
0.0147747
0.0191976
0.00585695
0.0174236
0.0840439
0.0158084
0.00754178
0.0170166
0.0171788
0.00611667
0.00379365
0.00776767
0.00557282
0.00480506
0.0106592
0.0111913
0.00852351
0.00753372
0.0180143
0.00749547
0.0119627
0.00759228
0.00538265
0.00757235
0.0330618
0.00275596
0.0238282
0.0149877
0.0143128
0.00459764
0.0115248
0.00615105
0.0196033
0.00426333
0.0139348
0.00569179
0.0278286
0.0261354
0.00722718
0.0238179
0.00868653
0.0242797
0.00565527
0.0102503
0.0140326
0.00504115
0.0173147
0.0256374
0.0182776
0.0060916
0.00621871
0.00374689
0.0076614
0.0157397
0.011142
0.0207056
0.0246137
0.00311689
0.00446401
0.0174793
0.011319
0.0201847
0.0147911
0.024353
0.00276361
0.00465538
0.00509109
0.016787
0.0096714
0.0269862
0.0245165
0.0139135
0.00376648
0.019758
0.0138409
0.0144343
0.0093894
0.0182613
0.00587592
0.0136218
0.0173113
0.0124917
0.0033044
0.0118668
0.0147093
0.0444446
0.0136046
0.0193962
0.0124537
0.0030505
0.0157576
0.0121911
0.00434495
0.0193436
0.017048
0.00496648
2.49756
0.00890571
0.0177757
0.00638374
0.0205356
0.0095106
0.0106003
0.00719967
0.0123579
0.0103263
0.0291446
0.0159765
0.0070864
0.0301281
0.0235317
0.0121358
0.00714952
0.00939292
0.0115829
0.0133193
0.00148517
0.00621493
0.00553833
0.0126635
0.00711159
0.0104161
0.00732709
0.0095938
0.0210994
0.0154398
0.0168303
0.00156436
0.00581917
0.0033606
0.0218444
0.00446792
0.023104
0.0238315
0.00491258
0.00535357
0.00959306
0.00541824
0.00367681
0.00925425
0.0242614
0.00649267
0.0244262
0.00489666
0.0603449
0.0145151
0.0408306
0.00666405
0.0072981
0.00414727
0.00361504
0.018865
0.0144604
0.00131833
0.0045136
0.00808111
0.0223454
0.017534
0.00906788
0.0262305
0.0138193
0.0172706
0.00915095
0.00321692
0.0145885
0.0118432
0.0118739
0.00542161
0.0161991
0.0222275
0.00446707
0.00704394
0.012714
0.0101322
0.0138385
0.0355471
0.0157992
0.0451929
0.0380915
0.00273247
0.00625103
0.0228594
0.0150824
0.00741032
0.0110941
0.0131523
0.022241
0.0401409
0.012387
0.00835989
0.00271457
0.00740938
0.0113188
0.00195835
0.00291921
0.00776291
0.0124089
0.00927688
0.00482544
0.00425005
0.00255016
0.00667356
0.00730325
0.0153187
0.0108298
0.00300969
0.00247079
0.0134431
0.0141644
0.00579986
0.0309408
0.00635444
0.00430614
0.00507766
0.0087249
0.0193135
0.0177953
0.00782513
0.011257
0.00498307
0.00847353
0.0101534
0.0167654
0.0102667
0.0148675
0.0073857
0.00368235
0.0104211
0.00771302
0.0279906
0.0143685
0.0193901
0.0399492
0.00335709
0.0142961
0.013413
0.00544004
0.0109114
0.00395338
0.0160319
0.0134916
0.0161853
0.0114555
0.0177794
0.00739031
0.0365669
0.0177846
0.0149275
0.01122
0.019157
0.0172813
0.00839955
0.0119543
0.00167747
0.00562822
0.0177243
0.0116832
0.0173706
0.0185719
0.00772127
0.0242611
0.012933
0.00930736
0.00991654
0.0115959
0.0101926
0.00839613
0.0199341
0.00655611
0.0114686
0.0349277
0.0145707
0.0281546
0.0165877
0.0111777
0.0155099
0.00957922
0.00469749
0.00591231
0.00925323
0.0177972
0.0146025
0.0106653
0.0083669
0.017456
0.00765338
0.00119821
0.0157316
0.0168366
0.0146269
0.00661679
0.00545465
0.00873102
0.0277519
0.0210325
0.00279374
0.000479804
0.00529227
0.00258535
0.0160849
0.0102665
0.00608072
0.00946799
0.0136359
0.030358
0.00971716
0.0156775
0.0342113
0.0118553
0.0288336
0.0191466
0.00245581
0.00544855
0.016766
0.0232346
0.0172781
0.0132736
0.00480289
0.0186556
0.00701674
0.0177863
0.000536944
0.0364938
0.0384775
0.0315576
0.0231361
0.00596856
0.00750381
0.0125444
0.019481
0.00510378
0.0113569
0.0348731
0.00127495
0.0129611
0.00762267
0.0127072
0.0125029
0.00363817
0.0129654
0.021784
0.0646977
0.020769
0.0182615
0.0123588
0.00730045
0.0230625
0.00846
0.00615072
0.0146281
0.0327146
0.00984751
0.00445212
0.00727381
0.0185228
0.0100356
0.00765061
0.0280302
0.00280442
0.0178151
0.0203969
0.00405874
0.00960619
0.0119257
0.0104448
0.0134073
0.0102524
0.00659941
0.0073557
0.010816
0.00641793
0.00353082
0.00847684
0.00790347
0.0102611
0.0109424
0.008031
0.0135877
0.0113665
0.00515994
0.0063701
0.0135022
0.00758198
0.00402358
0.00695351
0.00740169
0.00594409
0.0116783
0.0123635
0.00790669
0.0021138
0.00948942
0.00472794
0.00607151
0.00227135
0.00951946
0.00368963
0.0165207
0.00992903
0.00543545
0.0034644
0.0124557
0.0118032
0.0058901
0.0132057
0.00634435
0.00968429
0.000910389
0.0117822
0.00715804
0.00168357
0.0185625
0.0122919
0.00713941
0.00580576
0.00914211
0.00638349
0.00697978
0.0186921
0.00303875
0.00476223
0.00978199
0.0120557
0.00912783
0.00527838
0.00671956
0.0106091
0.00801543
0.0333012
0.0305904
0.00831296
0.00486899
0.00838734
0.00529881
0.0145127
0.0170647
0.00721001
0.0035697
0.0307034
0.0145715
0.00427
0.00260038
0.0121107
0.0080831
0.00149789
0.00725242
0.0053897
0.0154012
0.0038206
0.00473774
0.00711925
0.0155017
0.00498741
0.00469239
0.00502108
0.00849789
0.00335892
0.0111254
0.00855671
0.00477484
0.0120231
0.00511705
0.0101738
0.00121446
0.00790513
0.00942535
0.00910881
0.0184749
0.0201619
0.00467687
0.00208567
0.00917628
0.0078664
0.0137384
0.0120141
0.00503541
0.0128024
0.0220307
0.00930547
0.0208261
0.00982631
0.00365569
0.0280814
0.0120627
0.00580929
0.0095041
0.00634319
0.00399292
0.00343892
0.00919255
0.00558169
0.0169423
0.0120353
0.0019645
0.00946467
0.00907532
0.00571021
0.00459114
0.00521923
0.00464805
0.00919299
0.00163796
0.00592614
0.00487226
0.010272
0.0171465
0.0108732
0.0154058
0.00642857
0.0118568
0.0158169
0.00567464
0.0157706
0.00598018
0.00910935
0.0126557
0.0148042
0.00888756
0.0211252
0.00605362
0.00706896
0.0122985
0.00334664
0.0111588
0.015212
0.0200636
0.00761588
0.00706261
0.0158311
0.00858689
0.0115902
0.0164056
0.0129726
0.0267891
0.0258153
0.0124855
0.0149257
0.00917215
0.00856041
0.0068722
0.00518562
0.00658035
0.00612551
0.00692497
0.0129796
0.00893144
0.0219058
0.017757
0.0122011
0.0143192
0.00526122
0.0128059
0.010814
0.00893619
0.00814927
0.0018729
0.00338935
0.0105578
0.00537512
0.0141185
0.0202751
0.00222918
0.00509754
0.0263247
0.00851464
0.0284838
0.0108809
0.00569259
0.0107632
0.00734106
0.0467059
0.0346462
0.0182848
0.0180355
0.00690644
0.0106733
0.0289989
0.0141457
0.0346676
0.0229014
0.0141522
0.0163381
0.00888656
0.0192719
0.00463969
0.0130529
0.0196696
0.00695129
0.0290838
0.0201935
0.015293
0.0200931
0.00700859
0.00383633
0.00664847
0.00793225
0.0167859
0.0177205
0.0218813
0.00679335
0.00232869
0.0170281
0.00369464
0.024807
0.0253809
0.0108029
0.0240414
0.00626648
0.0135418
0.0045057
0.00481578
0.0093648
0.0216098
0.00469666
0.00379906
0.0173539
0.00822915
0.0129012
0.0114965
0.00983425
0.00835376
0.012075
0.00958148
0.0121713
0.0248012
0.0202379
0.00376584
0.00984233
0.00761533
0.0159007
0.00636615
0.00999258
0.0150121
0.00964593
0.0307873
0.0288181
0.00595701
0.00170702
0.0162527
0.0135423
0.0194303
0.00849554
0.00600585
0.00657803
0.00875
0.00609881
0.00469744
0.0182324
0.0161543
0.0242554
0.00453234
0.0153885
0.0155837
0.00975112
0.00622582
0.00224868
0.00112266
0.0105908
0.00319646
0.00957411
0.00444891
0.0301135
0.0130208
0.00635965
0.00988255
0.0163735
0.0378389
0.00610562
0.00411193
0.00242772
0.00765985
0.00542206
0.00392485
0.00662919
0.0332876
0.00900012
0.0173709
0.0135676
0.0290977
0.0428656
0.00257869
0.00114466
0.0150511
0.0090873
0.00211848
0.0227447
0.00780099
0.0121868
0.00973333
0.0212512
0.00351145
0.0384161
0.0287579
0.0386103
0.00225687
0.0024977
0.00445385
0.00783334
0.00884302
0.020208
0.00838595
0.00332526
0.00605917
0.0107921
0.00787369
0.0216472
0.0068415
0.0092053
0.0125756
0.0123642
0.00792275
0.0170767
0.00263268
0.0181118
0.0122523
0.00790164
0.00772288
0.0208354
0.0161097
0.0225469
0.00797684
0.0319091
0.0104335
0.0152018
0.00912332
0.00661341
0.0226403
0.0198187
0.00342273
0.00593505
0.0220282
0.015776
0.00352466
0.0269464
0.0189911
0.0114419
0.020391
0.0488835
0.00390017
0.00995155
0.0229544
0.00264912
0.0113353
0.00825527
0.0113505
0.705792
0.00697459
0.0059296
0.00253949
0.00430627
0.0317592
0.00256899
0.00596078
0.0176604
0.00429592
0.00726045
0.025788
0.00807679
0.0685674
0.000192848
0.00591195
0.000832363
0.0109642
0.0131562
0.0137443
0.00514175
0.027424
0.0102218
0.0115588
0.0175208
0.0131369
0.00557696
0.00447114
0.0102772
0.0230865
0.0143981
0.0218025
0.0112766
0.00771679
0.0222266
0.0606629
0.00512234
0.0478036
0.00298894
0.042691
0.00510747
0.00981084
0.00981504
0.0148381
0.0147014
0.00421
0.0218674
0.0115962
0.00503185
0.00863308
0.0167582
0.00948654
0.00696309
0.0186322
0.0089379
0.010609
0.0171716
0.036691
0.0156457
0.00399366
0.0191275
0.0106623
0.00391882
0.00155035
0.0185527
0.01156
0.00864508
0.0205377
0.00489647
0.00422761
0.00473731
0.0153741
0.00129208
0.00497947
0.00756015
0.0207946
0.019821
0.0149469
0.0231033
0.0308546
0.00623473
0.012508
0.00212242
0.0279009
0.0036919
0.00295664
0.0135886
0.0101076
0.01366
0.0112671
0.0365385
0.0026905
0.00733499
0.000884107
0.0160663
0.0107909
0.00366029
0.0195231
0.0225396
0.0199704
0.0152577
0.014387
0.00110606
0.0105967
0.0437848
0.034743
0.0168104
0.00551482
0.0323667
0.0128943
0.0200346
0.0126597
0.0134305
0.00659639
0.00885281
0.0135908
0.0131826
0.00320651
0.0115391
0.00936267
0.00856783
0.0116539
0.00251111
0.00676434
0.00355556
0.00749708
0.0110814
0.00557159
0.00663026
0.00924342
0.001769
0.0049686
0.0114146
0.00574117
0.00185804
0.0163364
0.0265014
0.00478809
0.0104625
0.00805772
0.00953899
0.00825344
0.0265739
0.0108947
0.00470432
0.0237881
0.00474801
0.00402711
0.0156788
0.0128435
0.0119721
0.0298702
0.00961556
0.00347956
0.00187321
0.0110898
0.0214767
0.00316485
0.0115682
0.0256439
0.0270018
0.0153072
0.0154867
0.00928774
0.00466984
0.00983202
0.016502
0.0113918
0.0107234
0.0106161
0.00156384
0.00905999
0.00371542
0.00162519
0.0166295
0.00219458
0.0037226
0.0216514
0.0135032
0.00405179
0.00562978
0.0189954
0.00386725
0.0117853
0.00793921
0.00619722
0.0063827
0.0319613
0.00412327
0.00467645
0.014926
0.0241159
0.00246128
0.00956073
0.00966302
0.0118174
0.00501726
0.0119655
0.0108929
0.0426052
0.00836265
0.00226538
0.00545813
0.020193
0.016906
0.00748469
0.0133777
0.00603791
0.0107783
0.00330647
0.0166547
0.00620514
0.00392565
0.0146156
0.0425582
0.00523225
0.00629598
0.01734
0.0155337
0.02972
0.0242676
0.0102247
0.0219343
0.00442739
0.00704539
0.00486164
0.0121293
0.00165483
0.00393394
0.00953896
0.0153881
0.0060427
0.0232254
0.00560333
0.000742682
0.00592498
0.0107207
0.00600166
0.0123096
0.00650224
0.0110532
0.0128541
0.0104461
0.010991
0.00949182
0.0233217
0.0391875
0.00247624
0.0048676
0.0335397
0.0246766
0.00829085
0.00502785
0.018164
0.00773337
0.0111138
0.0140222
0.00849166
0.0241988
0.0199567
0.0131921
0.00285228
0.00504139
0.0177215
0.0170093
0.0273191
0.00796016
0.019756
0.0076571
0.048964
0.0232572
0.00416483
0.00290906
0.00978702
0.00946188
0.0117266
0.00275945
0.0128657
0.0391226
0.0260439
0.00963435
0.0115405
0.0218669
0.0161148
0.00791756
0.0163165
0.0094099
0.00272381
0.0209932
0.00684212
0.0136801
0.00211999
0.027688
0.00790147
0.00712911
0.00411001
0.00950734
0.00189557
0.00488135
0.00855203
0.00984139
0.00211955
0.0155585
0.00740372
0.0096718
0.0269561
0.00697072
0.0196076
0.0155031
0.00660792
0.00154766
0.00838164
0.00894121
0.00598014
0.0248336
0.00967437
0.0112805
0.00232015
0.0107088
0.00862988
0.0415342
0.00608631
0.0154076
0.0095812
0.0347659
0.0149289
0.00594781
0.0313438
0.0048623
0.0249585
0.000590647
0.0127264
0.0206934
0.0219726
0.00669613
0.00671374
0.00943095
0.00915064
0.0111675
0.00789222
0.0034729
0.00703618
0.0052727
0.0410017
0.011494
0.00522059
0.0173822
0.00767321
0.0124474
0.0348755
0.0284542
0.0169031
0.0207284
0.00863453
0.00399346
0.0203857
0.0111575
0.00604366
0.00438296
0.00779308
0.0106794
0.0164048
0.00910131
0.0281128
0.0140539
0.0187444
0.0158156
0.00639324
0.00955694
0.0184718
0.00477144
0.00699326
0.038695
0.0150484
0.0223134
0.0197903
0.0173206
0.00444504
0.0173288
0.00972611
0.00905916
0.00636958
0.00189851
0.0043919
0.0165108
0.0164744
0.00902306
0.0504435
0.00586094
0.0266015
0.0249816
0.00810759
0.000569296
0.0184541
0.00426238
0.0067296
0.0537657
0.00566702
0.00407811
0.00172447
0.0216579
0.0129063
0.00852411
0.00087356
0.00335903
0.006475
0.0129518
0.0099312
0.00789381
0.0162244
0.0122343
0.0178741
0.00930175
0.0122428
0.0133068
0.0160176
0.033028
0.0108963
0.0165774
0.0320235
0.0060829
0.00765461
0.015629
0.00936193
0.00693321
0.00771351
0.0100683
0.00728395
0.0103314
0.00736856
0.00843838
0.0132917
0.00719411
0.00112962
0.00268781
0.0157454
0.0384137
0.0115906
0.0117952
0.00685642
0.0139542
0.0216929
0.011991
0.0174774
0.012725
0.00379266
0.00654702
0.00629083
0.00175576
0.00556731
0.0163548
0.00464972
0.00581469
0.00938639
0.0135447
0.014747
0.00627806
0.00820939
0.00377724
0.0160014
0.00943968
0.00858749
0.0091458
0.00386151
0.0106088
0.00410034
0.0164948
0.00284963
0.00966114
0.00485552
0.00779442
0.00443472
0.00545815
0.00596462
0.0048554
0.0168847
0.00364443
0.00636069
0.00982885
0.00531027
0.00171864
0.00808158
0.0178897
0.0252603
0.0145085
0.00945497
0.0103641
0.0149419
0.00545514
0.0172644
0.0086637
0.00519609
0.0109901
0.0172957
0.00542743
0.00540148
0.00634298
0.0110709
0.0221564
0.00415593
0.018405
0.00405495
0.00650216
0.00509944
0.0149167
0.00384748
0.0168482
0.00523941
0.00921929
0.0132593
0.0109731
0.0111347
0.00824107
0.0231197
0.0075686
0.019532
0.0065448
0.0114894
0.0170521
0.00113601
0.00628427
0.00741869
0.00496955
0.00564421
0.0100652
0.00346553
0.00707674
0.00448045
0.033585
0.00554242
0.00137171
0.00144777
0.00665989
0.0159318
0.0207825
0.0122663
0.0137697
0.0210066
0.0108786
0.0179389
0.0131828
0.00684801
0.00978272
0.00834529
0.00801266
0.00737108
0.0148185
0.0123907
0.0279683
0.00981967
0.00439526
0.00721903
0.00894285
0.00328573
0.00651076
0.00609757
0.00682446
0.00333573
0.00150887
0.0162095
0.00843176
0.00732133
0.0119573
0.013507
0.00773923
0.0112612
0.0133635
0.0150746
0.0159248
0.00313408
0.00520578
0.00170132
0.00657454
0.00669865
0.0144832
0.00590122
0.00244802
0.00557589
0.00466565
0.00890519
0.018028
0.00954657
0.00391186
0.0089826
0.00714953
0.00500158
0.00487082
0.00355947
0.00823446
0.00672855
0.0112736
0.00816392
0.00394485
0.02765
0.0100216
0.00355752
0.0100091
0.0102123
0.0049297
0.00120056
0.00810851
0.0386084
0.0163654
0.0208653
0.00849444
0.00684337
0.0234932
0.0411435
0.025778
0.0138308
0.00674957
0.0115993
0.013638
0.00811091
0.00495478
0.0199405
0.0211458
0.0127557
0.0267169
0.0484653
0.0101455
0.00984928
0.0084048
0.0134523
0.0100989
0.00864715
0.00647222
0.00395348
0.0194729
0.0150122
0.00677998
0.00842833
0.0172532
0.00778414
0.0140631
0.000985587
0.00637469
0.00770838
0.0129548
0.0038113
0.00848964
0.0116088
0.00549034
0.0113292
0.0060703
0.0106378
0.00788495
0.0138621
0.0106325
0.00805961
0.00474517
0.00508578
0.0127376
0.00748031
0.00426332
0.00765968
0.0151057
0.0179877
0.0189267
0.015121
0.00730999
0.00307776
0.013455
0.00548643
0.00767789
0.0243477
0.0121515
0.00523801
0.0180455
0.0180811
0.0131072
0.00600176
0.0114455
0.016794
0.023715
0.00861202
0.0018245
0.0121454
0.0107671
0.0106593
0.00606949
0.0211612
0.00332212
0.0062077
0.00783783
0.00785231
0.0116638
0.00443781
0.00999276
0.0114217
0.00213283
0.00895971
0.0406587
0.0010413
0.00367765
0.00623491
0.0100366
0.0169874
0.00274401
0.00767208
0.00565653
0.0126433
0.00627274
0.00518349
0.0108904
0.0138575
0.00861942
0.0275565
0.00452629
0.0195579
0.0136741
0.00234374
0.013333
0.0224696
0.0119396
0.0194579
0.00379213
0.025657
0.0320401
0.0188257
0.0172024
0.0232152
0.00177997
0.00206636
0.0185473
0.0133887
0.00588531
0.00859225
0.0415463
0.00759777
0.0216538
0.0461895
0.0102149
0.00649109
0.0115891
0.0173753
0.00529448
0.0189829
0.00391302
0.0217392
0.00688979
0.00786351
0.00694835
0.0276581
0.00671951
0.00370549
0.00769373
0.00523553
0.00346792
0.00910997
0.0154289
0.0195964
0.0139673
0.0130047
0.0254456
0.0151135
0.0126572
0.0293656
0.0189423
0.00211867
0.00236354
0.00624799
0.00846371
0.00400186
0.012178
0.00883154
0.00803422
0.0138775
0.00651163
0.00788614
0.0226508
0.00976487
0.0133945
0.0214789
0.0247204
0.0170566
0.00730301
0.0348104
0.0189204
0.00426827
0.00519369
0.0104374
0.00262583
0.00914625
0.0149978
0.0232001
0.00502781
0.00621979
0.0226446
0.00195794
0.0640283
0.0342745
0.0167579
0.00829929
0.00387887
0.00714574
0.0171219
0.00261714
0.0178275
0.0164241
0.00660293
0.00163963
0.00896084
0.00108287
0.0130022
0.00586843
0.0171236
0.00819684
0.0128538
0.00573315
0.00963285
0.00179682
0.00517019
0.00608257
0.0214166
0.0158311
0.0143058
0.0263349
0.00718483
0.00526844
0.017468
0.0193357
0.0012936
0.00491433
0.00657989
0.00425007
0.00250704
0.0161632
0.0282797
0.0134044
0.0193063
0.00968697
0.00577666
0.0140877
0.0087881
0.0205549
0.00117904
0.0100959
0.00786607
0.0104171
0.0109623
0.00948486
0.0471499
0.0128601
0.00504017
0.00657086
0.00352851
0.0239609
0.0135874
0.0110525
0.0246673
0.00551444
0.0118376
0.0187241
0.00957356
0.00533425
0.00880557
0.0237998
0.00533046
0.00797856
0.00974016
0.0226813
0.0137357
0.0130995
0.00608392
0.00310772
0.0185129
0.0274964
0.0135162
0.0161083
0.00533949
0.0131459
0.0147616
0.00960447
0.0249953
0.00670457
0.0109855
0.00103732
0.00789107
0.0083077
0.00823983
0.00652034
0.00186029
0.0129731
0.00854778
0.0185639
0.026971
0.00368179
0.0140476
0.004631
0.00818751
0.0136683
0.00937607
0.02291
0.00107859
0.0148605
0.0163349
0.00711136
0.0149634
0.0105735
0.00533757
0.0120181
0.00669382
0.00691468
0.0108962
0.0161739
0.00790794
0.0250004
0.0117091
0.0137631
0.00354225
0.0076925
0.0172923
0.0407188
0.0015441
0.0253079
0.00295034
0.00387724
0.0160744
0.0179003
0.00348601
0.0161367
0.00492859
0.00999609
0.00690927
0.00426884
0.0257583
0.0214587
0.0109425
0.0225314
0.0257265
0.00317124
0.0163496
0.0277269
0.00515928
0.00776163
0.00248874
0.0111278
0.0109406
0.0220841
0.00114538
0.0185939
0.0155224
0.0308057
0.0157963
0.0089777
0.00993795
0.0142753
0.0152621
0.0214391
0.00286206
0.0133443
0.00397572
0.0163345
0.00303647
0.00192358
0.030194
0.0153377
0.0130297
0.0207622
0.0125386
0.00838676
0.0101408
0.00270419
0.012552
0.00772569
0.0264608
0.0159962
0.00629613
0.00898241
0.0185939
0.0135002
0.0074175
0.0158037
0.0195428
0.0192566
0.0146007
0.0047935
0.00974941
0.0127357
1.97242
0.0125048
0.0139173
0.0093324
0.020147
0.0346031
0.0108684
0.0112264
0.00652651
0.0283446
0.0107523
0.0154297
0.0170737
0.00222377
0.00792917
0.00773356
0.0194117
0.025082
0.00939595
0.00476694
0.0103427
0.0115386
0.00590441
0.0230311
0.0109954
0.0217327
0.0227485
0.00663318
0.0116782
0.005541
0.0338989
0.0141991
0.000662906
0.0063105
0.00104139
0.0114851
0.00520978
0.0120412
0.00293265
0.0109836
0.0150728
0.00252009
0.0115633
0.00223595
0.00610067
0.0088365
0.00210232
0.0139442
0.0145989
0.0236028
0.0266477
0.00736225
0.0038033
0.0281056
0.0240452
0.019363
0.0211993
0.0277657
0.00172314
0.0145223
0.0228422
0.00578057
0.0229048
0.0217899
0.0130746
0.00491955
0.00978378
0.0185874
0.00585371
0.00991702
0.0116931
0.0170746
0.02703
0.0397058
0.0128112
0.00319052
0.0159851
0.00724249
0.00687028
0.0207314
0.0188073
0.0089982
0.00480242
0.0366631
0.0351412
0.00814171
0.0157189
0.0125106
0.00541951
0.0110316
0.0245593
0.00647744
0.0124469
0.00710419
0.00763711
0.0209606
0.0240225
0.00575681
0.0093493
0.0198069
0.015023
0.00192578
0.0256307
0.00201457
0.0205095
0.0228314
0.0119546
0.0113195
0.00438139
0.0134349
0.00819339
0.026099
0.00709487
0.00349429
0.00816805
0.0238699
0.0165751
0.00926272
0.0153379
0.0136954
0.0172169
0.00813873
0.00413565
0.00682997
0.0132217
0.00795279
0.0140751
0.010157
0.00829258
0.0227863
0.00624691
0.00824006
0.013653
0.0178637
0.0149269
0.0111775
0.00419044
0.00955921
0.0222943
0.0113674
0.0142343
0.0135145
0.0144701
0.019355
0.0146864
0.0158169
0.00238599
0.0184139
0.0487014
0.00196546
0.00532026
0.00713038
0.00411424
0.0111115
0.0120167
0.00784058
0.00497966
0.0103118
0.00572347
0.0150296
0.00519561
0.0185613
0.00899855
0.0457804
0.00556298
0.0223591
0.0231799
0.0103334
0.00438192
0.0134019
0.00367712
0.0232346
0.027443
0.00989604
0.0233009
0.0134485
0.017908
0.00292795
0.0153831
0.00554977
0.015746
0.00531539
0.00276024
0.0104397
0.00370063
0.0152815
0.0190713
0.0158366
0.00671162
0.0105323
0.00568853
0.00439215
0.0184192
0.0280656
0.00474541
0.0133239
0.0168974
0.0102192
0.012187
0.0115918
0.0141657
0.00534523
0.00427007
0.00943319
0.0228221
0.00892582
0.00310707
0.0113601
0.00361214
0.0210499
0.00518039
0.0157802
0.00870613
0.014964
0.0213951
0.00951716
0.00162599
0.0304434
0.0051075
0.0137217
0.00988503
0.0004648
0.00851306
0.00813009
0.00887307
0.0222753
0.0256927
0.0180846
0.010094
0.0195612
0.0151718
0.00158481
0.0172968
0.00515838
0.00740139
0.00668034
0.00634595
0.0067286
0.0122248
0.0102554
0.0106773
0.00710904
0.00485719
0.00170949
0.0117879
0.00394351
0.00254232
0.0164882
0.00513282
0.00260563
0.00753634
0.00191563
0.00697219
0.019268
0.00274579
0.0011765
0.00610115
0.00512163
0.00953465
0.00884269
0.0103977
0.00366416
0.0126354
0.00240464
0.0111749
0.00344806
0.0295487
0.00870337
0.00719524
0.00636901
0.0120328
0.00513229
0.00784405
0.00827431
0.00487311
0.0178924
0.0146039
0.00517798
0.00990943
0.00477745
0.00545757
0.0133954
0.0126336
0.0149434
0.0288232
0.00594725
0.0186793
0.0130277
0.0120931
0.00847699
0.00992355
0.0164708
0.0113345
0.0141952
0.00484296
0.00994609
0.00828602
0.0112763
0.0121945
0.00919054
0.0105944
0.0113237
0.00690687
0.00350921
0.00557544
0.0109236
0.00647196
0.00859723
0.00725313
0.0107127
0.00287196
0.00691883
0.00993638
0.00876871
2.79029
0.0162085
0.00489716
0.00581535
0.0179153
0.0108722
0.0146461
0.00761294
0.0171944
0.0126242
0.0617363
0.00308071
0.00956991
0.0143859
0.0124384
0.0156201
0.0104592
0.00919198
0.0148928
0.00978735
0.00775418
0.0170787
0.00673329
0.0187076
0.00250274
0.00593856
0.00277523
0.0209439
0.00399496
0.0193251
0.0103595
0.00593202
0.00900169
0.0120695
0.00156131
0.0071461
0.0285657
0.00290172
0.00821279
0.0103666
0.0156004
0.0121344
0.0117531
0.00789399
0.0197867
0.00801157
0.0128169
0.00505872
0.0162809
0.0166859
0.0175102
0.00915582
0.0029646
0.0198765
0.00718111
0.0169875
0.0077139
0.0102087
0.00303374
0.00508155
0.017911
0.00580146
0.0155967
0.00684326
0.0137822
0.00924039
0.00174993
0.00619789
0.00988663
0.00644308
0.00806692
0.016879
0.00769612
0.0156406
0.00866715
0.00707606
0.00410181
0.0161824
0.0216171
0.00264279
0.00371681
0.0105203
0.00681469
0.0121795
0.03742
0.0277766
0.00918401
0.0117115
0.0193197
0.0520761
0.00497954
0.00436854
0.0267519
0.00718633
0.00332265
0.00182523
0.0104405
0.0155873
0.00143119
0.00168655
0.0165296
0.00953279
0.00532306
0.0195565
0.0163253
0.0185339
0.0107407
0.00968248
0.00858628
0.0256628
0.0108694
0.0122405
0.00945984
0.00864381
0.00304993
0.00421275
0.00989367
0.00335773
0.0110592
0.00984484
0.0223787
0.0098872
0.00482091
0.00894084
0.00491357
0.00141233
0.00528317
0.00469073
0.00550841
0.00241092
0.00255057
0.00412614
0.00240479
0.017324
0.0163466
0.0119196
0.0147413
0.0180709
0.0145121
0.00701034
0.0238511
0.00211386
0.0135203
0.0061687
0.00674349
0.0045769
0.00622192
0.00245528
0.00341214
0.00641574
0.00524452
0.00617411
0.00586633
0.00865187
0.0329742
0.00709438
0.0162428
0.00785582
0.00988471
0.00847633
0.0014625
0.00621027
0.0319752
0.000937298
0.0120204
0.0124825
0.0199966
0.00355656
0.00697723
0.00918961
0.0141716
0.00957161
0.0063233
0.0083689
0.0195567
0.00178232
0.00369837
0.0161046
0.0131265
0.0222946
0.00715281
0.00845798
0.00315699
0.0141711
0.0236651
0.0113105
0.0101039
0.0147955
0.0155621
0.0167667
0.00770828
0.00582687
0.00954436
0.0194227
0.0102791
0.0198568
0.00658454
0.00340192
0.00914279
0.00940551
0.00534132
0.00381068
0.00279462
0.0053083
0.0117865
0.00395363
0.00413619
0.025219
0.00432204
0.0015649
0.0139129
0.00595414
0.00442074
0.0241499
0.0142104
0.0150055
0.0227365
0.0262415
0.0217799
0.0106459
0.0161549
0.00692148
0.00578863
0.0109801
0.00208457
0.0112716
0.0173876
0.0170449
0.00719434
0.00323586
0.0184268
0.00212023
0.0076681
0.00468219
0.0222196
0.00364055
0.0113042
0.0246988
0.00974354
0.00922904
0.00757826
0.0237156
0.0348964
0.00816249
0.0139096
0.00658166
0.0195989
0.0208972
0.00891981
0.0103716
0.00474496
0.0155803
0.0192057
0.0220816
0.013886
0.00162209
0.0100155
0.0221405
0.0181343
0.00416846
0.00946202
0.0140221
0.0121039
0.0100346
0.0243715
0.0184552
0.00614329
0.00724289
0.000241234
0.012289
0.0111166
0.00416293
0.012549
0.00951083
0.0114031
0.0333635
0.0187084
0.0153787
0.0117139
0.0196717
0.0150424
0.00190405
0.00838275
0.0106233
0.00610269
0.0149754
0.00633747
0.0270171
0.0100807
0.0158761
0.0025448
0.0158884
0.00425499
0.00606045
0.00895954
0.00680841
0.00998887
0.0367341
0.0143984
0.089803
0.00559953
0.0023528
0.0239403
0.00882007
0.00432942
0.0139548
0.00597218
0.00414507
0.0060094
0.0192711
0.00277056
0.0158952
0.0149458
0.00665083
0.0162109
0.00839178
0.0119024
0.00582624
0.0188165
0.0024102
0.013437
0.00626666
0.00586326
0.00853191
0.00922506
0.0311942
0.00831049
0.0180007
0.00906064
0.0125553
0.00672039
0.0381521
0.0177308
0.00485028
0.00625563
0.00356108
0.0152519
0.0197276
0.00905991
0.00274155
0.00779811
0.0385241
0.0267302
0.0089941
0.0118968
0.022447
0.022279
0.0183866
0.0134955
0.0259417
0.0262808
0.00576438
0.00587256
0.0346202
0.0198194
0.00691118
0.011455
0.0141636
0.0168777
0.0189505
0.00954523
0.012515
0.0270361
0.00458244
0.00654856
0.0151083
0.0246263
0.0140166
0.0136539
0.0107499
0.0133472
0.0175135
0.0223725
0.0163429
0.0295834
0.0114199
0.0112013
0.0105738
0.0168698
0.0111921
0.0235675
0.00505532
0.0105153
0.0115912
0.0256017
0.0156371
0.00487379
0.0202025
0.0299185
0.0057549
0.0368902
0.0227405
0.0228699
0.0102607
0.00194382
0.0135966
0.0129245
0.00424314
0.00871383
0.00489508
0.0028671
0.0103813
0.00416091
0.00831481
0.0111659
0.0255743
0.00850409
0.00438293
0.0143041
0.0218
0.0187003
0.0154163
0.00664047
0.0187574
0.011314
0.0060891
0.00474778
0.027681
0.0140525
0.00906219
0.0159448
0.00951221
0.0215664
0.0188926
0.0448042
0.00793509
0.0224786
0.00387509
0.0243862
0.00512494
0.0325186
0.0183266
0.0228976
0.00799683
0.013167
0.0185958
0.0214204
0.0222646
0.0102774
0.00302596
0.00946903
0.00801009
0.0181364
0.00914363
0.00260247
0.00736098
0.0125724
0.014956
0.0170716
0.00515619
0.0183958
0.0106937
0.00751852
0.00468565
0.0221161
0.0108425
0.0111598
0.00710721
0.0110507
0.0155451
0.00983513
0.0140361
0.00473352
0.00107752
0.0122633
0.000647683
0.0128343
0.036815
0.0138068
0.00708568
0.0134751
0.0100992
0.00882773
0.0129901
0.0255103
0.00207894
0.00685426
0.0147088
0.00350588
0.0187703
0.00584533
0.0413288
0.0330176
0.0415121
0.00379925
0.0374148
0.00559162
0.00867377
0.0173265
0.0115573
0.00649471
0.00406669
0.0240396
0.018186
0.0163119
0.0107014
0.00264892
0.0071052
0.00581951
0.00282434
0.0035837
0.00402437
0.00959331
0.00169063
0.0110142
0.00908784
0.0169073
0.0182797
0.015932
0.0171764
0.0160463
0.00599711
0.00524406
0.00265969
0.0113006
0.0434755
0.0141105
0.0177547
0.0228298
0.0102888
0.011912
0.0107675
0.00687742
0.0108129
0.0443604
0.010709
0.0265388
0.0140182
0.0143138
0.0065225
0.00562491
0.0121667
0.00185877
0.00392768
0.0128792
0.0141078
0.0208074
0.017777
0.00297693
0.0376099
0.0205715
0.0133835
0.00336542
0.0143554
0.0259839
0.0373673
0.00894589
0.0162936
0.021503
0.0180983
0.00330175
0.00594233
0.00447731
0.0136583
0.0125811
0.0164424
0.0130236
0.0116524
0.0107177
0.0102055
0.00488486
0.0115662
0.0190943
0.0127519
0.00285456
0.0149194
0.0127263
0.000976849
0.011254
0.00405079
0.0314152
0.00114654
0.0144116
0.0214482
0.00912109
0.0287138
0.00301193
0.0135622
0.00434806
0.00252022
0.0031886
0.00742998
0.000391872
0.0184796
0.0124485
0.00461374
0.0176037
0.0213683
0.0119761
0.012526
0.0302031
0.0151453
0.0114792
0.0186457
0.00390411
0.0100741
0.00370165
0.00959128
0.00953984
0.0089826
0.0418463
0.013357
0.0105173
0.0298025
0.01369
0.0218565
0.013447
0.0115153
0.00724766
0.0056645
0.0114924
0.00910995
0.00641822
0.00969765
0.00649058
0.00459719
0.0133806
0.0146393
0.0145219
0.00759045
0.00511411
0.008994
0.00924044
0.0106352
0.0152274
0.00829983
0.00617064
0.00907205
0.00189316
0.020506
0.0160903
0.0218197
0.00272653
0.0127461
0.0176275
0.0241913
0.00753059
0.0158393
0.00475894
0.00350434
0.00838748
0.00684542
0.00979345
0.00904459
0.0148055
0.017061
0.00931189
0.014003
0.00591474
0.0134883
0.00577936
0.0016044
0.0162919
0.0267699
0.0115632
0.00264869
0.0170536
0.012358
0.00281471
0.00941444
0.0157901
0.00871236
0.0156148
0.00887288
0.00480752
0.0135098
0.0107482
0.0110758
0.0101776
0.0187644
0.0130472
0.00320284
0.010543
0.00343086
0.00709221
0.00975194
0.00455859
0.00834972
0.0015405
0.0152503
0.0171536
0.00709166
0.0173532
0.00289211
0.0165037
0.0106909
0.00300405
0.00943782
0.00652052
0.00596549
0.0101527
0.0054645
0.00276468
0.0108977
0.00319916
0.00399236
0.00962779
0.00868255
0.00850386
0.0136274
0.0136645
0.00303108
0.0153363
0.0108636
0.00556937
0.0119058
0.012642
0.00725157
0.0120605
0.00423248
0.00572446
0.00354793
0.0151749
0.0119964
0.0198297
0.00129909
0.00575414
0.00914363
0.00912145
0.00357181
0.00314831
0.00839832
0.0118851
0.0106955
0.00702123
0.00490875
0.00900328
0.0066757
0.00240157
0.00475952
0.0106277
0.00139778
0.0158525
0.0111155
0.00915151
0.000390994
0.0177625
3.55153
0.00142327
0.00364242
0.0203667
0.0033732
0.0177288
0.00261602
0.0111792
0.0191605
0.00983385
0.0223935
0.0067809
0.0127699
0.00200271
0.00345719
0.00216516
0.00580969
0.00208237
0.0100106
0.0113297
0.00699352
0.00834172
0.00714584
0.0205235
0.0165221
0.00646307
0.0356753
0.00768069
0.0203153
0.013682
0.00161237
0.0160855
0.0308714
0.00930502
0.0109539
0.0054461
0.0150142
0.00481965
0.0070977
0.00346184
0.00257055
0.00487437
0.0143954
0.00926216
0.00453418
0.00668835
0.0222119
0.0056301
0.00547019
0.00814388
0.00260382
0.0125739
0.0107559
0.0158024
0.00483958
0.0156133
0.0150888
0.00484471
0.00511385
0.00240078
0.00503175
0.00994527
0.0126951
0.0123574
0.0059032
0.014876
0.00625623
0.00756438
0.00447766
0.0047024
0.00874302
0.0204626
0.00776956
0.00333477
0.0332489
0.0116438
0.00271217
0.00839843
0.00496542
0.015057
0.0103547
0.00703653
0.0160064
0.0085788
0.00433839
0.00944802
0.0077551
0.00908159
0.00746
0.0224617
0.0071806
0.0153504
0.00493187
0.00641771
0.0265736
0.00289404
0.010244
0.00899781
0.00550932
0.0101764
0.0275088
0.00767603
0.00194144
0.016824
0.00213973
0.00201348
0.0115437
0.00607404
0.00794459
0.00809433
0.00782499
0.0212743
0.00671093
0.00598999
0.0168476
0.0133738
0.0108475
0.00146849
0.00525541
0.0138305
0.0033192
0.0213112
0.00352035
0.0139709
0.0103079
0.0116038
0.0117733
0.0413051
0.026417
0.0101654
0.0242332
0.0312876
0.00395415
0.00416876
0.00479276
0.00445435
0.016911
0.00743205
0.00668966
0.010738
0.0165254
0.00310471
0.00892546
0.00954291
0.0059142
0.00476972
0.00336332
0.0278562
0.00936391
0.0115734
0.00878415
0.00643572
0.0147551
0.0105679
0.0276522
0.00359552
0.00713013
0.00479546
0.0105351
0.0084599
0.0185532
0.0155051
0.0162546
0.0134179
0.00638935
0.00867317
0.0105127
0.0204601
0.00373574
0.0156434
0.00323084
0.00811124
0.0175353
0.0130176
0.0107316
0.00125577
0.00981529
0.00454038
0.0173217
0.0205818
0.0101078
0.00881264
0.0117601
0.0127536
0.00359884
0.00390646
0.0103425
0.0156628
0.0125922
0.025003
0.0118481
0.0376478
0.0128271
0.00904207
0.0190312
0.0123751
0.0230885
0.0064731
0.016507
0.0154134
0.01024
0.00629899
0.0130959
0.0151694
0.0056205
0.0195474
0.0212423
0.00431814
0.0106062
0.00579194
0.00296076
0.00642925
0.0157073
0.0107052
0.017123
0.00214861
0.014162
0.00395902
0.0150859
0.0226784
0.0115804
0.0103637
0.00443241
0.00513861
0.0190943
0.0273625
0.0130122
0.0110601
0.0525382
0.0215487
0.00648321
0.0225483
0.00233484
0.00282751
0.0156167
0.0104215
0.00542935
0.0209178
0.012251
0.0210931
0.00871903
0.0110398
0.0204511
0.0147021
0.0111475
0.00950157
0.0120093
0.0412242
0.0447997
0.00828599
0.024638
0.0539143
0.00866196
0.0267537
0.0131457
0.026625
0.0272491
0.0156449
0.0289487
0.00813666
0.0113227
0.0119093
0.00794258
0.00503812
0.00755025
0.00948658
0.0138484
0.0206175
0.00921514
0.00574018
0.0115983
0.0231625
0.0179233
0.0114493
0.00543498
0.0117399
0.00145524
0.0123977
0.00527535
0.0182966
0.0240283
0.010547
0.00722554
0.00749913
0.00616588
0.0151797
0.00558296
0.0115714
0.00417872
0.0113502
0.0138462
0.0272646
0.0115735
0.00316676
0.00187248
0.00487396
0.0120332
0.0167334
0.00169135
0.00553377
0.00355968
0.0103973
0.00193789
0.00651026
0.0081905
0.0341704
0.00555535
0.0134717
0.00455209
0.0170082
0.0155993
0.0247045
0.0263449
0.000969693
0.00459798
0.0461615
0.0316533
0.00292103
0.00622388
0.0101089
0.00985611
0.0074049
0.0283585
0.0074077
0.0011684
0.00633396
0.0184884
0.0164045
0.00519408
0.010453
0.0148981
0.00935562
0.00801159
0.00173484
0.0178023
0.00653346
0.0102662
0.00232349
0.015853
0.0190955
0.0239142
0.0343515
0.0109253
0.0258543
0.0181932
0.00159917
0.0307751
0.0298542
0.0123033
0.00637778
0.018981
0.0072392
0.0109439
0.0188516
0.0107527
0.0126459
0.0086898
0.0156177
0.0107346
0.00709003
0.0196901
0.0133243
0.0116754
0.00363659
0.000603507
0.00790148
0.00773986
0.0144976
0.00717802
0.00724271
0.0122012
0.00567844
0.00708448
0.0159237
0.00494779
0.0127805
0.0186606
0.0123498
0.0277299
0.00826888
0.00721306
0.034843
0.021554
0.0133136
0.0104911
0.00461379
0.00829075
0.0169065
0.0160871
0.00294243
0.0160045
0.0164677
0.0109578
0.0191276
0.0178003
0.0104035
0.00985092
0.0110239
0.00628223
0.00715276
0.00733476
0.00935456
0.00351393
0.00971947
0.0236767
0.0192976
0.0302961
0.0345956
0.00893809
0.00551291
0.0130061
0.0100448
0.00432197
0.00508438
0.0165547
0.00440052
0.00552077
0.0178535
0.00785292
0.00356403
0.0552295
0.0106606
0.00367629
0.00742255
0.00124341
0.0129592
0.0288529
0.00583247
0.00266567
0.0174309
0.00761802
0.00752345
0.00485993
0.00711327
0.0144223
0.00538783
0.0174714
0.0120951
0.000836843
0.0069793
0.0198864
0.00157576
0.0116078
0.00390063
0.0122646
0.00881379
0.0189905
0.00961289
0.00519825
0.0483215
0.0143132
0.0267806
0.00770229
0.0147209
0.0149229
0.0108267
0.0086183
0.0235647
0.00820078
0.000665504
0.00703149
0.00484784
0.0248833
0.0102882
0.0153789
0.0144969
0.0126955
0.00505012
0.0262391
0.00294654
0.0106619
0.00637829
0.0296813
0.0104007
0.00362655
0.0136026
0.00463062
0.01065
0.00874355
0.0126794
0.0211805
0.0054605
0.0172214
0.0067493
0.00323913
0.00397433
0.00895158
0.0195887
0.0106255
0.0107656
0.0120612
0.00791574
0.00917868
0.00937192
0.00511722
0.0114094
0.00820959
0.0108479
0.0144482
0.0151626
0.0076005
0.00511886
0.0120472
0.0100431
0.0162108
0.00538793
0.00921776
0.00732237
0.452148
0.00495445
0.0144735
0.0104769
0.00263211
0.0190487
0.0162532
0.0104243
0.0131077
0.00964352
0.0251974
0.00236499
0.0104081
0.000915082
0.0208069
0.0143213
0.00494269
0.0133527
0.0107052
0.00664809
0.00789608
0.00534675
0.00759654
0.0113084
0.00607233
0.00682367
0.00254926
0.00779709
0.00228063
0.0244662
0.00641142
0.0146063
0.0129876
0.00725191
0.0170804
0.00829073
0.0070037
0.00786894
0.0382344
0.00535961
0.00156499
0.00313983
0.0080198
0.00773494
0.0131096
0.0134789
0.00705307
0.00366001
0.00764542
0.00442923
0.0149755
0.00276052
0.00605022
0.0219141
0.00924725
0.0118869
0.00628584
0.00760143
0.010113
0.0059346
0.0169993
0.0147702
0.0174044
0.0118733
0.0130376
0.0119619
0.00837826
0.00241584
0.00455436
0.00276391
0.00893481
0.00787721
0.0256352
0.0219102
0.0174368
0.00615522
0.00831391
0.0247653
0.0139233
0.0236569
0.0116841
0.00527373
0.00836461
0.0117868
0.00480893
0.0119627
0.00285136
0.00861307
0.0366562
0.0183451
0.0208769
0.0260907
0.025486
0.0161136
0.0215628
0.015725
0.019357
0.0281087
0.00946974
0.0317002
0.00873934
0.0156554
0.0115727
0.00536524
0.00475945
0.0145373
0.00509877
0.0123977
0.0113387
0.0170886
0.00919028
0.0140304
0.0178642
0.0101594
0.0243439
0.0167501
0.00845646
0.00704691
0.0101173
0.0233942
0.0374927
0.0147307
0.00944868
0.0318868
0.00589825
0.0346278
0.00435935
0.00406471
0.016736
0.00429325
0.0110964
0.0116439
0.0245905
0.00926021
0.00810156
0.0456395
0.0050722
0.0117142
0.00918768
0.00605282
0.00731339
0.00388962
0.00162583
0.0110712
0.0098265
0.0116955
0.0262822
0.0148039
0.00405797
0.00936558
0.0114471
0.0155239
0.00927901
0.00709429
0.00593254
0.0121279
0.00741827
0.0142683
0.0263571
0.0127267
0.00629169
0.0132023
0.00898182
0.0109836
0.00585334
0.00455562
0.0132819
0.00999674
0.0322565
0.00970822
0.0135972
0.0119668
0.024744
0.0216692
0.0155255
0.00838168
0.00482499
0.00272252
0.00944624
0.00243557
0.0171188
0.0417285
0.00550391
0.0013036
0.00621437
0.011652
0.0183571
0.0109125
0.0161108
0.00720276
0.026704
0.0137688
0.0128657
0.0164372
0.0100527
0.0303609
0.0115843
0.0128576
0.01648
0.0180189
0.0110281
0.0058137
0.00845721
0.00685993
0.0207835
0.00857243
0.00638302
0.0094017
0.0159078
0.0176102
0.00464792
0.0188592
0.0139669
0.016996
0.0187913
0.00759129
0.00742429
0.0116937
0.0152125
0.0158555
0.00839763
0.00506497
0.00548591
0.008235
0.00976538
0.00193868
0.0163855
0.0293016
0.00509067
0.00700474
0.00699961
0.00791557
0.0134479
0.0153063
0.0039267
0.00668145
0.00713778
0.0152873
0.00909216
0.00809894
0.00273371
0.00402177
0.0189639
0.00470453
0.037557
0.00448448
0.0185925
0.00182632
0.0215974
0.0159356
0.014265
0.0167209
0.0247046
0.0237818
0.00792377
0.0125516
0.00728389
0.00301156
0.0198449
0.00652498
0.0120192
0.00829602
0.0110995
0.00329343
0.0111327
0.00880074
0.0350699
0.0123103
0.0348353
0.00960662
0.0140337
0.00134873
0.00870884
0.0017154
0.00914487
0.0140411
0.00993276
0.00460752
0.00450064
0.00794938
0.0196538
0.0157932
0.00830568
0.00831191
0.0156812
0.00613609
0.00784693
0.0147038
0.00603754
0.00571636
0.00919662
0.0119129
0.00117621
0.00657725
0.0121249
0.0156184
0.0012622
0.0389365
0.0108863
0.00504306
0.00759462
0.00571721
0.00472219
0.00759673
0.0134392
0.00791588
0.00205956
0.0155559
0.00929031
0.0117698
0.0120807
0.0223808
0.00927585
0.00387967
0.0038269
0.0102156
0.0015022
0.0120439
0.0185528
0.023487
0.00723965
0.0019841
0.0109942
0.0208629
0.0145714
0.00683839
0.024687
0.00599151
0.0228732
0.0140389
0.00135278
0.00533569
0.0120052
0.0112562
0.0144373
0.0142296
0.0192793
0.0124279
0.0128456
0.0127567
0.0117409
0.00707572
0.0415644
0.0047607
0.00318016
0.852537
0.0147013
0.0108363
0.0115095
0.00526193
0.0115708
0.0153906
0.0048664
0.00304731
0.0101189
0.0101008
0.0199527
0.0270029
0.00594817
0.00880422
0.00752822
0.00544918
0.0117909
0.011822
0.0178596
0.00861981
0.0101047
0.00337422
0.0139421
0.0112032
0.00894896
0.00887313
0.00797689
0.0128582
0.00395172
0.00654331
0.00703245
0.00893771
0.00990674
0.0165076
0.030528
0.00678856
0.0163842
0.00594705
0.0136862
0.00705847
0.00834479
0.0155312
0.00420047
0.0206932
0.00888709
0.0159223
0.00502856
0.00411163
0.0198647
0.0262251
0.0281236
0.0317479
0.0133196
0.00444231
0.00342361
0.0129319
0.00860564
0.0280072
0.0294997
0.0101874
0.00583772
0.0124149
0.0133894
0.00729726
0.0066603
0.0137143
0.0238941
0.0131158
0.0220691
0.0234364
0.0222025
0.00167556
0.00381545
0.010125
0.00463889
0.00359607
0.0083849
0.00868572
0.00938585
0.0350127
0.0131709
0.00712382
0.00367971
0.0106705
0.00984228
0.00522442
0.018553
0.010484
0.0115644
0.00655429
0.0129594
0.0108777
0.00699682
0.00336525
0.00624859
0.0133319
0.00607738
0.0042274
0.00816531
0.0104069
0.011524
0.0227643
0.00651228
0.00983058
0.00946876
0.00200562
0.00972724
0.0118465
0.00671158
0.00575556
0.0122827
0.030769
0.00500173
0.00932168
0.00374201
0.0169968
0.0195836
0.00839143
0.00524775
0.00939043
0.00207834
0.0279858
0.0101617
0.00196353
0.0023247
0.0158313
0.00997164
0.010107
0.0052813
0.00665209
0.0036917
0.0043512
0.0217475
0.0191056
0.00628516
0.0151813
0.0183248
0.0149554
0.0156192
0.0179781
0.0144401
0.0134143
0.000723562
0.0185854
0.0195122
0.00738228
0.0126885
0.0121406
0.00499715
0.0110208
0.0221887
0.0625726
0.00536412
0.0073854
0.00146087
0.00788609
0.00593367
0.013906
0.0527049
0.0119924
0.00554978
0.00663974
0.00417152
0.0133223
0.00442325
0.00449146
0.0119666
0.0144894
0.0083395
0.0141118
0.00290176
0.00564653
0.011348
0.0160203
0.00457347
0.00913409
0.00713166
0.0200092
0.00468215
0.0133169
0.0116627
0.018392
0.0234633
0.0173037
0.0108348
0.00834454
0.00931323
0.0095099
0.00277069
0.0135575
0.00407923
0.0160753
0.00191715
0.0022717
0.0177176
0.00753272
0.0195464
0.0179356
0.0111539
0.00656545
0.0110332
0.00939047
0.0057691
0.00890779
0.006471
0.00836542
0.00826294
0.0123387
0.0138265
0.0236273
0.006992
0.0176953
0.010023
0.00902043
0.901518
0.0204656
0.00515925
0.603748
0.0119421
0.0106916
0.00836883
0.010788
0.0058421
0.00552664
0.00540216
0.0172713
0.0192918
0.0322281
0.0105487
0.00869907
0.0163693
0.0204213
0.0381959
0.00538111
0.0196981
0.00360063
0.00701976
0.0112768
0.00616518
0.0246851
0.00589401
0.00989452
0.022949
0.0132591
0.0070053
0.0107138
0.00625288
0.0182846
0.0111091
0.00819931
0.00964538
0.00408516
0.00655701
0.00248048
0.0124451
0.018266
0.0129326
0.0288843
0.00572414
0.00923092
0.0162096
0.0257569
0.0115039
0.00428321
0.0532937
0.00577112
0.0183599
0.0119619
0.0135207
0.0107736
0.00510146
0.00241096
0.00800706
0.00679884
0.0187171
0.014552
0.00591992
0.010349
0.0230987
0.0124467
0.00665882
0.00162868
0.00416656
0.00540746
0.00580137
0.0211043
0.011404
0.00692663
0.00648002
0.00406904
0.00926047
0.0110452
0.00735294
0.0488215
0.00984076
0.0189775
0.00386367
0.00806653
0.0147319
0.00791785
0.0114313
0.00913235
0.00289309
0.013287
0.0351618
0.0036919
0.0147884
0.0162367
0.011363
0.0279167
0.0151224
0.00939249
0.0218605
0.00428532
0.0129206
0.00513426
0.012219
0.00309518
0.0220226
0.0037075
0.0254848
0.00577046
0.0148337
0.0286295
0.0205534
0.0138389
0.0171836
0.00187088
0.00140974
0.024799
0.00305861
0.00732794
0.0080021
0.0153654
0.00659294
0.0200656
0.0178723
0.018189
0.00436593
0.0230039
0.00175281
0.0114223
0.00899748
0.0182022
0.00431156
0.00879889
0.0315193
0.019959
0.00884518
0.00763661
0.00656318
0.00760484
0.050471
0.00928118
0.025678
0.0484045
0.00927883
0.0177153
0.0141253
0.00907718
0.00794151
0.0406673
0.013945
0.0152821
0.00717332
0.00428045
0.0102911
0.00798857
0.00841073
0.0134063
0.00460665
0.0115993
0.00319479
0.0195587
0.0052992
0.0174662
0.0168758
0.028578
0.00380733
0.00756079
0.0130064
0.0249589
0.00669143
0.020978
0.00959989
0.00772991
0.0175597
0.0340444
0.00909949
0.0163894
0.00540344
0.0428134
0.0148405
0.0464683
0.00563438
0.0223799
0.00844969
0.00294941
0.0163467
0.0145005
0.0106714
0.00927853
0.0100569
0.0134936
0.00830288
0.0148741
0.0111339
0.0117576
0.0165809
0.00419048
0.0165783
0.0235066
0.00167997
0.00977629
0.00284196
0.0122577
0.0228396
0.0106816
0.0144271
0.00917834
0.0128582
0.0113842
0.00313286
0.0222208
1.17032
0.011558
0.00476158
0.0117686
0.00844886
0.00979725
0.016548
0.00812543
0.0321711
0.00943614
0.0108085
0.00764219
0.0136671
0.0134591
0.00755427
0.010156
0.0244923
0.00249009
0.00869449
0.0183993
0.0343401
0.00083173
0.00986139
0.0177135
0.028786
0.0158806
0.00706033
0.0117796
0.0144939
0.000768985
0.0114646
0.0128006
0.0128591
0.00332291
0.000611848
0.0102262
0.0112136
0.009262
0.00603762
0.0134344
0.00812154
0.0148998
0.0112724
0.0103005
0.0077916
0.0104938
0.00804306
0.00857888
0.00692886
0.00669482
0.0162702
0.00163472
0.0162145
0.00686903
0.00611926
0.00995603
0.0113398
0.00917097
0.0144035
0.00668994
0.00629512
0.00426802
0.00288158
0.0216087
0.00946964
0.014714
0.00743864
0.0480881
0.00220209
0.0306181
0.023662
0.0111158
0.0104215
0.0118914
0.00794256
0.0148301
0.011236
0.0256382
0.0114284
0.0166554
0.00571291
0.00591602
0.0338724
0.03567
0.0178745
0.0243534
0.0219118
0.0102346
0.0139696
0.0223967
0.0200972
0.00687819
0.0376757
0.0118418
0.0087717
0.020143
0.0174391
0.0157074
0.01438
0.0177994
0.0167745
0.00312201
0.000935406
0.0291363
0.0100162
0.0150277
0.0199659
0.0182788
0.0127125
0.0234495
0.0316368
0.00465227
0.00250751
0.0132699
0.00696727
0.00593825
0.0112046
0.0125789
0.0115299
0.0208382
0.0172944
0.0339653
0.00225822
0.0184159
0.00802913
0.00665534
0.0201156
0.00402155
0.0186167
0.0114142
0.0123023
0.0252911
0.0131347
0.0383211
0.0216592
0.0130945
0.00765081
0.0185431
0.00668997
0.0197511
0.0114163
0.0322175
0.00492332
0.0103918
0.0113616
0.00503306
0.00685233
0.00759794
0.0162686
0.0150832
0.0284791
0.0253815
0.00518438
0.0022444
0.0106533
0.0140913
0.0259929
0.00606815
0.0112554
0.00684123
0.0185709
0.00704552
0.015775
0.0148396
0.010079
0.00131596
0.046279
0.01101
0.00471435
0.00202304
0.0101838
0.00718269
0.00829553
0.0152619
0.0111984
0.0215152
0.0103314
0.0561123
0.00583004
0.0204699
0.00959882
0.0102035
0.0026006
0.0111521
0.00501586
0.0113914
0.0103066
0.0065052
0.0113521
0.0199303
0.00506863
0.0054221
0.00287679
0.00733416
0.00616173
0.00840706
0.0135308
0.0152576
0.0401959
0.0137193
0.019721
0.0128024
0.00350595
0.00992279
0.00117848
1.1153
0.0120031
0.00972871
0.00366739
0.0120174
0.00884111
0.00905429
0.00824847
0.0113595
0.00306814
0.0300055
0.00762376
0.0104749
0.00809671
0.0266029
0.00937585
0.0195491
0.00844268
0.0177598
0.00574348
0.0085235
0.0130709
0.00590086
0.00136682
0.0189591
0.00855556
0.006304
0.00214046
0.007933
0.00652177
0.0148113
0.0229422
0.00537831
0.0142172
0.0172952
0.0148824
0.00485703
0.016532
0.0101842
0.00892117
0.00163377
0.0204959
0.023546
0.00208936
0.0107237
0.0101539
0.0146484
0.0100741
0.00686974
0.00747555
0.00710021
0.0378748
0.0116902
0.0055519
0.0136663
0.0145975
0.00958392
0.0125323
0.00106277
0.00628156
0.00763248
0.00438067
0.00495281
0.00560162
0.00343143
0.00979911
0.0103615
0.00466245
0.00597705
0.00135293
0.00679036
0.00445962
0.00735842
0.0173629
0.00307458
0.00829765
0.00233606
0.00956173
0.0147349
0.0168686
0.00397996
0.0142412
0.00929055
0.0158474
0.0253796
0.0260321
0.0101513
0.0135108
0.00994967
0.0107765
0.0121785
0.0111622
0.00870335
0.00867736
0.00878432
0.00272623
0.0139357
0.00732013
0.00952504
0.00310291
0.0116426
0.00113943
0.0111454
0.0128168
0.00997818
0.00136499
0.0043578
0.00964878
0.0203746
0.0107777
0.0038661
0.00809535
0.00429413
0.0130562
0.0105152
0.00699867
0.00338784
0.00363317
0.00567298
0.0127607
0.0117234
0.0195891
0.00480938
0.00881126
0.0031442
0.00595088
0.00117131
0.00810616
0.0116757
0.011091
0.0144486
0.00652018
0.000623076
0.00925217
0.00197033
0.00755386
0.00992981
0.00182814
0.0305055
0.00841247
0.00965053
0.00830697
0.0164148
0.00368142
0.00606709
0.0185465
0.0153601
0.00880787
0.0033497
0.00245815
0.00894004
0.00200735
0.00975336
0.0126824
0.0197148
0.0152586
0.00684064
0.00395694
0.00546019
0.0271858
0.00615254
0.00844945
0.00659607
0.0086009
0.0146934
0.0110236
0.013096
0.0103167
0.0130425
0.00854597
0.00396227
0.0146335
0.010976
0.00709098
0.0033075
0.00523744
0.0102437
0.00220658
0.00693047
0.00931569
0.00751843
0.01667
0.00905634
0.00586992
0.00749266
0.00416057
0.0120325
0.0181161
0.0370984
0.0110138
0.00407706
0.0106486
0.00461712
0.00222005
0.00464346
0.00698641
0.0017558
0.0328462
0.0131004
0.010171
0.00224614
0.0236988
0.0182619
0.00550898
0.0184094
0.00209412
0.00758311
0.00346313
0.00580786
0.0174981
0.0257029
0.00323277
0.00475128
0.0313642
0.00433998
0.00189039
0.00623018
0.0106997
0.0206378
0.0170222
0.0130719
0.00344315
0.00948521
0.0103916
0.00481356
0.00729092
0.0116708
0.00977788
0.0116046
0.00896667
0.00639649
0.00290715
0.00704043
0.00386635
0.0163548
0.0105295
0.0172991
0.00767156
0.0189475
0.00778973
0.00281497
0.0114201
0.00214758
0.00966893
0.0192475
0.00497728
0.00747954
0.0130563
0.00240945
0.00225235
0.0073065
0.0142132
0.0060917
0.0183149
0.00741433
0.0164689
0.0111329
0.0136534
0.015398
0.0037099
0.00187185
0.00317613
0.0054099
0.0397948
0.00144214
0.00289975
0.0201923
0.00217648
0.0101052
0.00828885
0.00273243
0.0187538
0.00379875
0.00609649
0.0173438
0.00443572
0.00510045
0.0266307
0.0105562
0.00510008
0.0187477
0.00888576
0.00321369
0.0167143
0.0101296
0.0192655
0.00902134
0.0117879
0.0137875
0.0169676
0.00613711
0.00238078
0.00287801
0.00857368
0.0150778
0.022851
0.00552606
0.00460576
0.0142503
0.00356729
0.0187644
0.0072597
0.00231463
0.0021381
0.00293197
0.0432378
0.0112481
0.0188529
0.00832498
0.0359334
0.00712666
0.00186167
0.00967921
0.0229072
0.0177155
0.0100653
0.00725218
0.00267182
0.0118828
0.0234302
1.95763
0.00754452
0.0486803
0.00915968
0.0116327
0.00476222
0.0082087
0.0124266
0.018013
0.0103276
0.0207712
0.0199445
0.00427487
0.00153958
0.0146061
0.00686812
0.0145313
0.00899213
0.0113884
0.0093575
0.0302257
0.023458
0.0124035
0.0490146
0.00262157
0.0154345
0.00831252
0.00511799
0.0191
0.00897924
0.0110932
0.018158
0.0288591
0.00818236
0.00759878
0.0102605
0.00335923
0.00804528
0.0103019
0.0136304
0.0128758
0.013687
0.00454836
0.0125468
0.00575791
0.0107813
0.0135295
0.00327935
0.00956546
0.0496004
0.00709013
0.0175229
0.0205841
0.0191844
0.00249234
0.00952051
0.00702466
0.0096337
0.00908908
0.0305263
0.0113408
0.0141278
0.00927001
0.00707229
0.00688242
0.00256878
0.00399177
0.0285799
0.0103149
0.0163551
0.0140817
0.013594
0.0110604
0.00426345
0.0223545
0.00269206
0.0232238
0.000415999
0.012581
0.00925912
0.0094764
0.0111143
0.00878195
0.00179801
0.0124122
0.00751153
0.0141404
0.00528728
0.0120406
0.0302837
0.0129752
0.016009
0.0141427
0.00927741
0.0483404
0.0150755
0.00874026
0.00420881
0.00956462
0.00410317
0.00826516
0.0113398
0.00370081
0.00103887
0.00262464
0.00883015
0.00730839
0.00927858
0.00657797
0.00687855
0.0238925
0.0112191
0.00483835
0.0170645
0.00770311
0.0306251
0.00738069
0.0653338
0.00506437
0.0254557
0.0101837
0.00805434
0.0267643
0.00658656
0.0190172
0.00750651
0.0133976
0.0375145
0.0492567
0.00809927
0.00778364
0.0135517
0.00830596
0.0336064
0.0136525
0.00942627
0.00780843
0.0197234
0.0109491
0.00833943
0.00710743
0.00893956
0.00236281
0.0262745
0.0214022
0.0290365
0.0176336
0.00984805
0.0017173
0.0106131
0.0336649
0.0180106
0.00557958
0.0161038
0.021382
0.0275428
0.0206284
0.00487347
0.0172891
0.0070155
0.00512814
0.00508023
0.00704994
0.0101838
0.00879932
0.00434574
0.00520209
0.00323112
0.021427
0.0126126
0.0152067
0.00848418
0.00163005
0.00848653
0.0130887
0.00485773
0.0186675
0.0278242
0.0372117
0.0127117
0.0110766
0.00375182
0.0184155
0.0100422
0.00289282
0.01425
0.010551
0.00387187
0.00901591
0.00160227
0.010504
0.018239
0.00548299
0.0113915
0.00582838
0.00254525
0.00190316
0.00668537
0.00878995
0.0078743
0.0157548
0.00605776
0.00461676
0.0365234
0.0095936
0.0165433
0.00539017
0.00500778
0.00571483
0.00441721
0.0192463
0.0134725
0.0228987
0.00616112
0.021176
0.00467765
0.0268577
0.00582471
0.0108502
0.00243652
0.0457577
0.00970486
0.0113461
0.0087665
0.00740239
0.0177897
0.00236566
0.0233651
0.0132627
0.008764
0.00890499
0.00678919
0.0060911
0.0431831
0.0137301
0.00287173
0.0176481
0.00991485
0.0107892
0.0219911
0.00586228
0.0156432
0.0111213
0.0115235
0.0147422
0.0141105
0.00348914
0.005996
0.0159978
0.00735048
0.0257304
0.00675796
0.00575937
0.00496242
0.00826704
0.0100961
0.0194666
0.0225216
0.0137114
0.0187516
0.00168134
0.0117605
0.0375611
0.0225404
0.013274
0.0064338
0.0118925
0.00700727
0.0129802
0.0312815
0.0267247
0.0247664
0.00887102
0.0208518
0.00936074
0.0474817
0.0135598
0.00505751
0.0250371
0.00917307
0.00462278
0.0122971
0.0198684
0.0121244
0.0164026
0.00717829
0.0128338
0.0181731
0.00737633
0.0129502
0.0207574
0.0101676
0.0161688
0.00511353
0.0137808
0.00968171
0.0146934
0.0058387
0.00489759
0.0136391
0.00740736
0.0082985
0.00311417
0.03007
0.0120415
0.00803516
0.00689515
0.0124658
0.00483545
0.00988366
0.0928936
0.00160347
0.00339224
0.00833467
0.010003
0.0154604
0.00844712
0.0138902
0.0104951
0.0066652
0.0136194
0.018397
0.00328858
0.00366765
0.0128783
0.00836784
0.0117136
0.00539906
0.00448828
0.00476977
0.0085186
0.0147846
0.00933927
0.00877526
0.015512
0.0170785
0.00929943
0.0313746
0.011545
0.00596635
0.00857614
0.0246517
0.0121721
0.00825531
0.00868396
0.0145763
0.0148447
0.00155971
0.0145567
0.0145138
0.00181288
0.0161838
0.0142848
0.00497593
0.00781435
0.0198309
0.0106913
0.00524097
0.00810257
0.0278779
0.0230666
0.00673962
0.00891992
0.0268964
0.00594817
0.0102199
0.00130143
0.00419852
0.0117872
0.0315366
0.0133645
0.0111522
0.00142449
0.0169366
0.0213553
0.0118101
0.0187611
0.041063
0.0215082
0.0231741
0.0160995
0.00986109
0.0163195
0.00537003
0.00754977
0.0117946
0.0148483
0.0139346
0.0054499
0.0082365
0.0293827
0.0245706
0.00910622
0.00159471
0.0085427
0.00200913
0.0484002
0.0516419
0.0184914
0.00624926
0.0075124
0.00972336
0.00932055
0.0207915
0.0281709
0.0127185
0.00275798
0.0223158
0.00498834
0.0102784
0.00418838
0.0147968
0.0195716
0.036275
0.0171889
0.00359369
0.0133872
0.00442707
0.0250938
0.00589681
0.0132866
0.0258131
0.0082027
0.00401139
0.0223746
0.0587732
0.00249331
0.00526178
0.0187508
0.0138429
0.0133057
0.0137301
0.0172613
0.00565352
0.0140414
0.0175032
0.00703552
0.00856152
0.00561009
0.00916418
0.0149085
0.0306282
0.0142278
0.00677332
0.0132139
0.0334898
0.0199057
0.0165798
0.0039421
0.0184223
0.00549436
0.0214331
0.00454023
0.0187448
0.0125809
0.0120091
0.00484357
0.013968
0.00647934
0.0257142
0.0238907
0.00616436
0.0126989
0.0111599
0.00362976
0.00305369
0.00445327
0.00884981
0.00404757
0.00841676
0.00210538
0.00349106
0.0264285
0.00541881
0.0588169
0.0175304
0.0131517
0.0119157
0.0151806
0.00653206
0.00912874
0.0110868
0.0133665
0.0050621
0.00492262
0.0132055
0.00846197
0.011903
0.00839861
0.0127537
0.00338941
0.0131071
0.00368929
0.00885144
0.00924914
0.00553925
0.001832
0.00101124
0.0111271
0.00489409
0.00657153
0.00326463
0.00733813
0.00750728
0.00269263
0.00557682
0.0139696
0.00860096
0.0136418
0.0124953
0.013066
0.01681
0.0164057
0.00518142
0.0191154
0.00498068
0.00817598
0.0167489
0.00700901
0.00368828
0.00596655
0.0108321
0.017875
0.0037
0.0119867
0.00600392
0.00634568
0.0136147
0.00567871
0.00746847
0.0119461
0.00732683
0.0117377
0.00655596
0.00149416
0.0072624
0.0129382
0.00868804
0.00568534
0.0171437
0.0092864
0.017497
0.0179123
0.0234619
0.0194047
0.0017675
0.0397832
0.00173589
0.00827779
0.00912669
0.00889446
0.00712937
0.0121245
0.0150292
0.0138264
0.0106738
0.0169954
0.00490398
0.00421019
0.0122635
0.00403912
0.00696119
0.0157386
0.0199469
0.00819602
0.0105758
0.00511587
0.0142665
0.00925835
0.0101785
0.013335
0.00953771
0.00377544
0.00433018
0.0156333
0.00530781
0.00590469
0.00925189
0.0108783
0.00590393
0.00186632
0.0135514
0.00892308
0.00620975
0.00686147
0.00831686
0.0115734
0.0221819
0.0042178
0.0198804
0.0076463
0.00665472
0.00871848
0.00729556
0.00974673
0.0074765
0.00375291
0.0125954
0.017455
0.00839662
0.00772306
0.00889799
0.0217897
0.0173291
0.0107196
0.0119251
0.00322326
0.0143143
0.0067677
0.00570011
0.00274907
0.00474653
0.00809102
0.00725615
0.0136552
0.0114436
0.012813
0.0174847
0.00890705
0.00955126
0.0132022
0.00156524
0.0184459
0.00593241
0.00710159
0.00987203
0.0116014
0.012519
0.00482361
0.0113414
0.00821381
0.00605117
0.00171622
0.00909403
0.00353108
0.00385102
0.0134119
0.0103932
0.00320172
0.0118838
0.004468
0.0142513
0.0103444
0.00767062
0.00469574
0.0121338
0.00572678
0.0239602
0.0184008
0.0070721
0.00886673
0.0170904
0.0144189
0.00698931
0.00807102
0.0103803
0.00929859
0.0158308
0.0268991
0.0117496
0.0154194
0.0269331
0.00239787
0.0158591
0.0117565
0.0295138
0.0207361
0.0056488
0.00668589
0.00405596
0.012201
0.00537221
0.0246114
0.0114992
0.0173306
0.00595916
0.0185093
0.00219812
0.00752073
0.0102846
0.0320907
0.00553076
0.00672155
0.0103355
0.0158085
0.0123969
0.00315452
0.0210575
0.0103751
0.0228463
0.0110195
0.00699685
0.0035183
0.0103808
0.0070407
0.00745835
0.012391
0.00877827
0.0100048
0.00492117
0.00519321
0.00554293
0.00869985
0.00563135
0.0256487
0.0111577
0.0105918
0.00132645
0.00851262
0.0120517
0.00699256
0.001435
0.00337076
0.0108335
0.00715445
0.0220785
0.00735951
0.00913358
0.00999674
0.0091897
0.0197677
0.00784321
0.00575063
0.0113764
0.0238743
0.00170457
0.0164823
0.00763839
0.0150568
0.00857076
0.0188625
0.00252059
0.0162001
0.00822814
0.0140858
0.00303999
0.00959565
0.0128251
0.0080195
0.00414481
0.00294324
0.0102997
0.00554946
0.00345552
0.025084
0.00842347
0.0174944
0.00430758
0.0204723
0.00482779
0.00832033
0.0349662
0.0132928
0.00570978
0.0187761
0.0172629
0.0094083
0.00990761
0.0240552
0.00366508
0.00834218
0.00841137
0.00417737
0.0113102
0.0195675
0.0220945
0.0129329
0.00852642
0.0142762
0.016851
0.00828872
0.00941144
0.0077276
0.0149604
0.00494161
0.0102922
0.0102053
0.00914544
0.0130626
0.00812725
0.00821743
0.0128101
0.0231561
0.0221079
0.00879372
0.0143418
0.0348722
0.00636408
0.00710819
0.0394526
0.00631989
0.0179264
0.00546367
0.0156893
0.0278663
0.0098443
0.0232132
0.0187792
0.00985625
0.00885565
0.0183279
0.010522
0.032902
0.00342136
0.01232
0.0124719
0.0100589
0.0078825
0.00853513
0.00827769
0.0262996
0.00323174
0.00352361
1.02754
0.00501669
0.012353
0.0124003
0.0117486
0.00746193
0.0231049
0.0138573
0.00787887
0.00498755
0.0140152
0.0125909
0.0241953
0.00709029
0.0153563
0.012396
0.0140517
0.00493286
0.00841412
0.00595821
0.012632
0.00762521
0.00602949
0.0113616
0.00581675
0.0100507
0.0044152
0.0542217
0.00288752
0.0143978
0.00382471
0.0236065
0.00529886
0.00704866
0.00463683
0.00741459
0.0108085
0.00987181
0.00314114
0.00946081
0.0214884
0.0184652
0.00315704
0.01345
0.0170537
0.0125055
0.0120218
0.00804796
0.0120832
0.00453523
0.0228103
0.00570474
0.0105745
0.00373896
0.012491
0.00265654
0.0172531
0.00675537
0.0429523
0.0118343
0.00620802
0.0317403
0.0112752
0.00231312
0.0134658
0.0143299
0.00835154
0.0124366
0.00540958
0.00826308
0.0041006
0.00849811
0.00645669
0.0065802
0.00439806
0.0110933
0.00735439
0.0132994
0.00466574
0.0123067
0.0137955
0.00447528
0.00250435
0.00442153
0.00962744
0.0102626
0.00317205
0.0154925
0.00163281
0.0279956
0.0404675
0.0510225
0.00378989
0.0119428
0.0155919
0.0103382
0.00317721
0.0130319
0.0122749
0.0206245
0.0139532
0.0214743
0.0122049
0.00506334
0.02666
0.018859
0.0154298
0.0221527
0.0193441
0.00944845
0.00180784
0.0277032
0.0131483
0.00403105
0.00544498
0.0145465
0.0234453
0.0188252
0.0280934
0.0125887
0.035506
0.0116238
0.0106699
0.0278724
0.0200227
0.0358504
0.0102063
0.00589009
0.0109266
0.00499375
0.0169152
0.00930998
0.0134249
0.00958269
0.00298537
0.0129557
0.00580932
0.00713505
0.0087591
0.0420118
0.0043884
0.0150751
0.0162686
0.00490359
0.00557466
0.0129215
0.0104061
0.0158156
0.0281287
0.00754313
3.77365
0.0156843
0.0106891
0.00204859
0.00986644
0.0158454
0.0543884
0.0258101
0.00769991
0.0182138
0.0050403
0.00432241
0.00746139
0.00560594
0.0104523
0.02044
0.026563
0.00409108
0.0333926
0.00408095
0.0223651
0.0231263
0.0215428
0.0186361
0.000345112
0.0189614
0.011567
0.0195218
0.0149174
0.0251481
0.0219271
0.0215363
0.00340384
0.00531608
0.0188513
0.00402563
0.0158486
0.00344175
0.0247092
0.00599742
0.0210824
0.00782795
0.0149838
0.0226536
0.00499781
0.00803532
0.0187616
0.00495571
0.0114423
0.00919905
0.0211528
0.012971
0.0115013
0.0184059
0.00357386
0.0161869
0.0120842
0.00624687
0.02211
0.00425587
0.0139119
0.00340678
0.00640436
0.010908
0.00592091
0.01134
0.00586897
0.00665823
2.81653
0.0200772
0.0112073
0.0130339
0.735001
0.0136153
0.0145865
0.0154131
0.00580406
0.0236796
0.0157163
0.00391368
0.00593454
0.0377344
0.0154581
0.0146759
0.00628722
0.00472676
0.00720148
0.00387624
0.0181671
0.0428566
0.00352823
0.00537965
0.0053374
0.0124911
0.00620367
0.00992609
0.00667562
0.0101853
0.00622026
0.0396385
0.00382602
0.0147228
0.00251577
0.00622636
0.0392824
0.00757784
0.000988889
0.00396154
0.0209854
0.0100322
0.00576656
0.00969509
0.00783139
0.00198382
0.0200039
0.00538057
0.0120416
0.000598275
0.00582476
0.0110828
0.024132
0.00129326
0.0111024
0.00396844
0.0160451
0.00940434
0.0180595
0.0245684
0.00618382
0.0045711
0.00802537
0.00832789
0.0291935
0.00974615
0.00204365
0.0082285
0.00964784
0.0159847
0.00243998
0.0139001
0.00569601
0.0166584
0.00108646
0.00619503
0.00616991
0.0272913
0.012105
0.0166751
0.00923355
0.0256677
0.0150491
0.019061
0.0268798
0.0480194
0.0139003
0.0177946
0.0124796
0.00713455
0.00806968
0.00296526
0.020254
0.0239194
0.023043
0.0416093
0.0142365
0.0148861
0.0309975
0.0111
0.00646603
0.0111648
0.0181855
0.0169562
0.0126921
0.0178196
0.0125526
0.0129559
0.0300436
0.013141
0.00183914
0.0178179
0.00709277
0.0213725
0.0213495
0.00767252
0.0107889
0.0123356
0.0166135
0.0139335
0.00390654
0.00528683
0.0264223
0.0143162
0.0101628
0.0105452
0.00713521
0.00476968
0.0108561
0.0269041
0.0179373
0.00589067
0.0279282
0.00370865
0.0129753
0.0188452
0.0270819
0.0339058
0.0117346
0.0115843
0.0104293
0.0113313
0.0115377
0.0153649
0.00807087
0.0182504
0.0022033
0.0189472
0.016742
0.0125022
0.00949173
0.0256917
0.0102076
0.0135791
0.0105278
0.020216
0.0260905
0.00992766
0.00585178
0.00231502
0.00500969
0.00444054
0.00977054
0.0121969
0.00879742
0.00880448
0.00719902
0.00641394
0.00607727
0.00518745
0.00903583
0.00908801
0.00685938
0.000272362
0.0104711
0.00485664
0.00264646
0.0103855
0.0191456
0.00624367
0.0171513
0.00692142
0.00470185
0.0117717
0.0329023
0.00476707
0.0261495
0.00253979
0.0155816
0.00662479
0.00956286
0.00636838
0.00448674
0.00237326
0.951888
0.00525161
0.0167795
0.0250122
0.00514786
0.0313585
0.0222878
0.0103488
0.0236399
0.00464809
1.48326
0.0109851
0.00804786
2.46536
0.00550915
0.00188346
0.0176195
0.000569666
0.0294562
0.0214811
0.0128051
0.00892834
0.00859146
0.00542169
0.0296973
0.0137447
0.00849774
0.00952599
0.0114741
0.024726
0.00567163
0.00937919
0.0126228
0.00797147
0.0154704
0.0129245
0.00944861
0.0102392
0.0158637
0.00519767
0.012182
0.00707594
0.0128451
0.00117683
0.0231657
0.0207532
0.00831917
0.018933
0.00698411
0.00256106
0.0175808
1.53849
0.00345975
0.0138952
0.00935014
0.00883438
0.0224355
0.00549503
0.0110552
0.00473056
0.00680965
0.0139196
0.0102591
0.0113489
3.06371
0.00904002
0.00445782
0.0107481
0.0189989
0.00666899
0.00912568
0.00472665
0.00332423
0.0140327
0.00332876
0.0146929
0.00460563
0.0154207
0.00915465
0.023671
0.017877
0.00675208
0.0090794
0.00431153
0.0132578
0.00706665
0.0228617
0.0151051
0.00336986
0.00739449
0.0128338
0.0144606
0.0015061
0.00580619
0.0138285
0.00339609
0.0129942
0.0109599
0.0206753
0.00587707
0.003848
0.00827797
0.0159635
0.0139725
0.00647159
0.00271348
0.00609928
0.0218187
0.00216383
0.00679316
0.0017739
0.0198557
0.0152195
0.00724939
0.00158118
0.0133632
0.00508833
0.018566
0.00707817
0.0188417
0.037521
0.010559
0.0105546
0.0259994
0.00460958
0.00381425
0.00554461
0.035422
0.00253127
0.0205045
0.00247538
0.0136251
0.00273658
0.0192701
0.0105457
0.00333628
0.00717509
0.0143128
0.00791268
0.0098067
0.0162267
0.0114978
0.000725962
0.0212257
0.0127672
0.00915853
0.0102202
0.00661152
0.0392121
0.0104693
0.00694452
0.00515614
0.0286774
0.0119986
