0.141248
0.228101
0.0616167
0.12919
0.157232
0.0247913
0.0314408
0.0398926
0.0574585
0.120465
0.109668
3.12579
0.0751793
0.0334652
0.030472
0.115051
0.215945
0.135278
0.3143
0.00357346
0.022791
0.131831
0.0415404
0.0325464
0.266741
0.104005
0.0260599
0.139478
0.112579
0.01531
0.0601527
0.137562
0.0746646
0.0839627
0.0732103
0.103438
0.136524
0.122773
0.167896
0.0179718
0.0309994
0.108763
0.102159
0.109938
0.026523
0.0592814
0.150001
0.0730501
0.127911
0.055929
0.194058
0.062542
0.0421312
0.203369
0.124271
0.144698
0.216969
0.0425702
0.0892646
0.0527688
0.104433
0.0329698
0.067382
0.0502597
0.058761
0.0266488
0.0165308
0.0993044
0.182991
0.113336
0.164761
0.13753
0.276663
0.163053
0.170455
0.034551
0.0876183
0.0897777
0.139085
0.0876022
0.148991
0.0365438
0.0726912
0.0256095
0.162582
0.0195686
0.118443
0.0316144
0.0952643
0.191691
0.0575604
0.0673856
0.0922354
0.034242
0.0678304
0.102186
0.0533885
0.180594
0.0437706
0.0501201
0.0636461
0.0739374
0.0880826
0.0478983
0.134755
0.0766399
3.11948
0.106487
0.0343864
0.0261762
0.0420259
0.153182
0.0305595
0.0596499
0.134832
0.0835762
0.0671397
0.129852
0.168466
0.142631
0.0441926
0.139025
0.119428
0.0986501
0.0717926
0.038975
0.00517758
0.0454229
0.0493982
0.123559
0.0578825
0.12348
0.0816211
0.0724867
0.0806591
0.0663236
0.191845
0.0353449
0.189643
0.034927
0.112314
0.0757863
0.182668
0.0909999
0.0861207
0.272979
0.0767342
0.137095
0.0412746
0.0281968
0.159984
0.110555
0.0346923
0.155385
0.164425
0.105158
0.078246
0.148781
0.041229
0.311677
0.129484
0.182401
0.030898
0.139067
0.0976483
0.20841
0.114349
0.0724114
0.102401
0.0347875
0.100409
0.197095
0.10908
0.0903095
0.138567
0.0815272
0.0520925
0.0144718
0.20745
0.0275016
0.0441187
0.051388
0.129556
0.166576
0.113624
0.109465
0.157188
0.223583
0.144314
0.242676
0.0809504
0.0655504
0.0819672
0.118474
0.0118557
0.110112
0.107549
0.058042
0.213235
0.150167
0.122785
0.0981554
0.196793
0.0518668
0.179754
0.201515
0.052743
0.0520133
0.0737704
0.137984
0.119395
0.180519
0.134615
0.116409
0.039013
0.164797
0.0604446
0.0131522
0.166058
0.0285166
0.147921
0.111291
0.113226
0.0440547
0.186326
0.0974034
0.0693689
0.0739727
0.0556818
0.0727952
0.219059
0.141682
0.0893734
0.15847
0.0716899
0.129349
0.227329
0.0328291
0.0538948
0.116322
0.0370483
0.171465
0.115733
0.02203
0.0572747
0.111927
0.0649771
0.133137
0.0322297
0.096467
0.0385774
0.147421
0.0455844
0.0602805
0.119697
0.138742
0.121807
0.164891
0.0575712
0.118833
0.0455751
0.0573446
0.0220803
0.112385
0.099381
0.104312
0.101859
0.101946
0.0946645
0.0802118
0.136407
0.229542
0.108059
0.101933
0.137694
0.101617
0.129741
0.111952
0.0476185
0.101092
0.164808
0.119206
0.105825
0.11075
0.139788
0.169224
0.110709
0.0691728
0.0696279
0.126136
0.158621
0.046543
0.0272089
0.0780633
0.125856
0.111422
0.00690466
0.042956
0.0527961
0.0458848
0.0806556
0.1357
0.11474
0.101829
0.148125
0.0704338
0.0420216
0.0631962
0.0715535
0.0251566
0.143336
0.0473524
0.132796
0.0560387
0.201356
0.103858
0.0455604
0.162656
0.0961242
0.204048
0.102032
0.15275
0.113286
0.0261553
0.288024
0.143043
0.168899
0.147016
0.0713345
0.200308
0.0853776
0.0618864
0.0685656
0.131537
0.165686
0.134081
0.0349746
0.144767
0.186367
0.0806368
0.114895
0.161659
0.198928
0.184796
0.0962332
0.0504233
0.0317012
0.0638059
0.166285
0.0151351
0.102423
0.150789
0.096812
0.171669
0.134308
0.0402108
0.115471
0.143727
0.0268511
0.0353605
0.140117
0.0153982
0.056188
0.11712
0.121878
0.144874
0.191726
0.0865668
0.141874
0.0783591
0.182527
0.0774074
0.133615
0.15372
0.0673923
0.15481
0.208947
0.134337
0.100723
0.186338
0.0643353
0.137298
0.134406
0.026264
0.0233877
0.105725
0.0944279
0.156953
0.134992
0.0437579
0.174053
0.0686583
0.141809
0.130866
0.060379
0.153833
0.0929619
0.115994
0.176889
0.040418
0.137922
0.158279
0.0864145
0.0617313
0.242686
0.155503
0.0255489
0.106908
0.145674
0.0191224
0.119329
0.116708
0.124528
3.10104
0.165369
0.0328922
0.104079
0.213858
0.0739066
0.0308145
0.111246
0.0576723
0.217512
0.107391
0.114479
0.138457
0.0881748
0.108035
0.102056
0.10791
0.0245144
0.0289971
0.229431
0.0201719
0.0668379
0.0314286
0.249472
0.0655375
0.0570058
0.0155146
0.0491864
0.0676495
0.0316449
0.0456292
0.102944
0.0203351
0.0580821
0.017426
0.0214055
0.147071
0.0424338
0.176768
0.042218
0.0663573
0.0319835
0.113716
0.173546
0.0909089
0.0697569
0.0897327
0.0589797
0.146045
0.0755687
0.0346609
0.0193582
0.191648
0.188727
0.122376
0.0524869
0.0838121
0.031203
0.165475
0.0720732
0.189336
0.0351054
0.0870075
0.0927159
0.13739
0.12782
0.0760555
0.0350477
0.0821634
0.0987314
0.184591
0.0661995
0.144448
0.159161
0.0746759
0.0673494
0.0196878
0.0221961
0.175818
0.162888
0.132878
0.026205
0.195797
0.0969171
0.0918073
0.0507102
0.1175
0.0488531
0.168789
0.203151
0.197718
0.120747
0.0366645
0.046851
0.0363827
0.0913398
0.0554253
0.0908008
0.0718037
0.136601
0.138239
0.109379
0.0645566
0.114562
0.136878
0.025486
0.153026
0.0833937
0.0838671
0.0321209
0.0675091
0.119439
0.087035
0.139941
0.0730683
0.233139
0.0762993
0.0420649
0.14517
0.0813957
0.0113155
0.0208553
0.0774015
0.0629854
0.134766
0.048311
0.156803
0.172875
0.085917
0.0502638
0.0465645
0.126997
0.172601
0.0777654
0.122826
0.152838
0.108938
0.0352378
0.184198
0.138543
0.0871044
0.0526791
0.0404174
0.133976
0.0411407
0.138138
0.129356
0.094536
0.07525
3.11974
0.0637038
0.089453
0.149569
0.0817019
0.0743751
0.200776
0.0544005
0.103757
0.101683
0.0402538
0.246649
0.232407
0.234324
3.13686
0.173844
0.0550627
0.135199
0.0810859
0.114744
0.144837
0.108317
0.189929
0.140213
0.0223601
0.0451903
0.0404529
0.0714301
0.0238014
0.118978
0.122
0.0492933
0.0737808
0.10675
0.100704
0.147375
0.149228
0.15921
0.170602
0.100084
0.0878624
0.234726
0.111024
0.0506123
0.142157
0.126023
0.120705
0.118795
0.203987
0.0350297
0.0729518
0.0786411
0.101165
0.131657
0.0363064
0.140307
0.143611
0.0795596
0.136562
0.132098
0.139675
0.12711
0.115493
0.171573
0.163135
0.118364
0.0729466
0.0549043
0.146621
0.0771735
0.0422327
0.136335
0.138552
0.0750075
0.170136
0.134558
0.0536055
0.0541531
0.0833926
0.123116
0.0400084
0.07247
0.155866
0.0264663
0.023298
0.188746
0.0205802
0.0916837
0.145064
0.137421
0.0311884
0.0910682
0.112759
0.0546482
0.0408583
0.109168
0.148335
0.161639
0.0812776
0.125288
0.107936
0.075953
0.105875
0.149357
0.262222
0.177523
0.1132
0.0734081
0.0417139
0.0902396
0.0787821
0.0834185
0.118733
0.134784
0.155849
0.0998936
0.132511
0.0412842
0.0742165
0.0881329
0.102105
0.0717975
0.0623074
0.134235
0.101594
0.168011
0.0981575
0.143641
0.103667
0.113038
0.0545313
0.163527
0.0235792
0.0965223
0.0990189
0.0841883
0.189916
0.130634
0.212824
0.0740516
0.225292
0.139917
0.117124
0.076484
0.0933018
0.0746988
0.209986
0.0506057
0.197355
0.230136
0.0732265
0.258518
0.106148
0.171912
0.159064
0.113193
0.186491
0.120292
0.0969832
0.170557
0.0546385
0.126378
0.0596622
0.0329123
0.0529623
0.085686
0.134784
0.078845
0.0602022
0.091382
0.127562
0.115567
0.122858
0.131921
0.135596
0.09901
0.0877129
0.0486693
0.173276
0.0653815
0.154122
0.0300949
0.12422
0.197434
0.0484176
0.0892651
0.0450311
0.0627151
0.152643
0.124428
0.163927
0.150465
0.0993051
0.0202039
0.206465
0.0605098
0.181692
0.203471
0.201134
0.176838
0.145913
0.087689
0.0542059
0.0417197
0.0383606
0.133843
0.0900534
0.10785
0.193609
0.127478
0.153457
0.140719
0.0739356
0.149504
0.0820887
0.107882
0.0827218
0.0995002
0.0835066
0.137392
0.0649071
0.15763
3.09439
0.20066
0.0282098
0.118277
0.118634
0.07922
0.0892961
0.0911365
0.206726
0.15177
0.138509
0.17836
0.104953
0.172411
0.1126
0.171539
0.136272
0.189236
0.09109
0.0513429
0.100104
0.152187
0.127941
0.093339
3.10657
0.121548
0.178829
0.084815
0.188305
0.0781655
0.049024
0.075748
0.225542
0.213617
0.11611
0.0828017
0.128076
0.126179
0.120726
0.0921039
0.0857249
0.0586447
0.155031
0.0994667
0.132058
0.153146
0.011599
0.114531
0.0350222
0.172112
0.130836
0.143995
0.114601
0.100109
0.10666
0.0450583
0.151165
0.115782
0.0871006
0.0584296
0.0754604
0.0706909
0.0345754
0.262803
0.0726507
0.247814
0.192357
0.114142
0.11267
0.0958747
0.172757
0.100517
0.151984
0.0384196
0.181262
0.0559541
0.071955
0.0863474
0.141147
0.163777
0.123128
0.117227
0.155731
0.0388647
0.0723383
0.133027
0.106627
0.019427
0.193804
0.153279
0.115009
0.04926
0.115443
0.171756
0.110102
0.182882
0.0902411
0.149571
0.0507042
0.151905
0.0669861
0.0385385
0.0665496
0.0835361
0.0930257
0.0913725
0.17798
0.031133
0.0709542
0.148726
0.0568779
0.053883
0.0695681
0.161288
0.026447
0.237334
0.122339
0.0824129
0.109943
0.230071
0.0163551
0.141426
0.119896
0.0905394
0.135083
0.180096
0.244011
0.215718
0.040977
0.0679494
0.197826
0.0666304
0.218282
0.00960796
0.146864
0.0749623
3.14248
0.107214
0.132507
0.115506
0.0630509
0.0659667
0.129895
0.130433
0.0721043
0.234633
0.120479
0.0325788
0.176742
0.197721
0.114898
0.112572
0.10851
0.17862
0.0741083
0.0894011
0.132483
0.101255
0.0349912
0.133241
0.0978523
0.103601
0.0453813
0.141149
0.0707429
0.161882
0.0983772
0.0984537
0.0311701
0.05118
0.103115
0.14771
0.0815887
0.18582
0.199063
0.138005
0.146561
0.121742
0.1307
0.159375
0.0662982
0.0474187
0.172474
0.151446
0.18575
0.0220609
0.109925
0.121255
0.110161
0.131457
0.148877
0.055979
0.208263
0.0682421
0.167135
0.163078
0.0591964
0.048289
0.133264
0.0684675
0.233507
0.186755
0.179915
0.176844
0.147538
0.122781
0.106399
0.0835984
0.177389
0.104122
0.0367456
0.0634648
0.153935
0.081413
0.0682599
0.0484792
0.0237389
0.15962
0.0987568
0.108574
0.0306376
0.114475
0.0587961
0.147756
0.0662564
0.0715858
0.0898446
0.04194
0.0512491
0.191327
0.250685
0.0275733
0.0921456
0.090219
0.0780266
0.0666616
0.21536
0.211072
0.116861
0.105254
0.348989
0.147409
0.188982
0.130906
0.173915
0.0601828
0.159978
0.155842
0.137563
0.0546168
0.106497
0.0406689
0.118099
0.0526879
0.0204609
0.0477431
0.141865
0.126598
0.118375
0.0700758
0.024604
0.0954044
0.122526
0.084385
0.0710306
0.0732099
0.0766815
0.114871
0.0610857
0.138544
0.123002
0.0964645
0.216317
0.10107
0.131914
0.208004
0.0517422
0.053666
0.05164
0.0728156
0.0774576
0.0753708
0.0798216
0.0573369
0.0246217
0.0416478
0.0660101
0.122736
0.132865
0.0360519
0.0663336
0.0888461
0.0462555
0.0673637
0.15063
0.036194
0.116993
0.230854
0.187206
0.159538
0.126468
0.12272
0.0332367
0.148777
0.0604274
0.00777445
0.0465895
0.0581972
0.0768731
0.126538
0.238364
0.0774722
0.0697991
0.0504518
0.171921
0.102229
0.180755
0.1222
0.126271
0.0903545
0.114931
0.10303
0.163114
0.172999
0.0245451
0.173514
0.0784605
0.0655355
0.0685894
0.0710331
0.0510009
0.133164
0.201944
0.0765829
0.145973
0.0818134
0.0570575
0.0684956
0.122594
0.0585149
0.0731565
0.151554
0.0671932
0.0339841
0.0570905
0.0624832
0.115617
0.0795651
0.147494
0.0849773
0.0557298
0.104514
0.224018
0.0336157
0.0314564
0.166764
0.129129
0.0503152
0.134411
0.162043
0.0760045
0.151235
0.119366
0.0896121
0.15309
0.0291227
0.255308
0.0230753
0.165402
0.111414
0.0946695
3.13282
0.109961
0.175977
0.0784435
0.0615644
0.044396
0.0982965
0.11133
0.0696524
0.0769069
0.135549
0.0670162
0.0587596
0.0566517
0.156817
0.0476967
0.0584218
0.0610598
0.1702
0.172673
0.164831
0.172009
0.08457
0.0495485
0.0459386
0.0782775
0.0435163
0.220761
0.0922917
0.0776546
0.120847
0.0125484
0.077754
0.0181788
0.171142
0.0655007
0.187812
0.148923
0.0822714
0.166861
0.0749683
0.0895457
0.0489504
0.076687
0.1526
0.10134
0.0813498
0.0527708
0.079902
0.169182
0.0573547
0.184665
0.0417731
0.163661
0.103142
0.115214
0.0618105
0.143834
0.0730912
0.130112
0.164202
0.116616
0.135642
0.0254238
0.147258
0.0369881
0.0495441
0.106406
0.113278
0.08362
0.0567906
0.0866273
0.113381
0.133098
0.0680688
0.209061
0.144005
0.0767953
0.267218
0.0856519
0.0805246
0.167352
0.0525056
0.102911
0.15395
0.0354997
0.118824
0.246051
0.0689529
0.0243637
0.202708
0.121666
0.124455
0.0578981
0.131061
0.0655519
0.16988
0.166635
0.0604399
0.110584
0.21559
0.158398
0.168965
0.195892
0.0447688
0.216538
0.173425
0.16731
0.17002
0.140299
0.072139
0.132929
0.108289
0.147534
0.141249
0.199574
0.0694643
0.0732588
0.205339
0.0784147
0.0178013
0.154198
0.0934574
0.0860999
0.0451197
0.118729
0.204089
0.198308
0.156216
0.156789
0.04443
0.0913445
0.0967999
0.0180575
0.120144
0.0179016
0.0717455
0.0526401
0.0621031
0.0930831
0.120632
0.234142
0.0792959
0.146641
0.147752
0.0793227
0.20058
0.158496
0.0850092
0.0882555
0.204473
0.0870518
0.097987
0.17635
0.164893
0.0388194
0.160389
0.0728329
0.182495
0.0327685
0.0307201
0.178255
0.0658638
0.142878
0.180052
0.184601
0.0799324
0.0327624
0.0889696
0.0416007
0.162524
0.132229
0.129464
0.105574
0.0675684
0.0486336
0.14806
0.146531
0.145241
0.213167
0.122995
0.123972
0.0572611
0.0812979
0.0874144
0.0143061
0.181611
0.149584
0.132598
0.187606
0.0675883
0.0732167
0.0806803
0.103171
0.0678944
0.0723845
0.0225289
0.175417
0.157071
0.0693992
0.172858
0.0132889
0.0207647
0.111751
0.172505
0.105858
0.113632
0.154072
0.128644
0.0369417
0.107363
0.0389702
0.0587009
0.10269
0.105985
0.0634383
0.240134
0.0496126
0.0476155
0.146128
0.168686
0.039349
0.0558054
0.0635228
0.169009
0.25821
0.0966145
0.0692334
0.0243527
0.10546
0.0879481
0.0459565
0.216707
0.211422
0.020597
0.139918
0.0722074
0.105196
0.0643978
0.0787768
0.0581255
0.0460187
0.049541
0.0303335
0.201754
0.168068
0.074714
0.148602
0.0625767
0.237728
0.0672044
0.0822647
0.124415
0.159905
0.0288936
0.12798
0.112977
0.043864
0.0241886
0.164771
0.150057
0.106953
0.149583
0.159548
0.00566635
0.1782
0.0250502
0.0511521
0.0501532
0.0930325
0.0807042
0.187577
0.130893
0.0577883
0.261935
0.0766254
0.0395529
0.0817787
0.160107
0.103447
0.18755
0.186976
0.148938
0.0258585
0.0658695
0.0188062
0.123516
0.0743153
0.126204
0.13924
0.145072
0.101594
0.201755
0.242624
0.239686
0.237984
0.17434
0.014959
0.125534
0.0887856
0.113724
0.0145889
0.0849153
0.102131
0.116235
0.0348868
0.0694347
0.0956876
0.075846
0.130215
0.0753233
0.085752
0.167971
0.128191
0.0344528
0.0404479
0.137193
0.231958
0.101659
0.0206501
0.170488
0.113407
0.0495066
0.0256052
0.161594
0.111344
0.0762883
0.138911
0.112232
0.0490499
0.161762
0.113319
0.0813208
0.103936
0.155492
0.085773
0.134824
0.0763084
0.0585927
0.114761
0.139165
0.0758849
0.139374
0.158619
0.11052
0.119574
0.132084
0.09396
0.0565426
0.0440024
0.192612
0.156785
0.101024
0.121329
0.112761
0.0866263
0.0951423
0.177375
0.0263262
0.147498
0.0650981
0.0504483
0.0483976
0.17442
0.224312
0.170637
0.113597
0.206279
0.0820143
0.0169296
0.209894
0.109149
0.165456
0.17506
0.0488918
0.127273
0.15994
0.0704996
0.144869
0.0688215
0.153672
0.0763647
0.0397443
0.0316924
0.0674145
0.0765062
0.0555756
0.0675492
0.0782479
0.102391
0.0437792
0.150016
0.194159
0.187833
0.161491
0.0907572
0.149228
0.102115
0.128829
0.174144
0.0284226
0.0915955
0.0990284
0.0442029
0.154357
0.0303372
0.192774
0.0403637
0.111783
0.0502794
0.190805
0.0735614
0.0579251
0.117532
0.0907673
0.0639263
0.0354603
0.122172
0.0320596
0.128287
0.0206672
0.117391
0.124294
0.0891771
0.0826322
0.13965
0.0301539
0.152291
0.104312
0.0277666
0.10981
0.0898067
0.169902
0.0957204
0.0367698
0.0561975
0.144258
0.0760682
0.0340327
0.12927
0.100883
0.162145
0.0791725
0.0644154
0.0410422
0.0300555
0.172582
0.107732
0.216728
0.0556849
0.123227
0.014733
0.0801323
0.051208
0.0504102
0.105802
0.136887
0.105682
0.12935
0.104559
0.149498
0.113936
0.0929867
0.09807
0.216344
0.122654
0.141282
0.0757215
0.0392152
0.0408813
0.0159713
0.0391331
0.252026
0.0856743
0.179322
0.0696339
0.0770396
0.159127
0.0850889
0.0953033
0.02235
0.204471
0.0763685
0.11195
0.154785
0.0852094
0.171453
0.0543391
0.106076
0.0882692
0.0727438
0.0850643
0.112755
0.233741
0.0397077
0.218114
0.152854
0.0844981
0.0696157
0.0518514
0.171785
0.120396
0.0931558
0.116059
0.15209
0.0590378
0.195398
0.0685657
0.110939
0.0518633
0.136938
0.13016
0.191146
0.045926
0.095877
0.0270526
0.0916724
0.0215319
0.121375
0.0385422
0.12653
0.104217
0.0701569
0.0686596
0.092499
0.0859148
0.0581005
0.269004
0.137099
0.117796
0.0598766
0.145213
0.0540138
0.174423
0.169235
0.062056
0.0995098
0.0470692
0.179035
0.08757
0.137574
0.169238
0.090076
0.105788
0.078133
0.0696344
0.0937087
0.0247952
0.0658813
0.0969614
0.119393
0.102387
0.100251
0.051577
0.185361
0.11976
0.166384
0.115847
0.0630284
0.113047
0.0562745
0.0911378
0.0462869
0.0420105
0.0662967
0.193584
0.231173
0.0609146
0.0382407
0.0623384
0.0807198
0.0513573
0.0716522
0.070235
0.0581462
0.0142291
0.0877387
0.214705
0.0598126
0.115373
0.138181
0.119419
0.0707791
0.192848
0.0522977
0.363161
0.104008
0.0303068
0.0507744
0.0566551
0.0793532
0.06424
0.124198
0.0763927
0.0794346
0.0840634
0.0989128
0.0260982
0.101364
0.125387
0.174387
0.143807
0.0393397
0.0908995
0.0680845
0.0256334
0.154267
0.0629366
0.0340694
0.125472
0.0816181
0.177317
0.172831
0.0786257
0.0654
0.151281
0.110216
0.0765869
0.0786219
0.118792
0.0816754
0.080706
0.0875514
0.0959965
0.056729
0.182635
0.100339
0.117391
0.0952874
0.136766
0.278875
0.157009
0.0586615
0.0635041
0.0918081
0.117426
0.131133
0.164442
0.160529
0.0646914
0.127876
0.113645
0.129671
0.133484
0.094351
0.0980175
0.181294
0.101819
0.0450627
0.178742
0.110436
0.167051
0.174731
0.197032
0.188093
0.171606
0.114457
0.0203538
0.0926695
0.171893
0.0535311
0.0562516
0.106895
0.0632167
0.122105
0.104169
0.0594559
0.183279
0.0360453
0.12304
0.111251
0.0604263
0.118746
0.129089
0.134813
0.128306
0.081448
0.0415657
0.0989756
0.0855693
0.130833
0.163105
0.107215
0.0993733
0.153769
0.108186
0.029719
0.137621
0.141647
0.0423307
0.116378
0.133569
0.0390771
0.104244
0.0973261
0.0849283
0.156354
0.118466
0.143485
0.1232
0.202964
0.0287089
0.0984476
0.0640138
0.093819
0.128115
0.03665
0.115025
0.0614213
0.102975
0.124055
0.0744756
0.177317
0.0177605
0.135351
0.163437
0.0635329
0.188755
0.0958367
0.0827912
0.0667728
0.0496926
0.0655198
0.0775244
0.152142
0.0561365
0.180946
0.108547
0.0419641
0.14168
0.0512466
0.136295
0.0839876
0.153797
0.152429
0.0503544
0.182729
0.0468798
0.13912
0.160923
0.103132
0.209105
0.113921
0.0745737
0.067902
0.0847692
0.0308595
0.0216979
0.12211
0.0494762
0.178937
0.0938692
0.04853
0.0872259
0.0511314
0.0569739
0.0879891
0.100696
0.0993965
0.135129
0.117565
0.141252
0.0443649
0.117464
0.0709488
0.115182
0.111689
0.0859571
0.0251853
0.073603
0.0654295
0.0503814
0.101838
0.0341922
0.159449
0.125968
0.216519
0.11255
0.151697
0.125806
0.154187
0.13418
0.116284
0.10484
0.107371
0.226965
0.0844285
0.0718773
0.127256
0.106233
0.168621
0.112255
0.0912097
0.042997
0.121763
0.0167537
0.0966317
0.120092
0.0564115
0.197046
0.137387
0.0685699
0.0500117
0.0733209
0.212737
0.0764365
0.0327134
0.0755636
0.0761627
0.0999738
0.068767
0.0551928
0.0737653
0.0653405
0.0681059
0.0895813
0.0987076
0.0213066
0.116346
0.196812
0.0781879
0.0941334
0.0844824
0.0846247
0.0655678
0.0433898
0.118916
0.218623
0.123159
0.176991
0.0977544
0.0474053
0.276123
0.147758
0.0417709
0.0342219
0.0878186
0.145664
0.0599966
0.119152
0.031407
0.17679
0.158299
0.109096
0.187472
0.175516
0.147613
0.082374
0.0365022
0.128453
0.0972672
0.082887
0.144611
0.108758
0.0373791
0.124638
0.097489
0.10688
0.150884
0.086015
0.0516511
0.126068
0.0758417
0.1743
0.0628488
0.144651
0.153168
0.0726629
0.0630641
0.0897577
0.132046
0.0726079
0.165176
0.101117
0.205127
0.222436
0.0964995
0.122806
0.146234
0.0624081
0.169772
0.0825347
0.0969643
0.0833881
0.0759066
0.199076
0.045559
0.107495
0.110872
0.0546798
0.0669106
0.148285
0.13175
0.0341318
0.07024
0.0783607
0.121253
0.0372947
0.194045
0.0730482
0.0532612
0.0978127
0.0857176
0.082613
0.141593
0.133778
0.163007
0.189074
0.0948936
0.0536599
0.0372765
0.0890659
0.12301
0.125931
0.0250381
0.14203
0.109994
0.0974675
0.183758
0.139287
0.0163475
0.10373
0.047573
0.0726396
0.135301
0.176728
0.0865342
0.147496
0.13798
0.14154
0.058095
0.0307863
0.12373
0.136435
0.172628
0.0745981
0.0793634
0.108691
0.0795764
0.202648
0.138854
0.126487
0.283897
0.019367
0.112155
0.147304
0.12967
0.0495283
0.199165
0.119924
0.0658431
0.0536378
0.0735716
0.0706217
0.107479
0.164825
0.182206
0.0271602
0.0633878
0.0954856
0.0997744
0.104589
0.107044
0.0324199
0.168599
0.0303346
0.146551
0.0470028
0.114759
0.175606
0.108854
0.0153428
0.025428
0.0403827
0.153222
0.188484
0.0974852
0.282154
0.0982356
0.0619736
0.038524
0.0993385
0.0872625
0.199878
0.174749
0.160663
0.0636452
0.0176873
0.0843366
0.137571
0.230833
0.180693
0.104818
0.116685
0.0733116
0.136867
0.0742767
0.078139
0.157803
0.0937231
0.163528
0.194802
0.141105
0.118691
0.069045
0.119827
0.17871
0.193154
0.111904
0.146894
0.0602061
0.143612
0.0639801
0.112358
0.0855509
0.0467854
0.126355
0.171
0.0248224
0.14188
0.0907868
0.0534694
0.105208
0.0218462
0.0809678
0.184753
0.105864
0.155947
0.0550561
0.0893539
0.257211
0.0674137
0.174342
0.0297844
0.235731
0.0364965
0.0541386
0.194297
0.0851975
0.0416202
0.0568885
0.098663
0.166399
0.0368866
0.157716
0.0524054
0.107644
0.0232897
0.0393188
0.103797
0.120826
0.132425
0.0240055
0.0524872
0.0616351
0.0990393
0.139574
0.0179089
0.104329
0.068981
0.0385029
0.01585
0.187358
0.102807
0.162794
0.115478
0.0414156
0.112609
0.193875
0.0270629
0.0822403
0.0603255
3.15119
0.138115
0.120219
0.0928641
0.165997
0.0856291
0.0477406
0.081317
0.166445
0.177349
0.0496927
0.308237
0.193898
0.140545
0.156613
0.099783
0.108691
0.0730559
0.162725
0.195222
0.162524
0.156857
0.106125
0.0991023
0.0489672
0.0231587
0.103785
0.136912
0.0155884
3.05227
0.100687
0.128907
0.116455
0.0651203
0.0805981
0.0652722
0.0438037
0.0762905
0.0975817
0.166676
0.199159
0.0139115
0.0541557
0.217776
0.0771258
0.083253
0.092642
0.247658
0.116114
0.0220955
0.11558
0.163706
0.171532
0.145689
0.14684
0.170076
0.297031
0.0338773
0.308305
0.151195
0.18568
0.0443991
0.0433565
0.164101
3.13633
0.0288502
0.164149
0.0756455
0.0662257
0.0199455
0.146249
0.0170414
0.0883026
0.0600973
0.104054
0.0953359
0.185297
0.0563645
0.0901366
0.203702
0.134852
0.062858
0.136703
0.138922
0.123582
0.151195
0.127598
0.0853739
0.137067
0.185247
0.0575574
0.152038
0.151536
0.0507901
0.0997787
0.14881
0.0565392
0.048991
0.149966
0.0544989
0.0961279
0.0899667
0.023964
0.103649
0.0387953
0.0944806
0.138246
0.0962744
0.0427136
0.0878449
0.0381021
0.0646703
0.0182579
0.114542
0.13543
0.0375661
0.107688
0.0132301
0.0432966
0.101907
0.124145
0.0239643
0.205082
0.064255
0.0333728
0.133549
0.120851
0.0896341
0.0766648
0.128754
0.0453779
0.104566
0.186898
0.115785
0.104468
0.172476
0.149694
0.039234
0.181938
0.142234
0.0497113
0.177818
0.0320577
0.0679955
0.14928
0.0575134
0.177145
0.176286
0.168048
0.0961741
0.167342
0.0716636
0.136281
0.0189305
0.1182
0.0951424
0.149923
0.126763
0.0609228
0.0463344
0.0872268
0.151647
0.116126
0.153825
0.111021
0.0378684
0.0700862
0.163298
0.111538
0.141466
0.0668835
0.0752516
0.130714
0.0714095
0.0728696
0.0746248
0.124376
0.0865919
0.121037
0.0937758
0.11681
0.127656
0.112413
0.0881632
0.0759896
0.0389861
0.146033
0.0987905
0.110729
0.0932862
0.0952529
0.0608713
0.0943188
0.139487
0.0794904
0.127454
0.123724
0.125397
0.106096
0.0673496
0.0966742
0.0490813
0.144556
0.059563
0.0708055
0.114584
0.109689
0.0385706
0.104664
0.127965
0.0256788
0.0849984
0.123862
0.0479846
0.0695216
0.113129
0.0996313
0.0488081
0.102159
0.145013
0.0340121
0.050498
0.110214
0.0903229
0.11599
0.0566957
0.0518993
0.123328
0.106992
0.0642666
0.15328
0.117927
0.0899507
0.098374
0.069701
0.0753287
0.0981387
0.152465
0.121948
0.132425
0.0999919
0.15587
0.0577149
0.0764239
0.0879742
0.137346
0.141376
0.170183
0.143189
0.0727743
0.04367
0.0972755
0.0377337
0.121249
0.118638
0.0338874
0.0119064
0.155565
0.158018
0.0940019
0.0830982
0.140549
0.177931
0.154996
0.09097
0.130596
0.127294
0.156275
0.104451
0.0977681
0.293803
0.0748201
0.105696
0.0752207
0.151588
0.0529932
0.0281108
0.0392771
0.0560487
0.125032
0.240011
0.0616898
0.0680982
0.0731524
0.0511847
0.0755013
0.0564845
0.0584558
0.128101
0.0784876
0.0396327
0.128636
0.0967731
0.0158234
0.0797401
0.13223
0.0825304
0.0326074
0.0976957
0.171584
0.0838988
0.0522863
0.063743
0.137333
0.0782805
0.0912692
0.0911809
0.139522
0.216182
0.025588
0.0306475
0.178421
0.1076
0.102389
0.0785459
0.14628
0.103322
0.0735624
0.156998
0.095775
0.0643321
0.0856464
0.0200466
0.0660604
0.0552015
0.0662896
0.0952311
0.162577
0.015762
0.0290632
0.132753
0.15442
0.161996
0.118229
0.0279868
0.0937129
0.112712
0.138575
0.0956647
0.103931
0.041344
0.0127859
0.079625
0.183654
0.128388
0.194807
0.130194
0.0658319
3.13015
0.0995324
0.105108
0.108839
0.139228
0.0491898
0.13303
0.175389
0.082633
0.0132416
0.189191
0.203613
0.142134
0.103916
0.060676
0.109966
0.075097
0.122164
0.0982762
0.039213
0.0558815
0.150205
0.123089
0.0868506
0.0999209
0.128015
0.142771
0.118135
0.0873492
0.100065
0.0688447
0.146029
0.101276
0.174724
0.0371269
0.0468092
0.0813692
0.107065
0.0860001
0.0591407
0.0591667
0.167666
0.0628922
0.0541582
0.126663
0.0996094
0.135652
0.419651
0.106483
0.034486
0.137156
0.0504152
0.101825
0.167465
0.146472
0.149827
0.0930518
0.0753365
0.0990466
0.0607682
0.116025
0.13429
0.0768722
0.106871
0.131555
0.141072
0.0456876
0.101385
0.0429289
0.029352
0.0693693
0.11001
0.142897
0.0243045
0.0462404
0.133983
0.09417
0.0662693
0.0452883
0.109524
0.130999
0.0511685
0.150323
0.138936
0.0673047
0.08993
0.0938845
0.112316
0.117756
0.163679
0.123272
0.139016
0.267363
0.0241497
0.0583817
0.046982
0.122074
0.179965
0.1398
0.114765
0.0726699
0.0723251
0.132353
0.0784967
0.109112
0.165895
0.081593
0.118052
0.0756197
0.106955
0.0957796
0.0891966
0.0968787
0.158447
0.0433221
0.0444612
0.0974244
0.0975995
0.10877
0.0769172
0.0936016
0.138461
0.0832944
0.0705471
0.147502
0.14473
0.0269637
0.0693518
0.163376
0.142893
0.0349682
0.13509
0.0768032
0.0588821
0.0709533
0.0814117
0.0502313
0.0376002
0.138941
0.236394
0.0723329
0.0806982
0.195899
0.0806187
0.143774
0.135104
0.144829
0.0790495
0.173277
0.113631
0.18378
0.108623
0.129745
0.302406
0.11758
0.107493
0.144707
0.173274
0.0626502
0.0403631
0.0803586
0.0713504
0.13029
0.152215
0.192489
0.17822
0.0706046
0.114113
0.0980249
0.167297
0.112645
0.0483057
0.205145
0.130877
0.130922
0.20934
0.515412
0.0844317
0.28824
0.169858
0.0887037
0.0939805
0.143215
0.070532
0.101916
0.10395
0.117108
0.0520269
0.0649128
0.1342
0.137344
0.0208141
0.186497
0.067659
0.0913508
0.0737243
0.0838315
0.0368353
0.146682
0.159283
0.126015
0.132666
0.22815
0.132183
0.118339
0.138256
0.1523
0.0864519
0.341086
0.0616244
0.16503
0.0988992
0.1878
0.0961813
0.0352694
0.11267
0.0997829
0.0670801
0.102753
0.0801247
0.0906387
0.0604496
0.0711051
0.0414984
0.129202
0.160688
0.0351775
0.0277254
0.129532
0.0427685
0.0990405
0.119184
0.0819102
0.109364
0.148928
0.0860123
0.0219195
0.139381
0.15012
0.123957
0.0474692
0.0855082
0.0948206
0.108638
0.0955533
0.0973929
0.146538
0.108758
0.141892
0.170788
0.0719955
0.0479468
0.179818
0.0602644
0.094076
0.0498344
0.0824862
0.090551
0.102305
0.108532
0.0689734
3.16596
0.0824294
0.189192
0.0548283
0.0993397
0.101709
0.0284627
0.150487
0.125287
0.17019
0.179565
0.081313
0.0072136
0.0225554
0.115952
0.101624
0.181322
0.154712
0.102676
0.0716017
0.110703
0.0558631
0.0267214
0.0449314
0.0929949
0.016318
0.12346
0.0269775
0.170101
0.373914
0.153969
0.0932468
0.104401
0.137685
0.090511
0.0873954
0.181816
0.0728418
0.0799069
0.132479
0.109973
0.0861709
0.187885
0.12
0.113431
0.0490732
0.0974335
0.179123
0.169449
0.0915895
0.0911374
0.0611608
0.088491
0.081272
0.153445
3.07743
0.0964282
0.196489
0.185728
0.173305
3.1184
0.263752
0.0751141
0.0743292
3.07012
0.12889
0.0907432
0.0790017
0.0782889
0.100723
0.0975739
0.100179
0.149462
0.214191
0.125288
0.274654
0.113306
0.0430661
0.146056
0.0916698
3.17055
0.0769125
0.123039
0.0758002
0.0892868
0.170432
0.0207715
0.0277051
0.0670939
0.116331
0.110188
0.158993
0.277426
0.113533
0.176987
0.131447
0.183641
0.0943764
0.136312
0.262668
0.174999
0.152152
0.141392
0.066131
0.133446
3.14782
0.0298407
0.132648
0.159328
0.183699
0.0283641
0.169308
0.133803
0.0559119
0.116735
0.134449
0.129255
0.0431522
0.0999664
0.168678
0.109212
0.101339
0.149898
0.109184
0.305376
0.152036
0.137618
0.130787
0.197711
0.0177515
0.0519994
0.164443
0.0384597
0.0787353
0.0631954
0.116835
0.0484525
0.080129
0.0789977
0.0080431
0.0799917
0.0260415
0.136702
0.106502
0.0838803
0.128938
0.0352155
0.156178
0.162757
0.138058
0.125032
0.0910803
0.10717
0.0837061
0.0324562
0.128396
0.13606
0.116059
0.1749
0.11921
0.220858
0.189431
0.0110039
0.154634
0.123272
0.190475
0.103589
0.243265
0.0315756
0.106672
0.112649
0.0484337
0.119896
0.0194334
0.0828242
0.0669432
0.0492155
0.0340885
0.124998
0.029761
0.103774
0.0843635
0.0719353
0.0617823
0.0680439
0.118982
0.085802
3.12594
0.0263285
0.21537
0.0888656
0.0630125
0.135907
0.119187
0.0729642
0.100374
0.0639849
0.0908175
0.167008
0.146514
0.0907153
0.143229
0.137305
0.102743
0.126046
0.217397
0.194352
0.173868
0.0491691
0.154593
0.08799
0.168854
0.143801
0.0788193
0.145291
0.176987
0.045925
0.116893
0.0690077
0.197037
0.0501214
0.101387
0.152511
0.193123
0.128076
0.129934
0.0310219
0.12102
0.126714
0.172008
0.0686268
0.0744359
0.146526
0.105424
0.0400394
0.062471
0.114641
0.124677
0.130891
0.0351158
0.0209373
0.102828
0.180316
0.0587755
0.0879668
0.0442209
0.11087
0.117873
0.199591
0.134055
0.152003
0.148935
0.194958
0.0876596
0.0841539
0.176408
0.128642
0.217279
0.0477593
0.116243
0.106016
0.0513586
0.0579874
0.0356777
0.101634
0.127046
0.133691
0.0735644
0.131503
0.131409
0.0776477
0.226041
0.0645478
0.129675
0.181092
0.0630315
0.108079
0.0106201
0.0552116
0.0566402
0.0567225
0.065518
0.1198
0.0477831
0.0418215
0.0528295
0.0889156
0.0743226
0.187722
3.13628
0.0401252
0.0764997
0.161382
0.0475219
0.0711062
0.0761922
0.10905
0.0840137
0.193206
0.121783
0.0633968
0.11997
0.0315915
0.101356
0.0662336
0.120186
0.156609
0.182081
0.0673691
0.198729
0.15894
0.0735781
0.165917
0.11838
0.0394099
0.122874
0.0710619
0.0595104
3.08779
0.195214
0.0460375
0.0788563
0.0920172
0.046352
0.0358553
0.108621
0.100284
0.128423
0.0451571
0.188885
0.133673
0.0680653
0.0315974
0.16887
0.0450944
0.214858
0.0320535
0.0483793
0.0693224
0.0240487
0.0868785
0.0808444
0.0302326
0.206007
0.0588104
0.0905666
0.0573294
0.0569078
0.0603991
0.0881526
0.041278
0.0966582
0.0603767
0.137082
0.0825453
0.187711
0.0075135
0.0663859
0.0632075
0.0634647
0.086193
0.125252
0.16375
0.147525
0.129148
0.156692
0.122289
0.102452
0.12988
0.181495
0.0633474
0.0644574
0.162376
0.106281
0.0876813
0.0209872
0.0987287
0.27822
0.00761103
0.160958
0.100505
0.055309
0.134456
0.064689
0.0274931
0.0798466
0.020627
0.184308
0.0961657
0.190883
0.0600729
0.0853158
0.216395
0.0600613
0.0591855
0.148709
0.194958
0.0536081
0.0903724
0.0510181
0.0995528
0.164503
0.0916748
0.0646418
0.232502
0.0980534
0.0807871
0.229676
0.166097
0.053909
0.0915289
0.253762
0.0622761
0.0626374
0.0714808
0.233013
0.0832139
0.0904405
0.0858119
0.106942
0.103701
0.133465
0.121633
0.0634223
0.0587498
0.150758
0.0693596
0.136505
0.0585374
0.0850863
0.11995
0.0453082
0.108472
0.124173
0.0798456
0.0876321
0.169782
0.156607
0.0559839
0.155594
0.174374
0.0886141
0.0388207
0.0184536
0.0406345
0.0285945
0.145952
0.124623
0.0710881
0.0651032
0.137771
0.101154
0.0925579
0.069818
0.0317007
0.111306
0.0501538
0.200109
0.0549536
0.111255
0.203423
0.0498344
0.104452
0.0384727
0.0426929
0.0935039
0.0848868
0.133331
0.0735832
0.167435
0.0469594
0.201247
0.175949
0.0637484
0.0982068
0.0483151
0.0349683
0.154031
0.248418
0.0288774
0.237237
0.0459172
0.146669
0.0550155
0.268353
3.11179
0.085032
0.0655906
0.0546085
0.146085
0.0882519
0.0254334
0.166133
0.0551424
0.0797694
0.0872019
0.136325
0.0699336
0.176346
0.0926553
0.098183
0.0158535
0.0776461
0.0430882
0.0828307
0.133323
0.0634223
0.127025
0.163858
0.25742
0.12669
0.0903713
0.0922295
0.175788
0.139005
0.0962273
0.0672361
0.108436
0.0321797
0.138164
0.294782
0.0908163
0.121336
0.0529538
0.0126042
0.114752
0.10606
0.0903348
0.104969
0.164307
0.109444
0.0723373
0.119424
0.183419
0.127427
0.24633
0.07604
0.0356859
0.137521
0.0841705
0.181848
0.135665
0.138768
0.119221
0.0887048
0.272002
0.0944001
0.0627982
0.0290647
0.068351
0.0700622
0.189555
0.141397
0.0777681
0.100124
0.224922
0.162782
0.0407559
0.03058
0.160772
0.152257
0.207448
0.0565373
0.0761019
0.14597
0.0743473
0.178641
0.073099
0.0192875
0.109731
0.118361
0.0312034
0.0410791
0.0686164
0.0333858
0.114127
0.063919
0.183368
0.188945
0.0653559
0.0714824
0.104955
0.149458
0.0754531
0.120901
0.111583
0.18184
0.117209
0.112972
0.110599
0.0690556
0.028939
0.171361
0.0931555
0.0975628
0.216466
0.0352743
0.108705
0.200278
0.0274428
0.0503084
0.0552086
0.164294
0.103408
0.133262
0.176509
0.0738317
0.0758154
0.155907
0.0422229
0.0752436
0.074552
0.126197
0.080524
0.0345792
0.0980141
3.12283
0.176031
0.0787464
0.133883
0.260168
0.15665
0.028513
0.0669421
0.126619
0.0925841
0.0726301
0.15303
0.123002
0.100974
0.155324
0.166898
0.0533691
0.145739
0.110995
0.242612
0.0998628
0.167052
0.178027
0.0691344
0.0655069
0.205011
0.0689648
0.106545
0.0944853
0.0312399
0.233395
0.0993786
0.137757
0.219967
0.177102
0.175583
0.0263539
0.124079
0.171722
0.135388
0.123027
0.116075
0.15537
0.219167
0.181559
0.125303
0.0649675
0.102051
0.178929
0.086229
0.0871486
0.127074
0.17911
0.12078
0.097946
0.113446
0.0485496
0.00663433
0.125948
0.212199
0.104975
0.200627
0.109799
0.13175
0.105659
0.0692656
0.114895
0.107062
0.0289904
0.0904196
0.11595
0.042592
0.0378764
0.0808275
0.075534
0.10141
0.210145
0.0984902
0.0381301
0.146311
0.0783949
0.0537136
0.0961805
0.137671
0.0892185
0.0192942
0.147553
0.0448578
0.141167
0.107142
0.15028
0.156361
0.0788127
0.118315
0.0255309
0.160339
0.149807
0.0181418
0.09457
0.0861988
0.0435539
0.0434517
0.235976
0.0753794
0.0648375
0.0521089
0.0911865
0.173609
0.0863757
0.0569476
0.134233
0.02835
0.15623
0.204106
0.101094
0.139619
0.0960365
0.0552777
0.116259
0.153569
0.159414
0.011091
0.081717
0.0725536
0.0780659
0.23194
0.160736
0.0265192
0.322058
0.0610061
0.090997
0.126466
0.135322
0.120401
0.0478277
0.0444094
0.0507095
0.0379284
0.118764
0.0413857
0.0422129
0.113672
0.128818
0.0823244
0.0511929
0.0955819
0.0639091
0.0647354
0.044307
0.0334718
0.0382545
0.147629
0.119582
0.0571641
0.102031
0.176015
0.042762
0.0839957
0.0700342
0.0305143
0.0963678
0.0865624
0.166572
0.0812745
0.120074
0.0534087
0.057296
0.0618357
0.147988
0.141335
0.0781143
0.0738978
0.163202
0.0622092
0.0347185
0.10311
0.110985
0.187603
0.096469
0.0741184
0.160351
0.133296
0.131625
0.0657635
0.0969176
0.16518
0.0435393
0.034801
0.0745382
0.104804
0.0896338
0.0730187
0.0928025
0.0850066
0.103888
0.0834071
0.100177
0.200762
0.041056
0.0508077
0.102793
0.0677219
0.102655
0.0918952
0.117737
0.0804563
0.0728407
0.181984
0.0664807
0.167592
0.192681
0.0935709
0.0997988
0.0854175
0.188373
0.0413197
0.119834
0.0635033
0.0867681
0.0261251
0.0804442
0.175374
0.146263
0.108521
0.0910711
0.0959369
0.0894795
0.142401
0.168349
0.118828
0.035765
0.184248
0.187371
0.0438942
0.130626
0.101219
0.0879751
0.0790713
0.218803
0.13419
0.0526803
0.0885763
0.0911283
0.0979104
0.0611684
0.152784
0.0789792
0.0912535
0.184151
0.0594431
0.0991117
0.0769606
0.132934
0.114316
0.0445072
0.0547106
0.089789
0.0959836
0.0429262
0.0647652
0.205645
0.15883
0.186872
0.142218
0.0730168
0.0864646
0.213507
0.120024
0.0371656
0.1769
0.16003
0.193467
0.192719
0.157169
0.0970253
0.0775832
0.0295132
0.237432
0.197757
0.0778779
0.26554
0.0893871
0.0713669
0.168613
0.124282
0.12346
0.122532
0.0207306
0.267929
0.115858
0.200901
0.129266
0.210711
0.0485353
0.155453
0.122649
0.127707
0.0803142
0.131042
0.0495991
0.0294461
0.106616
0.0680539
0.155783
0.205993
0.0395559
0.156736
0.0555064
0.100898
0.142979
0.0653143
0.130517
0.110928
0.184644
0.0524521
0.170476
0.0504494
0.0387955
0.0278709
0.0980936
0.095866
0.13281
3.10899
0.0443558
0.122127
0.0819115
0.192729
0.076102
0.113433
0.122292
0.125779
0.048186
0.0889225
0.128406
0.0969147
0.132263
0.0956131
0.0844682
0.0622697
0.0324359
0.0502546
0.204787
0.110828
0.0880703
0.0669186
0.0266595
0.0189505
0.214833
0.0129059
0.119323
0.199149
0.0569693
0.0808717
0.0356818
0.103421
0.0756467
0.169617
0.0725771
0.212548
0.110526
0.145774
0.209711
0.118226
0.0410252
0.0808444
0.133292
0.0884224
0.101093
0.179893
0.118549
0.111987
0.0935688
0.0912895
0.10452
0.0936178
0.0864388
0.0378565
0.0525555
0.0186788
0.149915
0.15576
0.0922298
0.0752467
0.150032
0.0799388
0.129588
0.12513
0.0518634
0.0293638
0.0247616
0.109914
0.0350035
0.0720883
0.134219
0.122999
0.0238697
0.103959
0.148205
0.104975
0.155751
0.102941
0.108495
0.0797733
0.0691583
0.230119
0.181151
0.138837
0.115963
0.166433
0.016828
0.130249
0.106392
0.169564
0.0485712
0.0871413
0.185765
0.154897
0.140939
0.0723896
0.0928973
0.131892
0.190144
0.231729
0.0783369
3.13132
0.0952687
0.0331395
0.0343162
0.116644
0.22544
3.10001
0.0444956
0.117194
0.162482
0.0823384
0.120911
0.12003
0.0986999
0.161381
0.0965626
0.0217661
0.0971926
0.0491614
0.0407634
0.0575735
0.140009
0.12915
0.167873
0.111714
0.144037
0.0654417
0.0901483
0.123562
0.173525
0.125671
0.131859
0.0798505
0.0425146
0.0596583
0.110389
0.240855
0.210186
0.172175
0.0318232
0.0639598
0.127662
0.0163556
0.0637149
0.0773873
0.135348
0.102014
3.09405
0.00861149
0.112659
0.0484235
0.0410973
0.082071
0.257684
0.059789
0.208177
0.098429
0.0524653
0.0189159
0.0683294
0.219471
0.0280727
0.133404
0.063337
0.0731723
0.137858
0.160727
3.09496
0.0992412
0.0695725
0.0203963
0.015161
0.0476259
0.222994
0.151531
0.128799
0.0476674
0.180846
0.0223251
0.0102854
0.0911531
0.191157
0.0883757
0.0589759
0.167057
0.0263011
0.101952
0.133025
0.0694526
0.142719
0.285661
0.0687592
0.184438
0.0937049
0.14468
0.0348028
0.0114997
0.0918606
0.111004
0.154304
0.0888807
0.100469
0.083862
0.194582
0.164489
0.0974189
0.12251
0.0758832
0.233949
0.100878
0.131644
0.154739
0.012291
0.0617953
0.121483
0.138108
0.037156
0.0470395
0.043782
0.0564573
0.0811817
0.0927055
0.11339
0.0527532
0.0959406
0.121528
0.0545872
0.0382504
0.111817
0.145239
0.0361249
0.0220675
0.0758799
0.0647565
0.115974
0.0766
0.131311
0.133521
0.246057
0.128093
0.248585
0.108137
0.145037
0.141703
0.0391899
0.107661
0.192994
0.170792
0.11411
0.131057
0.207521
0.0591283
0.0348978
0.168242
0.0306454
0.134926
0.0654921
0.151707
0.0465064
0.0366747
0.0819638
0.21637
0.0242957
0.0234141
0.10657
0.0663237
0.0415937
0.172206
0.112575
0.150176
0.178917
0.115798
0.0649909
0.134232
0.19175
0.165943
0.0868219
0.21868
0.0623668
0.150059
0.0317594
0.0271435
0.127907
0.0431172
0.105061
0.116789
0.194235
0.085356
0.153198
0.155787
0.0693602
0.109084
0.164264
0.152718
0.180312
0.0111543
0.169993
0.182627
0.0646596
0.112374
0.191724
0.0706731
0.0681293
0.140042
0.16969
0.164003
0.125549
0.105053
0.145456
0.139797
0.020646
0.0627505
0.0860084
0.0857819
0.135252
0.238578
0.0501359
0.105898
0.0150326
0.104046
0.0771524
0.0273877
0.0323258
0.208535
0.200233
0.0761803
0.0897679
0.145723
0.198723
0.178653
0.180375
0.0400037
0.143756
0.210161
0.184534
0.116997
0.101854
0.109316
0.228402
0.179965
0.15721
0.0226839
0.120307
0.0757244
0.118905
0.0806897
0.104558
0.128539
0.111306
0.128936
0.10936
0.040577
0.106415
0.068129
0.0625319
0.037551
0.167363
0.123553
0.11353
0.140619
0.145489
0.0601707
0.20262
0.144125
0.0527328
0.108298
0.0773178
0.229404
0.069378
0.103875
0.145232
0.0727426
0.0576597
0.162567
0.120634
0.131545
0.211682
0.0538046
0.0428163
0.163424
0.188403
0.0368641
0.165296
0.173709
0.0654286
0.140834
0.0400368
0.144422
0.138867
0.136776
0.0292769
0.086933
0.113185
0.0940811
0.111022
0.0570918
3.13063
0.174862
0.0650263
0.192524
0.169004
0.154989
0.0820464
0.038428
0.119354
0.0548238
3.09428
0.0946262
0.181978
0.0589043
0.146811
0.0491913
0.173574
0.102299
0.16052
0.125602
0.0320357
0.0478655
0.158276
0.105464
0.0891026
0.101896
0.0770045
0.144041
0.0595553
0.0169058
0.0531648
0.164544
0.0598645
0.132265
0.0683053
0.136466
0.0488114
0.0560498
0.0863444
0.0257057
0.121141
0.151958
0.102962
0.135178
0.109361
0.130251
0.121413
0.0775698
0.177479
0.22394
0.0636387
0.124788
0.187472
0.108788
0.126708
0.0721875
0.126025
0.0265554
0.070729
0.0206365
0.223762
0.0849292
0.0499951
0.158834
0.106352
0.1054
0.0872937
0.0521718
0.13862
0.109062
0.0819985
0.116033
0.16253
0.169452
0.0495399
0.0874454
0.0267234
0.126715
0.123741
0.226935
0.148668
0.105733
0.0604155
0.177911
0.015127
0.131952
0.0606838
3.12664
0.0394322
0.0877496
0.0503584
0.0834113
0.101451
0.0349312
0.152514
0.0768141
0.0616288
0.185036
0.0359376
0.1767
0.152744
0.0627347
0.160534
0.151711
0.0384697
0.135749
0.107038
0.186505
0.17761
0.0755729
0.214874
0.0709481
0.109092
0.243962
0.107728
0.0441808
0.196637
0.132133
0.152301
0.0395812
0.222955
0.158376
0.0749341
0.0833434
0.0464893
0.174153
0.0765538
0.0417035
0.220095
0.117048
0.103558
0.200093
0.165129
0.0504512
0.0241414
0.0585722
0.102813
0.0274425
0.104128
0.0128013
0.102404
0.109406
0.087231
0.118239
0.0518919
0.139166
0.141204
0.144833
0.0671004
0.077478
0.0226143
0.0554243
0.0619093
0.0606125
0.130557
0.14659
0.0618652
0.147733
0.0553631
0.0762497
0.138824
0.124369
0.0549347
0.195913
0.176355
0.125599
0.042482
0.0249526
0.0876628
0.191334
0.0920482
0.0175489
0.114662
0.149402
0.129699
0.12729
0.182895
0.0393616
0.0257602
0.0868584
0.0921787
0.112219
0.0752205
0.139815
0.18996
0.0754885
0.102419
0.0699827
0.0332936
0.107689
0.195145
0.222474
0.0442127
0.0895232
0.0212671
0.1304
0.0315357
0.124594
0.0762659
0.133746
0.0429189
0.0649166
0.199112
0.219067
0.10059
0.0919237
0.0180752
0.276924
0.0797943
0.0549193
0.126406
0.0787036
0.043161
0.0866176
0.0903424
0.0716235
0.152176
0.0938406
0.0984666
0.0414212
0.170555
0.0823453
0.194834
0.0824654
0.152186
0.0520749
0.0235799
0.161343
0.0416138
0.0706186
0.216163
0.167737
0.0351048
0.208922
0.0838281
0.132172
0.0503231
0.068873
0.281183
0.0604865
0.109887
0.135573
0.0211794
0.174666
0.0535104
0.157474
0.107092
0.030371
0.0495228
0.11156
0.0840054
0.0899149
0.0951394
0.161898
0.204871
0.094972
0.0912432
0.155504
0.0602485
0.125685
0.0754533
0.0897347
0.021333
0.108477
0.0842695
0.191349
0.104536
0.109831
0.0727373
0.0766714
0.0768577
0.136102
0.171426
0.164073
0.0937528
0.0579234
0.0350155
0.0566734
0.0405249
0.113207
0.0373545
0.113943
0.0449748
0.0639903
0.110611
0.0702398
0.0669592
0.0810357
0.12406
0.165681
0.0331762
0.0860237
0.117092
0.126272
0.0529997
0.185962
0.104767
0.0473815
0.0210313
0.180158
0.13546
0.0432942
0.160185
0.0905057
0.0679148
0.0832843
0.196546
0.121305
0.0460385
0.210077
0.0536391
0.074564
0.147625
0.0445224
0.143212
0.104981
0.0334774
0.219887
0.0745833
0.0450671
0.0650274
0.0920564
0.14638
0.115404
0.0771718
0.0717188
0.0441032
0.111966
0.0355363
0.0490234
0.150024
0.0514439
0.12384
0.136518
0.109564
0.0215849
0.155208
0.194597
0.0997737
0.0698723
0.127937
0.10845
0.126883
0.119182
0.105816
0.15997
0.0211885
0.154766
0.120565
0.0642741
0.0453935
0.0396868
0.0525921
0.0612315
0.090201
0.112215
0.0833699
0.0528384
0.0690472
0.171495
0.0745412
0.0779858
0.0537929
0.128511
0.0987247
0.114691
0.0645057
0.0992717
0.0845044
0.0730206
0.0989848
0.121982
0.0827698
0.0255257
0.113262
0.0572979
0.0730109
0.0843101
0.170699
0.136347
0.0432489
0.0350045
0.0679728
0.110752
0.0926287
0.0975942
0.0320986
0.103767
0.0654446
0.00891464
0.115879
0.0964435
0.077824
0.176961
0.0819351
0.174877
0.0678338
0.0195357
0.0454838
0.165522
0.102746
0.118114
0.0290319
0.085642
0.0982926
0.125777
0.124496
0.0483863
0.119359
0.0896641
0.0555317
0.124751
0.183174
0.103901
0.190273
0.0836937
0.146809
0.158685
0.106304
0.143417
0.211598
0.0523324
0.0235591
0.0951736
0.108727
0.101517
0.103827
0.190326
0.164488
0.0870361
0.0903057
0.091681
0.133706
0.0878421
0.0748077
0.0841076
0.0980722
0.0437209
0.0694597
0.144299
0.0468124
0.0819358
0.0675773
0.11696
0.0697052
0.0616804
0.155818
0.180473
0.0604944
0.0253531
0.122941
0.130896
0.0154695
0.0363452
0.108756
0.171742
0.0444474
0.102509
0.142312
0.117944
0.0946526
0.0388725
0.198101
0.0817264
0.0481032
0.0767233
0.0904269
0.142725
0.109831
0.145534
0.0816925
0.0660295
0.21253
0.0632845
0.0323597
0.0983095
0.106926
0.0499688
0.10517
0.126367
0.0313775
0.0931039
0.0876201
0.0808007
0.0163377
0.128067
0.0706222
0.116859
0.0891869
0.11414
0.103817
0.0539924
0.0415286
0.0130296
0.127951
0.0358671
0.084795
0.0356223
0.0644026
0.0971982
0.0836044
0.141004
0.0424625
0.0455389
0.100447
0.0495617
0.0251891
0.0789302
0.0419074
0.109272
0.051092
0.123749
0.0332456
0.111174
0.0533611
0.132813
0.129149
0.0984282
0.160073
0.086623
0.112292
0.0641035
0.0591671
0.0569507
0.0304847
0.0737185
0.0267589
0.095398
0.0940491
0.11948
0.0917484
0.0280402
0.147603
0.0618051
0.0948588
0.0537057
0.109762
0.182869
0.0516905
0.0808183
0.0529824
0.14825
0.162758
0.0136181
0.068748
0.148724
0.0875559
0.142459
0.214535
0.107814
0.0859825
0.0996514
0.0226454
0.0938026
0.0289106
0.0524796
0.0710342
0.133937
0.19176
0.086244
0.0330758
0.0589043
0.082883
0.0676799
0.0468908
0.101974
0.0415845
0.0926523
0.193034
0.18495
0.0474421
0.0970408
0.00676705
0.0832971
0.116637
0.102537
0.113002
0.0350434
0.216153
0.177646
0.130335
0.156562
0.0743018
0.102609
0.0344259
0.0625483
0.0533898
0.128846
0.0169175
0.131401
0.0163751
0.111802
0.113014
0.231413
0.138486
0.0769449
0.0631415
0.14962
0.0964383
0.161145
0.120131
0.142175
0.0917465
0.0516736
0.197002
0.10765
0.0745852
0.136366
0.135263
3.06448
0.0611408
0.123755
0.131179
0.0555426
0.103901
0.0624945
0.0599809
0.115371
0.0809124
0.122341
0.0912709
0.120577
0.079201
0.223792
0.0275148
0.0793473
0.051081
0.0449466
0.161279
0.057901
0.0528642
0.192602
0.0581327
0.0289805
0.0190598
0.0939594
0.133798
0.127939
0.189192
0.0458268
0.164117
0.0602526
0.108764
0.19647
0.0775788
0.0885499
0.168019
0.231721
0.0841105
0.027416
0.0256737
0.106887
0.119782
0.12217
0.0465008
0.0559633
0.106095
0.0957974
0.181898
0.108552
0.0292043
0.176182
0.113303
0.091311
0.0675374
0.027819
0.156694
0.0499486
0.162242
0.131475
0.0507013
0.0206544
0.180442
0.078952
0.236304
0.0695856
0.101358
0.0985804
0.124423
0.171522
0.0727937
0.135722
0.121661
0.0621783
0.0622768
0.0736819
0.174404
0.0924777
0.116919
0.0874088
0.188141
0.156183
0.0743088
0.114576
0.0658891
0.208402
0.061255
0.121667
0.077326
0.100712
0.0806148
0.106407
0.0592898
0.0741592
0.127322
0.12425
0.143156
0.128736
0.0843795
0.0925052
0.0837831
0.144554
0.121889
0.11443
0.084928
0.0407077
0.14368
0.0789348
0.117267
0.0749184
0.126027
0.120961
0.0971572
0.140124
0.14086
0.0598524
0.100829
0.112386
0.137461
0.0398893
0.14717
0.0665795
0.126386
0.0583091
0.0406424
0.174653
0.138117
0.141877
0.0160231
0.0733692
0.142561
0.181518
0.138138
0.0527938
0.148694
0.0497112
0.110622
0.0545072
0.136636
0.125746
0.0751
0.129111
0.0622835
0.0753358
0.0945572
0.121651
0.120454
0.188163
0.0640395
0.0774343
0.0778719
0.143425
0.141491
0.171245
0.0985843
0.129097
0.0891677
0.0413682
0.131618
0.121391
0.0746109
0.125076
0.143294
0.129132
0.103523
0.0947934
0.113733
0.0671307
0.021345
0.102919
0.0484354
0.139898
0.123029
0.0597708
0.0951001
0.093727
0.0951263
0.0773515
0.112439
0.0784401
0.0159776
0.125177
0.0186169
0.0645009
0.0981538
0.111852
0.164745
0.152315
0.0614065
0.0992127
0.145615
0.0359364
0.141109
0.0883881
0.092436
0.122109
0.0973625
0.0652038
0.0547457
0.141877
0.0932548
0.0313847
0.214955
0.18028
0.042045
0.110041
0.133892
0.123661
0.0315316
0.104923
0.190152
0.0406529
0.0103042
0.149969
0.0894227
0.119327
0.169057
0.135395
0.134552
0.0774385
0.110926
0.179872
0.125595
0.138501
0.126379
0.0557274
0.152419
0.124005
0.0690373
0.0505446
0.0503829
0.0674799
0.0620308
0.141125
0.0697372
0.114996
0.0845366
0.126272
0.132349
0.126397
0.131074
0.171241
0.142331
0.146239
0.144984
0.091938
0.158803
0.0450482
0.159375
0.0651484
0.173156
0.102379
0.0243351
0.18354
0.0767471
0.115427
0.0758411
0.097938
0.129288
0.125305
0.0672734
0.0440469
0.0287822
0.170466
0.0280193
0.153134
0.0991239
0.0536065
0.057393
0.177286
0.0796689
0.0869461
0.0721428
0.115224
0.0422778
0.0928517
0.145657
0.154515
0.251376
0.139446
0.124205
0.263955
0.1183
0.0562759
0.0770734
0.115311
0.0532262
0.214222
0.0240089
0.23121
0.112476
0.0943828
0.0716202
0.163093
0.166922
0.0691383
0.153981
0.137299
0.228794
0.0710172
0.12115
0.0856966
0.0969533
0.072663
0.117279
0.0791536
0.192779
0.140338
0.0449696
0.100524
0.106132
0.132849
0.0711456
0.0366695
0.167779
0.0507853
0.0180061
0.0633425
0.14386
0.0697761
0.113653
0.0439847
0.0684553
0.0636156
0.084358
0.0856746
0.0584818
0.132176
0.0429619
0.0337697
0.101533
0.0708266
0.101776
0.116204
0.169305
0.00964864
0.158037
0.0321052
0.16344
0.125019
0.237729
0.176202
0.0741926
0.0627534
0.128842
0.0720846
0.10718
0.0871505
0.0747271
0.132513
0.118541
0.094074
0.0866509
0.0689834
0.0363204
0.112473
0.0725833
0.0857715
0.103545
0.15581
0.16971
0.12125
0.091241
0.0625986
0.11098
0.0146024
0.195036
0.142851
0.111014
0.229111
0.046628
0.101088
0.275027
0.150117
0.142719
0.0336343
0.138566
0.0858676
0.209336
0.156435
0.178835
0.0436354
0.0120047
0.148582
0.174963
0.110228
0.0887461
0.148615
0.0564027
0.0632163
0.231411
0.121937
0.102111
0.104079
0.0563889
0.134509
0.119109
0.124867
0.0664
0.103931
0.0947538
0.165705
0.0628554
0.122284
0.175627
0.120607
0.0494327
0.0707014
0.090292
0.12034
0.0591458
0.0864358
0.0721533
0.204718
0.0562356
0.0524028
0.137661
0.170941
0.124034
0.2001
0.0644647
0.18675
0.0265926
0.0869953
0.0194487
0.159949
0.104903
0.109118
0.0513732
0.14271
0.113821
0.0726347
0.0743206
0.14182
0.0335372
0.0450876
0.0636406
0.00843693
0.0354049
0.0547377
0.0130416
0.073624
0.0180918
0.107789
0.0744721
0.0784943
0.0951559
0.19294
0.0552768
0.0680118
0.0879982
0.166154
0.0928551
0.150841
0.172859
0.175456
0.0466239
0.0305301
0.155076
0.104887
0.132822
0.151345
0.180785
0.048049
0.140576
0.0527848
0.122825
0.0596299
0.0530498
0.140523
0.131166
0.0544633
0.174154
0.116863
0.0449719
0.107647
0.0835107
0.184989
0.091745
0.0414446
0.0402916
0.11376
0.169042
0.0543639
0.162016
0.0570992
0.0485909
0.177143
0.164297
0.0697511
0.044348
0.117204
0.0508465
0.085569
0.122659
0.0620553
0.133978
0.104958
0.0522732
0.0521273
0.102463
0.155406
0.0918083
0.0895098
0.108247
0.135748
0.0451469
0.0316874
0.134756
0.105751
0.165541
0.135883
0.0987802
0.0990944
0.0439718
0.202037
0.0967449
0.12149
0.156688
0.0319134
0.0807996
0.12703
0.178596
0.0911907
0.120868
0.0808466
0.109775
0.142472
0.106251
0.130129
0.102922
0.119993
0.0745591
0.0488211
0.145172
0.188093
0.11405
0.106618
0.0303308
0.128037
0.121473
0.011096
0.072328
0.135404
0.121168
0.118432
0.175437
0.105981
0.113345
0.0425449
0.104482
0.122312
0.180542
0.128711
0.0879997
0.0836485
0.112979
0.09112
0.0757887
0.0796872
0.0504815
0.0847788
0.039192
0.100988
0.226835
0.0331762
0.192908
0.11619
0.0560564
0.0924764
0.146203
0.0619195
0.169982
0.0519182
0.182824
0.0752416
0.0182659
0.0673164
0.00309902
0.156174
0.125443
0.197902
0.086922
0.127311
0.0649627
0.125379
0.111132
0.0760811
0.0460923
0.161446
0.0403497
0.0809559
0.137632
0.115123
0.151511
0.168338
0.103145
0.125574
0.187449
0.0451006
0.138932
0.0328861
0.151539
0.0858033
0.0497643
0.0609557
0.0443315
0.0307476
0.115154
0.123456
0.0471534
0.00689571
0.0781543
0.0469931
0.183974
0.0869564
0.0605873
0.0265323
0.0554848
0.117631
0.106836
0.0772236
0.0491885
0.0533734
0.24339
0.139988
0.0438609
0.204853
0.0768334
0.0556664
0.113551
0.0194191
0.0628618
0.107275
0.223145
0.119088
0.0951133
0.0565651
0.0782012
0.098419
0.106788
0.106595
0.071399
0.211307
0.0368648
0.0310394
0.0769472
0.0587314
0.128048
0.137914
0.0392236
0.0166184
0.119713
0.129905
0.176315
0.161677
0.0837884
0.033203
0.016015
0.10858
0.0589557
0.0778572
0.118359
0.11048
0.0711942
0.12783
0.0662747
0.0809537
0.104845
0.172467
0.113756
0.118631
0.204938
0.213715
0.171951
0.197209
0.13475
0.122743
0.0772845
0.166747
0.101971
0.169385
0.105341
0.105707
0.0719698
0.0554477
0.0800804
0.0788802
0.037377
0.113361
0.106435
0.137279
0.145687
0.221947
0.163878
0.127357
0.102985
0.033564
0.0780551
0.0457967
0.14301
0.157827
0.076055
0.126089
0.110095
0.0179517
0.0346166
0.103647
0.137698
0.159947
0.06366
0.172974
0.0882432
0.0822482
0.191996
0.0508891
0.0274813
0.0683728
0.174332
0.0808541
0.214676
0.0690737
0.082937
0.10735
0.0118494
0.0762455
0.164714
0.0601413
0.0662502
0.170202
0.136651
0.114025
0.188493
0.0451867
0.0201698
0.100123
0.178826
0.131095
0.154447
0.0731833
0.253354
0.0414803
0.1907
0.0841386
0.0919276
0.164085
0.20938
0.107097
0.172043
0.0705508
0.0492468
0.0536509
0.115363
0.114432
0.0396396
0.0515596
0.142329
0.0861751
0.139654
0.149029
0.122528
0.093127
0.0219267
0.0669734
0.141951
0.161305
0.12249
0.0586819
0.124082
0.0592584
0.076184
0.126214
0.049898
0.119832
0.0554774
0.09884
0.165994
0.0856748
0.109487
0.0353749
0.0881476
0.0371115
0.112383
0.0864882
0.0936633
0.175806
0.0486823
0.112376
0.147367
0.142663
0.0855022
0.156506
0.02435
0.138792
0.225623
0.136557
0.13147
0.0597379
0.210195
0.106808
0.144573
0.177133
0.106287
0.0438617
0.14933
0.0313714
0.0779726
0.116108
0.130329
0.124899
0.175719
0.102823
0.0757914
0.133181
0.0784985
0.154052
0.169265
0.0915006
0.0536486
0.0789718
0.12526
0.0576786
0.0865513
0.104868
0.127294
0.139224
0.0883812
0.198399
0.119082
0.200125
0.0400774
0.0983436
0.076634
0.0919958
0.0563208
0.0862973
0.0593001
0.0367008
0.170275
0.158569
0.187845
0.0437822
0.0936056
0.0756014
0.103471
0.0912376
0.0621145
0.0913867
0.0734063
0.183791
0.154491
0.142877
0.0483951
0.153952
0.21258
0.147599
0.105974
0.175434
0.0499
0.116812
0.171187
0.164946
0.0039802
0.124961
0.164168
0.16051
0.164871
0.121407
0.0327097
0.0878277
0.0708744
0.114103
0.174944
0.0905923
0.138461
0.143065
0.174979
0.0688301
0.138055
0.0782199
0.0492713
0.0969338
0.0702218
0.127998
0.0740988
0.0740813
0.0481149
0.137803
0.161378
0.0727693
0.0625837
0.0445757
0.0826943
0.132079
0.0938905
0.106858
0.0664078
0.203652
0.15336
0.0612072
0.185587
0.0508421
0.0818742
0.0993999
0.0621068
0.119167
0.155047
0.0315133
0.176344
0.111588
0.141846
0.0966464
0.141097
0.0405856
0.106974
0.146486
0.103373
0.0934165
0.0643174
0.0781658
0.0758227
0.187075
0.141288
0.132828
0.108282
0.123365
0.0904018
0.167931
0.188572
0.153668
0.161542
0.117748
0.225731
0.159805
0.112836
0.0404335
0.179362
0.166635
0.099185
0.150145
0.0698269
0.162225
0.135621
0.230619
0.229628
0.217798
0.222388
0.193616
0.193239
0.207389
0.0927431
0.181762
0.121057
0.342565
0.251433
0.0879469
0.259814
0.108857
0.127389
0.214532
0.0603038
0.144028
0.223561
0.107767
0.0626365
0.152541
0.0340883
0.0903105
0.103362
0.0940793
0.0656928
0.0317378
0.0842414
0.0643645
0.147668
0.0425428
0.167314
0.173993
0.104702
0.109077
0.190212
0.147018
0.114632
0.165246
0.0843456
0.210993
0.135828
0.0284511
0.115565
0.03568
0.0931529
0.0299518
0.168112
0.0444079
0.0580773
0.041535
0.126532
0.249533
0.0637963
0.0756897
0.188503
0.119509
0.026026
0.223124
0.117335
0.0269922
3.13269
0.049145
0.15711
0.176781
0.118216
0.0574305
0.149788
0.051665
0.0363471
0.181347
3.1558
0.128946
0.0879985
0.0162284
0.033455
0.112926
0.0823161
0.0922743
0.100228
0.144866
0.029533
0.130386
0.0855773
0.0328854
0.186255
0.0399885
0.0240077
0.126947
0.0655554
0.0921555
0.181914
0.125576
0.116904
0.0267921
0.0681099
0.0879726
0.0414299
0.1589
0.0329737
0.0991125
0.0713548
0.15045
0.0400394
0.0684995
0.0742101
0.139348
0.0890293
0.199242
0.124819
0.0402581
0.119828
0.206719
0.113076
0.134542
0.0235518
0.0923704
0.22399
0.214767
0.153822
0.0981257
0.106239
0.24517
0.0972054
0.00483846
0.0968033
0.0995193
0.162496
0.110281
0.0595617
0.0773815
0.186738
0.140706
0.0728896
0.126412
0.0774669
0.0606703
0.0643809
0.105545
0.111733
0.139685
0.019888
0.035375
0.094111
0.0362855
0.118228
0.074366
3.12922
0.119532
3.1181
0.0774195
0.120779
0.214835
0.114447
0.177934
0.0959578
0.105107
0.126945
0.0283216
0.0318126
0.131154
0.0744997
0.0342622
0.159665
0.0846064
0.0183674
0.133233
0.0237582
0.0327816
0.217441
0.06569
0.159222
0.0632854
0.135469
0.141005
0.0177935
0.104785
0.11118
0.093167
0.085192
0.128609
0.151369
0.0962453
0.0538571
0.152537
0.11775
0.14116
0.0595759
0.0899534
0.151945
0.0141679
3.0806
0.115105
0.178596
0.236362
0.0927021
0.138799
0.174893
0.210244
0.140277
0.0682243
0.207575
0.174129
0.15294
0.0297842
0.185612
0.219233
0.0413242
0.104779
0.193935
0.12438
0.121087
0.0247245
0.0667653
0.0123456
0.0422288
0.0467559
0.105995
0.125676
0.0385049
0.161817
0.133645
0.161487
0.0455759
0.103543
0.143345
0.157843
0.0294455
0.0926133
0.154296
0.172453
0.0362428
0.146816
0.114442
0.0409631
0.0784181
0.164099
0.0958874
0.0775016
0.0506242
0.0942318
0.1211
0.150143
0.0183316
0.0211133
0.0107414
0.101683
0.173255
0.141909
0.0409417
0.222459
0.103816
0.0323601
0.0444171
0.0307123
0.0864936
0.0737844
0.0527141
0.0418144
0.177563
0.1878
0.0606139
0.0544249
0.0152256
0.0656936
0.037114
0.106455
0.0662153
0.123452
0.156162
0.0598757
0.102163
0.0640022
0.156493
0.0359679
0.0689467
0.128696
0.0540029
0.0268652
0.159529
0.0537398
0.0541667
0.185726
0.0677701
0.0826923
0.0939288
0.164726
0.111697
0.047616
0.0621464
0.0967796
0.168075
0.0753462
0.132378
0.18828
0.035059
0.0848948
0.0851549
0.025844
0.151611
0.232953
0.033512
0.0159397
0.019087
0.0274176
0.181352
0.0287914
0.144148
0.2623
0.162867
0.0685656
0.0833679
0.0310472
0.0885359
0.127068
0.159731
0.0803381
0.0462928
0.152983
0.0394967
0.00507291
0.0740161
0.0736799
0.160317
0.0408014
0.0764872
0.0672753
0.0590242
0.0681579
0.130264
0.132323
0.22882
0.0117907
0.0757542
0.0927512
0.123396
0.0986388
0.112519
0.0755036
0.183037
0.102348
0.0868292
0.171728
0.0876698
0.163413
0.138893
0.0377194
0.136844
0.0640641
0.0631269
0.0281081
0.146775
0.21972
0.0321954
0.0926762
0.180979
0.0536051
0.158061
0.0399112
0.0913382
0.0773701
0.0276515
0.196492
0.199393
0.152262
0.0525933
0.0920551
0.107295
0.0556723
0.10158
0.222791
0.0570426
0.0445499
0.0865401
0.0729743
0.0505114
0.0704259
0.0594057
0.0515333
0.07527
0.146778
0.115583
0.107047
0.125263
0.0636148
0.117959
0.142822
0.175332
0.100916
0.122439
0.0853757
0.0611814
0.130191
0.0524291
0.0742133
0.050074
0.0671567
0.0474897
0.126362
0.0772856
0.0930458
0.122426
0.186004
0.0211995
0.026664
0.120976
0.212037
0.078042
0.110544
0.111803
0.0792223
0.0390512
0.118883
0.109742
0.121977
0.0178471
0.112036
0.0881414
0.229143
0.0980619
0.118329
0.17272
0.014993
0.0517203
0.113454
0.107001
0.0560139
0.0850957
0.126881
0.121447
0.142428
0.156575
0.108139
0.14565
0.110168
0.127219
0.103059
0.120903
0.090223
0.0718776
0.211424
0.0448912
0.00662966
0.167817
0.0615543
0.067241
0.0489889
0.0312875
0.12357
0.0411056
0.102737
0.0665212
0.130755
0.117188
0.00580664
0.0581073
0.0788607
0.0615301
0.0814167
0.18598
0.143834
0.150915
0.154034
0.128621
0.128155
0.150335
0.111983
0.0793429
0.162497
0.139148
0.139336
0.0860714
0.0392048
0.038526
0.159155
0.0778187
0.0927255
0.129233
0.0864982
0.144113
0.101082
0.045805
0.0807526
0.105946
0.0469637
0.0487446
0.0886354
0.147609
0.109876
0.0526758
0.0513739
0.1436
0.0521952
0.0955099
0.0984906
0.0574943
0.0980496
0.154777
0.0383934
0.0982657
0.119106
0.00724549
0.221302
0.102546
0.140472
0.0893328
0.038677
0.0870209
0.0121808
0.122859
0.0591008
0.10549
0.0788997
0.0350108
0.0212325
0.0813867
0.0298802
0.063439
0.176324
0.0564046
0.0959125
0.164108
0.0558618
0.152571
0.015407
0.0983588
0.105805
0.155449
0.0987274
0.0604797
0.0644145
0.0844731
0.0226987
0.00495877
0.0176907
0.153758
0.161069
0.191751
0.0395713
0.125412
0.0917393
0.0205957
0.118707
0.0345453
0.0661768
0.0561276
0.114734
0.113014
0.0962729
0.0989131
0.152849
0.0209425
0.127926
0.0892168
0.0538916
0.0990076
0.125423
0.0536804
0.0713498
0.100748
0.0246563
0.125559
0.160571
0.0814203
0.0731925
0.0164416
0.0458468
0.175005
0.0728755
0.130396
0.0744847
0.226546
0.0661324
0.0714986
0.109078
0.0488102
0.0917114
0.08844
0.0831456
0.0221825
0.0915229
0.188696
0.0565707
0.0224969
0.0561525
0.130921
0.0633088
0.205961
0.0513866
0.178129
0.0696975
0.139207
0.0975345
0.123395
0.084043
0.0978415
0.140474
0.0671993
0.120938
0.0750807
0.0590197
0.0770282
0.0989348
0.0688185
0.0287334
0.140803
0.0628914
0.168095
0.0509635
0.0752545
0.22133
0.0927912
0.117069
0.147747
0.100868
0.0358233
0.237433
0.0623896
0.0600866
0.179893
0.155403
0.111948
0.0839708
0.0460355
0.0269899
0.096685
0.0775054
0.0512698
0.0289621
0.139377
0.130434
0.14383
0.0483532
0.15913
0.134094
0.150589
0.158537
0.186831
0.0681519
0.136052
0.0821401
0.248468
0.0197827
0.0263671
0.0281813
0.0947722
0.143486
0.11958
0.18718
0.0734552
0.132195
0.13491
0.0113086
0.0539704
0.146565
0.137824
0.0537687
0.0884471
0.0398775
0.128992
0.0492746
0.0526536
0.122111
0.0740339
0.152007
0.18154
0.0213062
0.187448
0.0285025
0.0832481
0.025921
0.168273
0.0754011
0.201795
0.0758408
0.175271
0.15946
0.0912163
0.0661464
0.128079
0.149609
0.0716061
0.124722
0.120663
0.0877773
0.144278
0.114363
0.107843
0.0706913
0.137698
0.113064
0.0516896
0.111201
0.0852547
0.111388
0.101052
0.153532
0.0385575
0.122037
0.0189748
0.197008
0.196296
0.0634787
0.120322
0.149689
0.0783413
0.0678565
0.111241
0.204172
0.175425
0.00726864
0.0585931
0.0890167
0.137208
0.111393
0.0173443
0.139124
0.0992262
0.0369854
0.0440706
0.0660518
0.0375116
0.0930172
0.129114
0.134388
0.0437609
0.207848
0.0788767
0.158186
0.0558599
0.112981
0.0832822
0.099308
0.0664605
0.169815
0.0786901
0.154155
0.0387843
0.172438
0.0516907
0.100448
0.206408
0.0739689
0.129721
0.120811
0.100777
0.0590012
0.189942
0.141927
0.0390452
0.0583937
0.133978
0.130791
0.0567981
0.120893
0.0420211
0.134108
0.132857
0.133002
0.0346381
0.053418
0.101624
0.165109
0.211771
0.136477
0.111192
0.0718429
0.038853
0.0389744
0.102369
0.110623
0.103165
0.138632
0.24243
0.235742
0.0141014
0.0878429
0.0450192
0.0861052
0.100115
0.114219
0.0119444
0.107817
0.141231
0.188133
0.0628602
0.0796775
0.0461385
0.156224
0.126018
0.127533
0.0800272
0.106981
0.0493446
0.109539
0.177799
0.0397574
0.0374536
0.0506431
0.0459779
0.0527818
0.120908
0.166983
0.175494
0.106317
0.109715
0.0294167
0.107724
0.0780065
0.237882
0.166122
0.067284
0.225649
0.0758577
0.0468115
0.155799
0.06296
0.0838109
0.222703
0.106994
0.0890949
0.0790208
0.221253
0.0508646
0.064103
0.113939
0.0262791
0.220245
0.0672517
0.106876
0.0730469
0.220677
0.0532922
0.0227385
0.06844
0.133335
0.118489
0.0952848
0.0726409
0.178068
0.0067325
0.0552228
0.0398468
0.110578
0.124333
0.0693237
0.0825849
0.107727
0.113414
0.049957
0.0118731
0.119206
0.086871
0.0601024
0.0958089
0.0573154
0.070702
0.0924312
0.150837
0.0739057
0.0745078
0.134305
0.0900396
0.143544
0.150102
0.0262579
0.128227
0.11314
0.0819773
0.148341
0.215736
0.179604
0.127785
0.058187
0.0317976
0.161594
0.0935966
0.203435
0.0634092
0.143636
0.182936
0.0536066
0.0593481
0.0674892
0.215811
0.0472305
0.112777
0.0829707
0.12679
0.16481
0.158662
0.161136
0.122433
0.0698815
0.0950625
0.0134881
0.0961617
0.154603
0.107089
0.219411
0.0872964
0.183183
0.0936503
0.18355
0.0954479
0.109088
0.169176
0.174767
0.12754
0.143569
0.217585
0.0817262
0.16587
0.12412
0.085481
0.026328
0.0862172
0.0841913
0.075951
0.0979602
0.0849704
0.136843
0.102268
0.035584
0.0676233
0.0347877
0.113055
0.108404
0.0700074
0.140105
0.215331
0.165445
0.117801
0.0782434
0.112693
0.120857
0.0685935
0.131658
0.086346
0.08479
0.153222
0.102658
0.107849
0.104827
0.157263
0.195385
0.147917
0.100861
0.203119
0.0897558
0.194452
0.0782676
0.0938033
0.1275
0.112466
0.171569
0.147635
0.0802826
0.163554
0.0614492
0.271754
0.244337
0.221692
0.185923
0.200823
0.254147
0.163458
0.185976
0.114983
0.168596
0.252904
0.124628
0.111736
0.108398
0.0910926
0.0735977
0.236329
0.153526
0.175972
0.305113
0.0637131
0.148728
0.287821
0.14793
0.136438
0.129242
0.123212
0.181101
0.294815
0.135125
0.109682
0.204711
0.109304
0.0954577
0.111482
0.151732
0.0509931
0.175893
0.126127
0.13699
0.137149
0.0687929
0.131719
0.044628
0.117354
0.0346586
0.0625206
0.188307
0.0465662
0.108624
0.0515515
0.0578177
0.00824571
0.0735916
0.0616588
0.0451409
0.153386
0.0465752
0.199809
0.157241
0.134238
0.163049
0.0826646
0.0336682
0.110564
0.0394565
0.0216866
0.0734948
0.145393
0.0907275
0.061567
0.0790694
0.202948
0.0432795
0.0168359
0.0849138
0.0437242
0.0261487
0.18152
0.0371852
0.0767346
0.00651772
0.094492
0.0284044
0.161491
0.125698
0.088573
0.131392
0.117067
0.0371053
0.0734656
0.0929799
0.025258
0.0771822
0.0646112
0.0703805
3.13309
0.0630021
0.0884256
0.13349
0.0874919
0.0866994
0.106383
0.163797
0.187131
0.0986664
0.101855
0.141646
0.127448
0.114732
0.126846
0.0540014
0.205932
0.0694218
0.0181035
0.113064
0.0324727
0.0369003
0.179562
0.0574133
0.117289
0.103279
0.0965461
0.197108
0.0768376
0.109097
0.103148
0.109624
0.155921
0.0802451
0.0114006
0.0367579
0.0680803
0.156646
0.098339
0.100188
0.169815
0.141191
0.0233529
0.0604684
0.10491
0.0805606
0.126096
0.0394712
0.160833
0.154448
0.0554868
0.166333
0.139211
0.115846
0.0577362
0.0517213
0.059031
0.112592
0.122509
0.178542
0.118404
0.156984
0.0379232
0.18027
0.0753212
0.184898
0.0629436
0.204692
0.10916
0.120992
0.0982831
0.031121
0.0848998
0.0948154
0.0565266
0.0712966
0.0727586
0.0785725
0.0532278
0.117082
0.0325078
0.0630641
0.128954
0.0743507
0.103956
0.0211156
0.169298
0.172709
0.0776326
3.14487
0.0662231
0.0274394
0.0895705
0.095378
0.0565475
0.145832
0.015105
0.0922767
0.125966
0.106601
0.0732948
0.0591976
0.0552112
0.113902
0.0967667
0.197531
0.121972
0.0943756
0.0316445
0.17305
0.0415518
0.0905806
0.102713
0.148208
0.0415451
0.112918
0.120371
0.181388
0.128371
0.136374
0.124837
0.226609
0.193843
0.0914944
0.0797923
0.0713423
0.187891
0.19075
0.0942573
0.0703798
0.0270005
0.189676
0.10712
0.126756
0.0756159
0.230007
0.112424
0.0462234
0.105201
0.0768073
0.161845
0.0701542
0.0579327
0.0869701
0.06799
0.0455216
0.0491925
0.133615
0.152701
0.15529
0.103188
0.153433
0.0300518
0.0706776
0.0890057
0.124959
0.0443552
0.064075
0.11398
0.134256
0.063031
0.0676087
0.200285
0.137984
0.081482
0.132249
0.0844213
0.130348
0.0427855
3.11348
0.204695
0.182521
0.0766834
0.0830463
0.0738362
0.0879213
0.080444
0.183811
0.112352
0.137225
0.160274
0.0697012
0.103515
0.153532
0.101738
0.238834
0.111813
0.109434
0.138798
0.156959
0.215678
0.0230916
0.0343267
0.0993622
0.110175
0.0787226
0.198567
0.132376
0.240595
0.171779
0.0462841
0.16881
0.0744977
0.0688952
0.0673243
0.125929
0.0774783
0.178572
0.0121686
0.046148
0.0321258
0.0811159
0.182957
0.120133
0.0753925
0.0263884
0.153849
0.0900605
0.0662105
0.132411
0.0585427
0.147813
0.14907
0.153061
0.0370463
0.0944647
0.163236
0.180746
0.0231137
0.0319215
0.0467242
0.0331091
0.129071
0.0553021
0.203349
0.131181
0.0275495
0.101417
0.0839434
0.0978642
0.197814
0.0937787
0.147835
0.0381083
0.0311645
0.116808
0.0473708
0.150945
0.0425886
0.133763
0.190273
0.0136225
0.166786
0.144179
0.0130856
0.0961034
0.0602923
0.118344
0.185025
0.0796855
0.0858422
0.0343155
0.096152
0.113589
0.0369605
0.130108
0.0472832
0.149633
0.0444074
0.0997804
0.167179
0.040453
0.0639464
0.0212452
0.044885
0.0475697
0.202135
0.161962
0.0705156
0.0316955
0.17287
0.125602
0.0562971
0.118776
0.163352
0.087054
0.158111
0.0590764
0.064414
0.119754
0.103883
0.0662219
0.0253518
0.0689956
0.18724
0.096145
0.102755
0.160641
0.181352
0.181701
0.0682945
0.170988
3.09283
0.137877
0.138108
0.0890295
0.0553291
0.0454
0.0653787
0.0461126
0.132392
0.141636
0.218532
0.0758981
0.0873352
0.0265856
0.0925227
0.157116
0.153621
0.0895094
0.0663027
0.0573562
0.103175
0.13694
0.0420953
0.112681
0.199973
0.0811103
0.0259747
0.0960707
0.0184693
0.119753
0.1042
0.222757
0.0414848
0.168958
0.0592975
0.0270929
0.0666394
0.016155
0.0939419
0.0455771
0.0450572
0.187876
0.0598702
0.175718
0.0630545
0.0279157
0.222474
0.0329183
0.04369
0.011279
0.0665407
0.0268193
0.0921859
0.215692
0.0626789
0.0250082
0.189756
0.063717
0.187417
0.0391792
0.149429
0.0548059
0.148294
0.152195
0.150084
0.076684
0.121826
0.0690383
0.0496527
0.232605
0.135853
0.0622485
0.0986794
0.0276826
0.110502
0.040151
0.0513779
0.0467167
0.0567189
0.037667
0.0262706
0.0902074
0.0853251
0.0306476
0.0901968
0.15971
0.0873461
0.0729527
0.125092
0.104678
0.143796
0.187488
0.171087
0.169054
0.210407
0.141804
0.0222946
0.17667
0.10118
0.0749188
0.0200168
0.0755669
0.0562405
0.0235513
0.179118
0.197637
0.0680467
0.150899
0.0853611
0.153754
0.059206
0.149012
0.0993128
0.0486511
0.108897
0.201844
0.0396493
0.0949864
0.14739
0.135642
0.148991
0.0854127
0.145142
0.0880041
0.129506
0.0432457
0.0622537
0.0603559
0.141549
0.102925
0.0560051
0.0270739
0.0933051
0.106697
0.019614
0.0835673
0.199323
0.223275
0.0435529
0.0372046
0.103884
0.250572
0.0639849
0.0613123
0.0545625
0.076626
0.0927613
0.114584
0.138919
0.0640726
0.0555651
0.0933026
0.0509047
0.110564
0.0290382
0.187336
0.00611427
0.128576
0.0931729
0.192364
0.0373703
0.0857315
0.0420048
0.0913718
0.13196
0.0319261
0.0348096
0.0955613
0.12228
0.0741968
0.0612909
0.0936601
0.212445
0.156176
0.170534
0.0383484
0.0804237
0.0838927
0.0796139
0.0670697
0.0958961
0.176634
0.0146313
0.0810802
0.119522
0.0611048
0.186366
0.146596
0.159536
0.0687089
0.0800179
0.129346
0.0245685
0.130397
0.0192616
0.0504296
0.0324012
0.180779
0.0759808
0.10267
0.152348
0.108334
0.23288
0.0546756
0.132614
0.126986
0.0783352
0.0650193
0.142446
0.0399382
0.0769884
0.184635
0.215349
0.0168925
0.0871885
0.0186151
0.10206
0.138714
0.112131
0.0629575
0.0510643
0.178806
0.0903351
0.13389
0.0621369
0.0736634
0.115774
0.11857
0.10057
0.0521753
0.0393803
0.0442552
0.181637
0.167993
0.0487259
0.102905
0.0834632
0.114662
0.0896202
0.117048
0.0760979
0.180428
0.0603834
0.124173
0.0146574
0.0440955
0.131364
0.0715162
0.0560987
0.0702446
0.0560035
0.0529408
0.0854866
0.0580332
0.0321139
0.132513
0.194466
0.139788
0.132687
0.0667356
0.0173788
0.0566824
0.195553
0.0774886
0.116932
0.232426
0.0556163
0.101494
0.156786
0.155971
0.132352
0.0592523
0.0516495
0.0395472
0.0625735
0.0602765
0.0877409
0.144562
0.0294966
0.0393842
0.0895388
0.102335
0.132676
0.0588984
0.168809
0.115985
0.165155
0.0908835
