1.92068
2.59879
2.16843
3.69674
3.2858
2.80376
3.73544
3.05791
3.44349
3.52975
3.4856
4.20917
4.16209
2.20106
4.90815
4.72609
3.09251
3.58865
1.78038
3.31431
3.51986
3.69515
3.84189
6.12346
3.87364
3.77184
3.5515
2.29605
3.89485
2.42138
2.11076
3.95892
3.81385
3.76233
3.47569
1.74267
3.78042
3.43805
2.69285
2.1975
2.83769
1.99727
3.69775
3.11936
3.95234
3.9871
3.7354
4.12226
3.78543
4.25477
3.47034
1.39357
2.39536
5.72977
4.12701
3.13642
2.10586
2.48542
2.78533
3.5068
2.25604
3.25872
3.42264
3.2069
3.83838
2.96951
3.93767
4.24206
3.43968
2.11121
1.78079
4.54538
3.47118
4.34498
2.42903
2.07653
3.2418
4.00231
3.54171
4.04406
4.12741
3.30612
5.94386
3.52923
3.54048
3.95641
5.58716
3.16654
4.35348
3.54834
2.98519
4.70075
2.83232
3.44019
2.17178
3.97356
4.00847
3.66537
3.20345
2.94989
3.46992
3.23386
2.66783
3.82471
1.57948
2.01009
5.05727
3.73227
3.97969
2.5179
3.48925
1.65178
4.28391
3.64754
2.30903
5.22128
3.68867
3.46731
1.92574
1.93536
3.6819
3.49969
1.94748
2.3227
3.65208
2.1144
4.42278
2.46014
3.02108
3.29749
3.39092
3.24922
3.21518
3.30464
4.05934
2.73329
1.30261
1.91949
2.47697
3.4339
4.42019
2.77654
2.29582
2.37246
2.66132
2.53363
1.81064
1.90884
2.35139
3.71585
3.75201
3.3583
3.68364
2.97595
4.50697
1.23784
3.13953
2.69885
2.98428
2.43598
2.44082
2.17256
2.46868
2.81275
2.15884
2.17429
2.28065
3.09366
2.8455
2.81404
2.41219
2.45412
2.47633
1.84053
1.70113
2.2536
3.98702
2.82861
3.27469
2.09296
4.00287
2.81328
2.06409
2.02135
2.24027
2.44059
2.54606
2.29878
2.00742
2.20193
2.43602
2.19373
2.78503
2.35138
1.93066
2.60389
3.05397
2.18628
2.64765
2.31382
2.81409
2.26931
2.02216
2.73861
2.16102
2.31566
2.3556
1.91611
2.91429
2.07754
2.0062
1.98975
1.88355
2.13086
2.288
2.66975
2.16643
2.29472
2.26622
2.41508
1.90427
2.35808
2.20862
2.51412
2.7774
2.0195
1.81097
2.70718
1.43634
2.5016
2.82263
2.10028
2.77044
2.86975
2.19324
2.70283
2.55182
2.10624
2.01286
2.89175
3.00827
4.80751
2.32835
4.80885
2.8431
2.89622
3.16649
2.76218
2.46307
2.50394
4.5526
2.00913
2.7119
3.15063
4.59152
3.12823
2.9261
2.63592
3.28623
2.07217
3.66609
3.4486
3.43324
3.07417
1.66452
4.05812
2.465
4.52742
2.82146
2.54431
3.03273
4.57583
3.63224
2.54035
3.01297
3.15383
2.88155
3.11288
3.62565
3.81319
3.58388
3.04566
3.1116
3.32226
2.87348
3.40626
2.84126
3.73
3.28623
4.64532
3.34616
4.45104
2.66271
2.8149
2.203
3.6437
2.9943
3.57762
3.41882
3.72075
2.91308
4.21942
2.35217
3.70797
2.95682
3.69942
4.91294
5.02721
4.05433
3.69188
3.66504
3.4811
3.63242
3.65131
3.58658
3.70049
3.64758
3.48575
1.53459
3.41684
1.6286
2.52927
2.58253
2.021
1.87958
2.9919
2.99468
3.14622
3.93889
3.53118
3.24208
3.2416
3.15255
3.29947
3.22814
2.99906
3.24285
4.35442
3.39191
3.72112
3.24732
3.25283
3.99712
3.21152
3.65923
3.18421
4.45052
2.89348
3.24801
3.70342
3.29281
5.59465
3.32693
3.3667
3.65174
3.73651
3.5791
3.97644
3.13555
3.51024
3.64297
3.39594
3.66811
3.02508
4.62772
3.9745
3.66684
3.76308
3.91617
4.78822
2.96806
3.73291
2.89816
4.10331
3.40928
3.82915
3.45962
3.94003
3.10428
3.51925
3.66895
3.49566
5.19478
4.08246
3.64661
3.93325
3.65454
3.54977
3.1383
2.74911
6.22707
2.18989
2.2498
3.25953
3.45575
3.08604
3.51614
3.89696
5.57409
4.33778
3.74925
3.03239
4.44955
3.63925
3.55495
3.52894
4.70761
3.11744
4.34533
2.94846
3.768
3.05355
3.98351
3.06667
3.70039
3.79651
3.38786
3.88047
4.44168
3.3036
3.24145
3.01964
3.42289
3.76803
4.08051
5.08685
3.41783
3.84831
2.89145
3.18702
3.44234
3.43085
3.17684
3.8278
3.69575
4.11516
4.55406
3.5376
3.74787
4.46474
3.32935
5.54866
3.80324
3.30422
3.63972
6.95
3.22926
3.19288
3.29298
3.76158
3.95944
3.77328
3.53393
3.75797
3.27992
3.36546
3.29666
4.51928
3.37054
3.76982
3.87629
3.48352
3.92978
3.07339
3.09842
5.20827
3.62022
3.12274
3.19353
3.43513
2.98428
3.56296
3.5983
4.73551
3.67593
3.15329
3.57929
6.45114
3.83313
7.86665
3.32472
3.73838
3.38837
3.48146
3.54557
3.77902
3.30209
3.5265
4.59283
4.84303
3.56366
3.99195
3.57629
6.23554
3.7036
3.28604
3.42496
3.15785
6.34573
4.7869
4.94443
4.22868
5.51947
3.72353
3.72149
3.14658
3.59184
2.96519
6.02441
4.96232
3.81447
3.60013
3.52543
3.66092
6.11349
3.27435
3.85359
3.78514
4.74762
4.32996
3.68698
3.30735
3.20861
3.00427
3.12894
3.95532
3.95408
3.63337
3.88333
2.89913
3.0131
2.75943
5.0347
4.82866
3.26366
3.26961
5.70424
3.63114
4.71404
3.58021
3.01276
3.47913
3.68206
2.75204
2.90015
3.63331
3.0046
3.51986
3.70232
3.33618
2.99658
3.59399
3.34288
3.86085
5.10544
3.17862
3.59544
2.73816
3.22304
3.04507
4.3496
4.84316
2.62589
2.85628
2.91806
4.33445
5.77478
2.82338
5.58324
3.41472
4.43155
5.81458
2.82695
3.35504
2.74694
3.77119
3.43171
5.08705
7.50592
3.36546
3.55284
4.4483
3.23511
4.02197
4.80233
2.4601
2.77393
3.14107
3.38384
3.82626
3.53844
4.16084
5.97269
4.36087
3.49723
2.32255
3.73584
2.80673
5.7484
5.62525
3.53705
3.73597
3.62661
3.71872
4.65973
3.22916
3.188
4.04536
4.51561
5.59463
3.99155
7.37276
3.81831
2.65694
5.78927
2.71743
3.10926
2.98136
4.04072
3.38552
4.15381
3.19051
2.9529
3.91262
2.27259
2.69443
5.16981
3.60023
5.12427
3.65854
3.06168
2.14323
2.57143
5.37498
2.78214
3.56198
3.00919
3.59234
3.39408
2.09708
4.22775
3.41633
3.7256
3.49137
2.69481
5.03292
4.7719
3.85221
2.51295
3.8702
3.52945
6.32732
2.64842
4.85539
3.16954
3.6995
3.29742
3.58384
4.02078
3.29865
4.68756
3.28222
3.15756
2.04161
3.62361
3.78457
1.69407
4.41947
3.8499
3.09206
3.27915
2.98308
3.23565
4.57018
4.44135
3.43165
2.93498
2.68801
2.90973
3.23552
3.40138
4.45109
2.53261
4.10988
5.07562
3.88738
6.42189
2.90316
3.17615
3.24647
3.88461
6.48947
5.004
3.26124
3.39472
3.76666
3.78565
2.82371
3.70435
1.78188
2.81935
3.66451
6.77531
3.9845
3.70158
3.97436
3.82951
2.56115
3.19097
2.96082
3.81719
3.97546
4.14452
3.51341
4.17021
3.23663
5.65583
3.91434
3.65109
3.877
3.5852
3.87662
2.7029
3.77885
3.46837
3.90351
3.29343
2.67945
3.70315
4.37729
3.79991
4.17604
3.2579
4.21711
3.34711
3.88702
4.53155
2.92318
3.85968
3.08127
2.80802
3.45645
3.48507
4.72067
3.7367
3.3033
3.85877
3.72975
3.90345
4.03897
5.50626
3.08127
4.12644
2.94844
4.12761
2.92599
3.96336
3.67741
3.71198
3.57361
3.82211
5.93018
4.35508
4.3554
3.65019
3.04726
6.82365
2.55414
4.43327
3.62742
2.83678
3.12247
2.63511
4.08056
3.20012
3.56899
3.73549
3.67932
3.36594
4.13502
4.15487
2.99283
2.91189
3.81118
3.54656
3.98563
3.14576
3.8696
4.00946
3.20062
5.01623
2.79187
2.70298
4.3023
2.71409
2.99028
4.44306
3.06434
3.63479
3.86488
5.2735
3.30485
2.79866
4.25536
3.52885
3.60879
3.41189
4.09557
4.61509
3.02002
4.84989
3.17799
3.65752
3.74993
3.85806
3.70027
2.99194
3.97448
4.98673
3.68838
3.26751
2.89774
3.76577
5.10685
3.10738
3.64782
3.74664
3.99444
4.25211
3.81593
3.52319
3.6874
5.94235
3.58127
3.43024
3.69464
4.08085
4.20153
3.46532
2.70121
3.60817
4.23966
3.7367
3.70842
4.85068
4.20073
4.05068
3.86817
3.80632
4.30816
3.1429
3.54658
3.87389
3.9367
3.73885
3.78966
4.2438
2.36696
1.71206
3.4912
3.23321
3.25584
4.85604
2.85177
3.86229
3.87917
3.67969
5.4588
3.3579
3.92297
5.50835
3.77135
4.01199
3.04944
3.64587
4.96326
6.27092
3.94727
5.29952
2.66251
2.80868
3.44224
3.32136
2.89264
4.60199
3.72032
3.94778
4.49935
2.82085
2.4035
6.23833
4.44051
3.32892
3.6316
3.63007
3.75474
2.84641
4.44382
3.56611
3.90039
3.99373
4.79727
6.2463
3.28862
3.28586
3.07624
2.82014
5.15521
3.98053
2.74345
3.37118
3.69318
3.50254
5.13944
3.82769
3.52434
4.32316
4.70878
3.44608
3.47236
3.7906
3.40896
3.71871
3.53047
3.09155
3.64185
3.22741
3.19024
3.64604
3.33978
3.20783
3.74307
3.14011
4.02317
4.07359
3.50835
2.87423
3.35625
3.84102
3.76252
2.95213
3.39214
3.9337
3.06692
3.84695
3.71099
3.75106
3.50703
4.77712
3.80735
4.01295
3.08821
3.38061
3.59755
4.07647
3.57164
3.57865
4.36229
5.59269
3.93843
3.44131
3.03238
3.77188
3.86405
4.00681
4.25065
3.66495
3.77893
6.00969
3.76357
3.70538
3.31754
5.21486
3.26719
4.43041
3.83445
3.80456
4.59155
4.006
3.43197
4.48609
3.42438
6.45878
3.54322
3.26395
5.01729
3.57264
3.93142
3.5123
3.18992
3.88737
3.45868
3.07553
3.93148
3.09075
4.14131
3.46823
6.41748
3.64138
3.33452
6.19199
3.98536
3.51127
3.12494
2.8508
2.96925
3.77408
3.7196
3.61946
4.7197
3.02186
3.68887
4.19595
3.88642
3.61
3.77936
2.9765
3.94027
3.50481
3.42654
3.4278
3.80594
3.3262
4.53163
3.81454
3.53948
3.76105
3.77236
3.11969
4.17271
4.5676
3.84049
3.84516
3.61656
3.93492
5.03059
3.83768
3.32501
4.84054
3.73467
3.91928
3.39921
4.74304
3.91354
3.09289
3.79019
3.45574
3.80806
3.06408
4.75218
5.32038
4.29383
3.48675
3.8038
3.85783
4.68167
3.9498
3.84441
4.22682
3.14848
3.94542
3.79977
3.68935
3.6213
4.62131
5.82677
4.86468
3.62341
3.71761
4.60553
3.4485
4.03471
3.93244
5.03067
5.94047
3.51629
3.66535
3.56071
4.96523
3.81796
4.18438
4.03818
3.71464
5.47756
3.74099
4.10387
4.0842
4.67089
3.14966
3.58368
4.10839
4.17526
6.0654
3.54711
4.14453
4.57958
5.7555
3.73543
4.70617
5.23982
4.19729
4.2949
5.11247
4.95697
5.31411
4.56859
5.50738
4.51305
6.56975
4.25483
4.17562
6.06738
4.52808
6.01754
4.4558
5.36968
4.0521
5.71117
6.38374
5.80961
5.93902
4.49298
4.34131
4.16719
5.88847
5.70246
5.53233
5.10003
5.04165
5.58105
5.03031
6.08564
5.33284
4.44306
8.34925
5.85741
5.88624
5.0412
5.82169
6.54085
5.37033
4.74507
5.80168
5.64243
4.57296
6.1769
6.40238
8.43107
5.10846
4.44711
4.14901
5.45953
5.24992
7.35495
4.24771
4.29189
4.49459
3.67404
4.97968
4.05179
4.33633
4.12552
4.10587
4.70279
3.64349
9.23461
4.41657
4.65564
3.4217
3.00718
4.53767
4.39857
3.57667
3.68081
4.22909
4.25447
3.59083
4.64748
3.92524
4.15589
4.14212
4.73013
4.34583
3.90018
4.40834
5.14748
5.0846
4.51853
3.48278
4.22886
3.80689
3.12069
3.57831
2.85995
4.74735
3.38638
4.00234
5.00208
4.66723
3.11589
3.85046
3.85054
3.81016
3.72202
2.81572
2.89266
4.58699
6.76768
3.78668
3.70287
3.86295
4.37952
3.83699
3.17923
4.66903
5.60039
4.15269
3.41127
3.75263
4.57771
3.60549
4.22902
4.9358
4.41061
3.68658
3.81725
4.35912
3.93828
5.46024
3.35453
2.41198
3.59563
4.54627
3.4858
3.11747
3.18298
3.0893
3.96256
2.49608
2.93444
2.23481
4.41556
2.68689
2.67862
2.41961
2.96417
2.5245
3.53285
2.71395
4.76092
2.95556
2.9546
3.07801
4.19288
3.45327
2.2171
5.74495
3.3662
2.45495
2.56682
2.4667
2.33258
2.07774
2.85256
2.36284
2.95589
2.46114
2.52668
2.70293
2.65296
3.01302
2.73705
3.15687
1.85088
3.14169
2.27472
2.36112
3.1812
3.22285
4.22515
2.61135
2.26127
2.82964
3.05748
2.62016
2.75782
2.6356
2.25144
2.37806
3.27984
2.87628
2.79328
3.16973
2.72045
2.71609
2.47056
2.56335
2.95273
2.24884
2.13909
2.77676
2.30146
3.02941
3.03222
2.68668
2.23604
4.82447
2.34215
2.44709
3.13584
3.06726
2.50149
3.48177
2.70815
2.90647
2.21252
2.46666
2.81629
2.37026
2.91128
3.63717
5.38719
3.23096
5.10999
4.52385
4.46072
3.59476
5.90543
3.21194
2.56592
3.63874
1.59942
4.04454
3.74613
4.16149
3.68176
1.63079
2.84736
4.35758
3.1617
3.47754
2.74484
3.38613
2.97705
2.38687
2.94099
2.38448
2.92939
2.20039
2.9054
2.31894
3.15052
4.38431
2.33283
4.92975
3.28534
2.84237
2.79355
2.77397
3.12126
2.60627
2.64149
2.63873
3.36277
2.77546
2.42955
2.73156
2.64234
3.01065
2.75525
3.3886
2.52893
2.85948
3.99117
2.31462
2.82377
2.39254
2.68786
2.4448
2.48729
4.17476
3.97639
3.93676
2.61815
4.12114
4.02393
2.54794
3.46092
3.53104
3.9674
2.63274
1.8721
3.66998
3.39069
4.40393
2.91786
3.39271
2.71079
3.00093
3.24067
2.31331
2.30752
2.16487
2.46859
3.33665
3.15991
3.98109
2.45454
2.71133
2.93201
2.237
2.98735
3.02526
2.43373
4.43651
2.18823
2.29017
2.45173
3.1536
2.57983
3.09423
2.63099
2.41956
2.70933
2.52874
2.20682
2.34197
2.21925
2.6551
2.3082
2.70384
2.39286
2.78293
2.90973
2.35814
3.70718
4.15216
2.45218
2.4555
3.92811
3.09667
2.41509
2.2197
2.10327
2.06583
2.43467
2.415
2.69877
2.37324
2.1876
2.76351
3.60336
4.07184
2.29456
2.73381
2.45816
2.42078
2.52758
2.33294
2.77427
2.24777
4.05765
2.5536
2.91187
2.24537
2.79676
2.88493
3.06284
2.89706
2.45339
2.34689
2.43533
2.97535
1.54909
2.99539
2.31055
2.79536
2.32209
2.25623
3.21583
2.36408
2.80225
2.89904
3.02341
3.06088
2.59694
5.93073
3.84149
4.83143
9.42986
6.44634
10.1217
10.0497
9.84377
9.30246
7.50996
9.03313
7.02554
3.92248
7.79201
5.73024
5.28773
8.82689
8.73616
8.1788
6.21305
7.78205
6.25998
5.93897
7.23219
6.69843
7.42926
7.22769
3.71717
2.7521
2.54978
2.42311
2.76219
2.45973
3.25763
3.06992
2.39678
2.56185
3.3137
2.66419
2.54714
2.27251
2.53663
3.67599
3.86643
3.58603
3.17911
3.75986
3.21845
3.67925
4.13625
3.20124
3.69521
2.788
3.24917
2.80645
3.21459
3.54675
4.29132
2.50466
3.59698
2.92192
3.61158
3.83608
3.31001
3.46095
3.82627
3.6188
5.32756
5.36485
4.8794
2.91821
5.70754
2.50921
3.63589
2.54723
3.81022
3.12489
3.25033
3.39102
3.49411
3.23489
4.07002
2.66718
3.77132
2.61405
2.96483
3.2964
3.71461
3.16207
3.1725
2.87147
3.60633
2.66005
3.20976
6.20861
3.95925
3.62879
5.28679
2.62416
3.02484
3.68813
3.07226
3.67401
4.3398
3.02906
3.43541
2.67036
3.53007
3.1872
3.04032
3.92718
3.26432
5.40152
3.20139
3.26287
2.82903
3.35855
5.23941
3.43107
3.30338
2.85523
3.78715
3.04024
3.39931
3.33648
3.10517
2.93721
3.2091
3.02167
7.09287
3.8806
6.1049
4.30156
4.22915
3.6322
3.00615
3.58499
3.30798
4.02346
3.27486
3.65377
3.01974
3.19445
5.17194
2.83864
4.22141
4.73798
4.24905
3.4897
4.05139
4.1862
4.29096
3.81705
3.2634
3.70884
3.4795
3.08059
3.54096
6.81055
3.65155
3.18901
5.13367
3.4519
5.72834
6.53695
3.9456
3.39483
3.08057
2.97694
3.77651
3.30094
3.53558
2.9868
2.98868
4.26654
3.59135
3.40916
2.90433
3.09619
3.41504
3.66245
3.25235
5.17535
2.84552
3.70162
3.75766
3.17429
3.426
6.42533
5.04444
2.88855
2.89414
6.56563
2.74608
3.05334
2.83207
5.39474
3.08048
4.85298
4.61451
2.71174
2.68807
3.58209
3.4688
3.80991
6.42865
4.12089
6.09885
3.17398
3.85291
3.71357
3.42304
6.46958
3.24947
3.00916
3.47148
3.28573
3.00835
4.12227
4.68655
4.12811
3.02513
3.43133
6.96263
3.69937
4.62326
3.64131
3.5927
3.17821
4.30941
4.82671
4.54892
3.635
3.93822
4.00119
3.65708
3.57355
3.58055
3.24441
3.41761
4.43658
3.92299
7.52237
5.20185
3.9302
3.9877
4.32608
3.15414
3.29579
3.62373
5.28339
3.46932
6.34844
3.89354
5.68689
6.14766
3.5992
4.74231
6.09938
4.94937
4.53247
6.53973
4.71321
4.8024
3.86624
6.21083
6.3706
4.90543
4.14228
1.64399
7.12942
5.60715
6.57581
4.47901
4.61811
4.35608
3.8647
4.21234
3.49275
3.5605
4.66145
3.29371
2.75854
3.59204
4.09668
2.31275
3.41424
2.88966
4.24486
5.13845
3.95062
4.28805
3.66884
3.31987
4.69851
4.74986
4.02294
4.24797
4.2461
3.53705
5.30652
5.95592
5.3369
3.68078
6.53804
5.72397
3.61286
4.20953
3.58057
5.59884
4.23084
4.08951
3.95864
5.32327
3.05001
4.47068
3.70556
4.8802
3.97647
3.84572
4.45593
3.22735
3.33692
4.58268
3.54824
3.04057
3.36052
3.40998
3.57482
2.9268
3.49206
2.78694
2.39265
3.17293
3.30863
2.98612
2.69305
3.61389
3.18777
2.82993
3.35668
2.543
2.72058
2.56499
2.81141
2.35646
2.53728
3.1205
2.50368
2.48035
2.86294
2.62761
2.60925
3.5568
2.94024
3.56127
4.17136
2.84326
2.49531
2.25241
2.21893
2.55897
2.03216
2.60985
2.61269
2.92773
1.8796
3.7292
2.82259
2.31242
3.99392
3.30787
3.03379
2.50003
2.78351
3.05855
2.0693
2.65965
3.14541
2.96388
3.47505
2.87713
2.87791
2.46764
2.51698
2.85354
4.10774
3.56022
2.86028
3.43649
2.74166
2.79812
3.11025
3.09416
2.21755
2.75457
2.83661
2.79623
2.72479
2.57389
2.22252
3.37843
2.44191
2.68342
3.03298
3.07793
2.82261
2.40392
2.77698
3.48804
2.4662
2.79723
1.75954
2.69364
2.64119
2.5481
3.57131
1.63702
1.53013
2.24908
4.73631
2.64199
2.10399
1.57056
2.93078
2.61513
4.99147
1.62614
2.28269
4.27928
2.91523
2.65425
4.42721
2.11448
2.88232
3.59511
2.61611
3.94002
3.55326
2.99778
3.16
3.32403
3.42096
2.76424
2.78663
4.80375
4.24202
4.39294
3.9557
3.54471
3.01593
3.75386
3.26525
3.1434
6.3992
3.95301
6.28391
8.62991
3.52185
4.95862
3.36073
2.4933
2.43093
2.17702
3.0157
2.52252
2.65169
3.23158
2.87593
4.00842
2.93052
2.56623
2.53277
2.00894
2.20327
2.63252
2.02256
2.79985
3.09447
2.90138
2.0077
3.02626
2.76156
4.0802
3.38203
3.18677
3.124
2.19007
3.24509
2.93714
2.12609
2.02667
3.0476
2.93628
2.00915
3.71452
2.54166
3.06551
3.03303
2.68868
3.42961
3.16947
2.79749
2.63429
2.05215
3.05425
2.56573
2.46796
2.20505
2.81534
3.09055
2.99127
2.92371
2.99238
3.72121
3.05157
2.55016
2.26303
2.32148
3.69599
1.95808
2.47718
2.80757
2.33581
2.44639
3.02147
2.56397
2.33962
2.91894
2.28269
2.85217
2.25053
3.05959
2.14434
3.04754
2.38899
2.8358
3.66858
1.73676
2.66229
3.42785
2.7478
2.78599
3.52504
3.5013
2.88935
2.05729
1.98033
2.57397
3.58526
3.51208
2.80789
2.65552
2.81673
2.73617
3.1385
1.75133
2.9831
2.16974
3.38318
1.97728
2.69833
4.48709
2.52122
2.88549
2.60694
2.26909
2.40885
2.67029
2.5394
2.64169
2.70485
3.52987
2.29381
2.4922
1.84772
3.30707
2.63623
3.51708
3.16293
2.4827
2.61832
3.82396
2.20726
2.89019
2.36388
2.76359
3.45847
3.54243
3.3104
3.74714
3.17387
2.63367
2.3621
4.21557
2.84251
2.48129
3.07003
2.94034
3.8107
3.53693
2.90168
2.2953
7.4693
3.01047
3.42542
2.84136
2.67031
2.74544
4.18133
4.09886
3.95194
3.26007
3.86676
3.41634
3.31239
4.42419
3.45538
3.76461
4.85951
3.59836
3.06463
3.788
3.39993
3.67044
3.5466
2.84026
3.14071
2.87276
3.77978
3.1049
2.90259
3.42685
2.5125
3.17111
3.0345
2.74832
3.42802
2.57781
3.36063
3.16727
4.27565
3.82258
2.85871
2.92737
3.94115
2.43113
3.68977
4.41183
3.61561
3.76997
4.64246
3.66777
3.54119
3.76264
3.04024
3.69705
5.06938
3.11542
3.00902
2.51429
3.81261
3.30386
1.95863
4.08285
3.43092
3.40586
3.12614
3.46019
4.13562
3.40383
4.48995
3.34326
4.05618
3.28903
3.72698
3.17592
3.38562
2.81308
2.69688
4.8046
4.04217
4.05212
4.99177
3.70567
5.03799
3.12299
4.39381
2.70241
3.36353
2.73995
2.81215
5.41727
3.16789
3.5311
3.10972
2.49892
2.90229
3.36526
3.59645
4.52106
4.00854
2.92901
3.80158
5.25626
4.00686
3.19904
3.57283
3.51785
4.08617
3.28686
3.92663
5.59661
3.89048
3.87912
4.70791
4.53646
5.00526
3.19326
4.44522
4.61721
2.97116
4.33279
1.80369
3.51096
3.01261
1.88771
4.05855
3.05637
4.54443
3.30331
3.57572
2.0039
3.6894
3.67348
5.06608
3.00472
3.39912
3.79991
2.67772
3.71097
3.837
3.64082
2.93921
3.33689
3.14964
3.06844
3.21858
2.80726
2.94587
2.73528
4.84003
2.92409
4.80403
4.20301
3.4589
3.00468
3.78515
4.01443
3.71167
3.56364
3.30032
2.30009
2.27191
3.2845
3.49236
4.09346
3.33352
3.02978
3.37767
2.99139
3.1406
3.46826
3.84188
4.91529
3.03844
2.30928
3.52451
1.61985
3.10352
1.40639
2.28295
1.70186
1.57236
2.34336
2.42176
3.09871
2.00615
2.51605
2.08959
2.13587
2.58814
3.05035
2.80701
1.88906
1.52354
2.64685
2.47027
2.09331
3.98207
2.23706
2.43422
2.51498
2.36517
2.11718
1.91611
2.25537
3.66386
2.43547
2.05437
2.68632
2.86606
3.49986
2.20626
3.36622
2.10205
1.45173
2.23326
2.04994
1.94729
2.54728
3.26355
2.02679
2.35927
2.73523
2.14183
6.38597
4.1512
2.66136
1.87416
1.5584
1.70395
2.48838
4.06726
2.03303
1.65393
2.71655
2.18839
3.08648
1.90727
3.50545
2.01666
2.21128
1.98447
2.64333
3.45361
2.84218
2.22783
2.1261
2.59899
2.27438
3.06174
3.33826
4.65232
2.00223
3.80491
1.9106
4.58859
2.79168
2.69381
2.63521
2.3636
2.04692
1.88581
3.22537
2.54859
2.97198
2.93641
2.4161
1.90229
2.35539
3.92533
3.6757
2.63831
1.8998
2.25571
2.182
2.51043
2.66728
2.28659
2.07367
3.46103
2.02934
1.82008
2.40216
1.90409
4.17114
4.22416
1.53319
1.98822
2.29143
2.14113
2.40383
2.11644
2.52637
3.86369
3.23887
2.90907
2.95339
2.51169
2.91188
2.44063
2.61824
2.93714
3.59137
2.88903
3.50331
2.3881
3.02864
2.051
3.32656
3.2486
4.47452
2.2962
3.04662
2.5958
2.02067
2.72209
4.14395
4.87185
2.42783
3.63269
2.19438
2.33274
2.72532
2.18285
2.91045
3.51495
2.83186
2.50626
2.18747
3.22751
3.26198
4.16832
2.70159
1.84462
2.10221
3.29843
2.38277
2.02287
1.9161
2.22772
2.27471
2.45056
2.52767
2.2455
2.4777
4.14804
3.02951
2.3241
2.21311
3.14946
4.81083
2.74179
3.29071
3.9924
2.42414
2.84842
3.98133
3.32817
3.08051
2.89516
2.75591
2.70518
4.80144
2.03513
2.26611
3.32738
2.47713
3.81963
2.22824
5.35995
2.59165
2.78394
1.92442
2.21353
3.38001
2.9714
2.36814
2.36852
3.86241
3.19524
2.6224
2.28755
2.78171
2.0737
2.19022
2.30047
2.79466
3.436
2.94457
2.83612
2.79081
3.78797
3.92713
4.06677
5.92898
5.85226
3.64343
4.23764
3.8754
3.90513
3.4843
3.42661
2.96654
3.09876
4.54168
5.19355
6.54466
3.45805
7.01376
3.31943
8.33471
3.25558
4.89139
8.00834
3.44572
4.4175
3.42237
6.45127
4.5429
3.84667
4.40516
3.92195
5.62338
4.69048
4.46582
4.90521
4.5177
4.5832
5.10035
4.97303
4.94473
4.50221
4.60504
5.28276
5.60997
4.91456
4.29129
4.16088
4.91992
4.22379
4.84758
5.3654
4.90158
5.21091
4.39475
4.65954
5.19483
4.93527
4.90616
5.63062
6.08606
6.53277
5.37135
5.93851
4.56283
5.33407
4.93928
4.38416
3.90701
4.71252
6.10917
5.78969
5.01373
4.88273
5.05828
4.69003
4.3473
5.02799
4.62326
5.07147
4.99732
5.03496
5.10449
4.87911
4.71844
4.92825
2.67203
8.57679
4.65573
4.80968
4.96554
4.84358
5.06911
6.03484
4.38425
4.82803
4.25826
5.03311
4.32525
4.55796
4.7301
5.03275
4.33638
5.23625
4.96634
4.99129
4.32188
4.56168
6.07885
4.74037
4.75082
4.77535
4.99875
4.33555
4.41767
5.32382
4.70771
4.58673
4.72847
4.7035
7.78931
5.54285
4.71278
5.09298
7.46606
4.74751
5.40522
6.31469
5.42375
6.7706
4.91056
4.83398
5.07758
4.6361
4.44867
5.20404
4.85741
5.07238
4.50102
5.07115
4.78916
5.36098
5.93123
8.23083
5.47947
4.86851
4.37107
5.33944
5.07665
4.62012
5.36111
4.23749
4.48866
4.69354
5.02697
6.78464
4.53782
5.79303
7.18583
4.01382
4.16789
4.31928
4.81594
4.44187
5.08302
7.89209
4.37502
4.41153
7.0799
4.0053
5.90501
4.70653
6.84539
7.48768
3.97015
7.28476
5.54432
6.73622
3.53551
4.60227
5.33557
5.41176
10.9095
4.18587
7.5074
4.73267
5.86151
6.21492
4.1167
4.4388
6.50259
3.96587
5.29119
4.41937
3.65363
5.18076
4.03808
3.66295
6.81443
6.21915
4.30189
4.01322
4.14713
4.57977
4.39127
5.40749
3.60248
5.22881
6.96819
3.89365
4.44329
6.61951
6.88464
5.05072
5.16248
3.63851
4.5627
6.21794
4.85813
6.46479
5.28021
4.80719
4.34671
3.6921
7.33268
6.27412
4.0095
4.71965
4.68247
4.28452
4.88551
5.20609
6.1222
5.24014
4.34187
5.82382
7.33053
4.93851
4.58931
6.10922
6.38881
5.40084
4.76925
5.4365
4.31901
4.82164
5.44747
5.73907
6.65795
6.09719
5.21412
4.67126
4.70806
4.83344
6.0015
6.19097
5.14398
5.77079
6.48188
6.43651
6.51694
7.24941
6.07143
7.36292
6.42543
5.17259
6.20353
4.99412
3.2724
5.67141
5.13264
6.63343
6.7538
6.1861
7.22322
4.61093
4.13221
4.49357
8.30879
4.12212
2.54286
4.7798
3.79532
3.94572
3.13372
4.70938
3.2691
3.36931
4.05041
3.6851
3.11277
3.2759
4.47175
3.15081
3.6135
3.11043
9.32825
2.37182
5.36846
8.53261
7.32528
11.9324
15.3504
20.0049
15.6016
17.6957
15.097
10.3816
8.22497
8.66503
9.5915
9.72273
9.89401
9.03121
9.06074
9.55092
8.78027
8.81267
8.7329
9.29833
9.05338
9.13478
8.93688
8.72067
10.3864
9.67187
10.3143
9.58501
8.28009
9.29954
10.573
8.43819
9.45055
9.1032
10.66
9.21554
10.1873
10.3547
9.40255
8.84178
8.63226
9.10527
8.93545
9.10606
8.71823
8.93074
9.61737
8.94234
7.7456
8.40368
9.4208
8.71413
8.66193
9.67603
8.80163
9.10108
8.64576
8.71483
8.97804
8.52186
8.72718
8.90295
8.91739
8.6046
8.81625
8.97446
8.77952
9.92777
8.80081
8.53505
10.0875
9.51692
9.33198
9.02093
9.37961
7.70824
8.50916
8.85548
9.03931
9.18388
8.50307
9.27013
10.4707
8.68943
9.88992
8.7906
8.7974
8.5172
8.5413
9.07649
9.81512
8.80624
8.71024
10.5095
8.82243
8.44819
8.66045
8.68577
8.7982
8.7647
9.773
8.47883
9.15877
10.2064
8.93625
8.64459
9.29088
9.04834
9.3473
8.82742
9.00511
8.68633
9.24824
8.76178
9.07322
8.91887
9.86793
8.80569
8.85417
9.21621
8.56034
8.92034
10.0478
9.37574
9.28863
10.2575
8.53474
8.98767
9.01907
8.85062
9.97336
8.41276
8.99803
9.14729
8.82612
9.8697
9.1083
9.11176
8.70897
9.36494
8.85591
8.39176
8.8648
8.8361
8.96604
8.99204
8.85009
8.43595
7.69165
7.53522
8.77824
8.93617
8.06828
9.36566
9.60039
8.14246
9.20885
8.09197
7.99835
8.53035
8.13278
6.89903
9.36667
7.97029
9.32707
3.65613
3.66759
4.43929
4.0146
3.29684
3.52027
3.59372
2.74824
5.08493
3.94304
3.06739
2.25664
4.13052
5.9877
4.62188
3.35985
4.53589
3.04538
3.46428
4.54729
4.29503
4.06805
3.45239
3.18438
3.01311
3.70123
3.27769
3.52937
3.40889
3.95853
4.25084
3.87396
3.38207
3.47388
3.06802
4.136
3.3821
3.55544
3.75238
2.88357
2.86481
3.4369
3.359
3.49839
4.07045
2.90611
3.71469
3.4573
4.31992
3.78135
3.27748
3.78541
2.9794
4.1116
3.52767
3.79164
3.8305
3.22284
3.44518
3.7323
3.89679
3.60289
4.18885
4.63097
3.30816
3.52461
4.64808
3.20756
3.60277
3.90153
3.50479
3.05625
3.20514
3.2139
3.98874
3.57529
4.70224
4.13751
3.647
4.4247
3.4323
3.20645
4.81388
1.60382
3.75143
2.97321
3.72691
3.62545
3.54822
3.86685
2.41963
3.96331
4.65438
3.68191
6.60128
2.763
5.04052
3.17902
6.85074
2.96513
3.2756
3.15683
5.96349
3.15087
5.3791
3.45696
5.80714
3.15225
3.63572
3.30139
3.83231
5.36948
4.05726
3.89089
4.00594
5.15757
5.1681
3.30687
3.22475
3.57868
7.02347
3.95517
3.69184
4.00146
5.71627
3.76936
3.45826
6.34622
2.65064
3.04526
3.44459
3.62697
3.53808
5.09339
6.83688
5.20978
3.33953
3.41904
6.16366
3.67362
4.09236
3.79197
3.79577
6.32659
3.68317
4.10859
6.42179
4.30953
3.71529
4.15245
3.72857
4.05558
3.57726
3.72807
4.2949
5.47746
3.85356
6.08577
3.44421
4.76552
4.63378
4.90663
6.16322
4.85136
3.44595
5.17846
4.25838
3.99868
4.90005
6.19471
4.22321
3.20062
5.29489
3.72951
5.73436
5.60643
7.20656
7.25065
4.80608
6.55272
4.23019
3.65485
3.75523
6.13773
4.57065
5.17821
3.96971
6.40563
6.71345
3.45113
4.20203
3.69745
2.91311
3.18365
4.77906
3.92899
5.27634
4.32169
3.73452
4.94765
2.91149
4.8082
4.24706
4.21438
3.54293
3.38558
4.27948
3.08995
5.09231
3.66869
2.61946
3.01989
2.65941
6.45841
5.30576
3.20307
4.00924
4.26885
4.64369
3.97814
4.44655
2.51174
3.02611
4.2439
4.11885
4.4893
3.8786
4.48531
3.66085
3.19537
3.65973
6.03042
3.59588
3.46817
3.57237
3.94464
4.444
4.58716
5.00303
3.65195
4.85053
3.48487
3.71067
4.63884
5.41456
4.0968
2.22301
2.24274
2.64455
4.72595
4.73059
3.57635
4.79158
3.62277
4.67644
3.9874
4.9132
3.57626
3.68184
4.29664
4.56908
3.92526
4.18998
4.60654
4.21644
4.19989
2.53233
5.1274
4.34998
3.72404
2.88299
3.50667
4.85567
4.61751
3.89634
2.68094
3.32307
3.42587
2.47486
2.97393
5.27633
3.21663
3.1099
2.5618
4.39242
2.52708
3.09705
3.83904
2.93263
3.45231
3.08412
2.72247
3.68606
3.00734
2.36525
2.16577
3.33699
2.89328
3.06983
1.92489
3.97096
3.03403
2.7221
3.21936
3.4297
3.24523
3.60016
3.37498
2.55835
2.49308
5.463
2.18762
3.14987
6.75241
4.7219
3.28548
6.32858
4.26466
5.60234
4.24748
2.58372
5.11842
3.61404
7.08531
5.7255
2.32679
2.96559
3.58288
5.69538
3.24938
5.23222
3.07716
2.83979
2.60851
2.88858
2.8508
4.97793
3.19308
3.87626
2.94718
3.74636
3.53487
5.591
5.48124
5.32579
4.54404
2.20736
5.47472
3.61991
3.41122
2.8495
2.79841
2.44639
2.73448
2.37879
2.50667
3.22918
3.18359
2.40974
2.73545
2.76313
2.7457
3.28103
2.57888
2.4466
3.39991
2.73943
3.68074
2.86583
3.13222
2.6671
3.63268
2.69016
2.63375
5.06692
3.00828
2.46117
2.18994
2.06285
2.9428
3.68519
2.43138
2.7211
4.83353
2.78491
2.25951
4.16771
6.76531
4.50021
6.66955
5.44688
5.98821
6.51143
6.91614
5.02738
8.92683
8.32686
4.9313
5.73605
4.72376
6.00653
6.31643
6.13268
5.51187
3.28428
6.55971
8.40601
4.00826
5.41665
5.58755
5.35916
4.69437
6.37527
5.38964
8.51924
2.58796
3.44739
2.69751
7.34478
2.71607
3.52181
3.26035
4.90078
3.16278
2.92512
4.82381
4.7338
3.59269
2.31945
8.48898
3.73375
2.7729
3.59797
3.36474
4.69847
5.53688
2.72669
2.57082
3.37252
5.34158
5.63564
3.19225
4.01608
3.36688
2.76796
4.86084
4.33651
6.48459
4.48205
2.86702
4.87698
7.37293
6.94031
4.6787
3.71227
4.30709
2.73218
2.093
5.49624
3.21517
2.40102
5.20058
3.63319
8.02008
4.46754
3.93687
4.59657
8.01324
4.03826
5.23702
5.61791
4.64712
7.73861
4.07529
3.93764
6.06138
5.30101
4.98389
3.18886
2.98823
5.37037
8.8265
4.63829
5.1948
6.59209
4.31855
3.60248
2.80855
5.35994
4.24813
4.38754
4.68681
5.51797
3.91821
2.28596
2.85809
2.24824
3.3547
4.97338
4.29849
3.93959
3.31757
3.38359
4.05863
5.46165
3.97151
2.9754
3.7034
6.0627
3.61761
6.44941
4.08681
6.44797
3.78657
3.42025
5.91197
3.35239
5.16601
3.20022
3.85173
4.07956
3.09422
7.3039
3.5842
3.48642
3.42175
3.21479
6.4749
3.25311
3.29813
4.59613
3.03673
3.1358
3.32216
3.55826
3.97582
3.33011
6.3379
3.84098
3.52103
3.38063
3.35645
3.54125
3.89552
5.6844
5.60151
3.2783
3.95947
3.63076
4.93553
3.86276
3.27219
3.72465
3.62711
6.93127
3.84649
3.65977
3.95717
3.68468
3.52705
4.13
4.03751
3.63585
3.6903
3.29719
3.35264
5.71974
4.03919
3.66883
3.31638
5.89316
4.11291
4.12776
3.13118
4.25145
3.56417
5.11494
5.60043
5.15448
3.87959
3.98547
5.25296
3.68888
5.261
6.47692
4.75721
3.97292
3.71167
3.8849
3.53457
3.60666
4.09506
3.81413
4.05608
4.38403
6.28219
4.91856
6.31832
4.24286
3.96898
4.57963
4.10003
3.62983
4.03068
3.99819
3.72627
4.89848
6.39492
3.54307
3.3608
3.61928
5.22555
3.86112
6.47429
4.00115
5.93892
5.62844
4.19696
4.81457
5.17528
3.65783
5.17942
3.68061
3.1099
5.27327
4.60985
4.59759
3.64627
3.42331
5.23918
3.78334
3.38734
5.60353
3.31007
3.8096
4.27546
3.90489
3.98242
3.61537
6.3773
3.7236
4.95768
4.34717
3.90094
4.40398
4.30099
5.10218
3.7722
4.06063
6.20938
3.55103
4.64956
6.78636
6.19322
4.41027
5.29148
4.12852
6.15352
4.25987
3.8576
4.61261
6.06644
6.02881
3.95885
3.40902
3.75965
4.34658
4.27346
4.04999
4.67574
5.58236
4.35797
4.18212
7.25419
5.88085
3.9978
4.25311
4.58872
4.67743
4.78402
3.99741
5.51143
5.65842
5.67243
7.3194
7.44867
4.34765
6.21047
4.96072
4.63158
6.99963
5.00425
5.2217
6.01678
6.16858
6.00599
5.26878
4.5264
5.75445
6.42395
5.7148
6.38318
6.39159
4.56516
5.54433
5.74606
5.44173
3.03292
3.31989
5.2524
3.17989
5.83465
7.02135
8.10742
4.50558
4.86463
8.72169
4.69391
3.28225
4.476
6.3387
5.06541
5.93235
3.61929
2.94516
3.25578
3.64531
4.8036
2.82625
3.88488
2.94104
5.069
5.42652
3.57893
4.48815
3.41159
5.01153
3.3506
2.12633
4.94594
2.475
4.9163
5.23202
3.69642
3.32302
6.11396
4.21913
3.62653
5.45974
5.38726
5.33396
4.66065
4.07177
3.42526
3.71989
3.27195
3.8235
2.63306
5.52088
3.94733
3.10083
4.40128
3.53076
4.50234
4.203
5.14858
3.21568
3.88082
4.79506
2.86369
3.65067
3.05322
3.10381
3.81987
3.93669
3.1036
3.08532
3.60106
3.2304
4.72866
4.11601
3.0618
3.33138
3.1375
3.0339
3.80181
3.33646
3.32665
4.19516
3.92722
3.24002
4.24038
3.56892
4.93232
3.35638
3.58859
3.91667
3.787
4.41491
3.83045
4.24665
3.9182
4.38077
3.50389
4.40358
2.78277
3.46651
3.36823
3.93171
4.20692
3.31805
3.29136
4.22839
4.00128
3.79397
3.77698
3.73827
3.62895
4.17183
4.94477
6.70792
7.59541
7.95358
7.56928
6.0447
3.44514
4.35579
5.91257
5.42291
3.08622
4.36603
3.20755
5.12375
4.40194
3.24364
5.47177
3.31332
4.02917
5.12455
3.40392
5.28966
4.48415
5.36149
5.69704
5.32614
4.28987
4.52375
6.69076
3.54897
3.30096
4.81757
3.64701
3.19198
5.28749
5.59858
2.97887
3.40359
2.9289
5.16217
4.32099
4.96567
4.97126
4.28726
5.13729
5.10516
5.5757
3.76136
2.8725
5.16016
5.06215
5.44775
5.20073
5.2199
3.32828
3.78908
5.15721
5.33083
4.93614
3.04166
4.16035
3.9844
5.26243
5.478
2.95428
5.25445
3.04603
3.50135
2.94302
5.19698
4.85819
4.32606
4.20614
4.05715
2.87248
3.68445
4.20826
3.39839
4.98745
4.56854
3.80889
5.21176
3.52959
4.27258
4.58999
3.53498
3.2873
4.19929
5.42625
4.9894
3.78521
3.69282
3.42936
4.01026
3.32492
3.54655
5.0714
2.91071
3.08513
4.02637
2.77441
2.96915
4.6591
2.51934
2.82306
3.46852
3.11792
3.06642
5.05051
3.9291
3.99399
3.4634
3.92684
3.80632
3.28352
4.04915
4.26914
3.18809
3.44923
4.19834
3.92677
3.63608
3.79381
4.21814
5.28382
2.91919
2.64174
4.00647
3.10086
3.63558
3.70124
3.42592
3.62657
2.99131
3.43987
3.28779
3.20171
3.14701
3.19737
4.72905
3.55122
3.22046
3.75386
3.03274
3.58114
3.74212
3.08605
3.72788
4.0991
3.26601
3.943
3.21909
5.00153
3.29747
3.97569
3.03555
3.28745
2.60993
3.2637
3.68378
3.92279
4.58476
2.55812
3.74959
2.80021
3.94233
3.4095
3.37521
3.09956
2.47412
4.17307
3.54806
2.33739
2.67441
3.86423
4.62619
3.80032
3.60136
2.67479
3.23573
3.73115
3.66167
3.99246
2.95977
3.65041
3.077
3.27012
3.39496
4.21391
2.73622
3.82552
3.1981
3.52129
3.67411
3.60582
2.7993
3.98514
3.04616
3.34683
4.02485
3.17149
3.81573
3.72151
2.87968
3.83163
3.11876
3.19543
3.47147
3.48136
3.17472
5.57744
4.7105
3.44075
3.61821
2.89918
3.28517
3.95951
5.26842
4.25827
2.5222
2.9985
3.04919
3.95241
3.23531
4.76316
4.78499
4.66698
3.00114
4.72645
3.7836
2.85399
3.24096
4.51591
5.19031
6.29138
4.56724
3.77052
2.64655
4.87559
3.78603
4.0871
3.35053
4.52532
3.63738
2.62745
3.19496
4.80605
3.50988
5.52941
2.9769
3.19013
5.20963
3.92831
5.28418
2.86786
3.8692
3.73351
2.52093
2.90815
2.78365
4.79596
3.2913
3.40105
3.79515
3.62277
7.29407
3.31042
4.93983
3.81823
4.06429
3.36865
2.47553
3.0213
3.7028
3.48119
3.49111
3.4549
2.54557
4.04022
3.89782
3.92839
3.78346
3.66338
3.2574
3.48517
2.76814
3.16591
3.88884
2.87217
3.24437
4.36476
3.17001
2.83946
3.35938
4.57263
3.07254
3.33958
3.25175
2.85625
3.85583
3.4783
3.87788
3.74379
3.72428
2.27113
4.35131
3.64259
2.16425
2.97793
4.12193
2.85505
3.41057
1.42988
3.64933
2.89487
1.99365
3.11105
4.47145
2.04368
2.70496
2.10202
1.8958
3.78827
2.346
2.4599
2.22648
2.34701
2.93719
2.46995
3.90997
3.08196
3.82451
2.66216
2.8676
2.65601
2.17845
3.07024
2.49243
3.10994
3.70599
3.20764
2.75925
2.04877
2.04799
3.6828
2.38084
3.00986
2.08736
2.30444
3.09193
3.25213
2.33225
3.53988
2.72548
3.54685
3.12174
2.88844
1.98744
2.80051
3.79396
2.38142
2.54832
2.62283
2.55703
2.35325
3.12805
2.5175
2.73747
3.29539
3.82488
2.44502
2.97312
2.30723
2.79046
2.77094
2.47572
3.15262
2.28843
2.55952
2.0819
3.58379
3.39846
1.81053
1.81526
3.28786
2.36975
3.0474
2.27335
2.22919
2.35056
2.63687
3.2781
3.20912
2.96752
2.91803
3.07396
2.43736
2.74865
2.74346
3.05682
3.19504
2.19107
2.01998
2.54334
1.6643
2.54578
2.34713
3.56862
4.56186
2.78729
2.65916
3.29204
3.41749
2.06816
2.81696
3.61884
3.38745
2.93541
2.94307
3.07676
2.40789
3.32744
2.58435
2.87877
2.84378
2.9538
3.2123
1.90881
2.70528
2.61046
3.0011
2.70031
1.9634
2.32577
2.08393
2.14095
2.25759
2.73355
3.21724
1.97925
2.37489
2.36238
5.56675
1.58902
2.53988
1.73156
3.6905
2.78794
3.09085
2.45624
2.5886
3.24506
3.45767
1.81899
1.17306
2.61451
5.39946
2.3829
3.82334
3.32776
3.48338
3.82707
3.1294
3.74404
2.79157
4.01683
3.80474
3.80481
2.7333
2.10429
5.25928
2.61839
3.82594
3.70375
4.14551
4.55609
3.8247
3.72591
3.19771
3.72795
3.54194
3.82795
2.51222
3.99011
2.79544
3.71614
3.48612
3.84705
3.87054
3.32751
3.87905
3.22913
4.17099
2.71513
2.71378
3.26486
1.82052
3.78199
2.51321
4.10417
3.2767
1.67
3.36012
4.08579
4.65902
3.81081
3.73227
2.71318
2.80048
3.21692
4.59714
2.98473
3.60335
3.8005
2.77382
2.77434
2.95655
3.63252
2.80716
3.34913
3.85958
3.6914
3.8038
5.17114
3.96785
2.86736
3.39
7.05012
3.1689
2.54898
3.4878
2.59284
2.05318
1.79977
1.98032
2.44311
3.06659
2.50456
2.0819
2.67472
2.05147
2.56838
4.73211
1.91342
2.45068
2.77891
2.10817
2.67956
2.9677
1.62308
2.38427
1.99056
2.39457
1.78219
2.00289
2.87287
2.68715
2.28847
1.91212
1.80408
2.10462
2.46285
2.23176
3.02584
2.61945
2.03254
3.09557
2.21211
2.46754
2.08737
1.88231
2.60788
2.56142
2.13234
2.13787
2.18956
2.49405
2.49061
2.46559
1.94075
2.16618
2.64524
2.29055
2.47694
1.94641
2.24318
2.59323
2.07708
2.57792
2.81041
2.49599
2.4416
2.11443
2.12861
2.6022
2.86198
2.42827
2.73946
2.27653
1.97912
2.11215
1.96723
2.26065
2.56693
2.41864
2.39935
1.39671
2.10214
2.73561
2.31265
2.04759
2.98011
2.0169
2.34537
3.06989
2.3648
2.51136
1.82139
1.89255
3.20307
2.49032
1.88572
1.79321
2.51705
2.65148
1.94963
1.7973
3.08832
2.00743
2.2446
1.7071
2.17504
2.01813
2.19931
1.78476
2.24103
2.69665
2.80161
3.09194
2.70671
1.86669
1.87072
2.82162
2.15218
5.44591
2.39483
3.37439
3.19963
2.02528
1.69984
2.72361
1.86842
1.38589
1.61818
2.57268
4.00301
2.75118
2.07866
2.44347
2.23397
3.46217
2.53746
3.53286
2.32618
2.60919
2.21119
3.38981
2.78331
1.7073
3.36779
2.71255
2.71186
2.57952
2.64014
2.62872
2.85072
2.12254
3.84181
2.59192
2.42376
2.07689
3.02072
3.05934
2.78154
2.33492
2.48496
2.29318
2.228
2.33599
1.64318
2.36579
2.05977
2.40904
2.68745
2.37108
2.22261
2.00121
3.95939
2.37419
2.58824
2.20784
2.17613
1.91792
1.90155
2.01177
1.75333
1.7345
2.01616
1.85912
2.68098
2.03944
1.80192
2.15165
1.78532
3.34022
1.93829
2.89979
2.42693
2.06198
2.50076
2.01608
4.33393
1.84651
1.8014
2.41606
2.01433
3.05107
2.22213
2.11494
2.7107
2.5613
2.56261
2.60669
2.92003
1.87292
2.49308
1.8917
2.48178
2.33536
2.26272
2.2347
3.32594
2.5065
1.56296
2.307
2.61719
2.5824
2.97053
2.55088
1.61172
2.2853
1.96047
2.26839
1.59695
2.7392
1.88557
1.87679
2.29014
2.48925
2.98854
2.81443
2.04307
2.38348
1.54551
1.75615
2.51638
2.83788
4.70795
2.28451
1.742
1.93881
2.78979
2.0527
2.37845
2.58359
1.49394
1.74941
1.95121
1.73825
2.00926
1.84612
2.24832
2.43226
2.20328
1.65896
2.25593
1.71813
2.08849
1.90167
2.15184
2.57405
2.64332
2.4274
2.04116
3.00615
1.94856
1.83565
2.8138
2.11817
2.71958
2.66898
7.72659
3.60709
1.99111
3.27966
4.96848
2.82341
2.58747
2.59611
2.56396
2.94029
3.40586
4.177
2.30009
5.30578
4.89458
3.5176
3.20165
3.89797
4.73705
4.64938
4.15539
6.57301
10.1321
6.36635
4.27662
4.82798
3.84484
4.9253
7.29505
2.66908
4.10077
4.02467
5.46685
4.02326
3.52984
4.32723
5.00291
4.6634
3.16895
2.87623
7.17468
4.10686
5.53357
3.51501
2.11089
4.22341
3.27064
2.35837
4.84429
2.95733
2.27319
3.54755
2.84545
2.1066
3.02269
2.28864
1.59071
2.62234
2.28659
2.66531
2.42415
2.79383
4.26166
1.5921
4.84768
2.73225
2.16621
1.62283
1.64846
1.16028
3.53825
1.59577
2.37959
1.74065
1.87954
2.81842
1.8958
1.26791
2.51064
4.69353
3.92018
3.41174
2.32205
2.77931
2.10479
1.95424
1.90856
3.21961
2.50967
1.88715
2.94063
3.93558
1.44641
2.9055
1.73814
2.10347
1.61178
4.28004
1.83145
1.27303
2.60544
4.05212
1.51279
3.12191
1.13539
1.13929
1.85613
1.93808
3.22476
1.92981
1.74171
1.64083
1.64882
2.08905
1.74047
1.35877
2.11479
1.62851
5.43574
1.82467
3.72118
1.86382
2.34216
2.99782
1.79185
2.47633
2.46259
1.85559
2.52713
1.7264
2.48888
2.78782
5.28802
1.66515
2.42381
2.56823
1.58284
2.85952
3.18496
1.63713
2.46056
2.03599
2.58258
1.2984
2.16941
3.12838
1.33599
2.23474
1.19021
4.23868
2.79616
2.63905
1.65081
3.48377
2.53849
2.00972
2.33667
2.78209
3.43802
2.49125
3.55069
2.56246
2.51409
2.95801
1.30166
2.01458
2.23434
1.80037
3.01531
1.78781
3.29033
4.02261
3.15385
1.65287
1.18919
2.69311
2.2846
1.76149
2.62215
1.77929
2.91558
2.99051
1.91269
1.64966
1.48223
4.5144
2.76345
1.92569
3.38042
3.06147
3.90344
2.87059
1.69392
2.69705
2.30459
1.15093
2.63702
3.21586
2.50899
3.40742
3.09399
1.56986
3.02451
2.21308
1.71683
2.07789
1.21177
4.41173
2.4345
2.20649
2.21798
2.17082
1.96363
1.75566
2.28891
2.29139
2.6088
1.91531
3.79426
3.02002
3.11015
2.42241
1.85278
1.94382
2.15668
2.33746
3.0401
2.3079
2.37604
2.83226
2.13175
2.28885
1.82933
2.31326
2.11561
1.90865
2.01075
1.84187
2.6041
3.99167
1.89247
2.47681
2.3421
2.22946
2.99834
2.66125
2.64973
2.82348
2.18882
1.7731
1.76746
2.13771
2.68794
2.05745
1.96907
1.90729
1.85246
2.02292
1.90529
1.98193
1.8706
2.62487
1.99483
1.64552
2.38203
2.51243
2.93198
1.86074
2.23154
2.59682
1.98836
3.88536
2.67979
2.44226
2.0366
2.09085
1.91937
2.35246
2.005
2.81123
2.19507
2.29071
2.47278
1.76847
4.05737
2.25238
2.74141
2.454
4.55218
4.29724
6.8237
3.1897
4.78476
1.84226
3.45708
3.66612
3.73137
3.47794
2.50119
2.97428
3.14098
3.3245
2.88259
3.44894
2.09129
2.21129
3.0118
2.60475
2.93777
2.15771
2.08041
2.39356
2.6843
2.54757
3.54528
2.3973
2.82337
2.94059
2.03102
2.08933
2.65131
2.24255
2.42356
2.25099
2.59948
2.54758
3.32876
2.26693
2.58676
2.37359
2.47004
1.95078
3.12491
3.13188
4.58068
2.16171
5.27233
1.69227
2.43997
5.15336
5.02463
2.70531
2.71263
2.28669
2.59979
2.53251
2.38959
2.69135
4.07235
4.52722
3.27719
2.37563
2.32065
4.06446
2.0741
2.39581
2.73061
2.75688
4.71575
2.48252
4.91549
2.88019
3.10255
2.43772
4.82458
4.15206
2.55936
2.41554
4.478
4.37803
2.71235
2.89645
4.43305
2.15135
2.05267
3.10272
2.32384
2.91186
2.95488
3.02081
1.89874
2.9441
2.54495
4.47737
3.02958
3.21291
2.89185
2.80192
3.41726
3.61341
2.26816
3.22988
3.78832
3.06407
3.43774
3.51415
2.31714
3.03706
2.84747
3.11497
2.93807
3.60623
3.25966
4.68745
2.43699
2.67952
2.41015
2.54542
4.98927
2.79878
5.19206
3.99058
2.29258
1.78965
2.92871
2.73926
4.48876
3.18383
1.8785
3.14779
2.33562
2.17698
2.72435
2.81718
3.16397
3.44457
2.74129
2.39524
4.65472
2.48207
3.34008
2.69251
4.14819
4.91096
2.77263
2.73206
2.74026
2.3768
3.96464
4.06821
2.42109
2.63415
2.79946
2.60095
2.31611
2.71204
3.29143
3.55
2.66818
2.86634
2.89871
4.72905
4.75706
2.30496
2.82226
3.41651
2.92541
1.90451
2.65431
2.24088
3.25329
3.11766
2.06815
2.48412
3.18962
2.76352
2.3954
2.90215
2.63589
5.42807
3.09916
2.66255
3.26464
2.86089
2.82264
2.24606
5.02171
3.12195
4.8707
2.88924
2.75468
2.6698
2.90193
2.69394
2.88993
2.85541
4.3892
2.6005
3.74819
2.93308
4.12066
1.82026
2.85959
4.6269
2.48808
2.4485
4.04382
2.84078
4.01228
3.21309
3.78468
2.25382
2.36891
2.60772
2.08078
1.9634
2.71268
4.74582
2.23181
2.59971
1.93119
2.67397
2.09559
3.71944
2.25709
5.18035
2.85576
2.99771
2.97643
4.51117
2.80108
2.12515
2.03615
1.7174
1.97965
2.86492
2.1713
3.34093
2.69763
1.8443
2.25503
2.12881
2.24057
1.99335
3.29149
2.15379
2.04747
3.33166
2.85458
2.31311
2.91412
1.78842
2.11994
1.7878
2.20769
2.39107
3.90939
2.0832
2.08648
1.87202
2.85078
2.89729
1.8722
2.26846
2.2351
2.05069
2.41118
2.28331
1.96865
1.79823
2.44263
2.66417
1.75635
1.7997
1.62416
2.17493
3.0625
2.06036
1.88335
4.08308
2.3936
2.38555
2.79001
3.10656
2.12834
3.09972
2.32166
2.14376
2.55943
2.6476
2.57253
1.71796
3.93308
1.88455
1.99645
2.6872
3.10734
2.57903
2.64883
2.80987
2.33744
2.54517
2.00762
4.96935
2.79599
3.35248
3.50887
3.96422
2.09483
2.26831
2.92411
2.28076
1.59737
2.05759
2.0958
3.0233
1.69084
2.27647
2.05034
2.69998
1.97309
2.71074
2.62856
2.33536
3.62191
2.36634
1.82042
2.72759
1.50768
2.63451
3.63698
2.5715
3.46421
1.90723
1.57297
2.80437
1.7698
2.50405
2.99083
3.29681
4.85021
3.29663
2.09996
3.82674
2.32668
3.62406
1.74805
3.89702
2.18095
2.19647
1.92652
2.66799
2.28406
3.15577
2.79781
2.63876
2.02094
3.53304
2.12444
2.06668
2.36859
4.1219
2.259
4.40808
2.58833
2.55869
3.23487
1.90326
2.23749
2.1851
2.30488
2.2888
2.46384
2.18054
2.58737
2.32319
4.37439
2.32728
2.40924
5.69728
2.4808
2.04412
2.19525
2.55686
1.95067
2.41214
2.14148
6.36895
3.05907
2.44654
3.32107
3.38002
3.1402
2.05123
2.24746
2.83304
1.69499
2.66495
2.33671
3.52931
2.29716
2.54908
2.4771
2.62992
3.50249
2.19016
2.7301
2.33967
3.64153
2.59622
2.38348
2.91746
3.12413
5.9228
2.40176
2.99214
2.40453
2.01113
2.92528
3.23762
6.48531
4.7325
4.06205
5.89681
2.36988
2.55022
3.93209
4.97757
2.6514
4.49828
2.14411
2.37574
2.71715
2.45364
1.90572
3.78308
2.66852
4.0682
2.64921
2.19737
2.72717
1.80612
3.83298
2.72935
2.67989
3.27754
2.40546
1.94015
2.25429
2.07754
2.65289
2.01981
1.76509
2.48487
2.9674
3.4225
1.78462
2.39233
2.07151
2.32672
2.51366
2.81718
4.17786
1.49916
3.83966
5.02891
2.19638
1.76977
2.18999
2.25955
1.98797
2.06634
1.86422
3.272
2.06038
2.57414
2.01558
2.38484
1.69613
1.84178
1.56169
2.647
2.28622
1.46569
3.03575
2.2734
2.20817
5.29521
1.8809
5.19185
2.11051
2.63178
1.76921
2.51815
3.54925
1.94057
1.98045
2.78225
1.67576
2.14016
2.91017
2.62245
2.1352
3.74662
1.95644
2.13925
2.84545
2.12701
2.26482
2.32729
2.24631
2.1248
2.59732
2.14697
2.82188
2.19253
2.82004
1.64409
1.89572
1.56144
2.33166
2.07569
2.86728
2.79697
1.60381
1.71635
2.46259
2.70395
2.76931
2.61306
2.2807
2.70737
2.24424
1.9808
2.45025
2.90562
3.71705
1.94041
2.46725
2.81332
2.6431
2.15291
2.65679
2.00314
2.48411
1.99482
2.61647
2.16591
2.40385
2.18739
2.10772
1.55068
2.33296
2.84696
2.56912
2.64445
2.79188
2.13207
2.49239
2.39461
2.54003
3.88792
2.45496
2.08694
2.88276
3.0257
2.40687
1.65155
2.61519
2.62442
2.46534
2.27857
2.5003
2.19789
1.91262
2.06084
1.76392
2.963
1.63967
1.48825
2.3382
2.81319
2.77446
1.9853
2.67338
2.07555
2.18138
1.47518
2.60715
2.1952
2.27449
2.16421
2.62657
2.73196
1.9014
2.36341
2.01285
2.32415
3.8486
1.95658
1.8521
1.79379
1.96161
2.77018
2.18172
2.30591
2.24388
2.07299
1.87037
2.3171
1.95166
2.2459
2.42377
2.54897
2.4848
2.33592
1.67781
1.66319
1.70622
2.07071
3.03281
2.72461
3.89056
1.54212
2.2068
3.2938
3.15257
1.4652
2.37645
1.59523
2.71328
1.95335
2.29006
1.55941
2.2088
1.28769
2.75972
2.3982
2.42009
2.2287
1.16456
3.37623
2.19014
3.11246
2.3623
2.59569
3.0866
2.56476
4.26136
3.85597
2.91409
2.91162
2.31149
4.35504
2.37595
2.84008
2.77687
4.61543
2.47301
3.08993
3.42973
3.16646
2.28319
2.88523
2.29959
3.04526
2.66601
2.31053
2.795
2.49292
3.18282
3.61619
4.66678
2.91342
2.33603
2.33322
4.56219
3.13213
2.56673
5.07945
2.9179
3.12043
3.51954
2.63888
2.76815
2.85626
2.31287
2.5794
3.04942
4.15844
3.5321
3.09062
3.16499
2.25618
3.12381
4.09413
2.62067
3.45632
3.23442
2.94827
3.57535
2.5964
2.59603
2.75159
2.89715
2.44773
3.14825
2.35626
3.83799
3.60002
3.31988
2.70762
2.60451
3.62734
2.4601
2.43506
2.33656
5.57591
2.95117
2.68732
3.84857
2.38285
3.06851
2.48716
2.80687
3.89519
2.4972
2.56931
3.12495
2.3797
3.50653
2.4606
5.68228
3.47739
3.03844
3.61946
2.56027
3.31067
2.55094
2.8348
3.20503
3.56578
4.66314
3.135
3.20788
3.79396
2.0543
2.79057
3.65351
3.14811
5.44252
3.33756
2.54754
2.40581
4.4598
5.58001
3.73651
3.94711
3.21556
5.27905
3.43892
3.15311
2.70686
2.65814
5.92931
3.45898
4.55924
4.02782
3.07407
4.34357
3.20605
2.50237
3.54331
2.9548
5.2267
3.25247
4.31663
2.82768
3.74037
2.44457
4.99644
3.93186
3.39516
3.9659
2.58027
2.62612
3.34849
3.26532
3.08434
2.76908
5.19425
2.54136
2.98141
2.91807
2.89307
3.11549
2.68229
4.82923
4.42984
2.67012
3.84373
3.65556
2.81916
2.75233
5.15
3.0898
5.16373
4.03904
2.79712
2.78783
1.38433
6.26098
3.24821
4.05935
4.22641
5.72922
3.29067
2.92952
2.78903
3.12227
3.7214
4.01325
3.02276
3.7539
3.92103
5.30482
5.40685
4.40944
3.10744
3.0752
4.18737
4.33387
4.82183
3.1378
2.12063
3.02928
4.46266
2.3131
3.91758
3.97783
4.51938
3.34727
4.02051
3.9136
4.72486
5.78059
4.23249
3.9622
5.03764
3.38159
4.01694
5.88765
3.43981
4.07696
3.94244
4.88914
5.28471
5.28005
6.38761
6.27001
5.55713
4.97106
4.67779
5.538
5.44829
2.78526
5.25946
4.99184
4.15454
4.13532
4.39961
5.8204
3.36385
3.74054
3.37645
4.22464
3.3071
3.81653
4.19249
5.86891
3.80743
5.91372
3.7785
4.66831
3.86891
4.52277
6.92258
5.68273
5.70642
5.18322
3.12601
7.07302
3.66357
3.73522
3.01839
4.43116
7.37349
2.31283
2.18675
3.94872
5.15801
1.97356
3.72559
4.29108
2.87664
4.3611
3.6471
3.55722
2.43032
2.79194
4.53896
3.74085
4.26758
3.14092
3.82497
2.63408
2.96427
2.59995
3.50607
3.15652
3.85982
2.03938
3.60466
2.5059
2.29717
4.57812
4.33588
4.21533
2.7402
2.22768
4.2915
3.70068
2.46276
3.15178
4.91818
4.37392
4.16073
3.25495
3.65456
3.81908
3.90475
3.4945
4.11433
4.67223
3.17826
3.54983
5.70761
4.03211
3.24255
3.13409
5.56448
2.52941
3.07911
4.48949
3.59386
4.3148
4.79123
2.34362
5.53063
4.06153
4.14397
3.94977
2.88997
4.89149
4.1274
5.66791
4.40989
3.55138
4.74308
5.82789
4.13373
4.18718
3.7836
4.47742
3.2164
4.12414
3.36453
3.51698
3.48392
2.85757
2.77372
4.19819
3.89214
3.7581
3.37523
4.12833
4.00467
3.84528
3.4811
4.13304
3.1053
4.87695
2.33041
3.10308
4.90942
3.96792
2.65873
3.71763
3.6967
4.00605
4.77473
4.15048
4.04282
3.91458
4.03462
2.22388
7.75549
3.39569
4.38223
4.29438
2.81627
3.39431
4.69533
7.0421
3.60974
3.9263
3.93237
3.21113
4.07628
3.35562
4.313
7.79722
4.12185
3.2454
3.26162
3.15196
3.23562
4.11059
3.77835
4.15665
2.64648
4.36357
4.02351
4.55831
4.30617
3.37769
3.93785
4.1885
4.89314
4.84582
3.67109
4.44344
3.72224
2.65103
2.31249
4.4704
4.32748
4.14985
4.73666
3.17182
3.08855
5.49106
3.98905
3.7841
4.00496
2.7433
3.52017
5.53432
4.23636
2.97694
3.9262
4.60586
4.0665
3.54732
4.31652
2.18739
3.97259
2.53808
2.68972
2.81105
3.92102
2.50425
2.53836
3.04416
4.46266
2.79156
2.86127
3.52909
2.59873
3.43812
2.03773
3.02045
2.52008
2.17045
2.31817
2.54876
4.38297
2.19119
4.52604
2.8142
2.60441
3.77908
2.13511
3.47603
2.9517
2.41209
2.85986
2.41847
3.0057
2.46738
3.13891
2.76632
2.73808
2.46462
2.50472
2.20376
2.58809
2.92222
2.08444
2.21978
2.74037
2.54063
2.24575
2.41584
1.95769
4.44752
2.48889
2.873
2.15592
2.9178
2.33818
3.81321
2.03073
2.07753
2.55567
2.70082
2.4224
2.4677
2.28343
2.14604
2.8825
2.8235
2.5647
3.30797
3.79793
2.28918
2.22524
2.61788
2.44655
2.82675
2.44429
2.96696
2.56678
2.62999
3.43536
2.46891
2.92539
2.51409
2.89626
2.54785
2.83692
3.24853
2.35925
2.07129
2.3139
2.4271
2.46147
2.43945
2.89713
2.66023
2.87933
2.43911
2.22266
2.81647
3.84361
2.31287
2.57268
2.11781
2.87055
2.76213
2.37723
3.41826
2.14133
3.18452
2.74059
2.07923
2.45027
3.78314
2.16955
3.49744
2.28743
2.78161
2.9116
2.4871
3.52781
2.47017
2.44409
2.82281
2.26593
2.65723
2.94669
2.80877
2.6487
4.92476
2.86692
1.90496
2.15413
2.02568
2.16789
2.65373
2.31322
2.11029
2.39051
2.8791
2.31364
2.66166
2.34053
3.02721
1.87739
1.91599
2.44793
3.0294
2.59409
2.55847
2.02659
2.13942
2.42278
1.93177
2.67663
1.8991
3.43817
2.0658
2.20555
1.80082
2.26731
2.43506
2.21464
1.85133
2.55941
2.65612
2.27231
1.79196
1.82991
2.68246
1.77086
3.39748
2.21185
2.09711
2.42307
2.53887
1.94072
2.26514
1.45658
1.87997
2.51934
1.7562
1.69266
1.80203
2.02527
2.2326
3.08318
1.7512
2.39395
2.9408
2.70068
1.90308
2.33144
2.48706
1.8475
1.71706
2.04629
1.78279
2.51647
1.89575
1.61684
1.79478
2.54488
2.70352
2.10074
2.25348
3.43793
2.80851
2.28993
1.95189
1.82579
2.17259
1.48016
3.59628
2.021
2.5705
2.48205
4.18405
2.43101
1.85844
3.39336
1.91062
2.19103
2.48809
1.79976
2.32472
2.32665
1.87272
1.83501
3.17954
3.0941
3.62692
2.90476
2.49946
3.55813
2.24654
2.60762
2.23107
1.90082
2.41874
2.24159
3.6807
1.96222
1.66098
2.2505
4.62779
2.17009
2.58221
1.89791
1.87238
2.43851
2.92144
2.34392
1.80719
2.41201
2.13562
1.83712
1.88328
1.71325
2.29311
2.11195
3.12581
2.31538
1.5533
2.30496
2.12615
1.42766
2.15532
2.7044
2.26129
2.69213
1.44847
2.36874
2.16016
2.28032
2.40919
1.72182
2.29772
2.51069
2.05031
1.74797
1.86824
2.40912
1.462
1.98646
2.29769
2.46526
2.13466
2.09462
1.3956
1.51487
1.54213
1.665
2.57579
2.1973
3.63423
2.699
1.59234
1.91932
3.0606
2.60584
2.2787
2.41097
1.91034
2.31296
1.64733
1.94544
3.08979
4.66915
2.10182
3.12774
2.26239
1.50305
2.71174
2.44987
2.64782
2.07972
2.44677
2.54537
2.68113
1.7268
2.50994
1.48129
1.60125
1.80618
1.5316
3.6465
2.03571
3.16892
2.57946
1.45131
3.7723
1.97479
3.96482
4.9563
3.71032
2.50386
2.78889
1.89905
3.06687
3.39391
1.52941
3.05434
2.13464
2.1689
1.68795
2.15373
1.30011
1.58931
1.95265
1.85444
2.24405
2.77424
1.98555
2.14091
2.92173
3.46945
4.69968
2.21081
2.01569
1.64346
1.38862
2.0217
2.27287
1.68714
1.55517
2.46856
2.50997
1.3748
1.66438
2.18655
5.21329
1.86143
1.4882
3.13898
2.28711
3.17524
2.02039
2.64057
2.58139
2.11508
1.86698
2.52356
2.17454
1.72999
1.22879
1.89705
2.45
1.45323
7.05735
2.11088
2.54309
8.27169
1.8785
1.94694
2.31383
1.86489
2.76098
2.17113
2.09787
2.45773
1.70001
1.82044
2.15319
1.81593
2.09741
2.9842
1.82657
1.82367
1.92703
1.99129
1.69565
1.70132
2.49879
2.15681
2.78418
1.76161
2.82049
1.66099
1.82447
4.53078
2.557
2.47958
2.1797
2.01319
2.00366
2.37658
2.40072
1.7906
2.2746
1.85688
2.57669
2.30248
2.27246
2.2312
2.52309
2.12966
1.78019
1.82989
2.13013
1.89588
2.36394
2.2362
1.92128
2.27009
2.61038
1.8713
2.36223
2.51406
1.82443
1.69808
2.60087
2.37022
2.16239
2.3625
3.30947
3.03711
2.36989
2.84078
2.10003
2.90418
1.7461
2.40892
2.11292
2.65473
2.025
2.12665
2.1112
2.66798
1.92011
2.67748
1.98149
2.34154
2.4789
2.65349
2.37488
2.56813
2.19295
1.76809
2.41033
2.48797
2.61293
2.21349
2.02726
2.61127
1.8113
1.95586
2.37401
2.57782
2.6097
2.02579
2.16401
1.94687
1.79234
2.79705
2.08772
2.06659
1.42107
1.63324
2.64145
2.582
2.20658
2.58793
2.08077
2.56297
2.30191
2.31967
2.30519
1.73019
1.17708
1.8127
1.78427
2.13928
3.80043
2.13346
1.98827
2.18691
2.06579
1.91847
1.80036
2.76118
1.97441
4.06499
1.86302
2.39111
1.81644
2.87499
2.84279
3.00808
2.17683
2.49088
3.13249
2.20438
2.45038
2.23306
2.18226
2.46299
4.45966
3.04959
2.83911
3.76651
2.40505
3.22387
2.54241
2.31978
2.4757
2.12292
2.73379
2.18073
2.53899
2.45854
2.40093
3.83984
2.95062
2.64416
2.35591
2.05909
2.3328
2.5357
2.31435
2.01187
2.31636
2.7085
4.69975
3.97412
2.75835
2.12283
2.93817
1.98113
2.66857
2.67946
2.59457
3.1892
2.26695
5.25829
2.74236
3.13994
2.73232
2.73255
3.566
3.20412
2.58196
3.05427
3.11293
3.16251
2.35619
2.57563
2.9235
2.47299
2.72022
2.78891
2.55204
2.52737
2.50244
6.49789
2.56023
3.37189
2.3546
2.89925
3.39662
1.9998
2.78782
2.35163
2.68193
2.10813
2.35528
3.14241
2.25758
2.50577
2.58997
2.24902
2.16808
2.97799
4.58
3.82584
2.26948
4.31364
2.90963
4.01329
2.3884
2.15712
2.69764
2.11083
2.65086
2.69306
2.37475
2.81249
2.52788
2.57061
2.26133
2.04802
2.88726
4.74604
2.45124
4.41812
2.97905
4.84141
1.89771
2.38101
4.3134
4.62903
2.56047
2.58249
2.69546
3.20868
1.97747
2.28328
2.58233
2.51671
2.41184
2.59679
4.60923
4.11414
2.22818
2.60503
3.29976
2.99308
2.32933
5.24595
2.00266
4.31184
2.29458
2.33236
3.37037
3.41686
2.27885
4.0242
2.33239
3.04493
4.35439
2.42267
2.75623
2.29979
3.20178
2.64848
3.06362
2.16708
3.02955
4.4746
5.06365
2.97242
2.43003
2.45844
2.12561
2.76819
2.26321
3.33611
2.64159
2.79285
2.67809
2.75437
3.25036
2.38443
2.75097
2.71115
3.76087
2.67401
3.02612
2.36845
3.56249
2.2934
2.89871
4.34973
3.58374
2.7712
3.19354
3.00877
3.38809
2.71078
3.24018
3.39359
3.47597
2.63466
4.72728
2.68879
3.03509
3.52948
3.50244
2.7217
4.61385
2.72733
4.52052
4.42819
5.16228
3.15596
3.37143
3.34414
4.36316
4.62422
3.68769
3.46245
3.87871
3.84437
3.65759
3.49439
5.17702
5.58307
3.9905
3.79358
3.75618
4.31844
3.64633
3.79803
5.41904
3.79823
3.91478
3.73543
3.67057
5.32679
6.10855
3.29078
3.31438
5.96961
4.12047
4.53116
4.54028
5.70866
5.3858
4.14506
6.13681
4.70103
3.7705
6.09933
5.05358
5.43374
5.80116
5.9816
3.44474
6.06908
6.90993
6.96268
4.21033
4.4309
5.46004
5.53281
5.49429
3.48237
5.59204
5.61368
3.19864
4.4866
4.65232
3.65077
5.36922
2.3432
3.99161
8.74017
4.64418
4.76471
6.87659
6.78502
5.01948
6.34538
3.93226
5.85043
4.35545
5.2881
2.60721
5.59767
6.08935
6.43638
4.13341
4.46231
3.56355
5.78828
4.31366
3.91069
3.26989
2.46332
5.0008
8.78074
1.87509
5.92933
5.35496
4.0642
3.49147
4.55996
3.63983
4.138
5.19584
3.44918
6.91398
4.16348
3.9019
3.04538
4.87972
4.55112
3.20102
2.64962
4.74347
3.97736
4.37618
3.23653
2.39244
4.9751
2.54036
2.57069
4.57331
2.87115
2.66409
3.05314
3.45296
4.01403
4.70316
3.11316
3.32985
4.76762
4.84168
3.23109
3.09612
4.07843
2.34125
3.35322
4.59873
3.54401
3.58397
6.38595
4.10328
3.25778
4.45112
4.61813
4.33493
6.20372
3.13263
3.64883
6.6535
4.20177
4.09477
4.43148
3.44123
3.03194
4.8642
4.53444
4.92196
5.68522
4.43411
3.22627
4.24035
3.50171
4.32184
2.8044
3.71963
3.23393
4.31136
3.69146
2.48961
3.57682
3.23443
1.67913
2.33392
3.98245
3.80216
1.69396
3.93682
2.82326
3.79963
3.32796
3.75832
4.4007
3.52816
1.76899
3.01327
4.3995
3.27779
5.24583
2.63372
2.17112
4.06563
3.22027
3.21881
2.88093
3.97836
1.63866
3.09586
3.46155
4.20637
4.44334
3.9444
3.78687
2.19811
3.54172
3.50225
3.94102
1.86355
2.8463
6.23714
2.9984
4.71069
6.89895
3.84805
2.87923
3.32402
2.40382
3.62255
2.23071
3.57365
1.82374
6.26459
3.19046
3.36717
3.81099
3.82316
3.98381
2.8776
4.08316
3.82053
1.89054
3.71976
2.0969
2.82915
3.76385
3.31201
6.14895
4.1331
5.7872
4.03404
3.89724
3.41688
4.43634
3.73407
3.38224
4.35744
3.67574
3.72293
3.55039
3.59967
3.56118
3.74657
3.99293
3.68031
3.88246
3.99759
2.2772
3.86739
4.08919
6.34221
3.83072
3.97734
4.29288
3.88892
2.60652
4.02707
4.01788
3.92503
3.00009
3.56733
3.22566
3.93764
3.78924
3.41905
2.21577
4.25591
1.45509
4.49728
4.13618
4.04355
3.30951
3.47251
4.42612
3.86015
3.78283
1.44223
3.86314
5.57599
3.9063
1.88565
2.67621
4.18656
3.84045
2.93269
4.11434
3.85778
3.54887
3.95497
2.81608
3.9779
2.15887
3.49426
3.76599
2.9144
4.63398
3.86379
3.94396
3.94484
2.7484
3.31504
4.30395
3.25431
1.57739
2.56249
3.99027
4.03051
5.25018
3.54353
2.84186
3.97406
4.3465
4.09499
3.39582
3.21787
2.96844
2.8958
2.25762
2.71023
3.41222
2.76477
2.59603
2.20777
2.56148
2.25725
2.58641
3.66742
2.10157
2.59285
2.89258
2.89995
3.64029
2.54985
2.63716
2.35205
2.76749
2.4462
2.91091
2.61306
2.0233
2.9676
2.27327
4.14406
3.33425
2.70201
2.63489
3.30318
4.44924
3.02379
2.05703
5.70575
2.3639
2.9179
3.36652
2.44132
2.74118
3.93205
2.586
2.70956
1.93395
2.21132
4.63537
2.0256
2.71532
2.42594
1.89498
3.23545
3.78099
2.6327
4.52335
3.32142
3.80593
2.53247
3.32094
2.09972
3.20022
3.85911
2.97324
2.81571
2.69222
2.04707
2.25962
2.88068
3.31939
2.28455
2.5154
2.42193
3.42445
2.60336
2.36687
2.28177
2.00631
2.70013
2.54773
2.52962
2.46341
3.0168
1.91278
2.58877
2.26028
2.97101
2.27598
2.20401
1.97434
5.03945
2.6921
2.19701
3.27104
2.50613
2.77546
2.65936
2.0069
2.34654
2.67577
2.74173
2.52471
2.93834
2.29803
2.88457
2.28364
2.36155
3.2031
2.75157
2.44113
2.76344
3.01014
2.567
2.85119
2.73041
2.5464
2.33083
3.10937
5.02489
2.78642
2.44146
2.01586
2.44339
2.59772
2.84473
3.21155
3.18525
2.62112
2.91536
2.77145
2.65064
2.74739
2.79912
7.7314
3.03607
2.85268
2.40479
2.13033
2.968
3.02172
2.25499
2.59737
2.92163
2.6205
3.5327
3.25505
2.51867
2.23806
2.29378
2.32095
4.86373
2.54493
2.43757
2.33906
3.86315
5.05511
2.97397
2.35661
2.16414
1.99562
2.26912
2.1715
4.98022
2.26389
1.85222
2.69273
2.38563
2.88982
2.39855
2.51753
2.47429
3.42848
2.39672
2.52634
2.6371
2.37164
2.33103
2.27856
2.58938
2.29777
2.02936
2.35384
2.47558
2.46298
2.70182
2.09522
3.41704
2.26064
2.35258
5.15637
2.53308
2.95496
3.04256
6.18202
2.79952
2.10016
4.05899
2.82034
2.80797
2.778
2.0696
1.9009
2.83351
3.1831
2.75212
2.4373
2.22737
2.41307
6.0246
2.14764
2.48467
1.8583
1.90891
4.39317
1.92075
2.2987
2.20479
2.17977
2.8843
2.43471
2.08704
5.92488
2.46934
1.63895
3.08775
3.27172
1.85629
2.17917
2.15442
1.66582
2.32053
2.20249
1.59828
1.55147
2.02507
2.94257
2.44141
2.05956
2.5589
2.14541
2.79713
2.55336
2.52783
2.34591
5.94038
3.39712
2.246
2.37667
2.74855
3.19969
2.68386
2.69104
2.16241
2.75603
3.42185
2.86114
2.85683
1.98947
1.95204
2.23195
2.0337
2.46746
1.88164
1.82924
2.42316
2.85998
2.29195
2.08679
3.04602
1.56851
4.74814
2.0914
2.15906
2.27076
2.69171
2.50063
1.98032
3.30262
1.98836
2.70391
2.88683
3.65289
2.28028
2.12398
2.09032
2.47981
2.32676
2.26604
2.52626
3.05377
2.71427
2.02877
2.20192
2.17831
1.79203
2.23392
2.13765
2.83363
2.35073
2.17986
1.6816
2.19063
2.16431
1.71669
4.51469
1.93087
2.53398
1.99689
1.42033
2.51688
2.53663
1.52823
2.34581
2.14631
2.21839
2.45757
2.07548
1.92995
2.09847
2.23938
2.14266
2.20584
2.08378
2.5616
2.35688
4.36997
2.5358
3.94395
2.21745
2.12567
1.79084
2.04575
3.91617
3.03372
1.98799
2.78319
1.99643
2.21781
2.48316
1.71623
3.25796
2.31067
2.45596
2.04269
2.06185
2.18564
2.49561
3.77037
3.46736
3.66468
3.1209
2.87317
2.92947
2.07479
1.85635
2.08104
2.1086
2.41349
2.44818
2.48507
3.72977
2.41942
1.99747
2.56188
4.6517
1.51767
3.58906
2.25268
2.34924
2.21164
3.42271
2.14858
3.04493
1.99404
1.89247
2.43754
2.03164
2.96601
2.8361
1.62525
1.92826
2.57334
2.9538
2.06299
2.25062
2.39069
2.3012
1.94292
2.10388
2.29054
2.3356
2.11458
2.6092
2.44511
2.66014
2.18034
2.06669
2.27158
2.56857
3.11026
2.41519
1.5659
2.63378
2.21857
2.58641
2.32535
2.05115
3.1387
2.59843
2.12965
2.22127
1.92859
2.32781
2.23434
1.8131
2.65936
2.60741
