-1.0083, -0.073362, 2.02439
0.394766, -1.86875, 0.371332
1.09858, -2.346, -1.33211
-0.27317, -2.16807, 0.506658
-0.719451, 0.462979, 1.52326
0.892306, -2.51174, -2.42998
4.25456, -4.05948, -0.983439
1.27728, -1.36246, 0.608821
3.26805, -2.18509, -1.21105
2.16462, 0.149302, 0.154823
0.473193, -0.055308, -2.35888
1.59996, -1.14982, -0.954778
1.2654, -0.97576, 2.71202
4.02351, -2.86181, 2.15464
3.82959, -2.43779, -0.652412
0.492943, -0.902379, 2.06761
2.90543, -0.641142, 2.93525
2.65727, -2.47202, 0.935213
3.63088, 0.819222, -1.81091
3.94574, -2.62553, 1.43801
3.4319, -2.53147, -1.58241
1.6845, -0.645298, 3.13286
1.68074, -1.83193, -0.107188
1.17567, -0.576451, 0.759071
3.37017, -3.92293, -0.043514
3.30296, 0.810397, 2.91022
1.83509, -2.08654, -0.219384
0.870531, -1.74557, -0.556611
2.32314, -0.21685, -0.760059
1.66935, -0.70051, 1.4646
2.69814, -1.72925, -2.70822
1.26176, -2.02292, 2.23388
3.36544, 1.51443, 1.59629
1.00221, 1.02589, 0.447275
2.66914, -1.64659, -2.64024
2.07469, -1.11611, -0.325288
2.94654, 1.12482, 2.60544
3.08086, 1.37628, 0.120471
2.15027, 0.161875, 2.99671
0.612941, 0.864164, -2.49573
3.39806, 1.62329, 0.113051
1.70164, 1.11723, 2.48862
0.339421, 0.565743, -2.33822
1.26235, -0.39357, 0.102443
1.75549, -0.018968, -2.64525
-0.873256, 0.212634, -0.29566
4.01063, 1.15559, -1.89975
1.77017, -0.899919, 1.98117
2.24104, -0.525025, 1.1801
2.1088, -0.619721, -1.76619
-0.331784, 0.599581, -2.56582
4.46241, 2.05131, 2.00869
3.90437, -0.293808, -1.87602
2.61073, 0.992886, -0.165761
3.13858, 1.31457, 0.06521
7.91613, 3.42248, 2.79675
1.26012, 0.465551, 1.64109
2.49961, 1.57878, -2.7605
3.69197, 1.13071, 2.77893
2.77941, 0.686084, -2.71957
1.92926, -0.179216, 1.65725
3.92208, 1.07923, -1.25892
3.14451, 1.32304, 0.530585
2.19934, 1.28983, -1.15323
2.90945, 1.20319, -1.319
3.71036, 1.72244, 1.31384
4.3116, 2.4415, -0.515849
7.20847, 2.60537, 1.66443
7.42617, 2.44791, -2.00175
2.65203, 1.44779, -1.41841
2.95635, 1.44547, 0.493251
7.86632, 2.36763, -1.62929
3.76771, 1.79237, 1.35992
6.03132, 2.48566, 1.86923
4.02726, 2.53113, 1.87357
4.97878, 2.40707, -2.51186
7.55941, 2.1663, -0.909004
5.39627, 2.23665, 1.61243
7.47594, 2.15732, -0.458548
7.82082, 2.10654, -0.4045
7.35661, 2.47065, 3.01341
7.57446, 3.21373, 2.46116
7.55914, 3.9691, -0.520267
7.51854, 2.34217, 3.11682
7.2449, 2.77322, -0.418038
6.40888, 2.20262, 1.55567
7.67679, 1.35118, 0.239522
7.26571, 3.3516, 0.084629
7.35668, 2.14789, -3.06676
6.81436, 1.78325, 0.378895
7.48895, 3.27464, 2.01077
5.83078, 2.59526, 1.29085
6.85135, 1.64919, -0.282129
7.38304, 1.20918, 1.77924
6.51379, 1.80653, 1.22386
4.68812, 2.54136, -1.68592
6.88712, 2.49153, 2.08812
7.52718, 1.32686, 1.58274
6.36717, 3.16826, -1.89111
6.6144, 1.96943, -2.62157
6.90731, 2.95243, -0.912675
7.01614, 2.18554, -2.57101
7.78606, 2.67929, -2.98383
7.8021, 2.38805, 1.62737
7.63691, 2.94652, -2.17307
6.7237, 2.84981, -1.07767
7.6457, 3.3705, -2.39879
7.28453, 2.16411, 2.67035
7.35373, 1.35156, 2.97905
6.9923, 2.31214, 0.442656
6.46888, 1.61149, -1.61826
5.64686, 2.25163, 2.38593
7.18622, 3.25583, 2.33717
7.13675, 2.03343, 2.31156
7.34075, 2.68548, 1.19162
6.97346, 2.63355, 2.34933
6.13937, 2.09974, 1.13012
7.72357, 0.689728, 2.02232
8.19135, -0.971474, 0.161622
6.74912, 1.16344, 2.46842
7.3691, 7.02765, 1.62845
7.26479, -2.32833, 1.01283
6.05154, 8.66231, -2.39484
6.29356, 6.235, 1.547
6.39934, 6.04133, 2.77028
7.62762, 5.45208, 2.06037
6.52611, 6.95034, 2.5491
6.86, 3.31494, 0.840343
6.28395, 4.856, -1.47233
6.86191, 6.55754, -2.56638
5.21035, 3.82574, 2.63177
4.77738, 1.71932, 2.74768
8.27594, -1.59424, 2.40644
6.11085, 3.88923, -1.41427
6.40318, 2.22957, -1.51717
6.57737, 5.8997, -0.9156
6.19923, 5.76781, -0.205165
6.8472, 3.85872, 0.759035
6.84894, 7.35639, -0.011964
6.91412, 6.65526, 0.835652
7.71103, 2.85652, 0.484614
6.06385, 8.37997, 0.186928
5.98267, 4.78856, 0.806029
7.11115, 5.30347, -2.70761
7.62794, 4.81949, 0.918442
6.38013, 4.60407, -1.71639
7.70049, 5.28212, -2.13294
7.14108, 4.01183, 2.3911
6.90567, 4.31382, -1.04844
5.76844, 6.09289, -2.24277
6.02364, 6.46826, 3.14012
4.28275, 10.8801, 0.902759
6.71504, 7.45407, 1.85054
5.00719, 9.17673, 2.94983
8.05832, 4.55036, 0.594215
4.13593, 10.3713, 0.163396
7.54799, 5.04043, -2.52655
6.85279, 7.18693, -2.67403
8.05685, 4.8483, 1.6926
4.99898, 10.0966, 2.47772
6.20304, 6.99105, -2.62586
6.61046, 7.85894, -1.56718
7.37754, 7.3863, 1.30897
5.95119, 5.99174, -0.163169
7.2659, 7.11031, -2.77994
4.41885, 12.2633, 0.527004
5.16555, 9.73639, -3.1372
4.45398, 12.0257, 2.94167
5.14283, 9.38025, 1.67715
6.20035, 7.09869, 2.0138
4.55712, 9.63637, -1.60318
4.47007, 10.4293, 1.59941
5.97137, 7.30723, -0.876735
5.12988, 10.5837, -0.650961
5.08556, 8.46624, 2.28161
4.18433, 11.4541, -0.648547
5.96261, 8.29015, -2.80315
4.85304, 10.6194, -0.432911
0.946605, 8.36425, -2.39954
0.574697, 8.49807, -1.57742
5.28451, 8.1973, -2.61101
4.02094, 12.5057, 1.07101
-0.76974, 8.23696, -1.76985
6.67389, 8.02631, -1.30076
4.09825, 13.6014, 2.61953
4.37278, 10.7523, -2.25374
5.00615, 11.1908, -1.44341
1.2554, 7.43324, -2.68502
2.00113, 7.71952, -0.025923
0.659678, 8.07914, 2.19776
2.87017, 8.10495, -0.516677
4.79695, 10.0614, 2.00344
4.19926, 12.1997, -2.37512
3.14531, 1.86897, -0.781301
2.84712, 8.26829, 1.36525
-1.4392, 8.82418, -3.14158
-0.966336, 7.57664, 1.91588
0.693474, 7.88866, -2.67056
-1.9489, 5.98369, -1.56957
1.26394, 8.1978, -1.57531
0.666022, 8.27543, -0.365088
-0.064462, 9.55943, -1.42229
4.39303, 13.5393, -2.13402
3.38486, 12.3084, 1.26087
1.49874, 9.44035, 0.090894
1.69897, 9.10135, -2.77591
3.35489, 15.4089, -1.18658
0.959416, 7.81129, -0.968688
-0.443053, 10.515, -2.15051
3.01438, 9.24603, 2.48935
1.20999, 7.8991, -0.90621
3.37314, 8.07888, -1.66345
0.039726, 8.02689, -2.16231
0.536601, 8.78216, 0.93661
-0.391269, 7.05776, 2.03491
-0.737364, 7.2193, -0.103732
0.292454, 9.39415, 0.992795
-0.23847, 9.21172, -1.74549
-0.065341, 8.18865, 0.138186
0.386037, 9.18881, -2.57087
1.93499, 8.01098, 1.07592
-0.770538, 8.16, 2.63123
-1.45497, 8.78297, -0.506501
-2.67566, 6.11831, -0.119882
3.45582, 8.12942, 0.781035
0.962003, 7.70347, -0.209915
0.561616, 8.05181, -3.02274
-2.67097, 5.47118, -2.72482
0.219313, 10.1315, 2.48353
0.130901, 7.87452, -2.32867
2.82422, 8.89639, -2.94492
-1.43398, 8.82376, -2.5153
-0.630361, 7.31665, 2.84591
2.135, 8.21599, -2.91644
1.82445, 8.17391, -0.442285
2.94983, 8.49464, -0.841543
-2.39606, 5.73527, -1.73676
0.313785, 10.047, 0.938798
-2.25848, 6.02908, 2.48478
-1.21891, 6.32105, -2.60371
0.86511, 9.92006, -0.809871
1.13708, 9.29376, 1.25444
-2.64569, 5.18694, 3.0575
-1.28794, 7.52327, -0.703441
-1.25141, 7.38872, 1.0893
-1.89816, 5.59071, -2.94563
-0.501726, 5.95578, 2.66432
1.56426, 8.47602, 1.06705
0.355416, 6.21885, -1.8129
1.05216, 7.48134, -1.14401
-1.63507, 5.27478, 1.16453
2.03265, 8.90242, -1.5496
0.177854, 7.55964, -1.79167
-1.6377, 4.59249, -2.96739
0.089534, 7.36668, 2.98018
0.200158, 6.60111, -2.29492
-1.04191, 6.00415, 2.58251
2.52151, 8.52672, 1.92999
0.552738, 6.7714, -2.73242
-1.38168, 5.23898, 0.728329
0.287712, 7.36954, 1.23782
-0.617923, 6.03787, -1.14823
0.456869, 7.81655, -0.182506
-0.637571, 9.35157, 2.13179
-0.955754, 8.51089, -1.98549
-1.65934, 5.92521, -2.10668
1.13181, 8.12231, -3.02801
-0.370836, 7.31403, -1.51062
-2.33665, 5.37071, -2.65295
-0.889941, 6.46334, -1.13269
-2.37042, 5.09999, 1.75475
5.45936, 10.5084, -0.704044
4.49485, 9.89762, -2.92046
4.38419, 10.227, -0.872016
4.51862, 9.91127, 0.906861
5.72669, 9.92702, 0.539645
5.35058, 9.62656, 1.4861
5.10783, 9.48238, 2.68722
3.73289, 9.65721, -1.71557
5.03096, 10.4159, -1.98004
3.7595, 9.89052, 2.14746
3.74075, 9.36648, 1.27862
4.69757, 10.1059, -0.352796
4.81178, 10.4852, -2.17489
4.05825, 9.72396, 0.680474
4.48027, 9.8527, -1.714
5.15983, 10.5377, 0.177839
3.82604, 10.098, -2.74917
5.66553, 9.11578, 1.05705
5.16203, 8.78378, -1.96419
7.45338, 8.25338, -0.205838
4.59347, 9.95751, -0.017891
5.44145, 9.16952, -2.28421
4.29677, 9.74779, -2.07936
6.54369, 9.0876, 1.95143
8.0821, 6.60376, 2.30739
8.62861, 5.53075, 2.47425
5.53937, 8.49702, 1.09614
3.70032, 10.1594, 1.28495
4.86631, 10.1162, 1.86856
8.91109, 7.20733, 1.98292
7.95191, 6.05577, 2.41416
9.754, 5.21986, 1.73916
10.4906, 6.4894, -0.944774
-0.497849, 13.187, 1.05379
-1.60563, 13.4996, 2.41212
-2.09342, 13.1257, -0.865411
-1.71708, 13.5764, -1.80315
0.438656, 11.8821, -1.69673
0.749652, 12.8627, 1.6477
-0.446888, 12.6094, 0.221413
0.028103, 13.2447, -0.816681
0.104269, 11.5643, -0.879215
3.87324, 11.2333, -1.64372
1.0913, 13.4566, 2.86288
-1.7521, 12.8306, 0.810421
2.83591, 11.1786, 2.72213
-1.17895, 14.6567, -2.10745
-1.01129, 12.5301, -2.30428
-1.07416, 13.4485, 0.474072
-0.652967, 14.5395, -1.91766
3.69214, 9.69484, -2.73135
-0.674731, 12.9621, 1.10427
0.370978, 11.8542, 2.23606
1.56506, 11.5542, -2.63799
1.66228, 11.2829, -0.821623
2.76201, 10.4485, -1.98099
-1.10092, 13.873, -2.98237
-0.869649, 13.1154, -2.42947
2.41799, 10.7178, 2.97508
2.87136, 11.2995, -1.24867
3.35308, 11.5398, 0.904831
-0.903834, 12.5395, 0.104018
-2.68327, 15.916, 1.10871
1.31945, 11.6739, -2.74293
-3.18728, 15.0609, 1.90011
-2.88037, 14.651, -0.473316
-0.539611, 12.2547, -2.03858
-0.401318, 13.2563, 3.04379
-2.56833, 16.0098, -0.934707
-3.53127, 16.329, 2.23313
0.103176, 13.5589, 0.413576
-3.0619, 16.2066, 0.061861
-2.20236, 14.1138, 0.67525
0.782089, 12.6389, 1.72836
-2.7091, 14.535, 0.159652
-0.991312, 12.6614, -1.31403
-2.43397, 15.1886, 0.126902
-1.84315, 13.9832, 0.520288
0.924659, 12.5378, -2.29951
-1.49415, 15.2027, -0.581641
0.603913, 13.5659, -0.910524
-0.372419, 12.5311, -0.442385
-2.66843, 14.2046, 1.73033
-0.712988, 13.363, -0.297585
0.307315, 14.4894, 1.37345
-5.22871, 9.85252, 0.514347
0.291156, 13.3268, -0.960796
-1.02557, 13.7522, 0.619128
-2.16463, 11.3417, -1.13795
-1.4299, 13.919, -3.13185
-3.62571, 10.5405, -2.2978
0.510697, 13.7654, 0.738587
-1.77103, 14.7737, -1.06127
-0.796154, 13.7571, -2.44048
-1.69249, 13.4646, -0.968906
-3.3387, 15.6113, -1.05781
-3.77586, 15.5934, 2.15784
-3.12127, 11.1015, 1.67988
-2.66615, 8.93685, 1.44992
-0.886778, 13.7555, -0.575177
-1.02978, 12.1041, 2.76209
-5.32048, 9.85718, 1.74554
-4.22424, 9.94883, -3.05344
-1.72844, 11.2463, -3.07316
-4.55833, 8.23769, -0.679418
-4.69563, 9.65897, 0.276186
-1.91511, 13.4394, 0.342655
-0.02636, 12.9684, 2.19233
-2.64612, 15.8905, 3.1242
-2.37837, 11.4639, -2.52642
-1.27494, 13.8593, -1.61633
-4.23431, 9.53607, -0.323571
-1.134, 12.7503, 2.11505
-4.15367, 15.4783, 1.57713
-3.75939, 9.93558, 1.4046
-2.78031, 16.1602, -2.74905
-2.80312, 14.6612, 1.45631
-4.07618, 16.2202, 2.42958
-1.82695, 10.5613, 1.86894
-1.88832, 11.1022, 1.38701
-3.27597, 8.72525, 2.67067
-1.38725, 11.9941, 0.368068
-2.96701, 11.8712, 0.951072
-3.90592, 9.28834, 0.259788
-3.78138, 9.22518, -2.13716
-4.36395, 9.42593, 2.89778
-2.21556, 11.1525, 0.741815
-2.2419, 9.52753, -1.91389
-2.63644, 11.3676, -2.55675
-4.28461, 8.2247, 1.73322
-1.5936, 11.345, -0.219142
-1.92581, 13.2739, -0.075678
-2.56862, 12.1721, 2.60313
-2.48341, 11.6806, 1.00675
-5.14095, 8.38624, -0.084286
-2.04482, 13.0723, -0.778505
-2.14319, 10.9058, -2.38027
-5.52623, 9.99103, -0.538459
-2.26327, 11.215, -3.06899
-6.40061, 9.69289, 1.45456
-5.93772, 10.0774, -1.22144
-4.13582, 10.7745, 1.28379
-2.39444, 12.0269, 0.896614
-3.29209, 10.31, 0.150991
-2.53976, 11.3262, -0.721113
-5.20479, 9.0232, -2.69744
-4.50092, 9.99099, -1.71086
-5.19219, 8.67559, 0.878541
-4.45977, 9.3259, 2.27528
-5.57677, 10.8874, -2.50078
-5.0338, 7.57914, 0.138403
-3.90742, 9.82564, -1.74391
-6.34279, 9.50855, -2.92699
-3.07118, 9.69336, -1.73189
-5.28186, 7.09457, 0.240051
-6.82749, 10.1874, 1.39673
-3.22081, 11.2446, 0.780899
-4.77306, 8.48936, 2.43913
-6.00528, 10.9471, 0.414403
-3.95158, 8.55011, 2.87047
-5.76736, 9.90521, -1.95695
-4.89561, 6.74237, 1.08383
-5.6573, 10.6232, -0.862454
-7.11405, 8.73583, -2.20477
-4.76463, 10.61, -1.2564
-4.78533, 10.6464, 1.48847
-6.4176, 9.45106, 2.36295
-4.60307, 9.35666, -1.68213
-6.48467, 10.9343, 0.683604
-3.86688, 10.4624, -2.20961
-2.76867, 9.19433, -1.99054
-4.97637, 8.00383, -2.43762
-5.19087, 9.61094, 0.043445
-4.46647, 8.98739, 0.895079
-4.72216, 8.57458, 2.46489
-3.04381, 9.95545, 1.17137
-5.25362, 7.29868, 2.75303
-2.99984, 9.60285, 2.74121
-3.66537, 11.2301, 2.95481
-3.23626, 10.8995, 0.995604
-4.46915, 9.92857, -0.672357
-3.5346, 9.39034, -2.25269
-3.26093, 9.76447, -2.87966
-1.69486, 14.9487, -3.12278
-3.41354, 10.4861, 2.82173
-2.95958, 13.1363, -1.93881
-3.52034, 10.3741, -2.96653
-3.24856, 15.3829, 0.930239
-2.853, 12.2755, 2.86537
-3.98427, 14.2557, 1.35338
-3.53729, 12.806, 2.67933
-2.91596, 10.4817, -0.519893
-2.7107, 14.2262, -2.7349
-1.70758, 13.3913, -3.0274
-3.4348, 11.3641, 1.10452
-2.72603, 12.7272, -3.02837
-2.96632, 14.1958, -1.61501
-3.54969, 13.357, 2.79328
-2.08212, 13.0108, -2.78654
-2.6494, 12.1263, -1.52106
-1.83426, 13.0521, -1.75153
-3.064, 14.9568, -1.74413
-1.4665, 14.3874, 2.87911
-1.65502, 14.3182, -0.178312
-2.52101, 14.8467, -1.91272
0.333004, 13.895, -0.798273
1.71102, 13.9384, -1.16707
-0.579954, 13.0756, 1.50699
-1.97469, 13.0407, 3.07565
-0.079691, 13.1639, -1.98737
-1.73126, 14.2603, -0.928326
-1.52823, 14.2598, 0.02634
-1.6506, 13.4157, 2.51745
-2.72277, 14.8966, -1.64027
-0.468155, 14.1714, -1.31832
-0.270166, 14.2864, -1.95173
-6.22186, 15.1596, 1.71089
-1.29218, 12.4012, -2.47337
-2.09796, 12.732, 1.71664
2.46001, 13.9321, 2.85419
-2.64386, 13.1395, 1.26142
0.326284, 13.4424, -2.60747
-2.74781, 15.4526, 2.08669
-1.59027, 13.4461, -0.032256
2.54824, 12.535, -3.06176
-1.99955, 12.8071, -0.402359
3.06814, 13.0581, -2.08836
3.49161, 12.0804, 1.77788
1.11055, 13.7402, -2.08634
0.514876, 14.3845, 1.50812
-1.44445, 13.4085, -1.58826
1.49132, 12.592, 2.33594
4.2539, 11.7993, -3.10777
-1.60137, 13.745, 1.4421
5.61091, 12.2929, 0.491676
1.98378, 14.2786, 0.514659
1.0256, 14.4705, -1.39514
-0.566253, 13.253, -2.13144
4.56915, 12.8271, 1.5563
0.978694, 12.789, 2.16808
4.61276, 12.6948, 0.908371
0.772749, 14.2575, 1.43776
6.78824, 13.5414, -0.682653
5.55597, 13.0717, 1.36186
6.08849, 13.807, -2.29666
4.49962, 13.272, 1.90083
6.15159, 12.5118, 0.942818
2.09625, 13.3034, 1.04901
4.29989, 12.8625, 1.25319
6.16122, 14.3082, -0.696553
5.68704, 13.2151, 1.13441
7.04876, 13.0173, -1.48726
8.03919, 13.1213, -2.1954
6.95662, 13.1532, 3.10555
4.28431, 12.981, 2.22502
8.35918, 11.9526, -0.190648
7.53051, 12.2114, -2.41286
6.98348, 12.34, 0.155427
4.44407, 12.9633, -1.82917
5.11028, 13.3154, 2.38486
4.0823, 12.8288, -3.1328
5.87576, 13.2842, 1.49716
5.27427, 13.003, 0.361665
9.99453, 13.0517, -2.99364
4.49898, 13.305, 2.46881
5.75665, 13.1708, -1.91291
9.20991, 12.5318, -1.43697
5.36531, 12.6573, 3.06074
5.40746, 13.1853, -2.68867
8.41158, 12.7122, 3.12798
10.7361, 13.0822, 0.17096
9.43065, 13.5834, 2.30613
10.792, 12.4373, 0.10765
10.0748, 13.7388, -1.14552
10.8573, 12.0074, 2.50231
7.28617, 13.8673, -2.44317
5.68518, 13.8992, -2.18781
10.0953, 12.6734, -0.608599
11.346, 13.024, 0.146244
8.91717, 13.701, 2.23532
9.64569, 14.0487, 0.463683
9.69717, 12.9306, -1.27162
5.25275, 12.7773, 0.59342
6.32802, 12.3401, 2.99669
12.0586, 12.0768, -0.268991
9.4941, 13.4391, -1.62397
5.95656, 13.3225, -1.51345
9.00409, 13.006, 1.67046
11.8261, 13.5233, -2.80527
8.4294, 12.4751, -1.80363
10.464, 12.1939, 0.717815
8.20748, 12.9179, 0.848621
14.0758, 12.1222, -0.048872
8.0535, 13.8882, -3.01789
7.25536, 13.1814, -1.15006
10.6539, 13.1709, 2.76076
13.9014, 12.1911, -1.21977
14.8291, 12.4475, 2.51839
11.3134, 13.4159, -1.0454
13.281, 13.1594, 0.230705
10.6001, 12.7816, 1.93333
12.229, 12.8145, -1.78756
9.13062, 12.2477, 0.152401
10.1253, 12.9637, -1.81141
12.3444, 12.8247, 1.68361
12.0682, 12.9484, -0.029205
13.2963, 13.1121, 2.33665
10.6388, 13.5313, 0.404004
10.2564, 12.3492, 2.55198
13.6403, 13.3314, -2.36647
11.5964, 12.1593, 2.60258
12.8364, 12.5265, 1.78498
9.79816, 13.3818, -2.63509
11.5694, 13.8919, 1.19906
10.2725, 12.2477, -0.073207
10.4578, 11.0145, -1.97008
11.5003, 12.8237, 0.288962
10.5406, 13.955, -2.3382
13.6444, 12.1213, -1.43315
10.1677, 6.21355, -2.94469
13.1161, 11.9914, -1.74134
10.6275, 6.09885, 1.97769
15.4798, 11.8261, -3.08023
13.5787, 12.7171, -0.247688
10.0154, 8.14441, 1.17043
11.0669, 12.5472, 0.933663
12.8211, 12.5167, 1.38854
14.1897, 12.7255, -1.28698
10.7913, 13.3149, 1.88745
13.4472, 12.9823, -1.43614
11.1675, 7.20867, -0.536359
16.8342, 11.7962, 1.39575
16.7151, 13.2325, 1.27011
11.6248, 5.91941, -1.16039
10.2942, 8.12047, -0.779541
10.4533, 6.86198, -1.32712
12.1523, 6.7635, -1.07421
11.0849, 8.60815, -0.752931
12.3024, 5.34892, 0.858935
12.3926, 4.55596, -1.04941
12.1109, 6.79903, -2.5298
12.5297, 6.69145, -2.27551
11.1817, 9.14101, 0.15619
10.7401, 10.1103, -2.43265
12.1729, 9.19181, -1.57951
10.2364, 5.71165, -1.40501
11.5165, 8.39484, -0.959841
14.3358, 6.41518, 1.59334
13.2592, 4.43598, 0.644678
14.7015, 5.24069, 2.18518
10.9366, 7.05983, 2.07278
10.2557, 4.30548, -1.23427
15.8002, 4.31824, -0.747049
12.4413, 5.61107, 0.333203
16.1646, 8.70719, 1.31183
11.0669, 6.52011, -0.312313
15.0999, 3.50796, 1.94081
15.448, 5.16627, -0.182162
14.3341, 7.54474, 0.884554
14.7393, 3.55739, 2.40394
15.0279, 5.25863, -2.09066
12.1157, 6.34788, -1.98101
10.8822, 7.60797, 2.91808
14.8641, 4.05191, -1.79286
11.0478, 6.60631, -1.07201
11.6556, 8.59684, -2.98476
15.5176, 5.96191, -1.67652
12.0499, 6.7882, -1.49641
15.2603, 4.42463, -1.7439
10.8315, 6.86208, 2.80827
15.4902, 5.20963, -3.06392
15.0656, 5.39255, -1.13215
15.2554, 4.98602, -2.07985
14.7275, 4.11515, 0.594819
12.9074, 3.0153, -0.062762
12.4322, 6.27355, 0.767278
14.0272, 3.32266, -2.81542
10.9236, 7.30336, -2.43298
14.827, 2.61295, 2.62368
13.2746, 4.32455, 1.22176
12.2934, 4.30266, 1.9545
15.0933, 4.50363, -1.97682
11.0739, 4.0633, -1.9042
14.0586, 5.38674, 1.34265
13.1662, 4.52991, 0.883886
12.8787, 3.90721, -1.98676
11.8333, 4.88368, -1.2234
10.9452, 5.00416, 2.30228
10.9134, 4.4224, -0.397237
11.5728, 5.33082, 2.36341
15.4479, 6.27914, 2.62681
10.7964, 5.84009, -2.80322
12.0098, 4.81275, -2.0354
15.0377, 4.63384, 1.09213
13.1139, 7.05983, 0.429353
13.1547, 3.36065, 1.44449
14.0029, 3.49812, 2.8501
14.0761, 3.07257, -0.87358
10.4463, 7.16051, -0.920215
14.9392, 5.09479, 0.114766
9.46589, 6.44963, -1.52337
10.5587, 3.64963, 1.85458
11.3132, 4.64329, 0.058148
14.3261, 5.35894, 2.46775
11.359, 7.0434, 1.39102
14.7067, 7.67093, -1.93786
15.7247, 8.70635, -0.5365
15.6859, 9.5714, -2.22326
12.6891, 6.26828, 2.57153
14.0963, 6.58262, 2.36219
13.0541, 4.87772, 1.79146
14.629, 5.27944, 2.5969
11.0885, 6.34931, -0.241741
12.9289, 4.57717, -0.108671
12.7758, 5.91475, 2.68624
14.1298, 7.28299, -0.068572
15.3718, 8.48824, 3.06737
11.2482, 5.60212, 1.34554
14.4321, 5.72627, -1.92328
13.6109, 5.12006, -0.389741
15.9118, 8.76524, -1.68255
13.9248, 6.93928, 0.029976
15.0336, 5.36168, 2.24584
13.1921, 5.85439, 3.12795
13.2875, 6.82303, -0.190063
12.1468, 5.99312, 2.55561
12.3278, 4.63632, 2.5112
12.4039, 4.58144, -2.29753
14.6603, 5.29776, -2.1686
12.7285, 6.07925, -0.371043
12.161, 4.70426, 0.590794
14.5441, 5.60428, 0.355253
11.5999, 8.58599, 2.18273
14.9816, 8.57442, -0.694353
15.4041, 6.65779, -2.7776
12.378, 6.66086, -1.8874
15.4447, 8.76886, -2.33461
13.9632, 6.6648, -2.06644
12.7806, 5.98262, 2.54024
15.0772, 5.83107, 2.35975
10.6255, 7.8669, 1.76274
14.2751, 5.15896, -0.308458
15.4884, 6.33191, 0.680214
11.8275, 6.16126, 2.01325
14.3913, 6.6307, -2.60405
15.3487, 8.81146, 2.25307
12.8518, 5.2715, 2.97458
11.408, 5.02414, 1.24035
14.122, 6.62774, 2.66232
12.3452, 7.45698, 2.44574
11.9053, 7.50131, -2.19589
15.6208, 8.52303, -2.58505
15.39, 5.24763, -1.72898
12.2704, 7.40077, -0.942174
14.436, 6.23255, -0.614501
15.247, 6.67312, -2.56666
14.4286, 6.37061, -2.82018
16.0464, 8.49596, 3.00249
11.3824, 7.95994, -2.82977
14.9805, 7.16852, 0.255137
10.3688, 8.38386, -1.40158
13.1418, 7.12717, -2.4809
14.0755, 7.48145, -2.23325
11.6636, 5.47548, 2.56052
10.6501, 6.12027, -0.936667
11.5802, 6.11604, -2.41268
13.4216, 6.63675, -1.79765
14.7018, 6.58039, 1.70283
12.6532, 5.72802, -0.865554
11.5073, 4.84038, -1.54293
14.7757, 7.52768, 3.04586
14.6039, 7.23611, -1.97002
10.7748, 6.28571, -1.71294
12.6364, 7.1606, -2.79001
11.5505, 5.71961, -2.17205
13.6542, 6.67285, 1.41385
13.3197, 7.2896, 1.44122
11.9028, 4.59689, 1.0064
12.3805, 5.04595, 3.10853
12.6939, 5.90049, -0.594928
16.1376, 8.3335, -1.17392
15.3868, 4.85051, -2.14893
13.7875, 5.81779, 2.98912
12.3363, 7.74405, -2.06899
16.0479, 9.24624, 1.01591
14.7707, 6.60138, -0.496918
13.262, 6.70218, 2.57586
14.033, 6.8827, 0.820589
15.4224, 6.57635, -2.89793
14.4531, 6.19374, -0.422065
15.3156, 5.58476, -1.19601
13.6108, 7.31899, 1.7264
15.3421, 5.56416, 1.94334
13.6306, 7.20452, -3.13662
15.1515, 5.65986, 0.369624
15.1523, 6.07362, -1.16138
15.3121, 9.06387, -0.30467
14.2111, 7.92543, 2.4035
14.6604, 7.10545, -0.75349
15.7361, 8.32807, -1.62106
15.8179, 10.2001, 1.33602
16.0923, 9.50553, -1.80968
13.9279, 8.03647, -2.25669
15.0758, 7.28765, 1.34344
14.9889, 8.16344, 2.3195
15.2546, 8.73986, 1.38454
14.9905, 7.28947, -0.157661
