0.0866133
0.11071
0.0431798
0.0795649
0.0640002
0.00407614
0.0176929
0.0813955
0.0033998
0.0599559
0.0123761
0.0257299
0.0222637
0.0251948
0.000588719
0.0457969
0.00833659
0.0237923
0.068469
0.0555659
0.0207707
0.0511753
0.0191305
0.0303905
0.0249299
0.0533802
0.00797772
0.035159
0.00061639
0.00416241
0.00952276
0.0206687
0.00226009
0.00376034
0.0692187
0.0354502
0.0374106
0.006333
0.000910023
0.00694723
0.0113743
0.019603
0.0527658
0.0668266
0.0150297
0.0759131
0.0674701
0.0248067
0.0104397
0.0232768
0.0116552
0.0237415
0.030219
0.00855479
0.0340142
0.035808
0.042405
0.0208681
0.0133665
0.0180642
0.0237952
0.0225946
0.00943195
0.0160504
0.0062218
0.08361
0.083673
0.0904932
0.0505543
0.0299005
0.0075839
0.0324861
0.0286408
0.00574873
0.0335722
0.0208767
0.0127759
0.0452783
0.0185229
0.000724853
0.104227
0.116265
0.0318217
0.0531574
0.000215295
0.30271
0.0235123
0.0230485
0.0414093
0.0074371
0.0104462
0.0262194
0.0164724
0.0370266
0.00647368
0.00584825
0.0233222
0.110823
0.0339605
0.0234874
0.0457971
0.0511262
0.165323
0.0701441
0.159454
0.0465872
0.135447
0.0131661
0.00965669
0.0346604
0.0545414
0.0237732
0.00783977
0.0155212
0.00995176
0.0135363
0.0195786
0.052751
0.0788057
0.0354034
0.0189987
0.00888762
0.0243297
0.100834
0.0890802
0.0104914
0.0486668
0.00742692
0.0725663
0.0391989
0.0163294
0.00689227
0.0104523
0.0122542
0.0212152
0.0221132
0.00158078
0.158046
0.026381
0.019959
0.0364763
3.13697
0.00162585
0.00654768
0.0249569
0.0277283
0.00417769
0.0392032
0.00990667
0.0188983
0.0766217
0.0099316
0.0142145
0.0240052
0.0295906
0.0150668
0.0821319
0.0243417
0.0137308
0.00712543
0.00786194
0.00814694
0.0072643
0.123484
0.00279516
0.0491335
0.00359183
0.0523064
0.0141843
0.016697
0.0131497
0.0119288
0.0451186
0.0490386
0.0218901
0.02203
0.0145402
0.0160893
0.0326151
0.00881129
0.0348399
0.0189349
0.028889
0.0236826
0.027652
0.00103865
0.0427774
0.0392197
0.000706212
0.0360344
0.0241765
0.00825283
0.2334
0.0388182
0.0294714
0.0177016
0.0709675
0.0315285
0.144116
0.150796
0.0187471
0.0214202
0.00443811
0.0233833
0.0176788
0.0102875
0.000225185
0.0282655
0.0194335
0.016138
0.024132
0.00376946
0.00615775
3.13892
0.00664584
0.00545469
0.0494425
0.012963
0.00867041
0.0329173
0.00346164
0.00768597
0.0253483
0.0258625
0.00612684
0.0542566
0.00314823
0.00421602
2.98543
0.0594142
0.0894177
0.0068509
0.130584
0.0177195
0.0429489
0.0529957
0.000383664
0.0609268
0.0184347
0.00548765
0.0781
0.13156
0.0213758
0.00490704
0.0355495
0.00656547
0.0337672
0.0143534
0.0112652
0.0229126
0.0180405
0.00727992
0.0438645
0.019434
0.0768284
0.0292215
0.0443518
0.0304316
0.0168894
0.151708
0.0665587
0.0144532
0.0278082
0.0442159
0.023198
0.177101
0.0545014
0.0464763
0.00440842
0.00471402
3.06434
0.0576673
0.00312235
0.0759985
0.0497568
0.0380459
0.00499082
0.0102124
0.0159599
0.0150993
0.0287267
0.0648203
0.0298171
0.0524773
0.00739042
0.039202
0.0360827
0.0335019
0.0330291
0.0120116
0.0129212
0.0586611
0.0738509
0.0291874
0.0076707
0.0482038
0.0481139
0.000581025
0.0401196
0.0189614
0.00795712
0.00719138
0.00936468
0.0270872
0.0156522
0.027687
0.013191
0.046156
0.0258299
0.0316447
0.00739246
0.00811946
0.0392203
0.00943326
0.00884172
0.0656413
0.0170401
0.0156881
0.0270116
0.0198095
0.0181091
0.00843823
0.00999815
0.0122773
0.0243761
0.0104912
0.0113624
0.00699587
0.0233741
0.0174022
0.0275506
0.0202836
0.0163011
0.0131781
0.032221
0.147977
0.00280743
0.0119566
0.0899007
0.0564071
0.0733117
0.0153126
0.0123175
0.000718717
0.0489913
0.0206334
0.0105228
0.0590559
0.0249683
0.00827241
0.0126474
0.00936342
0.0161045
0.00290297
0.0125138
0.0176449
0.00849233
0.0589501
0.0248778
0.0419832
0.0931847
0.0231184
0.00493458
0.0109232
0.0503437
0.0100318
0.0410565
0.0321347
0.061286
0.0212658
0.0240679
0.0223546
0.00958671
0.0140051
0.0420227
0.0110979
0.0146946
0.0511704
0.0113681
0.0144436
0.0119645
0.0156887
0.00536597
0.000357909
0.00374555
0.0420504
0.032581
0.0706997
0.00184026
0.0368213
0.00759171
0.00503453
0.00246295
0.0086672
0.0266992
0.0116025
0.0396078
0.0238714
0.0173095
0.00654378
0.0184372
0.00134304
0.00643931
0.0176379
0.0134527
0.0471168
0.00664645
0.00477639
0.0432144
0.0147235
0.0642745
0.0235335
0.0299776
0.00916891
0.00152687
0.0391826
0.00152846
0.0271112
3.12893
0.0386564
0.0327819
0.0529485
0.0391112
0.025035
0.0522105
0.00313772
0.0477493
0.0110274
0.00517315
0.019423
0.00911493
0.0437576
0.000849889
0.00642074
0.00369832
0.0297262
0.0215378
0.00294837
0.00526344
0.0289317
0.0116623
0.0161071
0.0151791
0.00203933
0.0280069
0.00237957
0.0119931
0.102749
0.0206281
0.0438314
0.00898249
0.00598847
0.0821775
0.0895106
0.0232766
0.122978
0.0115785
0.165931
0.0286103
0.0694983
0.0218054
0.277071
0.0329041
0.018607
0.0281349
0.0280859
0.0576325
0.00594612
0.0138595
0.0863959
0.0338573
0.0245099
0.111915
0.0820849
0.0732387
0.040171
0.015947
0.133842
0.0355803
0.0924967
0.0434311
0.0632107
0.0072164
0.139969
0.0271144
0.0386864
0.0750239
0.0442424
0.0973323
0.160889
0.0668338
0.224416
0.106829
0.238612
0.205983
0.00695401
0.0194052
0.0339004
0.17584
0.00786505
0.00999009
0.0074227
0.00573467
0.0209077
0.0338274
0.190883
0.0771024
0.0309258
0.0347573
0.0169057
0.0556359
0.0305396
0.00531334
0.0284317
0.0106951
0.0292082
0.0149878
0.0569216
0.1877
0.0112254
3.10078
0.00102783
0.0183096
0.0836669
0.0752402
0.0150926
0.0110143
0.00640417
0.0296038
0.0137175
0.0244408
0.00679281
0.0170925
0.0134956
0.0202906
0.0259947
0.0168258
0.014702
0.0232631
0.0255822
0.0012357
0.0151719
0.000673282
0.0160622
0.0145173
0.0081442
0.00581649
0.0327813
0.0593641
0.00816653
0.0182374
0.0049182
0.0120346
0.00742158
0.00789445
0.0289066
0.105834
0.0246228
0.00820367
0.0941309
0.00516169
0.0437795
3.12956
0.0173245
0.0366383
0.0384646
0.00232161
0.0523966
0.0651283
0.00675914
0.00108804
0.0826617
0.0191782
0.00443912
0.00425739
0.0206203
0.0260548
0.0173179
0.0502843
0.0299885
0.0112292
0.136109
0.0629098
0.029356
0.0709279
0.0174735
0.015559
0.00699368
0.00542657
0.0544875
0.0100673
0.016433
0.0284018
0.127302
0.00585659
3.03958
0.00821954
0.106983
0.0330258
0.0257587
0.00013651
0.0516444
0.0356362
0.00849562
0.0635208
0.00697554
0.008977
0.000418401
0.00526954
0.0100408
0.0452898
0.00369718
0.0644236
0.0420578
0.010892
0.0055051
0.0394929
0.0149229
0.014901
0.0169762
0.0113881
0.0103158
0.119032
0.0617459
0.0201522
0.00393186
0.00522532
0.0651112
0.00136822
0.0111534
0.0588033
0.00390533
0.0336307
0.00668952
0.0298231
0.0353189
0.00543708
0.0201144
0.0399391
0.0326254
0.0598535
0.00895604
0.017277
0.0199005
0.0774786
0.000370285
0.0630394
0.0342454
0.00238742
0.0100015
0.00778229
0.00870772
0.0330271
0.0274488
0.0470824
0.0127756
0.0162739
0.0167178
0.00217583
0.000642957
0.000354753
0.012722
0.180476
0.0770228
0.0931587
0.00170125
0.0341395
0.186416
0.108676
0.196449
0.0662059
0.0299631
0.00180025
0.00401459
0.00842022
0.0659724
0.00572225
0.000554757
0.00624115
7.58112e-05
0.00279187
0.00325361
0.00941348
0.00324103
0.016708
0.00133785
0.0153187
0.00499447
0.00326582
0.0113631
0.0130038
0.00178077
0.00121038
0.00989679
0.0269062
0.0322945
0.0429898
0.00505527
0.00867094
0.017426
0.00982379
0.0261278
0.0214021
0.0581903
0.0857249
0.0442467
0.0227261
0.0586188
0.0384656
0.0241654
0.014707
0.0215377
0.0328317
0.0336067
0.0362107
0.0239795
0.021264
3.10201
0.051261
0.0186901
0.0150254
0.0498201
0.0491521
0.0209042
0.0226604
0.0396913
0.00423329
0.0135924
0.134817
0.055206
0.0178429
0.0121845
0.0543253
0.0535905
0.00651287
0.0666663
0.0353991
0.138114
0.107797
0.0523854
0.0176434
0.143881
0.0519218
0.0473317
0.0716446
0.0657783
0.0875807
0.0522383
0.000154649
0.0379263
0.0914507
0.11001
0.00867726
0.0671177
0.00838288
0.0166021
0.0180806
0.0543744
0.0249061
0.00791129
0.0460342
0.0145885
0.0656668
0.0766504
0.0199583
0.0505141
0.0421416
0.0384815
0.061321
0.0314123
0.0188555
0.0181658
0.000380915
0.017581
0.00029695
0.0317332
0.0846566
0.0549195
0.00273339
0.0145025
0.0381399
0.064034
0.0547067
0.044737
0.0326778
0.246378
0.132721
0.0976233
0.160461
0.0267463
0.00249629
0.0427493
0.26329
0.0151122
0.116926
0.0116435
0.0792366
0.000947839
0.139776
0.0382836
0.0403792
0.00716291
0.0234538
0.109002
0.102308
0.0134306
0.0176011
0.109007
0.0563077
0.248226
0.116525
0.025959
0.0976111
0.0301348
0.136504
0.00192326
0.200652
0.0975094
0.0302918
0.0247206
0.0141751
0.00881015
0.00709503
0.00424124
0.0249179
0.0169739
0.0187907
0.00270736
0.024502
0.0082726
0.0110224
0.00707699
0.00453725
0.00499708
0.0104693
0.0101015
3.09858
0.106601
0.0321353
8.10398e-06
0.0347676
0.0592041
0.145897
0.00693604
0.0342552
0.0892521
0.0484145
0.0263838
0.0248893
0.024523
0.00740958
0.0123566
0.019354
0.0119401
0.00854067
0.00207427
0.00601577
0.0341552
0.0929231
0.172384
0.0209075
0.116383
0.0337017
0.0905363
0.0695549
0.0145218
0.116386
0.0518852
0.0174684
0.0286575
0.000330439
0.0835596
0.0120414
0.0732717
0.0789831
0.022706
0.0972924
0.00131193
0.103534
0.0169634
0.0288827
0.0133089
0.0120103
0.021412
0.000303268
0.0199794
0.00970613
0.00267983
0.0219439
0.013816
0.0223515
0.0941252
0.0940771
0.155195
0.0845627
0.0770643
0.013998
0.105884
0.0303491
0.0352321
0.0841349
0.0632226
0.0196833
0.120262
0.0606812
0.0208325
0.00232085
0.104997
0.0628233
0.00221912
0.0481086
0.0140819
0.113371
0.000425687
0.00869769
0.0178664
0.00258977
0.00598919
0.0338312
0.0779019
0.022497
0.0187355
0.0170359
0.0199075
3.0924
0.024888
0.00214088
0.000346155
0.0164464
0.00449803
0.00986339
0.0162292
0.0474391
0.0134845
0.163919
0.108583
0.0487938
0.0102868
0.00847864
0.00687713
0.0294139
0.0063408
0.00640845
0.000661705
0.0275005
0.0315827
0.0166671
0.0803897
0.10425
0.0634394
0.15555
0.132888
0.017492
0.0604764
0.042474
0.0375175
0.0393203
0.028265
0.0816302
0.0038505
0.123047
0.0327268
0.00260455
0.0193615
0.0221901
0.0142217
0.00596136
0.0102235
0.00232281
0.0179728
0.0213259
0.00345572
0.00406146
0.036365
0.0229528
0.0131754
0.0338559
0.0551238
0.0624083
0.0325505
0.136714
0.0153858
0.253611
0.0275786
0.0146653
0.000253618
0.00501418
0.0115302
0.0945954
0.0436126
0.0248988
0.111457
0.203472
0.028561
0.102088
0.0152008
0.074072
0.056344
0.035958
0.020758
0.0242329
0.0603264
0.0561674
0.048069
0.0228373
0.0611398
0.0896804
0.0203808
0.0141037
0.0531538
0.0564836
0.12915
0.019597
0.000489455
0.00106837
0.0491435
0.0469243
0.0653397
0.023232
0.0289892
0.0238792
0.0489563
0.0154334
0.0709338
0.00213045
0.0397947
0.0151658
0.0093049
0.00641967
0.0954398
0.0059001
0.119334
0.00661997
0.118787
0.0275649
0.00861369
0.019553
0.00336684
0.000298315
0.0015622
0.0134411
0.065727
0.00919548
0.021903
0.0795333
0.0219569
0.00323316
0.00376223
0.0523203
0.00488572
0.018127
0.0224751
0.0057269
0.0347929
0.00203797
0.0251147
0.0290313
0.0195916
0.000379303
0.00756043
0.00778889
0.00277538
0.014117
0.0629541
0.0160037
0.0265313
0.0399855
0.0154483
0.0037045
0.00363018
0.00389323
0.025198
0.0273808
0.00557795
0.0225293
0.0749235
0.0119772
0.000802589
0.0523871
0.0312106
0.0157042
0.0911433
0.00441834
0.0948356
0.0245948
0.028723
0.0943495
0.0187772
0.0842197
0.00483363
0.0123692
0.00721936
0.0463165
0.0100997
0.0593456
0.0588931
0.0386358
0.00215691
0.00282373
0.0224256
0.0125285
0.0397095
0.00879207
0.0236864
0.0607512
0.022387
0.0161305
0.0323757
0.0224605
0.12628
0.0389689
0.0273671
0.0134715
0.0730571
0.0432974
0.151018
0.00331497
0.00509269
0.00156185
0.0172854
0.0190013
0.0324507
0.00451763
0.025362
0.00303524
0.00881139
0.0523251
0.033405
0.0587499
0.0479079
0.00555199
0.0349551
0.00064047
0.05001
0.120568
0.0199052
0.0129605
0.0872411
0.0479477
0.046292
0.112834
0.000673359
0.102702
0.00295766
0.080696
0.0443014
0.011833
0.0792476
0.126109
0.00705061
0.0347331
0.0105401
0.0205513
0.0476751
0.0245918
0.0486523
0.0228903
0.00870653
0.00810083
0.00423469
0.00640069
0.0224336
0.00348515
0.0700824
0.0584993
0.00247053
0.00398742
0.00338469
0.0753685
0.000217587
0.00155097
0.137509
0.0157735
0.246176
0.000446001
0.00651461
0.0104431
0.00674215
0.203819
0.044892
0.0243917
0.0192466
0.0205772
0.0271085
0.000410927
0.0168135
0.0130475
0.020389
0.00718755
0.0118498
0.0854097
0.0223226
0.0192415
0.0142185
0.0256158
0.005584
0.00986674
0.0203856
0.0220792
0.00067042
0.0196472
0.00523461
0.0247273
0.00173583
8.76257e-05
0.020952
0.0168108
0.0445695
0.010266
0.0111905
0.00462032
0.00292936
0.024315
0.0426852
0.0327681
0.00421851
0.0262417
0.0127975
0.0107614
0.0286572
0.0547684
0.0558606
0.0654591
0.0490004
0.0803272
0.053333
0.0231572
0.0363748
0.0550233
0.0316612
0.0115266
3.06728
0.0680496
0.0159054
0.00918699
0.00903098
0.00379572
0.0208086
0.00535126
0.00532174
0.103831
0.00504354
0.02184
0.0704652
0.0347548
0.0706787
0.0350782
0.00999423
0.10031
0.147232
0.0162577
0.0255922
0.016566
0.014274
0.00330907
0.01676
0.0357395
0.00563324
0.0169527
0.0243594
0.0278042
0.0165251
0.022617
0.0201697
0.0213166
0.00641689
0.0358002
0.0362713
0.0539763
0.0152079
0.140916
0.00585309
0.125228
0.0301742
0.00874619
0.00698973
0.0572893
0.0137492
0.0130191
0.0541197
0.0368614
0.0523359
0.000281402
0.0115338
0.022764
0.0891482
0.0325053
0.0523543
0.0143396
0.0235175
0.0227599
0.00438236
0.0275172
0.0303915
0.0785527
0.059148
0.0424079
0.0748048
0.0100425
0.105101
0.0874086
0.0242182
0.136613
0.0366297
0.0778423
0.177848
0.0861582
0.0308998
0.115749
0.0504527
0.105093
0.0413345
0.140892
0.0661033
0.177728
0.135496
0.108486
0.170863
0.0457475
0.129252
0.0213209
0.0454219
0.200939
0.0135189
0.201804
0.118829
0.0297605
0.0695154
0.0446549
0.0522239
0.0942568
0.243497
0.019928
0.0566339
0.0871249
0.0630894
0.0022203
0.0579567
0.0815064
0.00365711
0.0540228
0.0997669
0.0401466
0.0159567
0.0540352
0.0362821
0.0752039
0.00418933
0.0708305
0.0359181
0.0240502
0.0211323
0.0585638
0.0190566
0.217416
0.0148091
0.00453442
0.0140468
0.150378
0.00665345
0.0152421
0.00785294
0.00527171
0.0378603
0.0254773
0.022651
0.16341
0.0451473
0.00937482
0.0900248
0.0239261
0.0176861
0.00931023
0.116335
0.0411099
0.00598786
0.0615757
0.0756273
0.0383956
0.0159805
0.0502959
3.10164
0.00401932
0.0489515
0.0490996
0.0198248
0.00341906
0.00475597
0.00775794
0.0146827
0.0375218
0.0198615
0.025151
0.00814215
0.015976
0.00421396
0.00708542
0.0123037
0.00449346
0.0147511
0.00805603
0.0195449
0.00154223
0.0161007
0.0111761
0.0147953
0.00178568
0.0144651
0.00766704
0.0114087
0.0172305
0.0161751
0.00428288
0.0238062
0.0497044
0.0391472
0.00147626
0.00327545
0.0584145
0.000779925
0.0336902
0.0188198
0.0303536
0.0160827
0.13269
0.0258847
0.141915
0.165361
0.00337214
2.80354
0.11216
0.138342
0.0584052
0.00969345
0.0143249
0.0159309
0.0541405
0.000550647
0.102986
0.116836
0.0613003
0.0420567
0.00803467
0.086369
0.0564681
0.0202343
0.00873112
0.0158487
0.0218476
0.0985674
0.0627444
0.0597466
0.0120748
0.01423
0.0572542
0.0313601
0.00201458
0.00960217
0.0275127
0.00876195
0.00536967
0.00658864
2.885
0.0671393
0.0175764
0.0563075
0.0232389
0.0453091
0.0066705
0.0352668
0.0155048
0.0726736
0.0271152
0.0265829
0.0711578
0.0105673
0.0195244
0.00701025
0.00267139
0.0494376
0.008081
0.0711503
0.045285
0.00457047
0.00689535
0.0758543
0.0758858
0.027331
0.00489421
0.00434158
0.0494271
3.07897
0.018178
0.0371046
0.0324401
0.0213906
0.0681474
0.0565194
0.0468358
0.0305428
0.0414022
0.0042427
0.0168616
0.0242469
0.0225252
0.0399809
0.000746508
0.0151961
0.0173327
0.10475
0.104941
0.0450753
0.0378414
0.0166924
0.0206627
0.00178474
0.0228567
0.0388461
0.0191966
0.0160533
0.00832987
0.00451074
0.0017383
0.0269178
0.0251177
0.00324102
0.0028984
0.00050954
0.0084523
0.0929136
0.034294
0.0519286
0.00595338
0.0190434
3.08309
0.0291462
0.0168704
0.056876
0.0427109
0.0415467
0.0269136
0.0191041
0.000888224
0.0711534
0.0267182
0.010633
0.10011
0.100923
0.0640136
0.0380026
0.0196877
0.0410397
0.00715092
0.0289937
0.00441096
0.04365
0.00114644
0.0601074
0.0146092
0.0388001
0.176171
0.0293803
0.0409219
0.0800185
0.0626242
0.0514474
0.0143723
0.0407537
0.0774449
0.0388671
0.0277845
0.00474552
0.0147039
0.011569
0.0678274
0.0131012
0.0338398
0.00384925
0.0142006
0.0918865
0.0122994
0.019943
0.0114695
0.014106
0.0157246
0.0246284
0.0296009
0.0124061
0.0223636
0.02691
0.00142282
0.0405825
0.0136383
0.0182547
0.0264816
0.0321918
0.00754485
0.0187445
0.0133362
0.00717988
0.0048715
0.0231437
0.0115641
0.0807611
0.000441558
0.00112803
0.0112592
0.0243587
0.0375125
0.000145707
0.000875854
0.0764322
0.0414312
0.044842
0.0756085
3.09601
0.102383
0.00642408
0.0532066
0.00635392
0.0299773
0.0376126
0.0208383
0.00116108
0.0265571
0.00238994
0.106025
0.0531327
0.0735727
0.0238773
0.143611
0.013083
0.018724
0.0221996
0.0805176
0.017943
0.0120688
0.0376909
0.0639747
0.00120823
0.009357
0.0229217
0.00661482
0.0142882
0.00638517
0.0464269
0.0465668
0.117637
0.00771096
0.0135411
0.0382871
0.0242904
0.00154934
0.00723853
0.0229483
0.00641574
0.00892044
0.0223557
0.0392985
0.0494088
0.0710067
0.0534992
0.0224184
0.0441343
0.00530688
0.0360047
0.0303064
0.0245364
0.0138233
0.0831527
0.00322826
0.000969304
0.0194807
0.0188686
0.00260977
0.01824
0.093428
0.0361342
0.0224412
0.0140417
3.13628
0.0527886
0.00700961
0.00480729
0.0521148
0.00356306
0.0764303
0.0139296
0.044878
0.0286135
0.00485963
0.000590682
0.198777
0.00227031
0.00281403
0.0433277
0.0268428
0.0804177
0.0642276
0.00142082
0.0101932
0.0484476
0.00829746
0.0164749
0.0615908
0.00409907
0.0909729
0.0111468
0.0459459
0.0860742
0.0737995
0.0474972
0.00160464
0.0134752
0.00415273
0.00512239
0.0382925
0.0475704
0.106678
0.00887866
0.00194069
0.0400777
0.15886
3.13467
0.0772369
0.0832247
0.123856
0.045981
0.100253
0.113262
0.00675161
0.0314761
0.0656875
0.0685886
0.0311948
0.0433357
0.00763121
0.0309466
0.00205251
0.0178683
0.0192873
0.0686845
0.045117
0.0235187
0.0649764
0.0518556
0.0165714
0.061661
0.0386392
0.146134
0.14267
0.024249
0.0724418
0.0683422
0.127111
0.0485455
0.0256208
0.0272455
0.0665815
0.0169629
0.050891
0.0683999
0.00424698
0.0284572
0.0183301
0.00654682
0.0210873
0.00542737
0.0282475
0.0215604
0.0182965
0.0226218
0.0189049
0.00371664
0.0968427
0.0226698
0.0341988
0.0147449
0.0189085
0.0968454
0.00476015
0.0360088
0.00455844
0.0053123
0.00710529
0.0026415
0.0540973
0.0495492
0.0782784
0.0565985
0.00140039
0.0428163
0.0277335
0.00308144
0.00582264
0.00246244
0.00204691
0.00369228
0.0023057
0.00225908
0.000262989
0.00485904
0.00726977
0.00206313
0.00702281
0.013095
0.0395164
0.0283296
0.00704427
0.0237772
0.012556
0.0158533
0.00833715
0.0308218
0.015932
0.0237813
0.0281049
0.000165444
0.0105867
0.00950532
0.0267976
0.0543415
0.0325022
0.0172938
0.0285864
0.0464997
0.021857
0.0342091
0.0370686
0.0130203
0.00121332
0.0424187
0.000995562
0.0203469
0.0371065
0.0476787
0.179596
0.110278
0.116652
3.14098
0.0521108
0.00730686
0.0684313
0.087562
0.0247433
0.0110353
0.0261471
0.210529
0.0607332
0.133745
0.117359
0.205719
0.051224
0.133777
0.0210133
0.00145108
0.0110918
0.114537
0.0327638
0.00941819
0.0282635
0.00751077
0.00551583
0.0666771
0.0779209
0.0212571
0.0311771
0.00924954
0.042835
0.00749896
0.0067383
0.0733632
0.0276187
0.0616222
0.0122477
0.0142869
0.0319254
0.0316896
0.0216794
0.0123488
0.0107137
0.0330718
0.0200023
0.0115594
0.025154
0.179326
0.0341495
0.0103732
0.039193
0.0458588
0.0055752
0.049694
0.0350402
0.037625
0.0512682
0.0651542
0.0183935
0.0596254
0.0971411
0.0677743
0.0241029
0.160398
0.00155071
0.00748247
0.00431999
0.00372372
0.00754671
0.0167371
0.0495972
0.0121279
0.019495
0.034341
0.00574974
0.062188
0.0143194
0.0357686
0.0220411
0.0159714
0.021264
3.12505
0.0435874
0.0096746
0.000760542
0.022357
0.03945
0.0516303
0.0497336
0.0744792
0.00183231
0.0450485
0.0316814
0.0166535
0.0268373
0.00827376
0.0247588
0.00665651
0.0276405
0.0153984
0.0332259
0.0311782
0.00680283
0.0187954
0.0441106
0.0388299
0.0264425
0.0004037
0.00627385
0.00795103
0.0399022
0.00736866
0.0435823
0.0216709
0.0111747
0.0193443
0.030526
0.000812206
0.0592186
0.0091606
0.0590561
0.0258303
0.015469
0.0473098
0.00248939
0.0129391
0.0532074
0.0174535
0.00138234
0.0147921
0.0754277
0.0784258
0.0172027
0.013545
0.0055467
0.0819774
0.0728298
0.00964054
0.000990611
0.00181614
0.0100763
0.00380827
0.0135217
0.0307237
0.00138839
0.00164954
0.0611971
0.0492065
0.0352789
0.0638155
0.00650253
0.0188339
0.049238
0.0128698
0.0465885
0.0293696
0.00756897
0.0049164
0.0038396
0.00277678
0.000919971
0.00670862
0.0565541
0.00417168
0.0550804
0.0130372
0.00540099
0.0481999
0.00203677
0.0488591
0.0477485
0.0636809
0.0315483
0.0108338
0.0867546
0.00788013
0.0396595
0.00404149
0.0207215
0.0135275
0.0225772
0.0362979
0.0578426
0.0173255
0.00489414
0.0706426
0.0457456
0.0114639
0.0411529
0.0361807
0.0102142
0.145907
0.068584
0.0143425
0.0111671
0.00252927
0.0132022
0.0228083
0.041706
0.0086148
0.000496671
0.0474266
0.0444548
0.0232383
0.0269952
0.0107756
0.0282328
0.114698
0.000303885
0.0125763
0.0610871
0.0479635
0.0244425
0.0576849
0.0350234
0.0151604
0.172623
3.12523
0.027341
0.0234337
0.0290336
0.0771515
0.0152896
3.00241
0.123136
0.0531791
0.00585784
0.0424262
0.00382175
0.114361
0.0195257
0.0247287
0.0563779
0.0172657
0.0559931
0.0287974
0.0236772
0.0369367
0.0378054
0.0165684
0.073711
0.0412232
0.0090749
0.0143215
0.0075369
0.0476609
0.0517135
0.0482622
3.09003
0.0202667
0.0167992
0.0348078
0.0450288
0.0115165
0.00348429
0.00926394
0.0423124
0.0663096
0.0149896
0.0275217
0.0501243
0.00228464
0.0160058
0.0634116
0.038975
0.00193797
0.0203368
0.0274596
0.0336166
0.0317254
0.019915
0.00801689
0.00033937
0.0286214
0.0190038
0.0772076
0.041287
0.073841
0.016397
0.122785
0.038399
0.0684487
0.0330953
0.0239563
0.0127235
0.117239
1.41528e-05
0.0144663
0.0145916
0.0334677
0.0439649
0.0692294
0.0220361
0.0214392
0.0433517
0.00726856
0.0393565
0.0775379
0.0742051
0.0299029
0.0171696
0.0206032
0.0347797
0.102654
0.05095
0.0452574
0.0822902
0.0516002
0.0117127
0.000883772
0.0328078
0.0487856
0.0116978
0.0752372
0.0347349
0.000104446
0.0200526
0.0355205
0.0195306
0.0216356
0.0235783
0.0479822
0.0028349
0.0278868
0.0115028
0.0204823
0.0507647
0.0211391
0.0426404
0.0271202
0.0129182
0.0104556
0.0134239
0.0283814
0.0402746
0.00223063
0.0237409
0.0319474
0.0878107
0.0185837
0.00752153
0.0184966
0.026655
0.0240109
0.0233779
0.120248
0.0237684
0.0188695
0.0870713
0.0100478
0.00926481
0.0120955
0.0100269
0.125938
0.0252191
0.00491602
0.0227628
0.0493054
0.0355376
0.0146213
0.030652
0.015139
0.0566219
0.0647805
0.0257958
0.00165132
0.0545224
3.10008
0.000529034
0.0551081
0.0265715
0.0452825
0.0130781
0.00659712
0.0289381
3.13305
0.0064672
0.0215375
0.000125756
0.0133869
0.0219415
0.0531182
0.00876366
0.0465371
0.0112038
0.0301856
0.00339652
0.000956688
0.0190196
0.0573214
0.0410338
0.00989934
0.0324873
0.0343068
0.0106142
0.0254462
0.0257895
0.0125598
0.0540711
0.0192718
0.0052554
0.0281897
0.00368018
0.00605289
0.0141297
0.00777595
0.0233282
0.0269384
0.0307364
0.0171953
0.0299159
0.000393962
0.00217925
0.104948
0.0668092
0.0230469
0.00375208
0.0599854
0.0327477
0.133832
0.0542596
0.0167667
0.135127
0.0155632
0.0512353
0.0511077
0.0132131
0.0549346
0.0152561
0.0507646
0.0684264
0.0174777
0.0546527
0.0215202
0.00411761
0.00231797
0.00442517
0.0541835
0.0167444
0.0148925
0.00825045
0.0343976
0.00139925
0.00516133
0.0275177
0.00579512
0.00275887
0.0406123
0.000151485
0.00639664
0.0217245
0.0460876
0.00999319
0.00664171
0.0169431
0.00664665
0.0387695
0.0200051
0.0342382
0.0113337
0.00696376
0.0179392
0.000694091
0.00280131
0.0127581
0.0153541
0.00255733
0.0471916
0.0185493
0.0070251
0.00465601
0.0500066
0.10795
0.00530557
0.0431673
0.0302562
0.0218609
0.0496366
0.0138294
0.0116074
0.101333
0.00382653
0.0442892
0.00879601
0.0964491
0.00300334
0.118737
0.0277667
0.0668322
0.0297776
0.0290081
0.101426
0.0816087
0.0426043
3.08572
0.00115267
0.0174817
0.0263592
0.0519099
0.00641524
0.00486874
0.00968206
0.0199563
0.0208259
0.00451504
0.00982127
0.00665265
0.020597
0.025488
0.017648
0.0121485
0.00929374
0.00884991
0.0246563
0.00924577
0.0283956
0.0356732
0.0247612
0.011794
0.00418373
0.00820866
0.00600775
0.025096
0.0433747
0.0479654
0.0356441
0.035625
0.0191272
0.0176239
0.00467968
0.0240036
0.00971975
0.269419
0.0752094
0.0356191
0.0350033
0.0504188
0.0144697
0.00489124
0.0276713
0.0198498
3.05889
0.038254
0.0311715
0.0232525
0.0284484
3.04551
0.0100107
0.000871793
0.00693383
0.0546722
0.0238236
0.0157165
0.0201188
0.00808063
0.0109369
0.0131451
0.00363776
0.0311839
0.0399982
0.0240722
0.00365641
0.0801103
0.00869015
0.0416578
0.0349578
0.0339815
0.0401725
0.0179394
0.0240443
0.00539241
0.0144897
0.00525215
0.0340125
0.0560098
0.022997
0.0387431
0.0140172
0.0189973
0.00161143
0.038138
0.0362849
0.0558917
0.0656348
0.143597
0.0389705
0.0195752
0.0385517
0.0344726
0.00197203
0.0207453
0.0238499
0.087237
0.0248993
0.00234838
0.00396139
0.0589315
0.00736943
0.0333747
0.00237773
0.0976924
0.0041955
0.0167704
0.0385957
0.00633703
0.0361345
0.00411137
0.077767
0.0192005
0.0182436
0.0863636
0.0374201
0.0932913
0.100234
0.0673027
0.139583
0.00115754
0.0805527
0.080767
0.0692765
0.037448
0.00392107
0.00725801
0.0327382
0.129535
0.0525956
0.0857131
0.0425245
0.0777903
0.0105914
0.0662767
0.181195
0.0513238
0.00999308
0.0758686
0.0321296
0.0873819
0.0963224
0.0678841
0.00675754
0.00843863
0.105853
0.0600236
0.0133912
0.0100159
0.0190409
0.0375739
0.0876379
0.0326406
0.126848
0.0479589
0.0232953
0.0202282
0.0120494
0.0335508
0.00671094
0.0240929
0.006182
0.145465
0.0799892
0.00547794
0.0250418
0.0192797
0.0278394
0.049479
0.0231694
0.00789666
0.115714
0.100773
0.00834882
0.0542058
0.0452778
0.0176493
0.000780399
0.0294514
0.0154153
0.0204617
0.00455873
0.0130731
0.0787923
0.00941992
0.00866082
0.00507264
0.0203081
0.00942021
0.029698
0.00161771
0.0340843
0.0209695
0.0352784
0.0689698
0.0244416
0.0240571
0.0205385
0.1067
0.0536041
0.0645646
0.0906242
0.0390003
0.048819
0.0669137
0.0647456
0.0479838
3.11996
0.00957062
0.0063647
0.0132668
0.0233921
0.122185
0.0402585
0.0207414
0.0324998
0.026545
0.0254004
0.0288768
0.139484
0.0593811
0.0338492
0.0114274
0.0417714
0.027234
0.0337229
0.0456164
0.0454595
0.0210145
0.0118272
0.0162008
0.0213114
0.00812022
0.0154036
0.00453016
0.00226104
0.0330742
0.013685
0.0315168
0.00991385
0.0370019
0.0147282
0.00602636
0.00681915
0.117148
0.0040965
3.11395
0.0168684
0.0125931
0.0102869
0.016163
0.0297784
0.00625993
0.00812826
0.0046396
0.00768746
0.0257657
0.0121148
0.0571302
0.0347295
0.0337517
0.0549536
0.0217326
0.0581281
0.0602152
0.00772335
0.0778531
0.0509119
0.0226984
0.00626178
0.0118888
0.035901
0.0523884
0.0246065
0.012614
0.0236506
0.0715868
0.0606175
0.0126095
0.0242737
0.0595305
0.0191191
0.0200791
0.0164508
0.0155058
0.00199564
0.0146868
0.00111915
0.0230657
0.0262168
0.00977445
0.0518201
0.0152775
0.0163639
0.00639824
0.0118845
0.0243663
0.00841774
0.00462276
0.00131394
0.011347
0.0219292
0.0150534
0.00892499
0.012634
0.0377302
0.0498254
0.0472939
0.0152811
0.0490805
0.0065888
0.158904
0.00456604
0.0145626
0.0132463
0.0143302
0.0728429
0.0316028
0.0428296
0.0108189
0.00350042
0.00452013
0.0099759
0.003152
0.0217996
0.00332897
0.00750387
0.0156306
0.0216328
0.0131785
0.026024
0.00536293
0.0685681
0.0352561
0.0632122
0.00662572
0.0162
0.0470485
0.0216252
0.247794
0.0247056
0.0317065
0.00509051
0.0899673
0.00546224
0.117954
0.025511
0.0625939
0.00444514
0.00120255
0.0297531
0.0410057
0.0192511
0.00737228
0.00971322
0.0204928
0.0173239
0.0428119
0.0823807
0.00692
0.131921
0.0183281
0.00181818
0.00527684
0.0261302
0.0295394
0.00944639
0.0744673
0.0315128
0.0320891
0.0510415
0.0174656
0.0376511
0.052783
0.0763167
0.0572872
0.0486648
0.0265581
0.0285093
0.107029
0.0269351
0.0618636
0.0356286
0.0144008
0.143128
0.0186688
0.052438
0.0633362
0.00298938
0.0917529
0.00693163
0.0112934
0.00463572
0.0340161
0.0176201
0.0144707
0.00177462
0.00142364
0.000669483
0.0154691
0.0869713
0.00948593
0.00681516
0.0030881
0.115095
0.0488466
0.100683
0.010272
0.0104317
0.0159255
0.0327918
0.10207
0.0267194
0.0189686
0.02007
0.0161501
0.0121597
0.0234192
0.06319
0.00225291
0.00508251
0.0990502
0.0125983
0.0299243
0.0928526
0.0457525
0.0302977
0.00676189
0.0296301
0.0384912
0.0171797
0.013443
0.0169799
0.0851182
0.0465753
0.0209016
0.00902988
0.0101609
0.0103661
0.00404056
0.0161859
0.00739825
0.0947962
0.00738336
0.0416419
0.00812298
0.055502
0.00227672
0.0228204
0.0633329
0.0139569
0.0203023
0.00360801
0.0139137
0.00940671
0.0286202
0.0288432
0.0196321
0.0622603
0.00688219
0.0883019
0.195495
0.13945
0.0108503
0.0717339
0.00239501
0.051265
0.0496632
0.0659661
0.00945192
0.117073
0.0685274
0.0999729
0.0115995
0.242798
0.0164363
0.119098
0.10648
0.010057
0.109578
0.0448701
0.0230615
0.00431505
0.0155277
0.0043735
0.0147951
0.0230612
0.176741
0.00798801
0.0123105
0.00689533
0.00563099
0.0129634
0.0277366
0.0103639
0.0409868
0.00465175
0.0222502
0.000712201
0.0439271
0.019335
0.0169483
0.0275472
0.00384853
0.0211585
0.0617745
0.0581354
0.101882
0.118464
0.0713547
0.0169354
0.0228238
0.0181893
0.00101662
0.0145902
0.00456611
0.000489327
0.00683124
0.0284704
0.0595388
0.0115432
0.0348377
0.0325308
0.0245536
0.108458
0.129651
3.09401
0.0110101
0.0300671
0.000821676
0.0080806
0.0466916
0.00364314
0.0128659
0.0343529
0.00510491
0.0108818
0.0227442
0.0806692
0.0110951
0.00424107
0.237267
0.171022
0.0408169
0.159131
0.0215864
0.0975323
0.120743
0.0280549
0.0442406
0.0295343
0.0157902
0.0182307
0.00489828
0.0189206
0.013983
0.0320442
0.0821346
0.011036
0.0506997
0.0459494
0.058625
0.00822661
0.0130725
0.0281988
0.0546294
0.002516
0.018362
0.0193475
0.00812605
0.00821997
0.016071
0.127934
0.0296587
0.0264202
0.00317281
0.00375272
0.147758
0.0598719
0.0247712
0.00627037
0.0238949
0.00262617
0.0204542
0.0341106
0.0360464
0.0355976
0.064521
0.0940049
0.0207674
0.00538595
0.0344081
0.0667728
0.00105681
0.0132695
0.00783511
0.0107904
0.016648
0.0133828
0.0763164
0.0168839
0.0206645
0.0744525
0.0330546
0.00109184
0.0283855
0.0760708
0.0304814
0.0303047
0.0035032
0.0499187
0.0242771
0.012256
0.00411474
0.06517
0.0835568
0.00906007
0.0662687
0.00538564
0.0167471
0.00796113
0.0070045
0.0152224
0.01588
0.0398638
0.0108934
0.0605574
0.0155324
0.0093689
0.0181495
0.0189919
0.00179083
0.000412638
0.00552402
0.00247421
0.0149918
0.00588561
0.012356
0.086324
0.0615657
0.0301517
0.000408743
0.0674702
0.0145271
0.0250013
0.0194709
0.0970927
0.0887756
0.00469814
0.0113753
0.0335424
0.0145711
0.0672901
0.0243442
0.0442326
0.0406154
0.0708553
0.0467557
0.037998
0.097549
0.0463995
0.0145571
0.00496953
0.0791145
0.0268059
0.000480199
0.0341456
0.0290331
0.0101182
0.0773539
0.0152008
0.0693172
0.0377878
0.0127967
0.0116916
0.012683
0.00844359
0.0382642
0.0764646
2.32819e-05
0.0935079
0.0277439
0.047887
0.0144329
0.0418677
0.0973475
0.0702836
0.0118365
0.0103426
0.0096617
0.139223
0.136841
0.00962941
0.00844748
0.0296909
0.0200218
0.0538961
0.0501496
0.014543
0.0005884
0.0350073
0.0253266
0.0363655
0.00660099
0.0179075
0.120433
0.00953821
0.0680229
0.0189372
0.0181664
0.0432522
0.119315
0.134411
0.0689089
0.00378699
0.0201557
0.00798698
0.0435071
0.0469884
0.0263098
0.074539
0.00631301
0.0327319
0.00110849
0.0229278
0.0180558
0.0185359
0.0714931
0.0282839
0.00382584
0.000823017
0.0371802
0.0709334
0.0761262
0.0206495
0.0622678
0.037871
0.066218
0.0527012
0.0278053
0.00801433
0.0249426
0.0565125
0.0595732
0.185851
3.13989
0.0291175
0.0578771
0.00990909
0.029628
0.0545454
0.0603561
0.0131143
0.00563554
0.0348902
0.0038551
0.0406481
0.0601855
0.00335344
0.0367008
0.120555
0.00444922
0.0402287
0.0172756
0.0218116
0.0298713
0.0387389
0.0233732
0.0137306
0.000460588
0.0238312
0.0102069
0.00472873
0.0118706
0.00280945
0.0113068
0.0612695
0.121205
0.028738
0.0198616
0.04406
0.0531258
0.0202774
0.0405587
0.013022
0.0282778
0.0694783
0.0302122
0.00171924
0.172438
0.0203718
0.0336677
0.000968812
0.0880026
0.131399
0.0126673
0.0346279
0.0892609
0.0427354
0.098498
0.0251113
0.0592754
0.00112857
0.0419346
0.0183322
0.0182328
0.0352185
0.115994
0.112146
0.0375678
0.0384663
0.00770662
0.00678747
0.0524896
0.0540834
0.0925867
0.00958589
0.00893467
0.00341394
0.00730653
0.0512996
0.0013563
0.018735
0.0483119
0.055428
0.0251508
0.0621723
0.00317274
0.0470898
0.00793415
0.0926463
0.0274633
0.0095253
0.00479684
0.00682197
0.0176262
0.0666817
0.0392127
0.0754184
0.0120651
0.0041179
0.0100235
3.13757
0.0199283
0.00197074
0.0913029
0.0239738
0.185236
0.037067
0.0396459
0.0375319
0.130653
0.0112266
0.0307842
0.0360579
0.0323678
0.0609621
0.0724036
0.135245
0.048398
0.106661
0.206831
0.0093873
0.0740278
0.0407939
0.0381243
0.0411536
0.0305061
0.0445645
0.00404358
0.0586901
0.00892134
0.0309402
0.0232766
0.0636341
0.0556828
0.0878429
0.00610738
0.00069468
9.27375e-05
0.0239413
0.0175431
0.026048
0.121704
0.0632622
0.0321981
0.238291
0.0152143
0.0456946
0.0116161
0.074069
0.0288282
0.0414539
0.00552489
0.0300692
0.0400527
0.0324781
0.0277466
0.0427491
0.0418472
0.0294828
0.0415287
0.00567162
0.0458291
0.0408335
0.0744743
0.0277922
0.181676
0.100419
0.048699
0.124708
0.067911
0.0730925
0.00163183
0.104425
0.0441433
0.0494176
0.0218703
0.159593
0.104154
0.00472609
0.0117877
0.0275654
0.0113747
0.055835
0.000805501
0.116287
0.0545167
0.112932
0.0819591
0.0662993
0.000708592
0.135271
0.0640918
0.200056
0.171555
0.0211744
0.0224118
0.033751
0.0078729
0.0620006
0.0162965
0.124421
0.0740449
0.114078
0.148687
0.0908442
0.10805
0.00879579
0.11005
0.0332581
0.0902598
0.00562951
0.166599
0.0748521
0.0749165
0.0221689
0.00441511
0.0389151
0.0120807
0.00569155
0.0248293
0.122619
0.00382753
0.0222286
0.0158939
0.0507749
0.148931
0.0568074
0.0357652
0.128881
0.0109831
0.158497
0.121937
0.0612345
0.0356035
0.00905591
0.000373129
0.0273905
0.0874183
0.0173206
0.0584081
0.0627847
0.0830628
0.00804785
0.117126
0.00120623
0.0129948
0.0285327
0.0720462
0.00435849
0.0360451
0.111322
0.105079
0.0506039
0.00656779
0.159981
0.00944195
0.0588963
0.0277121
0.0633147
0.00474928
0.0560604
0.0110288
0.0331616
0.0621058
0.00553732
0.098661
0.0759587
0.000304898
0.0499614
0.0375239
0.0153078
0.0344562
0.0243108
0.0299553
0.032703
0.0442509
0.0542108
0.00319788
0.0378268
0.00285708
0.0144155
0.0362734
0.00270238
0.141391
0.0377092
0.00425501
0.00650586
0.0204324
0.0125425
0.0667182
0.0450782
0.0129348
0.0197961
0.00805655
0.079153
0.0437992
0.029112
0.045135
0.0199442
0.00763374
0.0340901
0.14815
0.0191677
0.00771961
0.180869
0.0716871
0.00287437
0.00623957
0.0221362
0.0962985
0.0207258
0.0112538
0.0453303
0.0272801
0.0530292
0.0337173
0.0102344
0.121824
0.0276274
0.116844
0.0686953
0.040555
0.123291
0.182872
0.0148256
0.0315561
0.0518482
0.15121
0.00180184
0.0703991
0.140259
0.114626
0.00476196
0.0269985
0.103592
0.0105629
0.0559245
0.0504185
0.000461828
0.0372258
0.0498019
0.000437841
0.13041
0.0456966
0.182395
0.144285
0.0701249
0.0300862
0.00133143
0.049336
0.0377479
0.132256
0.0485952
0.132492
0.0817199
0.0649421
0.0490534
0.0360621
0.0395769
0.0507438
0.0272929
0.0513059
0.184378
0.0260261
0.0161544
0.204596
0.130546
0.0149215
0.0256508
0.0314547
0.00630533
0.00528928
0.0751896
0.0533486
0.038584
0.0154712
0.057274
0.0774638
0.118708
0.020467
0.0236909
0.0274832
0.0701693
0.0318984
0.104601
0.0473074
0.0635321
0.0448656
0.004141
0.00457651
0.127837
0.0930456
0.011288
0.126567
0.173658
0.0550632
0.00223461
0.0339356
0.00562773
0.134753
0.0219522
0.0333827
0.105417
0.104645
0.0671015
0.0341999
0.0961834
0.193911
0.144964
0.0798921
0.139212
0.0499464
0.0418431
0.00409542
0.121067
0.0383086
0.0162996
0.0381812
0.0252484
0.0560709
0.128254
0.006831
0.0439338
0.139731
0.0767789
0.113847
0.266338
0.0719845
0.0441486
0.00233287
0.0359792
0.0299699
0.00266951
0.0122543
0.000769063
0.0338638
0.0305895
0.0103236
0.00910733
0.0418846
0.0167707
0.0309197
0.00254814
0.073981
0.00857631
0.0530552
0.0216871
0.0641717
0.0522414
0.128125
0.0575567
0.0114845
0.0709435
0.0403872
0.00198399
0.00736012
0.0692521
0.0619939
0.048152
0.0135166
0.108089
0.0678681
0.0311245
0.0659254
0.0432816
0.00228812
0.0295202
0.0522261
0.0243413
0.00698549
0.0443276
0.141243
0.0102518
0.0538832
0.0306754
0.0293543
0.0398621
0.053874
0.0205525
0.0198342
0.0196795
0.041484
0.101305
0.17032
0.126584
0.0740103
0.119647
0.0517367
0.042316
0.127557
0.192744
0.00418687
0.0497658
0.0455505
0.0159124
0.0260959
0.0154114
0.00336147
0.173242
0.0183325
0.00336349
0.0231488
3.08646
0.0647044
0.0199012
0.0066515
0.0330204
0.0711682
0.00848517
0.0689785
0.0015714
0.000770123
0.227289
0.0141576
0.00879393
0.00781358
0.0111788
0.00380657
0.0039454
0.0918318
0.0847454
0.00275444
0.100894
0.00755041
0.0579993
0.00806664
0.0218061
0.00536898
0.0232198
0.0126192
0.0299048
0.010352
0.0459164
0.0289956
0.0296797
0.0107635
0.00839576
0.00647161
0.0429876
0.0174433
0.00900443
0.0413175
0.00339646
0.00306786
0.0234717
0.0369263
0.0191478
0.0288283
0.0142771
0.00178491
0.0114256
0.0162103
0.0095313
0.0453353
0.0184854
0.0035461
0.0134858
0.00997376
0.0358194
0.000263094
0.0755076
0.0794082
0.0191663
0.00276697
0.00199528
0.00721376
0.00887061
0.0633706
0.00588754
0.030871
3.13656
0.0443403
0.0531472
0.03247
0.000307946
0.0206376
0.0677849
0.0156216
0.0109915
0.001714
0.0292767
0.048288
0.0427706
0.00145182
0.0426685
0.0376393
0.00868607
0.047278
0.0696279
0.0100004
0.0839413
0.0253655
0.03346
0.00258251
0.0039861
0.001598
0.00864452
0.0228784
0.0123843
0.00973985
0.0747975
0.00166157
0.015823
0.00303706
0.00639697
0.0546635
0.000502349
0.0293496
0.0375628
0.0100128
0.00182745
0.0163411
0.00724247
0.0783742
0.00719209
0.00730106
0.0347463
0.00816801
3.11277
0.0673918
0.00590894
0.017682
0.0100621
0.00535392
0.00858385
0.112912
0.010474
0.0229432
0.043384
0.0493324
0.0268799
0.08894
0.0034726
0.0023691
0.0288241
0.0434059
0.00865155
0.0091414
0.0808486
0.0259574
0.166822
0.00439688
0.112375
0.0230225
0.0118356
0.108125
0.0266681
0.0688053
0.054322
0.0248009
0.0570121
0.0307159
0.0362534
0.169889
0.0926487
0.0224308
0.211659
0.0355825
0.0424915
0.0442006
0.0503561
0.194791
0.0466128
0.00201288
0.132688
0.00703356
0.0628601
0.0950441
0.0955882
0.13401
0.0197902
0.0925203
0.0691158
0.019568
0.0114642
0.0103425
0.0133658
0.0119044
0.000627969
0.0118847
0.0300091
0.00689986
0.0378114
0.0308118
0.00198508
0.04215
0.0147921
0.0208433
0.0121249
0.0292885
0.0107734
0.0105625
0.0237009
0.0246263
0.0139127
0.0168996
0.0126802
0.00531086
0.0214891
0.013858
0.0240535
0.0164484
0.0195213
0.00788037
0.00991388
0.00444365
0.00232422
0.027422
0.0078906
0.0264468
0.0171562
0.000430761
0.0598608
0.0135495
0.258732
0.168042
0.219602
0.136659
0.129012
0.194186
0.0170645
0.102094
0.158275
0.160058
0.0995797
0.0968652
1.89864
0.183569
0.122157
1.83281
0.314778
0.157783
0.160623
0.507658
0.0410286
0.0221909
0.114863
0.150909
0.235723
0.159347
0.544052
0.0407548
0.0909512
0.0994279
0.00956035
0.0671188
0.159698
0.0669333
0.0111784
0.18294
0.000175416
0.0707794
0.0066309
0.0761617
0.0112182
0.0348261
0.0236252
0.0160932
0.0514763
0.0260588
0.00352834
3.04295
0.0411919
0.0134023
0.0187425
0.0494774
0.0149185
0.0689242
0.00406249
0.00146674
0.0686956
0.024512
0.0935564
0.0898062
0.00883783
0.0446308
0.00869688
0.0230171
0.0458581
0.0972996
0.0267628
0.0320662
0.0553774
0.0448291
0.00587681
0.0490478
0.0219134
0.0474184
0.0120116
0.0439028
0.00946209
0.067116
0.0165831
0.130384
0.00657473
0.0667948
0.00409211
0.0385637
0.0799979
0.0523627
0.0112046
0.0433366
0.0470319
0.0582737
0.000252119
0.041999
0.17186
0.130695
0.00978135
0.0132818
0.0567983
0.00834149
0.0113049
0.0261215
0.00842865
0.0342672
0.0220314
0.0140654
0.0377082
0.0213017
0.00287227
0.0693281
0.0291596
0.0675131
0.00332812
0.0715145
0.0932048
0.0124553
0.133481
0.0246717
0.00975345
0.0678153
0.00401399
0.0206193
0.0214687
0.0197265
0.0163118
3.1262
0.00556672
0.0283909
0.00133183
0.00284182
0.0764021
0.0183889
3.10281
0.0220194
0.0106492
0.00408368
0.0598874
0.0170305
0.0134484
0.0465909
0.100824
0.0538627
0.0875548
0.01688
0.0186487
0.0872975
0.0226808
0.023648
0.0295537
0.0222375
0.071891
0.110058
0.026363
0.0340537
0.0110931
0.0625495
0.0221393
0.133015
0.030741
0.106978
0.00893105
0.136686
0.0175427
0.0228945
0.175707
0.0548011
0.0715514
0.0416524
0.0298334
0.0140381
0.0209957
0.0100687
0.011772
0.0286991
0.00243178
0.0278966
0.0266233
0.0479327
0.0398951
0.0161749
0.0054408
0.0255651
0.0116526
0.098399
0.0466484
0.0523104
0.00993617
0.0298235
0.000176691
0.00776626
0.0123568
0.00959903
0.0230616
0.089233
0.128701
0.0505341
0.156227
0.014408
0.075534
0.0268259
0.0718734
0.0869509
0.05109
0.0177532
0.00828296
0.0323599
0.0180861
0.0404281
0.0199397
0.0875862
0.0712655
0.044429
0.0197954
0.0429423
0.139205
0.0394682
0.0814636
0.0779117
0.0209912
0.00883766
0.0363679
0.0955817
0.0128399
0.00290256
0.00910664
0.00407239
0.0504126
0.0152586
0.045829
0.0282799
0.043091
0.0288541
0.00709544
0.0236346
0.0157521
0.009748
0.0854958
0.00899089
0.0416988
0.0467701
0.0154928
0.0113206
0.0103726
0.0660287
0.0260058
0.0453704
0.00913162
0.0893829
0.0121827
0.029752
0.0473904
0.0296961
0.0213099
0.00499352
0.010417
0.00112667
0.0223048
0.022426
0.0374507
0.0119303
0.00704613
0.00738264
0.00414278
0.050456
0.0526703
0.00567208
0.00697731
0.068683
0.0233041
0.0323747
0.0580203
0.0229824
0.0760187
0.0535679
0.0330661
0.00791548
0.00970884
0.021435
0.0301141
0.064845
0.0242102
0.0105489
0.0102203
0.0317864
0.0283352
0.0569711
0.025155
0.168065
0.00915203
0.0358798
0.085968
0.0683771
0.0517877
0.0307611
0.0253692
0.0140006
0.00418762
0.13579
0.0481246
0.00648942
0.0247109
0.0804451
0.0618204
0.0361061
0.000152203
0.0464146
0.0398566
0.0977833
0.00916814
0.0191883
0.0189649
0.0124577
0.00618084
0.0619096
0.0400303
0.00819885
0.0269019
0.00140413
0.0243096
0.0410668
0.00387596
0.0201588
0.141703
0.110049
0.0438653
0.0418878
0.0215063
0.0634825
0.0617133
0.1342
0.0207093
0.0317156
0.0399099
0.00495423
0.0229222
0.00394294
0.048838
0.0217654
0.0164259
0.0173075
0.00291541
0.0900578
0.0928481
0.17262
0.00882737
0.0423899
0.101479
0.0637788
0.124159
0.0235637
0.0140467
0.0358275
0.00560473
0.10597
0.036951
0.0108246
0.211067
0.0588856
0.0106371
0.0108392
0.067435
0.082319
0.0394699
0.07659
0.0274973
0.0229
0.00900085
0.0107103
0.0250322
0.0377615
0.0506753
0.0112526
0.011664
0.0514
0.017863
0.021679
0.0500757
0.179511
0.0433109
0.114242
0.0341614
0.0100785
0.104932
0.0528453
0.0196441
0.00401617
3.09381
0.0125247
0.0441099
0.0354554
0.042089
0.0453612
0.0527825
0.0161249
0.0284709
0.0963972
0.0883257
0.0490924
0.128724
0.112743
0.0862339
0.0154904
0.0941061
0.120822
0.0815098
0.0592309
0.0385074
0.0996228
0.116095
0.0172208
0.102311
0.116531
0.0273107
0.0588315
0.0326024
0.125571
0.0211091
0.134298
0.000657578
0.0132776
0.015072
0.132422
0.0301567
0.0500633
0.0256817
0.0686254
0.0290639
0.0256538
0.060938
0.031628
0.0224433
0.0633824
0.144939
0.0148713
0.114116
0.257089
0.0241287
0.0557703
0.00236501
0.0495226
0.0776208
0.0967557
0.0316544
0.0447176
0.101562
0.0180886
0.0880739
0.0732136
0.0101784
0.0377176
0.0617515
0.00422355
0.133952
0.0533348
0.0724671
0.0664402
0.0329198
0.0400574
0.0313029
0.0276779
0.0394632
0.0145134
0.179048
0.0538775
0.0227345
0.0457345
0.0636385
0.0340422
0.0699909
0.00999893
0.24125
0.000810775
0.264143
0.0468353
0.0026065
0.106377
0.0612426
0.0219805
0.0564672
0.0549598
0.198021
0.0249098
0.0689968
0.00366589
0.00924092
0.0122514
0.051532
0.0469188
0.0663563
0.00801406
0.0582142
0.0646442
0.0759362
0.0836469
0.0279846
0.0158861
0.0755861
0.016899
0.0314162
0.0679577
0.150864
0.0859729
0.0923299
0.0065376
0.0560191
0.0304159
0.0167709
0.00189659
0.105346
0.0101992
0.0380413
0.0867941
0.0179709
0.110712
0.0104258
0.00401022
0.0148891
0.0168252
0.0800333
0.038065
0.0340939
0.177745
0.0366769
0.00822259
0.0293846
0.00816527
0.0548977
0.0236608
0.0374293
0.0223898
0.0626019
0.0271766
0.0907196
0.0295699
0.0282952
0.0175458
0.0898653
0.00910203
0.0648714
0.0735032
0.00329476
0.0320545
0.120425
0.0959275
0.0432129
0.00569307
0.00771942
0.0363551
0.195863
0.00496387
0.0239507
0.0662228
0.0209817
0.0240504
0.0128391
0.00769032
0.0921757
0.0889939
0.00817248
0.000304814
0.0165316
0.0266346
0.0347173
0.201486
0.0591156
0.0748217
0.0448221
0.0592285
0.0542497
0.0218808
0.158973
0.0417939
0.0384509
0.0436591
0.00244619
0.0269381
0.0272828
0.00605038
0.0129872
0.049564
0.0305224
0.0140123
0.0102249
0.0159612
0.00375988
0.0251915
0.00975636
0.033462
0.0114285
0.0130116
0.0509762
0.0343331
0.00443339
0.0153973
0.00992667
0.0168982
0.022767
0.0332259
0.00241889
0.0273581
0.0175781
0.0213845
0.0112601
0.00797142
0.0132322
0.00344095
0.0469708
0.111164
0.00244771
0.0278191
0.0248901
0.0552331
0.0740243
0.0442774
0.0224966
0.0139086
0.0975341
0.0389716
0.224644
0.00682546
0.0587085
0.231245
0.0976963
0.0494134
0.0881498
0.0623336
0.119628
0.019891
0.107514
0.0248436
0.114452
0.0383002
0.0589297
0.0389159
0.147074
0.00408444
3.11849
0.0464066
0.0610226
0.0872877
0.0538879
0.0172274
0.00366497
0.0701432
0.0419241
0.0303067
0.00714353
0.028761
0.0372438
0.0250524
0.0259031
0.0514021
0.0117031
0.0307383
0.0219371
0.0162658
0.0023816
0.0176831
0.0076554
0.0310181
0.0296412
0.108009
0.0585884
3.09842
0.00719294
0.0402256
0.0531612
0.084274
0.0142569
0.0298412
0.00263675
0.00767283
0.0166595
0.0239671
0.0482633
0.0018443
0.0403543
0.0169341
0.00565008
0.042734
0.0332413
0.0368193
0.0189689
0.0706607
0.00557896
0.0855094
0.00453516
0.0353223
0.0373634
0.0972226
0.110552
0.0478914
0.0500876
0.135313
0.0261384
0.0192498
0.0598172
0.0601025
0.0460822
0.137471
0.00164018
0.0187995
0.0732
0.0524917
0.0196031
0.0238012
0.0122744
0.0637178
0.0198795
0.00598975
0.0214201
0.0379264
0.0303685
0.0262631
0.0187553
0.0247375
0.00506921
0.00593645
0.0163337
0.0543898
0.0023798
0.0307492
0.0909867
0.0108706
0.0416558
0.00394648
0.112767
0.0382547
0.00075962
0.125982
0.168622
0.00416048
0.000678017
0.0546817
0.085127
0.000897288
0.123398
0.00909889
0.00912112
0.0833913
0.132847
0.0711838
0.0998654
0.0809287
0.0645555
0.167027
0.0991748
0.0559103
0.0800477
0.231275
0.152858
0.277255
0.0102039
0.0112789
0.00289373
0.0386685
0.066327
0.0143541
0.0814786
0.0477732
0.0619124
0.0483784
0.151475
0.0577248
0.14861
0.0345121
0.0452938
0.00540065
0.0340281
0.047712
0.00497016
0.0173637
0.0862248
0.00935395
2.96213
0.00904769
0.0412241
0.0444719
0.0752362
0.111895
0.0101539
0.0347166
0.0195967
0.0760795
0.0478372
0.024504
0.0517361
0.146511
0.0404773
0.0439148
0.0716038
0.0221191
0.0366442
0.0332992
0.0260787
0.0578505
0.0195269
0.0085271
0.0661519
0.0344073
0.0618942
0.0569496
0.0517803
0.0340197
0.0526401
0.0813485
0.129104
0.0408541
0.00891871
0.00949433
0.0390654
0.0219646
0.03007
0.0530567
0.047937
0.00827039
0.0374582
0.0345638
0.0522745
0.0464058
0.0617828
0.130676
0.0106679
0.252633
0.0100082
0.148262
0.000514045
0.31692
0.00641262
0.0924001
0.0110043
0.15155
0.134729
0.0134418
0.201922
0.0711276
0.149561
0.427209
0.053967
0.114619
0.14495
0.0426333
0.0285166
0.0506259
0.060591
0.0080648
0.218061
0.0825784
0.0286892
0.0898817
0.166155
0.123279
0.131635
0.0409466
0.0662364
0.0509598
0.0660646
0.158979
0.0250905
0.129999
0.0382269
0.00172781
0.0897277
0.201576
0.0557808
0.123702
0.0228044
0.0936385
0.065462
0.131784
0.179202
0.0270787
0.0418378
0.0200017
0.089096
0.102405
0.0577257
0.109759
0.029103
0.0194134
0.142077
0.0381379
0.107133
0.00522108
0.0699446
0.0382841
0.0973806
0.0235094
0.0481539
0.00108431
0.105627
0.026461
0.0905885
0.0918969
0.0205685
0.106354
0.0389111
0.0916109
0.0646137
0.038107
0.101414
0.00303475
0.0198144
0.00665535
0.140141
0.0364198
0.0725841
0.0242249
0.137027
0.0600606
0.239962
0.0426718
0.172669
0.0202116
0.0201656
0.00232794
0.250773
0.0583109
0.00338529
0.116357
0.0250434
0.0644322
0.0489906
0.215467
0.109561
0.00913045
0.048419
0.059311
0.0109846
0.0270214
0.0252413
0.00395289
0.181445
0.00164421
0.00810898
0.0547434
0.00618654
0.0224345
0.0244073
0.00860772
0.0355122
0.000467688
0.00512475
0.016946
0.00912545
0.0160176
0.0142331
0.0257748
0.00376282
0.0397156
0.0664051
0.0284934
0.0121936
0.00908492
0.0611864
0.0472897
0.0090609
0.0454443
0.0226603
0.00311519
0.0290107
0.00734243
0.0309411
0.0429258
0.0137032
0.0278953
0.00972317
0.00396073
0.135056
0.0398663
0.160253
0.024099
0.0090949
0.00959176
0.0029978
0.0364152
0.0660493
0.0215334
0.0262963
0.00199947
0.165322
0.0138718
0.0176637
0.0537908
0.0340983
0.0259137
0.0539706
0.0197534
0.00719814
0.11769
0.0429347
0.0339249
0.0613014
0.00824377
0.00908471
0.00898643
0.0216667
0.00346264
0.0238026
0.00968421
0.00753753
0.00501921
0.00945993
0.032715
0.0131754
0.00170019
0.00602421
0.017138
0.0647245
0.0430833
0.0109393
0.00550599
0.0388193
0.0068822
0.0343592
3.12253
0.0720368
0.0409575
0.0279966
0.0485627
0.0425685
0.0321301
0.176376
0.070249
0.0354628
0.0224967
0.00368455
0.0234086
0.0105801
0.0171752
0.0567573
0.00568187
0.0076002
0.0664705
0.0685815
0.073624
0.020991
0.0359749
0.0003623
0.0100287
0.0462712
0.0569417
0.00424614
0.00238343
0.0438064
0.171836
0.00703808
0.0157313
0.0183952
0.00918021
0.16417
0.0757291
0.0235045
0.022485
0.0377853
0.0327067
0.0224682
0.108696
0.0161879
0.00346482
0.0137617
0.0181511
0.00704451
0.00677228
0.0191303
0.0115242
0.0862303
0.0220691
0.0145396
0.0122962
0.0469088
0.0742083
0.0343708
0.00278675
0.109742
0.00197993
0.131151
0.0306903
0.00461868
0.0272698
0.0541326
0.0879827
0.00644736
0.0774972
0.0197092
0.00779166
0.021015
0.104525
0.00482638
0.0114139
0.134041
2.99248
0.184625
0.0381931
0.0070178
0.0151854
0.0164699
0.00212573
0.122241
0.0920397
0.00145989
0.0515105
0.00559655
0.0707589
0.0158217
0.192864
0.262576
0.0566152
0.0424558
0.107709
0.0239537
3.09824
3.12619
0.014604
3.10586
0.0653525
0.014178
0.190353
0.192248
0.0230509
0.210486
0.00322238
0.0275756
0.191562
0.0250271
0.0195239
0.261949
0.00809862
0.118114
0.00773601
0.0618043
0.222275
0.156759
0.00681286
0.0339574
3.1243
3.08267
0.195887
0.0445918
0.0258968
0.0091728
0.00462711
0.0381193
0.0554309
0.048705
