0.014881
0.0327915
0.00770317
0.00696488
0.0101159
0.00726842
0.00776631
0.0088676
0.00429576
0.0069512
0.0029421
0.023747
0.00289571
0.00512821
0.0254789
0.00871721
0.015756
0.0175533
0.00833021
0.0138457
0.00015127
0.00845971
0.0125847
0.0292873
0.0225696
0.00763541
0.000325386
0.031694
0.00832715
0.0136094
0.0198114
0.0226395
0.0245601
0.00288003
0.00952343
0.018736
0.0170994
0.021155
0.00498358
0.0166981
0.0100443
0.00949824
0.0173608
0.0223839
0.00510245
0.0239631
0.0194509
0.00430288
0.0291085
0.0200136
0.00803015
0.00823531
0.019901
0.0121648
0.00337222
0.000428998
0.0102068
0.0082491
0.0312274
0.00371332
0.00131405
0.00120351
0.0115934
0.0296579
0.0413397
0.041653
0.000753728
0.258122
0.00270551
0.0406397
0.00043424
0.000131068
0.0773588
0.00664954
0.00258345
0.026698
0.00967182
0.0450575
0.0122542
0.00634825
0.00725949
0.00827778
0.00204796
0.0422525
0.0353184
0.00627843
0.00227085
0.022896
0.0471467
0.0325564
0.0752996
0.00066164
0.00596633
0.0239954
0.0517804
0.0160742
0.0289629
0.0365723
0.0174895
0.00557786
0.00958435
0.0222785
0.00554711
0.00126215
0.00761321
0.00166163
0.00468546
0.00528326
0.00485309
0.00809401
0.0163082
0.0161691
0.00549549
0.0157854
0.0011364
0.041746
0.00765564
0.0186275
0.0142587
0.00829779
0.0312946
0.00292228
0.0181786
0.00275736
0.0304278
0.00726684
0.0118058
0.00890575
0.00424602
0.0049884
0.0225227
0.0061219
0.000850197
0.00974201
0.00244439
0.0145745
0.0134339
0.0103214
0.0267184
0.0370769
0.000704714
0.000432024
0.023518
0.0171426
0.0118612
0.00796588
0.0475735
0.00740927
0.00473418
0.00927255
0.000144915
0.040607
0.000448444
0.0187197
0.00749995
0.0403586
0.0843643
0.0287736
0.0243428
0.0219344
0.0193233
0.0201127
0.00767524
0.00835282
0.0267409
0.157527
0.0100875
0.0135001
0.011474
0.0124551
0.00893008
0.0177305
0.0159205
0.00260263
0.00563479
0.0152049
0.00236891
0.0214804
0.00961871
0.0219812
0.00653374
0.000147687
0.00495617
0.000536545
0.00377741
0.0022699
0.0501695
0.0106181
0.0328523
0.0168409
0.00123257
0.000482458
0.0498047
0.0733534
0.0297283
0.0780976
0.0847966
0.0444802
0.188625
0.0871608
0.0019008
0.0698968
0.0128392
0.0199567
0.0884748
0.0749344
0.0044177
0.0391753
0.000932602
0.0118775
0.0142905
0.00531786
0.000287293
0.0121996
0.0326842
0.0238642
0.0353043
0.0246044
0.0114952
0.00290633
0.0222903
0.0166429
0.0355926
0.00386107
0.0068532
0.0021459
0.026196
0.01465
0.0968165
0.0155523
0.00516235
0.0596266
0.0513785
0.033275
0.0045
0.00307084
0.00395499
0.00100398
0.014328
0.00524372
0.0201804
0.0120525
0.00654245
0.00843619
0.0076585
0.00905278
0.00899069
0.00587878
0.0124564
0.107351
0.0101702
0.0187564
0.010854
0.0152629
0.0185519
0.0209006
0.0226693
0.0249999
0.0193596
0.00196693
0.00634209
0.0592568
0.12194
0.0375948
0.0327323
0.0175204
0.015664
0.010289
0.00358573
0.0327294
0.00858007
0.0148306
0.012061
0.0312542
0.0678416
0.000501156
0.0037332
0.0397262
0.01568
0.0110266
0.0419279
0.015408
0.00608447
0.0476607
0.00292804
0.000634026
0.00313746
0.0208309
0.00726191
0.0157479
0.00252526
0.0407499
0.0211008
0.0672823
0.00873366
0.0147492
0.0290392
0.000613356
0.0603105
0.0500941
0.0253385
0.0616778
0.00832358
0.0801943
0.000630639
0.0203257
0.0224729
0.0310012
0.0235969
0.012468
0.0805437
0.00728742
0.0105029
0.00242102
0.0267266
0.0682478
0.206056
0.0469783
0.00326893
0.0110036
0.119445
0.0235986
0.00769015
0.00378858
0.0334304
0.0751869
0.0373241
0.0608429
0.00963577
0.0560204
0.0167271
0.0375454
0.0224675
0.0108827
0.0286073
0.00221034
0.00581833
0.0150418
0.131311
0.0174219
0.0539308
0.143121
0.0279338
0.000345133
0.0406316
0.0042121
0.0141106
0.0436931
0.0352723
0.00997956
0.0161446
0.0130044
0.00336966
0.00431604
0.00403308
0.0137318
0.014347
0.00540343
0.014973
0.0219337
0.00577372
0.00927499
0.101451
0.0223953
0.0162962
0.069489
0.0351188
0.019695
0.0276289
0.0132293
0.0911706
0.00300927
0.0446514
0.0308208
0.0367806
0.0234201
0.00930819
0.0331262
0.0368338
0.0386829
0.0567403
0.0363541
0.166144
0.32753
0.00808686
0.0111016
0.0137341
0.0259195
0.053156
0.00351851
0.000559108
0.0173607
0.00373005
0.00454954
0.0151109
0.0417232
0.0431256
0.0171744
0.0215666
0.0122099
0.0419026
0.051498
0.00944598
0.00151217
0.0112715
0.0452924
0.0137064
0.0194393
0.00885845
0.000574694
0.00422181
0.00985064
0.00503987
0.0777568
0.0424248
0.00895139
0.0583221
0.0149403
0.00287351
0.00722305
0.0234185
0.00981774
0.00150019
0.0402976
0.0154708
0.0387638
0.00748788
0.0347492
0.0103019
0.0449298
0.116351
0.0102502
0.000915923
0.0499502
0.00136299
0.0352789
0.0762398
0.0303425
0.0275147
0.000501955
0.0587995
0.0828349
0.0162291
0.0521559
0.0940669
0.0265234
0.0282938
0.0620816
0.0169531
0.150596
3.24272e-06
0.0105583
0.00597976
0.0808634
0.00178148
0.0277875
0.00563812
0.00629455
0.105354
0.00436744
0.0670837
0.0465111
0.0127378
0.00402599
0.0151322
0.00582073
0.0232881
0.0469495
0.0470903
0.0489796
0.029248
0.0321448
0.00840887
0.0138435
0.0126721
0.0615999
0.0440412
0.0519983
0.133549
0.101135
0.0541141
0.0261575
0.0749635
0.0165521
0.00229655
0.0332431
0.023332
0.00848038
0.00383272
0.00706718
0.00110273
0.0318411
0.0231948
0.0288131
0.00395388
0.0100604
0.0241681
0.0165624
0.0381126
0.0123666
0.0442644
0.01582
0.0231944
0.0381364
0.00906508
0.00111922
0.0142156
0.0106699
0.00565965
0.0123741
0.0378245
0.00403504
0.0772515
0.0562747
0.0466769
0.0107773
0.0851763
0.0490913
0.0265101
0.00814674
0.0701028
0.00837959
0.0154402
0.00598394
0.0600209
0.0133284
0.0394581
0.0758279
0.0329017
0.00200526
0.037018
0.0136767
0.00843524
0.053715
0.0271173
0.0286333
0.00725846
0.00099397
0.0349459
0.0545499
0.0188511
0.0147115
0.0411924
0.00446947
0.0109495
0.00972467
0.000328364
0.0581724
0.0481728
0.0247001
0.00430861
0.0772708
0.0793562
0.0218262
0.0362135
0.0104033
0.0326952
0.0614227
0.0263149
0.0426029
0.0236876
0.00910536
0.00250417
0.0489094
0.0019417
0.0170625
0.0398967
0.0218414
0.0026658
0.0302269
0.0175645
0.023461
0.0252782
0.0435704
0.0129759
0.0401702
0.0179278
0.0020803
0.0773062
0.0203977
0.122787
0.0115264
0.0107844
0.0292115
0.0115772
0.116371
0.0891956
0.00943696
0.0437259
0.0272189
0.00950057
0.00340555
0.0301352
0.0425612
0.0903653
0.00619363
0.0452864
0.10347
0.0146323
0.0243759
0.0441735
0.00130214
0.0665224
0.0102549
0.00162786
0.0266931
0.00464902
0.0267355
0.0173727
0.0477844
0.010608
0.00794187
0.337871
0.118825
0.0122856
0.0290531
0.0200761
0.0147722
0.145736
0.044542
0.0284191
0.0120915
0.00549543
0.0276614
0.0250432
0.054242
0.010476
0.0120969
0.00748498
0.00178651
0.00488773
0.00389367
0.0015481
0.0927122
0.00654764
0.0281766
0.0401157
0.0161526
0.0312009
0.00831187
0.0097523
0.0143595
0.0561408
0.00470351
0.0520523
0.0180594
0.00538889
0.039044
0.0588577
0.0185943
0.0108179
0.000838287
0.000899037
0.0658608
0.0445133
0.022933
0.0262712
0.0307304
0.0115417
0.105336
0.143154
0.0571407
0.0201308
0.00192419
0.0129471
0.0377322
0.00152895
0.0581576
0.033589
0.0144902
0.0209908
0.0132297
0.0516938
0.00339042
0.110893
0.0953434
0.00280884
0.00891939
0.00928424
0.0495339
0.0173501
0.0698676
0.0365105
0.0551025
0.0147845
0.00321079
0.056841
0.0350057
0.0329781
0.0376181
0.033563
0.0184292
0.0135375
0.0147413
0.0147578
0.0355511
0.00965261
0.00881579
0.0841713
0.0682881
0.0322122
0.0452157
0.02038
0.0463146
0.0208069
0.0140376
0.00308332
0.00661778
0.00843444
0.00242989
0.0536598
0.000221199
0.00663254
0.000834208
0.0228571
0.0156529
0.0149957
0.00973041
0.0192748
0.0476004
0.0135319
0.0346291
0.00707751
0.00847698
0.0763433
0.000353994
0.0306245
0.0430363
0.0214487
0.0107102
0.00276773
0.00220375
0.0119704
0.0270244
0.00773518
0.00236056
0.000680539
0.00327829
0.00633535
0.00908516
0.0440479
0.0164921
0.113323
0.0155549
0.00776168
0.0248561
0.00324011
0.0305118
0.017231
0.0316774
0.0103653
0.0120319
0.00557406
0.0132901
0.0144197
0.065738
0.0212272
0.0438075
0.0462484
0.0158751
0.0815148
0.0161017
0.0183371
0.0632162
0.0605269
0.0319526
0.0181306
0.0436018
0.0151559
0.008747
0.0534868
0.00297004
0.0248688
0.0324372
0.00694869
0.028702
0.00827796
0.0154807
0.0103626
0.0297755
0.0282451
0.00682747
0.0293575
0.00507292
0.0439089
0.0124388
0.00132641
0.00670303
0.0104411
0.0102607
0.0172908
0.0266329
0.0324391
0.0266737
0.0155612
0.0105324
0.0272045
0.008859
0.0716121
0.00290881
0.0469841
0.0358196
0.019469
0.0370266
0.0132578
0.0371737
0.00770367
0.0310918
0.0143906
0.00766376
0.00925387
0.0209872
0.0137836
0.0127983
0.0102006
0.0395887
0.0630554
0.00839788
0.0307347
0.013421
0.0771338
0.0269388
0.0128511
0.00494248
0.000540402
0.00397332
0.0420995
0.0438749
0.0221688
0.0217553
0.0104393
0.00528898
0.0125642
0.0162926
0.00437922
0.032008
0.00414769
0.0135234
0.00719531
0.0189813
0.0102756
0.00772317
0.0534277
0.000401546
0.03041
0.0136505
0.0187731
0.0232615
0.00465073
0.048386
0.02121
0.0252108
0.0126873
0.0181075
0.00548224
0.00101389
0.000563371
0.00979839
0.00430057
0.0488668
0.0242623
0.0287589
0.00903915
0.000952509
0.0480122
0.0040438
0.00255423
0.040335
0.0113776
0.0474624
0.0459062
0.0706034
0.00923032
0.0185101
0.107137
0.0655765
0.00171085
0.0966903
0.021308
0.0248644
0.0168016
0.0041326
0.00823719
0.00954402
0.0989874
0.102654
0.193536
0.0100382
0.00732196
0.013395
0.0118386
0.0403763
0.00768371
0.0136718
0.00107351
0.0259316
0.00651016
0.000453207
0.0219612
0.013872
0.0133392
0.0237497
0.0138007
0.0068255
0.0156516
0.161413
0.00757278
0.0209132
0.0259936
0.0267233
0.00971972
0.0302084
0.0154745
0.0113458
0.0687024
0.0468033
0.00804201
0.036843
0.0112999
0.0233311
0.00735059
0.00384131
0.00238879
0.0246329
0.035607
0.0534718
0.0480167
0.000485047
0.00393358
0.0116996
0.0710686
0.0354409
0.068908
0.0389644
0.0283504
0.0316422
0.0167214
0.035468
0.000600737
0.0559218
0.0443346
0.016864
0.0149694
0.00213994
0.0389465
0.0308754
0.000196091
0.000857651
0.0139383
0.0448424
0.0111184
0.0115366
0.00764768
0.00140776
0.0216429
0.00533631
0.00654403
0.0354458
0.101066
0.0286545
0.00332712
0.0085119
0.0266003
0.000754189
0.00567139
0.00545465
0.00733962
0.00999488
0.0328745
0.0130094
0.0339052
0.0643462
0.0250257
0.00956569
0.042451
0.0157838
0.00353361
0.00789046
0.066649
0.0217703
0.0122567
0.0297705
0.0458653
0.0366456
0.00108721
0.00155735
0.0189581
0.0863994
0.0125809
0.00804324
0.0858245
0.131784
0.0309996
0.0128104
0.0135031
0.0270293
0.00834483
0.0550945
0.00692094
0.00110815
0.0280431
0.0407164
0.037092
0.0298532
0.0115107
0.0391957
0.0162764
0.0425547
0.0151895
0.00232776
0.00433208
0.012936
0.00271595
0.00297879
0.0199703
0.00710326
0.0363818
0.010556
0.00818843
0.0239623
0.0774105
0.0218216
0.0266988
0.0421339
0.017021
0.0101608
0.0494282
0.038253
0.0128478
0.0485756
0.0138912
0.0114566
0.0142536
0.0091287
0.00940935
0.1915
0.0134621
0.00454839
0.443975
0.0437761
0.0655282
0.00578645
0.0870828
0.0744325
0.0542846
0.0112683
0.000766996
0.00654189
0.0122826
0.0616866
0.0177194
0.0794837
0.00629297
0.0280846
0.0875032
0.0423835
0.00360176
0.00151183
0.0070211
0.0126995
0.0893159
0.0213429
0.0906388
0.0109978
0.0153641
0.00654835
0.0687305
0.103399
0.0175697
0.0200908
0.00239313
0.174426
0.0204972
0.0133689
0.0221743
0.0119629
0.0103058
0.0814615
0.0391671
0.087274
0.0252279
0.11938
0.0259332
0.00108034
0.0264147
0.0873476
0.0034825
0.00280075
0.0321372
0.0229621
0.018871
0.0254606
0.0265557
0.127157
0.0103492
0.00883691
0.00621901
0.0150443
0.0464312
0.00832523
0.0206302
0.00658636
0.0381636
0.0146065
0.0559455
0.0148328
0.0315993
0.0420972
0.0715125
0.0296737
0.120684
0.0223245
0.00764399
0.0467856
0.00594337
0.093446
0.0248729
0.00370589
0.0131787
0.0496654
0.0671314
0.0742788
0.0748991
0.0609635
0.0241877
0.0378265
0.00229724
0.104002
0.00613858
0.0290613
0.0410601
0.0590119
0.0661962
0.0196142
0.0065818
0.0825935
0.0149476
0.0366855
0.0226926
0.013542
0.0324128
0.0322075
0.0288202
0.0453637
0.0359852
0.102937
0.0931317
0.021389
0.000311152
0.00173827
0.1608
0.0264119
0.0922943
0.0591857
0.0120606
0.0586874
0.104225
0.0351899
0.0478146
0.0178868
0.00643042
0.0157023
0.024157
0.0960785
0.0374779
0.0587176
0.0271647
0.00139405
0.0213094
0.0162353
0.0410066
0.0332145
0.00492301
0.102469
0.0436077
0.0232436
0.0115383
0.0586487
0.0434815
0.0644252
0.0414942
0.0767099
0.074005
0.00868321
0.0244092
0.0737657
0.031444
0.0306446
0.00540499
0.0169954
0.050093
0.00585931
0.0138767
0.000243643
0.0023631
0.0453683
0.00649873
0.0276278
0.00823219
0.0179672
0.0377376
0.0416217
0.0629315
0.00302098
0.038678
0.068413
0.0472256
0.00972828
0.00200081
0.0061151
0.00107264
0.00388631
0.0187345
0.00958711
0.0120034
0.00937467
0.0278612
0.00464033
0.0335957
0.0501016
0.0117382
0.0242298
0.00905965
0.0811095
0.0186804
0.0100032
0.0328993
0.0139017
0.00798652
0.0318008
0.0940191
0.0279933
0.00699093
0.0279015
0.112156
0.0194017
0.0955459
0.00481429
0.0239998
0.0294758
0.0178422
0.00489315
0.00312302
0.0119997
0.0204313
0.00103984
0.0515411
0.051841
0.0646567
0.0135894
0.0121665
0.0185379
0.00674836
0.0284866
0.0257067
0.00884044
0.0021045
0.00622375
0.035889
0.0494461
0.0146863
0.000207345
0.00787047
0.0103718
0.0457396
0.0084045
0.0367728
0.00211198
0.0271196
0.0445702
0.0244089
0.0240917
0.0470363
0.0511144
0.0380775
0.00624309
0.0269453
0.0138006
0.0216854
0.00398713
0.0110134
0.0229636
0.00481156
0.142293
0.0678088
0.0645887
0.0179113
0.0355751
0.0137339
0.0193181
0.0131814
0.00623039
0.0221762
0.00118517
0.00289852
0.0610836
0.0589532
0.00330805
0.0114518
0.00203673
0.0154828
0.0338991
0.175142
0.00301063
0.0374271
0.00170087
0.0344295
0.0400625
0.0829563
0.0219189
0.00786547
0.00229123
0.0404474
0.025166
0.038746
0.0649035
0.0236431
0.0251841
0.00143485
0.017154
0.0990013
0.0236344
0.0774389
0.0339776
0.0248011
0.0173355
0.0530653
0.00160657
0.0151091
0.017819
0.0542996
0.0165307
0.00564285
0.0386496
0.00596142
0.0465677
0.036298
0.0269184
0.012985
0.0131314
0.00872511
0.0128859
0.0609145
0.0533831
0.0256871
0.00565459
0.00964203
0.0762426
0.020142
0.0165806
0.0313494
0.0402581
0.00958151
0.0245242
0.0103175
0.0410892
0.0195643
0.0263607
0.051599
0.0150525
0.00728238
0.0292568
0.00173542
0.00888081
0.0379691
0.0254237
0.00239096
0.00265947
0.0440813
0.0337223
0.0610036
0.0126896
0.0334334
0.0452806
0.0906486
0.0724293
0.0011987
0.00637288
0.00940056
0.0259375
0.0652312
0.0094766
0.0833731
0.0379556
0.027327
0.0431919
0.0320557
0.0356088
0.039677
0.00501489
0.0304347
0.103854
0.0137137
0.0537783
0.00140749
0.0932518
0.316773
0.0434841
0.0184894
0.420807
0.0177713
0.0458181
0.00847773
0.0498234
0.0269044
0.0147743
0.00815702
0.00722418
0.0649494
0.012853
0.0319639
0.00875744
0.0218874
0.0112656
0.0451575
0.0260501
0.0439356
0.0012477
0.0256834
0.00259382
0.0106785
0.039159
0.00408619
0.0116819
0.019611
0.0287852
0.0196887
0.0380119
0.0210952
0.0423618
0.00947865
0.0938694
0.0720139
0.00244014
0.0190843
0.0245195
0.0422284
0.00140631
0.0401346
0.0013603
0.00873659
0.0049956
0.0332051
0.0179928
0.0101457
0.0316115
0.0340966
0.00576041
0.024355
0.0721278
0.0933349
0.0170475
0.0584168
0.0183051
0.00579693
0.0740001
0.00213814
0.0144909
0.0102267
0.038624
0.0377626
0.0113156
0.0284613
0.0175731
0.00252676
0.0549185
0.039385
0.024055
0.0639499
0.0311476
0.0761785
0.0548369
0.0204595
0.0508223
0.00117007
0.00411388
0.00185177
0.0330174
0.047541
0.0177048
0.00711201
0.0106404
0.0370855
0.00560163
0.0426397
0.0597
0.017925
0.211122
0.0174202
0.0132125
0.00558799
0.0266672
0.00227903
0.0261056
0.0168729
0.0130534
0.0490827
0.0286359
0.0192327
0.00338624
0.118712
0.00588071
0.046697
0.0208431
0.0208362
0.00730534
0.0481187
0.102455
0.0784827
0.0313042
0.00605957
0.0645519
0.0124642
0.126831
0.00867802
0.0862942
0.019389
0.0188238
0.0132183
0.0127093
0.0114403
0.0190447
0.0388577
0.0115679
0.0377312
0.0214027
0.0218902
0.00103281
0.00510416
0.0129372
0.0475216
0.00651855
0.0827243
0.012428
0.0394179
0.0481942
0.0435315
0.00482054
0.018118
0.00495842
0.0212135
0.0266653
0.137337
0.0353075
0.0465897
0.0332409
0.126782
0.0318906
0.109439
0.0390114
0.14276
0.0615412
0.00506081
0.0648732
0.0532413
0.0942045
0.033053
0.0232687
0.061359
0.0329263
0.0250896
0.0647264
0.0277506
0.0336698
0.117129
0.0132396
0.000419144
0.248846
0.003413
0.00590143
0.0625367
0.00163763
0.0440953
0.00919885
0.0690789
0.00208369
0.0439242
0.0287081
0.0258542
0.120614
0.0048347
0.0205477
0.00347775
0.131741
0.351164
0.00292903
0.0184569
0.00575532
0.123775
0.0151019
0.0778889
0.0050418
0.0109161
0.0474223
0.0121708
0.0036738
0.0651117
0.0566713
0.036993
0.011066
0.00602159
0.0512613
0.0278837
0.00424415
0.0111703
0.0181906
0.0874396
0.0546519
0.00677806
0.00642595
0.00524178
0.02083
0.0692981
0.0278138
0.000169207
0.00844504
0.00973434
0.0406797
6.40824e-05
0.00376533
0.0684509
0.0167499
0.0256749
0.0227787
0.0512205
0.00900975
0.0152397
0.00776523
0.0243788
0.0375309
0.0089318
0.00300112
0.136988
0.00533335
0.191628
0.0134118
0.336676
0.339344
0.00483354
0.149888
0.00627125
0.00727517
0.00722927
0.0798059
0.0234442
0.0212476
0.196315
0.0740035
0.00593371
0.0171273
0.100504
0.00954939
0.0173497
0.0102797
0.0740212
0.0357604
0.0141671
0.0150208
0.0125464
0.0213425
0.015589
0.00301294
0.0236827
0.019474
0.0659902
0.00119818
0.00782481
0.0119764
0.0218448
0.0289226
0.0188638
0.0202186
0.0161937
0.0285632
0.0444483
0.00386082
0.0224617
0.0173936
0.00292034
0.0786363
0.018899
0.000552076
0.0154389
0.0265149
0.00741912
0.0411513
0.0135997
0.0907177
0.00164578
0.0401417
0.0264321
0.00467416
0.0524094
0.0172601
0.0252312
0.0319472
0.00944527
0.000909651
0.0538256
0.0544846
0.0069964
0.0878904
0.0798644
0.0641556
0.0040475
0.0909591
0.068863
0.00540301
0.170561
0.0193774
0.0759717
0.063347
0.0300675
0.0446214
0.0014067
0.0322444
0.00222453
0.0495668
0.0548163
0.0118338
0.0774727
0.0111386
0.0169928
0.00212044
0.000388708
0.000373838
0.0456837
0.0127335
0.0207379
0.0134412
0.029302
0.0458988
0.0124893
0.0583737
0.0470758
0.00504026
0.0121499
0.0205328
0.00677812
5.7744e-05
0.0315652
0.0464332
0.0178931
0.0203958
0.0328847
0.0178622
0.00199491
0.0187025
0.0214122
0.00224373
0.018354
0.0500371
0.00560512
0.000974431
0.0411905
0.0242847
0.0456855
0.0423449
0.0476815
0.0469884
0.0113445
0.0231122
0.0158058
0.016397
0.0213269
0.00436807
0.0112849
0.00234769
0.0251681
0.0458773
0.0315804
0.0111199
0.0629999
0.104906
0.0026435
0.00322008
0.00514649
0.033661
0.00812301
0.0458704
0.00196131
0.0136358
0.0228652
0.0184525
0.0143049
0.0571423
0.00433526
0.0143672
0.000628151
0.148568
0.0275074
0.00209037
0.0101452
0.0481497
0.0208938
0.0165941
0.0110394
0.0075085
8.54524e-05
0.014139
0.0247869
0.00886148
0.00559783
0.00726092
3.15814e-05
0.0196888
0.00274679
0.0933577
0.00869084
0.00895966
0.0126622
0.0761354
0.0439065
0.0193758
0.0328147
0.0188601
0.0839964
0.028932
0.0039094
0.0066039
0.0373657
0.0101502
0.0328913
0.0130266
0.0396391
0.00922704
0.0188391
0.0317565
0.0191771
0.0221967
0.0239992
0.0512105
0.050583
0.0130479
0.0109017
0.012337
0.0061771
0.0110257
0.0129741
0.00814301
0.00584322
0.000870245
0.00949256
0.0114516
0.00784314
0.0565551
0.0166955
0.0503146
0.00675535
0.015207
0.0353794
0.0884103
0.026182
0.0386308
0.00705076
0.0115998
0.069882
0.0133928
0.0203057
0.0133904
0.0083157
0.0644292
0.00909608
0.0321778
0.00087781
0.00724551
0.00771813
0.0142597
0.00362677
0.0142224
0.0265094
0.00779002
0.00337927
0.0404645
0.0739567
0.00065823
0.00295707
0.0192093
0.00199644
0.0147548
0.00419284
0.0140798
0.0020146
0.00602104
0.0133084
0.0059545
0.00833489
0.00242307
0.0182694
0.0312259
0.023212
0.00363446
0.00317708
0.00521488
0.00820242
0.0503006
0.0195129
0.0311749
0.00160777
0.0332371
0.0340188
0.0337115
0.00679469
0.0101173
0.042695
0.0119651
0.00915109
0.00257136
0.00602442
0.0125464
0.00486194
0.0185085
0.00781972
0.0127652
0.011062
0.0247707
0.135873
0.00730434
0.0012998
0.0493891
0.0126395
0.0346621
0.00210379
0.101681
0.000651159
0.012945
0.00462251
0.0295079
0.0018017
0.0304997
0.0126546
0.00787502
0.0110374
0.014861
0.00740179
0.0760179
0.00270575
0.00210967
0.00286948
0.0370954
0.0122769
0.0220569
0.0272956
0.0283717
0.00610995
0.00844096
0.0149768
0.00762768
0.00416993
0.0236568
0.00216328
0.0169735
0.00103214
0.00488754
0.00308798
0.0217562
0.0464998
0.0453911
0.0613262
0.0162621
0.00623839
0.00878607
0.0280562
0.00862423
0.00185557
0.00841858
0.00716893
0.0228827
0.0054834
0.0184464
0.0233047
0.0339201
0.0054869
0.00835538
0.0142014
0.0917718
0.0303468
0.0277786
0.0644279
0.0279439
0.0156084
0.00591016
0.0128929
0.0152863
0.0113709
0.0140358
0.0144211
