259
259
205
259
171
205
225
233
200
259
254
225
171
237
225
259
171
288
234
234
205
225
234
200
171
234
259
259
205
206
225
259
205
171
254
259
171
171
234
259
171
200
200
288
282
200
234
234
254
225
200
225
225
259
206
283
259
205
234
275
240
205
193
590
342
320
240
234
174
206
257
288
171
234
259
254
257
288
288
254
288
171
234
206
186
293
463
314
667
171
225
225
234
171
234
288
205
288
205
234
294
171
206
205
200
254
171
200
254
285
225
259
259
260
234
225
297
259
225
259
254
200
225
171
250
225
234
205
288
204
197
225
206
200
259
288
254
200
234
259
205
206
237
280
268
360
177
240
234
243
225
259
234
203
171
386
209
259
171
298
231
225
259
225
288
403
288
259
254
254
288
225
254
171
225
234
88
225
151
225
259
254
202
225
171
254
360
288
197
237
200
252
266
205
387
268
205
225
470
258
225
288
370
171
171
281
360
259
203
206
234
288
174
205
259
234
234
254
248
254
183
234
259
329
284
301
229
259
235
329
225
193
288
325
260
234
225
171
254
122
183
254
171
288
259
205
205
254
225
200
171
205
200
234
240
225
200
259
225
206
260
577
377
366
840
171
584
221
288
171
259
171
497
260
254
288
259
199
200
203
205
234
200
288
225
225
200
205
268
225
205
200
263
244
322
240
177
259
405
203
262
238
349
257
355
221
278
282
335
275
263
225
260
237
259
197
246
200
200
364
454
225
225
234
205
234
563
368
335
257
271
171
259
254
205
288
171
203
638
380
298
289
225
217
325
171
254
254
200
270
225
288
171
253
256
200
225
234
200
257
171
274
205
262
203
288
260
205
200
363
288
259
206
288
240
333
208
296
259
433
287
262
409
248
260
200
413
238
288
340
279
351
415
183
221
306
237
348
231
307
203
257
257
243
248
254
200
257
225
183
200
303
200
234
272
244
171
205
203
225
254
171
254
225
262
313
174
220
288
171
479
255
203
174
171
203
240
291
224
200
316
265
238
262
257
286
205
193
521
324
239
352
244
295
414
322
373
332
239
244
328
226
269
449
328
287
370
282
297
392
219
377
918
205
234
183
288
217
228
322
259
237
205
282
244
254
342
205
225
234
174
211
205
171
257
225
257
246
340
291
237
237
259
234
254
205
300
177
239
240
342
197
289
220
290
313
332
208
369
239
206
457
273
244
211
235
259
278
269
276
274
174
208
171
328
183
225
291
288
476
183
215
320
291
254
254
183
263
327
320
225
228
354
283
272
243
228
190
262
236
291
296
205
489
263
552
174
494
297
289
268
279
259
273
294
304
240
247
237
246
200
257
254
205
259
259
259
234
205
277
200
200
225
171
205
257
455
323
288
241
171
259
234
294
206
243
228
291
208
259
200
221
200
291
171
225
288
171
200
332
279
174
254
203
171
274
234
202
228
297
237
254
253
174
262
200
351
257
243
294
259
291
234
171
291
200
234
177
294
234
245
183
222
253
206
225
260
259
444
228
345
234
266
234
208
271
369
243
208
241
244
254
171
235
216
225
187
254
297
316
332
243
368
254
311
409
256
224
250
219
237
402
208
638
222
228
240
424
323
357
183
556
288
393
200
289
286
310
285
513
288
254
280
288
373
266
174
275
339
221
206
359
183
453
317
266
259
259
275
338
254
259
225
205
177
359
450
297
358
174
259
232
257
234
215
254
294
266
343
206
363
234
382
288
254
316
200
234
259
218
397
306
240
251
1697
235
496
289
239
200
288
205
237
206
259
205
200
259
291
200
225
171
225
225
287
237
225
288
200
225
200
187
225
225
225
171
254
321
316
330
297
244
262
328
254
228
316
228
205
241
288
205
225
270
229
219
260
241
243
200
200
460
314
389
262
250
275
279
237
200
200
259
259
265
219
239
225
288
209
171
237
171
225
311
205
334
291
291
429
218
232
208
288
303
260
171
205
200
241
200
225
244
205
307
272
179
377
407
319
262
494
214
269
240
374
278
286
209
240
206
208
200
205
253
171
200
225
225
206
254
288
288
254
205
288
254
171
193
200
234
262
234
234
228
298
225
5984
253
183
231
294
200
171
234
234
278
328
259
205
332
279
237
198
304
254
237
200
255
208
234
222
306
259
171
228
187
317
262
259
205
200
491
231
234
291
240
234
254
262
254
219
205
225
257
288
205
259
292
183
225
324
205
205
353
225
254
171
259
288
254
234
254
225
205
212
260
234
302
225
259
375
259
288
288
254
386
205
288
259
234
288
314
289
309
234
354
231
228
268
293
208
205
224
288
307
251
295
311
259
205
200
122
259
260
250
257
278
296
222
273
196
310
290
225
244
297
436
224
337
203
272
259
252
203
234
177
174
288
240
225
200
200
171
254
254
288
225
205
171
211
274
183
308
174
288
310
254
225
277
200
405
228
254
380
215
253
319
367
275
319
365
253
377
427
267
347
269
288
348
324
380
291
260
237
316
222
171
279
285
300
183
455
302
234
320
203
326
276
177
278
262
264
309
250
229
345
227
294
260
218
293
241
328
304
266
228
306
252
257
225
350
310
171
173
234
200
200
339
278
244
309
311
289
187
301
644
319
200
433
400
312
288
273
398
428
388
313
234
225
603
243
171
270
378
245
325
263
203
304
225
241
205
231
317
227
227
259
193
396
383
314
276
240
230
361
228
281
358
190
259
222
304
202
298
404
425
240
259
151
232
183
174
199
314
240
240
224
389
212
313
351
294
265
276
254
209
209
259
366
187
260
288
288
237
225
278
234
219
203
171
309
244
245
276
342
254
314
193
1158
291
360
427
366
279
456
205
416
272
208
322
230
174
239
254
205
288
244
379
200
234
171
225
225
281
307
272
249
268
310
268
338
262
171
183
225
257
254
259
294
288
203
388
345
171
473
270
259
200
237
237
122
254
234
387
331
254
225
273
288
401
288
359
415
348
328
250
242
327
227
212
482
336
248
225
200
254
203
272
171
288
244
234
225
171
315
330
420
253
442
195
260
323
202
431
253
472
240
313
774
227
269
333
268
356
543
328
334
590
247
249
199
288
335
298
257
327
440
415
320
257
302
183
244
183
290
378
311
330
279
448
171
254
254
250
240
291
260
244
262
241
228
307
219
258
297
256
276
203
323
234
234
311
354
294
279
256
356
196
479
336
300
563
196
431
266
348
228
224
303
309
271
174
496
344
307
200
450
316
329
291
342
263
200
259
200
218
193
171
174
250
288
333
171
323
343
241
205
234
415
320
200
257
205
174
247
286
250
228
286
342
289
313
244
262
343
209
329
272
259
780
314
268
187
229
244
270
193
309
342
288
243
383
247
289
320
272
527
262
228
228
340
252
349
234
394
323
257
190
340
244
217
447
291
234
187
309
248
292
354
317
513
240
225
205
209
260
254
367
237
295
270
318
266
260
232
315
220
268
423
259
259
447
252
244
190
440
256
291
288
257
314
225
259
228
307
225
317
205
225
288
254
324
288
307
410
387
225
217
291
174
247
256
291
332
327
225
247
399
271
357
342
285
254
294
253
239
271
435
212
266
273
376
174
310
259
307
225
174
171
291
262
262
225
237
171
225
260
254
254
294
331
208
205
208
205
336
254
171
216
262
254
231
246
205
257
203
259
304
241
215
376
244
256
281
234
258
225
234
291
270
254
216
263
309
299
171
225
288
208
216
278
244
208
171
205
234
375
237
174
315
234
305
229
242
247
322
238
248
294
310
334
206
515
232
272
206
313
311
1608
232
234
277
294
259
291
496
212
260
322
304
369
297
268
241
206
171
250
322
258
220
234
206
293
243
259
193
317
237
293
309
322
354
336
219
171
260
259
225
372
200
241
256
171
225
200
257
187
329
341
430
259
273
222
276
266
427
502
262
174
278
512
171
347
225
205
171
245
468
285
372
314
345
263
202
273
311
183
274
357
297
347
219
398
234
254
346
276
337
171
297
235
255
250
292
228
275
219
362
171
225
254
225
259
200
183
254
205
225
288
220
254
234
259
254
171
234
179
254
225
205
228
278
273
339
254
288
462
254
205
205
203
259
225
335
259
253
339
206
266
228
395
374
222
208
288
254
259
180
88
258
121
88
171
222
294
291
225
270
209
259
241
278
294
266
246
298
254
323
227
240
203
222
281
470
313
248
297
307
279
311
272
250
768
267
228
392
247
252
359
309
292
225
205
244
329
332
212
283
352
247
244
368
357
237
267
238
347
274
227
401
240
288
643
225
259
200
237
234
254
233
171
254
200
234
288
225
275
205
254
205
200
254
205
206
225
259
234
270
205
205
234
330
254
171
234
276
301
291
254
205
171
174
205
183
205
225
225
225
380
325
299
259
225
225
205
225
225
339
225
332
269
531
459
234
205
190
288
359
455
294
255
255
272
340
285
211
349
277
344
286
335
370
809
306
302
222
297
395
203
694
227
333
381
498
225
259
171
379
521
254
244
269
329
256
383
271
227
241
264
208
959
240
312
468
482
316
308
250
287
238
643
298
368
261
205
254
234
234
225
254
233
171
288
205
288
200
224
225
259
205
233
253
171
200
250
205
234
225
171
259
259
288
245
254
234
171
225
234
288
253
277
234
259
200
171
205
205
200
234
254
205
294
225
225
200
200
171
234
288
234
257
234
237
200
260
171
237
225
205
259
330
180
200
204
234
288
205
205
225
288
200
216
260
254
200
288
288
200
205
225
234
205
308
206
248
267
288
225
234
237
225
240
200
254
200
225
171
288
200
270
208
171
254
259
205
171
254
200
205
205
237
225
200
254
254
259
237
163
206
225
171
250
293
234
288
200
234
205
171
288
208
271
199
259
225
200
203
234
200
234
385
187
277
334
259
254
254
237
259
288
200
234
335
337
205
284
174
259
205
225
171
203
254
171
254
254
180
122
171
413
234
200
259
146
205
288
225
171
254
205
225
122
260
327
205
260
171
205
205
228
294
617
268
204
205
384
395
234
200
457
288
259
291
643
200
171
259
259
205
234
259
171
288
254
225
234
225
237
225
225
269
259
183
801
496
443
295
257
433
222
240
254
171
225
225
171
122
225
225
225
146
122
234
205
205
206
259
288
259
205
288
200
254
225
183
259
250
284
240
252
484
190
209
1087
384
340
254
254
225
266
254
225
259
254
254
225
200
379
257
205
225
259
288
234
225
205
225
208
254
587
638
225
200
251
237
336
275
311
225
322
364
302
238
387
414
235
280
459
240
254
203
205
247
320
171
234
370
276
171
200
254
171
234
386
247
307
205
171
254
259
199
203
200
259
205
347
256
222
437
340
259
183
237
288
288
171
288
205
259
288
291
173
259
259
171
239
171
225
203
323
322
206
206
228
171
266
314
288
260
270
259
244
218
230
352
174
239
316
439
271
282
288
259
247
241
322
205
225
272
259
254
203
205
284
557
1013
451
228
254
268
362
205
171
234
228
259
254
202
277
193
316
358
225
211
234
274
240
234
288
240
219
220
205
174
300
205
291
208
272
262
288
205
240
209
234
304
242
228
205
365
376
234
260
314
256
234
199
257
203
240
225
339
292
345
295
259
298
218
205
247
266
259
206
297
203
304
276
295
395
262
316
197
614
292
205
228
225
263
265
208
225
254
259
206
238
292
174
200
174
263
237
228
259
259
200
282
205
206
257
314
171
343
200
228
269
208
275
270
240
296
257
234
237
259
436
196
234
256
241
200
217
209
333
243
200
297
171
174
257
257
240
252
259
206
231
271
220
205
286
225
277
276
241
324
247
225
200
250
349
335
275
328
174
354
200
313
225
295
416
279
307
300
329
315
262
320
308
234
294
215
221
225
335
225
205
386
270
374
262
282
233
295
257
259
171
205
225
225
268
294
174
254
234
204
272
254
237
206
272
257
171
205
240
260
294
205
171
254
259
234
240
260
304
288
254
273
259
259
225
171
228
171
585
254
237
265
200
228
174
234
268
219
240
234
228
247
174
254
171
262
307
273
257
225
232
288
174
302
200
288
262
257
205
263
294
205
254
171
433
291
294
329
234
203
234
299
205
312
339
283
269
261
344
205
275
269
257
310
273
224
294
200
302
193
248
205
276
273
268
291
257
353
180
268
177
247
276
337
273
257
187
316
371
346
292
660
251
273
215
375
320
526
455
243
307
174
200
174
357
259
203
257
282
253
234
211
190
190
228
254
221
183
383
288
174
383
328
260
259
816
237
200
268
234
341
306
278
288
221
234
225
174
254
452
234
220
243
250
297
253
302
272
259
217
346
281
205
200
171
278
268
205
205
259
200
225
225
200
205
259
288
234
259
274
225
171
200
170
254
205
200
171
259
288
371
334
205
313
273
265
171
174
243
288
206
234
174
183
225
203
241
225
272
234
211
208
340
208
273
291
273
225
309
240
395
254
203
222
220
326
328
316
313
325
257
200
253
304
209
299
200
278
228
277
206
328
376
411
171
205
171
259
225
171
171
254
200
225
279
406
272
454
372
290
240
391
364
303
354
1059
253
307
520
311
284
237
171
216
200
234
288
251
268
234
237
225
205
234
260
171
254
205
205
259
237
207
171
288
260
171
225
237
208
200
325
294
294
205
205
240
225
254
254
309
200
200
228
252
215
254
336
259
225
200
225
171
309
379
225
311
194
259
281
260
257
171
317
203
316
225
249
254
322
216
260
171
326
174
254
260
288
259
205
205
225
200
269
844
205
253
288
171
268
259
200
205
288
199
200
254
288
174
171
413
342
272
307
240
237
205
234
171
171
254
206
288
171
308
230
342
242
288
203
262
272
294
262
262
225
395
276
338
216
332
206
234
193
225
120
225
736
307
275
203
225
171
216
219
338
265
221
245
247
171
342
281
312
187
259
341
216
208
234
240
240
203
220
254
234
268
254
254
240
200
225
277
203
203
234
441
288
205
259
171
234
242
311
484
331
272
315
535
291
220
353
269
289
200
244
279
624
335
323
314
334
279
322
239
434
276
228
212
280
250
225
322
347
212
372
283
272
382
279
219
330
304
268
203
291
314
254
291
227
252
225
350
335
296
239
228
242
375
445
225
313
220
257
212
376
239
272
200
236
225
328
219
208
494
409
399
310
403
611
1472
379
313
342
241
235
563
253
454
1614
220
326
200
347
200
205
424
1180
285
504
343
297
209
204
298
200
368
203
354
209
234
286
221
266
213
192
489
212
219
275
383
425
211
183
705
315
250
308
230
360
272
208
259
205
288
297
177
200
259
224
286
222
292
309
324
470
209
282
291
415
333
208
292
250
199
200
254
225
225
240
208
278
228
319
348
174
307
243
415
171
228
368
278
298
640
253
1611
244
338
171
310
456
205
424
263
283
229
205
259
288
171
259
206
205
171
206
200
261
304
348
331
263
322
259
309
330
225
294
205
171
200
171
254
290
270
298
224
222
259
912
168
225
234
259
254
254
272
183
238
200
234
545
225
259
288
269
199
358
262
363
228
449
209
418
543
431
385
259
222
234
260
239
225
200
289
200
254
205
171
268
288
336
262
235
302
305
265
187
254
353
265
408
266
205
269
219
174
330
308
654
328
265
171
233
295
257
270
235
266
311
486
327
225
342
1106
307
208
304
352
492
358
273
383
183
200
211
205
288
361
244
219
263
199
222
279
260
304
286
309
327
310
315
225
314
301
256
222
216
222
272
171
190
298
283
278
317
171
174
436
263
278
328
300
230
196
236
228
381
252
322
296
270
402
239
227
335
265
425
205
316
234
171
268
363
539
262
225
685
209
841
358
255
241
288
288
231
208
269
335
405
444
288
300
270
293
276
345
368
203
249
317
352
259
298
569
307
621
1704
174
310
401
203
255
281
288
171
282
288
246
288
263
377
320
300
291
275
278
279
446
377
358
347
249
289
255
431
326
373
368
437
225
238
205
288
257
231
257
297
228
244
257
250
334
295
338
276
324
260
297
295
295
220
228
457
327
421
739
278
293
403
278
203
225
278
242
216
367
248
244
316
237
208
208
190
240
268
361
208
206
242
597
206
203
286
174
237
262
177
259
235
203
287
193
220
300
341
292
254
396
257
234
564
349
171
183
318
270
326
254
231
259
217
220
200
263
288
171
259
279
205
225
209
222
174
208
268
171
254
253
268
297
242
260
245
257
257
205
200
253
203
296
202
308
232
260
234
259
362
237
253
234
221
257
259
285
203
278
350
294
296
298
205
274
270
247
222
190
318
215
326
313
287
401
326
329
313
365
330
277
225
259
302
291
367
371
239
239
277
565
254
240
240
336
220
279
254
174
171
519
314
232
476
306
1180
234
244
219
217
290
256
203
250
260
292
373
436
300
270
285
395
234
205
262
294
430
276
257
171
205
205
254
288
308
225
301
277
274
232
225
247
263
325
399
282
330
356
304
339
518
397
302
215
515
266
230
225
314
259
225
288
254
282
453
519
318
291
389
412
252
273
356
489
250
342
193
215
491
259
254
272
346
394
363
325
286
341
309
238
243
324
206
278
200
259
225
294
200
254
288
183
240
200
208
225
171
225
259
200
122
259
254
122
183
225
183
174
326
626
205
200
508
171
259
259
288
234
225
428
206
240
494
412
463
439
231
335
277
234
205
225
288
186
288
121
88
122
171
225
225
259
234
316
257
257
259
281
359
333
485
259
290
211
174
411
345
325
330
259
277
310
246
263
244
203
255
360
206
205
316
291
259
311
310
252
225
234
205
208
354
273
174
228
316
203
659
296
313
259
203
372
687
257
354
190
434
171
234
234
234
254
254
270
259
288
288
259
225
205
402
254
205
288
205
225
259
259
254
237
171
259
288
237
200
254
205
246
171
171
171
288
257
263
220
205
288
288
225
288
294
194
171
234
441
275
289
453
171
171
200
256
200
288
406
232
442
330
294
200
225
220
273
253
211
272
305
200
221
550
204
277
224
341
257
190
307
387
280
275
360
291
346
283
193
289
253
275
247
260
294
610
423
259
264
238
186
187
518
495
401
291
260
430
254
263
469
221
315
342
275
300
218
335
240
309
301
275
590
260
359
374
373
205
225
205
200
171
216
254
259
288
171
225
171
205
171
362
237
225
288
234
205
205
200
274
288
254
171
171
225
225
259
205
225
205
234
200
259
254
203
205
259
225
200
259
234
287
205
200
234
225
288
205
171
225
171
171
234
234
234
259
204
171
200
224
382
288
234
200
237
254
288
171
225
254
225
205
259
200
294
225
171
171
254
205
225
200
259
304
263
244
206
234
288
225
205
294
254
174
205
288
234
259
254
259
243
200
200
288
200
173
288
268
254
240
259
234
254
200
205
254
234
200
171
254
171
225
234
205
205
225
205
631
259
274
171
225
288
225
205
205
288
288
254
256
265
200
271
310
225
259
240
288
200
234
205
259
260
359
288
174
240
259
200
234
205
254
331
225
205
237
180
122
225
171
225
205
200
151
205
205
205
254
234
217
122
122
225
254
259
288
288
200
326
290
288
193
200
288
183
319
626
252
254
323
254
254
239
462
250
171
200
171
259
171
206
254
259
254
254
200
171
254
234
234
939
265
319
256
233
366
478
356
257
237
240
259
277
205
205
122
122
205
254
268
259
122
259
171
217
171
341
237
200
206
234
200
294
225
288
205
257
240
379
244
376
183
200
353
342
274
171
171
205
318
168
259
259
205
288
171
234
259
171
200
288
254
294
205
254
225
234
234
237
405
320
291
205
246
263
355
310
343
408
309
299
609
291
553
282
533
260
342
217
288
259
205
237
312
288
200
360
206
254
259
88
225
237
388
495
228
205
254
203
205
205
253
200
171
268
190
440
408
402
366
205
889
234
200
234
205
259
224
259
254
205
234
288
254
205
222
225
171
233
225
395
254
205
268
234
259
325
254
257
249
234
265
348
305
253
487
239
446
240
333
187
205
171
395
286
208
291
417
306
551
321
171
254
253
391
268
358
344
276
299
209
240
239
220
205
279
228
206
257
225
205
257
200
231
206
225
171
282
171
250
257
389
220
291
316
307
174
254
216
240
291
237
203
206
211
251
263
227
234
297
314
271
325
225
436
283
234
241
208
257
177
342
228
220
302
377
310
416
428
366
404
352
300
269
245
281
273
264
391
259
263
263
246
262
228
262
225
234
270
262
256
200
237
254
205
228
174
254
242
254
234
205
220
268
288
174
281
237
208
203
202
277
294
263
205
313
301
225
187
206
259
307
388
307
276
244
208
225
271
209
174
222
257
291
171
292
183
262
257
260
278
530
277
253
323
200
364
219
237
304
205
174
237
266
256
205
205
253
430
281
308
492
187
250
396
332
320
268
360
364
331
373
288
358
246
389
288
292
283
317
292
261
236
371
288
259
257
366
313
234
225
322
220
171
240
205
259
254
234
313
234
254
225
234
260
254
274
254
205
288
288
185
200
259
237
237
237
228
259
200
205
206
345
237
257
259
523
262
228
263
294
288
262
205
268
171
205
174
260
258
254
200
183
279
171
259
288
225
208
203
255
642
408
211
228
205
234
414
174
206
205
262
253
205
225
225
174
237
171
203
270
277
200
206
200
291
311
305
171
618
237
259
237
247
245
297
286
231
224
288
186
371
325
310
300
270
373
288
257
259
273
240
208
202
270
286
318
294
244
200
196
236
193
299
225
289
239
307
260
362
203
837
250
180
268
200
298
305
215
203
225
203
288
208
203
276
270
277
288
333
289
261
202
174
225
171
307
308
260
205
340
206
364
466
545
205
356
378
237
300
254
288
291
171
237
234
396
351
525
440
556
260
202
309
192
630
254
254
331
234
171
171
171
259
234
259
171
234
200
259
206
254
205
225
171
288
246
225
259
254
200
171
170
259
270
278
254
277
291
254
212
288
307
171
226
307
234
225
291
225
253
289
237
342
203
228
259
206
237
200
225
200
234
254
200
274
262
174
211
240
171
187
307
256
257
203
296
257
250
254
232
266
262
252
174
393
294
310
217
225
225
259
225
234
288
225
225
225
271
316
256
285
387
314
372
373
227
174
440
364
304
390
206
388
220
230
257
206
174
194
243
265
228
257
234
225
205
225
288
171
234
202
288
234
294
237
240
276
254
256
254
171
171
205
218
234
211
254
234
288
268
266
239
225
291
269
237
265
254
234
291
205
262
225
234
293
228
293
228
208
209
254
177
243
274
363
220
208
339
273
212
218
260
227
278
254
209
335
204
237
259
288
234
171
244
288
816
259
254
171
392
200
205
205
234
200
171
295
234
258
205
259
308
225
171
260
252
329
354
225
168
225
205
234
234
171
200
244
276
291
346
254
171
205
288
277
206
259
290
299
287
174
288
240
232
259
254
254
180
233
225
254
311
221
255
225
225
273
293
232
228
187
308
291
206
171
247
291
228
183
234
205
313
259
200
288
228
268
174
200
217
206
205
225
208
216
297
237
254
171
288
243
234
277
309
267
348
225
260
286
447
328
316
358
240
312
313
171
360
222
242
244
229
228
303
301
398
307
190
273
244
291
294
267
177
294
297
394
383
410
190
203
288
285
277
174
333
262
310
171
263
252
418
228
241
262
307
358
349
297
304
307
273
308
300
238
269
381
400
240
246
268
171
254
296
248
230
260
354
279
347
332
309
299
371
373
407
317
329
363
279
390
379
397
367
171
288
343
253
234
300
239
546
272
297
360
254
254
237
205
282
374
395
183
453
289
203
255
750
205
231
288
269
255
228
335
272
409
273
717
341
442
638
233
225
122
259
171
340
307
244
234
256
249
244
309
311
243
272
388
229
343
257
224
295
348
237
273
288
240
288
225
290
279
200
259
215
256
287
252
262
257
171
220
280
388
269
208
314
763
298
282
288
238
590
301
281
279
389
208
225
205
171
355
171
225
225
220
254
225
211
253
335
417
265
275
269
291
277
275
205
234
254
205
240
225
228
281
294
234
183
344
206
174
171
205
258
180
234
427
282
360
225
200
272
254
313
288
449
329
291
341
276
715
337
236
330
627
295
369
217
200
200
254
290
260
517
257
237
304
254
211
331
320
406
298
288
330
346
253
203
288
385
300
269
206
321
208
348
234
486
282
449
200
377
480
345
243
380
268
390
514
558
676
282
234
319
200
279
323
389
263
311
205
590
403
205
200
240
259
294
338
171
208
367
272
297
404
277
259
187
341
297
262
250
244
253
224
353
313
174
291
258
193
354
273
273
268
284
225
379
303
202
237
301
331
367
318
174
203
379
220
351
190
487
206
311
242
206
266
262
231
254
255
288
258
461
174
288
237
205
400
237
190
288
241
205
288
254
205
456
206
613
357
321
473
366
247
174
408
295
237
607
254
331
171
273
326
294
234
365
171
364
281
273
250
228
234
294
324
313
291
206
387
190
334
486
298
307
225
304
278
387
242
323
246
355
358
277
328
394
282
370
259
209
237
312
303
399
269
259
200
215
257
527
330
266
262
495
225
253
754
349
361
200
215
266
317
700
289
337
171
244
279
379
315
234
200
317
252
244
291
245
277
315
251
304
291
279
237
231
297
313
259
259
257
279
240
257
228
307
303
382
430
399
260
219
253
292
260
259
462
295
436
300
292
251
305
271
392
174
275
171
259
206
234
220
272
234
205
259
183
206
254
268
283
205
262
300
187
174
174
254
252
200
257
259
234
390
205
225
288
206
257
190
208
256
256
264
200
250
294
205
247
304
285
285
219
243
287
216
307
232
224
291
237
257
329
348
293
217
231
228
234
371
262
216
246
276
276
331
323
297
215
221
307
199
288
331
290
357
346
373
407
259
259
206
234
225
208
277
221
411
291
328
174
281
254
439
217
278
328
200
262
398
311
241
254
183
355
288
240
431
215
221
243
234
293
199
215
200
260
260
200
517
183
200
665
328
171
254
259
225
234
218
399
347
375
268
399
187
254
317
225
250
287
340
234
288
438
259
234
234
234
387
362
420
257
316
403
260
286
304
303
435
329
329
225
218
232
286
240
236
301
190
333
269
297
259
420
227
246
193
348
279
259
216
225
288
200
203
288
174
225
259
171
254
225
171
288
237
225
151
171
254
288
171
270
396
301
278
203
259
402
225
225
206
225
259
225
283
430
203
348
231
636
365
220
314
246
259
205
183
205
225
146
146
140
88
254
234
225
254
227
259
327
199
356
358
320
279
291
360
220
283
247
316
244
291
288
342
298
259
233
205
205
384
196
258
256
347
239
277
187
366
394
399
174
203
259
257
260
246
279
254
291
319
367
365
388
200
219
825
391
357
253
502
354
234
199
259
288
254
234
288
254
216
200
288
200
282
288
259
234
205
225
183
254
200
259
205
254
304
259
225
268
205
254
303
205
171
294
243
273
349
200
205
225
254
288
225
259
203
234
205
256
284
307
290
259
225
171
288
206
246
298
251
265
263
301
254
234
321
2850
271
271
225
307
315
336
173
223
373
251
240
305
269
209
336
770
641
391
643
237
310
596
253
364
338
352
227
271
561
193
367
385
327
359
357
345
225
268
190
236
241
262
225
276
278
286
234
1121
319
407
1079
187
422
343
190
1174
209
278
209
265
205
234
237
200
254
225
219
225
225
225
288
254
205
259
236
225
234
225
225
209
200
288
259
171
171
288
288
200
260
237
200
259
288
254
205
205
171
288
205
171
270
170
171
171
254
285
200
259
225
288
171
288
225
1037
205
171
254
205
209
259
225
225
254
209
259
190
205
225
259
171
171
254
254
259
259
291
254
225
259
254
205
259
200
205
225
514
239
546
219
225
183
225
205
225
287
272
205
234
234
254
234
225
224
234
288
205
171
234
225
225
288
234
205
288
171
171
200
234
225
254
288
200
254
224
288
254
294
294
234
254
225
225
288
205
183
225
234
200
288
259
234
254
225
225
291
308
638
288
205
259
200
225
250
234
225
412
332
200
297
284
225
259
228
288
225
347
205
254
243
156
259
259
234
268
225
288
122
225
200
204
240
171
237
205
122
288
295
171
231
200
254
293
384
200
332
251
225
254
353
288
259
200
383
260
254
214
335
392
288
294
203
206
237
205
171
288
258
225
288
254
225
259
259
275
386
250
406
187
259
546
203
257
310
183
205
254
225
200
122
225
254
171
234
234
122
288
225
254
249
225
225
288
288
225
205
200
254
203
254
288
297
2076
224
267
265
225
394
525
238
314
171
260
316
225
288
254
225
205
234
234
259
254
234
259
234
374
225
228
205
206
225
171
268
307
329
171
237
289
288
174
246
190
240
243
234
392
319
304
363
402
456
234
200
259
234
205
354
225
254
254
222
232
288
208
171
257
244
372
202
234
225
288
254
171
225
171
200
288
456
373
234
346
273
171
208
268
254
225
200
205
288
288
225
231
367
243
234
293
234
294
288
222
250
344
316
234
240
254
171
308
234
234
187
225
268
323
257
293
238
183
256
206
205
247
234
171
234
266
174
260
259
216
205
288
360
225
450
385
174
282
302
203
171
225
203
222
294
239
234
257
205
174
228
237
259
225
208
171
248
225
254
205
259
316
205
271
171
258
243
216
242
258
171
228
208
294
259
174
248
288
203
277
242
258
254
282
228
171
351
219
174
232
206
177
205
384
326
254
193
227
237
317
234
295
254
300
281
664
328
457
458
178
240
225
269
254
252
1432
326
234
200
576
282
231
265
240
227
208
200
171
228
258
277
283
257
289
171
288
316
268
237
234
171
234
261
225
262
333
276
227
171
253
203
208
328
206
225
174
389
228
174
304
297
211
310
284
254
336
208
239
328
281
203
295
227
209
257
237
254
237
237
237
219
171
247
300
225
208
339
310
183
275
256
209
317
263
294
291
288
364
224
362
256
200
326
309
262
276
228
174
278
332
384
234
253
232
414
336
287
290
320
237
240
243
225
171
259
205
205
174
205
298
225
205
237
446
304
171
177
225
254
254
200
250
257
208
171
171
475
254
203
298
225
208
200
225
257
268
237
211
200
174
177
270
309
262
171
200
203
254
337
193
254
203
237
228
174
231
237
240
317
202
208
435
203
254
254
247
294
224
263
286
174
294
259
259
228
174
272
254
205
247
171
316
235
203
171
208
174
299
337
287
241
228
289
190
373
263
245
174
262
262
374
307
314
263
314
307
316
286
330
259
345
287
220
257
308
295
300
220
292
281
324
279
320
437
364
251
241
333
221
171
247
183
294
279
348
250
291
219
254
316
274
260
288
208
225
190
259
234
174
291
229
276
296
234
205
279
313
243
351
236
241
260
293
183
200
294
220
483
340
255
452
171
225
260
234
200
232
288
305
355
260
285
319
320
253
350
817
171
208
259
254
254
288
200
199
234
205
205
171
225
186
234
205
254
234
254
288
288
225
171
254
294
237
200
197
230
351
200
233
450
228
288
249
174
203
259
304
254
174
203
259
257
220
259
312
313
225
205
294
222
208
244
228
203
228
254
240
190
224
224
231
288
274
288
205
268
209
298
183
253
239
259
190
222
206
219
398
332
245
225
234
234
205
203
171
205
171
200
259
310
287
435
602
238
421
384
338
422
247
356
386
263
355
239
344
229
171
288
200
225
171
288
205
225
234
174
294
234
254
240
259
239
171
234
225
288
225
254
200
259
257
259
296
229
174
200
205
288
203
222
225
512
254
174
205
174
208
222
225
317
183
228
265
306
239
171
171
239
276
259
202
174
225
249
237
224
206
231
258
310
268
255
200
373
200
450
234
270
240
259
254
259
193
234
288
312
254
276
373
288
225
225
206
234
259
234
259
206
200
225
259
288
268
234
200
353
208
269
291
254
225
294
237
259
259
206
254
168
554
319
220
336
234
296
231
200
294
222
187
225
278
281
253
296
230
259
171
205
225
171
254
288
209
328
294
291
266
350
254
252
291
257
257
561
208
285
345
500
237
222
225
262
225
234
254
174
203
225
237
260
225
277
225
205
277
237
225
288
291
457
237
291
263
254
203
259
203
274
294
319
206
327
242
260
314
235
259
335
212
288
297
526
323
224
299
396
326
228
315
315
276
234
368
174
276
398
310
271
352
220
336
445
283
225
220
334
174
245
174
316
286
203
345
289
370
278
296
200
364
276
259
459
200
269
1481
253
419
266
1354
208
220
413
171
200
205
394
410
256
232
328
288
391
237
407
365
395
332
219
320
317
658
324
373
416
305
352
234
206
268
200
266
330
203
357
200
294
395
234
236
238
208
250
234
238
340
206
277
205
309
265
251
390
272
265
297
380
252
238
403
513
382
367
529
311
1206
174
200
225
259
472
225
262
234
203
260
285
431
220
237
312
260
258
269
254
315
324
323
215
205
259
225
205
254
227
226
171
269
459
190
295
257
227
240
314
269
250
342
269
183
232
554
243
240
205
228
687
543
221
386
320
174
259
205
234
234
262
254
254
259
203
254
336
234
237
316
408
235
231
340
565
259
260
171
205
225
234
254
243
403
319
398
220
278
254
240
254
225
288
259
259
311
270
313
210
168
317
348
362
322
334
389
279
347
332
338
315
370
365
612
267
380
234
205
171
288
220
261
200
254
259
237
254
171
187
340
368
240
237
249
171
300
190
259
325
603
354
464
320
500
263
508
212
202
193
408
554
285
304
313
285
225
241
307
491
250
362
234
288
290
193
257
301
288
222
271
240
642
234
225
205
225
262
335
222
309
200
200
269
330
225
313
323
362
328
254
171
320
304
297
232
356
273
242
281
341
311
329
254
279
310
262
268
254
262
262
270
328
273
581
316
295
291
240
228
285
327
235
234
276
295
276
516
253
205
248
240
268
267
203
259
265
234
328
171
320
211
171
257
217
205
225
349
343
321
337
326
231
228
287
305
329
222
237
286
228
240
259
1526
331
251
574
369
294
288
190
444
200
193
259
259
256
219
308
233
244
228
237
256
276
275
200
250
262
256
225
315
228
219
235
265
388
308
228
200
407
259
208
253
288
225
282
349
208
174
236
190
294
269
262
278
414
362
315
344
328
311
498
177
329
272
548
260
208
592
252
229
205
316
239
237
333
285
237
254
209
288
191
206
203
282
240
262
307
234
237
248
226
316
219
193
288
239
247
394
321
456
200
331
290
221
365
288
276
423
292
220
283
260
361
255
502
273
183
171
291
171
183
322
259
205
282
279
208
206
225
174
208
258
171
234
294
240
234
183
208
237
246
291
254
321
249
254
294
171
257
288
288
282
339
174
257
228
294
254
208
257
277
211
291
245
190
257
259
228
244
279
174
295
260
294
254
252
244
406
225
387
273
406
252
324
267
323
295
309
291
253
291
331
294
438
407
219
297
296
225
259
262
234
257
262
231
522
550
478
281
365
240
244
288
263
361
171
268
217
239
396
273
240
275
237
467
234
205
259
296
225
237
282
225
239
288
200
208
228
228
171
253
234
290
259
744
240
171
268
254
237
284
305
402
239
305
570
258
263
278
303
593
396
220
225
257
288
254
254
206
307
284
321
418
315
330
566
560
262
238
388
405
373
234
287
258
421
237
330
174
183
260
311
352
375
257
174
347
263
371
202
254
259
171
254
200
254
171
259
259
259
234
288
171
171
174
259
183
225
293
254
225
288
292
262
254
361
205
234
268
171
259
254
171
294
206
239
279
362
338
218
203
237
397
289
357
171
225
237
171
200
88
288
146
288
234
205
171
229
310
259
272
325
353
254
235
177
341
246
330
343
259
177
338
235
246
308
368
379
205
351
206
200
498
294
282
221
297
1214
270
275
224
256
262
288
234
310
365
296
323
298
244
285
261
377
381
171
345
244
205
589
285
381
279
205
384
205
288
234
254
288
288
240
259
234
288
205
257
171
173
814
237
234
205
234
225
292
260
200
288
234
254
206
234
309
205
205
228
174
246
364
288
234
217
171
225
254
234
237
240
280
410
240
1465
244
224
225
171
254
288
288
237
202
262
270
341
259
171
259
374
337
298
326
323
270
174
237
394
298
263
225
263
271
193
225
289
206
269
251
238
288
331
295
256
293
404
292
243
366
313
234
312
355
234
310
544
248
225
288
215
328
267
409
204
307
581
307
174
339
322
274
212
298
302
294
328
217
367
376
377
309
240
234
205
237
225
171
204
225
288
254
294
259
240
254
200
288
171
225
254
200
259
259
270
288
205
225
171
288
225
288
171
254
171
234
225
171
200
259
205
205
259
171
225
205
205
200
254
225
234
171
288
254
225
254
288
205
171
200
200
200
259
200
276
240
288
200
200
237
200
222
266
225
200
205
259
168
171
205
254
259
225
234
225
225
224
206
277
450
254
237
259
225
225
254
259
234
234
205
205
171
254
225
205
225
234
234
288
259
259
259
200
200
254
204
373
240
200
288
259
206
234
234
205
260
288
254
288
234
206
234
171
237
200
254
259
234
205
259
225
200
187
174
205
317
263
284
200
234
288
257
200
234
259
200
256
421
225
253
259
288
200
234
288
288
682
260
286
234
254
322
225
288
205
205
225
122
208
196
200
205
205
171
194
122
254
324
171
260
259
234
465
425
234
422
197
268
294
228
315
228
174
424
225
171
254
304
313
288
225
225
200
225
200
254
259
260
200
171
259
225
225
171
389
234
310
295
440
402
356
203
492
228
260
234
240
171
259
146
225
122
205
171
239
122
180
240
259
225
203
206
205
225
200
259
225
205
259
171
171
334
230
429
330
403
205
273
187
205
234
205
225
247
171
205
288
205
254
171
205
205
234
171
200
171
234
206
171
234
243
225
171
355
437
250
288
171
246
256
289
290
263
257
390
216
266
356
328
310
263
717
225
254
205
254
505
250
205
200
514
304
259
234
234
258
205
329
285
281
240
234
234
205
288
171
206
288
288
225
225
408
269
421
234
296
259
171
272
240
237
259
203
225
256
219
225
288
254
254
288
200
171
299
206
208
171
193
270
258
259
206
234
294
225
383
457
278
241
254
237
202
276
278
247
171
171
385
477
416
337
222
298
347
778
473
286
221
310
314
174
192
277
254
203
225
272
225
254
174
221
234
206
333
225
242
254
200
205
205
225
208
288
254
286
203
208
220
237
208
308
171
259
309
205
205
275
250
356
224
273
221
269
288
327
279
224
309
257
242
234
285
321
327
183
257
281
262
310
381
209
200
285
187
1228
466
291
265
228
306
288
240
200
411
225
237
370
239
305
266
381
200
183
259
183
259
346
220
225
254
250
239
174
275
259
205
187
174
279
221
259
257
358
200
225
225
314
253
367
200
174
205
225
235
253
234
237
183
274
240
329
510
215
234
250
263
442
177
203
291
183
244
257
243
239
228
304
336
316
243
259
317
265
171
234
291
254
259
225
237
220
205
238
245
174
190
244
247
254
272
299
216
337
200
247
276
247
391
272
335
232
339
298
301
360
397
411
333
368
294
349
332
279
263
254
240
240
288
208
206
217
171
225
323
254
203
254
225
254
234
206
208
254
225
171
171
234
291
228
237
225
220
225
257
291
234
205
174
228
268
234
217
221
243
268
240
294
252
234
234
270
205
271
291
322
288
243
234
228
234
243
208
301
177
253
227
424
351
203
234
234
288
240
370
316
200
254
228
240
234
225
262
174
357
259
296
216
342
231
279
327
209
242
294
249
254
277
321
275
288
289
282
275
279
187
558
310
294
290
187
211
443
237
206
257
222
295
228
276
217
310
308
206
313
275
323
190
190
275
240
364
310
314
263
256
421
219
215
333
221
242
254
381
203
256
367
385
205
174
221
171
200
219
241
222
296
315
256
272
259
316
203
243
855
304
930
402
768
234
203
291
222
259
285
259
225
247
205
208
237
361
493
203
464
272
295
272
293
324
305
240
174
371
165
225
234
205
225
234
254
171
200
205
334
288
288
243
197
259
205
288
234
180
237
254
254
225
205
325
251
310
304
219
190
240
171
313
254
255
200
272
345
234
237
294
348
316
240
294
286
225
200
237
190
357
317
259
177
228
200
294
236
206
205
269
289
242
325
270
288
351
268
205
277
228
390
171
352
325
199
273
288
259
171
200
234
254
259
259
266
228
225
254
462
238
250
314
472
319
311
348
276
472
293
360
296
281
256
419
307
259
288
205
240
254
289
232
225
259
1147
259
254
254
205
205
234
219
234
203
200
205
234
288
225
203
262
205
288
205
208
278
240
343
174
234
288
200
205
272
355
296
205
171
219
410
237
322
358
259
259
228
174
291
237
208
254
205
336
203
323
336
366
358
373
269
319
199
255
636
259
244
295
243
254
274
288
205
217
343
171
280
219
225
288
225
200
234
282
225
258
200
234
288
200
268
225
215
254
244
271
247
436
288
240
225
237
234
259
225
254
254
294
365
286
219
259
263
294
274
430
232
295
171
221
310
216
257
259
234
254
288
288
122
205
217
316
244
187
193
278
268
281
288
205
305
265
228
244
225
334
237
304
203
171
234
254
259
351
205
259
225
205
208
291
247
174
171
200
225
171
211
288
217
200
237
262
260
259
171
200
313
259
332
254
366
276
392
282
620
513
357
260
485
298
275
253
285
282
321
279
307
203
291
252
263
297
294
371
392
358
225
183
348
297
352
381
277
279
220
257
1009
222
262
420
247
254
228
329
294
241
279
243
337
257
174
367
270
470
328
205
518
193
333
171
474
205
288
200
310
316
431
253
380
258
436
481
428
220
589
598
231
651
424
295
378
335
237
225
616
205
346
308
234
266
338
372
327
262
262
291
171
361
293
316
233
275
244
404
317
291
506
455
295
682
463
273
355
363
405
231
316
409
260
320
278
256
273
296
225
174
254
205
277
221
187
288
320
208
262
229
228
359
260
362
292
263
339
196
190
278
399
205
254
294
240
205
387
284
278
277
256
241
291
481
292
171
205
289
258
291
260
183
190
187
263
393
171
232
401
1308
227
231
267
646
200
234
288
234
198
225
225
171
171
225
232
265
290
262
272
271
279
208
271
171
171
205
225
234
214
223
269
319
610
264
307
234
171
180
286
234
198
259
171
171
389
648
200
217
509
274
399
259
440
530
366
293
246
219
318
205
270
278
360
332
200
205
259
225
385
254
292
294
225
284
211
467
265
238
278
219
276
237
656
439
329
205
283
297
339
358
275
313
314
263
266
196
247
714
293
233
347
328
212
256
230
346
416
225
310
225
377
183
456
183
225
465
291
327
304
247
236
225
288
234
237
308
294
268
242
297
225
276
308
323
253
290
222
244
318
222
244
296
203
291
260
196
277
313
291
365
276
351
277
391
240
342
240
200
285
362
256
266
260
289
256
273
352
240
205
200
205
293
354
298
259
254
171
347
217
171
190
254
275
284
205
171
225
260
225
386
259
225
228
446
307
220
193
317
407
492
225
253
171
370
507
330
335
254
253
203
482
284
254
190
206
434
282
244
243
205
208
259
319
388
259
294
300
277
237
285
335
212
348
310
281
254
286
277
287
235
228
374
279
417
422
314
350
235
183
260
257
359
316
274
281
260
222
215
205
228
260
243
234
252
343
257
190
265
317
381
275
174
309
262
376
228
247
323
299
190
228
234
234
262
257
190
265
259
174
200
257
288
270
228
240
282
177
240
237
303
242
219
347
229
282
244
326
193
256
368
402
177
279
215
312
262
232
241
304
219
330
420
345
273
279
257
234
206
205
259
294
270
273
260
262
171
174
275
326
254
291
268
234
220
288
288
294
183
208
234
225
288
225
203
270
200
249
237
225
174
174
261
261
208
237
298
296
291
203
171
456
225
200
256
220
262
339
286
266
174
228
294
203
203
259
240
330
291
273
237
263
222
303
243
333
259
597
253
212
276
208
635
279
254
315
253
337
205
273
424
590
225
215
234
268
278
247
916
419
610
338
378
258
346
206
288
316
205
231
282
259
205
200
383
513
350
262
262
361
196
227
371
326
282
254
251
422
257
217
294
199
401
234
241
171
174
259
300
278
298
304
227
352
192
460
342
344
240
257
239
313
324
171
426
297
231
288
205
240
252
250
562
291
203
484
517
345
307
271
275
340
267
220
293
275
259
253
413
288
288
202
268
302
394
326
289
240
244
241
204
200
225
259
200
259
205
225
208
234
234
225
225
225
254
288
122
180
274
225
200
200
314
234
383
374
228
234
170
320
288
225
200
225
171
381
291
337
326
225
265
296
389
225
270
259
205
171
234
216
122
88
116
304
288
183
234
227
231
352
224
228
265
259
254
217
291
279
199
290
306
647
307
262
245
389
231
270
224
262
282
304
260
376
294
597
272
288
171
206
262
301
250
200
376
174
254
315
171
415
291
328
240
383
353
259
316
346
316
367
368
607
330
225
609
268
288
171
225
259
200
225
259
205
200
234
171
254
200
205
225
243
200
205
288
200
200
200
222
237
225
259
200
244
258
288
171
196
241
260
217
205
171
294
171
183
254
288
288
205
249
232
205
387
171
288
171
200
200
205
243
220
346
613
250
273
171
271
378
568
262
310
313
222
303
433
343
509
330
327
235
239
336
212
222
260
266
307
288
237
402
313
386
254
291
298
257
307
206
234
320
240
308
252
419
208
367
341
382
362
304
1338
272
219
436
388
247
529
216
307
171
380
321
300
260
442
371
256
255
253
225
225
171
205
171
259
225
254
225
225
171
294
288
259
225
234
200
174
208
200
200
225
171
203
234
288
288
225
205
288
234
234
225
205
203
234
171
254
200
187
206
200
206
205
171
234
205
294
225
205
254
200
225
171
217
205
171
254
259
225
257
234
336
272
288
254
240
225
225
325
225
288
170
234
216
217
259
288
288
259
205
288
200
205
424
307
439
218
254
200
234
225
254
268
206
240
260
171
288
234
288
254
208
205
171
254
200
288
200
171
225
270
254
237
254
240
200
200
171
259
254
259
234
200
199
220
225
288
259
288
200
200
170
200
199
225
288
205
225
268
204
205
225
380
193
402
288
288
259
171
205
225
259
234
228
304
171
331
259
234
234
225
234
254
447
171
288
225
122
183
183
254
254
268
200
234
205
88
171
171
171
171
322
146
273
311
206
288
200
237
594
285
171
370
252
200
234
365
349
234
259
254
263
171
438
224
442
200
206
234
290
183
203
200
205
205
259
306
254
259
171
254
257
374
236
333
438
296
455
209
270
353
284
254
225
234
259
171
122
225
254
225
238
145
234
200
234
234
168
237
225
230
205
254
288
234
225
260
254
219
281
304
336
344
200
484
742
401
250
254
259
471
288
254
206
225
234
254
259
259
259
171
219
205
342
225
254
249
200
205
294
228
736
257
200
369
290
254
217
333
402
512
333
325
400
228
297
381
253
368
234
259
259
288
1177
483
268
205
271
301
225
205
200
205
288
574
897
366
254
200
259
240
234
288
288
225
259
221
339
231
391
255
237
313
259
225
208
171
171
200
171
259
196
174
254
234
205
88
205
225
234
300
225
171
237
295
234
234
490
200
200
171
225
196
289
279
310
291
190
276
846
342
317
171
203
326
216
208
311
298
231
190
527
276
458
774
228
174
215
276
404
259
205
266
260
205
254
225
200
1224
260
434
225
288
203
237
171
309
308
205
174
248
171
259
254
234
320
211
208
183
225
238
262
237
254
322
225
288
320
262
247
374
212
294
266
259
262
171
174
260
254
275
234
291
203
292
323
268
414
332
722
338
268
442
257
305
262
225
225
431
263
272
311
427
576
259
299
383
197
260
243
171
205
228
183
205
240
305
297
333
240
234
262
259
288
228
171
205
219
254
288
200
174
228
260
171
205
253
236
271
294
322
219
314
237
187
352
244
200
259
662
237
211
215
174
174
206
265
310
239
260
225
313
268
241
316
171
234
200
250
183
260
252
249
288
379
281
257
336
270
190
276
283
272
268
284
308
330
203
437
231
254
326
225
254
661
276
399
351
344
241
287
749
234
324
206
279
400
506
304
252
237
225
234
254
288
254
240
254
259
225
237
259
254
268
234
288
257
310
268
220
183
259
200
200
272
252
288
259
268
174
288
171
288
225
268
193
234
297
234
234
203
183
174
205
234
259
208
234
174
200
265
257
254
206
225
240
270
225
282
241
594
254
205
332
288
294
225
225
174
187
225
180
266
174
208
265
231
299
291
288
177
260
203
300
205
239
266
259
200
291
206
256
208
344
425
261
423
259
248
320
278
251
246
211
272
250
356
288
272
310
257
171
280
362
287
219
231
336
483
350
202
232
600
338
277
588
393
324
342
342
275
290
225
313
374
288
257
228
467
295
209
254
220
256
229
205
224
288
308
224
257
349
239
302
228
259
250
374
271
697
231
396
250
269
462
250
308
215
361
361
266
225
205
244
200
259
225
371
314
310
355
428
212
258
303
288
189
225
171
288
225
200
200
288
248
205
288
205
225
205
237
234
203
208
200
254
183
205
225
122
171
329
200
225
288
203
335
225
276
293
288
353
288
205
262
205
234
231
294
277
320
254
263
217
257
285
228
237
228
247
222
270
203
330
174
205
177
208
205
237
171
268
297
288
316
379
279
310
171
260
269
216
349
276
209
307
275
237
466
225
205
288
254
288
205
254
200
253
288
273
247
225
437
461
208
423
253
381
304
351
410
393
474
367
412
293
291
228
259
171
200
208
333
205
228
294
288
206
171
171
200
237
234
174
205
203
282
234
203
220
259
203
254
203
288
239
200
350
288
171
309
216
262
196
225
262
288
190
234
275
205
228
237
220
253
259
289
225
212
225
483
311
307
259
187
254
268
552
278
228
287
227
260
399
203
235
291
209
337
225
254
288
254
219
260
174
200
268
202
217
254
206
288
205
286
254
259
254
225
234
200
254
225
174
199
219
225
220
310
200
254
259
276
205
240
200
259
225
495
237
336
220
171
200
193
358
236
283
171
270
309
250
205
361
269
234
259
288
288
151
205
254
310
253
228
244
224
289
385
234
171
244
308
275
225
237
224
289
343
187
288
619
288
262
274
288
200
259
288
237
200
260
203
234
208
171
200
313
200
200
304
291
174
294
234
291
208
254
288
254
1137
206
678
422
654
273
171
448
171
282
334
316
254
335
394
437
294
450
281
203
275
306
287
300
296
487
193
209
244
381
388
281
373
211
339
288
208
263
291
304
250
281
244
219
296
281
245
316
424
368
264
412
392
228
259
283
304
240
171
439
259
278
183
205
259
290
379
298
370
260
531
243
369
295
473
487
558
315
307
296
723
250
285
303
253
469
225
480
316
206
231
275
5320
246
317
259
269
209
243
287
278
263
270
206
273
391
288
431
247
322
278
222
292
291
193
348
428
405
465
262
376
678
354
300
315
206
87
2899
288
313
571
272
200
292
171
224
291
273
206
183
200
292
321
307
289
222
272
171
254
225
225
247
237
240
231
255
262
289
288
392
339
342
232
206
291
287
294
174
341
332
262
441
326
200
405
430
316
273
183
234
205
234
225
288
308
241
234
234
205
225
200
288
264
231
307
1025
268
279
267
276
171
205
202
200
171
259
254
228
376
279
217
234
289
205
171
203
208
288
288
288
294
190
307
225
225
313
234
265
171
398
405
239
246
789
298
523
218
208
262
335
362
225
206
171
200
264
234
288
239
225
285
217
371
329
275
622
461
225
221
260
262
478
288
256
399
285
419
324
446
273
433
174
525
491
365
319
254
288
350
250
516
292
254
275
272
208
205
377
193
295
180
254
285
257
294
225
216
344
259
205
225
238
205
257
347
291
208
174
282
326
396
329
171
356
174
256
230
294
310
203
247
174
398
297
329
259
342
320
292
171
354
222
365
171
301
291
272
344
276
221
258
397
253
288
406
377
252
271
257
291
268
279
259
237
225
250
416
215
257
199
200
323
254
373
321
1790
234
257
425
288
259
284
309
413
233
234
286
296
353
298
296
866
206
320
259
276
183
383
453
268
263
436
171
228
287
304
259
315
336
308
171
174
215
355
211
246
317
177
291
190
244
314
183
305
244
272
301
290
313
174
296
289
608
241
294
243
227
205
316
275
201
220
291
234
256
241
479
321
203
320
384
433
200
247
438
231
171
249
269
394
265
289
291
296
462
254
254
302
262
171
259
171
237
171
287
268
268
183
193
200
265
205
291
288
216
240
225
260
220
234
343
361
370
324
291
315
324
206
379
313
259
250
293
301
200
269
404
228
415
328
396
236
259
309
174
259
240
171
171
304
228
171
246
288
253
171
232
288
275
265
171
243
259
174
225
171
228
219
234
246
210
317
288
288
171
203
259
205
237
274
174
205
278
174
225
269
200
339
256
257
465
294
228
203
308
193
293
257
284
222
450
327
354
228
268
293
258
279
259
294
203
360
360
288
183
382
202
606
440
220
311
335
454
268
288
325
224
269
200
225
254
254
300
257
256
576
237
254
266
231
259
310
254
265
171
406
225
171
292
237
289
380
239
221
297
311
260
305
211
256
272
476
171
270
301
225
282
225
265
288
206
254
174
294
336
319
422
178
317
349
388
388
220
316
282
319
352
282
259
171
257
285
254
205
206
288
301
527
394
291
219
311
257
480
330
376
227
293
247
316
373
256
171
234
219
283
326
257
203
328
744
220
285
275
174
177
225
240
205
200
223
209
225
234
294
271
220
225
205
254
200
204
225
122
200
180
205
259
278
219
193
271
171
206
232
288
234
234
254
234
234
230
351
297
282
310
456
275
254
415
240
234
294
234
259
234
234
237
180
146
146
254
240
203
310
302
313
273
362
261
378
338
200
257
199
244
219
225
275
241
239
219
243
174
344
247
368
436
560
499
251
241
376
342
206
220
254
203
221
259
254
390
193
333
273
353
341
258
371
234
228
225
322
234
265
281
281
275
290
200
234
288
200
225
171
288
237
288
254
259
234
304
225
288
254
234
254
205
203
225
225
234
288
259
288
288
225
225
225
243
248
203
205
335
304
490
171
11745
237
254
259
225
200
259
217
288
359
329
487
202
225
260
225
225
240
289
421
266
429
310
508
288
503
370
289
212
446
252
346
266
326
225
263
216
313
263
239
310
245
263
371
415
193
219
327
371
218
421
240
250
313
278
337
404
311
247
356
229
303
240
183
232
219
205
352
307
595
215
327
358
308
316
174
397
287
206
337
278
302
270
244
456
231
262
345
171
254
208
259
200
234
259
200
234
225
259
225
205
205
234
225
259
171
237
288
205
205
254
234
200
237
171
225
234
205
254
254
253
225
259
240
254
225
254
205
199
237
254
225
171
225
171
225
257
225
171
259
200
196
205
225
225
254
205
259
259
225
266
342
205
234
203
254
288
254
239
171
259
254
171
234
240
254
260
254
171
288
171
200
254
310
261
234
358
259
268
220
205
171
234
294
200
205
225
253
171
254
205
225
171
225
225
205
237
259
259
234
200
226
225
259
234
200
225
259
200
257
234
171
224
200
319
200
288
288
225
237
288
259
234
225
200
259
262
288
234
205
168
310
238
268
696
234
234
237
254
225
254
171
225
479
346
206
240
256
220
254
225
208
171
259
288
225
268
122
254
173
171
288
183
205
146
254
88
205
254
253
205
225
156
254
350
254
316
205
254
215
171
288
277
171
200
234
337
476
245
254
243
206
225
505
271
292
288
206
253
225
225
237
288
254
240
183
234
225
288
200
234
305
450
587
319
273
524
272
323
293
225
305
164
200
171
259
140
146
145
294
225
259
146
225
288
171
512
288
240
782
288
200
171
288
174
200
200
200
264
260
518
293
647
259
323
206
173
205
200
234
221
225
234
237
224
288
268
225
225
208
200
225
295
259
234
259
259
225
171
205
316
366
171
288
205
323
413
297
174
338
294
253
237
676
346
328
351
205
294
171
171
205
254
239
275
268
205
400
252
254
288
288
234
183
288
459
269
259
205
259
259
259
225
236
256
225
252
373
306
314
291
288
417
254
259
234
200
224
237
205
288
250
205
225
205
234
224
203
254
220
266
441
173
183
183
206
205
207
225
225
347
300
248
364
312
788
285
266
227
260
205
263
174
200
193
277
279
339
205
405
323
288
247
698
612
260
263
302
259
304
174
200
260
271
291
259
244
272
225
344
309
206
174
291
254
220
237
225
259
205
328
225
395
288
310
194
291
460
254
304
239
228
289
206
372
171
240
372
202
287
216
234
348
323
257
193
317
257
454
260
329
281
286
292
257
257
237
193
331
247
232
241
302
266
255
331
331
203
900
530
260
260
773
307
288
634
203
225
203
171
171
288
225
257
208
202
320
228
174
299
262
325
225
203
239
225
304
203
225
200
228
288
270
205
314
225
254
237
174
259
313
320
277
208
262
203
244
227
203
316
225
288
240
256
247
347
220
237
174
281
200
205
339
257
205
269
337
203
252
270
250
211
247
244
203
388
206
283
273
310
211
174
262
206
260
259
322
311
286
358
219
348
278
228
361
332
450
253
289
171
300
303
208
285
303
392
222
279
203
203
171
259
234
200
260
296
225
200
259
281
171
234
254
254
171
254
177
259
171
288
208
200
217
205
200
208
225
259
254
294
208
12368
260
257
225
171
259
208
254
288
259
171
234
260
219
174
183
208
259
259
171
257
200
270
203
174
203
203
237
265
254
274
271
664
252
200
288
260
441
234
220
208
174
470
254
216
171
259
240
205
294
240
288
260
293
254
259
244
228
262
196
288
193
260
266
241
244
270
265
253
200
259
250
291
283
262
286
275
267
244
281
252
225
209
231
369
391
361
225
343
228
265
200
304
190
216
317
429
310
269
425
276
317
234
253
225
288
838
205
208
294
293
205
313
205
225
222
241
274
243
206
368
439
525
171
271
253
348
228
240
254
354
219
262
171
257
254
209
814
346
291
200
205
342
220
171
171
203
281
221
202
389
576
238
276
349
240
171
205
259
205
259
225
220
254
171
202
288
254
254
200
288
260
233
203
205
288
205
259
200
234
205
288
254
254
484
339
257
257
253
291
288
262
283
174
225
225
205
258
174
281
228
183
240
228
254
252
254
325
243
183
234
200
224
287
260
365
291
229
325
171
228
231
252
209
205
257
339
304
200
219
200
227
409
222
219
205
302
238
171
205
183
288
259
234
200
254
234
207
254
422
259
304
388
279
228
329
347
476
257
422
352
227
407
294
273
389
259
260
259
234
171
254
174
203
200
200
200
222
171
200
205
205
288
243
1211
243
225
208
209
288
254
203
225
174
262
326
243
257
174
193
237
203
234
171
304
259
254
257
208
205
262
240
215
208
342
306
308
244
228
206
234
225
288
252
234
285
228
253
265
208
268
174
358
253
180
348
187
258
254
234
225
228
171
200
294
200
300
265
217
234
254
252
243
206
171
171
217
266
171
205
205
203
171
291
203
254
416
273
205
217
171
205
288
259
259
234
288
295
220
234
314
234
200
239
276
224
219
316
219
231
187
187
206
243
259
171
205
225
88
234
234
318
234
313
259
323
323
260
363
249
339
313
259
205
356
485
357
227
205
6850
240
183
259
259
254
183
313
200
274
254
254
271
254
248
209
205
275
208
254
254
282
200
174
228
507
218
205
300
362
362
307
551
570
337
392
317
307
260
262
288
270
365
403
271
319
355
171
253
281
247
241
296
329
289
292
269
430
228
259
322
345
254
260
509
271
256
249
220
270
761
203
277
508
174
200
215
298
174
259
302
240
279
266
338
324
307
590
312
247
288
237
171
288
171
268
302
301
209
240
345
273
259
225
323
359
676
577
309
381
418
626
326
244
449
392
228
405
283
237
329
237
227
283
773
225
310
259
530
418
297
273
240
339
312
398
297
359
260
407
288
345
291
263
257
427
311
268
309
301
279
573
419
430
300
205
259
254
237
408
253
227
200
258
189
177
208
200
244
239
300
220
255
391
259
362
516
263
200
225
200
237
497
209
260
228
202
322
171
266
360
519
291
171
310
338
357
614
288
298
729
342
244
225
458
319
368
260
276
259
260
288
205
288
296
383
288
225
288
254
254
304
288
279
268
270
244
319
260
459
234
220
171
171
254
234
254
222
263
285
233
190
387
237
259
259
200
254
146
171
358
302
228
471
259
389
259
231
259
241
279
259
320
413
269
282
265
355
231
447
310
199
288
254
225
259
254
259
199
259
200
234
252
205
328
311
310
402
257
454
221
254
288
235
241
257
323
272
329
341
278
259
278
332
323
245
349
257
300
268
285
332
361
171
586
234
268
335
436
212
260
273
246
193
237
254
353
439
254
225
254
540
317
253
323
224
304
260
271
228
271
273
225
379
254
299
411
228
257
259
259
274
427
206
303
318
424
174
313
235
257
276
310
569
272
489
240
309
281
281
225
311
234
278
234
212
458
257
256
243
335
243
259
1475
234
260
171
259
335
174
171
201
203
203
200
238
204
310
277
287
208
302
235
243
282
254
282
338
263
281
451
309
364
383
266
580
259
317
347
558
326
171
183
239
305
183
225
317
254
244
291
254
297
206
1446
212
313
287
174
238
354
282
209
230
288
262
259
267
288
256
278
342
279
363
341
253
281
320
174
303
431
239
380
262
451
917
254
263
265
286
342
635
276
1294
183
231
1016
562
254
193
270
255
265
309
257
209
237
299
257
266
278
234
265
260
272
277
277
386
829
263
231
237
203
203
205
290
259
190
245
257
334
257
350
257
406
219
492
252
355
193
328
371
263
291
295
209
222
241
305
419
273
279
257
205
313
288
174
288
273
288
260
225
291
225
268
279
211
205
325
228
205
174
200
174
215
259
288
203
234
224
295
259
200
234
266
254
259
294
558
205
225
240
254
263
225
203
257
220
234
335
203
281
410
251
296
382
328
171
304
231
211
417
262
266
314
641
227
278
257
284
174
366
276
252
284
316
265
383
323
495
590
246
227
276
316
346
200
288
288
225
171
237
316
193
393
291
342
174
290
234
254
331
417
520
309
325
234
173
200
168
237
284
254
269
237
316
253
171
258
254
323
301
200
257
444
288
333
171
345
240
200
225
259
212
285
892
338
236
428
193
288
208
288
432
263
329
320
298
351
171
292
288
234
234
254
225
867
336
254
358
279
376
219
821
286
410
271
554
335
294
333
401
606
493
248
403
459
190
234
218
229
217
244
171
323
276
225
225
259
205
234
259
234
205
200
205
228
200
200
205
270
200
259
234
88
171
221
259
207
327
365
349
237
288
329
205
171
250
254
254
209
254
330
244
336
294
354
327
262
320
332
171
205
171
205
205
288
259
156
309
225
234
200
255
285
330
260
205
438
335
240
228
313
203
315
225
428
339
190
250
282
269
257
291
432
225
420
420
292
252
342
254
216
209
289
392
468
208
230
205
200
273
205
293
269
216
281
222
203
271
273
171
231
418
307
252
276
256
205
171
277
259
259
171
288
171
225
171
225
234
174
288
171
171
171
171
200
211
171
288
288
259
205
254
288
171
200
217
254
304
171
254
288
260
316
200
254
225
234
234
225
225
288
1162
254
254
212
298
469
295
200
234
205
234
225
225
258
308
203
234
421
171
204
260
177
309
422
251
228
234
287
296
423
171
326
884
291
240
329
744
273
279
217
235
209
288
284
202
237
333
316
640
282
190
327
292
576
225
225
335
292
290
196
406
350
240
332
209
498
651
366
307
281
402
208
227
300
225
270
250
263
269
316
322
284
200
259
259
240
171
259
200
523
288
200
259
288
225
171
250
205
288
288
225
237
234
216
200
259
259
288
171
171
254
234
171
259
232
259
200
254
199
171
282
234
225
171
168
259
254
171
225
259
171
200
258
234
215
205
259
225
234
171
200
171
288
297
171
222
200
303
200
225
404
200
259
259
234
203
254
203
288
288
200
225
241
259
171
254
225
246
633
490
438
294
206
258
259
234
237
288
171
205
206
171
312
203
259
199
205
234
237
254
260
237
205
171
237
257
234
225
199
294
225
171
288
205
254
216
205
288
234
682
208
259
288
225
200
259
200
234
260
205
239
203
288
171
227
296
230
283
269
171
174
254
200
254
288
171
234
267
320
171
218
171
231
225
234
250
197
384
259
640
171
180
162
288
234
258
259
2382
234
171
122
205
225
225
225
122
171
275
500
228
254
254
171
277
300
174
415
405
200
288
446
278
205
254
238
200
205
597
295
310
254
234
259
219
237
288
288
171
234
171
171
199
225
200
254
361
404
265
338
333
517
276
309
317
694
1032
259
254
205
225
117
122
88
237
254
88
225
225
260
225
494
234
225
296
217
259
2215
225
174
225
200
171
241
200
444
228
285
174
237
294
341
200
254
171
351
237
171
171
171
288
205
171
259
205
254
254
259
199
225
225
259
288
200
200
265
171
291
206
262
303
294
384
244
212
289
231
225
265
208
464
263
385
284
171
288
234
259
275
237
225
288
417
393
259
206
254
259
200
256
263
236
205
259
225
225
225
288
200
259
288
174
328
275
294
912
225
183
259
240
203
200
254
234
171
200
307
203
234
200
259
254
200
234
228
271
405
234
207
265
225
205
247
200
238
254
432
225
217
237
326
247
263
253
378
337
344
240
254
276
317
352
305
375
266
437
376
183
563
292
203
206
405
310
294
259
262
171
300
259
240
288
259
225
190
264
171
257
263
174
262
596
251
347
228
209
177
224
291
257
225
225
171
200
234
242
219
288
268
234
174
254
348
284
286
171
259
228
193
318
308
265
200
237
257
307
356
174
263
342
306
250
338
307
282
550
271
244
432
326
447
316
324
228
460
328
260
332
291
299
247
337
265
225
268
277
208
229
225
277
177
174
209
288
209
268
309
259
254
234
444
228
200
259
259
408
246
291
268
316
206
240
271
240
241
177
240
261
200
203
257
295
313
232
206
174
277
240
321
373
261
205
316
252
208
260
377
278
208
257
288
220
309
313
259
296
228
215
200
262
494
237
294
304
283
203
298
244
273
242
277
241
187
262
200
252
190
219
398
324
253
190
379
537
266
255
291
219
206
206
335
218
205
240
444
288
245
253
200
253
208
228
271
202
174
205
253
288
288
209
265
254
234
174
200
225
205
234
174
259
200
277
259
200
257
254
270
228
292
245
259
257
171
311
275
260
259
241
171
217
237
304
299
234
351
262
348
220
225
240
259
228
220
254
381
310
645
294
203
205
237
288
259
288
285
221
262
296
259
313
231
234
265
323
260
288
336
228
513
212
282
380
222
273
316
241
208
310
317
344
414
271
297
291
219
212
253
466
324
205
256
231
276
292
206
286
342
212
310
466
263
250
295
291
256
342
326
260
271
266
269
288
206
342
220
426
580
235
285
171
394
384
246
228
337
291
345
348
279
272
203
208
361
257
208
228
174
386
357
206
309
372
189
294
288
269
259
298
282
412
260
268
440
294
259
177
225
205
295
237
288
234
348
203
320
273
386
491
403
311
393
276
234
198
268
288
171
205
200
171
205
171
240
171
171
200
294
259
254
171
308
259
205
171
288
254
205
225
234
200
260
330
225
232
247
240
288
228
297
228
262
270
225
225
200
288
277
216
228
268
322
203
272
294
234
174
174
561
171
327
262
273
288
273
228
341
296
240
287
291
302
215
254
277
284
273
196
282
276
188
383
219
271
447
225
237
206
171
268
234
316
225
225
205
297
244
450
263
285
312
365
351
243
349
221
238
341
265
263
401
259
228
291
254
237
259
254
291
237
220
240
211
205
291
171
205
225
225
259
259
288
205
171
257
225
291
225
268
234
234
220
205
234
225
317
259
342
323
253
200
217
237
285
248
288
259
245
416
237
203
291
393
325
205
293
206
302
316
348
240
323
295
279
368
308
394
225
203
282
294
316
290
513
332
234
221
234
234
205
203
171
256
358
292
171
200
234
288
234
234
205
259
205
205
203
234
171
171
268
205
242
250
298
256
200
301
288
225
203
259
171
294
259
479
341
256
287
225
393
312
361
211
262
222
174
250
309
257
203
278
243
205
205
292
225
288
171
337
288
241
311
255
306
272
193
224
288
308
371
225
253
488
228
225
200
183
174
257
220
254
228
200
174
288
254
291
205
203
234
205
263
262
254
244
965
216
219
174
234
234
240
243
221
234
231
240
537
320
288
299
312
413
220
265
250
196
369
225
289
225
278
365
337
247
465
311
240
277
298
365
264
251
346
298
301
223
321
247
334
183
203
291
428
190
279
187
288
259
390
218
263
228
329
234
277
336
291
240
234
300
301
234
312
401
241
200
346
237
240
254
269
244
310
279
272
361
476
257
177
316
208
393
401
240
289
380
827
325
365
266
286
257
505
276
205
251
620
217
489
297
225
225
259
367
277
289
329
216
358
316
240
174
346
269
335
283
231
307
296
938
339
322
496
292
294
479
489
522
224
316
171
88
225
234
291
789
222
259
253
246
248
376
323
382
308
278
171
427
310
320
408
247
228
254
237
259
259
205
411
327
296
234
222
253
271
247
258
399
288
220
274
320
216
406
315
215
375
209
171
183
288
313
361
289
316
187
200
225
254
200
300
217
205
225
259
288
335
326
330
272
288
243
302
617
259
206
288
225
205
288
206
254
599
177
396
271
257
277
206
171
259
259
200
146
171
285
329
259
254
199
254
200
246
288
259
243
359
316
282
215
220
571
220
294
206
219
200
234
171
254
241
171
288
205
304
286
288
519
291
315
309
220
237
183
219
241
205
191
205
240
755
266
200
405
248
203
320
284
302
371
389
278
310
366
487
553
308
245
239
256
306
334
225
230
281
329
513
460
203
303
287
202
333
288
200
329
342
171
369
270
263
183
313
318
320
257
252
390
412
256
244
298
239
307
238
323
253
297
183
265
403
288
447
240
257
311
348
228
180
205
338
239
286
355
288
257
209
297
290
236
259
257
681
225
416
344
306
427
301
190
234
337
317
213
468
328
254
265
231
254
257
294
234
317
227
235
243
190
237
367
249
256
209
321
346
369
445
372
355
323
286
200
372
291
314
432
288
371
275
171
309
271
284
231
335
367
247
270
205
370
206
258
228
244
314
228
291
278
215
244
239
384
254
240
266
190
219
311
304
187
479
205
273
285
328
291
563
362
319
183
365
311
399
288
265
206
300
339
257
241
354
373
290
190
225
527
249
225
254
244
228
221
278
225
314
260
205
171
234
211
257
219
225
362
234
360
219
273
203
203
297
225
294
193
404
369
224
288
268
282
303
237
171
338
193
264
222
293
390
309
288
315
250
321
174
370
275
228
300
262
205
288
288
234
260
262
250
205
254
288
200
262
234
288
205
206
254
183
203
276
171
200
234
288
203
311
291
274
424
260
171
228
257
270
225
228
260
282
229
276
323
266
262
291
304
313
174
259
190
260
200
208
288
254
200
330
311
221
230
240
285
295
309
315
231
391
233
336
302
276
272
273
347
317
356
474
250
445
225
183
311
282
228
183
268
307
171
291
239
256
287
537
288
240
174
174
330
307
347
272
406
205
244
225
237
328
294
294
328
225
370
174
171
174
318
257
225
200
281
200
259
237
205
247
458
205
200
225
288
410
240
247
237
273
190
206
183
379
425
203
291
340
329
424
234
414
225
225
225
259
313
307
253
200
224
228
392
373
366
243
398
231
228
269
501
295
228
237
259
382
385
259
446
568
228
234
275
402
244
312
193
254
259
209
234
254
225
254
254
171
225
171
259
288
171
259
171
225
151
122
257
170
259
225
330
404
338
237
288
265
203
200
171
171
225
287
240
294
342
253
333
356
209
248
250
336
259
254
203
225
234
183
122
122
180
205
288
254
222
291
219
252
240
387
336
250
309
433
241
287
203
410
265
275
392
328
341
240
247
250
259
294
219
363
615
241
311
235
250
230
294
342
258
310
171
208
246
345
230
171
247
452
273
256
437
360
205
293
260
304
582
354
584
219
205
243
288
254
225
254
259
254
288
288
183
205
259
259
234
294
200
275
200
260
225
254
171
203
254
288
234
171
194
200
289
171
580
259
834
338
304
200
200
288
225
234
206
234
288
234
205
219
357
411
326
200
277
205
234
259
306
303
273
271
279
285
243
294
489
372
268
327
538
368
310
228
449
285
344
173
202
205
281
283
270
457
367
379
331
230
764
335
328
287
289
273
913
392
180
292
374
273
339
239
351
277
351
273
244
228
224
253
330
296
252
286
336
246
254
220
228
416
354
292
235
202
276
187
315
209
205
171
234
258
234
200
225
194
171
200
259
234
282
205
225
205
171
259
254
200
234
205
240
225
200
225
225
171
205
254
225
171
200
171
200
254
225
200
200
259
171
225
200
254
259
254
205
254
205
254
225
225
927
225
259
225
200
288
288
234
254
200
171
203
225
171
200
288
171
234
240
239
288
254
205
200
234
225
225
200
205
171
225
303
254
258
281
180
284
254
171
268
254
225
254
258
234
259
259
288
234
203
252
237
234
254
225
259
205
205
288
240
225
240
174
206
225
259
254
288
288
288
286
170
234
234
294
171
259
171
200
288
171
224
171
205
205
225
205
234
260
288
225
268
683
289
345
171
171
225
171
288
225
274
234
458
415
259
297
205
206
254
288
171
288
254
171
200
239
122
259
259
205
205
288
171
180
87
180
234
199
294
203
254
180
225
406
234
288
254
200
293
322
205
801
254
234
171
336
244
259
206
291
207
200
334
250
291
259
171
263
225
288
205
288
225
254
259
206
225
225
200
259
209
169
254
281
202
316
426
257
250
240
350
219
288
171
205
254
288
288
200
254
117
180
254
363
234
205
254
259
171
234
225
225
217
171
258
354
225
257
237
307
260
279
259
283
468
294
259
288
453
206
254
225
254
200
234
200
225
171
254
171
225
201
294
233
234
288
205
171
206
206
268
254
205
251
443
310
287
299
171
282
208
234
278
314
319
315
260
321
205
205
257
294
335
236
225
225
352
295
234
254
225
200
259
389
396
323
205
171
234
244
268
225
171
200
237
357
426
394
242
244
171
338
205
206
237
225
171
217
200
234
290
205
200
237
225
171
200
294
294
174
329
200
225
208
259
288
202
225
171
259
183
256
203
650
257
228
239
274
209
225
332
203
171
271
236
237
279
221
327
452
279
330
346
171
254
203
206
270
237
240
174
225
288
205
200
174
220
171
235
205
243
447
253
262
205
242
288
253
206
259
237
208
271
259
200
520
259
205
260
259
174
254
205
313
259
257
254
281
171
171
177
174
254
311
309
219
364
201
285
208
272
392
407
982
225
294
254
294
234
295
460
262
208
419
250
256
235
238
293
250
171
350
364
282
310
234
313
243
259
311
225
225
270
304
294
205
247
240
200
208
259
254
270
174
177
171
205
250
241
259
231
203
259
288
205
286
171
279
219
206
256
203
211
237
291
275
334
229
211
254
396
297
248
203
237
228
200
228
351
262
262
225
272
333
276
228
290
222
347
209
254
322
266
332
270
247
288
334
374
384
329
322
472
276
241
300
500
239
269
341
342
307
311
284
325
353
316
333
280
228
401
257
240
302
257
206
268
353
206
203
288
225
205
253
225
254
240
268
240
240
190
228
358
205
220
243
2540
288
200
281
205
200
205
203
206
279
171
234
240
205
242
225
519
254
259
596
425
320
259
228
288
171
225
204
174
263
262
257
171
254
219
208
225
279
288
234
266
273
237
259
303
190
307
174
294
257
174
206
313
265
174
296
225
208
273
259
258
237
243
288
216
288
190
275
255
212
273
262
310
231
260
276
349
219
177
193
257
281
227
295
281
308
219
270
264
353
234
174
283
326
295
200
242
225
205
244
229
279
291
314
259
253
203
254
224
413
235
171
225
209
279
423
254
317
259
369
289
325
257
257
171
171
225
208
291
171
294
220
232
221
297
466
259
313
193
306
229
360
205
300
310
210
203
260
349
228
228
370
252
296
288
325
282
254
225
254
284
250
291
339
376
403
297
310
247
386
259
205
205
259
234
205
234
234
234
234
217
254
259
205
237
259
288
171
234
171
254
259
288
259
183
254
287
168
310
317
240
1281
228
237
171
205
311
254
262
257
228
219
271
171
316
221
254
260
241
254
1475
278
255
206
304
183
300
203
250
300
225
294
200
320
325
345
277
286
241
300
206
239
312
310
248
266
256
205
200
301
266
317
254
203
171
234
170
240
205
220
205
217
335
304
190
227
277
351
321
222
364
379
403
291
374
331
413
212
320
190
259
243
171
259
234
171
260
294
205
254
234
205
288
225
171
234
259
208
260
328
253
237
225
240
254
205
200
237
254
225
288
288
260
225
254
190
211
205
200
237
254
208
254
316
288
225
237
256
208
174
237
203
248
268
187
171
221
288
205
332
304
278
257
304
170
190
342
254
300
389
548
344
234
200
254
268
205
222
450
254
316
273
447
206
259
225
259
200
240
205
200
408
225
254
225
225
237
234
171
205
265
476
200
171
205
259
200
217
365
225
278
324
220
237
270
205
266
540
222
237
275
304
258
222
241
239
296
297
259
225
237
288
208
259
200
187
279
257
171
254
205
408
196
339
250
248
203
282
297
205
254
413
165
200
205
200
225
262
291
249
254
257
203
254
171
293
263
274
243
225
288
205
259
242
174
225
254
288
203
205
297
215
275
228
333
477
277
333
218
354
371
338
308
253
254
373
523
288
244
307
256
271
867
262
240
295
332
177
254
516
317
402
256
376
238
258
252
311
234
385
259
302
253
221
358
318
247
275
203
228
273
171
308
297
231
337
232
454
313
200
346
278
1180
288
292
225
254
205
395
317
386
202
422
469
851
299
310
490
335
602
373
496
345
312
464
242
314
263
257
259
240
183
254
235
200
234
260
843
296
171
200
434
309
277
202
284
309
238
268
659
273
250
242
1311
265
270
268
257
304
256
271
218
269
263
564
238
269
396
205
259
225
288
177
183
244
200
291
229
287
273
353
202
404
301
263
325
355
275
437
193
203
206
225
225
168
234
300
171
241
260
466
281
241
263
373
275
310
373
410
272
474
361
316
174
272
258
220
311
271
334
259
415
288
288
205
225
205
247
187
205
225
171
288
205
209
334
225
275
318
221
174
281
355
206
200
171
225
259
259
171
283
193
174
234
316
340
234
234
205
243
288
451
206
446
273
237
259
240
283
234
225
171
275
316
350
461
244
392
322
277
317
286
292
283
288
203
259
234
246
205
259
254
239
259
254
345
247
232
519
550
346
295
239
284
295
171
359
254
546
203
781
241
357
381
884
361
257
347
341
420
271
310
386
253
388
396
241
377
265
234
277
414
329
265
190
174
294
240
409
328
260
236
200
259
183
219
193
317
257
277
282
441
244
339
324
238
289
177
276
273
224
200
355
301
240
266
339
307
292
411
224
208
225
294
277
343
257
281
290
388
209
276
200
219
860
309
318
257
212
257
225
202
225
224
288
171
225
205
183
576
205
234
253
303
464
211
174
238
259
200
234
262
292
234
275
336
262
318
347
394
203
304
209
353
343
244
238
292
328
225
244
216
295
271
276
243
240
286
200
174
205
225
206
321
174
254
243
268
336
280
460
316
237
266
259
216
310
295
203
237
279
362
365
305
277
652
313
219
339
171
364
232
254
177
208
297
303
196
206
367
257
414
259
464
275
292
430
174
365
336
200
219
419
252
348
205
206
251
203
262
262
291
268
220
259
246
257
278
257
174
234
303
228
219
410
225
206
283
206
232
190
219
203
320
171
888
276
237
257
190
257
276
298
346
190
235
282
174
276
339
203
190
331
262
354
237
259
209
268
288
200
234
316
203
288
203
271
171
254
203
234
174
361
208
200
200
313
287
261
174
200
254
242
171
171
200
276
171
190
240
171
288
193
215
338
237
254
226
228
325
203
215
234
316
171
288
259
259
316
265
259
234
262
200
254
218
220
304
723
256
404
256
320
298
263
274
269
322
251
257
313
252
222
367
399
463
356
268
171
228
455
239
200
225
205
373
187
224
518
208
324
279
174
220
209
243
407
272
200
216
261
234
303
243
215
281
280
206
275
322
334
316
237
171
246
206
228
259
209
183
200
331
205
259
200
171
234
370
573
211
311
783
309
278
403
389
225
393
321
291
291
367
257
190
254
237
171
259
592
307
301
276
292
259
387
216
262
384
234
276
363
216
242
320
270
203
298
247
203
277
490
266
425
224
228
297
412
357
431
288
260
200
200
203
205
225
205
225
205
240
234
254
171
171
234
205
254
244
151
234
254
419
290
266
224
200
237
296
349
225
219
268
288
254
352
231
337
240
370
209
364
288
275
352
209
270
259
259
254
180
171
122
205
237
259
259
200
284
312
320
314
266
309
228
374
254
205
209
322
541
382
240
228
252
224
395
423
445
316
474
205
320
276
575
198
183
342
206
296
297
241
254
234
259
282
216
193
259
259
241
569
324
456
276
234
267
322
276
1196
208
365
296
259
325
254
259
205
327
200
165
237
234
171
200
288
205
288
225
260
200
171
200
259
171
225
171
205
288
225
234
254
200
266
225
266
224
265
174
326
206
205
259
288
171
288
254
205
205
205
260
219
556
357
259
189
262
205
259
381
278
203
266
327
224
369
276
291
344
254
247
203
308
219
209
400
283
394
244
236
200
277
228
258
308
308
379
187
208
321
297
282
269
203
297
291
220
294
304
541
378
454
257
227
248
278
392
183
379
405
342
262
256
354
742
342
271
219
237
257
236
177
385
215
428
253
203
291
294
225
205
259
205
200
171
259
200
200
171
288
288
225
259
202
225
203
234
171
277
200
259
234
288
171
272
206
288
171
254
254
254
259
254
209
200
282
171
171
240
170
205
240
288
288
171
288
171
173
200
203
234
171
234
259
225
260
259
225
205
200
248
205
317
259
288
221
365
206
254
205
225
271
164
225
171
254
288
254
259
200
200
171
254
200
253
217
237
436
225
288
225
200
205
234
171
259
234
208
291
254
206
254
288
253
225
225
288
225
259
237
183
205
171
259
170
259
225
234
200
254
259
231
225
225
205
259
200
254
234
171
254
200
205
205
206
206
254
225
288
200
294
225
254
281
268
338
171
259
254
288
206
243
200
171
270
305
288
307
268
168
200
288
200
254
253
225
254
171
122
122
200
205
200
306
174
322
259
146
234
200
171
171
146
122
205
612
225
205
171
254
228
196
288
568
174
259
262
225
290
200
234
294
171
259
171
354
363
260
254
225
234
254
171
259
225
234
225
225
171
234
225
225
393
336
267
294
494
190
240
269
171
304
559
174
259
200
225
171
87
254
254
258
183
122
170
205
171
200
259
216
237
200
288
205
217
200
171
288
171
243
203
366
309
521
171
767
384
501
225
254
234
259
234
171
183
240
259
234
254
234
171
240
205
225
202
240
205
200
225
200
259
1288
250
346
234
257
329
285
261
352
462
388
437
350
291
295
789
368
245
475
205
254
205
252
1114
307
171
205
255
220
171
225
287
225
288
525
301
349
259
225
205
205
225
288
205
259
291
335
283
238
431
590
205
831
219
254
171
225
234
171
205
293
292
316
205
225
234
122
254
235
180
328
205
234
205
275
288
197
445
288
202
304
171
171
580
300
319
320
410
272
271
252
310
205
171
273
313
395
234
373
282
253
206
240
355
333
298
259
413
762
237
294
259
347
259
225
260
262
303
259
304
259
317
254
247
257
174
200
254
215
556
240
401
171
246
280
340
200
237
254
225
174
256
661
208
234
234
190
228
244
254
328
206
254
316
307
279
270
244
234
253
174
240
262
259
206
278
323
190
240
333
200
380
370
296
240
444
390
225
272
259
408
616
347
370
224
320
333
171
171
288
254
313
259
291
257
257
269
228
200
274
205
277
229
221
206
203
237
262
174
257
203
174
257
249
284
219
220
200
259
241
259
291
300
200
288
200
298
294
257
257
391
376
288
225
268
198
225
205
304
259
217
257
404
288
244
273
249
228
338
307
324
314
273
258
290
200
333
341
294
332
315
241
352
234
259
322
291
190
329
225
297
412
244
370
212
464
219
260
442
187
354
206
313
303
291
522
244
514
299
278
292
291
217
260
243
208
254
200
205
240
183
8190
193
288
295
219
288
293
293
254
314
288
228
225
225
259
225
225
205
216
259
234
250
254
227
225
295
259
239
183
250
243
288
237
224
288
209
259
208
205
239
205
262
5376
228
205
316
225
259
254
183
421
324
177
260
288
205
225
203
234
203
259
368
285
231
227
364
239
254
259
254
240
171
239
240
239
303
276
206
271
308
225
200
291
190
342
232
259
257
284
235
205
481
247
253
174
524
222
180
253
289
301
203
438
258
262
372
400
313
203
254
330
209
200
225
359
208
260
413
241
324
417
254
329
259
316
296
219
241
282
283
200
291
297
225
231
221
348
309
301
190
183
458
282
281
193
325
205
205
238
208
240
465
319
378
259
1037
171
328
317
227
205
206
190
171
254
288
294
174
202
300
288
222
474
279
577
234
171
427
259
171
234
237
288
288
288
288
288
254
254
240
234
205
259
294
225
234
234
171
180
259
225
168
234
200
200
447
200
190
402
337
304
257
261
234
237
174
200
219
205
234
283
268
628
228
288
235
347
297
272
372
200
206
171
205
205
237
200
306
313
228
220
302
227
203
285
276
356
395
315
333
396
219
171
183
376
224
202
230
272
205
259
225
205
225
225
204
225
239
323
324
258
241
214
520
403
298
417
254
339
345
330
277
329
262
275
313
171
200
262
288
240
200
254
200
240
288
200
259
187
200
200
200
254
208
288
205
259
254
254
171
171
288
174
225
328
237
225
325
207
205
240
209
259
234
171
208
369
180
174
318
205
203
200
174
215
203
313
190
360
200
307
259
209
226
171
254
279
234
304
290
171
237
288
330
203
243
253
220
171
205
171
225
225
200
317
205
470
373
242
205
234
200
225
288
254
234
171
234
208
259
225
254
214
171
359
308
234
283
259
288
254
259
225
288
171
174
205
341
203
288
385
254
240
305
265
190
283
174
298
273
234
294
301
256
265
205
288
200
200
205
263
263
383
226
274
254
203
221
234
244
362
328
310
198
335
374
269
171
228
259
288
217
259
254
225
206
240
228
239
225
225
288
200
200
203
257
209
203
225
356
296
234
259
228
246
331
304
288
313
200
319
276
356
320
418
266
386
350
225
266
234
256
313
240
507
247
808
338
269
353
281
227
449
243
279
244
239
224
239
310
200
430
211
225
268
200
313
259
193
312
215
257
206
336
282
231
453
237
228
240
174
713
536
209
271
220
234
199
252
254
317
205
174
294
244
446
274
832
248
271
273
234
369
326
307
416
254
341
344
348
430
315
273
335
313
171
601
360
203
253
522
347
438
306
325
261
288
401
225
275
348
350
293
356
340
315
266
265
326
306
304
225
383
259
675
252
474
304
316
326
234
231
663
309
206
254
253
225
259
382
262
174
199
316
436
320
196
222
196
320
228
237
276
332
453
311
254
237
174
259
200
224
225
354
316
234
257
261
289
178
290
279
171
245
303
282
317
304
503
231
316
370
314
244
220
199
316
234
259
174
259
234
225
244
180
203
258
171
206
171
260
268
289
259
254
277
303
301
313
254
237
258
234
254
206
203
224
475
298
311
174
225
217
200
206
205
225
152
288
257
273
257
259
225
362
205
297
259
298
273
195
231
1571
289
409
220
365
221
388
335
248
234
200
234
245
205
205
250
288
299
239
234
262
190
332
225
314
278
257
174
231
200
1174
390
328
190
288
257
439
281
289
240
492
323
355
231
335
446
477
340
328
250
260
234
243
171
286
266
336
307
316
349
349
234
244
240
693
259
200
200
260
227
313
208
367
224
392
228
350
325
278
242
247
258
317
225
265
292
241
413
220
234
206
314
406
292
273
308
269
345
350
247
241
205
318
310
484
232
418
246
238
228
347
1171
268
262
690
608
294
310
171
218
260
282
259
265
171
257
205
193
262
206
225
318
225
205
278
257
228
183
384
361
361
296
199
219
324
171
263
278
220
297
319
291
335
225
240
252
417
292
257
257
171
294
293
208
266
329
328
228
344
244
217
257
190
254
615
307
276
202
253
328
294
313
317
282
376
339
361
247
372
202
341
381
307
225
174
272
276
293
237
190
219
275
205
293
395
327
374
253
374
281
1078
841
187
308
263
294
347
311
383
203
725
386
206
288
225
288
265
183
288
304
303
228
234
203
259
240
174
259
205
205
200
174
313
312
268
234
431
278
246
222
208
276
436
305
224
237
406
257
477
211
332
274
329
290
366
307
325
339
317
171
270
262
203
205
209
174
240
234
217
200
171
291
262
205
259
274
200
291
193
240
174
262
259
228
205
240
205
257
318
171
228
279
259
240
681
277
288
171
254
174
304
200
262
206
199
319
234
313
264
316
344
264
239
206
259
215
250
468
171
225
309
279
254
438
271
291
327
275
353
351
171
596
294
374
327
339
206
423
559
274
174
205
171
254
501
217
254
254
294
531
375
510
329
300
524
450
263
215
374
294
171
276
323
287
240
241
241
205
286
262
289
246
355
350
326
228
304
281
207
171
225
259
507
212
294
516
171
203
288
203
311
259
250
321
257
429
238
322
262
219
385
250
279
279
298
349
208
332
206
288
287
224
238
384
477
287
316
299
221
241
289
289
254
269
241
187
259
272
356
254
396
225
335
270
582
317
299
297
1048
174
269
271
565
171
237
217
171
254
240
225
234
259
288
254
259
234
259
205
234
288
259
151
234
288
254
234
346
328
293
205
225
654
281
234
217
171
254
204
241
437
364
314
219
253
371
551
302
239
203
205
223
288
259
149
122
180
287
200
259
200
209
250
309
283
273
357
348
308
350
225
307
246
325
225
333
174
275
281
543
276
246
432
313
240
346
276
348
322
295
454
374
220
289
288
289
268
200
225
203
516
264
250
281
222
310
306
301
259
259
394
320
366
311
259
367
285
205
225
171
259
205
199
208
254
254
200
202
171
200
259
205
259
206
254
225
171
237
205
171
252
220
254
205
288
259
288
289
171
254
288
282
174
262
259
288
171
304
259
171
171
288
234
199
408
319
220
219
288
200
259
254
288
237
392
262
363
518
315
203
288
294
535
274
236
297
274
399
174
344
428
361
341
224
272
263
262
221
313
263
514
312
294
294
203
174
317
279
263
243
902
342
349
288
337
349
329
288
282
346
235
295
333
322
288
282
259
310
208
256
354
259
285
294
256
264
440
183
302
330
336
221
308
