3.34667
3.89076
3.09497
4.04066
2.73463
3.73603
3.07582
2.90792
2.98587
2.03349
2.52656
3.98131
3.89609
4.25795
2.84998
2.76648
3.58516
3.2242
3.78848
3.19756
3.79943
1.91001
2.79838
3.95748
5.19362
4.0181
2.08294
3.68444
3.66025
2.84672
4.06022
3.56251
3.95067
4.59804
3.15807
3.02949
3.40241
3.06549
3.57435
5.70518
4.93202
4.24342
3.61097
3.70437
3.83177
3.45946
6.44109
6.04285
4.60617
3.04341
3.45432
5.10308
3.66241
4.80212
3.88299
3.93947
2.92245
3.75409
3.7346
4.647
3.9454
4.48549
2.2225
5.19213
4.1559
6.05654
6.16946
2.44673
6.10386
5.2428
4.68186
3.25513
4.34098
6.46146
4.39919
2.88577
5.19496
2.22762
3.80312
3.58187
4.03979
4.82599
4.1359
4.89387
4.40323
4.82086
4.9434
5.25203
3.75294
5.69309
9.51327
7.17224
5.11664
7.7466
3.5279
6.66153
9.8629
7.66962
5.88446
3.90388
8.98514
11.4348
6.58757
5.749
5.50014
5.78336
6.58736
4.74017
3.45095
4.38667
4.95034
7.56075
3.90531
4.50298
3.71028
3.41496
4.44783
4.39395
4.43667
7.19318
5.85784
4.87086
6.0964
4.97675
3.06494
4.73947
4.11122
5.22713
4.89163
4.69796
3.67815
4.31373
3.01798
4.07589
3.66909
2.57755
2.75644
2.86698
3.47987
2.61654
3.44837
2.50217
2.19978
2.68199
2.70412
2.27953
2.43442
3.22873
2.35219
2.46623
2.52044
3.02648
2.99098
2.84217
3.42116
2.96064
2.14248
3.00392
3.6212
2.55626
2.84371
2.65475
3.23476
3.11883
3.49271
6.73241
2.22507
2.52703
2.59512
4.83047
3.01805
4.38542
2.48335
3.16523
2.90231
4.16382
2.94959
3.11801
4.20381
3.06441
4.28529
2.71269
2.99016
2.61232
2.57822
4.79909
5.29591
3.56508
2.66569
3.56957
4.16874
2.56992
2.35399
4.24021
2.51906
2.72129
2.32333
2.46566
3.45984
2.06663
2.88493
3.53681
2.8004
3.35743
3.23422
3.32659
2.59375
2.94522
2.58015
3.55456
3.79104
3.00393
3.30602
3.39106
4.20314
2.95353
3.40141
3.99955
3.56873
4.13587
3.91716
4.43938
2.67389
5.17389
2.60939
3.87331
3.2708
3.16479
4.84289
2.93658
2.29076
3.4179
4.98842
4.91589
3.39211
3.87286
5.38461
4.1855
3.26938
2.76275
5.70319
4.15657
4.75791
5.15927
4.50409
2.92781
4.17478
4.37182
3.50669
3.05789
3.4349
3.59054
3.30579
4.03097
4.34686
4.29537
3.42915
4.14126
2.73367
3.5921
3.51443
3.72917
3.09364
4.05699
3.18364
3.47889
3.45078
2.85975
5.12097
4.01939
3.53936
5.07289
2.90663
3.69851
3.82913
3.13966
4.92659
2.99913
2.41389
3.8209
3.57715
5.66006
3.64934
2.70502
2.23698
2.48591
7.08176
2.8259
2.47814
3.16932
3.3619
2.90899
2.24377
2.79202
3.53089
3.58523
2.5462
2.74986
3.1633
2.36861
3.18431
2.92464
2.52802
2.93955
2.58895
2.28534
2.69005
2.64025
4.20089
2.87833
3.92967
2.48534
2.55529
3.87747
2.89076
2.34321
2.99937
2.82903
3.6344
2.59804
2.46874
1.92927
2.61741
3.10052
2.58734
2.3276
3.76333
2.53447
3.23242
3.25591
2.60115
3.50681
3.31936
3.50025
3.06191
2.38614
2.95044
2.489
4.96196
6.39779
3.29182
5.45765
3.63574
2.53967
3.98123
4.19459
5.16348
2.76726
2.56592
3.60628
2.85148
3.09887
3.33248
3.35389
6.10248
5.55858
3.20684
3.45649
2.43334
3.6356
2.96441
2.83025
3.30348
4.81954
2.70114
3.00679
2.61189
3.45892
3.71808
2.53932
4.2979
3.98478
3.05529
3.62039
3.37078
2.56881
3.76661
2.85687
3.9083
2.86554
4.63394
4.63761
4.99795
3.01697
2.89091
3.05546
4.60818
3.38017
3.22272
3.07491
4.15621
2.72505
2.6968
3.39824
4.20533
3.42372
4.46947
2.10316
2.78475
2.49829
2.44486
2.26453
2.8417
3.55101
2.42133
4.06146
3.92189
3.28244
3.26659
2.9116
2.90484
3.55467
3.56571
4.12362
4.06969
2.23544
1.82963
4.62956
4.10452
3.30781
3.09201
5.43945
3.8009
2.84668
3.13307
4.16328
3.4624
3.04715
4.1576
4.86036
5.63872
6.19793
4.84083
5.42395
5.67847
5.6243
4.44352
5.03073
3.7675
5.2558
3.28662
2.81542
4.89348
4.28086
3.68598
5.43842
2.82279
4.10482
4.22043
5.93021
5.58867
4.0546
5.16554
5.79749
3.18127
2.81276
2.66341
3.33667
2.4298
2.85089
1.48804
8.20395
12.0532
13.3341
8.5458
11.1622
10.9167
5.03132
9.0531
8.44909
9.86771
7.4241
6.56881
9.76509
8.9078
6.51279
8.78632
11.3616
5.25427
6.78502
8.47325
12.3591
11.3145
12.765
11.3197
16.1832
12.3986
15.1343
18.8599
16.4734
21.0048
21.2976
14.8155
20.2672
18.0818
17.1118
12.3512
12.0835
3.48384
4.00113
2.95884
3.18966
3.56709
3.67791
3.42671
2.3666
3.07911
2.62826
2.665
2.99581
2.47912
2.92661
4.11873
2.85972
3.29744
5.39371
3.67999
2.68133
2.77308
3.04197
2.54783
3.2767
4.29774
4.05001
2.82321
2.7783
2.65581
4.31882
3.60623
2.67793
3.00653
2.71552
3.39094
3.00986
4.35095
2.24455
3.46528
2.26093
2.66775
2.99497
3.08956
2.82675
1.64655
2.64168
2.94273
2.43788
3.28506
2.06047
1.40579
2.28101
2.7807
3.23486
2.36139
2.61123
2.66223
3.87539
3.49352
2.72419
2.70728
3.50517
2.8875
3.0267
2.76692
5.30879
2.78729
3.06939
3.75123
3.5938
5.16666
3.3686
2.44721
3.31727
2.66136
4.48471
3.51828
3.95469
2.75175
2.71319
3.19047
3.21461
4.56964
2.94608
4.09722
4.12046
4.34222
3.93439
3.30857
3.09821
1.98714
4.12859
2.93246
4.52408
4.28808
3.17849
4.72214
4.06458
2.72839
3.82762
4.99214
3.92866
5.09025
3.7834
2.74997
3.73566
3.19448
4.40631
3.44991
3.98905
5.93341
4.03775
3.46624
4.42438
3.4551
3.77249
3.92037
2.86583
3.07714
3.50001
3.59749
3.90036
2.61321
2.49853
3.30091
3.0953
5.42458
3.93798
2.91417
2.53642
5.89566
5.40428
5.67907
5.41187
3.56417
3.87912
4.36587
4.8858
4.3646
4.11499
4.40607
8.46359
3.08095
3.80359
2.5411
2.7718
2.53826
3.25477
2.8971
2.01768
2.40672
1.65844
2.6046
2.53328
3.98446
3.49775
3.82781
1.49815
2.98137
1.34397
1.05201
1.20218
1.13118
6.29568
5.29959
11.6887
5.13796
9.37963
7.78311
6.45971
11.2665
14.1385
3.48306
1.55486
1.09175
1.3043
0.953209
0.886707
0.825851
0.84899
1.30519
1.0403
1.01854
0.880344
0.987097
0.892289
1.17972
0.985782
0.979419
0.983407
0.751656
0.83168
0.768576
0.828846
0.707082
0.868269
2.17881
6.69761
2.57966
1.53078
1.20526
0.925228
1.28866
2.41653
4.78815
3.33821
3.40347
2.69826
4.35766
4.2061
3.41941
3.51129
3.12978
4.29705
4.08777
3.7466
5.54238
5.33282
1.85726
3.13134
1.72084
3.40528
5.36901
6.05072
4.37808
5.45608
4.6404
2.06836
3.12327
5.03996
5.05637
7.33727
4.67677
5.78197
5.36075
4.82479
5.92251
6.51087
3.96888
5.07236
5.47104
5.16786
5.13573
5.04294
5.001
3.98039
5.30195
5.45944
4.41561
5.40019
3.76154
3.52778
3.17451
3.13443
5.0533
4.46279
5.67325
5.15841
5.45852
6.21596
6.45763
6.48369
5.53336
5.24185
5.24404
4.20966
6.49917
5.28933
3.91233
3.03279
1.74786
1.69342
1.76395
3.04972
1.22873
1.17239
1.09644
1.38855
6.65171
7.83795
9.44171
6.90651
4.1719
15.5532
11.3673
11.0233
10.5656
9.89462
12.4405
14.2038
8.79694
10.3501
10.2845
9.18183
11.6645
7.01835
10.4641
10.5642
8.56659
11.3814
10.4615
13.6029
10.9764
7.27536
10.9701
12.6125
7.3555
11.2959
11.5967
11.4084
14.4671
11.4064
8.24882
14.8625
7.03447
10.9609
10.7646
8.62303
9.5651
9.92516
2.18639
0.990507
0.89396
0.861848
0.860226
1.15322
0.831584
1.37099
0.873944
1.16677
1.38632
1.12209
0.991645
1.06091
0.954486
0.785427
1.04151
1.85665
1.5758
9.83806
8.59887
5.7004
6.48938
6.73285
5.02546
9.03759
4.20779
3.97452
6.49001
2.29467
9.5225
1.32219
1.07394
1.44094
1.1747
1.03693
1.0668
0.91206
2.10547
2.25611
5.76469
6.93405
6.72759
4.8926
5.43041
5.803
9.1687
5.60916
3.72578
6.20608
5.25687
6.56503
1.99203
5.78082
5.20314
1.98389
3.73437
3.12299
11.2138
4.12373
10.4334
1.84568
0.899244
1.20151
0.838248
0.938264
0.890157
1.26768
0.760461
0.677335
0.766884
0.773185
2.99126
7.56036
5.78324
5.71808
5.76675
6.1468
11.1218
6.08347
3.22589
5.33813
9.06955
4.32516
5.73749
6.09079
7.07489
8.53701
3.96009
7.43652
8.09559
10.3806
4.44118
10.906
12.6437
1.28209
1.2556
1.21827
1.93072
1.38747
1.45013
7.16078
2.96227
2.84786
2.13123
3.23862
2.7706
1.66409
1.32524
1.08089
1.03061
1.24882
2.21415
9.29799
8.18826
5.55509
5.19656
8.61253
3.49097
1.54156
1.9944
2.04044
1.84524
1.67168
3.22413
2.90653
2.85993
3.22534
3.56736
8.95894
5.04662
10.1083
5.55447
4.8016
3.99126
8.81549
6.37152
4.57283
2.28961
5.74195
8.71159
5.74698
7.66465
4.50972
6.07823
1.26661
2.26855
1.4601
2.73193
1.55581
1.77979
1.22452
1.29813
1.42407
1.8727
1.50812
1.63363
7.35641
6.14728
7.26205
6.51193
6.46111
5.55385
7.53103
6.21122
4.44833
6.02631
4.3988
4.33858
4.28988
6.41495
8.7065
9.28094
5.51783
5.07165
3.80892
5.3932
4.91097
6.69236
3.68966
6.87442
3.51799
4.93851
5.70196
7.07716
5.87628
7.47636
7.68309
8.37936
7.09009
7.77674
6.50136
7.93849
8.8407
3.50904
5.53039
2.90304
4.45827
5.21431
4.09789
2.21213
2.74288
2.64678
3.43065
3.0901
3.16639
3.37611
2.94548
2.81285
5.38641
3.12713
2.66442
7.93261
2.64642
4.16071
2.43921
2.53156
2.60832
5.26591
3.84413
5.78384
3.42827
2.84766
4.42753
3.60343
1.85272
2.59326
3.49503
4.06674
4.11776
3.8007
5.18438
2.96198
3.61876
3.60152
5.7926
4.83417
3.35656
3.35652
3.76205
4.17602
2.18906
6.5742
3.30143
3.70915
3.69569
3.40319
3.38183
4.83143
3.14136
2.65443
6.59542
2.92297
4.00056
3.96788
2.87168
4.05298
3.18414
4.01895
3.63995
4.52379
3.19113
3.47163
4.51583
4.8349
4.70465
4.60321
5.4795
3.74639
4.00973
4.80632
5.4842
4.68102
5.11305
3.34166
2.75065
5.32496
2.47925
5.19987
6.24752
6.01899
4.21197
6.16651
3.51166
4.44266
4.38809
5.93049
6.36796
5.79285
5.36011
6.1958
2.09193
5.91882
5.73831
5.25814
3.31987
2.80467
1.58141
1.44913
3.21272
2.03786
1.78478
1.6528
2.42826
4.49382
2.05143
2.23818
1.94655
3.41499
1.82031
2.80264
3.55345
2.21353
1.62213
2.37799
2.19596
5.97685
4.99013
5.30587
5.81959
6.37902
6.76522
5.05046
6.61582
5.68564
6.15554
7.43402
5.21157
4.30056
8.05988
4.63343
3.46265
5.66341
3.01755
1.64052
1.28696
2.26594
1.90131
1.53464
0.888749
0.834797
0.992365
8.00375
6.99836
7.21519
6.85793
7.22336
1.56031
1.55164
1.35477
4.52506
3.43802
2.27485
9.97228
8.65993
3.68784
3.40745
1.12251
3.05559
10.8415
12.6223
1.31142
1.33246
1.69403
1.44743
1.16691
1.04444
1.05386
0.9795
1.23429
0.902052
1.41112
3.36344
1.61309
1.07834
1.34336
2.43166
1.13967
1.06661
0.973847
1.14038
1.20369
1.73234
1.46605
1.01285
1.0131
1.12418
1.02247
0.972421
1.40508
2.87029
1.12545
1.62084
1.10611
1.2781
1.65889
1.28245
1.12524
1.30073
1.34032
7.67836
9.2833
3.4093
7.71606
8.97729
7.67824
6.93449
6.23782
6.72831
5.58183
3.46173
6.031
5.97615
2.28049
1.95131
1.34472
1.04037
1.26266
2.11878
0.991896
1.15832
1.61335
11.4007
5.63958
5.21591
9.99761
4.75877
7.78238
1.2856
1.26901
2.28962
7.67599
5.70458
8.27606
4.27962
6.8706
5.81525
4.26672
6.03553
4.98361
4.70838
3.58423
4.37397
3.66073
2.45036
2.97522
1.78256
2.47093
4.27234
3.88743
4.54877
4.83089
5.19963
6.25937
2.21109
6.09109
4.7548
6.3001
6.67293
5.06686
4.01922
7.56066
3.06044
1.84259
1.43762
1.7007
7.52465
10.3282
7.13638
4.64421
5.69713
4.41135
6.26665
6.67703
4.33574
5.61086
6.69933
8.93206
4.97494
12.5198
11.7074
16.6325
18.6269
14.2728
10.6862
14.5824
14.5001
13.8521
5.66998
14.4395
16.8258
10.4028
11.3823
19.335
9.53849
12.781
13.7515
6.46623
13.0639
11.3729
11.125
19.8853
15.9754
18.2319
19.109
12.9558
16.2782
12.7658
18.5645
20.5947
12.7196
14.6357
10.5326
10.4069
17.5454
19.3149
13.4265
19.2513
16.4551
19.9819
17.4026
13.5952
12.4434
12.9837
11.7137
10.7284
6.56195
9.31613
8.89333
7.1772
8.30111
7.51411
7.08236
4.5027
7.98041
8.59398
5.05019
3.17302
2.82061
3.00915
3.46699
2.72099
3.64788
3.12445
3.16263
7.4787
6.65481
11.814
7.33914
12.6123
7.50827
12.4567
7.64073
11.6442
2.28152
2.60128
2.97327
3.33076
1.36361
2.07254
3.72528
2.92617
2.58465
3.88631
5.39752
4.08877
8.70087
9.09778
8.1764
8.15021
3.73751
3.54844
3.93723
2.74091
1.14531
1.2771
0.986544
0.899044
1.57509
0.803255
0.771591
0.737966
0.766777
0.804224
0.762867
0.87388
0.811289
0.81555
0.782849
0.816957
0.802803
0.87472
0.97776
1.24269
1.52998
1.53233
3.78148
2.52141
1.65638
7.20585
2.44556
1.51873
9.99636
8.87603
8.82757
9.06332
13.0512
13.4332
9.2231
4.71723
10.7704
3.17874
2.85469
2.418
3.77412
3.12234
2.66556
2.66851
3.16705
2.93021
3.31405
2.61263
3.44274
2.64046
2.63013
3.38368
3.30464
2.75021
2.52391
4.71276
2.70323
2.93669
2.95473
4.80036
4.75055
4.56785
2.65042
1.52743
1.16346
1.19857
3.81447
3.09138
2.97296
5.2825
4.66073
3.36772
2.67359
2.64488
3.80834
3.166
2.30984
3.92109
2.79918
2.49969
3.37895
2.64895
3.53759
2.75612
3.51486
2.81512
2.87595
2.39613
2.73648
3.8591
3.12054
2.44094
2.43545
5.09843
2.95841
2.6553
2.99391
4.12024
3.13624
4.62806
3.66572
3.93061
3.92097
2.41579
2.67343
3.55699
3.88526
4.49648
1.54794
1.50915
1.57949
2.25722
1.39154
2.28005
1.69561
1.21961
3.4055
2.61782
2.40653
3.19552
2.37581
2.78211
3.42831
2.56546
2.36517
3.72244
2.66155
3.19372
4.8248
3.29455
2.85342
3.71675
3.56844
2.51958
3.59534
2.57713
3.02227
2.71678
2.70152
4.29578
2.46907
5.16447
3.88963
4.30783
3.3643
3.6826
2.74594
2.76317
3.28826
3.2181
3.63521
2.5835
3.30528
4.23938
5.10634
5.27575
5.03284
9.04153
3.79462
5.09046
5.48311
7.52225
5.05742
8.0919
5.03291
11.246
7.25453
15.1543
11.1926
11.0205
8.72384
10.6522
5.47316
10.0957
6.39052
4.20656
3.15532
3.68023
6.41817
6.66482
4.56237
4.6782
5.18629
8.1615
6.33076
2.30721
4.61135
6.33811
6.29721
5.15842
3.72415
5.48067
3.24792
1.11091
1.07803
2.08162
1.18733
1.91106
1.57047
4.64572
1.79573
1.6311
1.83168
1.09725
1.32925
1.24017
1.1941
0.794941
0.787113
0.833628
1.38047
11.7427
1.00648
0.801158
0.953296
1.20884
8.32545
9.97264
10.117
8.89829
8.86467
7.98719
7.36712
4.03948
3.6064
1.90662
1.83854
5.3017
3.05068
3.51895
3.15438
3.03356
11.0743
8.81488
9.8269
2.4994
2.69528
4.25764
4.30784
3.03064
2.02692
1.48553
5.5746
3.7013
4.08479
6.06618
2.66349
1.57493
1.35088
0.911555
0.828333
0.722887
1.52454
5.88436
4.41446
7.86956
3.6987
3.94878
3.16158
5.92833
9.61053
4.18983
8.46588
5.5667
5.66596
7.83686
5.46767
7.14352
5.69528
9.51968
10.2804
7.05184
5.01972
4.77905
6.37925
5.65158
6.56105
6.37717
5.97178
4.05564
2.82169
3.06578
2.68643
4.82817
2.86927
2.24169
2.29655
2.83592
2.93633
2.82005
3.67069
2.69579
4.68804
3.16083
3.72726
3.84964
4.50265
3.33568
4.57837
3.52577
4.70407
3.75474
3.50454
3.97894
3.63679
3.26818
5.59425
4.51665
5.30436
4.38997
2.54173
4.27786
3.97008
4.20511
3.83134
4.81913
3.77316
3.81208
3.97181
4.69745
2.84821
3.2778
3.40257
2.93558
3.48106
3.31026
3.87211
4.21943
4.24544
4.35249
4.11521
4.82893
4.81524
5.92993
3.74005
5.85819
5.89355
5.44713
2.73015
5.74428
3.74678
6.47612
4.68381
6.86291
5.0492
4.01069
5.36163
4.66732
8.97653
8.87552
9.24928
7.33177
14.6167
13.8801
12.969
14.6319
12.9715
5.3493
4.71105
4.9827
5.09509
3.71053
5.87398
4.45149
9.49951
9.17826
11.1132
1.59486
2.57039
3.22218
1.5462
1.21211
1.25358
1.09915
1.05839
1.60996
1.20324
1.02348
1.34473
1.19203
8.03907
10.1642
7.29141
3.20221
5.35878
3.84238
6.04262
7.36899
3.80516
4.6211
4.2477
4.921
5.11516
5.52092
8.19294
5.02623
4.4055
3.84982
3.75303
1.46134
1.26089
2.03956
1.85799
0.977634
1.02244
0.928847
1.18524
0.983172
1.06253
1.03421
1.37424
1.31046
1.03332
1.01867
1.33692
0.996296
1.02002
1.07387
3.53892
3.25901
1.23505
1.09154
1.41697
1.14865
0.868972
0.950089
0.8352
0.81054
1.14571
3.27382
4.09335
6.68443
2.98068
9.13264
3.70335
2.6149
2.25095
6.49181
4.48647
5.26312
6.98577
10.0414
5.89123
6.4263
4.77118
7.38219
2.69363
3.62338
2.98183
2.92825
2.28619
2.99888
3.05764
4.32438
2.59875
6.24158
8.25352
8.89586
9.45856
5.90742
5.19058
13.2327
2.38144
1.53344
8.16115
11.1651
10.351
2.42195
1.49742
1.33296
2.78123
1.58155
9.81415
4.80873
4.73136
8.09337
4.45992
5.80196
6.02992
5.73147
6.46797
6.40364
4.6717
4.84445
5.95807
6.60443
6.7534
5.09119
5.10191
8.87579
4.54951
5.38834
3.28765
4.50836
5.32317
4.71248
7.37456
4.28086
5.8418
4.50178
4.42646
4.81294
4.75094
6.79862
5.20244
2.89439
5.09527
4.47931
3.61858
4.16164
5.46631
5.82867
4.01981
4.50138
4.72945
4.36745
4.34056
5.22779
3.66745
4.63322
5.18188
4.02229
3.16034
2.79094
1.78925
1.86792
1.85162
2.26789
1.85272
2.64244
4.87058
5.76421
1.43298
2.96554
3.06119
3.52937
2.19831
4.29215
2.56317
2.72532
2.63052
3.09764
2.69691
2.33475
2.92141
2.60656
3.85525
2.49248
5.71031
3.00392
2.92803
2.24906
2.38541
3.91325
2.95205
3.17794
5.22131
5.14503
3.31351
4.59462
2.98556
3.49948
3.0299
2.97528
3.27015
5.1159
2.65643
2.92555
4.6538
4.2857
3.98368
2.84181
3.19514
4.55222
3.71308
2.95279
3.86621
3.35257
3.09817
2.73654
4.03807
2.88377
3.29273
3.80692
2.45031
3.12441
2.54105
3.73797
2.65323
2.86802
5.92779
3.41239
3.20987
4.39603
2.83939
6.23778
4.3625
2.20704
3.01259
4.31858
3.28179
4.68451
2.56424
2.99831
3.58333
2.67011
3.42178
6.03342
3.70206
5.12149
2.91945
3.06254
3.61813
4.13097
2.84225
3.16175
3.70752
4.37343
4.47554
3.79919
3.37416
4.5207
2.70658
4.51989
4.68416
3.62828
3.36251
4.83958
5.02328
3.22217
3.39547
3.26774
3.60083
2.60027
3.04518
3.12642
2.82554
2.57027
2.71019
3.46871
6.38362
2.30872
3.28228
2.4507
3.6237
2.87333
2.74522
2.98184
3.22963
4.02505
3.76286
3.94727
5.23816
4.95046
6.61912
5.15977
3.8292
5.79666
5.34258
2.37085
4.38726
1.87062
3.36118
2.54501
5.75875
2.7846
4.54794
4.19387
6.06184
6.83401
2.51919
3.33188
7.39787
3.70391
3.40984
6.78124
3.43114
7.63747
6.61373
4.18763
6.88583
6.9831
2.77693
4.8446
15.9906
12.1003
11.2336
7.13724
4.03639
2.22714
6.64715
12.6753
9.55709
3.5769
3.74435
2.36857
2.39351
3.50286
10.5377
2.41324
2.85106
2.31611
2.62442
2.37477
1.50827
1.98329
6.04552
1.82255
3.49209
3.4358
3.4384
2.76968
1.52374
1.40041
1.65733
1.63582
1.71856
1.81378
6.50428
5.30394
5.49543
7.23221
8.41686
4.3403
6.10647
4.49931
7.34419
7.51295
8.8548
2.7305
6.72406
5.44311
5.71446
7.08416
9.82985
7.17781
6.59129
7.19371
7.19867
4.81589
8.26155
8.9258
6.6575
8.14845
5.46559
5.52923
3.15229
4.3959
3.35567
3.98076
2.9637
2.51017
3.52341
2.75598
2.22549
2.67827
3.88609
4.79345
3.92221
3.1855
2.53965
3.35223
2.39296
2.98251
3.07368
2.7585
3.08465
2.41511
2.2412
6.24429
2.8819
2.45262
3.31644
2.77625
3.46705
3.1233
2.86239
3.29119
3.83845
3.16408
2.42283
2.74895
3.13614
2.69431
3.7022
3.44116
2.57244
2.71251
3.27527
2.56305
2.49982
3.11151
2.82585
3.19352
2.37207
3.81547
2.85791
3.12335
2.61449
2.40011
3.18921
3.71578
2.48734
3.10494
2.41763
2.34843
2.65723
2.84377
3.85469
2.27558
2.78738
4.4798
2.83088
2.45259
3.28675
2.69986
2.95776
3.34652
3.33706
2.39174
2.85934
2.95531
2.84491
3.5471
3.66295
2.71502
2.55632
4.65976
3.36634
3.4774
2.78587
3.25766
2.23625
2.19364
2.20966
2.78213
2.26997
2.50748
3.17269
2.99443
2.73601
2.5814
2.23448
2.99873
2.04183
2.51538
2.61916
4.1561
2.32308
3.39442
2.92548
3.03519
3.28254
2.60372
2.80947
3.04146
4.98326
3.71451
4.51942
5.55718
5.08371
4.89889
3.76812
6.22105
3.4498
5.64696
5.53404
4.73124
5.63956
3.39934
3.69428
9.97343
5.19981
5.06956
7.75393
4.14575
9.28561
6.42279
10.2189
3.7619
5.15531
7.65064
3.14678
2.4395
3.45164
1.34303
1.18019
1.30793
0.930038
1.17203
1.04026
1.42638
1.07908
1.3143
1.34267
1.30011
2.33358
2.0492
2.10289
1.88236
1.45394
1.24279
1.49697
1.85713
2.80258
1.67661
1.49781
1.92439
2.34321
2.28882
1.27905
1.58263
1.85881
2.98131
1.70446
2.81393
2.13465
3.04135
4.41011
3.90701
3.52241
5.61511
4.27943
2.36396
4.7775
6.72027
2.84929
3.10857
3.54768
5.88222
2.8338
6.17363
5.23893
9.07636
11.6693
6.15318
5.83722
10.896
2.94429
6.89831
2.6268
3.51373
5.4665
6.82928
2.54094
2.05842
1.41898
1.41176
1.64156
7.28679
1.70712
3.04109
0.952418
0.983726
1.59119
1.53709
1.07078
1.37837
2.04838
1.49004
3.05194
2.81061
1.40303
2.27112
1.34825
2.96389
1.59609
1.92369
2.32487
2.15091
2.3276
1.77301
2.92037
2.41495
2.16691
1.69634
1.84836
4.12401
2.40504
1.76386
2.01412
2.09545
1.29841
1.17757
1.33596
1.08535
1.58475
2.97185
1.33188
2.16651
1.95216
2.4782
1.49999
1.57121
4.5054
1.2354
1.60775
1.25512
1.73702
0.987088
1.14258
0.857035
0.870544
1.91005
1.0242
2.17714
2.41103
1.52439
4.0744
1.46015
3.71776
3.48601
3.86978
1.5536
1.2767
1.69413
7.8075
4.51602
5.58747
3.81471
4.23102
9.4982
4.80084
6.21418
7.82858
7.21387
7.55773
6.54448
8.11068
8.55859
3.65793
6.75104
6.79835
3.68837
2.16963
6.69853
7.24016
5.50036
6.31212
2.85843
7.42233
4.12325
4.79644
9.56858
5.15787
4.28339
2.48222
7.79819
5.12619
4.07702
4.47234
4.43849
5.07573
5.09601
3.50793
5.86007
6.66895
5.87654
4.4373
6.03919
5.18003
6.43298
5.17818
5.0585
5.08113
3.9968
3.66187
3.29887
5.04639
5.10623
7.51001
5.17454
10.8471
4.94014
8.15815
9.97664
8.31675
6.33367
11.5148
8.60255
8.72757
5.72505
6.08847
8.46658
11.0382
13.6536
12.612
5.94891
6.99555
7.50108
5.5589
5.47544
3.67675
2.77346
2.81446
2.57033
2.33941
2.39128
4.51824
2.25782
5.09996
2.62974
2.65474
3.11466
2.53448
2.86021
3.15542
2.26053
2.69235
4.03604
4.54374
2.26871
3.6324
2.93862
2.4025
4.2233
3.65331
2.90891
2.76955
3.07433
2.64009
2.75484
7.56394
2.24092
2.53847
2.28989
3.38066
2.80689
2.45633
2.22615
4.34885
2.59721
2.94892
2.85112
2.729
2.44024
3.2804
2.94657
2.67482
3.71132
3.63348
5.62111
5.42846
7.17315
5.35804
3.85678
5.27772
3.7411
2.78768
6.68347
5.77274
3.53077
5.64477
6.96684
3.61384
3.0102
5.83602
6.43717
4.80202
4.7278
6.45797
7.41587
5.71495
3.62671
4.13234
3.21122
3.28398
7.28034
5.72778
8.41253
7.78062
4.89206
5.15553
5.41027
1.4783
1.03353
0.943907
0.981962
0.920617
0.895301
1.47998
11.0066
11.4222
9.66019
7.98321
4.22074
13.2173
4.00955
3.79493
1.93331
1.28618
1.12042
1.10532
1.63846
1.01897
1.14102
1.03688
1.1752
1.45952
1.28895
3.69955
3.72861
3.55435
3.92992
2.9117
3.76934
4.15182
3.46936
3.93695
3.5688
3.40093
3.41763
3.80873
3.49824
3.72245
3.50292
4.22251
3.50103
3.89608
2.21214
3.43083
10.2701
2.57388
1.02392
0.864141
0.89882
1.20825
0.891411
0.919733
1.29411
2.39961
1.45843
1.38354
1.45713
0.854224
0.792574
0.888183
0.97432
0.847199
1.53757
1.71174
1.15275
0.92341
1.34536
1.24317
2.76864
2.69725
3.91908
3.51307
2.71552
12.8915
2.62793
2.39712
9.29347
16.4547
1.61737
1.5806
2.72458
5.99746
6.66293
11.1507
13.0786
1.20362
1.11399
0.997022
1.40064
1.07079
0.937459
1.06722
1.13587
1.36781
1.49146
0.946633
1.53115
4.10405
4.87482
5.85148
3.25211
3.9311
6.17403
4.0414
5.52596
3.01963
5.55085
3.04691
3.52518
4.474
6.46901
5.14189
4.65525
3.9227
3.87348
4.64637
3.95049
3.92406
5.50183
4.1373
4.88392
3.5026
4.51341
4.02272
5.06686
4.56319
4.67337
4.55677
3.76122
5.12743
2.79358
3.13305
3.37085
3.75413
4.20282
3.46547
4.68103
6.08834
4.70029
7.57447
3.51828
10.4722
8.40191
7.70148
9.00646
5.05494
8.28231
9.67479
6.43972
9.94464
10.0679
7.55879
5.52518
5.84077
6.24669
4.1049
4.0745
4.20847
4.06999
2.52799
2.50657
2.43499
2.33012
3.07001
3.03715
3.47216
2.94357
2.86469
5.56772
3.04377
2.66844
2.42107
3.02484
2.85096
5.94627
2.8848
2.15636
3.32834
2.69049
3.63365
2.87248
3.15165
4.57779
3.87493
2.61735
3.98646
3.28208
3.11773
2.95221
3.44683
2.77031
3.88299
3.22428
4.56604
2.26579
2.75119
2.78237
3.04109
3.52765
2.85018
2.95623
3.29241
3.9626
2.48338
2.2591
2.53016
3.81978
3.79306
2.3685
1.89239
3.13584
2.30517
2.7797
2.74503
3.19002
2.63799
2.52824
2.23793
2.88079
4.05152
2.94572
2.61968
2.54239
3.12361
2.89796
3.91588
5.66785
5.87033
8.22246
6.84223
6.7017
5.68611
8.86831
6.10014
6.5351
6.9198
6.48316
6.4403
6.236
5.68971
8.97239
5.22282
6.98162
6.61042
5.09445
8.36223
7.19345
11.8136
9.65679
2.94871
3.48418
2.62598
2.32381
1.48292
1.06849
1.3147
1.96741
1.37237
1.82017
1.68584
1.46943
1.22249
0.972678
1.42805
1.5778
10.351
1.84689
1.2724
1.22731
1.159
5.49289
14.4695
8.32078
11.6712
15.547
14.2275
1.29268
1.12109
1.04238
1.02727
1.39053
1.18354
1.22607
6.59779
9.75874
5.40029
10.1809
9.92273
9.24483
9.64843
7.90854
2.27564
1.24817
1.26473
0.969535
0.944067
1.29799
1.17326
0.976162
1.64062
1.01759
1.18294
1.23835
3.40595
0.835556
1.13947
3.44367
8.76371
5.90545
3.41588
4.13212
4.59937
2.9588
1.52937
1.73981
4.33601
6.81924
1.17481
1.0326
1.62401
1.32585
1.12493
5.32833
2.15639
3.35309
2.1789
2.19991
3.18021
2.95465
2.12038
1.9431
1.02742
1.11972
0.96209
1.06598
1.24105
1.42852
7.54585
5.19209
6.33047
6.52371
7.1338
7.16059
6.45621
2.68329
2.27156
1.03098
1.89344
1.20497
3.07788
2.83984
6.08599
5.95628
6.23464
4.30949
4.53148
4.32069
4.26663
2.72959
2.85345
2.05905
1.8903
2.21001
6.21718
3.76335
3.11455
3.42632
2.61337
2.93711
3.52243
2.56049
3.53239
3.59665
3.71809
2.9485
3.57551
4.45146
3.84508
3.18535
3.18837
3.88193
2.81652
2.86239
3.2373
3.94778
3.8047
3.04908
3.61203
3.31677
4.15385
3.96765
3.75927
6.05569
3.36781
3.85793
4.75475
4.14699
3.07291
3.98819
5.64977
2.89825
4.7137
3.59144
4.94363
4.37174
3.61246
4.86369
4.3874
3.15972
4.41494
4.38693
4.20068
3.67247
3.20353
3.65121
3.13325
2.96163
6.39499
2.66748
4.24978
10.8172
3.94161
5.03761
4.23381
5.73141
3.74379
5.49162
7.22316
4.49668
5.79878
4.19631
3.19276
7.35223
4.33484
7.49774
10.0565
5.40244
6.51856
10.5388
5.76936
7.85312
10.131
9.1016
9.28915
7.29925
6.99245
5.93561
5.21442
4.97963
4.03173
5.33163
4.69047
4.61978
3.53433
5.15272
5.79109
6.64885
5.52088
4.12772
5.30387
4.12323
4.04027
4.84605
3.56855
7.53429
4.6015
3.44515
5.82983
4.58892
6.43695
5.63907
4.50796
3.99655
5.39518
4.04969
5.29026
4.97299
4.23181
4.16461
3.83633
5.40971
3.37793
6.30321
6.5769
4.0513
4.81134
7.43292
3.83339
5.74286
5.70042
8.86505
6.91984
6.50241
7.75828
3.30644
4.61713
5.06526
5.32409
5.35996
8.24074
4.17517
11.3142
7.31983
11.6684
7.8098
2.73335
2.84223
2.76552
8.4612
10.2892
2.81969
1.64192
2.5686
1.60759
1.63359
1.86927
1.31369
2.49051
1.42247
1.4633
12.3718
11.335
11.4571
9.51925
6.51098
3.83812
2.02457
1.12646
1.41743
1.43955
1.58055
1.40416
1.05941
1.20706
4.12262
3.29574
5.09206
5.0733
4.34498
2.35701
3.45244
2.32598
4.98077
4.14096
3.97277
5.13448
4.35198
3.3865
4.98335
6.0582
2.82364
4.71168
3.66054
4.86818
7.52915
6.97397
4.09038
5.70376
2.19819
4.82462
6.55833
3.92635
5.25967
2.51465
6.44789
10.5961
7.59026
7.64484
4.11664
5.78112
5.97178
6.75612
6.76889
9.38193
7.43238
7.47855
5.29989
6.20601
6.89955
4.6775
3.18316
5.15903
4.34178
3.34669
2.29225
3.2354
2.97598
2.37902
2.55069
3.64698
2.59896
2.63372
3.14283
2.8922
3.37719
2.40635
2.94532
2.46422
3.1987
2.6184
3.7079
4.14335
2.16801
2.37664
3.15551
2.7689
3.53072
2.9898
4.91259
2.13749
2.6556
2.92753
3.17928
3.03163
2.54878
2.56247
3.21676
3.08228
3.57408
3.84926
4.09227
2.79877
3.50355
6.85424
4.89817
5.76662
4.87368
5.65861
2.11411
2.75039
7.13117
5.55133
7.77985
5.22246
8.14679
4.90107
5.8131
9.36037
7.19706
5.48528
5.01536
7.07274
10.7552
6.34391
3.44237
4.58417
4.50908
3.28126
9.4149
10.2498
10.5489
12.3116
14.9392
7.71005
11.0598
4.56023
9.44998
8.707
8.85777
4.86094
8.53962
6.22103
10.6486
8.07169
3.77518
10.1384
8.58691
6.60615
7.23374
7.15283
6.92505
7.40847
5.03904
7.1633
4.11305
8.2663
7.71211
7.58056
7.9808
3.11803
7.78156
4.49486
3.27875
6.0336
10.0359
10.287
11.3839
9.06468
3.96389
5.339
10.246
4.66594
9.76898
5.05931
5.21296
1.56931
1.46676
3.12981
8.72526
10.1475
10.596
11.5149
1.19039
8.90164
7.54281
3.61621
5.04051
5.76618
8.11474
9.04777
5.2749
6.82736
6.55039
9.7068
5.27937
5.32497
6.19462
11.8144
4.69338
6.23585
6.6257
5.79557
6.71169
10.2888
6.99807
6.45373
7.85105
5.50528
5.24317
8.24834
7.30156
8.06923
6.37478
9.83261
9.9887
10.829
11.1217
10.8515
11.4011
10.8172
11.6558
8.81826
8.79822
10.3921
12.2554
8.39689
10.3587
10.5647
11.3542
10.0119
11.2322
11.4806
6.795
7.13393
5.34172
11.4718
11.0899
4.16204
7.21604
10.3076
10.4229
9.05249
5.10048
5.11626
5.31246
5.45275
6.36031
5.3134
6.10023
3.25016
5.36188
5.06281
5.2787
5.95266
2.6329
3.84662
2.52263
5.58554
5.05614
3.58351
4.21503
2.97955
2.51402
3.1059
7.32956
8.2983
7.0992
6.24155
8.14699
5.67631
5.92396
6.10767
4.67669
3.12575
5.92793
7.17448
4.81477
4.90738
4.12127
5.13249
4.1257
4.61333
9.85612
4.73172
3.39461
9.34423
10.6956
3.69927
4.52893
2.18875
3.74372
5.07317
4.8797
5.08889
10.0745
6.41543
6.57226
10.5858
5.60068
5.31538
7.39705
6.12
5.01063
4.99803
5.29141
2.46419
6.52416
5.82576
9.72021
6.78678
7.08307
4.50557
6.36892
6.91991
6.08148
6.59887
6.0524
6.01878
7.05073
7.45852
9.60818
7.59207
4.61372
5.65202
4.74019
3.93503
3.93425
6.21689
2.80937
4.40695
2.43502
5.58531
10.7175
9.84945
11.8111
13.1206
12.167
9.17939
3.84499
4.77624
5.17784
5.88524
6.86895
9.73517
10.4414
5.42545
10.1054
4.47341
8.03877
9.54641
7.66823
5.62196
8.6245
5.24747
2.57626
1.86158
1.34984
1.71102
8.37046
7.65333
9.93619
1.87094
1.19939
3.00696
5.64493
4.14431
4.19649
6.5675
8.67048
4.42654
4.24496
6.28258
3.56553
3.2282
3.99224
5.45747
4.63675
9.94089
7.50214
5.26745
3.81992
10.4336
7.07509
3.16908
2.52953
2.47883
10.304
9.44369
5.80038
3.3837
3.63387
2.98379
5.71058
1.69047
5.96625
5.84536
5.46788
3.90954
6.14926
2.81525
6.16745
7.30423
6.88503
6.29944
5.02038
4.77417
4.63522
5.15771
5.82625
6.8713
6.75437
11.0542
10.348
5.78512
10.3164
11.6719
10.1596
9.09867
10.5836
12.3451
7.63432
5.74686
4.03042
5.52853
5.47622
5.79536
5.51149
5.56632
5.34631
5.16346
4.33507
5.3113
5.59734
7.73935
2.80051
3.51216
7.43075
5.79822
7.1084
3.22349
6.74736
6.06742
2.74003
7.15141
2.18667
5.56069
6.29756
7.45236
6.10116
5.00865
8.07779
7.88274
7.88096
6.6782
5.64527
5.72353
5.94504
10.6452
4.92877
10.4541
11.0302
9.72998
10.9036
13.4189
8.60213
5.31669
10.0119
9.85289
15.4361
11.8471
25.5456
7.87499
22.9595
24.3785
26.5585
24.6394
15.1299
20.3092
24.9886
23.3589
9.29403
15.2196
6.23746
5.20631
3.69183
4.38423
5.25901
4.96262
4.20908
6.5412
5.14332
5.81156
5.08449
9.9078
3.78999
10.2271
5.44886
3.99072
3.57411
7.89883
3.89398
5.31713
4.52029
5.15108
2.7162
6.62779
4.88291
5.33997
6.00403
5.38032
3.19859
3.11032
3.2194
2.90187
2.83447
2.24444
1.95289
5.14526
2.34844
4.52781
4.06676
2.77733
3.69047
2.73567
4.46551
2.41679
2.28281
2.55898
3.5295
2.21002
2.43111
2.64207
3.05969
2.8852
2.91237
4.92527
5.33841
5.16065
2.63732
4.26311
2.61893
2.3845
3.81619
2.59553
3.40371
2.78607
4.29565
4.17413
3.02001
2.55676
3.34686
2.83559
5.05724
3.50566
2.42332
2.24802
4.99488
3.20897
2.53367
3.24203
3.7748
2.7854
2.9043
3.80783
4.30673
2.99796
4.47006
5.35097
4.86179
3.7465
3.2697
3.72569
3.42316
2.85519
3.38789
2.70917
3.61856
3.90128
4.01109
1.54758
4.02003
4.08797
4.99158
3.58065
2.09818
2.91139
3.47742
3.95253
3.52858
4.03919
3.14502
4.37641
4.27106
2.2447
3.60575
3.37307
3.75921
4.3675
2.64562
2.89818
2.96521
3.59177
3.95066
5.87695
5.49678
3.9101
4.57908
4.6035
4.62222
3.08409
3.87327
4.40917
4.85568
5.27014
4.59029
5.45166
4.97507
7.27457
5.01258
4.73293
6.46416
6.62701
6.20063
5.46033
6.23605
6.73815
5.61229
6.32151
7.00056
5.29419
6.90818
8.33413
6.049
7.55954
5.97921
7.49168
5.82183
5.84152
5.25106
7.35836
5.87682
4.70149
7.0634
10.3232
8.44552
7.57805
8.18743
15.1499
12.1814
11.7491
9.16093
14.955
4.56672
13.6277
14.0753
14.4793
12.9168
12.5905
3.99712
4.06869
2.77393
1.76318
1.70831
2.53551
3.87758
3.6099
2.05025
1.99777
1.18442
1.55566
2.54017
2.93436
1.19544
1.43937
1.1617
2.07934
0.870755
1.47896
1.95303
3.10798
1.4569
1.56262
1.17068
1.18841
1.03546
0.889384
0.898971
1.10338
0.934715
1.83528
0.887768
1.23646
0.911539
1.14684
0.920871
1.34489
14.1764
9.50235
1.86077
11.2082
17.1169
18.8373
21.6633
22.9199
27.072
45.9328
24.4322
22.8606
26.9917
27.6928
22.3302
23.3404
24.108
24.4358
20.7627
24.143
25.0021
22.9056
43.8677
24.7468
25.8134
24.4988
22.6856
23.7471
33.3112
20.1338
18.4596
19.351
22.6227
21.7293
21.7694
21.876
17.2176
17.5612
18.5172
17.2846
11.7169
11.0531
10.001
6.57858
5.18884
5.49772
6.08807
5.75175
6.4348
6.08056
4.35752
7.06773
5.4774
6.65555
5.89513
5.60127
5.78132
5.18327
4.64195
7.38843
6.3735
5.22846
5.57529
4.89828
4.33836
6.75843
5.67566
5.52065
2.90221
7.00357
3.43862
3.82633
5.36666
5.83028
5.31968
4.86605
5.80269
4.88416
4.3967
6.66446
6.0336
4.79144
5.97161
7.49044
5.23004
6.2184
5.83622
7.4467
7.54402
7.85208
4.91548
6.02344
7.24533
5.64998
6.0654
5.69081
10.0383
7.19357
10.2423
5.89763
10.9656
9.89208
12.9945
10.8129
4.77433
11.5722
13.9393
3.92028
5.25901
5.64251
8.61331
7.7436
7.35764
5.01957
8.86387
6.50045
7.34111
6.20123
4.21268
4.25328
4.19584
4.18133
2.61149
3.16066
3.45403
2.68188
5.38209
4.78182
3.34567
4.5477
5.29837
4.12165
5.14326
5.60183
4.28525
7.55569
3.44846
2.61982
2.75385
8.02052
3.13571
3.83819
3.06269
3.3218
2.80632
3.15722
2.81698
3.72154
3.86615
3.67987
4.22562
4.2101
5.30946
5.71102
5.75839
5.02167
6.05905
4.75975
6.12521
5.61746
4.58664
6.16423
4.27309
5.87876
3.21696
5.05103
5.33346
5.72306
4.89817
6.528
3.00815
2.83565
4.70652
3.67143
7.15325
5.05203
5.02925
3.72097
5.08616
3.36678
8.71905
2.02532
1.66853
3.53983
3.17773
3.62816
4.71659
3.45576
8.31964
4.86308
5.95127
5.44901
5.08681
7.69807
6.01344
7.77675
5.16922
5.69485
4.25518
6.55911
6.03529
5.6988
7.79933
6.59448
4.59349
7.18762
6.72589
3.47663
3.70038
3.0997
3.23422
5.34384
3.08574
5.04873
5.68719
3.66862
8.70311
8.25699
5.24339
4.47683
7.31132
4.21472
6.06541
4.67009
5.30884
6.00234
5.65501
5.88665
5.51043
6.08612
3.96082
4.6252
3.02646
3.11439
2.28481
3.49918
2.64883
2.69497
2.63269
2.49959
2.14652
2.50104
2.92677
3.49388
3.14395
3.63389
3.50011
2.8456
3.24365
3.44454
2.9652
2.81309
2.63061
3.13017
9.35441
3.50443
3.58823
2.71367
4.20327
2.66225
2.92101
2.20968
3.76937
4.0138
4.04983
2.77647
2.98432
3.76208
3.36045
3.97599
4.01385
4.1493
5.58247
4.09936
3.04045
3.40249
3.10652
4.03164
3.64039
4.00812
3.72209
4.20059
3.38125
3.30359
4.53691
3.52797
3.48462
4.29342
3.85336
4.45797
4.10794
2.92429
4.4327
3.21621
2.18292
4.80436
2.32984
3.56511
4.49786
4.84654
4.64893
4.67337
4.26613
3.72641
4.97039
4.56424
4.37579
4.90631
4.79579
6.23758
3.29732
3.47167
3.45739
3.40657
4.64346
3.82249
6.1034
3.83121
4.59226
5.66477
7.56364
3.76952
5.56811
4.8423
5.62762
4.37132
7.37765
8.01078
8.37286
9.18392
9.46943
3.4067
8.05021
2.88804
6.67648
2.80676
3.27982
6.21037
3.2682
2.94986
1.77171
1.47351
1.66448
1.87823
2.24838
8.40196
7.26676
6.02646
6.45474
7.25329
7.53871
8.0886
7.13034
6.47129
4.08729
3.68631
4.39526
5.23285
5.11884
11.1693
3.01534
1.54852
1.49687
2.625
2.39879
4.08621
3.04524
3.10223
2.7684
2.09381
2.42298
1.77319
2.13773
2.66656
1.66708
1.53181
2.13054
1.73626
2.22447
7.49459
6.99783
6.217
6.53853
6.16568
5.7292
5.92848
8.06587
6.3887
5.58125
2.68678
1.43002
7.17694
5.87929
7.68206
5.86616
6.0402
6.08107
8.38589
6.70834
6.67244
7.41664
6.98426
7.00615
4.77279
6.79395
4.83318
8.87407
8.30882
7.23036
6.76411
7.37007
5.21332
6.14853
8.63067
6.92333
7.39934
5.83701
6.12285
8.12202
7.01374
5.37575
10.1357
7.12472
6.87257
7.79561
5.14755
5.43992
7.96187
6.17832
3.49576
2.26
4.77559
4.0193
9.01295
10.239
7.66313
10.2112
6.3532
8.45207
1.56015
3.95556
2.10954
2.41115
6.22062
5.87263
3.77134
3.50403
3.79693
4.48315
7.55743
6.09721
2.41264
5.29467
8.56463
4.09711
3.40334
4.22577
3.99616
4.33484
4.69429
3.42635
4.86242
5.09971
5.07981
4.94457
6.3109
10.2651
2.8119
2.4876
7.90111
8.11736
9.51842
4.2644
5.01554
13.3579
7.67189
12.8628
15.7643
13.0216
10.9445
10.4794
12.4737
7.26331
6.12031
9.3072
6.23608
6.84146
8.19292
5.21231
6.6332
8.33268
5.614
8.65341
5.66256
6.82154
6.38169
8.54829
7.17439
4.91364
8.67104
7.2622
6.51556
5.55075
5.53327
5.41884
5.63845
5.52462
5.25813
5.64412
5.45706
4.7104
3.3103
5.93342
6.76721
4.76445
5.96216
7.03454
6.8806
10.4227
6.84528
7.87618
8.6197
8.5175
8.58621
5.62433
6.07625
7.15109
7.06899
6.47518
7.20823
5.68813
4.34332
3.88988
5.4533
3.78467
4.64335
2.34103
4.46962
3.85413
6.29485
4.80324
4.91667
4.0488
6.86014
5.51669
6.08377
5.41911
7.00683
2.79233
3.58408
1.7852
4.47775
2.47724
6.61521
1.77188
1.23525
1.1706
1.30954
2.32911
3.73466
3.59439
1.98203
1.84641
3.13356
3.48665
4.78243
9.85543
4.37944
3.87201
3.8257
3.14402
7.13515
9.37366
3.91415
3.42267
4.3824
2.30732
2.24822
3.7349
2.04516
1.89973
1.65667
1.75905
1.58736
1.28861
1.07373
1.10838
2.96257
1.28307
1.56536
1.83097
1.59611
1.38596
1.21616
1.38291
1.71564
1.10068
1.1855
1.34174
1.09509
0.983154
1.10993
1.21566
0.984287
1.28229
1.40071
2.7127
3.00358
7.41333
7.24135
6.59121
9.24209
10.4
7.46988
8.12914
3.85725
6.79102
10.1597
7.58988
7.11537
9.28272
6.31033
6.51967
5.03881
6.34622
6.00225
7.2315
4.54972
4.08662
4.78275
6.10341
9.50145
9.55506
4.57365
2.98502
6.37267
3.55673
6.06089
9.02185
3.44221
2.83511
7.37213
6.00895
2.42584
2.70484
4.54409
5.28096
2.66141
2.68126
3.39086
1.92102
1.669
1.18199
4.2047
1.605
2.49066
2.77169
1.5222
1.34592
1.59143
2.90012
1.08968
3.33282
5.42359
7.01724
7.31061
2.98587
2.874
6.04711
3.32829
4.34058
6.22787
5.01044
5.06825
3.82747
4.36946
6.71436
4.50363
5.05828
4.18272
6.12481
4.7326
5.88717
5.41356
5.68103
6.39308
6.31331
5.32461
3.96289
4.2026
4.11707
5.96455
5.5296
2.35358
6.0699
6.20519
7.32481
4.16003
6.02144
5.38559
5.06647
5.71115
6.70177
6.19368
5.90826
6.25693
2.93692
6.23085
4.5202
3.42924
6.67303
6.64347
3.58069
6.19786
6.85447
6.52169
4.32006
4.61335
6.15281
5.73705
7.44018
7.27927
5.58784
5.96727
6.95942
6.8147
8.4414
8.25474
7.20798
4.61195
2.44866
7.93457
8.40332
7.814
8.25842
9.84733
8.72919
10.7245
10.0678
10.7199
11.4744
2.6459
7.98289
12.2931
8.55445
13.6326
12.4926
13.3834
14.2049
14.539
14.7026
8.76563
11.6096
18.7323
17.203
10.0473
17.3276
12.9889
11.9405
10.7632
10.3187
8.11987
4.83294
9.49469
9.08671
7.8804
10.3034
8.217
8.50498
6.07836
6.8041
7.1584
5.82268
7.8809
7.72567
8.81559
6.42915
8.78142
1.46649
1.68783
2.80349
7.57536
8.59895
7.12203
5.92803
6.84768
7.68173
4.27994
8.53936
6.99073
5.50673
7.28124
5.85822
7.25886
7.01914
6.82242
7.60609
8.76748
10.0015
8.65052
7.73353
8.70932
4.32629
4.40032
4.36812
2.15065
4.34887
4.4702
6.05524
4.87341
2.65456
4.41003
6.9279
4.72782
4.15126
4.12157
5.56559
4.91616
4.63361
9.07409
5.94135
8.02405
6.34061
9.37558
11.2201
11.27
8.84277
11.1458
11.9471
11.3665
10.3898
12.3798
11.4335
11.2132
10.9346
10.8608
11.5178
9.65526
9.89904
10.5606
11.674
11.8057
10.8963
11.3098
11.7737
11.2389
11.3547
11.2704
13.1147
12.7746
10.7695
9.26636
10.752
10.6028
9.14464
11.5462
9.03439
8.66071
9.46753
10.0995
8.33312
9.59612
8.89959
7.23286
8.15694
7.1801
6.91776
6.64635
6.31987
5.11379
4.41758
6.33841
5.52821
6.01466
5.03451
6.86917
4.65721
4.50495
5.54982
8.58534
9.11333
6.13158
6.40788
3.29243
4.55571
7.27631
6.32328
6.03575
5.45521
6.33852
6.35247
4.33558
5.34537
5.579
5.84763
7.22952
6.20076
5.98625
4.57634
3.36572
6.88759
4.12049
5.70424
5.47621
4.02606
5.88479
6.77571
4.93763
5.50563
4.99537
5.13027
6.23736
5.03729
7.66896
7.05939
7.10546
5.9715
6.87767
7.76787
7.08136
7.14388
6.8296
7.03683
6.61289
5.88975
6.25994
7.64402
7.72376
4.7792
7.485
7.39405
9.97639
6.08154
10.805
11.2372
5.88193
8.35853
4.05666
13.2861
10.3297
1.66844
1.09509
1.3818
1.44508
1.31542
0.874664
0.794587
3.14462
0.811888
1.00766
0.91318
1.23965
5.8721
7.81902
6.26974
5.51942
6.14063
5.51507
3.94508
5.73148
5.23878
2.92828
3.97671
5.24145
6.44024
5.50662
5.70424
5.40949
5.99422
4.2639
3.70336
4.25345
4.34714
8.56103
4.46813
5.5652
8.37465
5.13409
4.31385
7.55669
4.35752
4.38876
6.18482
7.7644
7.2804
5.60184
6.15174
5.55556
5.11224
4.59633
5.7773
4.42362
3.34983
3.89715
3.02073
4.59548
4.62884
2.86897
2.32234
2.52356
2.72898
2.54138
9.97593
1.77515
3.1782
3.02549
3.53496
4.27818
4.63257
2.96665
2.51539
7.05372
2.36016
2.89226
2.69036
2.55616
3.24329
3.40418
2.54696
3.41961
2.30607
2.78614
2.97109
2.6843
2.53193
2.94907
3.29148
2.70871
3.44806
2.76703
5.1111
2.41344
3.24542
3.50041
2.42289
4.0119
3.53839
2.79735
3.13264
2.91607
3.41694
3.89068
3.58148
2.69966
3.81893
2.88878
2.56014
3.36598
2.29513
4.25889
3.35638
4.15285
2.77897
4.12042
3.7185
4.39969
2.48113
3.76789
3.96426
2.57788
2.79425
4.4003
2.56982
4.38191
3.1622
3.9913
5.92133
2.95254
4.9635
3.76654
3.85298
4.85666
3.48855
3.66033
2.99012
2.7794
2.2056
3.6409
5.19215
4.01467
4.69317
9.48222
4.60567
4.35421
4.13686
5.35855
5.30296
4.28304
5.37481
4.79796
4.64077
4.17627
3.80488
5.18126
4.21121
4.63416
4.83127
5.1134
4.9202
4.8413
4.61831
9.2887
5.18211
4.64113
5.07452
5.35223
4.75262
4.71958
4.54982
4.30497
4.75723
4.70542
4.49465
3.82877
4.25776
5.27407
4.4617
4.99096
5.07978
4.55987
4.20245
4.14068
4.68471
10.6994
5.01226
4.19701
4.39277
4.42109
10.9941
4.09964
5.24476
4.44697
4.19527
5.06695
4.71338
4.56633
4.48112
4.06502
4.09827
4.46669
4.9539
4.94617
4.81113
4.35677
4.30937
4.06463
4.76094
4.03214
