0.0844787
0.188721
0.0655473
0.0332064
0.065485
0.188893
0.0633128
0.065779
0.0911421
0.162106
0.0761696
0.24939
0.0939234
0.20855
0.067898
0.197815
0.108821
0.122436
0.073392
0.156086
0.0781523
0.0695042
0.024984
0.195174
0.053406
0.0465949
0.0922744
0.121326
0.126696
0.0380986
0.0893187
0.185861
0.117034
0.106488
0.140175
0.069964
0.110811
0.180181
0.0107022
0.165366
0.0670004
0.0490366
0.131617
0.0751084
0.0915904
0.0240368
0.0962419
0.0882202
0.097312
0.114938
0.235235
0.0838218
0.109611
0.167176
0.115382
0.0542477
0.0867065
0.294346
0.233994
0.0159951
0.0544477
0.0600242
0.145032
0.0952091
0.0532603
0.138571
0.00234812
0.248631
0.0478715
0.0364721
0.0176518
0.0305928
0.0909015
0.117208
0.0462806
0.14472
0.029745
0.0846227
0.0945715
0.0429019
0.107275
0.221368
0.0877645
0.162578
0.106413
0.021436
0.0111682
0.184948
0.0813439
0.171053
0.00942874
0.110194
0.175969
0.0974
0.0593938
0.188483
0.0453624
0.0172454
0.081952
0.142976
0.124306
0.101265
0.226629
0.221685
0.0978368
0.032878
0.0402726
0.0362704
0.0145397
0.141846
0.0453096
0.119295
0.198149
0.253496
0.0446443
0.100933
0.120737
0.142502
0.0580616
0.0572097
0.107222
0.115534
0.0802464
0.125735
0.0883332
0.110356
0.0548968
0.107884
0.197055
0.149578
0.117244
0.17227
0.257778
0.0818258
0.0439732
0.0379326
0.146749
0.150221
0.140694
0.127093
0.13996
0.0620348
0.0369918
0.169567
0.119732
0.102665
0.0637964
0.103096
0.0621103
0.0979307
0.118446
0.186521
0.073942
0.133709
0.118639
0.145446
0.137712
0.231413
0.0942787
0.126614
0.192757
0.0598223
0.288723
0.0302744
0.180699
0.17058
0.0236941
0.222075
0.126797
0.0783434
0.064458
0.155141
0.0241894
0.169989
0.0220426
0.127989
0.143695
0.0481764
0.01602
0.18116
0.0566766
0.0687108
0.0306169
0.265197
0.258379
0.0617495
0.143212
0.166795
0.0855042
0.109141
0.249779
0.116173
0.137995
0.09765
0.0629478
0.0864334
0.154949
0.157035
0.189306
0.0540668
0.0931617
0.187803
0.191577
0.080051
0.165985
0.124372
0.078544
0.118772
0.126421
0.15497
0.18173
0.129586
0.179986
0.0719512
0.254138
0.174173
0.166096
0.0612454
0.133112
0.0979265
0.0591494
0.125633
0.0322583
0.0499382
0.23652
0.106281
0.0512046
0.669833
0.0359243
0.0232232
0.0868837
0.191369
0.224059
0.13086
0.0335362
0.120781
0.0832799
0.0965177
0.175446
0.104595
0.0366509
0.0847081
0.201283
0.158792
0.196491
0.0325628
0.0652865
0.183824
0.149664
0.0554732
0.187769
0.179272
0.00950852
0.0896604
0.0926517
0.0110404
0.130027
0.126962
0.161078
0.270791
0.12824
0.0990928
0.23913
0.147215
0.132089
0.0725889
0.100722
0.100301
0.154019
0.154801
0.227125
0.0627583
0.23384
0.0470681
0.08674
0.176801
0.149316
0.0885025
0.161126
0.0718615
0.100447
0.0999408
0.0690061
0.102464
0.0932793
0.0633276
0.108357
0.0763869
0.196553
0.193578
0.189732
0.055968
0.0554399
0.106462
0.0130156
0.0230783
0.0824268
0.0511277
0.113215
0.222005
0.0630443
0.0625353
0.0396807
0.209714
0.106461
0.0649185
0.263401
0.0401459
0.0709251
0.118048
0.0364694
0.0424315
0.0312887
0.00755831
0.186955
0.125086
0.0767996
0.0891532
0.0892675
0.219522
0.114124
0.0675201
0.0694857
0.0833565
0.0203056
0.119293
0.17821
0.0767324
0.0430375
0.171842
0.154931
0.0799749
0.0693802
0.119761
0.0720527
0.0673285
0.0945897
0.163294
0.194257
0.258036
0.082061
0.143944
0.0231039
0.0501905
0.047168
0.16944
0.089989
0.0857049
0.133725
0.0488251
0.168898
0.2132
0.19863
0.216627
0.1696
0.0223314
0.165879
0.0483087
0.146963
0.0606313
0.0107527
0.037987
0.0885589
0.217207
0.19444
0.102054
0.0848133
0.083825
0.102749
0.0990369
0.106948
0.115701
0.0669791
0.206358
0.202885
0.265416
0.0414046
0.0502531
0.14717
0.273772
0.438723
0.135444
0.0121458
0.0527113
0.1285
0.124869
0.097765
0.055704
0.168918
0.0762115
0.0658638
0.0917096
0.121483
0.135317
0.0750422
0.103768
0.160848
0.189188
0.0591692
0.177806
0.0645999
0.146036
0.1384
0.131939
0.14651
0.0949853
0.130348
0.178246
0.126088
0.221917
0.0949773
0.0607379
0.194026
0.101062
0.0837633
0.121671
0.282203
0.0406673
0.153862
0.0608103
0.0993044
0.0884806
0.1161
0.249896
0.168479
0.136359
0.15647
0.182401
0.0342449
0.125191
0.199377
0.127548
0.171745
0.130128
0.193788
0.0392025
0.128838
0.15323
0.162931
0.204783
0.0909275
0.0665407
0.107164
0.11196
0.194056
0.122813
0.226198
0.090229
0.06486
0.198254
0.134964
0.12974
0.0854894
0.0246321
0.335929
0.148881
0.109241
0.151675
0.082764
0.0539509
0.177284
0.0576652
0.0699821
0.215009
0.0908519
0.0719581
0.207547
0.0628007
0.0782081
0.101548
0.0572062
0.0601573
0.134316
0.131494
0.125132
0.148158
0.209287
0.146736
0.163192
0.147292
0.157731
0.116896
0.0997406
0.0643031
0.139322
0.0577486
0.0854204
0.201867
0.118901
0.245076
0.092141
0.0868341
0.0984657
0.158466
0.148485
0.177082
0.306201
0.128508
0.176334
0.134514
0.134758
0.160523
0.0764936
0.164122
0.0485538
0.137579
0.0631041
0.108071
0.0339719
0.0439257
0.140151
0.0623694
0.156686
0.138742
0.12327
0.184472
0.0468494
0.223518
0.264472
0.112409
0.0251248
0.0601469
0.0580496
0.0454554
0.0751108
0.102163
0.175778
0.222464
0.158213
0.148467
0.202955
0.0234069
0.0476509
0.184346
0.10689
0.227825
0.194446
0.0412317
0.118627
0.214055
0.157833
0.23942
0.166717
0.230823
0.0613453
0.156165
0.198911
0.0573147
0.0942195
0.145527
0.0643525
0.0523473
0.110926
0.098654
0.294248
0.186471
0.0666153
0.137724
0.0928813
0.0714365
0.0694861
0.204399
0.0511798
0.0604113
0.114893
0.156194
0.246984
0.12184
0.124762
0.063798
0.0674346
0.218392
0.101626
0.0792359
0.24053
0.168657
0.155034
0.136074
0.0902673
0.125437
0.230519
0.0961162
0.177688
0.047776
0.10346
0.194503
0.207378
0.151434
0.0402734
0.0496938
0.0687764
0.0891105
0.147547
0.277081
0.103728
0.211901
0.15976
0.191551
0.0932174
0.196485
0.0495929
0.0239084
0.0998992
0.010028
0.0991944
0.171232
0.158287
0.10338
0.107748
0.129595
0.125847
0.037
0.205905
0.0208641
0.184079
0.135831
0.148326
0.119176
0.1523
0.161072
0.130434
0.0125391
0.112679
0.169617
0.0973069
0.274003
0.125907
0.0760812
0.133641
0.214487
0.210838
0.120823
0.138856
0.145136
0.0991228
0.105422
0.152618
0.190377
0.0847904
0.202094
0.0754229
0.209503
0.20046
0.215761
0.157365
0.0728053
0.0818893
0.253689
0.22748
0.179725
0.0785334
0.0892163
0.0988668
0.0974469
0.257204
0.0601173
0.303595
0.182891
0.123358
0.115236
0.231693
0.196796
0.195576
0.219247
0.101523
0.0696716
0.109326
0.0639514
0.0717797
0.205354
0.0243421
0.0924025
0.142737
0.125581
0.132812
0.0754645
0.0687716
0.0289886
0.109137
0.152004
0.13545
0.097074
0.131453
0.186477
0.245165
0.117767
0.0666087
0.120445
0.195234
0.185125
0.118353
0.0988788
0.198973
0.0959297
0.148446
0.134018
0.101736
0.0544999
0.0624791
0.10948
0.0864244
0.131602
0.0830404
0.081018
0.270761
0.18782
0.0985826
0.086794
0.187168
0.136453
0.140377
0.109021
0.111702
0.0983894
0.142066
0.0691108
0.169372
0.10596
0.112503
0.114369
0.119796
0.147267
0.0855281
0.139672
0.110691
0.177137
0.0507793
0.0900479
0.0938096
0.0761499
0.151363
0.135122
0.17813
0.0515957
0.0206359
0.0954356
0.106442
0.0117725
0.130884
0.0616637
0.109893
0.0277196
0.275846
0.0835364
0.167988
0.0788747
0.216783
0.252406
0.101144
0.0683367
0.194542
0.0323026
0.20691
0.123412
0.10689
0.0574516
0.0934377
0.137827
0.0951583
0.131554
0.0377499
0.0685326
0.227532
0.121568
0.125137
0.170502
0.0687764
0.217333
0.0723301
0.107767
0.184671
0.17594
0.147561
0.0735517
0.0947052
0.0647317
0.195224
0.0697341
0.0298286
0.0672645
0.052627
0.111919
0.264668
0.0974189
0.157482
0.171289
0.102193
0.174868
0.0620342
0.0661281
0.177334
0.0284439
0.143456
0.107759
0.0407443
0.216982
0.0871495
0.0930127
0.105867
0.164259
0.182599
0.0556415
0.155998
0.0869136
0.121443
0.157459
0.145964
0.0555531
0.0707749
0.0621271
0.185606
0.115887
0.0088824
0.11221
0.0291658
0.115139
0.166511
0.197647
0.22317
0.123885
0.0793587
0.182169
0.195217
0.0729597
0.259109
0.107982
0.126573
0.144385
0.22338
0.209195
0.0969408
0.220002
0.0275844
0.219343
0.0977673
0.116
0.0853618
0.187536
0.156472
0.081713
0.135128
0.0916438
0.247468
0.0593442
0.100277
0.180231
0.0494466
0.226684
0.0163505
0.146404
0.0455179
0.153523
0.122783
0.0975033
0.127492
0.193494
0.241449
0.174415
0.101586
0.0326713
0.0419089
0.115105
0.075466
0.119427
0.20251
0.0755506
0.0839822
0.103656
0.204717
0.0240422
0.127708
0.138281
0.0553548
0.0533108
0.196465
0.0467095
0.286328
0.0972065
0.0631655
0.138637
0.0352845
0.159796
0.175724
0.0385531
0.0830935
0.0982725
0.159064
0.0353855
0.0345249
0.167431
0.148996
0.0639518
0.167351
0.0854093
0.0402988
0.0612207
0.109292
0.115391
0.0211822
0.157052
0.0848673
0.136536
0.186241
0.197
0.0379964
0.0410802
0.0360521
0.178249
0.201105
0.128331
0.0290781
0.0748314
0.0544189
0.123864
0.22987
0.0648476
0.197551
0.104301
0.12443
0.130033
0.149578
0.197522
0.243118
0.0259237
0.217196
0.167506
0.118305
0.0863471
0.059981
0.0875114
0.140091
0.111203
0.118154
0.0949172
0.125833
0.0526652
0.0811622
0.0286438
0.144091
0.19716
0.113062
0.108164
0.13412
0.10514
0.11892
0.102024
0.191101
0.205843
0.26893
0.148014
0.0930653
0.060919
0.108231
0.206536
0.155319
0.234508
0.132407
0.05376
0.00991719
0.0801369
0.128092
0.0232902
0.0514079
0.23492
0.0386241
0.0522872
0.166972
0.0742199
0.158497
0.054728
0.0749725
0.13718
0.126792
0.0753756
0.163912
0.104254
0.144727
0.122435
0.0723612
0.100348
0.023059
0.243667
0.0595145
0.20602
0.226545
0.00260109
0.0995531
0.16029
0.200295
0.220774
0.135657
0.106235
0.215193
0.0844358
0.126
0.103185
0.168319
0.0460896
0.0465318
0.0632901
0.0797571
0.216539
0.28082
0.0562031
0.159525
0.1879
0.0568199
0.17548
0.101407
0.12563
0.217033
0.0317639
0.111885
0.138879
0.0518699
0.0254643
0.314232
0.110522
0.0560401
0.121638
0.0726525
0.152836
0.142687
0.0933019
0.0970905
0.0953884
0.0325455
0.188352
0.122431
0.245223
0.0314448
0.0747977
0.255014
0.214897
0.126151
0.101065
0.187962
0.0861554
0.196254
0.287256
0.239395
0.11852
0.138552
0.0794997
0.0440376
0.122572
0.158969
0.139814
0.0815515
0.160035
0.180382
0.208093
0.188283
0.0796647
0.175577
0.100199
0.0523025
0.167584
0.201387
0.192544
0.22595
0.0454408
0.0977047
0.074068
0.0890406
0.197143
0.217047
0.18739
0.142181
0.0867455
0.12612
0.0907857
0.193164
0.13522
0.132175
0.124233
0.0815592
0.134002
0.276728
0.122477
0.229692
0.228825
0.0634325
0.200482
0.107813
0.0488863
0.172978
0.238443
0.0937935
0.101193
0.152483
0.115718
0.037945
0.0748452
0.0901573
0.0629576
0.123753
0.128224
0.131151
0.160075
0.0395731
0.200998
0.105015
0.0174925
0.1311
0.113451
0.00804152
0.207107
0.206057
0.0923025
0.0709529
0.0898597
0.100416
0.200238
0.0944556
0.0926117
0.106784
0.167277
0.123966
0.106104
0.113359
0.24602
0.121056
0.0464253
0.181175
0.145802
0.149552
0.135557
0.0750832
0.193893
0.0991525
0.0723361
0.115441
0.148429
0.0755001
0.30744
0.262583
0.196293
0.0167751
0.139773
0.269496
0.172281
0.08787
0.162283
0.0998022
0.215793
0.12828
0.154215
0.147523
0.113107
0.226766
0.176518
0.104204
0.164674
0.248992
0.0878839
0.220508
0.157397
0.170185
0.0675271
0.11618
0.188549
0.182545
0.080002
0.0328412
0.138543
0.143432
0.0327556
0.220906
0.32253
0.106428
0.175381
0.127247
0.0887315
0.224614
0.186392
0.242389
0.21289
0.180068
0.18617
0.121213
0.37418
0.0314973
0.0541554
0.106928
0.238788
0.0911617
0.187354
0.114041
0.131512
0.0624713
0.19958
0.229933
0.159368
0.141161
0.0891364
0.0625732
0.129875
0.104378
0.284651
0.181479
0.201527
0.110979
0.0643732
0.0560758
0.0620133
0.02677
0.0115735
0.193752
0.134015
0.143214
0.156567
0.148455
0.0598321
0.019929
0.110257
0.250037
0.133094
0.110057
0.244252
0.0660354
0.213237
0.0496236
0.0982594
0.0351687
0.0943545
0.0862365
0.0910982
0.127342
0.0377127
0.091355
0.0739078
0.182606
0.147222
0.0330684
0.0738518
0.188909
0.15537
0.0839732
0.150716
0.189272
0.150777
0.109288
0.0521534
0.0578965
0.0434692
0.0643618
0.0606099
0.0576272
0.0141595
0.0416599
0.0171683
0.0147301
0.0676114
0.114823
0.123542
0.0771475
0.0694497
0.0710134
0.0988037
0.138961
0.197547
0.0288471
0.0472886
0.180448
0.00621379
0.120169
0.172834
0.0650609
0.0480365
0.12291
0.050597
0.0643341
0.0808288
0.0399353
0.159019
0.18614
0.0532705
0.247293
0.117198
0.057694
0.0148453
0.0215797
0.166148
0.0352673
0.0846701
0.0367307
0.158913
0.163581
0.104664
0.170286
0.221113
0.0658505
0.180546
0.193769
0.321513
0.0774918
0.133331
0.13286
0.0787909
0.0291094
0.127338
0.020236
0.0485326
0.0957834
0.152631
0.111234
0.223332
0.141412
0.101476
0.100368
0.101564
0.15584
0.0480712
0.15884
0.122425
0.0971387
0.106107
0.0781783
0.0563785
0.0251776
0.155974
0.0951225
0.211153
0.122076
0.163078
0.118098
0.136245
0.0901487
0.201022
0.129006
0.11481
0.0486961
0.0875973
0.0567424
0.0992118
0.0756132
0.182944
0.0722
0.0569043
0.0307261
0.117177
0.116697
0.127087
0.03268
0.128912
0.333492
0.165053
0.181495
0.0214297
0.170297
0.168079
0.0563769
0.144248
0.128254
0.14548
0.0725712
0.15483
0.123479
0.141926
0.091495
0.149745
0.0974324
0.00869746
0.138324
0.0496542
0.116235
0.0657901
0.0544016
0.163978
0.142256
0.167102
0.0509517
0.240762
0.130483
0.0741786
0.0669811
0.170692
0.222767
0.0619381
0.0796114
0.130578
0.113027
0.0286904
0.220064
0.179658
0.165891
0.0122634
0.203741
0.0972257
0.08154
0.125129
0.145607
0.241502
0.153576
0.208661
0.087511
0.0950217
0.139128
0.114051
0.171748
0.11225
0.10655
0.366793
0.0845564
0.149852
0.136466
0.147581
0.081208
0.10317
0.0932217
0.17279
0.106498
0.190486
0.0652116
0.289717
0.0809148
0.152556
0.13272
0.0717088
0.0843812
0.0476949
0.128985
0.152205
0.0822104
0.0763697
0.130361
0.273219
0.162257
0.0278427
0.0661971
0.161836
0.207712
0.275777
0.164208
0.193048
0.0452942
0.0940714
0.193239
0.298921
0.0844518
0.106233
0.26211
0.0159826
0.198743
0.119356
0.0677301
0.0573046
0.0770053
0.151708
0.104589
0.14436
0.179174
0.0913451
0.190221
0.139186
0.18478
0.127351
0.108303
0.0771842
0.190081
0.0990774
0.209062
0.189629
0.18923
0.133599
0.150539
0.144213
0.214673
0.156954
0.0679988
0.168938
0.238465
0.214923
0.0883584
0.172116
0.194788
0.125638
0.163718
0.0593309
0.288425
0.270939
0.0777773
0.124823
0.0721434
0.206712
0.0949181
0.155476
0.216372
0.101717
0.124792
0.0881207
0.149222
0.21551
0.0612946
0.0889511
0.0377898
0.20045
0.0302054
0.106892
0.222405
0.0892707
0.122579
0.105986
0.12053
0.0633475
0.075859
0.115127
0.135798
0.0752835
0.084816
0.167635
0.163002
0.0836403
0.219632
0.0844961
0.0239449
0.211255
0.143259
0.111222
0.170921
0.140985
0.0445548
0.164151
0.0981256
0.132447
0.197357
0.143837
0.172797
0.152764
0.0824946
0.163862
0.205315
0.17494
0.152498
0.187065
0.241291
0.223018
0.0794054
0.0611196
0.136285
0.0609031
0.178337
0.129861
0.170741
0.113645
0.231828
0.164656
0.226369
0.0838924
0.257651
0.171364
0.212454
0.0439275
0.158911
0.130784
0.055247
0.189675
0.123137
0.0710986
0.154513
0.129978
0.056712
0.130318
0.139484
0.188682
0.0670866
0.0778833
0.139563
0.221284
0.179774
0.17274
0.145057
0.183836
0.0674171
0.147687
0.0491411
0.181724
0.180845
0.17956
0.288475
0.114829
0.201668
0.174659
0.127302
0.0500712
0.210573
0.11527
0.142602
0.186561
0.088964
0.14576
0.193389
0.0987262
0.0533354
0.100519
0.0930269
0.145423
0.147716
0.137326
0.195075
0.135124
0.142799
0.179005
0.18347
0.120636
0.0968413
0.0635043
0.145064
0.164906
0.0889227
0.12168
0.0681401
0.122155
0.0936878
0.118617
0.0611767
0.0331884
0.139806
0.10492
0.107473
0.0457925
0.0896845
0.135312
0.13161
0.113118
0.192418
0.252678
0.123784
0.0161355
0.132866
0.0872047
0.0632156
0.0280738
0.10396
0.157569
0.275784
0.233959
0.255211
0.0528614
0.141097
0.206027
0.0589183
0.0874593
0.189653
0.175788
0.0668281
0.168672
0.207294
0.194153
0.0972609
0.147801
0.208444
0.123657
0.0384653
0.141391
0.125325
0.0752583
0.130227
0.0858259
0.119789
0.088235
0.101321
0.127141
0.140148
0.0353261
0.101224
0.0928628
0.0484644
0.0772311
0.167425
0.104848
0.0596988
0.15996
0.0173736
0.122025
0.111342
0.0419004
0.170429
0.164803
0.0810808
0.0688648
0.116111
0.0667937
0.0816511
0.079131
0.158151
0.0888717
0.178568
0.0716562
0.13624
0.105616
0.155679
0.162895
0.0410651
0.0781761
0.0300465
0.0128805
0.167246
0.361764
0.0574685
0.123346
0.272561
0.2308
0.133559
0.0572193
0.116986
0.129285
0.167081
0.178198
0.0633788
0.156971
0.133324
0.112718
0.221032
0.158484
0.149292
0.0824792
0.114554
0.0511142
0.129619
0.0316849
0.0571292
0.113956
0.0639062
0.10311
0.195892
0.216258
0.171469
0.0879409
0.0485001
0.066926
0.109132
0.249191
0.130085
0.197651
0.0794211
0.0874311
0.0726788
0.14985
0.118079
0.253236
0.0615483
0.0133927
0.134115
0.151886
0.0199075
0.0978817
0.073128
0.116153
0.0416308
0.0705335
0.116243
0.029559
0.0950127
0.098442
0.0606271
0.0291593
0.112665
0.0515859
0.053083
0.174457
0.0522184
0.0622317
0.16533
0.176976
0.0848844
0.0500114
0.122904
0.086625
0.0767691
0.13075
0.0814509
0.0405527
0.275044
0.149178
0.198671
0.146712
0.0379091
0.199703
0.10434
0.223477
0.186941
0.119536
0.158525
0.0524435
0.250212
0.268897
0.174302
0.261063
0.165078
0.365875
0.182095
0.210149
0.0179045
0.0562617
0.0459511
0.13047
0.0931892
0.0847859
0.113666
0.127267
0.0319157
0.0296034
0.224136
0.193833
0.123185
0.218289
0.222669
0.0980606
0.203408
0.206201
0.122203
0.0572772
0.0493139
0.0665939
0.108571
0.0599543
0.0553623
0.101526
0.0654682
0.18434
0.173694
0.160297
0.0541847
0.063032
0.0791872
0.0337861
0.245331
0.127188
0.246415
0.132676
0.144736
0.0564151
0.133531
0.0987795
0.121782
0.0528338
0.0267865
0.24155
0.184938
0.0979827
0.0234279
0.187569
0.19552
0.107271
0.139575
0.287876
0.0732073
0.0246372
0.0833109
0.135473
0.0876851
0.0818994
0.0617652
0.117609
0.227195
0.100282
0.0784551
0.081739
0.0676061
0.142725
0.123199
0.064312
0.112271
0.216831
0.115337
0.176089
0.0355088
0.125019
0.165674
0.0947204
0.118728
0.20892
0.0579414
0.0519547
0.0868185
0.164023
0.0216641
0.096807
0.194468
0.24651
0.193875
0.155726
0.190643
0.141548
0.201076
0.12668
0.197204
0.0568024
0.0654273
0.127831
0.129032
0.0909328
0.188857
0.13332
0.0429008
0.128852
0.110869
0.0703656
0.148697
0.205651
0.0178596
0.0185566
0.137803
0.183467
0.0174324
0.172448
0.0644712
0.233526
0.0601439
0.122888
0.0722308
0.120668
0.176627
0.00738926
0.0389966
0.154713
0.069347
0.107344
0.0754388
0.06899
0.14761
0.0247988
0.0721429
0.0795064
0.0910526
0.0912168
0.0804659
0.0494837
0.11217
0.163745
0.130079
0.0417137
0.11557
0.185405
0.135941
0.110843
0.0340767
0.183594
0.151365
0.0954302
0.232427
0.0638682
0.102233
0.153706
0.17938
0.0796612
0.125129
0.106958
0.143923
0.0954755
0.0544683
0.167228
0.157893
0.18284
0.114453
0.181601
0.171464
0.153077
0.0201643
0.0828805
0.153098
0.105685
0.0854395
0.167035
0.20094
0.159852
0.0415986
0.21732
0.0974176
0.0739314
0.112495
0.111179
0.0687723
0.160681
0.127059
0.0775131
0.126772
0.153462
0.252718
0.0824832
0.0720466
0.0824161
0.13446
0.289521
0.0544146
