0.0843828
0.188664
0.064529
0.0319412
0.0649929
0.18826
0.0603493
0.0650132
0.0896728
0.161629
0.0750176
0.24857
0.0930852
0.207854
0.0662391
0.197776
0.108258
0.122435
0.0714005
0.155505
0.0696223
0.0666365
0.0244549
0.195152
0.0508236
0.0465899
0.0922525
0.117794
0.126691
0.035415
0.0883951
0.185179
0.116741
0.105428
0.140027
0.0699207
0.110245
0.180171
0.00688872
0.163165
0.0669891
0.0488868
0.131054
0.07247
0.0914437
0.0239918
0.0962419
0.0868988
0.0972942
0.114913
0.234857
0.0827834
0.109551
0.166972
0.113327
0.0532603
0.0850134
0.29371
0.232904
0.0159859
0.0541536
0.0598649
0.144491
0.0942892
0.0503111
0.135103
0.00231455
0.248262
0.0452511
0.0293287
0.0174378
0.0262009
0.0815435
0.115814
0.038588
0.144231
0.0191735
0.0845042
0.093419
0.0388495
0.107102
0.220701
0.0876448
0.151894
0.065408
0.0213529
0.0102198
0.168731
0.0795735
0.0820133
0.00904993
0.107873
0.165664
0.0968868
0.0502769
0.187714
0.0175585
0.0165353
0.056246
0.140985
0.115835
0.101216
0.226553
0.22136
0.0935716
0.0296235
0.0397529
0.0355575
0.0141691
0.141781
0.0450663
0.119275
0.198131
0.252485
0.0417862
0.0779
0.0961504
0.140182
0.0579626
0.0538217
0.104457
0.115534
0.0796943
0.12554
0.074118
0.108366
0.0259653
0.106671
0.195873
0.146842
0.115882
0.172248
0.257756
0.0799692
0.0435081
0.037911
0.146704
0.14567
0.134922
0.126998
0.137969
0.0548388
0.0279695
0.153662
0.112366
0.101941
0.0635368
0.0635094
0.0430038
0.0502332
0.118207
0.183096
0.0727853
0.13087
0.105437
0.0719505
0.109003
0.194299
0.0429114
0.120034
0.17754
0.0576297
0.287923
0.0295459
0.178824
0.138708
0.0236923
0.222044
0.124778
0.0776245
0.0632575
0.155054
0.0216285
0.169594
0.0217001
0.127947
0.143622
0.0474069
0.0150678
0.180392
0.0564447
0.0686399
0.0294677
0.265189
0.258356
0.061529
0.128889
0.163499
0.0799896
0.104836
0.249332
0.104744
0.0540442
0.0944399
0.0617114
0.086413
0.152771
0.15599
0.178308
0.0522789
0.0776762
0.187782
0.141103
0.0380953
0.146047
0.0967347
0.0784814
0.114358
0.105975
0.152436
0.142121
0.119914
0.172449
0.06761
0.246915
0.173392
0.160381
0.0606892
0.129587
0.0978899
0.0591298
0.124305
0.0308666
0.0488168
0.174144
0.104274
0.0384011
0.347366
0.0355525
0.0231925
0.0414866
0.0864358
0.146368
0.129741
0.0284033
0.11983
0.0831224
0.0959669
0.175231
0.104462
0.0352265
0.0761814
0.200309
0.158768
0.196348
0.0310493
0.0566475
0.182603
0.148844
0.0553306
0.186425
0.178695
0.00854384
0.0896552
0.0903544
0.0104963
0.128426
0.0839786
0.140071
0.260797
0.125011
0.0871952
0.14833
0.121159
0.101748
0.0215878
0.0850774
0.094671
0.136628
0.151694
0.2263
0.0494484
0.208085
0.0408112
0.0849858
0.172552
0.0985804
0.0884642
0.161034
0.0682805
0.0998694
0.0990701
0.0509064
0.102198
0.0844245
0.0495869
0.083675
0.0753661
0.19554
0.19279
0.189095
0.054875
0.0554393
0.106129
0.0130132
0.0220154
0.0766888
0.0431623
0.101559
0.197336
0.0553778
0.0393951
0.0395481
0.199311
0.0982378
0.056324
0.150529
0.0399284
0.060758
0.0780538
0.0322722
0.0394109
0.0312841
0.00755709
0.184223
0.117454
0.0625156
0.0885484
0.0892524
0.218712
0.113807
0.0633335
0.0461964
0.0825975
0.017153
0.112784
0.112783
0.0621166
0.0148262
0.169831
0.152401
0.0780895
0.0640967
0.1188
0.0711469
0.0673277
0.0944695
0.152507
0.171445
0.164713
0.0721506
0.123613
0.0222208
0.0254709
0.0405223
0.115109
0.0385635
0.0795451
0.132057
0.0487648
0.164518
0.177449
0.196605
0.0782557
0.0514235
0.0194965
0.164371
0.0470407
0.14638
0.0605812
0.00881303
0.0379436
0.085164
0.216795
0.169206
0.0526004
0.0558408
0.0558294
0.102084
0.0591031
0.0994725
0.10381
0.0621971
0.194699
0.202556
0.24481
0.0412768
0.040587
0.125601
0.139485
0.255691
0.134341
0.008334
0.0458396
0.126658
0.124774
0.0975149
0.0484532
0.168513
0.0732526
0.0647247
0.0854629
0.0809671
0.114776
0.0457144
0.103468
0.109638
0.182145
0.0327042
0.166488
0.0466429
0.145999
0.0944519
0.107209
0.126807
0.0725514
0.112314
0.0864518
0.0854281
0.220433
0.0927194
0.0442148
0.164642
0.079233
0.0808809
0.0905913
0.261091
0.0404117
0.153049
0.0478205
0.0899507
0.0847255
0.115554
0.244096
0.159361
0.133446
0.140525
0.168992
0.0280802
0.101432
0.199199
0.0239876
0.130652
0.11078
0.188477
0.0371736
0.128568
0.147434
0.151695
0.184566
0.0892003
0.0660898
0.0616396
0.0846968
0.192009
0.121995
0.165968
0.0505797
0.0262791
0.191842
0.104985
0.0689147
0.0818447
0.0244388
0.276303
0.145891
0.0642662
0.136021
0.061751
0.0485002
0.170334
0.0555591
0.0660033
0.21482
0.0553281
0.0576286
0.0530787
0.0540756
0.0505102
0.0330037
0.0564449
0.055458
0.0659954
0.0167828
0.118103
0.100753
0.201168
0.140071
0.0875955
0.146419
0.147932
0.0755326
0.0882912
0.0604791
0.1251
0.0515192
0.0841107
0.184964
0.112268
0.245042
0.0921095
0.08049
0.0911561
0.139936
0.148361
0.17382
0.277695
0.0835776
0.175863
0.120874
0.0615125
0.0496934
0.0738642
0.155991
0.0476387
0.137506
0.0580585
0.107941
0.0301391
0.0439006
0.137478
0.062159
0.1539
0.105322
0.0401224
0.151655
0.0443504
0.203724
0.264009
0.0981059
0.0238275
0.0549738
0.057109
0.0420824
0.0751064
0.0913677
0.170003
0.18009
0.144246
0.142017
0.201985
0.0233866
0.0405559
0.18175
0.101005
0.223082
0.151691
0.0408823
0.112685
0.212204
0.153954
0.235552
0.13851
0.229332
0.0602976
0.139537
0.182697
0.0449903
0.0646888
0.114523
0.062512
0.0280212
0.0823316
0.0925012
0.252583
0.17972
0.0620116
0.129302
0.0449497
0.0714143
0.0490705
0.204359
0.0503228
0.0603846
0.0944426
0.112117
0.240117
0.113544
0.11443
0.0628111
0.0613048
0.214134
0.0992215
0.0760298
0.22403
0.16654
0.0130098
0.12372
0.0768535
0.105301
0.211659
0.0860742
0.175588
0.0466362
0.0795895
0.194255
0.191271
0.0427858
0.0400521
0.0342302
0.032864
0.0886409
0.147364
0.218065
0.0917088
0.203446
0.0757663
0.133413
0.091079
0.186621
0.0244208
0.0230131
0.0348917
0.00904485
0.0727005
0.164927
0.134823
0.0847955
0.0870188
0.0687498
0.0857855
0.0359962
0.170869
0.0205608
0.126906
0.13444
0.0465484
0.0850155
0.0749075
0.132944
0.127275
0.00870583
0.111708
0.14307
0.0648023
0.269217
0.125238
0.0712065
0.0680757
0.212625
0.210191
0.0519766
0.088146
0.13721
0.0752619
0.104699
0.151338
0.190024
0.0335622
0.201444
0.0510234
0.202017
0.192615
0.215213
0.153952
0.0423184
0.0801222
0.252989
0.226519
0.164282
0.074642
0.0715206
0.0988632
0.0943722
0.249964
0.0500088
0.252386
0.170245
0.0635421
0.0653376
0.230483
0.195341
0.11
0.16865
0.0945611
0.0696674
0.108504
0.0635689
0.0589349
0.20052
0.0239474
0.0921193
0.137838
0.125491
0.121242
0.0672336
0.0423508
0.0121146
0.104244
0.145543
0.126872
0.0970097
0.123128
0.180727
0.234117
0.0474886
0.0154137
0.109785
0.180465
0.158762
0.097699
0.0786529
0.196049
0.0949064
0.146514
0.131665
0.101035
0.0434758
0.0332826
0.100867
0.0803584
0.128244
0.0824836
0.0807349
0.201294
0.174306
0.098522
0.079044
0.186096
0.135978
0.0828836
0.0994684
0.0922434
0.0962025
0.138036
0.0667424
0.161166
0.10016
0.0828532
0.113088
0.0210604
0.143168
0.0699414
0.093932
0.110263
0.176122
0.0212209
0.0853732
0.075427
0.0684364
0.148044
0.0972662
0.170133
0.0160278
0.0204116
0.0940608
0.103824
0.0111012
0.130483
0.0613027
0.109704
0.0255572
0.271844
0.0654214
0.153666
0.0728916
0.211411
0.249929
0.0854472
0.0631835
0.19046
0.0318932
0.196463
0.114547
0.0807816
0.0574409
0.0737035
0.0573248
0.0866852
0.118475
0.0370498
0.0680281
0.223463
0.115665
0.109284
0.154895
0.0681493
0.195923
0.0589351
0.0539568
0.176129
0.175187
0.134229
0.0730383
0.0832313
0.0576005
0.192489
0.0664344
0.0272198
0.0669006
0.0511494
0.111516
0.234818
0.0834195
0.138579
0.165403
0.102067
0.174706
0.0560327
0.0650018
0.176854
0.0283239
0.141908
0.103949
0.0303947
0.216944
0.0871495
0.0880202
0.0932798
0.153055
0.168012
0.0546291
0.113806
0.0298972
0.116729
0.157433
0.131533
0.0549152
0.0695037
0.0610362
0.182904
0.106851
0.00749256
0.0554586
0.0246517
0.0982376
0.163071
0.0802608
0.215688
0.109575
0.0685646
0.178124
0.191422
0.0695196
0.197438
0.104529
0.11837
0.128695
0.218811
0.202903
0.0895337
0.217303
0.0202671
0.214411
0.0884485
0.0713147
0.0853575
0.186861
0.149961
0.0790615
0.134369
0.0851418
0.237933
0.0571224
0.0885433
0.159643
0.0460202
0.218788
0.0159955
0.146074
0.042591
0.1514
0.117176
0.0974804
0.12558
0.193072
0.241449
0.173985
0.101578
0.0324054
0.0419008
0.115089
0.0676221
0.107693
0.190824
0.0751744
0.0772375
0.0852496
0.179782
0.0176873
0.0590388
0.132577
0.0501869
0.0385378
0.193069
0.0356171
0.0960785
0.0890003
0.0616586
0.0912943
0.0315036
0.153241
0.111756
0.038453
0.0829731
0.0982153
0.147372
0.0251269
0.0337727
0.145584
0.116098
0.0638
0.166818
0.0842888
0.0389018
0.0604235
0.108968
0.0914627
0.0198456
0.153352
0.0848633
0.0867424
0.149937
0.19411
0.0362832
0.041058
0.0354144
0.177832
0.200735
0.11794
0.028996
0.0529536
0.0530794
0.0846891
0.204254
0.0185449
0.179539
0.0932416
0.117904
0.129733
0.148999
0.193746
0.239514
0.0254946
0.216535
0.157684
0.106012
0.085984
0.0531845
0.0848211
0.132013
0.0874467
0.116096
0.0440373
0.125818
0.0523396
0.053988
0.028492
0.143206
0.183548
0.106386
0.104979
0.107319
0.0930615
0.0837749
0.071463
0.189542
0.202491
0.267796
0.13476
0.0908078
0.0609005
0.0991995
0.20516
0.153907
0.233975
0.132211
0.0471056
0.00646854
0.0800521
0.128023
0.0221886
0.0513668
0.218471
0.0312953
0.0493928
0.166073
0.0730993
0.151745
0.0543423
0.0623685
0.135285
0.126593
0.0745997
0.154826
0.0507933
0.11744
0.108078
0.0392444
0.0997467
0.0219556
0.209334
0.0339887
0.206001
0.226033
0.00245543
0.0662339
0.159262
0.186147
0.214177
0.090381
0.106175
0.204893
0.0791437
0.121278
0.0423058
0.168211
0.0368505
0.0371516
0.062823
0.0484009
0.211065
0.272162
0.0483861
0.14771
0.17866
0.0489372
0.163564
0.0963281
0.124877
0.216979
0.0305604
0.111661
0.138752
0.0494204
0.0224304
0.274871
0.103061
0.0487458
0.120686
0.0671359
0.143725
0.140818
0.0506766
0.095176
0.0953876
0.0292428
0.188352
0.117146
0.184253
0.0307219
0.0741291
0.241234
0.15135
0.124432
0.101056
0.187639
0.0853878
0.130618
0.264892
0.239356
0.113523
0.134967
0.0728947
0.0326469
0.0570421
0.158042
0.132795
0.0469912
0.078417
0.121862
0.208034
0.187889
0.0787735
0.121453
0.0999842
0.0488977
0.126067
0.181065
0.179134
0.218923
0.0452108
0.0845419
0.0589887
0.0676058
0.186177
0.177269
0.120558
0.108972
0.0691639
0.0989518
0.0763286
0.192981
0.129332
0.0895133
0.0741107
0.0771775
0.133421
0.276656
0.112648
0.209253
0.199753
0.0580083
0.198925
0.107763
0.0485328
0.172976
0.211628
0.0926082
0.0990775
0.147255
0.100747
0.0377746
0.0575548
0.0883024
0.0522965
0.104448
0.0817768
0.121952
0.0954181
0.038973
0.193074
0.0921018
0.0119776
0.118075
0.101159
0.00785828
0.205223
0.188856
0.0919354
0.0585912
0.0793491
0.052027
0.181257
0.0941703
0.0866206
0.105525
0.156258
0.0730326
0.105649
0.0901584
0.242041
0.120905
0.0370427
0.179951
0.125886
0.0888281
0.0919924
0.0748235
0.181642
0.0886297
0.0692101
0.0852168
0.1402
0.0683743
0.283741
0.25736
0.155925
0.0141374
0.0593961
0.245342
0.093927
0.0870443
0.132872
0.0822626
0.18937
0.121495
0.100216
0.137557
0.0856406
0.152647
0.0870689
0.0983296
0.133273
0.199621
0.0742783
0.220507
0.147139
0.137326
0.0614983
0.114971
0.110101
0.18155
0.0732636
0.0223153
0.131618
0.0827473
0.0252031
0.156793
0.243064
0.102243
0.155025
0.0473163
0.069534
0.212644
0.14278
0.116453
0.197348
0.100417
0.185885
0.0841079
0.312573
0.0272106
0.0524258
0.10512
0.157824
0.0571319
0.141463
0.113989
0.131083
0.0509757
0.067115
0.1476
0.147178
0.132837
0.0616183
0.0477748
0.129019
0.100181
0.246678
0.181074
0.182305
0.0489077
0.0623371
0.0485716
0.0612048
0.0266259
0.0103279
0.171673
0.133994
0.118793
0.156566
0.132972
0.0404385
0.014878
0.0930217
0.23236
0.115605
0.0754256
0.222607
0.0623265
0.189079
0.0447806
0.046336
0.0348013
0.0673609
0.0852735
0.0711247
0.120898
0.0275508
0.0885351
0.0148734
0.166858
0.127504
0.033061
0.0330458
0.161758
0.117603
0.0763584
0.150672
0.0997738
0.150708
0.109172
0.0404511
0.056327
0.040525
0.0543446
0.0606084
0.0492294
0.0141584
0.0415016
0.0169694
0.00828889
0.0585547
0.111625
0.123524
0.067245
0.0622738
0.0298992
0.0987582
0.131761
0.184832
0.0259063
0.0398768
0.178984
0.00255719
0.119853
0.159919
0.0442637
0.0479693
0.0696655
0.0486469
0.0625578
0.0362402
0.0357854
0.154884
0.179938
0.0512148
0.246875
0.117137
0.0559332
0.0120658
0.0210576
0.147379
0.0338769
0.0780261
0.0188597
0.151202
0.135805
0.0969284
0.120876
0.166486
0.0632943
0.150826
0.161837
0.246493
0.0687632
0.110909
0.127251
0.0786458
0.0180847
0.099882
0.0201329
0.0484375
0.0931734
0.151753
0.0848857
0.22292
0.0946608
0.0953667
0.0975822
0.0975752
0.145865
0.031794
0.158318
0.121122
0.0807737
0.100743
0.067998
0.0527756
0.0198442
0.150398
0.0933424
0.0520725
0.103997
0.143337
0.106437
0.0878369
0.0900333
0.190868
0.120464
0.114083
0.0449011
0.0789435
0.0504956
0.0920045
0.0752306
0.16025
0.0626756
0.056904
0.0289045
0.0413376
0.110059
0.112587
0.0285209
0.128898
0.195667
0.160927
0.180324
0.0205741
0.116501
0.167357
0.0551205
0.0575666
0.127875
0.134964
0.0664254
0.154822
0.123298
0.0430617
0.0914875
0.148314
0.0973451
0.00736917
0.107796
0.0448365
0.109453
0.0639794
0.0463973
0.153558
0.141875
0.108188
0.0434724
0.229469
0.100626
0.0695752
0.064241
0.127137
0.195751
0.0559063
0.0792094
0.0750922
0.111097
0.0273989
0.186195
0.16129
0.0760709
0.00495818
0.203728
0.0704406
0.0772742
0.0834137
0.130915
0.17865
0.0530885
0.206017
0.0706909
0.0793895
0.138422
0.0721304
0.0269615
0.079162
0.0866684
0.328651
0.083487
0.119172
0.134401
0.0911554
0.0661523
0.0858501
0.0858735
0.134818
0.0982999
0.185573
0.054172
0.238828
0.0706964
0.146395
0.129981
0.067623
0.0842359
0.0436572
0.128567
0.072634
0.0478604
0.0660542
0.124358
0.273215
0.0685466
0.0264974
0.065932
0.101303
0.181184
0.27515
0.160734
0.166522
0.0432689
0.0873046
0.171114
0.193043
0.0801762
0.103301
0.260008
0.0151165
0.179851
0.0938876
0.0657152
0.0572367
0.061256
0.1148
0.0941631
0.141554
0.169716
0.0616704
0.176374
0.138948
0.162867
0.0930227
0.0790028
0.0490057
0.180807
0.0716106
0.169753
0.129652
0.125218
0.103684
0.133825
0.126996
0.112999
0.0872891
0.0448554
0.133034
0.220204
0.204581
0.0837038
0.171267
0.0784423
0.0960314
0.158233
0.0577101
0.244512
0.196459
0.0702686
0.0659192
0.0698863
0.200351
0.0899856
0.13348
0.207124
0.0682986
0.0939763
0.0825435
0.13722
0.212526
0.0612119
0.0876169
0.0349666
0.149445
0.0245128
0.0627519
0.221959
0.0889125
0.0678027
0.0636709
0.120505
0.0623836
0.0670295
0.0673108
0.131912
0.0731019
0.0834329
0.149266
0.116435
0.0835103
0.200176
0.0787847
0.0232083
0.207857
0.113313
0.0708354
0.169268
0.120509
0.0368772
0.158255
0.0782867
0.0756853
0.195432
0.133311
0.122526
0.140565
0.0415157
0.137033
0.20434
0.074741
0.0746824
0.185995
0.232484
0.148432
0.0774639
0.0513849
0.086539
0.0598255
0.17107
0.129767
0.144394
0.0831238
0.148262
0.145205
0.14507
0.0783673
0.163075
0.170842
0.197586
0.0424424
0.124184
0.0876376
0.055235
0.170773
0.0305206
0.059281
0.112322
0.121296
0.0545837
0.0896911
0.0260725
0.188648
0.0456957
0.0558977
0.137282
0.215287
0.177218
0.156423
0.117744
0.173123
0.0300005
0.0209135
0.0489678
0.181233
0.152504
0.161792
0.244723
0.113107
0.195715
0.157852
0.125899
0.0500618
0.210262
0.0974471
0.0838352
0.179815
0.0888992
0.142918
0.180554
0.0953325
0.0531847
0.0930737
0.0336251
0.144538
0.130578
0.13074
0.179645
0.1351
0.119105
0.174158
0.167232
0.10289
0.0754817
0.0561605
0.142664
0.156409
0.0800353
0.089087
0.0656452
0.103589
0.0932811
0.116202
0.0451653
0.0304401
0.0824335
0.0539964
0.0700996
0.0429283
0.0797142
0.0828203
0.105737
0.112511
0.180488
0.191551
0.0694925
0.013435
0.10248
0.0839839
0.051298
0.0221847
0.012016
0.0998208
0.19504
0.158932
0.250711
0.051595
0.13508
0.199517
0.0531103
0.0874302
0.184507
0.170554
0.0588712
0.106151
0.189785
0.032458
0.0848951
0.123016
0.208365
0.0339123
0.0364926
0.134144
0.120383
0.0598851
0.115025
0.0857124
0.119103
0.0757653
0.0681962
0.089991
0.135808
0.0350757
0.0923583
0.0842974
0.0475493
0.077188
0.160894
0.0966474
0.0543727
0.127417
0.0172284
0.121461
0.0762112
0.0418939
0.168812
0.16473
0.0400203
0.0604151
0.102638
0.0619156
0.0456411
0.0392343
0.157288
0.0884337
0.166519
0.0463642
0.0978587
0.0539631
0.115476
0.131903
0.0410518
0.0623166
0.0289186
0.0116824
0.141316
0.330436
0.0518111
0.117051
0.159451
0.199274
0.131167
0.0544925
0.115884
0.127336
0.157968
0.168086
0.0497985
0.118917
0.0992721
0.0550732
0.219866
0.15751
0.119363
0.0466817
0.107578
0.0469292
0.127911
0.0311478
0.0570879
0.103133
0.0634849
0.0675104
0.158252
0.19583
0.137846
0.0720887
0.046129
0.06689
0.069504
0.248931
0.10271
0.179573
0.0794209
0.0741634
0.0495868
0.141923
0.112126
0.206741
0.059398
0.0131697
0.130201
0.0501821
0.0154293
0.0820007
0.0574569
0.116153
0.0397383
0.0564339
0.115859
0.0229749
0.0911743
0.0984157
0.058117
0.0254566
0.107603
0.0514324
0.0521927
0.173179
0.0509816
0.0619316
0.164778
0.176758
0.0848405
0.0494448
0.122153
0.0866185
0.0740967
0.12846
0.073646
0.0404032
0.272606
0.127264
0.178809
0.127963
0.0190655
0.197535
0.103158
0.222843
0.185019
0.0900601
0.147076
0.0521915
0.24385
0.187716
0.0739186
0.206133
0.160306
0.18576
0.167366
0.210101
0.013375
0.0543982
0.0434617
0.130377
0.0930936
0.0847784
0.113219
0.126797
0.0299406
0.0295614
0.222563
0.17275
0.092356
0.198674
0.180546
0.0609209
0.141942
0.16426
0.122123
0.0563471
0.0493113
0.0651604
0.10463
0.0593931
0.0552635
0.095655
0.0647552
0.160584
0.162281
0.159013
0.0316584
0.0604046
0.0741459
0.0324595
0.243254
0.126929
0.214273
0.120386
0.141883
0.055802
0.0911212
0.0884219
0.0822107
0.0511298
0.0262169
0.21034
0.184311
0.0598553
0.0230143
0.0989612
0.13067
0.106179
0.139317
0.267381
0.0694669
0.0236467
0.0786904
0.127003
0.0870738
0.0814393
0.0563163
0.116838
0.213665
0.0889041
0.074968
0.0756684
0.0674578
0.100228
0.0886105
0.0451184
0.109862
0.215575
0.109838
0.175711
0.012726
0.125013
0.14378
0.094283
0.106069
0.201562
0.0573697
0.0505248
0.0848354
0.162798
0.0206167
0.0967913
0.193468
0.244995
0.193364
0.155702
0.189819
0.137384
0.20052
0.126398
0.196684
0.0567632
0.0648437
0.126389
0.106539
0.0435049
0.181056
0.122184
0.0405913
0.128739
0.105407
0.0374588
0.147684
0.202736
0.0114918
0.00586672
0.137579
0.183111
0.0163926
0.159792
0.0643169
0.218248
0.0565666
0.106207
0.0707546
0.102899
0.175762
0.00718059
0.0389951
0.140541
0.0644375
0.0907177
0.0745426
0.0676487
0.145667
0.024781
0.0257124
0.0782313
0.0773951
0.089993
0.0749551
0.0461084
0.107362
0.148671
0.117006
0.0337815
0.10964
0.171515
0.129435
0.105373
0.0328106
0.16819
0.144298
0.0830972
0.228281
0.0595362
0.0975078
0.14961
0.171604
0.0772051
0.121908
0.102778
0.142246
0.0941464
0.037386
0.157035
0.156335
0.175968
0.113797
0.175053
0.128939
0.149833
0.0180106
0.0798012
0.143619
0.104328
0.0763503
0.154608
0.18374
0.152963
0.0409418
0.216238
0.0835544
0.0738976
0.103859
0.107222
0.0627031
0.152124
0.117912
0.0771347
0.125181
0.153054
0.247907
0.0723689
0.0629189
0.0696354
0.123955
0.188894
0.0543393
