180
288
122
205
180
214
146
225
259
171
117
259
180
180
152
225
151
122
253
254
146
156
234
288
204
240
122
291
180
122
162
206
205
225
146
204
225
180
183
146
180
254
225
180
225
174
274
186
187
254
258
87
254
146
254
146
1152
254
171
288
146
257
288
435
254
234
288
237
225
237
288
253
200
259
322
254
240
220
254
205
217
88
259
219
234
219
304
388
647
225
254
291
234
294
208
288
254
294
234
237
288
171
117
623
288
250
237
180
146
225
122
259
288
200
204
254
225
117
225
225
254
294
288
88
288
253
254
225
225
288
180
88
183
205
122
171
259
259
225
225
254
200
268
494
356
458
303
234
254
225
237
234
225
170
225
264
354
183
288
205
254
88
171
186
200
18934
259
254
205
122
146
122
288
258
225
234
88
151
88
151
88
180
200
122
122
268
328
237
259
205
268
275
261
234
209
234
334
234
326
274
234
288
460
259
171
366
288
368
234
200
225
268
306
180
259
171
200
259
254
254
234
205
225
324
388
291
200
877
601
909
364
278
229
369
259
254
225
208
122
122
122
200
288
122
122
171
171
275
220
205
88
294
171
234
225
225
146
171
259
205
366
282
394
244
222
234
381
371
238
288
259
254
430
254
205
205
171
171
250
239
225
234
225
239
268
234
259
200
183
234
287
171
202
245
171
171
205
353
282
298
259
296
274
287
203
289
234
281
240
320
271
225
237
259
237
341
384
288
237
422
395
254
122
180
260
259
237
196
403
259
257
355
321
151
128
200
122
234
317
1574
267
199
256
171
313
286
240
234
234
254
237
170
239
322
252
262
288
180
121
254
205
226
228
171
233
200
577
268
206
254
263
288
259
234
190
225
277
258
644
285
310
430
439
296
239
205
321
313
294
296
202
220
240
291
300
307
254
321
218
254
300
200
248
171
292
225
259
256
200
203
254
203
342
265
234
200
282
234
240
234
262
254
254
287
205
1382
200
227
239
288
208
268
268
203
259
294
273
183
291
219
259
279
225
422
234
171
177
240
288
342
356
478
203
254
206
375
338
335
254
393
170
309
277
316
290
323
377
212
276
497
259
252
421
174
462
277
348
209
228
225
804
518
259
254
290
300
342
187
275
254
215
264
205
228
450
239
259
220
171
240
270
271
202
171
259
205
237
234
288
319
228
225
276
257
222
262
316
338
266
254
174
205
508
174
187
260
291
237
260
326
208
237
234
294
257
265
394
293
211
279
224
284
246
371
353
219
253
225
282
228
174
316
174
209
304
200
205
231
330
228
190
425
205
260
233
281
275
289
253
440
346
273
254
322
257
396
429
203
354
193
337
723
259
171
239
257
317
200
237
205
171
237
183
260
288
183
254
220
257
271
263
234
757
205
200
268
234
248
234
171
254
203
15663
254
228
288
174
276
254
265
291
257
200
309
299
308
205
174
234
171
288
205
288
205
490
208
254
272
309
277
183
275
225
211
171
295
424
171
262
273
307
276
228
228
254
288
363
200
293
227
263
205
234
171
217
174
228
291
288
200
316
221
229
310
205
319
228
281
285
283
187
225
259
208
253
221
190
250
291
237
241
208
306
288
295
393
274
242
229
320
320
265
286
277
270
408
225
329
281
229
203
209
266
324
257
244
368
273
262
203
257
273
262
351
221
208
260
282
342
237
205
205
252
276
281
260
341
171
200
225
283
174
200
224
291
259
240
256
183
18745
264
200
244
205
259
224
288
254
199
208
327
234
260
174
407
453
442
308
1472
183
225
240
259
288
171
128
225
225
254
234
122
174
254
205
254
171
225
260
122
200
146
122
152
146
88
122
288
183
205
225
200
228
260
308
256
286
288
260
174
225
234
228
225
239
205
259
244
205
403
171
203
2194
291
234
288
231
177
200
174
259
228
216
203
216
293
171
282
183
174
187
347
279
225
247
276
253
229
225
277
200
193
171
288
254
208
200
254
259
225
225
288
273
231
273
332
273
381
389
312
347
183
297
1475
333
487
296
274
171
364
254
805
288
205
225
262
200
205
297
463
257
225
171
88
146
180
288
183
225
288
171
251
206
228
288
282
171
254
208
228
309
254
209
288
205
203
237
250
171
257
200
174
183
220
217
1066
254
359
281
231
183
301
224
259
303
171
272
286
200
346
276
311
348
200
272
257
243
296
222
311
171
250
205
225
171
254
254
437
234
254
367
305
288
294
205
234
288
234
225
225
200
205
225
122
88
260
197
240
200
259
254
354
259
260
234
259
203
200
205
294
200
206
328
298
279
259
259
203
276
220
174
203
285
174
228
272
272
307
257
234
259
239
88
146
183
276
216
260
205
240
241
206
220
268
253
233
337
257
268
325
310
213
288
203
234
197
174
237
171
174
259
320
234
208
206
270
234
261
171
205
259
265
240
240
338
738
233
205
171
234
192
243
1110
209
208
405
291
323
259
289
200
426
352
272
265
228
240
257
291
306
261
271
264
311
278
288
206
361
331
264
270
336
316
244
316
292
259
286
254
291
334
314
221
275
177
275
174
319
334
257
250
254
270
174
371
217
270
259
271
332
323
193
276
254
271
219
288
259
250
276
269
338
325
262
445
295
246
723
312
257
243
193
335
404
420
257
277
357
183
171
215
303
225
322
456
373
240
247
290
313
274
300
187
304
307
269
244
281
202
402
310
281
252
310
204
365
287
259
397
266
413
525
299
390
600
678
350
1429
171
239
180
183
227
231
279
254
220
176
215
225
222
345
234
212
300
216
215
216
339
281
342
259
260
171
200
217
285
237
351
222
297
284
242
307
304
264
259
304
225
259
177
352
281
337
313
403
254
323
253
320
307
205
265
174
288
322
254
310
1050
240
146
122
225
122
244
228
295
462
286
336
227
271
269
225
226
268
253
259
256
205
203
353
252
257
228
225
171
255
288
151
180
122
122
307
225
199
171
254
277
259
407
254
540
264
328
259
222
415
401
291
222
657
253
511
205
234
225
203
327
171
171
238
225
291
171
291
190
203
307
328
444
171
269
316
299
200
316
347
384
296
368
246
234
516
343
174
246
589
560
355
256
337
205
19254
313
224
336
227
244
234
309
211
205
243
206
177
609
211
319
423
357
180
288
259
297
183
404
291
237
385
353
174
274
183
203
276
309
388
259
272
208
278
263
279
347
405
282
257
273
231
302
310
228
273
386
391
239
234
450
231
208
227
386
257
215
224
336
234
338
311
253
403
296
216
336
234
259
171
239
240
225
324
199
205
237
295
183
211
254
205
259
200
202
387
392
686
173
543
222
397
313
282
464
278
259
513
387
206
322
259
291
418
374
319
237
240
288
232
267
280
177
206
278
171
257
262
233
294
317
262
274
254
263
276
273
242
272
201
281
297
438
183
275
428
436
273
316
452
221
224
240
205
236
237
254
281
273
371
220
259
219
190
209
246
203
228
221
941
305
494
638
2360
306
506
358
240
235
228
171
242
257
260
228
257
273
200
193
291
316
224
237
279
206
260
255
237
237
211
319
257
245
253
292
245
237
220
328
245
312
297
333
289
273
404
273
292
250
277
260
297
298
347
259
282
231
174
243
252
203
203
171
203
183
291
271
234
228
259
254
288
240
288
237
234
240
288
205
214
205
205
257
177
469
214
208
228
205
304
219
291
225
309
307
174
260
288
234
228
225
234
171
234
228
465
277
21299
288
387
290
270
234
298
209
225
262
205
282
287
298
350
223
375
190
259
270
310
183
305
314
219
219
221
3468
212
234
205
239
282
177
296
297
331
171
171
248
300
349
225
248
253
265
177
342
294
234
383
291
312
308
221
227
225
237
200
259
307
205
225
295
276
243
273
734
369
245
234
218
200
206
262
259
228
205
254
225
203
206
234
313
237
200
237
284
329
294
219
267
231
285
244
240
482
171
727
224
268
288
225
344
311
311
294
471
490
491
254
434
247
369
297
206
219
323
629
260
259
274
382
273
305
345
670
249
174
326
242
243
323
294
234
259
225
240
183
225
288
322
220
288
225
322
293
291
151
122
88
122
122
122
128
200
334
294
339
224
205
234
247
259
237
209
200
171
234
333
425
264
311
278
291
225
282
271
190
200
234
200
171
88
171
122
162
122
122
259
259
279
200
273
361
359
235
203
332
353
244
203
270
325
356
288
301
285
256
273
275
275
291
228
272
278
297
284
276
271
346
761
288
322
254
256
262
288
171
237
288
225
260
262
259
316
205
505
460
254
328
648
266
329
418
307
209
309
453
171
234
211
205
200
205
240
254
88
259
259
254
259
288
205
171
225
259
271
200
146
288
205
180
182
146
1343
200
215
205
278
200
451
282
260
259
225
253
234
288
205
225
262
171
122
192
253
378
431
205
174
234
259
225
234
278
254
225
258
177
225
276
335
276
257
216
351
241
238
220
224
183
282
326
1174
263
215
262
391
327
316
326
389
471
171
296
258
516
1011
247
373
285
171
367
327
234
320
219
234
212
260
219
180
259
307
250
202
278
257
271
259
202
219
361
227
278
584
219
358
209
657
352
171
373
234
146
146
88
180
146
146
146
225
268
234
171
288
180
122
316
171
174
234
180
239
205
225
171
254
259
237
156
200
88
260
237
288
88
200
151
179
260
205
180
234
224
205
257
259
88
419
183
254
288
272
234
183
234
259
225
225
88
180
122
88
180
237
183
200
234
268
171
258
253
234
259
288
146
259
171
200
234
225
146
259
122
234
171
205
228
219
244
267
206
234
225
259
205
256
234
259
234
254
259
205
225
183
225
122
171
259
122
156
288
122
205
171
237
322
234
205
225
128
259
88
180
239
203
205
180
171
234
171
259
237
121
125
88
259
322
259
180
225
259
254
234
173
259
280
354
209
234
200
254
251
88
234
288
225
222
285
254
235
288
205
122
225
171
225
385
171
288
121
180
156
88
88
146
171
174
88
288
180
122
146
180
122
122
122
88
320
725
234
254
234
321
269
225
263
259
259
254
205
411
234
205
296
228
171
345
404
361
256
225
258
225
220
259
256
288
234
199
171
224
182
259
259
221
209
388
586
265
328
299
235
171
206
224
288
200
122
87
122
162
205
206
234
122
122
156
259
288
205
205
171
190
309
239
180
260
208
225
259
234
347
443
477
334
239
322
359
397
409
171
293
288
259
206
171
260
254
171
171
171
254
171
205
171
234
291
260
288
125
225
146
259
257
389
257
200
299
253
279
225
327
240
271
334
232
254
193
276
329
263
278
237
259
288
234
551
270
206
242
263
314
225
146
122
122
171
193
231
386
290
234
234
288
121
180
122
322
234
345
317
575
296
285
225
511
200
209
254
252
234
240
254
205
190
208
200
180
180
122
117
254
171
177
219
205
288
259
254
171
259
200
171
258
200
462
208
393
190
493
276
310
312
247
244
234
259
244
298
253
339
211
514
495
222
383
362
190
350
228
346
325
328
331
263
239
294
171
288
231
228
254
240
171
234
225
237
254
291
225
259
300
206
767
259
273
234
311
205
254
174
288
209
242
254
237
257
302
200
257
234
231
225
205
257
262
206
345
300
231
333
209
272
313
240
298
253
275
321
326
227
176
267
507
381
332
212
377
206
221
293
351
256
299
205
356
281
304
262
5300
288
288
259
259
174
171
243
271
257
259
216
527
303
174
266
177
283
254
309
306
205
225
205
276
171
257
263
647
252
293
228
262
449
205
213
229
263
200
200
296
244
334
174
288
254
215
257
294
277
257
228
334
205
228
302
336
171
228
331
241
171
240
257
259
225
227
259
275
190
228
253
256
225
307
288
208
225
240
171
199
276
273
203
373
262
306
190
450
342
314
293
311
300
402
309
263
243
314
241
244
803
301
352
171
12680
222
208
225
171
234
211
259
288
171
225
205
294
225
225
183
171
171
259
200
288
228
183
225
288
225
171
307
259
254
205
171
269
174
268
171
206
203
260
220
259
266
259
351
225
208
306
208
171
254
234
200
282
234
260
268
288
472
231
240
208
347
259
526
300
309
456
259
237
259
283
183
214
234
254
278
254
339
205
225
288
208
200
260
278
254
291
200
288
259
273
230
686
225
249
417
209
316
291
208
208
265
466
220
347
193
227
262
219
333
232
247
231
310
313
247
200
255
288
291
190
237
254
185
351
273
231
298
329
171
190
215
273
246
525
225
225
232
297
228
654
260
288
224
266
572
257
228
193
247
225
319
345
259
317
1010
231
373
345
232
277
623
287
491
203
243
266
468
275
268
225
220
327
234
203
223
376
279
307
385
405
330
709
407
340
236
340
200
239
171
203
225
240
254
122
122
224
140
88
253
171
200
205
288
205
151
205
122
122
171
122
225
217
205
289
481
297
345
284
217
200
309
203
171
237
202
200
319
320
203
310
388
225
206
280
239
337
255
249
205
288
273
318
200
266
257
265
309
392
205
231
283
263
285
203
234
260
270
209
177
274
208
237
289
242
257
208
329
193
234
200
205
254
152
200
293
146
205
357
265
256
277
352
255
330
307
408
443
366
310
431
301
291
435
336
174
293
171
254
259
171
200
205
288
171
240
205
88
180
163
122
146
174
259
203
259
217
288
259
288
291
288
266
225
294
200
225
240
171
241
296
259
277
234
225
171
237
183
288
228
259
200
240
234
208
216
277
387
240
174
174
274
289
220
275
206
304
291
209
203
310
225
241
171
15828
209
309
764
200
288
200
268
205
171
436
272
240
205
234
200
254
260
254
288
146
260
274
259
268
239
122
259
208
232
293
225
215
187
196
225
200
234
171
200
256
225
205
180
208
440
219
234
206
313
243
228
300
305
216
203
260
268
282
257
224
228
179
122
122
180
174
312
241
219
293
340
262
225
294
278
307
203
237
195
190
203
200
273
234
259
254
254
211
171
254
217
366
224
171
174
288
294
234
288
288
205
270
174
220
203
288
254
209
205
225
254
254
304
288
246
397
279
328
249
304
294
278
247
296
234
244
331
418
287
315
278
326
344
254
292
238
339
362
206
296
256
278
272
301
290
312
240
202
234
199
281
183
174
317
281
348
174
177
235
274
230
247
295
267
338
287
679
262
256
236
447
325
234
377
200
228
225
200
170
209
517
187
322
410
384
258
247
263
356
309
300
377
217
314
238
262
183
373
259
228
259
262
259
281
225
585
295
237
316
285
209
203
277
253
259
262
255
259
310
269
205
256
342
275
285
278
391
202
308
532
206
273
300
351
446
446
183
404
339
205
122
121
282
240
228
243
234
271
243
262
290
260
228
266
276
268
200
301
171
219
279
206
254
205
254
225
288
192
279
237
322
296
266
266
270
310
203
259
237
363
459
276
308
446
335
183
283
288
431
206
330
496
294
259
253
259
225
206
234
273
200
268
234
259
225
339
321
266
313
260
342
294
286
276
444
259
259
206
174
200
254
371
231
206
322
252
357
225
236
288
288
122
121
251
271
291
251
200
217
260
234
288
259
224
295
249
275
294
260
398
240
222
361
326
448
259
234
205
288
392
259
200
294
259
345
306
247
670
345
277
200
227
297
254
269
492
259
193
203
183
309
234
964
360
286
347
477
398
291
326
315
276
405
284
304
365
288
276
174
344
254
241
266
453
288
244
326
286
221
312
200
220
180
209
200
273
243
228
254
211
203
265
257
319
174
318
206
190
322
304
259
257
254
316
259
291
277
222
314
200
333
187
222
257
196
278
215
183
491
293
361
238
254
263
272
279
256
315
657
314
234
222
313
303
355
254
257
237
270
344
259
225
298
205
203
171
263
236
286
288
200
259
228
288
205
177
308
289
353
319
585
259
245
386
291
203
357
240
260
430
217
289
251
356
228
228
200
257
259
325
266
200
304
288
228
238
231
259
369
298
220
288
240
307
187
291
273
310
356
290
272
306
404
219
219
200
220
281
174
253
259
259
297
352
269
225
285
1135
237
345
193
237
443
308
249
283
276
347
219
300
211
263
211
579
251
260
237
273
291
310
268
220
171
174
183
200
171
171
254
177
250
221
313
240
203
366
257
257
237
262
317
208
288
225
203
350
262
305
174
231
268
283
331
262
401
310
272
330
211
298
353
355
299
328
174
209
288
171
254
205
171
297
171
268
299
262
220
288
171
239
171
270
203
252
240
254
203
265
254
174
174
304
205
259
242
174
291
270
225
257
356
248
260
297
262
208
205
228
288
203
283
247
316
200
277
254
269
293
219
309
253
225
348
240
244
277
228
293
228
259
398
335
229
268
294
229
276
378
315
383
294
421
347
208
252
297
246
174
419
259
222
273
293
264
259
254
243
211
294
344
200
177
203
241
225
212
200
343
203
557
205
225
305
291
334
225
273
266
360
209
225
330
234
190
205
228
277
469
205
203
258
257
288
265
171
203
294
430
235
284
370
399
227
282
360
253
422
525
373
266
333
268
272
200
255
391
200
198
206
220
695
501
272
356
272
278
399
274
279
190
294
273
295
253
276
171
200
396
316
244
304
322
183
206
308
337
309
276
319
251
247
225
288
288
225
217
171
171
171
205
208
225
183
254
225
259
180
122
88
146
122
254
240
314
254
414
171
174
244
203
171
200
259
171
234
276
507
257
228
183
259
278
266
263
312
234
254
208
234
259
156
122
122
180
125
225
223
259
278
318
183
183
224
311
260
277
314
370
177
225
301
342
258
206
291
225
174
270
291
245
374
243
231
193
237
374
281
262
281
227
215
291
472
205
234
263
211
190
171
284
222
284
261
273
632
200
332
425
321
243
183
454
424
225
314
254
259
183
259
149
200
88
235
259
240
268
288
171
288
234
171
287
202
200
239
171
288
121
183
162
88
205
259
460
254
194
234
231
304
384
230
254
254
254
254
171
254
200
180
288
183
370
439
250
203
217
240
234
205
234
364
208
272
285
380
234
323
251
171
300
441
294
406
301
171
350
500
366
278
241
641
295
1043
306
234
187
384
1169
346
225
608
259
404
320
283
246
294
505
445
240
525
327
1620
187
314
270
241
276
332
295
503
254
318
333
479
193
225
442
241
310
254
323
177
297
392
301
358
470
319
288
293
259
146
254
205
88
88
225
146
259
254
288
234
234
122
128
237
122
171
180
171
264
254
225
122
88
88
205
254
146
189
234
254
171
180
171
180
180
219
225
288
239
205
88
121
260
304
171
120
295
259
180
254
171
225
171
180
122
225
88
180
183
241
234
200
171
171
183
273
259
171
205
242
259
288
259
288
237
200
122
122
225
208
259
322
228
319
244
171
294
205
225
250
259
294
225
205
254
171
205
205
254
254
122
145
288
225
121
578
125
288
288
259
205
254
259
225
205
234
88
151
225
122
259
205
217
205
200
225
239
88
122
225
166
225
88
259
254
171
122
225
240
294
282
234
538
205
268
239
122
171
257
256
288
463
316
288
234
171
254
240
465
225
171
211
205
205
506
122
122
122
237
259
259
203
125
88
260
183
205
285
88
122
128
225
209
254
205
220
225
327
354
258
251
203
234
259
276
272
171
254
306
234
259
317
403
541
240
225
205
205
259
234
259
322
294
259
234
254
234
225
225
294
260
324
439
236
171
203
276
352
268
244
205
234
225
257
122
128
156
234
240
225
121
122
234
206
254
225
259
254
234
243
122
171
180
211
282
225
286
240
259
277
273
254
226
202
254
171
282
205
271
200
225
200
205
273
122
288
234
205
205
171
200
351
259
288
254
253
206
122
277
245
171
331
293
310
319
234
332
273
288
260
193
247
237
501
632
169
354
260
171
259
146
225
314
205
234
237
335
200
254
122
122
234
396
234
331
288
234
122
171
254
180
88
179
225
597
240
322
335
231
259
531
199
259
234
88
234
254
254
206
234
534
322
88
146
122
183
234
171
331
309
350
193
431
254
205
225
320
206
384
234
247
300
244
458
311
273
243
203
259
229
254
205
294
215
291
269
354
268
245
305
200
254
177
294
183
360
362
293
257
277
205
225
234
174
228
313
171
225
315
200
171
234
262
291
234
254
259
174
234
231
291
225
294
208
183
220
225
329
211
234
291
241
220
225
257
291
231
174
355
271
278
205
425
250
322
205
288
205
462
330
209
197
353
310
250
335
219
265
306
230
500
373
358
171
348
250
206
791
177
171
205
400
424
190
306
205
269
346
265
203
171
219
237
200
228
225
229
259
246
442
268
205
205
288
291
259
254
200
252
211
318
209
240
257
283
205
183
297
273
234
387
270
260
282
225
456
205
256
200
232
288
288
174
234
215
219
200
171
203
327
252
288
319
237
257
313
309
190
286
171
256
282
174
291
335
301
282
200
276
299
297
260
187
234
207
342
202
261
349
317
310
279
200
174
253
411
288
244
196
323
240
247
206
240
260
268
261
252
205
171
257
259
234
234
234
171
259
254
243
171
291
200
302
228
288
254
254
174
183
183
203
254
200
203
254
174
200
171
262
259
237
12196
203
325
260
200
595
260
275
225
217
171
259
171
205
311
259
307
203
288
222
174
247
288
259
200
1834
225
277
260
248
811
174
291
205
234
216
260
205
183
294
228
309
234
225
228
205
262
279
294
259
243
203
211
259
262
234
228
202
228
171
174
241
421
259
225
171
224
237
314
263
237
251
341
326
203
370
301
243
309
269
281
209
305
240
261
276
281
260
397
281
294
272
308
227
281
1042
341
334
307
275
249
306
423
309
220
215
209
208
285
265
171
174
200
231
327
282
228
314
291
294
353
262
442
254
259
199
279
208
225
203
271
271
387
337
313
383
406
393
200
205
237
183
259
254
337
208
260
327
288
238
498
338
292
296
259
205
225
200
225
200
88
293
122
325
88
122
288
171
205
225
239
209
254
225
225
128
122
259
122
268
122
205
427
238
254
331
276
183
171
254
319
307
200
174
254
225
417
231
205
464
297
257
205
277
200
288
234
200
254
245
225
250
266
291
205
228
326
254
228
259
291
279
262
288
231
237
259
310
203
274
228
187
262
219
312
244
225
240
200
288
288
122
225
180
205
234
285
360
279
298
221
523
315
430
256
366
361
448
631
253
234
277
273
590
254
200
203
234
267
254
200
225
288
171
171
234
171
288
180
122
180
206
174
203
225
204
228
228
254
205
219
254
205
183
174
225
225
304
294
206
254
234
234
205
313
177
265
234
225
208
237
263
205
309
383
260
275
257
289
270
302
291
205
362
246
262
208
259
297
273
288
325
282
259
174
273
234
288
300
171
234
260
237
317
254
215
254
205
225
322
254
203
146
225
260
225
225
171
116
254
205
260
299
190
348
265
171
205
254
224
254
259
239
200
225
285
203
229
341
234
206
208
445
276
262
250
187
259
200
205
284
205
171
208
194
146
259
122
122
244
237
282
350
332
237
502
205
196
333
281
307
219
208
224
347
332
237
225
259
294
288
171
171
234
205
225
259
228
237
237
279
234
205
231
205
234
257
206
244
203
254
265
265
226
278
402
254
332
363
462
1430
298
291
256
249
323
386
206
300
321
279
174
227
276
276
209
283
335
216
323
253
225
171
255
293
249
309
238
261
246
311
278
307
294
290
264
244
322
246
222
283
253
294
301
259
260
205
331
396
193
278
284
253
403
358
291
364
234
554
259
171
240
291
297
351
603
443
333
205
209
307
346
300
443
316
244
193
309
190
348
246
279
334
259
302
174
205
215
211
449
368
430
703
196
240
189
304
331
284
501
253
222
241
307
307
190
274
1611
287
242
429
262
276
360
221
389
316
331
456
365
546
259
243
122
88
234
492
219
266
254
259
254
228
206
283
319
424
243
270
246
374
225
234
224
311
254
171
234
254
234
174
349
274
240
253
262
307
345
193
205
205
246
215
405
239
259
668
250
230
219
259
203
286
225
250
334
411
254
203
205
88
423
291
203
171
122
146
88
348
317
205
257
308
241
342
244
277
205
174
234
288
254
232
259
227
432
332
228
200
300
459
171
268
88
254
122
151
595
289
180
294
288
481
234
171
243
238
243
341
395
600
237
305
204
370
277
421
348
259
200
225
243
447
253
254
203
294
268
237
328
250
227
200
206
651
564
644
266
219
171
608
274
288
222
383
227
362
717
380
245
331
294
261
307
240
265
211
352
235
208
300
340
322
260
263
282
260
259
354
237
234
288
200
270
312
122
200
205
332
267
244
219
260
279
254
200
277
260
349
228
294
190
193
373
171
368
291
291
246
256
271
278
293
322
190
291
502
644
328
382
490
237
313
378
202
291
307
239
568
183
253
297
291
270
291
278
203
309
254
200
234
351
259
225
277
278
261
311
278
376
307
307
257
254
237
388
260
234
288
364
246
263
393
234
281
345
322
280
590
317
323
352
547
234
313
392
2578
296
419
272
174
27390
231
244
208
309
225
291
284
499
171
294
299
241
220
335
266
228
273
244
231
286
317
257
333
295
237
346
334
288
297
254
316
291
351
213
281
273
412
227
236
300
234
301
467
384
250
345
177
604
347
237
203
768
314
289
285
617
387
243
193
221
203
262
311
263
222
187
259
200
274
200
220
257
234
307
308
272
206
254
177
275
294
219
190
328
304
263
439
331
263
247
412
20866
234
288
244
309
240
203
312
259
252
237
199
281
349
273
276
211
288
225
205
259
265
228
254
206
257
234
200
313
234
259
234
291
200
203
225
294
205
237
294
200
219
211
272
291
259
297
278
259
183
273
241
228
265
171
277
180
183
256
288
202
234
294
303
283
211
237
259
331
478
220
259
310
208
297
244
203
371
311
260
174
356
272
234
215
222
205
230
174
221
277
504
279
206
1489
658
250
253
293
324
208
320
335
288
174
225
307
190
258
294
257
227
250
309
225
342
417
259
402
1202
220
227
259
254
412
254
310
291
293
190
309
315
260
313
349
219
254
297
225
205
205
206
936
200
259
199
288
294
347
386
390
228
435
171
278
225
256
266
485
328
231
301
266
225
320
183
234
248
259
287
292
342
361
193
287
287
311
326
228
332
232
259
282
292
273
241
234
250
219
281
329
343
298
401
441
276
340
331
217
305
263
200
228
225
259
205
205
171
205
259
498
205
200
205
152
234
259
122
122
122
239
234
252
421
455
220
225
257
337
171
200
206
200
171
237
275
292
240
341
258
287
238
281
254
285
217
243
171
259
122
88
122
122
122
146
171
200
282
320
349
234
263
318
171
203
339
240
371
306
245
302
333
256
352
400
310
259
369
237
174
510
319
374
339
302
316
260
241
297
306
291
327
200
254
328
288
263
278
242
365
286
268
258
291
394
200
336
250
543
379
310
435
546
225
240
200
203
322
146
88
200
205
200
225
200
254
200
254
237
259
259
171
220
171
254
234
152
183
121
239
225
171
288
344
208
325
234
308
514
200
237
199
259
180
177
171
171
254
259
254
240
193
264
345
234
294
200
259
200
200
318
202
304
419
203
171
190
408
248
193
314
318
543
361
357
414
224
905
220
260
229
348
200
407
406
778
183
266
288
259
371
228
496
354
190
200
220
428
617
277
366
298
206
309
287
297
183
282
265
410
220
320
313
405
236
252
187
259
311
265
288
216
190
313
208
262
206
406
354
88
224
260
240
259
254
122
224
225
259
292
259
288
85
234
271
122
225
122
288
182
225
254
146
88
146
225
122
88
180
122
259
151
225
122
288
122
225
240
179
171
180
180
259
122
234
254
122
85
250
94
146
254
180
122
259
205
122
180
288
200
259
225
254
234
224
208
205
240
200
205
206
456
275
146
205
183
288
288
225
276
259
257
234
253
257
336
711
328
200
291
254
171
200
234
205
171
171
239
225
254
260
234
205
171
180
225
122
203
122
225
200
171
259
259
237
205
259
225
225
171
171
234
237
254
254
225
234
200
288
206
122
122
205
146
243
225
183
254
288
234
259
200
220
239
535
190
240
294
254
254
234
268
202
288
227
203
254
307
259
259
234
205
162
225
290
234
260
272
122
88
205
234
234
225
243
122
156
122
88
225
180
122
122
88
122
254
205
260
288
254
284
313
294
329
225
240
171
273
259
234
225
326
205
17511
291
174
276
258
219
174
254
200
288
259
288
225
254
225
225
205
254
225
380
322
183
376
313
326
775
294
200
259
386
254
205
254
180
122
154
122
225
260
122
88
122
228
254
197
234
200
171
200
200
152
180
200
384
826
254
282
174
232
294
202
171
299
171
277
271
205
205
705
254
171
234
200
146
203
254
205
225
171
259
288
205
285
200
220
205
259
239
303
345
1120
171
549
354
354
398
440
301
412
1251
250
246
410
262
298
269
305
254
288
183
234
240
827
205
288
463
251
171
200
122
122
288
258
446
325
254
225
225
205
180
122
122
254
254
279
359
263
266
273
225
376
259
288
225
225
225
411
225
288
211
214
288
171
138
122
171
203
601
344
225
288
171
240
234
214
343
369
225
8183
379
728
287
412
273
360
331
208
263
241
259
293
14227
291
246
183
519
220
261
325
244
768
317
603
467
225
257
332
240
177
234
288
288
190
263
200
234
200
234
303
205
171
208
200
259
199
174
260
268
220
274
171
312
183
757
203
254
262
228
260
205
259
193
254
234
234
215
171
171
304
228
171
288
208
291
262
222
174
242
398
483
234
307
310
273
243
332
296
203
497
324
370
296
271
538
344
275
335
9900
284
869
268
416
228
701
230
312
174
200
254
313
209
237
256
250
217
288
288
215
294
219
171
271
174
257
228
171
234
237
294
316
208
679
270
274
203
262
254
257
262
187
300
174
453
220
190
203
246
206
193
234
225
246
200
350
205
299
209
254
217
257
263
288
174
304
293
293
396
190
371
250
302
309
300
334
247
228
329
273
323
203
294
171
190
220
307
222
307
273
272
273
278
330
309
278
427
289
306
412
208
183
253
206
193
250
285
316
387
341
288
411
225
254
259
259
262
169
262
205
171
225
314
171
259
220
211
293
260
268
288
288
171
257
288
442
234
294
203
257
200
288
205
174
262
171
234
254
228
234
205
253
279
302
174
234
220
200
208
209
237
254
200
272
216
231
171
288
11140
349
448
183
216
247
225
225
211
277
174
205
270
237
174
313
171
225
171
243
232
174
246
240
282
243
190
220
205
208
300
221
332
281
348
273
227
224
235
200
259
245
232
254
257
305
396
279
300
202
259
231
323
228
228
209
247
263
190
390
283
319
406
222
222
203
313
300
253
370
249
270
228
177
193
420
278
190
199
354
220
347
294
282
257
275
275
219
200
225
225
266
342
269
293
215
174
270
208
225
200
477
313
171
276
247
273
263
259
320
391
290
367
288
265
255
200
254
333
313
334
480
352
228
253
848
253
225
291
17136
208
180
205
200
254
254
225
146
146
88
254
205
206
225
171
254
259
196
237
128
122
122
234
125
225
183
225
216
259
259
255
216
225
304
335
171
291
319
345
273
277
336
257
370
504
296
240
234
171
200
330
291
257
263
205
257
305
282
262
215
262
257
291
259
309
203
236
174
228
203
253
321
171
234
291
268
371
225
270
209
174
183
234
171
288
225
225
288
225
429
259
290
244
376
258
337
279
254
309
296
193
234
202
649
498
259
272
177
237
254
171
237
225
234
200
257
205
200
254
288
259
200
225
180
180
225
225
259
237
286
254
234
259
259
220
205
200
219
259
259
265
205
206
259
200
216
407
165
225
237
296
227
335
307
200
171
205
225
264
254
240
318
257
301
208
228
270
205
291
425
310
355
254
171
171
288
262
225
275
254
235
294
259
288
244
254
288
218
254
423
15366
203
290
205
225
205
122
225
234
234
288
171
122
122
322
285
254
271
254
305
291
200
288
209
237
254
288
324
259
200
300
208
232
237
206
171
183
193
174
205
288
171
219
259
307
219
228
205
259
234
88
180
146
259
234
282
228
227
325
219
228
225
333
259
311
282
288
288
294
328
220
259
225
265
171
203
255
254
259
254
171
268
259
200
260
216
208
237
225
288
225
220
234
254
171
203
288
205
203
171
234
183
251
510
183
353
180
308
187
241
281
304
353
318
221
345
305
302
432
360
240
244
295
225
222
274
370
258
512
438
180
320
202
196
276
254
174
174
234
190
288
224
228
301
174
239
225
222
307
310
288
259
278
205
196
183
259
237
486
174
245
453
288
288
199
171
254
285
389
316
339
275
406
346
316
306
411
329
314
187
300
425
703
774
183
292
276
316
254
206
208
254
307
300
296
398
315
346
322
177
234
254
228
273
300
260
228
268
253
339
281
273
228
504
235
282
482
332
271
332
299
320
313
234
357
276
473
234
180
122
237
199
328
203
205
273
282
286
313
264
274
259
211
190
269
276
187
363
200
206
174
220
206
206
234
276
224
304
247
267
200
171
203
259
286
289
255
349
320
278
256
228
243
333
285
286
259
321
208
259
225
190
268
205
259
265
215
220
225
259
88
122
225
309
269
259
270
279
203
262
196
320
234
171
200
146
205
254
200
354
272
300
252
266
288
234
171
171
180
122
225
239
245
271
277
288
254
203
212
224
259
250
225
475
307
259
297
219
208
325
325
320
408
288
200
259
171
272
171
250
289
206
376
272
202
246
228
171
254
274
320
281
276
287
268
503
470
229
254
259
550
342
259
241
309
230
411
308
409
382
285
331
257
272
453
207
263
281
225
288
841
343
275
228
288
361
282
487
550
257
122
225
234
931
262
259
244
174
262
291
254
379
303
222
258
174
203
286
276
253
250
193
225
293
240
369
270
292
282
183
174
205
253
171
259
283
215
177
323
249
215
307
228
285
289
320
313
590
388
236
260
246
244
171
171
259
254
284
240
562
259
304
203
215
231
216
294
228
225
174
297
202
205
193
279
235
258
264
343
275
190
234
279
1386
231
236
200
177
287
510
339
13598
174
224
240
274
260
228
237
174
392
388
311
208
203
174
200
320
296
205
212
276
245
257
237
247
216
257
239
262
206
196
423
398
393
284
231
308
203
174
307
269
279
402
238
291
278
262
222
393
222
284
317
702
220
259
254
254
304
468
189
347
366
24208
257
276
317
174
240
220
243
273
205
200
205
262
238
296
277
257
361
254
253
263
237
274
257
279
307
283
174
274
220
277
259
328
343
228
240
301
333
363
261
225
298
206
271
330
174
247
266
345
206
211
234
171
199
276
262
174
183
262
208
200
240
174
171
205
240
183
288
260
254
222
259
208
298
203
260
240
277
203
325
277
253
309
183
228
274
370
208
403
200
225
253
323
583
288
342
328
174
309
203
259
291
222
316
202
402
270
347
304
232
211
243
253
252
263
417
826
251
262
244
221
763
253
208
464
409
278
770
424
251
454
342
329
268
259
408
254
1222
260
225
199
276
236
308
370
422
230
288
203
339
308
225
247
298
313
200
247
231
396
337
540
198
291
234
271
300
228
240
171
260
190
234
301
203
206
389
288
174
225
364
209
234
171
364
278
348
230
329
287
212
285
376
337
250
222
208
215
237
259
417
237
257
294
200
275
567
320
215
370
267
482
311
270
291
276
260
244
203
228
340
262
302
272
245
321
323
205
225
353
239
513
193
218
433
289
254
254
293
288
200
234
225
88
254
171
288
237
206
117
122
122
151
122
183
122
122
288
297
312
402
371
171
205
477
225
234
234
694
237
171
200
399
187
174
203
244
322
209
338
606
205
254
233
122
259
180
122
122
180
225
224
225
328
337
291
342
309
271
190
203
190
256
257
205
222
224
275
273
247
370
344
625
225
308
358
335
262
254
237
177
277
374
225
293
270
257
297
297
254
225
177
404
271
287
274
330
304
344
295
342
225
281
225
410
221
300
393
321
200
259
205
225
277
254
206
200
293
206
294
259
259
609
171
234
288
205
259
200
225
239
180
205
122
205
180
186
180
217
268
288
205
337
253
333
373
205
206
183
288
151
88
122
199
294
259
323
237
321
263
171
225
239
187
117
218
295
203
250
313
238
527
225
507
546
275
209
333
311
171
346
257
268
304
250
510
276
292
389
534
250
193
275
190
475
241
335
266
264
279
356
253
458
251
304
547
234
278
347
295
295
183
234
219
706
415
854
233
334
240
278
464
272
289
238
316
463
219
260
291
262
254
256
228
296
180
88
259
203
146
122
146
122
225
117
88
117
173
322
146
259
268
180
288
225
271
200
125
322
205
180
183
254
225
288
205
288
146
165
288
225
288
149
180
239
205
180
88
151
122
122
180
239
238
146
122
122
146
88
146
122
268
122
122
152
146
225
254
244
234
171
200
200
171
237
288
268
171
259
259
234
260
225
268
259
245
171
200
259
260
200
231
257
205
297
205
200
200
234
208
183
259
255
259
259
225
225
234
200
225
174
259
234
205
122
200
234
237
234
225
259
225
270
180
200
306
228
171
180
205
288
225
254
217
12176
122
259
183
248
180
171
225
225
171
291
200
288
254
278
392
225
500
208
288
254
231
254
260
205
259
700
199
259
228
234
171
225
288
259
200
775
234
263
122
156
122
122
205
180
234
205
116
122
122
260
254
122
234
122
88
122
313
171
209
259
288
275
254
171
302
234
218
288
286
290
205
205
275
171
206
254
342
368
200
259
171
171
205
254
239
268
254
205
237
171
234
205
288
368
207
465
209
286
242
221
657
453
260
278
246
122
151
234
122
288
87
205
288
156
196
122
225
234
225
225
251
183
174
234
200
122
205
205
225
225
290
287
300
763
259
200
273
323
367
171
254
277
206
205
239
240
200
288
219
171
234
254
225
288
225
204
288
234
322
259
288
234
1128
511
468
205
257
276
357
231
377
304
259
295
238
307
324
246
269
328
422
259
254
200
171
4015
433
259
171
225
317
234
128
122
174
200
343
273
219
237
237
288
288
259
146
200
288
171
220
308
389
333
278
240
376
254
260
225
240
180
254
259
243
347
247
205
88
180
182
206
206
205
277
260
219
200
366
171
239
316
284
254
260
287
221
302
205
416
336
336
291
183
241
293
259
267
368
259
323
225
350
293
234
228
228
311
297
316
228
307
271
427
228
263
183
225
174
205
268
203
240
277
275
171
286
253
250
362
234
288
313
200
171
329
263
215
259
208
262
257
250
254
268
174
234
313
250
219
171
205
208
171
291
243
243
294
200
225
190
254
265
256
247
270
278
6428
230
193
296
358
257
294
359
217
270
271
489
244
193
322
285
246
287
208
279
306
206
225
187
217
300
409
262
228
273
225
200
281
174
209
253
254
254
291
368
333
188
338
203
234
254
262
259
288
234
245
208
380
234
174
342
215
313
304
277
289
260
241
276
247
312
171
288
200
205
304
216
237
291
203
285
368
225
331
277
250
237
321
294
177
240
183
262
307
316
189
282
225
244
336
291
310
10072
244
293
205
254
205
389
262
610
205
291
279
274
219
356
259
247
190
278
200
355
265
262
314
313
317
240
326
273
338
293
220
171
205
243
215
254
257
225
291
283
205
208
174
259
234
288
259
288
225
237
217
262
171
228
171
200
240
200
171
174
200
243
174
300
256
254
171
214
257
200
205
220
331
237
234
254
288
203
205
240
259
230
239
209
237
259
253
254
288
208
171
320
279
328
345
309
243
171
254
252
259
220
209
288
248
351
291
260
285
402
294
265
266
225
257
174
228
222
247
220
330
275
177
237
276
371
257
249
345
193
234
230
227
360
266
1630
205
278
257
354
203
338
208
306
262
319
219
249
309
281
414
219
237
320
4263
664
278
275
275
263
302
578
288
279
275
265
285
286
190
180
254
291
273
316
237
281
174
244
279
208
417
219
221
244
318
601
203
174
602
254
203
235
174
259
260
282
189
260
437
324
291
225
188
288
254
288
253
617
218
305
341
380
177
259
343
296
225
200
171
171
200
225
171
205
225
322
122
265
254
225
206
225
288
206
254
277
225
122
116
288
180
146
268
237
231
304
234
378
279
308
208
193
234
203
254
219
171
254
318
200
241
205
253
171
206
257
209
200
377
234
231
205
278
203
263
237
171
240
294
171
325
234
174
205
262
360
257
174
262
257
240
206
275
348
257
228
203
277
259
205
174
274
91
234
259
122
293
171
244
200
332
307
228
334
528
323
445
353
203
411
215
274
222
417
315
171
200
225
225
288
206
260
262
220
288
239
223
225
259
122
91
122
242
206
171
254
288
237
228
268
259
234
294
234
237
225
291
234
206
171
370
271
274
205
309
225
259
314
205
257
281
254
177
202
203
229
200
174
264
246
228
225
246
291
313
240
261
203
284
420
304
225
319
234
270
257
259
273
293
336
254
330
205
225
346
310
379
240
288
208
259
259
234
259
171
288
183
171
259
87
122
288
205
208
288
259
266
259
171
326
171
254
200
200
254
171
200
420
263
425
291
234
266
215
277
256
258
240
265
193
241
259
274
231
344
225
206
156
121
225
288
278
288
288
254
242
304
316
169
254
205
171
345
298
295
325
227
259
421
313
257
225
171
171
297
215
200
174
205
385
217
259
206
203
254
268
288
254
573
234
288
259
227
171
288
225
291
345
171
273
278
311
298
291
309
347
414
329
257
423
405
345
339
297
333
183
228
353
284
307
311
260
418
373
353
368
291
339
193
257
329
275
358
257
174
228
208
259
244
291
171
304
193
256
257
323
174
345
223
192
324
200
443
234
257
260
240
243
296
203
344
225
205
171
206
328
309
410
336
183
258
1028
486
451
333
290
933
259
238
563
279
190
323
218
288
290
519
171
288
274
285
220
237
228
229
212
171
333
341
206
260
674
250
227
206
193
258
489
321
221
416
670
209
346
304
364
260
291
382
1222
535
278
334
309
171
180
122
171
291
225
187
205
211
205
295
273
239
209
246
289
334
286
307
264
259
426
282
205
259
205
252
290
234
277
208
302
278
340
291
259
263
279
281
421
408
304
323
235
828
291
334
225
200
193
448
346
219
257
257
208
88
225
180
236
474
294
254
180
203
254
254
228
309
432
208
257
369
215
263
288
234
205
254
259
259
260
457
260
2070
219
402
328
225
253
200
180
122
122
180
271
281
263
288
262
279
205
259
225
267
332
239
245
284
276
264
213
305
520
285
338
200
259
254
200
279
183
242
430
225
235
215
316
258
298
243
273
348
285
177
208
272
259
237
211
291
290
601
301
328
282
320
599
359
392
193
219
325
422
225
252
593
272
17779
274
311
259
352
326
254
272
326
429
227
289
287
385
221
259
254
225
177
228
225
303
291
290
328
291
228
240
221
249
300
240
225
208
174
243
276
294
273
244
408
335
246
282
246
246
253
283
173
313
235
369
607
208
266
220
340
183
235
292
257
258
278
190
289
227
215
200
274
250
258
257
300
304
386
259
325
306
307
257
234
171
274
271
328
314
171
296
412
354
564
549
268
513
206
183
279
317
260
260
260
259
279
205
247
443
240
331
482
208
256
203
270
247
206
258
279
274
335
317
276
284
278
215
205
228
254
270
281
240
330
282
338
271
290
220
301
206
285
366
266
259
257
291
262
264
205
296
275
225
203
279
257
404
296
273
319
227
326
364
396
202
324
1466
235
475
238
337
282
256
256
254
260
274
174
183
273
174
200
177
561
260
211
225
174
257
254
302
334
205
174
332
277
237
345
190
327
355
237
259
266
307
166
224
364
293
263
313
253
268
328
304
332
363
407
475
281
228
259
171
205
205
200
205
288
234
205
288
234
228
322
277
203
237
234
240
259
200
206
174
220
217
220
234
203
216
254
268
173
259
259
219
240
228
640
288
256
203
228
211
174
206
298
304
225
251
282
240
205
276
234
291
174
203
295
177
205
222
174
286
260
259
822
291
225
272
189
307
286
276
258
310
370
253
369
278
212
244
424
239
259
203
273
243
225
202
297
254
220
234
243
311
374
228
225
240
253
259
228
350
259
171
285
396
250
237
267
202
516
308
300
200
281
322
354
266
297
174
273
254
435
200
234
487
205
322
393
234
225
203
203
238
228
322
397
224
222
196
251
257
345
300
335
348
294
366
180
206
234
234
258
225
275
266
252
302
234
212
203
219
472
322
225
236
315
220
258
202
239
171
208
323
333
244
288
393
273
253
257
225
268
228
244
259
208
205
171
171
183
146
252
234
288
225
122
259
259
259
254
88
200
122
122
88
200
174
372
406
363
288
240
449
254
288
259
234
291
288
320
274
332
319
320
348
360
317
260
273
234
200
88
225
234
88
88
122
122
180
234
254
262
288
206
237
242
259
582
472
183
265
257
265
253
408
472
528
235
174
266
367
193
219
174
323
174
236
279
553
215
227
379
639
343
236
366
346
288
259
319
255
177
171
228
193
298
263
358
397
205
298
205
239
272
310
233
318
171
272
254
171
171
254
183
225
128
203
234
183
259
285
254
225
288
225
288
234
200
171
122
88
288
122
122
225
288
225
276
288
225
288
224
259
260
171
200
205
205
171
288
122
200
259
288
203
208
272
331
288
254
288
197
268
234
290
314
269
432
278
254
200
206
236
260
292
169
253
284
365
228
264
245
227
295
262
275
19320
204
212
306
232
243
332
304
247
225
400
291
371
200
322
222
535
219
343
464
267
299
272
281
519
346
229
837
183
315
203
316
359
268
254
390
323
479
256
20308
315
331
294
265
319
284
267
180
122
254
259
122
234
259
171
122
186
259
88
171
283
180
88
146
225
180
205
205
225
146
259
200
122
122
225
180
180
234
225
94
234
121
122
180
180
190
171
146
151
237
205
171
200
180
162
205
322
180
122
183
146
259
225
180
122
180
183
122
183
254
219
294
288
225
206
171
234
203
205
260
288
259
288
205
234
234
183
200
234
209
225
288
217
332
278
171
202
259
288
171
259
200
259
234
254
259
200
171
200
288
252
205
257
87
180
254
237
122
203
254
254
293
251
259
200
200
225
254
205
225
259
200
197
254
259
180
259
259
122
121
205
259
288
233
259
234
225
151
171
237
232
255
274
233
234
216
205
88
180
183
224
205
351
340
225
262
300
257
234
240
293
581
494
294
254
288
88
122
152
225
146
225
234
180
122
122
288
88
155
128
121
137
122
337
258
237
293
225
187
388
254
252
333
171
254
468
291
220
200
346
259
183
369
322
365
205
259
254
322
288
254
171
200
254
254
234
294
288
288
217
1200
219
254
228
286
171
400
277
241
265
266
257
225
122
234
156
122
180
200
180
288
122
122
288
205
268
234
288
270
259
1327
88
183
171
322
225
259
200
225
212
296
508
300
406
332
637
288
288
268
256
200
205
254
200
225
268
171
171
237
200
237
288
205
205
171
288
259
234
254
296
310
624
171
254
294
658
411
323
237
363
464
440
190
221
230
259
378
274
237
254
288
183
748
702
259
200
370
327
254
122
233
146
217
788
315
316
205
254
288
243
288
225
288
250
293
278
455
330
228
255
259
358
200
200
200
211
287
288
171
288
269
208
205
151
88
151
205
288
242
243
477
259
205
336
171
290
256
259
183
290
259
375
275
441
291
297
526
262
405
1184
206
237
203
756
225
219
485
394
298
250
256
1065
250
352
237
205
303
351
348
14821
234
228
171
205
234
171
271
200
206
225
205
228
288
221
294
231
254
294
254
259
288
254
260
171
259
221
262
281
225
240
254
291
246
174
217
240
404
234
244
174
262
247
241
208
332
168
272
253
328
221
202
205
262
361
275
243
300
176
348
247
298
187
222
272
230
380
289
285
254
743
205
1106
451
448
291
252
200
253
234
254
225
227
203
208
277
200
309
291
347
219
228
262
208
228
252
203
254
171
272
174
244
268
237
183
231
205
222
288
205
259
401
228
319
396
225
257
321
277
323
250
316
257
205
203
216
354
183
215
274
319
237
241
243
369
269
289
257
228
291
421
228
208
203
277
259
254
190
188
277
244
203
190
220
354
220
291
240
270
202
168
303
260
291
258
349
593
253
364
303
228
281
348
212
350
254
272
392
269
245
273
215
259
259
200
268
205
211
205
174
239
225
288
228
257
203
240
288
288
174
237
200
225
200
288
234
234
237
217
203
171
273
225
203
254
254
291
171
234
205
225
299
211
208
288
203
260
200
257
171
259
273
259
288
252
234
183
203
288
288
200
259
286
244
281
220
316
316
413
240
205
205
225
205
237
206
234
288
241
277
240
297
203
288
259
337
326
291
313
294
220
276
386
190
276
297
203
329
258
205
358
288
234
272
276
291
304
253
345
225
228
260
171
228
243
247
391
233
329
314
266
261
231
294
263
260
411
183
209
237
203
327
276
192
259
259
205
446
219
294
257
291
228
639
262
203
294
238
174
257
224
325
205
333
257
241
660
237
285
204
270
313
586
387
304
240
353
171
281
376
282
205
254
263
254
208
253
310
183
351
256
225
268
416
297
324
314
225
298
234
171
291
200
234
288
253
146
122
288
205
234
206
171
284
322
206
259
180
122
122
225
259
254
122
268
332
240
288
513
298
208
265
208
174
234
254
273
205
215
402
237
277
228
190
273
268
243
257
174
259
237
269
309
288
225
171
311
276
234
206
271
183
200
174
270
228
294
370
174
234
425
200
235
231
273
275
220
310
215
225
239
171
205
254
121
179
122
171
260
294
384
355
305
374
291
485
293
307
319
372
275
227
473
209
404
257
333
237
200
259
200
309
208
291
171
200
174
234
240
254
225
146
122
251
171
254
171
234
171
205
268
234
263
288
259
171
260
225
217
206
259
219
171
171
200
171
225
234
239
234
200
291
171
200
201
263
254
300
279
171
173
174
240
202
323
225
277
339
330
254
291
200
19774
171
291
200
318
364
626
268
171
171
225
173
268
227
270
227
291
205
225
225
306
268
234
268
220
225
234
228
259
259
209
202
224
227
200
247
260
200
205
206
225
254
234
254
234
259
228
222
243
268
254
259
227
174
225
253
343
276
177
253
203
311
230
205
88
288
146
234
199
234
378
424
291
275
250
332
265
255
195
190
221
240
262
321
203
647
492
331
209
177
279
174
205
288
283
203
225
265
234
234
205
296
259
259
225
225
237
254
262
240
325
234
200
171
174
237
366
262
257
375
273
422
260
286
376
310
313
273
237
440
309
484
335
292
224
309
241
203
408
183
228
339
330
260
304
262
238
477
406
313
269
200
357
174
208
171
190
479
308
371
481
288
293
247
208
373
379
334
228
326
224
257
219
277
211
220
416
251
237
320
225
288
254
460
228
292
220
262
314
365
273
342
365
342
375
356
310
269
288
240
444
601
240
262
183
389
222
291
307
263
250
296
319
352
475
288
234
2875
336
235
379
247
240
304
272
243
199
727
338
1083
315
201
254
303
276
243
244
317
376
269
247
310
259
225
122
146
322
220
373
244
277
328
253
278
388
389
317
324
309
399
338
366
269
206
253
323
259
225
254
234
288
257
281
215
442
277
330
217
206
225
183
189
324
208
259
337
193
588
317
298
244
232
347
243
300
295
231
435
340
186
180
254
228
357
259
258
85
146
254
294
220
203
206
305
202
222
260
271
88
217
239
205
183
183
217
288
531
262
222
254
202
268
171
260
288
179
122
259
297
621
238
205
220
409
288
656
171
254
458
375
309
275
413
190
262
391
367
276
335
225
259
294
171
326
234
205
259
288
244
254
206
193
200
361
228
208
461
243
246
223
225
206
238
259
199
605
298
482
433
907
252
1544
237
222
366
335
177
1285
353
225
250
2570
331
387
171
205
371
190
286
203
264
432
377
217
294
327
214
205
234
234
239
219
374
266
244
312
174
217
291
278
279
349
336
275
306
234
228
260
248
419
253
278
269
232
273
252
246
307
285
328
259
190
532
337
261
219
331
228
324
264
342
556
377
250
288
405
287
228
265
432
237
183
225
288
240
171
212
234
171
259
347
254
174
284
288
234
249
183
285
368
256
246
320
228
404
315
209
500
352
518
313
319
336
355
199
370
615
3869
203
9825
174
311
296
245
307
222
289
190
174
228
205
332
171
353
298
278
244
293
317
316
276
231
228
298
310
256
193
186
225
310
334
317
291
227
269
216
190
292
232
261
202
343
254
499
191
294
264
380
316
305
243
438
294
514
271
171
172
352
637
220
200
190
272
220
254
387
200
171
257
200
197
171
239
203
237
305
228
257
177
216
203
274
273
230
234
208
330
222
225
261
203
205
262
282
240
301
329
352
393
606
282
310
471
259
308
346
193
434
367
171
254
288
205
171
171
257
171
234
269
259
205
234
262
240
225
183
263
234
307
205
309
234
203
183
524
254
205
254
272
200
277
206
240
206
285
171
200
302
325
220
256
388
235
19113
294
225
291
171
220
173
234
307
257
393
190
203
228
346
277
243
238
313
240
373
309
247
254
263
234
202
209
278
219
411
304
174
288
386
266
773
289
283
225
376
203
315
237
288
283
215
277
237
310
174
215
262
260
291
171
225
268
254
339
231
205
196
200
299
228
256
328
222
225
257
429
203
384
380
288
288
240
183
259
373
259
254
171
259
273
234
225
205
386
232
354
421
375
280
232
316
203
247
252
360
296
214
917
251
299
171
225
208
205
247
306
220
258
347
278
237
174
307
408
209
205
696
326
212
227
259
259
227
292
260
328
250
737
338
257
403
324
325
442
337
219
203
288
225
171
237
205
205
285
240
146
225
254
234
259
122
122
146
171
122
189
292
462
238
254
174
205
203
291
234
294
247
225
254
171
250
382
256
271
336
341
294
244
266
367
234
203
169
206
122
156
146
122
128
88
88
258
261
256
313
651
243
309
232
326
265
228
279
225
205
354
200
252
273
296
260
212
271
265
176
228
1358
203
206
246
200
567
355
307
333
342
294
335
205
258
304
370
368
240
244
303
339
257
257
349
260
244
263
291
275
269
326
214
244
528
225
146
205
322
151
94
268
208
268
288
225
205
254
239
205
242
259
122
171
146
122
122
225
145
180
180
122
234
174
222
259
171
607
311
389
205
200
205
234
268
268
225
250
254
234
193
294
183
310
171
288
171
259
180
234
231
289
336
246
327
247
357
377
260
407
283
354
307
271
454
232
277
317
500
216
416
18010
263
277
183
254
225
270
232
171
1077
336
254
484
16477
421
334
223
263
220
333
1060
215
387
1193
263
266
262
339
296
274
284
193
286
254
344
225
343
376
303
371
266
1180
291
332
241
239
219
291
206
259
122
205
200
254
146
259
257
88
171
225
180
259
205
234
122
146
277
146
251
122
180
225
146
205
223
200
225
180
254
122
146
171
88
225
259
243
254
293
205
254
146
225
268
180
271
254
146
122
122
292
1046
252
183
88
225
180
234
225
122
180
234
291
203
254
230
291
234
293
252
225
199
183
242
268
171
225
260
200
225
203
259
225
205
171
390
177
200
455
316
268
185
171
200
254
88
225
234
234
259
171
254
208
288
200
259
217
88
200
183
234
288
234
200
288
234
234
240
257
259
293
237
128
146
146
234
200
288
225
203
122
254
234
180
260
200
122
288
262
259
206
200
301
263
254
364
183
88
206
239
260
259
205
254
266
302
205
327
237
205
234
122
225
205
174
258
171
205
122
180
156
259
248
254
200
122
259
88
183
88
162
180
122
122
122
649
205
171
254
88
331
280
219
278
203
234
259
290
295
234
171
209
205
206
1358
275
256
225
200
288
171
250
282
288
200
254
234
254
200
254
203
200
370
203
510
275
198
279
276
314
447
202
320
205
254
180
88
117
122
122
288
180
128
122
225
254
252
206
288
225
171
254
225
180
259
225
205
268
288
329
421
344
237
250
234
310
326
330
234
205
205
265
198
254
309
205
205
183
237
200
237
288
237
196
239
225
259
234
205
180
171
291
252
254
254
174
294
258
228
259
410
278
366
250
249
249
313
309
320
275
171
171
174
271
347
512
254
200
247
275
171
146
122
225
254
187
474
316
288
205
171
225
183
180
122
122
171
262
265
247
532
272
288
183
203
254
259
254
234
216
259
277
280
254
183
146
128
259
234
200
252
225
408
234
200
241
205
288
171
241
234
724
288
225
240
301
257
297
256
381
239
196
247
205
203
266
263
307
321
228
304
300
749
319
519
414
278
228
403
225
273
237
225
250
171
205
205
171
200
273
260
174
257
257
294
234
225
262
562
203
240
257
277
183
276
219
205
225
171
941
228
225
206
294
174
259
270
200
183
424
237
183
208
254
211
305
313
205
304
219
297
234
348
259
193
337
411
349
221
388
259
285
294
259
263
315
206
174
247
694
206
246
234
211
220
206
237
203
206
286
200
234
259
275
260
254
325
259
310
273
254
243
228
291
174
296
200
254
208
225
271
283
306
200
304
260
265
203
257
174
297
257
268
286
228
288
320
203
196
200
304
456
268
263
260
259
240
291
271
262
171
302
288
200
208
294
183
225
257
231
203
200
403
232
249
250
217
190
340
234
413
247
381
367
283
193
256
200
1733
272
333
256
253
273
277
443
378
209
337
245
289
193
240
240
304
296
174
332
356
208
336
321
200
200
203
288
366
234
217
294
171
171
259
259
302
234
234
234
200
225
288
232
234
2257
288
292
171
225
270
234
288
203
219
171
288
291
205
259
257
225
237
171
314
193
288
274
225
259
271
253
254
257
200
237
254
174
293
171
205
254
254
250
300
598
234
373
345
336
217
275
228
183
220
229
171
271
225
205
203
200
235
196
257
262
253
409
228
291
174
422
187
262
243
233
190
283
225
348
273
200
250
237
278
225
271
257
254
330
260
328
302
225
199
282
342
265
253
271
788
613
234
374
295
276
216
359
322
240
259
260
302
263
297
610
250
276
271
275
206
354
231
354
206
266
211
347
654
273
228
314
430
208
238
253
417
260
456
262
389
254
263
338
221
275
260
238
393
193
660
273
363
333
259
288
344
559
206
225
238
248
310
174
265
212
414
335
373
313
234
225
171
205
288
225
288
643
233
122
254
122
259
234
254
205
259
288
200
294
88
146
122
180
237
253
146
248
296
497
217
635
396
193
257
183
254
291
259
252
203
288
262
286
273
174
259
257
274
319
183
248
174
288
228
286
310
268
187
209
173
225
316
225
240
183
230
253
222
205
288
287
217
208
219
304
375
307
278
190
288
291
259
200
259
146
254
234
212
225
270
259
276
320
237
252
276
396
343
361
335
361
1222
294
311
520
237
349
320
200
200
171
260
288
288
254
205
216
220
234
228
260
88
199
225
203
254
334
205
234
336
252
200
204
300
174
254
234
276
240
297
205
203
225
262
171
205
200
259
211
171
257
291
246
208
291
240
200
183
228
200
234
174
304
322
260
231
177
234
275
321
259
256
200
171
231
330
323
278
294
260
297
259
205
237
225
307
228
256
219
416
276
309
322
268
234
259
186
88
400
88
205
259
200
122
200
225
216
174
225
257
304
190
225
171
268
254
174
225
225
333
259
237
229
200
259
286
260
282
247
434
295
257
270
247
260
193
351
288
288
296
121
128
88
268
224
177
219
206
292
259
359
203
278
281
238
200
262
514
259
234
289
254
228
288
254
205
203
288
203
205
200
171
288
288
259
225
294
262
171
254
225
171
171
313
234
203
294
217
174
203
340
268
225
270
218
260
290
323
357
227
273
288
361
252
336
293
193
547
321
268
310
274
253
234
365
257
276
257
228
306
866
233
257
743
288
288
216
180
288
313
243
218
764
253
249
262
254
291
276
260
263
273
308
244
204
314
276
241
233
309
256
289
288
348
254
205
339
174
516
304
174
295
371
475
424
563
1062
228
240
298
241
243
274
429
307
183
219
384
200
196
225
260
355
302
443
346
401
406
180
171
354
244
279
318
291
282
260
326
251
244
415
243
265
221
417
309
326
202
206
238
307
202
222
222
314
322
283
254
146
122
254
445
311
190
206
348
174
265
265
339
209
225
302
285
281
183
269
268
399
329
254
254
171
254
246
260
240
205
1098
222
291
314
303
274
257
205
241
391
291
247
300
443
287
678
285
225
224
256
295
280
338
277
262
288
180
146
310
283
297
205
122
259
259
242
244
213
275
262
345
333
288
266
171
205
225
288
259
171
259
224
293
252
221
282
273
203
171
205
180
239
128
183
202
205
224
234
225
294
511
273
206
349
374
174
262
241
290
431
281
234
202
279
390
288
225
234
225
351
237
288
257
171
250
259
177
174
307
187
211
265
302
206
301
268
529
340
234
353
326
304
295
295
171
208
243
234
411
1171
1180
271
254
215
230
315
285
221
225
281
225
258
228
379
273
284
225
293
274
215
234
256
180
377
254
398
307
253
316
461
431
235
282
208
310
239
234
208
209
227
265
238
259
222
262
174
203
466
265
288
257
311
225
260
171
240
254
257
262
372
278
259
267
262
174
239
252
203
300
260
326
259
422
389
265
291
237
171
259
243
358
180
375
259
174
301
234
254
313
298
469
205
218
259
254
265
247
219
200
240
335
347
228
246
269
240
2867
346
374
1607
237
253
376
388
208
9824
253
228
273
22878
174
177
294
183
260
274
271
317
387
248
234
209
343
222
316
282
277
302
216
311
253
320
257
352
291
244
342
250
322
344
259
278
428
263
205
174
240
326
260
228
326
257
515
363
196
199
330
281
293
254
252
250
647
538
279
301
228
232
222
225
300
171
220
299
288
206
259
222
211
171
174
228
305
297
257
203
385
174
285
296
177
237
244
276
216
247
493
315
303
310
312
290
258
276
327
304
339
260
267
336
312
328
421
369
369
294
282
259
259
225
205
205
216
257
294
200
225
270
266
228
254
171
288
257
240
220
237
225
205
263
262
260
205
254
193
259
234
216
171
220
257
237
225
345
206
240
246
257
261
289
240
237
220
239
174
310
273
274
205
300
288
257
237
211
413
203
277
288
268
247
278
328
276
242
200
289
304
327
427
215
369
308
310
341
202
225
317
211
611
312
225
171
254
278
171
254
247
298
256
284
257
435
193
319
260
240
225
205
323
247
259
320
225
227
450
259
232
315
309
263
291
234
243
203
203
610
260
259
205
171
193
225
272
206
171
234
288
254
255
290
292
190
305
387
202
225
271
291
400
285
196
335
338
225
200
288
254
259
205
396
711
322
447
208
363
278
221
544
247
495
301
273
310
278
243
277
225
294
177
177
237
244
303
347
301
295
300
304
287
224
237
200
254
205
254
237
225
217
259
225
171
285
180
293
122
234
128
158
122
122
122
288
332
273
257
315
205
262
1060
234
171
259
259
200
225
317
275
273
220
275
469
190
355
383
234
225
200
259
225
259
268
122
121
122
122
151
259
383
323
313
279
370
317
294
512
171
290
257
254
220
225
277
574
227
228
215
203
203
322
208
350
275
244
289
212
279
285
267
205
278
295
257
282
240
203
334
263
468
514
228
251
177
190
220
240
225
259
340
290
224
611
202
244
237
303
171
205
171
254
88
225
152
225
254
282
259
279
200
259
253
266
259
259
122
122
225
88
180
122
200
171
309
240
247
240
200
225
285
208
310
225
171
260
171
225
204
88
291
171
217
234
209
475
297
243
240
254
259
171
240
372
287
177
391
397
254
328
351
636
402
282
296
319
216
395
216
345
286
219
756
307
254
269
294
329
3505
174
262
183
288
171
260
355
399
252
209
254
205
310
254
310
282
196
217
360
294
320
268
263
373
324
267
222
222
243
291
575
268
392
506
205
374
237
339
294
306
231
325
714
117
180
122
122
322
149
121
254
122
180
171
288
234
186
122
254
259
180
162
288
122
180
293
225
225
171
258
122
288
225
214
174
200
149
122
259
225
146
122
171
88
186
122
180
259
294
234
119
146
151
94
146
122
179
259
180
122
200
234
205
180
180
237
366
268
171
254
212
225
171
205
259
259
259
203
200
225
137
254
180
254
288
203
237
200
313
224
278
289
287
237
171
254
206
237
234
254
200
200
225
243
200
225
294
194
234
204
234
254
288
152
234
288
225
254
171
234
234
268
237
219
237
205
122
259
183
310
205
293
254
259
122
88
146
254
225
259
200
259
200
288
322
206
424
313
332
212
200
203
234
254
146
1311
205
288
360
395
254
264
221
171
205
171
288
202
234
200
290
180
159
122
268
225
220
259
171
122
253
149
122
180
88
122
146
122
146
634
200
205
470
205
271
274
171
342
228
225
205
295
329
171
171
244
254
171
294
239
292
234
259
237
254
205
322
205
171
199
234
200
234
205
225
88
328
174
273
206
407
298
310
219
399
445
423
171
254
254
146
122
87
122
235
237
122
156
159
294
322
239
234
259
225
326
225
205
200
259
579
234
237
229
272
354
219
276
205
316
287
263
237
288
240
248
200
205
205
200
203
200
88
259
146
277
348
260
200
254
237
254
288
239
254
374
310
316
288
258
260
193
234
352
294
357
257
275
241
187
261
230
250
323
234
220
234
288
224
557
205
254
252
1225
261
239
180
225
254
467
352
400
259
254
200
322
259
180
122
180
259
253
247
354
281
294
237
316
171
234
200
243
225
205
234
240
361
316
225
225
146
225
122
225
220
208
447
259
171
360
324
260
171
367
288
443
205
351
208
296
354
279
202
225
228
266
307
200
200
334
268
291
232
200
294
338
268
234
559
240
412
276
234
284
313
171
259
203
234
225
288
219
291
203
270
257
241
177
273
282
225
257
304
565
187
171
336
174
260
362
211
203
225
234
203
234
174
304
208
260
271
174
221
203
177
217
247
244
257
240
252
310
200
203
219
228
259
271
265
369
273
244
208
205
225
228
323
215
290
519
221
222
253
273
546
430
260
244
206
239
190
205
365
234
234
205
228
174
200
205
390
281
311
200
217
259
205
262
211
288
300
221
239
259
240
305
203
268
263
203
254
238
228
316
329
225
316
286
228
259
645
228
275
257
292
234
240
293
357
307
217
234
171
203
225
241
254
288
222
265
209
353
307
282
248
174
250
228
252
171
208
220
257
260
171
253
431
206
183
241
187
273
244
261
240
183
238
285
268
273
281
190
334
270
392
332
256
206
348
276
233
212
308
244
291
200
203
237
171
200
288
206
174
205
234
259
237
205
225
203
234
234
183
277
302
269
225
269
200
297
220
259
265
254
174
228
208
208
240
171
174
208
282
288
205
259
301
259
200
291
265
171
208
265
254
269
225
345
266
237
174
325
220
239
203
849
291
272
237
190
196
254
240
277
200
171
183
279
260
288
279
205
237
252
252
272
208
225
205
262
228
209
288
177
309
254
229
262
225
288
348
225
225
319
237
225
222
247
277
304
278
200
294
364
174
367
370
282
257
230
468
228
465
239
183
225
288
624
272
290
278
187
222
237
329
285
307
237
304
321
275
259
228
171
262
203
208
174
259
220
240
254
240
288
260
254
263
335
304
171
254
200
206
262
296
286
171
234
282
488
449
301
257
265
311
316
200
200
327
259
225
254
319
428
307
236
320
285
323
322
294
386
225
266
205
406
91
225
225
225
253
122
202
128
205
183
275
205
271
200
171
225
234
122
122
257
254
205
170
225
262
234
234
417
206
235
260
254
254
208
282
205
205
288
199
257
250
190
246
171
222
259
234
225
237
326
206
310
288
346
289
193
208
200
254
413
239
297
206
220
234
234
345
272
358
228
193
200
208
310
222
193
237
225
202
254
162
322
254
88
180
206
225
237
250
282
306
588
404
278
385
879
394
598
356
326
260
376
215
209
357
174
291
234
234
316
217
288
333
288
233
234
430
254
277
234
293
116
146
225
254
225
200
237
234
171
400
422
288
13774
288
259
294
288
274
225
220
288
171
234
254
284
244
294
171
262
276
171
288
228
237
205
304
294
285
2745
274
254
274
254
240
241
247
224
325
257
257
314
376
174
288
292
234
256
259
234
199
205
259
254
272
205
329
395
225
206
171
270
151
257
287
171
180
205
254
88
122
259
237
274
388
200
256
269
200
437
205
225
203
254
205
171
171
339
636
375
200
260
272
265
243
171
262
259
206
254
315
281
442
272
190
254
186
180
254
205
88
277
272
190
296
219
256
328
195
228
244
253
375
247
268
241
171
422
291
193
225
337
206
265
205
257
243
208
288
225
259
262
174
259
225
171
268
291
259
203
272
254
208
307
254
200
12944
190
257
276
424
791
183
310
246
254
171
239
171
219
203
421
244
239
309
334
287
211
270
288
293
245
354
334
285
344
357
260
253
256
373
268
260
259
208
428
183
200
328
307
203
326
481
291
203
276
171
257
298
328
285
240
464
324
410
375
410
208
225
240
317
225
254
254
304
340
525
237
270
1154
294
281
174
285
407
291
336
193
224
593
391
359
259
227
2929
200
296
410
222
309
266
419
239
253
200
622
259
220
310
328
243
272
322
326
290
256
289
337
279
257
432
639
453
421
476
327
244
355
410
326
689
479
323
252
237
221
88
225
262
228
225
259
177
228
256
247
346
257
258
250
335
685
372
366
212
298
247
259
224
257
171
257
256
237
231
259
354
452
256
282
339
329
205
440
228
307
260
300
268
225
378
378
200
231
212
237
323
259
1158
212
171
196
259
174
262
254
225
239
122
146
1472
234
259
219
328
300
298
331
267
257
234
259
239
206
240
259
522
234
229
240
234
313
270
294
259
180
88
200
254
311
276
279
205
288
287
171
287
217
314
353
177
271
340
272
225
378
363
295
362
333
259
259
225
205
292
303
259
220
237
19556
234
288
228
291
297
219
345
174
237
312
332
206
285
202
323
350
376
319
177
259
323
321
329
385
244
254
603
357
249
222
244
219
288
174
290
280
287
237
322
228
220
298
405
679
259
174
299
94
200
266
244
242
250
303
260
279
263
335
211
205
282
190
237
367
316
231
183
177
281
255
239
234
270
238
294
287
479
240
228
250
344
365
252
389
453
253
348
333
255
348
200
270
244
273
462
270
205
206
277
227
241
256
279
282
227
225
254
225
234
205
288
208
200
7838
205
254
288
225
288
171
468
317
203
257
216
277
292
228
925
174
227
388
435
342
419
252
342
303
26825
208
274
253
247
277
225
205
308
171
406
297
171
21944
306
346
335
228
174
228
174
263
206
220
322
275
205
244
791
314
345
241
216
224
268
268
228
288
331
390
257
266
208
200
316
235
302
240
202
208
307
3978
313
333
276
294
504
284
351
226
235
356
271
291
350
277
208
254
225
405
288
225
209
293
259
447
208
259
225
257
308
259
262
299
247
310
333
273
240
2647
208
532
233
216
287
304
651
222
215
262
262
259
314
496
282
287
190
310
250
302
237
263
782
200
205
322
171
205
252
288
259
261
518
299
205
228
208
244
200
174
171
309
259
171
306
304
206
259
259
203
174
240
234
259
257
277
288
171
244
240
294
259
273
26473
259
239
205
225
174
174
291
231
228
247
273
205
205
228
244
259
200
284
224
225
251
336
262
257
228
371
216
516
325
311
247
291
307
255
537
334
305
225
367
489
296
257
288
376
259
385
270
228
174
187
268
296
234
266
190
308
171
234
240
294
323
200
258
273
288
260
200
203
271
183
286
288
307
271
278
240
294
262
407
183
200
240
268
288
834
361
225
225
200
208
288
288
328
447
212
284
203
279
309
472
458
327
372
222
335
336
171
266
259
239
237
288
240
390
300
238
389
382
304
371
297
373
472
230
289
309
329
252
259
254
601
240
190
328
363
312
366
351
244
388
313
227
467
171
171
254
268
241
254
205
288
288
171
288
322
254
122
259
200
206
122
225
122
196
225
277
209
196
359
288
225
296
288
171
259
171
200
237
333
227
312
328
254
240
274
315
374
267
243
254
259
234
122
254
146
156
122
268
143
254
247
243
626
171
262
249
315
268
294
285
276
257
1475
225
187
316
237
262
555
312
187
253
174
201
232
308
269
302
177
374
254
252
553
203
240
284
234
254
258
300
241
364
196
206
263
278
382
225
200
316
442
303
382
385
295
314
219
313
240
234
225
259
256
225
146
200
240
257
254
174
385
225
288
259
131
259
254
280
259
180
220
122
122
140
146
168
491
180
225
225
358
174
246
205
171
171
234
224
200
122
259
259
253
346
345
177
447
203
171
254
200
225
205
221
196
279
393
318
254
298
358
365
647
234
296
208
1598
253
296
228
478
704
388
400
297
410
192
321
276
309
253
220
283
320
187
297
242
171
257
434
316
306
263
346
342
273
244
259
253
267
331
247
404
345
429
239
268
187
190
370
319
293
404
275
297
231
282
406
313
384
389
313
225
200
122
146
270
288
146
122
301
146
88
225
122
259
259
200
220
234
122
287
288
259
254
88
121
122
131
260
121
239
288
146
146
151
268
180
225
254
122
240
225
254
125
146
259
239
200
183
146
180
209
148
146
322
88
180
122
259
146
205
180
259
234
219
183
171
233
209
234
200
171
228
205
205
291
240
234
254
234
146
234
146
254
220
206
202
272
254
277
288
205
205
254
171
225
205
205
254
294
171
225
205
208
240
171
225
234
122
156
122
177
259
234
288
259
254
200
237
225
200
183
122
288
288
288
88
288
225
293
171
234
180
288
288
259
205
259
254
202
260
243
288
323
250
497
307
411
171
254
225
254
322
225
205
288
284
297
200
292
342
234
291
254
239
260
225
225
291
180
88
121
179
225
225
237
322
128
116
122
234
171
121
180
88
125
122
374
200
171
197
259
308
506
225
478
234
225
205
386
341
207
259
380
219
254
334
274
320
203
234
259
288
225
225
205
259
254
223
200
234
547
203
205
327
383
276
177
313
174
227
309
183
277
199
203
200
206
122
122
122
122
171
88
122
122
225
234
234
171
225
171
234
259
151
122
288
268
219
199
225
266
371
343
426
283
288
646
676
655
254
171
254
524
208
234
259
259
171
225
234
205
259
288
225
259
292
225
234
205
293
259
322
297
348
217
293
288
415
338
307
313
217
484
307
269
250
222
208
301
278
387
340
288
205
259
268
331
288
237
244
328
254
180
151
234
237
215
508
331
675
265
88
322
122
88
183
91
234
301
314
225
515
374
254
1485
268
205
254
673
171
259
254
171
219
204
268
88
225
88
149
205
254
279
216
260
234
326
288
259
248
234
254
174
206
459
294
1398
368
988
289
353
256
408
350
200
259
237
222
208
209
313
258
354
287
209
412
225
183
225
232
265
417
225
200
206
217
225
200
174
258
225
301
205
288
240
245
234
205
220
242
259
344
206
260
208
1459
254
171
237
254
358
183
171
408
259
234
200
257
206
205
174
284
308
339
174
294
288
488
183
282
681
193
257
314
252
1201
208
269
313
300
352
219
670
328
687
274
370
301
257
245
298
225
278
228
266
257
277
309
329
294
171
294
300
396
260
229
259
254
171
266
262
228
228
228
171
209
273
225
260
268
268
217
215
205
217
269
225
244
254
396
273
205
200
282
208
227
288
224
752
275
632
203
373
215
259
298
265
351
234
259
171
262
252
200
257
171
326
335
308
260
291
358
262
200
265
257
278
262
260
263
310
234
313
281
373
311
250
272
228
285
171
381
271
277
256
320
334
187
295
392
266
466
270
259
289
222
289
217
290
208
257
320
237
254
262
228
237
205
234
674
294
189
287
644
220
200
234
225
237
225
254
183
205
171
234
234
259
206
174
288
228
219
225
208
277
171
200
171
294
205
234
234
203
205
225
308
203
257
234
239
259
225
313
259
171
285
228
197
203
291
260
208
208
306
363
265
240
303
216
232
296
288
259
291
327
291
290
370
174
174
338
205
200
274
200
273
275
291
311
265
228
310
259
288
265
273
259
171
200
223
171
276
282
239
224
349
177
260
290
225
282
309
177
311
269
231
174
219
351
234
285
358
282
200
282
259
463
231
300
738
227
231
228
250
335
208
294
291
240
838
259
258
273
200
211
254
205
369
270
257
356
278
367
208
294
241
257
398
298
229
267
430
288
327
180
310
519
174
334
480
282
370
301
254
234
244
206
225
234
430
304
278
283
308
378
174
397
817
1090
390
259
262
219
254
200
254
205
254
254
180
122
239
254
183
203
237
254
205
225
254
146
196
88
183
205
183
122
301
177
268
479
425
259
202
243
200
257
199
177
234
205
203
257
260
249
399
205
262
200
257
287
177
225
277
411
228
234
225
327
171
635
273
215
208
286
203
259
281
282
240
224
281
384
206
266
239
295
275
240
296
300
171
268
151
225
189
171
122
288
88
313
354
342
374
249
323
361
220
284
491
272
731
323
662
298
389
320
416
398
217
234
259
254
200
200
205
395
165
260
234
214
200
122
220
259
88
288
325
2216
268
331
262
259
265
266
254
203
234
257
288
315
254
225
200
171
216
205
231
259
265
257
334
225
309
336
171
824
228
271
418
335
171
205
206
220
228
344
240
361
193
234
222
240
203
193
225
259
263
235
177
239
205
205
259
200
200
206
277
259
405
267
254
171
205
205
205
288
288
88
217
259
288
288
205
171
225
279
219
197
212
301
225
254
205
288
234
234
243
902
222
190
225
379
215
171
311
266
248
208
225
253
224
225
291
247
283
294
257
171
100
122
122
88
146
305
291
208
310
203
243
307
257
240
244
255
272
394
281
183
305
234
187
257
234
200
200
259
294
288
205
203
174
234
234
254
225
258
225
254
219
225
237
288
217
216
203
288
254
174
228
271
208
471
203
268
287
262
611
619
421
467
240
354
335
412
286
366
347
325
335
208
358
275
234
269
254
340
205
257
240
234
224
259
228
282
288
241
615
333
234
216
295
298
206
311
291
410
234
373
234
237
257
310
193
259
274
257
811
225
209
273
307
259
296
243
190
220
307
206
308
497
1118
523
342
313
845
514
454
359
368
216
734
365
582
347
307
297
208
225
365
174
200
396
218
284
329
203
328
205
288
259
263
263
286
302
240
326
228
252
235
345
370
256
225
327
250
254
335
408
379
363
362
252
348
319
326
315
254
170
122
268
447
296
241
200
234
214
259
183
352
305
205
257
297
254
657
234
260
177
244
259
259
224
237
259
256
199
262
368
174
357
306
202
387
237
205
183
296
330
171
278
254
313
224
686
288
331
328
328
231
450
278
294
288
122
342
257
268
234
254
122
186
240
305
286
268
265
200
316
277
363
221
171
206
254
254
171
260
259
294
277
345
288
200
174
259
362
260
206
122
88
225
494
252
205
259
209
296
174
273
206
280
351
281
276
221
641
257
237
279
362
225
338
180
288
203
254
317
205
259
254
234
278
254
262
291
228
200
259
242
237
356
237
380
220
240
275
388
327
401
307
220
174
341
323
193
250
264
299
183
221
242
292
247
758
171
295
543
251
322
317
234
307
349
441
640
305
275
292
329
293
200
205
262
291
177
206
237
216
171
243
205
222
231
329
214
241
271
334
225
203
206
365
234
294
271
259
220
253
364
221
228
221
316
239
292
250
284
254
333
263
237
1180
171
190
193
310
237
291
278
203
457
174
216
200
205
358
171
205
205
343
205
317
268
234
404
273
205
288
268
460
217
330
205
220
190
215
228
276
205
315
240
327
227
256
279
282
239
225
272
277
314
288
373
208
418
268
237
237
271
187
237
338
242
259
225
286
259
267
208
325
203
277
286
253
196
266
428
254
282
237
222
307
348
206
271
383
259
287
227
224
220
270
417
193
260
203
177
200
291
224
263
297
339
216
352
259
274
260
247
294
208
396
322
838
262
171
261
247
239
206
239
234
309
279
208
288
265
344
330
174
297
250
208
298
303
308
239
240
291
215
203
291
247
259
267
205
246
322
273
299
334
376
239
307
234
412
241
282
331
296
350
212
250
214
313
601
314
203
259
205
208
268
257
388
259
228
274
231
203
205
183
174
243
277
200
234
200
228
234
208
197
288
234
212
206
294
237
257
240
259
203
254
174
171
262
203
219
253
222
313
174
309
281
205
228
257
234
230
221
374
265
263
203
225
295
244
196
253
358
230
352
272
259
249
301
246
444
271
442
436
327
390
295
390
234
200
183
234
254
449
288
316
288
442
234
393
196
254
323
174
203
254
379
233
629
234
362
332
174
316
25423
200
288
237
237
270
291
426
536
253
269
293
225
174
228
203
206
410
28383
254
205
322
225
259
268
412
234
409
295
352
313
239
225
471
310
200
517
310
353
235
200
339
254
234
225
254
316
208
253
258
304
329
347
242
288
310
174
341
291
316
196
374
208
216
288
300
199
293
310
211
248
259
352
205
310
698
250
225
1475
254
205
254
237
234
254
171
200
254
234
303
171
171
225
88
122
259
254
171
180
320
275
338
408
200
205
205
171
225
268
259
288
259
298
248
289
242
296
225
244
193
229
278
205
293
174
180
254
128
122
156
122
122
180
254
257
276
254
234
205
279
311
310
393
370
225
351
241
230
314
290
259
237
310
345
237
257
1364
263
272
240
228
206
180
174
280
174
346
328
276
282
288
225
265
286
208
247
240
277
272
208
171
388
205
238
174
225
219
173
328
294
268
326
200
206
268
259
237
131
205
225
225
288
259
225
260
254
206
205
237
288
88
183
88
183
180
254
146
122
240
200
371
171
225
254
254
244
349
205
288
288
288
205
225
234
122
205
122
259
273
273
682
254
233
257
262
288
225
177
250
268
342
302
294
171
202
291
270
243
232
171
367
306
359
401
323
297
260
250
621
499
187
190
310
351
177
4330
685
241
257
329
308
190
542
250
187
174
246
225
299
362
345
361
316
323
209
314
250
256
212
636
291
225
358
355
205
456
330
250
215
305
276
418
421
219
174
327
288
171
290
225
254
149
121
206
203
253
225
239
196
259
268
225
180
225
180
180
239
205
225
88
171
234
225
254
288
239
122
234
293
88
254
122
186
117
180
146
171
122
322
225
145
225
293
122
239
121
322
122
254
288
237
82
146
225
88
152
171
259
171
685
310
286
225
237
171
171
234
293
194
293
259
234
205
171
200
259
288
259
254
183
225
311
26114
480
358
259
225
254
206
225
254
205
288
234
205
225
209
254
288
259
171
205
234
200
146
171
217
254
205
288
234
171
288
237
200
205
146
259
171
282
225
88
237
225
171
171
171
88
125
122
259
259
205
288
288
225
237
205
205
220
221
277
259
219
200
234
171
259
268
234
288
350
369
234
492
282
234
268
304
254
241
268
205
234
180
88
122
88
274
151
219
234
180
122
122
225
254
225
122
122
121
171
433
225
288
259
171
195
231
331
313
251
205
259
325
341
225
254
300
171
259
222
239
360
225
294
225
257
288
205
294
259
183
170
254
234
259
254
225
355
403
291
418
222
183
335
590
328
323
278
199
205
182
169
128
156
122
205
205
180
122
122
239
259
234
260
171
240
171
254
150
224
294
254
234
259
289
1104
258
480
254
259
273
219
228
205
254
259
171
234
294
288
330
288
259
254
200
171
254
254
260
272
259
234
259
259
224
254
242
206
259
254
372
315
252
305
320
237
252
292
200
202
289
226
237
292
312
254
225
234
240
448
477
237
171
418
465
234
88
180
146
203
279
278
272
256
205
259
240
199
122
88
180
254
247
372
319
345
390
225
277
171
234
238
203
225
225
225
258
221
292
288
288
122
259
180
288
243
174
256
254
225
234
234
220
436
254
422
202
259
245
190
420
174
215
262
319
321
339
348
205
171
238
228
174
220
292
307
177
263
186
367
296
1432
316
317
589
263
200
200
205
204
288
171
240
398
257
237
174
288
260
300
278
205
200
205
174
304
209
714
228
333
661
234
190
171
174
332
183
291
205
294
174
200
252
320
220
328
228
273
422
315
205
436
225
297
259
277
239
278
260
345
189
295
240
308
274
340
263
277
310
299
219
296
253
474
348
256
274
293
203
239
225
259
174
174
234
288
288
234
253
291
257
288
200
171
183
311
320
257
209
240
254
206
217
216
240
263
244
282
200
220
228
342
225
242
200
271
260
174
273
222
259
310
287
591
411
174
171
254
171
174
174
225
200
174
236
294
275
174
296
227
208
174
275
190
200
257
300
241
211
177
171
224
289
283
259
244
322
453
296
200
345
262
237
171
307
256
263
256
257
307
240
344
239
320
205
308
190
314
278
388
402
231
174
337
237
327
262
203
200
206
205
288
205
225
294
171
203
200
206
240
234
254
200
200
228
171
242
294
200
171
208
234
266
259
313
250
257
202
248
240
221
203
273
276
272
254
385
200
225
254
237
287
260
259
254
272
228
203
220
422
302
291
200
237
268
200
243
208
205
350
225
288
234
203
200
259
313
234
174
200
309
183
234
228
336
205
254
234
193
211
257
228
282
259
251
269
297
203
177
231
228
257
221
218
329
273
314
296
243
174
439
234
240
315
259
263
225
279
291
232
171
260
250
241
203
632
333
245
273
307
352
265
205
303
200
292
220
225
275
388
187
315
323
228
287
265
254
237
328
225
171
288
240
205
322
234
286
288
396
328
203
183
248
273
237
362
257
291
259
353
386
294
285
208
218
358
367
257
234
273
259
205
203
378
317
457
350
279
408
307
544
298
174
225
254
205
259
288
293
234
171
288
122
180
128
293
200
260
205
259
234
288
284
122
122
146
254
254
171
183
206
200
264
225
259
274
171
171
277
171
229
276
257
236
208
259
206
234
171
200
465
199
254
288
229
313
206
225
228
316
296
254
287
294
265
254
228
208
367
208
197
230
205
320
171
291
282
203
278
307
234
243
279
224
250
225
225
259
122
225
235
294
171
122
234
270
327
385
355
390
234
387
350
391
379
258
240
430
257
212
277
174
297
205
259
260
243
237
257
174
171
288
237
200
294
200
200
122
259
239
288
200
288
225
288
294
225
171
262
211
183
248
225
259
240
170
260
277
288
225
171
225
262
353
205
262
174
171
254
237
251
324
239
171
239
253
174
187
225
244
254
259
265
317
288
313
302
216
206
260
254
240
240
171
261
254
225
225
318
254
254
288
171
240
615
234
171
288
200
254
88
274
234
234
205
205
225
180
225
254
247
200
254
263
478
288
220
260
254
200
234
259
217
260
203
262
286
174
288
228
240
215
319
300
174
236
243
203
253
282
224
225
237
128
122
156
225
260
313
270
228
263
225
378
228
269
170
250
345
267
272
317
315
304
237
239
237
259
254
300
171
240
271
217
257
260
209
203
225
225
203
259
220
225
254
216
294
225
288
171
237
288
257
272
225
271
271
240
174
544
265
410
174
230
313
266
171
258
265
346
303
274
256
401
190
222
257
183
249
353
238
279
218
240
333
240
231
336
1475
240
297
253
200
190
369
187
318
253
200
208
234
218
171
262
254
272
296
328
240
278
582
241
319
265
202
228
240
442
205
254
225
187
252
224
296
276
392
235
298
577
310
256
288
690
470
275
339
297
665
392
219
183
205
443
357
206
206
277
236
389
346
271
217
288
292
234
243
284
248
299
254
249
296
316
287
462
256
411
253
346
234
251
347
295
294
559
309
349
365
347
554
259
88
88
259
306
335
276
206
257
174
203
203
799
291
241
320
216
253
225
294
315
219
233
200
288
259
234
174
345
259
284
239
253
529
171
220
291
259
254
296
236
704
318
257
305
209
331
470
171
263
259
248
276
206
240
177
180
240
309
235
251
225
354
122
183
180
545
273
351
260
677
211
183
279
301
200
288
171
225
362
272
234
341
177
513
237
234
171
225
171
268
259
146
122
254
368
1199
275
225
240
237
240
293
288
218
260
406
325
300
295
574
239
253
275
252
437
205
225
293
420
737
200
288
227
171
206
288
243
174
193
342
171
277
171
217
273
265
234
988
265
203
234
262
265
314
259
262
222
302
190
292
240
326
250
384
200
1047
396
470
223
225
259
268
370
417
270
333
219
206
205
234
338
316
239
239
199
171
280
171
279
253
644
215
388
177
234
253
174
259
388
384
257
240
211
257
247
211
252
234
309
239
254
300
224
332
240
329
209
263
352
310
255
208
317
177
317
200
281
239
247
271
399
309
278
206
259
222
237
254
254
240
174
305
259
168
288
259
310
326
203
200
295
225
254
206
254
275
288
347
600
225
329
373
323
259
240
494
215
382
418
317
228
20564
18998
678
254
253
268
313
254
394
237
286
212
292
225
183
376
171
253
310
279
266
311
225
225
203
271
272
273
318
218
300
228
258
290
500
495
291
383
310
257
279
259
224
288
300
433
348
259
234
225
190
190
183
734
312
205
185
297
241
458
250
293
254
1216
248
294
259
228
256
200
333
288
234
262
254
252
239
228
228
228
291
272
171
277
257
190
253
313
190
274
200
239
227
285
224
228
349
363
343
208
282
282
364
253
397
244
190
315
271
288
409
232
273
219
274
225
225
203
272
262
311
206
254
234
211
291
203
294
272
254
291
174
177
234
200
260
168
262
203
237
171
310
174
171
234
279
206
313
228
291
296
329
200
203
219
257
425
273
309
260
177
177
234
234
334
217
257
350
219
521
243
317
253
190
261
391
287
203
373
409
323
227
291
401
231
284
307
288
225
250
230
290
183
351
406
259
420
380
171
291
288
203
174
189
304
345
342
463
208
228
327
205
292
484
174
196
286
174
311
260
237
217
371
297
291
316
311
256
220
277
225
257
310
339
241
171
246
200
225
260
200
471
288
288
225
240
254
304
221
291
368
360
278
300
359
266
177
387
202
381
246
288
288
6051
266
88
171
200
376
367
249
326
378
354
304
440
311
256
450
180
366
193
269
174
263
288
354
322
282
245
302
256
348
209
417
228
234
339
321
237
234
225
268
205
288
288
239
200
259
171
88
205
205
156
254
122
156
122
200
149
200
289
205
351
593
206
277
296
234
205
225
234
146
205
260
232
333
294
320
411
425
293
298
328
268
200
162
171
259
122
122
122
122
122
88
259
246
316
311
322
237
365
338
289
342
307
234
315
183
236
478
171
274
228
323
381
336
174
485
222
288
342
373
268
200
389
304
444
225
275
241
266
200
220
341
332
273
209
273
505
200
228
263
339
205
355
457
340
234
447
299
331
259
205
205
208
237
171
206
206
183
259
205
171
234
165
259
82
259
203
225
253
254
171
88
322
288
200
205
182
205
171
972
205
234
240
202
285
254
225
287
240
254
122
171
274
237
122
122
412
478
270
270
162
225
234
200
204
259
487
271
360
266
386
254
294
332
273
310
270
319
289
318
346
371
276
291
276
309
356
467
347
498
313
376
287
309
265
286
339
256
285
200
257
221
368
294
395
270
1712
493
206
544
308
301
242
285
221
253
363
367
345
271
287
373
1193
333
232
262
254
511
259
219
288
218
991
366
444
