0.202729
0.00823556
0.072919
0.104085
0.0453473
0.0590579
0.0371254
0.0359178
0.359358
0.0208553
0.00647213
0.0516216
0.012466
0.0137841
0.141846
0.0625019
0.0943083
2.04487
0.111427
0.143392
0.366889
0.410998
0.130455
0.0479338
0.0272943
0.0223637
0.00758863
2.52439
0.0493672
0.114296
0.0445198
0.0404289
0.0686911
0.0659119
0.0277207
0.423233
0.049479
0.0177951
0.0268308
2.06987
0.147867
0.135918
0.085768
0.0151075
0.38141
0.0358647
0.0172732
0.070204
0.0115928
0.0123655
0.415846
0.0483457
0.103223
2.12532
0.123297
1.79194
0.0710018
7.99111
1.43438
2.20504
0.0240734
0.104637
0.0495546
0.370841
0.0242242
0.13848
0.129358
0.541992
0.0095522
0.0651554
0.374127
0.248222
0.0378338
0.0537867
0.0246658
0.216565
0.445811
0.137278
0.0243549
0.730218
0.249586
0.213574
0.0408153
0.0843658
0.0294222
0.0224746
0.0683092
0.0178755
0.00779133
0.684235
0.0742459
0.366868
0.00839761
0.0188838
0.307984
0.365439
0.326948
0.307783
0.0907725
0.00561852
0.365792
0.00363487
0.135834
0.159614
0.154639
0.0748135
0.148027
0.0254913
0.858537
11.0939
0.0103721
0.214318
0.138231
0.482817
0.176741
0.0299798
0.0369521
0.018571
0.0108829
0.283674
0.141998
0.0638235
0.0131528
0.0579015
0.170319
0.0764945
0.557664
0.0157542
0.0170908
0.059495
0.0286993
0.11199
1.24799
0.0433067
0.0278454
0.0429994
0.0288869
0.00844036
0.232784
0.0457635
0.107008
0.0598866
0.571668
0.0192509
0.0193029
0.0188823
0.0116844
0.04959
0.233624
0.145159
0.165662
0.0363289
0.60611
0.581521
0.621381
0.0023982
0.0104667
0.0233658
0.01191
0.00469327
0.370842
0.0283924
0.0431577
0.0897703
0.165191
0.180776
0.0427229
0.577707
16.4754
2.26755
1.93434
0.0332859
0.166657
0.0366338
0.0754195
0.153846
1.7543
0.0396625
0.675426
0.0562516
0.214819
0.0376055
0.104258
0.0319419
2.41594
0.0371252
0.0116026
2.66411
0.00687293
0.0420198
0.0896802
0.0507783
0.0417394
0.442928
0.00613565
1.28198
0.642086
1.15159
0.0235538
0.00587684
0.0350026
0.410879
0.0156592
0.379175
0.610951
0.0137876
0.0189607
0.0195546
0.308937
0.110947
0.663439
0.0150941
0.0157072
0.0323191
0.0256019
0.0302517
0.456142
0.241221
0.0176924
0.179533
0.0651256
0.0136821
0.0605211
0.0195743
0.0221442
0.0116931
0.0293792
0.0169926
0.0278293
0.0134804
0.0172781
0.00518023
0.0264187
0.0029545
0.450361
0.416701
0.0315817
3.7159
2.06902
0.0246987
2.09965
0.142485
0.0364812
0.0291236
0.481494
2.25215
0.0134433
0.0380525
0.0122233
1.65132
0.189736
0.202239
0.0647591
0.0551181
0.01693
2.53872
0.0110841
0.033861
0.0330507
1.31198
0.0274262
0.0159859
0.0349764
0.0116376
0.0396093
0.288806
0.0228034
0.00714541
0.00324766
1.04214
0.0129716
0.833162
0.0149194
0.212268
0.0321719
0.0645736
0.301854
0.0132442
0.0617688
0.0353608
0.0345599
0.00745724
0.0224585
0.0258479
0.0016927
0.0123517
0.851251
0.0414283
0.249459
0.0379499
0.00413153
0.10731
0.00195545
0.014664
0.020522
0.0206307
0.0303035
0.00811543
0.0152059
0.0229526
0.0335619
0.00829124
0.0164208
0.031907
0.0253899
0.0426029
0.0159979
0.0493136
0.022777
0.0342895
0.0366082
0.011587
0.7053
0.204036
0.0343573
0.00732237
0.00604652
0.00856596
0.243924
0.0134266
0.00979726
0.135329
0.0251842
0.0576035
0.291745
0.873756
0.0373816
0.00618449
0.0240275
0.856566
0.150771
0.128124
0.00542367
2.16748
0.0593006
0.0304521
0.016263
0.526027
0.0135881
0.00805991
0.0306046
0.0864945
0.049284
0.377934
0.0215646
0.0127706
0.0188325
0.346134
0.0100716
0.0650438
0.109871
0.255213
0.0241405
0.0407216
0.0500438
0.11017
0.0219723
0.342495
0.504271
0.479909
0.0229251
0.032264
0.0223905
0.0154747
0.603325
0.321957
0.00969282
0.26722
0.0933566
0.0237124
0.351084
0.0417741
0.0360488
0.0128901
0.0125131
0.0227898
0.470396
0.0291856
0.0116991
0.0049244
0.0211022
0.0147766
0.00384802
0.0174419
0.0214722
0.0624451
0.00779135
0.0177296
0.0106055
0.0990862
0.000419023
0.0251609
0.011714
0.00830559
0.0342
0.0160687
0.00841359
0.0145341
0.0203879
0.0228722
0.0247185
0.0160615
0.112122
0.0107138
0.00953926
0.0371353
0.110417
0.155119
0.0437958
0.0369323
0.526993
0.0370422
0.0435689
0.0246322
0.0421471
0.0425825
0.0126286
0.0151939
0.0172399
0.0109016
0.283715
0.0538571
0.0201548
0.0546901
0.00120509
0.0654121
0.124844
0.0282634
0.00364312
0.014913
0.134685
0.0439493
0.00486312
0.0275993
0.0580293
0.0686282
0.0211449
0.0590233
0.0131892
0.0103961
0.025303
0.02012
0.276659
0.0683136
0.00825534
0.00390724
0.0353773
0.0498607
0.0274314
0.0203925
0.0276921
0.0374249
0.0226292
0.0552189
0.0294844
0.014388
0.0372461
0.0375985
0.0178125
0.0340588
0.0198942
0.0435645
0.0175743
0.0319365
0.0186329
0.0136506
0.00898007
0.0488265
0.00805457
0.00755832
0.0453958
0.0521829
0.00575372
0.0138941
0.0548624
0.0265397
0.0105809
0.00305283
0.635568
1.21805
0.00901569
0.0371702
0.00830115
0.0103941
0.0366698
0.0393243
0.056316
0.00900578
0.0388376
0.00663377
0.0102648
0.0810626
0.0488387
0.00168665
0.0303903
0.0736706
0.041074
0.0189512
0.0182963
0.0186017
0.0233274
0.100123
0.0905862
0.0384174
0.0397446
0.0412262
0.00614937
0.0306303
0.0298409
0.0677243
0.110967
0.00253648
0.0292654
0.0194864
0.0475759
0.0327432
0.00890119
0.00895434
0.047241
0.0200134
0.00569109
0.0245665
0.037426
1.2967
0.0439143
0.0220731
0.039034
0.0148052
0.0407891
0.0218811
0.041027
0.0378777
0.0217989
0.00397599
0.0119971
0.0363267
0.0109395
0.0115689
0.0289396
0.0055089
0.00820282
0.0258604
0.0316331
0.0363242
0.0167165
0.0132047
0.00213537
0.0106255
0.0313336
0.0242308
0.0146495
0.00375263
0.0525567
0.0328183
0.00229045
0.00625867
0.0145504
0.024432
0.00625204
0.00513725
0.00808269
0.0339685
0.00996822
0.0225051
0.00766897
0.0422264
0.0214206
0.02411
0.0291025
0.0117632
0.0218206
0.0259227
0.0133323
0.0178508
0.0127588
0.031153
0.0288948
0.00647355
0.00737203
0.0262925
0.0317601
0.0272415
0.0440143
0.862345
0.322904
0.0375294
0.0450414
2.48145
0.394127
2.76943
0.0255195
0.42971
0.0733548
0.1698
0.110139
0.0268585
0.0275144
0.00544146
0.0165957
0.0120382
0.0254766
0.0498352
0.0421531
0.274721
0.0201865
3.97095
0.269554
0.0362621
1.12755
0.187554
0.00452695
0.01285
0.102502
0.0228915
0.254806
0.00691571
0.0388504
0.0316538
0.241802
0.39319
0.304488
0.0533541
0.0695292
1.37814
0.00552953
0.0453595
1.86095
0.106955
0.0104736
0.0498829
0.09034
0.0159175
0.0477324
0.0332773
4.48946
0.0649191
0.0270824
0.0203732
0.00221845
0.0426218
0.0152415
0.0515852
0.0178334
0.00812478
0.0474149
0.0229656
0.0619553
0.0270179
0.113569
0.0230296
0.0950461
0.373768
0.0243142
0.0568036
0.0181043
1.07466
0.029223
0.032538
0.0401871
0.0345066
0.00592747
0.0173447
0.0144083
0.0134085
0.00669357
0.00588502
0.017481
0.0089083
0.0373756
0.00606248
0.00461157
0.00455305
0.0496901
0.0104693
0.0150227
0.00757453
0.0297352
0.0252333
0.0150409
0.0259216
0.00299419
0.0109468
0.0256058
0.0453899
0.00538151
0.0217034
0.0106056
0.0153819
0.0181349
0.0108021
0.0192298
0.0254967
0.0203061
0.0144918
0.0155363
0.0373331
0.0131631
0.010201
0.0125647
0.0177131
0.0247121
0.0212599
0.0186787
0.0146659
0.0433338
0.0050684
0.0266237
0.00644716
0.0366496
0.0239695
0.00316701
0.0129635
0.0053658
0.0145764
0.00950162
0.0151851
0.0306737
0.0129824
0.0316157
0.0120906
0.0434141
0.0379229
0.0575265
0.00839976
0.0348598
0.00692392
0.0554894
0.0122362
0.0136822
4.95242
0.021763
0.0465676
0.0475677
0.013454
0.0240914
0.0131822
0.0226451
0.040153
0.0471799
0.0159137
0.00726907
0.00596921
0.47587
0.0173894
0.0267736
0.0112688
0.0182369
0.0145254
0.0523317
0.0145901
0.0103105
0.0130147
0.0135869
0.102029
0.0552132
0.0126443
0.135128
0.307914
0.187052
0.0179085
0.00353731
0.0334844
0.0265013
0.0202699
0.0208398
0.0482963
0.00888033
0.0463172
0.0135305
0.983752
0.0628667
0.0609313
0.12569
0.223298
0.401767
0.210609
0.111456
0.0907862
1.09349
0.0359178
0.165439
0.0276623
0.105781
0.0622634
0.0806085
0.292146
0.105565
0.155258
0.11334
0.553363
1.90807
2.66116
0.371523
0.0677377
0.113543
0.0354971
0.0153553
0.0174653
0.0250965
0.158175
0.014479
0.00385124
0.0736197
0.00284718
0.0451526
0.0099097
0.0436992
1.46903
0.0459464
0.0212629
0.107124
0.0413744
0.0768782
0.0420831
1.85755
0.00987306
0.0436965
2.30085
0.0238033
0.0107204
0.0150108
0.0381625
0.00536084
0.0109815
0.0217809
0.0103998
0.0381979
0.0389487
0.0200589
0.0025069
0.00821379
0.0159505
0.0229756
0.0622672
0.00829846
0.0129089
0.0277407
0.0120232
0.00285033
0.0229609
0.00633244
0.0319637
0.020556
0.0340918
0.0360343
0.0260902
0.00372683
0.0312228
0.0119704
0.0110122
0.0329048
0.0717539
0.0162371
0.032821
0.127649
0.0870871
0.129589
0.0864479
0.0883028
0.038099
0.272169
0.0131105
0.00410433
0.00960414
0.0124446
0.0235239
0.0528301
0.0081325
0.0221824
0.0159187
0.0345808
0.0222243
0.0143631
0.0131244
0.0490592
0.024471
0.0259817
0.0152083
0.0101088
0.445773
0.632481
0.0087535
0.0112263
0.0367894
0.460521
0.040063
0.0313224
1.18856
0.0126864
0.0576919
0.110651
0.0172554
0.0435143
0.116606
0.0131518
0.281526
0.147516
0.0236902
0.035407
1.18505
0.0345813
0.012572
0.0342484
0.00578518
0.100417
0.136179
0.0603339
3.6138
0.0222071
0.415992
0.00674394
0.0297801
0.0294715
0.00967348
0.141677
0.0266866
0.147596
0.0257414
0.0587246
0.00642017
0.0373098
0.0124275
0.0440489
0.0187796
0.0163411
0.0406182
0.0161298
0.0647565
0.00920656
0.0270859
0.0267271
0.016198
0.00208605
0.0552603
0.00977625
0.0215454
0.0160103
0.0154091
0.013034
0.00698129
0.00466349
0.0179319
0.0120848
0.0246521
0.00267701
0.00558135
0.03366
0.0218311
0.0270524
0.0079781
0.0411022
0.627549
0.31337
0.00877859
0.659402
0.198225
0.597376
0.00346955
0.604769
0.0162648
0.0170712
0.274644
0.204721
0.0558175
0.040073
0.0952862
0.102177
0.0133362
0.285569
1.07007
1.59444
0.0536886
0.888709
0.0123821
0.0607908
0.00963758
0.0150673
0.0206462
0.00381434
0.030289
0.00786622
0.271953
0.0294158
0.228207
0.310122
0.0267358
0.488439
0.969802
1.29327
0.675774
0.0433654
0.0111326
0.0139906
0.0473578
0.121124
0.0091281
0.0273018
0.00619368
0.00866553
0.0168639
0.0127763
0.0300984
0.024235
0.019974
0.0174662
0.0195148
0.0257313
0.0203806
0.225327
2.64293
0.0839409
1.6999
0.789304
0.0151833
0.0210923
0.00213971
0.0152191
0.056778
0.0283224
0.0147024
0.0063737
0.0212757
0.0168032
0.0313273
0.301127
0.0124287
0.0130219
0.00957441
0.374765
0.954218
0.00685661
0.00893586
2.02753
2.1679
0.0513849
0.0614725
0.0422562
0.0170055
1.20248
0.204049
0.450677
0.0198497
0.021742
0.0743196
1.60068
0.0125695
0.58864
0.0813886
7.55446
0.283358
0.0115502
0.0201042
0.0105376
0.212377
0.0254649
0.0292722
0.018484
0.972358
0.36299
0.0692177
0.021406
0.0272509
0.060596
0.0185659
0.00477934
0.0293874
0.0261983
0.0316217
0.000960196
0.0121248
0.0228851
0.0424003
0.0280228
0.012024
0.0455772
0.0063445
0.0346356
0.0137109
0.0131016
0.0131837
0.0266951
0.0235222
0.00928365
0.0230346
0.0202493
0.0386916
0.00678854
0.0366004
0.0185102
0.0156958
0.0131668
0.00862687
0.0173833
0.0581186
0.0340344
0.0314584
0.0373669
0.00833885
0.023243
0.0250648
0.01857
0.00878223
0.04435
0.108858
0.076061
0.00410785
0.0296315
0.00402426
0.0461946
0.0186455
0.0179161
0.0256983
0.0180687
0.00296187
0.00852518
0.017075
0.00460221
0.0265729
0.0135213
0.00772438
0.00732043
0.019629
0.0117557
0.0304089
0.340343
0.0279786
0.0184483
0.00664015
0.0539108
0.0336978
0.0448945
0.0154584
0.00702353
0.0163999
0.0303726
0.0596104
0.0164367
0.0143912
0.00449956
0.0179645
0.0355185
0.0174002
0.0149003
0.023936
0.0514848
0.0170512
0.027149
0.0366397
0.029562
0.0197795
0.0123133
0.345817
0.0426173
0.0647884
0.0478542
0.00251732
0.0148641
0.0823327
0.0463079
0.3431
0.0209807
0.0461587
0.00596339
0.0478216
0.0229298
0.0155277
0.0108457
0.0185438
0.0288771
0.0105977
0.0251771
0.0302577
0.00423972
0.0245743
0.0253613
0.00405391
0.00133252
0.00879246
0.0218797
0.012513
0.011557
0.0590856
0.058038
0.0362467
0.0397386
0.0434542
0.0403905
0.529674
5.60205
0.0465158
0.326975
0.0138667
0.0353388
0.0623922
0.00938723
0.0760418
0.00953084
0.0167178
0.01966
0.0259625
0.0232641
0.0276857
2.02085
0.0187084
0.0139811
0.00594899
0.00748314
0.0716709
0.0628049
0.0296998
0.00993908
0.0302587
0.0232872
0.561793
0.0129718
0.0180489
0.0101796
0.0116476
0.0337888
0.0158301
0.0586622
0.00352918
0.0109003
0.0315859
0.0256213
0.0329908
0.0308906
0.0221001
0.0440496
0.0238775
0.0208077
0.0252952
0.0472966
0.0332491
0.0104684
0.0558887
0.0113169
0.0201229
0.00924157
0.0092031
0.0298356
0.0286292
0.0207626
0.0397458
1.03598
0.0128502
0.008641
0.0212553
0.0316825
0.155494
0.250564
0.103403
0.0417099
0.019314
0.00410715
0.0092339
0.0322324
0.0373202
0.00647268
0.0299943
0.0116096
0.0110936
0.0210564
0.281807
0.0518532
0.0314884
0.0118437
0.391301
0.0253929
0.00656879
0.00464037
0.016219
0.010763
0.00690223
0.0219963
0.0427966
0.284947
0.0275915
0.00406974
0.0853294
0.0557946
0.0578294
0.0485949
0.0216718
0.0151646
1.23393
0.149391
0.048051
0.0735362
0.0302151
1.05779
0.0181457
0.010399
0.0236647
0.0385208
0.0102401
0.0408287
0.00697079
0.0306815
0.0335111
0.0276077
0.0183459
0.00908909
0.037134
0.222418
0.00614653
0.430114
0.00941456
0.307155
0.0441063
0.0153999
0.105192
0.0434689
0.0636839
0.0237101
0.0172361
0.0123856
0.011094
0.0129531
0.0141889
0.00962335
0.0236615
0.0236499
0.0328805
0.0139147
0.00866821
0.0124743
0.0465567
0.0258783
0.0275455
0.0371944
0.038806
0.00865539
0.74599
0.0417491
0.0261714
0.0112068
0.0118623
0.00736621
0.0165427
0.028471
0.00507612
0.00391111
0.250303
0.00744328
0.0253417
0.00990558
0.648599
0.688954
0.0307244
0.0269733
0.00882723
0.0233106
0.0108437
0.0196177
0.0389655
0.023014
0.0401934
0.00760093
0.0291331
0.21551
0.0226004
0.553763
0.0271739
0.00897263
0.00782367
0.0391174
0.0145
0.00788673
0.00608774
0.00815262
0.0275463
0.0125507
0.0151801
0.0167975
0.0349292
0.00685986
0.0201995
0.0322571
0.00991218
0.015787
0.0154975
0.0169352
0.0120342
0.00479844
0.010978
0.0158292
0.00891455
0.0132367
0.0185665
0.00880435
0.00715882
0.00129425
0.0664286
0.0192098
0.0496489
0.0253449
0.0192516
0.00449862
0.0190845
0.00617618
0.0437691
0.00354001
0.0200446
0.0329779
0.0369543
0.00721171
0.0159173
0.0146321
0.0326224
0.00930449
0.0240965
0.00550239
0.00948409
0.165685
1.10439
2.9575
0.0370886
0.013561
2.21987
0.017159
0.521327
0.0126321
0.0153428
0.035224
1.27466
0.033248
0.00942481
0.0541512
0.072304
0.0397738
0.01571
0.564103
0.00605941
0.00701725
0.0154214
0.0100176
0.032944
0.023471
0.0193394
0.0150823
0.0417254
0.0146376
0.0397235
0.0457977
0.014592
0.0150083
0.00348854
0.0543482
0.0696091
0.0274706
0.0091368
0.0189888
0.0525671
0.0139903
0.0815658
0.0315394
0.0207008
0.0240903
0.0344563
0.00948203
0.0420573
0.00430863
0.012956
0.0390821
0.0116212
0.0167098
0.0408973
0.0130578
0.0294063
0.00920823
0.0312922
0.0321784
0.00344891
0.014011
0.0102492
0.0195896
0.013777
0.0215456
0.0152493
0.0331233
0.0132943
0.0188358
0.0133824
0.00693996
0.0127245
0.0111557
0.018058
0.0369965
0.0373489
0.0209352
0.0376001
0.0329231
0.00623758
0.0101906
0.0223314
0.00480512
0.00777693
0.0181331
0.0221153
0.0077134
0.018018
0.0237421
0.0271174
0.00506638
0.0246754
0.0226248
0.0338551
0.0647425
0.0273656
0.00762587
0.00805282
0.0445804
0.0229849
0.00759749
0.0326647
0.0337469
0.0358099
0.0215862
0.0476877
0.00900207
0.01919
0.072901
0.00629416
0.0187132
0.0065262
0.0639074
0.0400781
0.0493284
0.0347298
0.00588987
0.0243161
0.0194237
0.0244865
0.0549063
0.0170012
0.022711
0.0536434
0.040366
0.0278161
0.0241442
0.0456128
0.0285687
0.0471275
0.0522043
0.0315504
0.0358575
0.0267491
0.022944
0.0368488
0.00639354
0.0105317
0.0151999
0.0292783
0.0129592
0.0205359
0.0122362
0.0397823
0.0142625
0.0156808
0.023829
0.0362585
0.0103447
0.0274293
0.0465629
0.0728181
0.00525234
0.0143814
0.0694221
0.05405
0.0177585
0.0819673
0.0263337
0.00612357
0.0442888
0.0630237
0.00927557
0.0719832
0.388921
0.0450712
0.00833739
1.65801
0.00345153
0.0171458
0.720449
0.0879415
1.2219
0.0214629
0.0637505
0.0182144
0.0287478
0.063665
2.30368
0.088157
0.015573
0.0148755
0.035014
0.00859291
0.0419802
0.0203847
0.127734
0.0297321
0.025069
0.0215237
0.050877
0.077968
0.0122008
0.0324887
0.00775454
0.054766
0.0143514
0.0135359
0.0140602
0.0265006
0.0165642
0.017373
1.15598
0.0315881
0.00895309
0.0417796
0.0514351
0.00762367
0.0513549
0.0122
1.00522
0.0112996
0.00944032
0.00965328
0.0268404
0.017264
0.00710529
0.031599
0.0353177
0.0276541
0.0173956
0.0162957
0.00448953
0.0143585
0.011378
0.0124151
0.00934504
0.0165641
0.033074
0.0473399
0.0167168
0.0620847
0.0213908
0.0102454
0.0520889
0.00844882
0.0713731
0.00706873
0.0191091
2.40916
0.0245781
0.037027
0.00750727
0.0383621
0.0152193
0.0179201
0.0253779
0.023082
0.0129128
0.0789969
0.0207921
0.0282808
0.000710338
0.0128055
0.0252272
0.0220839
0.00368365
0.00597219
0.00396796
0.0182039
0.0161681
0.0233058
0.0455656
0.0211375
0.0377805
0.0178468
0.0166158
0.0143157
0.00925808
0.0050486
0.407893
0.00741698
2.41993
0.00716778
0.0132327
0.443474
0.00757691
0.866181
0.0110678
0.0290413
0.459355
0.105906
0.0333304
0.0186949
0.0107783
0.0113229
0.0277497
0.0163146
0.00599761
0.0259732
0.0155029
0.0114502
0.0204402
0.0271375
0.0135979
0.0241308
0.004771
0.0306791
0.0121074
0.462942
0.19172
0.126055
0.381805
0.0219868
0.0143335
0.0193968
0.0160035
0.016528
0.00559213
0.0495446
0.0137604
0.0376938
0.0360349
0.000752046
0.0059805
0.023396
0.0116476
0.0253594
0.0169808
0.00939067
0.0119063
0.0169108
0.00927892
0.0128398
0.0201932
0.0274267
0.0073408
0.0111054
0.00890335
0.00536215
0.0240794
0.00489052
0.0122652
0.0480072
0.0258617
0.660964
0.032713
0.237224
0.0806385
0.0530707
0.0100436
0.0243202
0.264222
0.0297664
0.234852
0.049165
0.0375081
0.0195356
0.0281058
0.145647
0.0516049
2.65166
0.790117
0.0859723
8.17358
0.258761
0.00578477
0.0270344
0.00662988
0.0190185
0.881444
0.0381269
0.0056231
0.0217949
0.0312725
0.0116342
0.0207205
0.314876
0.0688517
0.0063118
0.063955
0.0158138
0.0597084
0.0183349
0.0229287
0.0126054
0.00559179
0.0372094
0.0159729
0.27842
0.0882505
0.385862
0.00491059
1.07564
0.0422684
0.0261147
2.06922
0.0368312
0.085462
0.0132788
0.037015
0.031632
0.0236639
0.00942623
0.0268663
0.0259269
0.0186617
0.0210827
0.0145532
0.00750445
0.0140874
0.0111556
0.0172984
0.00251494
0.0252887
0.0122567
0.00104773
0.040611
0.0195865
0.0135834
0.0287897
0.0105332
0.0198434
0.0102097
0.0272664
0.0132527
0.0231154
0.0109753
0.595752
0.0247363
0.017963
0.0362175
0.362992
0.0043491
0.00534971
0.0196141
0.0283616
0.320703
0.018158
0.00158901
0.0272624
0.0281286
0.0244737
0.0107859
0.014986
0.0321739
0.0168281
0.024863
0.0103224
0.274648
0.00274877
0.0109057
0.00462579
0.0144224
0.0573733
0.0184447
0.0256141
0.504762
0.0546965
1.02186
0.0537514
0.254176
0.0627954
0.0649879
0.10902
3.52969
0.0271035
0.306354
0.0327132
0.0389008
0.045877
0.0252851
0.357172
0.0770503
0.0351438
0.253524
0.0280043
0.0143274
0.420305
0.132727
0.0320164
0.0128173
0.0397235
3.3513
0.0128151
0.00998214
0.601577
0.0349198
0.182438
0.209611
1.62089
0.0313813
0.0322146
0.0305549
0.0669951
0.00511256
0.679321
0.0681898
0.0426095
0.0462055
0.114366
0.140949
0.0950647
0.530079
0.0325174
0.0229112
0.0258761
0.0110985
0.00771817
0.0331021
0.0124882
0.0692343
0.0324512
1.32357
0.0570515
0.0032462
0.0155365
0.0119587
0.0163338
0.150776
0.0154284
0.0161855
0.0322011
0.00618236
0.0441586
0.0112132
0.0153309
0.0210772
0.0301616
0.00823575
0.0175514
0.00953636
0.00612126
0.0111416
0.00625749
0.0101878
0.0441782
0.0252695
0.0578051
0.0741937
0.0150649
0.788546
0.0139932
0.0165207
0.00852197
0.0225787
0.011149
0.0285364
0.0192808
0.0135312
0.018966
0.021067
0.0124791
0.0146341
0.0180387
0.789352
0.00313386
0.0145876
0.0262134
0.0157613
0.0229276
0.0184417
0.0192749
0.023463
0.0321258
0.00524928
0.0291871
0.011742
0.00855293
0.0164154
0.0178584
0.0541558
0.0211052
0.0240627
0.0143504
0.0176081
0.0246767
0.0449352
0.016748
0.00412781
0.0184817
0.0174763
0.0248129
