0.00913775
0.0123869
0.00810634
0.00994923
0.00155391
0.000338003
0.00213707
0.0199183
0.00522378
0.00361389
0.0124183
0.0037592
0.00422343
0.0202314
0.00106418
0.00329663
0.00372448
0.0103652
0.005685
0.00230337
0.0224647
0.0108067
0.0044962
0.00186439
0.00941711
0.0133585
0.00276129
0.00930862
0.4825
0.0125857
0.00845396
0.00831775
0.00194464
0.0161389
0.00270317
0.0120919
0.00122353
0.0188996
0.0220294
0.00723088
0.0225096
0.014589
0.00419653
0.0210194
0.0373867
0.00600385
6.37049e-05
0.00502936
0.0103699
0.00846026
0.00236844
0.0132176
0.00552486
0.00792997
0.005668
0.00189822
0.00855088
0.0145453
0.00927779
0.000426348
0.00102047
0.00408859
0.00365146
0.00344439
0.00507595
0.00786914
0.000571043
0.000910277
0.00793942
0.00470678
0.0181444
0.0140309
0.00322629
0.00481224
0.000525243
0.000908203
0.00267433
0.00520282
0.0142494
0.00462548
0.00532949
0.00752655
0.030418
0.0116181
0.0174131
0.0076909
0.00343493
0.329731
0.00640429
0.00292214
0.00327719
0.00156934
0.0124173
0.00314125
0.00514543
0.00663098
0.585052
0.0211125
0.0164948
0.00980221
0.0102544
0.00516093
0.0012227
0.00226198
0.0107834
0.00783035
0.00123893
0.00748484
0.00412431
0.000513696
0.00821437
0.000203492
0.0107129
0.0282525
0.00987102
0.00209091
0.0128472
0.000462242
0.0065147
0.00681421
0.00781267
0.0126591
0.00257036
0.00388453
0.00196561
0.00989811
0.00280201
0.00563145
0.00305694
0.00289589
0.000540637
0.00338208
0.000580955
0.00587488
0.00171379
0.0035079
0.000669372
0.0014978
0.00408497
0.0178901
0.00118579
0.00020315
0.000330906
0.00520659
0.0176272
0.010884
0.0217968
0.0165156
0.00197743
0.00115044
0.0105802
0.00111325
0.00373807
0.00133586
0.00632782
0.0111603
0.00121834
0.00415413
0.00399299
0.000245517
0.00384236
0.00250353
0.017991
0.00887042
0.0022602
0.00592125
0.0038161
0.00350776
0.00786679
7.8227e-05
0.00116548
0.00757424
0.00236476
0.00136021
0.00637505
0.00221254
0.00115791
0.00884403
0.00561622
0.00369101
0.0011279
0.00749965
0.000970671
0.00237
0.0039603
0.000208681
0.000710743
0.0033993
0.0380123
0.00316619
0.00202471
0.0040141
0.00688935
0.00370162
0.0361095
0.00959908
0.000350374
0.00315019
0.00298328
0.00856684
0.00325182
0.0010419
0.00157524
0.00779046
0.00531907
0.000633975
0.00357434
0.00715179
0.00857014
0.00573356
0.00515854
0.0329164
0.00131745
0.0034497
0.00267506
0.0158795
0.00546888
0.00232859
0.00750084
0.00509591
0.0010715
0.000867773
0.00662645
0.00381492
0.00254928
0.00337935
0.00620305
0.00142144
0.00159029
0.0019979
0.00633526
0.00330872
0.00492919
0.000193064
0.00386689
0.0058833
0.00603028
0.00279535
0.012536
0.00866504
0.00333181
0.00083408
0.00480404
0.0097047
0.0116358
0.00136963
0.00239794
0.0198784
0.162401
0.00348852
0.00347396
0.00120869
0.00355206
0.00441163
0.693213
0.0124942
0.00139708
0.000694812
0.0126367
0.00120619
0.00426902
0.010758
0.00101064
0.00388888
0.0217953
0.00517093
0.709524
0.00816418
0.327837
0.0141619
0.0320637
0.00226271
0.00800757
0.000336368
0.00124005
0.00392742
0.681176
0.0115148
0.301714
0.012752
0.00841468
0.00603194
0.00598521
0.0196486
0.00650287
0.00099505
0.000883638
0.00466204
0.014901
0.0390492
0.0100915
0.0256002
0.0122088
0.00377917
0.00295365
0.00492963
0.0167221
0.00495292
0.00716175
0.024523
0.0171845
0.0141666
0.0102926
0.0272777
0.010805
0.00311282
0.00758345
0.00680724
0.00691581
0.00692101
0.728673
0.0073123
0.00482195
0.000615001
0.0229093
0.0119419
0.00237229
0.00323409
0.00453918
0.00287951
0.00145822
0.00187971
0.00325223
0.000824991
0.492404
0.00731947
0.000528484
0.0142952
0.00448891
0.0302323
0.0106247
0.00442443
0.00791654
0.0116682
0.00598763
0.000190905
0.00797382
0.0144923
0.0173041
0.00782339
0.00428991
0.00925868
0.0280264
0.00965533
0.00572055
0.00489143
0.000703487
0.00227563
0.00756498
0.0123022
0.000179314
0.013028
0.0045947
0.0153508
0.0289558
0.00533765
0.000922772
0.0211839
0.016403
0.00925215
0.0031457
0.00786194
0.00756238
0.00107508
0.00206861
0.00120453
0.00570422
0.0245508
0.000714338
0.00578976
0.00236535
0.00199194
0.0078754
0.0114269
0.00120322
0.00216632
0.00047712
0.00223307
0.0341934
0.00683789
0.00737072
0.0146872
0.00717211
0.0274011
0.00367715
0.00402352
0.0246245
0.00258058
0.00350279
0.00683517
0.00253897
0.00180456
0.0016844
0.000741665
0.0216497
0.002792
0.00125419
0.00655801
0.000322387
0.00157867
0.0181925
0.00918234
0.0166174
0.00295097
0.0142448
0.00217578
0.00115979
0.0128472
0.0307495
0.0104407
0.00142718
0.00569536
0.0189505
3.4698e-07
0.00191587
0.00144634
0.0150437
0.0169457
0.0102843
0.0128764
0.00289594
0.0139432
0.00890134
0.00129036
0.00236562
0.000401797
0.0108949
0.00142711
0.00959302
0.00230321
0.0231908
0.00508722
0.0307943
0.0101473
0.00329114
0.00207273
0.00301503
0.0148638
0.0159697
0.000583083
0.00335044
0.00646516
0.00430508
0.0292193
0.00502813
0.0136733
0.0215639
0.00122239
0.0267594
0.0157921
0.00866786
0.00301308
0.0113087
0.003868
0.00921436
0.00125463
0.00657763
0.00799816
0.0060726
0.0339842
0.00862772
0.013754
0.794891
0.012383
0.00969977
0.0083004
0.00133049
0.00397316
0.0295453
0.0217877
0.00645678
0.028907
0.00659165
0.0140918
0.0160951
0.00970741
0.0210374
0.00356451
0.0154721
0.000871194
0.00186936
0.0189477
0.00172753
0.0130157
0.0156438
0.0123981
0.00295396
0.0128126
0.00745516
0.00463342
0.0340052
0.0170161
0.0097462
0.01424
0.0036584
0.0257708
0.00359702
0.0249836
0.0048327
0.00904169
0.00796911
0.0240443
0.0105386
0.00612922
0.00865864
0.00622729
0.00219599
0.0180999
0.0152948
0.0155571
0.0122628
0.0154628
0.0091578
0.00716139
0.0024589
0.000913417
0.026474
0.00320544
0.0230424
0.0286807
0.0189995
0.0119632
0.00324586
0.000227505
0.00976842
0.000544664
0.00529569
0.00817563
0.0171458
0.00572704
0.0212883
0.016932
0.006804
0.0269137
0.00937854
0.0167856
0.00325481
0.00595512
0.00813822
0.00760179
0.0105445
0.028938
0.0055865
0.00732747
0.000695082
0.00712056
0.0145471
0.0254156
0.010171
0.00211797
0.00580636
0.00425964
0.00248793
0.0033468
0.00421279
0.0136013
0.0134055
0.0117079
0.0151483
0.00464777
0.0133524
0.0209844
0.0015056
0.00065991
0.0143005
0.00648543
0.000180763
0.00379939
0.00951999
0.0177129
0.00690176
0.00173224
0.0139622
0.0150393
0.00156457
0.0203616
0.0345581
0.0017429
0.0130767
0.00605502
0.0170982
0.0122642
0.000132313
0.0156001
0.0181177
0.0176133
0.0180202
0.0112776
0.00770964
0.00611466
0.0135659
0.0143888
0.0187827
0.0139721
0.0103615
0.00502198
0.0014982
0.0323125
0.00164026
0.00973583
0.00811112
0.00677262
0.00745593
0.00758514
0.0320441
0.0135065
0.00408958
0.0102086
0.017135
0.000651024
0.00744456
0.00486158
0.0121573
0.0273499
0.000714676
0.0670808
0.00426575
0.00117029
0.0220545
0.018089
0.00664345
0.0089533
0.781833
0.00341612
0.0377663
0.0160087
0.00340779
0.0204873
0.00970585
0.0163669
0.0283272
0.00692671
0.00678501
0.0278277
0.00102866
0.0076853
0.00531022
0.00325533
0.0225926
0.007987
0.0078603
0.00740941
0.828373
0.003217
0.000142123
0.00438146
0.00189576
0.0268523
0.0110836
0.0173732
0.00197235
0.038765
0.0155223
0.00263263
0.0123175
0.002536
0.00307779
0.000531402
0.00672796
0.461012
0.00374997
0.00383474
0.00691446
0.00788186
0.037073
0.0200531
0.00458329
0.000785402
0.0159979
0.0185274
0.00150756
0.0110639
0.00159358
0.00835754
0.00310781
0.009648
0.0112352
0.00138913
0.0007702
0.00879613
0.00375712
0.0012203
0.00844595
0.000623217
0.0400501
0.048928
0.0145675
0.0140784
0.00399551
0.00504957
0.00300047
0.0101034
0.0251875
0.0520692
0.457943
0.000375117
0.0422839
0.0161897
0.0319692
0.0320095
0.618097
0.0168422
0.00647594
0.0405638
0.0182368
0.0110263
0.00939573
0.0045571
0.00549057
0.000437628
0.0167691
0.00488421
0.0157443
0.0137791
0.00763554
0.00748062
0.00724242
0.00843743
0.00719036
0.0131421
0.00351053
0.0131657
0.0219158
0.0125143
0.0101368
0.00445354
0.00772309
0.00372472
0.00140318
0.00418796
0.00802868
0.00964484
0.604187
0.000999432
0.00303105
0.0109008
0.0110984
0.00788183
0.00371646
0.0425288
0.0196478
0.0485997
9.29175e-06
0.0247933
0.0023548
0.00757092
0.00207495
0.00145362
0.00280924
0.00195245
0.00967723
0.0209044
0.00559998
0.0197698
0.0297181
0.00503936
0.00135293
0.00901571
0.00446304
0.0144125
0.00966308
0.00849594
0.00371427
0.033762
0.00726952
0.0040592
0.0199444
0.00577405
0.00300241
0.00762501
0.00705041
0.0168189
0.0054996
0.0162943
0.055739
0.0119066
0.00189001
0.0079262
0.000660799
0.0019709
0.0109749
0.00238535
0.000775473
0.00543173
0.00744609
0.0137253
0.000196739
0.0247384
0.035004
0.017066
0.00545761
0.0131995
0.0111019
0.00668004
0.00807068
0.0266269
0.0156984
0.01868
0.00154267
0.544707
0.0103245
0.00303339
0.00241373
0.00476269
0.003476
0.00958441
0.000640368
0.0152985
0.0138473
0.00622627
0.000122517
0.00273223
0.00455543
0.000167348
5.00362e-05
0.00743995
0.0126077
0.00838237
0.034425
0.0106957
0.0429017
0.00327501
0.00623285
0.00287426
0.0154542
0.00483309
0.00687323
0.000765473
0.00974965
2.98177e-05
2.04322e-05
0.0155484
0.00468739
0.0220806
0.0105063
0.0271008
0.0141681
0.00529519
0.0158819
0.00703671
0.000304745
0.00120849
0.00433503
0.027621
0.00713586
0.00775727
0.00937857
0.000324527
0.00805813
0.00246574
0.00960153
0.00201433
0.000114591
0.000386831
0.0140525
0.00681737
0.00169068
0.0102452
0.0108607
0.0113117
0.0295241
0.0162862
0.0147791
0.008436
0.010537
0.0327407
0.00859949
0.00528796
0.0118915
0.0158158
0.00066898
0.0088725
0.661595
0.0138253
0.00607497
0.000794994
0.000247203
0.00879539
0.00667442
0.00135393
0.0155828
0.00629494
0.013082
0.00350522
0.0100744
0.0163578
0.000930161
0.00389303
0.0106595
0.0276643
0.00670196
0.0178012
0.023982
0.0119028
0.0230272
0.0354677
0.0100392
0.00869359
0.643279
0.000129042
0.0168461
0.00234348
0.00355145
0.00434526
0.000576644
0.0085462
0.00397567
0.0106328
0.00165414
0.00317372
0.0124139
0.00652509
0.00447776
0.00978946
0.0193048
0.00660955
0.0280013
0.00308489
0.00349472
2.89198e-05
0.00474224
0.000324019
0.0143448
0.00459955
0.00129183
0.0204802
0.0227038
0.00769997
0.020467
0.00884729
0.00852199
0.00680327
0.0127888
0.00157011
0.00209938
0.0111407
0.0055663
0.00552666
0.00308741
0.0106444
0.018266
0.00544181
0.0147119
0.00320275
0.0100854
0.00823015
0.00792829
0.0146229
0.000931822
0.00945889
0.000554135
0.00717002
0.0020313
0.00558786
0.00407706
0.00516633
0.00160613
0.00191489
0.00559988
0.00767486
0.00667509
0.0676685
0.0155894
0.000898275
0.00530747
0.00287757
0.00356806
0.0131421
0.015306
0.00027896
0.00362636
0.0186816
0.0169599
0.0176924
0.0166363
0.00189266
0.0057893
0.0141358
0.00432724
0.00650088
0.0247169
0.00577866
0.00503973
0.0152289
0.0138203
0.00498147
0.0489646
0.0046033
0.00578546
0.00293471
0.00613123
0.0120443
0.00061055
0.00645343
1.63852e-05
0.000747978
0.00183716
0.042976
0.00056159
0.00506042
0.0104187
0.011654
0.0265973
0.0077858
0.0523066
0.0163084
0.0228208
0.0154096
0.00482761
0.018048
0.00695695
0.000927791
0.0129168
0.013704
0.00356108
0.00703404
0.0328221
0.033781
0.00718004
0.00144188
0.029586
0.0262695
0.00734052
0.0436276
0.000539468
0.00997208
0.017472
0.013964
0.0133591
0.0131906
0.00628334
0.0022319
0.0048167
0.00590781
0.011366
0.0148464
0.0112384
0.0330996
0.00964945
0.00969289
0.00427848
0.0139769
0.00969899
0.0263141
0.00919911
0.0117884
0.0148706
0.000757257
0.031766
0.0201139
0.0099719
0.0280945
0.0250547
0.0160374
0.0180205
0.0169469
0.0223054
0.0592279
0.02574
0.0068698
0.037986
0.010863
0.00849368
0.0211798
0.00126018
0.0316007
0.000115313
0.000988574
0.0161878
0.0163456
0.0134119
0.00412893
0.0218858
0.0201053
0.00312117
0.00632285
0.00260223
0.0123532
0.0179198
0.00509064
0.00369591
0.00563577
0.000295905
0.0142087
0.00962092
0.0212919
0.0092657
0.00958663
0.0311832
0.0172248
0.00308003
0.00737744
0.0154649
0.0256493
0.00734725
0.00137416
0.00114731
0.00430604
0.0024984
0.0049094
0.00368748
0.00388494
0.00578505
0.00209072
0.0123924
0.0216469
0.0283789
0.0176201
0.0323816
0.00608173
0.0035451
0.0172836
0.000869805
0.00488482
0.00994296
0.0153474
0.00494546
0.013783
0.013255
0.0170682
0.00352927
0.0166233
0.0133441
0.00921967
0.00614934
0.00521026
0.0065265
0.00477899
0.00460467
0.0103442
0.0133809
0.0105587
0.00028921
0.013317
0.0117335
0.00936462
0.011645
0.00164067
0.0137789
0.0139244
0.00967616
0.00568795
0.00290377
0.0135676
0.0173636
0.00348634
0.003967
3.10353
0.0149843
0.000755206
0.00648918
0.00380551
0.00377762
0.0130987
0.00633157
0.00675789
0.00515169
0.00105468
0.00538581
0.0184581
0.0183404
0.00586691
0.00158013
0.00579444
0.00737088
0.00555284
0.0075211
0.00574658
0.0247292
0.0148148
0.00774409
0.00357068
0.00346734
0.0146045
0.0262967
0.0180354
0.00548873
0.0076305
0.00198854
0.0046155
0.00774165
0.0118539
0.000353721
0.00124812
0.0114652
0.00249239
0.00507395
0.0248541
0.00892994
0.0101804
0.000277637
0.00812834
0.00471019
0.00955534
0.0133758
0.00251954
0.000961012
0.0287362
0.0169449
0.00257222
0.0206322
0.000733538
0.0113222
0.000813033
0.00372149
0.00369387
0.00909194
0.00028711
0.00770201
0.0230565
0.0154547
0.00579283
0.00772071
0.0044396
0.0192778
0.00123084
0.0122111
0.00406419
0.00608042
0.000470782
0.00164097
0.0156371
0.00743106
0.00280314
0.0099073
0.00590582
0.00681901
0.000611697
0.0168413
0.007535
0.00632316
0.00232783
0.0029264
0.0107724
0.00583265
0.0102444
0.0220497
0.015149
0.00408994
0.00725826
0.0183461
0.00358738
0.0307354
0.00447615
0.00331309
0.00186595
0.0095842
0.00477729
0.000774012
0.00301818
0.00866629
0.000918696
0.00685723
0.0115259
0.00661279
0.0197953
0.00933969
0.00347329
0.0243091
0.00147925
0.000844012
0.0101642
0.00558422
0.0049251
0.0069973
0.00192241
0.004328
0.00210575
0.0148178
0.00538861
0.000893954
0.00432513
0.0029522
0.00207819
0.00272972
0.0191595
0.0104207
0.003261
0.00243393
5.58318e-05
0.0152861
0.00140869
0.00371146
0.00849704
0.0114602
0.00740668
0.00152395
0.00515055
0.0103748
0.00422267
0.00196112
0.0189879
0.0262634
0.0208619
0.00424159
0.00857998
0.00789882
0.0113101
0.0244024
0.00697415
0.00234658
0.0100433
0.0117715
0.00620743
0.00317586
0.00637715
0.00385822
0.0059919
0.00701855
3.13552
0.00209309
0.0173991
0.00186358
0.0281805
0.00345776
0.00127115
0.00185401
0.00951284
0.00456576
0.00191855
0.00309402
0.00472394
0.00685391
0.00725345
0.0136649
0.00069961
0.00274769
0.00329133
0.00546056
0.0023292
0.00368233
0.00388516
0.00775965
0.00068736
0.0233464
0.00594195
0.0069445
0.00701144
0.00416148
0.00663311
0.00366015
0.0078639
0.00232563
0.000642165
0.0023374
0.00500954
0.00763439
0.00162482
0.000777996
0.00471034
0.00150848
0.0223274
0.000384431
0.0018965
0.000931273
0.00126013
0.00107906
0.0118244
9.20942e-05
0.0124266
0.014981
0.00505798
0.00139603
0.00365798
0.613092
0.00106826
0.0022234
0.011389
0.00271075
0.000429004
0.00558533
0.00962311
0.00498292
0.00326379
0.0120778
0.00119264
0.770286
0.00816295
0.00145731
0.00456578
0.00175337
0.0302723
0.00196829
0.0150355
0.0167687
0.0141085
0.00138121
0.00379979
0.0663698
0.0177071
0.00186273
0.0154447
0.00147895
0.00792151
0.000626734
0.00096646
0.00574929
0.000932842
0.00667389
0.0152041
0.00118755
0.00387564
0.00646375
0.00716562
0.0176411
0.00124064
0.00401319
0.00932759
0.00150878
0.00190195
0.0155627
0.00391482
0.00569183
0.00433333
0.0174473
0.0291454
0.007143
0.000225804
0.000369873
0.000888706
0.00914791
0.000584444
0.0038483
0.00167002
0.00645441
0.0175562
0.00437315
0.00751661
0.00778802
0.00182136
0.0183565
0.00118059
0.0106955
0.0129754
0.00579248
0.00189053
0.00181751
0.0287422
0.00264765
0.0110662
0.0170586
0.00140497
0.00477191
0.000453822
0.0109627
0.012273
0.0084045
0.00811148
0.00267248
0.00206197
0.00205722
0.00281182
0.0153556
0.00291842
0.000376321
0.0156203
0.00730594
0.0107157
0.0164694
0.00447762
0.00300065
0.0135418
0.0018471
0.00500292
0.00408041
0.00229298
0.00151919
0.00528327
0.0041567
0.00774024
0.0180661
0.00990309
0.00451412
0.000259333
0.00179345
0.0111164
0.0230728
0.0113106
0.0131502
0.00236768
0.00834334
0.00487902
0.0107211
0.00303612
0.00889916
0.00222792
0.00881948
0.00636646
0.0066316
0.0174024
0.00864773
0.721379
0.0073252
0.00713581
0.00986784
0.00474836
0.0122671
0.00716974
0.019484
0.0298413
0.0269932
0.0164516
0.00215765
0.00971121
0.011418
0.00517171
0.000214337
0.0180109
0.0195437
0.00899756
0.0108702
0.0239869
0.0226876
8.91632e-05
0.00423702
0.00970965
0.00793898
0.00955627
0.00197842
0.00441262
0.00538084
0.0134759
0.00178454
0.00310193
0.00082454
0.00204741
0.00325799
0.000682483
0.000566025
0.00359856
0.00654094
0.00765978
0.00462026
0.00526865
0.00528903
0.0069218
0.010181
0.0189113
0.00832482
0.0208046
0.00186127
0.0114444
0.000400533
0.00433926
0.0026818
0.0169963
0.00188585
0.00721451
0.00216011
0.000584223
0.0161128
0.0145963
0.030614
0.0125602
0.0048055
0.00938044
0.000724515
0.0017433
0.014472
0.00355834
0.0147894
0.0205377
0.00273515
0.00238817
0.00214028
0.00799877
0.00380129
0.00219148
0.00294039
0.00122483
0.0041741
0.00318183
0.00760738
0.02562
0.00213559
0.0831099
0.0227139
0.0093089
0.0031891
0.0036778
0.0128115
0.00245299
0.00346739
0.000964051
0.0118909
0.00957175
0.0115482
0.00996664
0.0102164
0.000528209
0.0191914
0.00202814
0.00123089
0.00575362
0.010445
0.00150203
0.0132809
0.00311338
0.00352326
0.00982077
0.00157529
0.0188776
0.0382861
0.000526687
0.0151247
0.000896975
0.0104167
0.000403872
0.0041736
0.0150446
0.00119353
0.00427776
0.0107642
0.00137204
0.00663127
0.0317259
0.00846828
0.00207454
0.00824081
0.0109223
0.00141693
0.0108943
0.01165
0.00200815
0.0135381
0.00572302
0.00869269
0.0170525
0.00879463
0.00249533
0.00840405
0.0120057
0.00927354
0.0136482
0.00356955
0.0115041
0.0105746
0.0160304
0.000105823
0.0298154
0.00796638
0.0118452
0.00313276
0.01825
0.0138061
0.00442639
0.0124759
0.000639769
0.00642973
0.0249078
0.012889
0.00770014
0.0157113
0.00951351
0.00997256
0.647929
0.00204962
0.0217267
0.0175074
0.00854639
0.000364206
0.0111516
0.00763373
0.00222311
0.00538198
0.0147224
0.00439652
0.0190057
0.00305583
1.30646
9.16495e-05
0.00212259
0.0173784
0.0144665
0.00170577
0.00772879
0.0118727
0.00215494
0.00552893
0.00263226
0.0105175
0.00814667
0.00870499
0.00712654
0.00423828
0.00824799
0.00746678
0.00293363
0.00229931
0.0142989
0.000485029
0.0126512
0.0123777
0.0112491
0.00727122
0.0136437
0.00839819
0.0313375
0.00411932
0.0110621
0.00552799
0.00991025
0.0044182
0.0529373
0.00970374
0.0032424
0.0126143
0.0111606
0.000279406
0.00670554
0.00572216
0.00610664
0.0158611
0.00997192
0.0141779
0.00905083
0.00470835
0.00406047
0.00550767
0.0216972
0.00253061
0.00772996
0.0140492
0.0041608
0.015714
0.00130276
0.0124094
0.0102756
0.016652
0.0302262
0.0109572
0.0152033
0.00243228
0.0119777
0.0226412
0.00912698
0.0220612
0.00392656
0.0172838
0.00972908
0.00317723
0.000815708
0.00451274
0.00984264
0.0214874
0.00722524
0.00729943
0.00837071
0.0171341
0.00232103
0.00751785
0.0130182
0.00166207
3.11872
0.00175402
0.0118938
0.00525721
0.013361
0.0126787
0.000657232
0.0114295
0.00646221
0.00346725
0.00889603
0.0214805
0.00345519
0.00718947
6.35497e-05
0.00933057
0.00904999
0.00502659
0.0169036
0.00148866
0.00194915
0.00937891
0.0113688
0.000832771
0.000346415
0.00372877
0.00288939
0.009543
0.00431208
0.000360523
0.0106911
0.00917124
2.35638e-05
0.00802495
0.0155494
0.00412636
0.00987055
0.00981516
0.00278162
0.0172108
0.277778
0.0367556
0.00739142
0.00294443
0.00423897
0.00524911
0.00064437
0.00425684
0.0178768
0.0217999
0.00013492
0.00731612
0.000674643
2.95543
0.00846304
0.00307578
0.0369759
0.00322638
0.015236
0.00943855
0.0162867
2.52207
0.010283
0.00258022
0.0124075
0.00688364
0.06952
0.00478177
0.011071
0.0332444
0.00973816
0.0301631
0.00179328
0.00856332
0.00717254
0.00596924
0.0015211
0.0124946
0.00241355
3.11609e-05
0.265468
0.0075225
0.0196667
0.00421739
0.0140241
0.00249239
0.0125174
0.0143669
0.00238892
0.00636896
0.00633477
0.0162736
0.00528071
0.422632
0.00231254
0.00498425
0.0001659
0.0111871
0.0082238
0.00960866
0.00296167
0.742221
0.0054707
9.56257e-05
0.00944795
0.000101374
0.479786
0.00919187
0.00144603
0.00833051
0.00963421
0.00202746
0.00128836
0.0111954
0.00590333
0.00862926
0.000403293
0.0279565
0.0102799
0.013972
0.00433477
0.00553771
0.00230614
0.00418167
0.000373349
0.00881734
0.00851225
0.000110855
0.00209216
0.0356302
0.0149015
0.000390369
0.00136588
0.000880979
0.0134777
0.0113515
0.00344294
0.00221675
0.000802622
0.00609023
0.00338916
0.00836259
0.0070946
0.000539607
0.000429477
0.00211117
0.00221936
0.00254407
0.0175808
0.000694192
0.0212475
0.00172047
0.00487919
0.00142269
0.00483637
0.0051818
0.0255164
0.00381832
0.650881
0.0111407
0.00416533
0.00745896
0.00403763
0.00184507
0.00907076
0.00411689
0.012439
0.00326699
0.0116806
0.00659215
0.339778
0.449083
0.0156698
0.107771
0.0135361
0.0116256
0.0158107
0.00483307
0.0169974
0.664028
0.00534728
0.00673053
0.017649
0.00789782
0.00739948
0.545041
0.000411535
0.00738285
0.0192737
0.0107173
0.00465065
0.00826164
0.0111335
0.00252924
0.00176782
0.0095941
0.0327738
0.00687024
0.00191675
0.014234
0.0080057
0.00343304
0.0139987
0.0115645
0.00259884
0.520024
0.0181207
0.0335968
0.00342894
0.0258741
0.0223874
0.00934723
0.011948
0.0113542
0.0142467
0.00381563
0.0040308
0.0111985
0.00172492
0.00191153
0.000353125
0.0166696
0.000926884
0.0105876
0.00379443
0.00631054
0.00469483
0.0341447
0.00309102
0.026393
0.00889776
0.00910484
0.00244708
0.00468134
0.0100759
0.0144692
0.00965698
0.0357416
0.0111521
0.00675106
0.00444315
0.00797361
0.00766807
0.00808933
0.00843037
0.00942912
0.012907
0.0121795
0.015585
0.0060057
0.027438
9.97184e-05
0.00642158
0.000648794
0.00321581
8.80556e-05
0.00671991
0.00401443
0.010409
0.0189273
0.0061532
0.00139734
0.00734219
0.00339003
0.0311857
0.00503433
0.00556089
0.000729886
0.00209347
0.0143831
0.00593519
0.0122769
0.00370854
0.0119649
0.0888574
0.0018912
0.0159066
0.00815913
0.039785
0.00521911
0.00734434
0.00202249
0.280707
0.0151345
0.00124565
0.00872646
0.0169462
0.0127867
0.00323646
0.00250098
0.0723104
0.0102424
0.000213713
0.00501624
0.0141904
0.00244642
0.00652144
0.00298637
0.00715002
0.00105826
0.000627722
0.00313518
0.508694
0.013541
0.0171476
0.00259841
0.0036004
0.0182399
0.0250979
0.00214766
0.0158792
0.0150242
0.00432079
0.00433179
0.287516
0.0858326
0.00015834
0.494506
0.00516529
0.000131917
0.00540776
0.0145718
0.00254061
0.0121433
0.00200124
0.00150066
0.00333907
0.00265572
0.00328677
0.00473096
0.00629358
0.00847236
0.00221992
0.00846381
0.0208133
0.0175137
0.0134899
0.0238406
0.0059267
0.00834128
0.000504588
0.0172398
0.0188007
0.00838482
0.0134474
0.00922443
0.00622738
0.0209611
7.29085e-05
0.00504732
0.00217627
0.00576088
0.0106244
0.00413651
0.00492004
0.000740868
0.00894038
0.00470038
0.0044544
0.00715469
0.00221764
0.00424307
0.000227731
0.00324003
0.00598313
0.00622494
0.00432282
0.0132363
0.000128182
0.000126409
0.000965952
0.00504015
0.00555611
0.00694561
0.0141331
0.000328389
0.0210577
0.00717861
0.00116333
0.0116848
0.000896849
0.00225463
0.556859
0.00284679
0.00172829
0.00732823
0.00146982
0.00392503
0.00261253
0.0152491
0.00763947
0.0134537
0.0178788
0.0200207
0.00133234
0.0196762
0.0178004
0.00679879
0.0110114
0.0110423
0.00259979
0.00810897
0.0113913
0.00488787
0.00120039
0.00668626
0.615965
0.000805762
0.0073802
0.00624646
0.0097293
0.000621095
0.00740354
0.00468307
0.00477785
0.00909054
0.00884621
0.00640979
0.0307853
0.00300561
0.0153925
0.0078789
0.0108575
0.0123806
0.0116613
0.0207155
0.00893485
0.0133309
0.000584714
0.0147364
0.0047998
0.0474604
0.00179616
0.0011609
0.00179047
0.00306042
0.00401815
0.00161235
0.0134218
0.0298358
0.0626609
0.00359339
0.005373
0.0297192
0.00734523
0.00311775
0.00834092
0.000448594
0.00142947
0.00628824
0.00832628
0.0207759
0.0175128
0.00951693
0.00608936
0.0550292
0.0134906
0.00509657
0.0227581
0.0133237
0.0121389
0.0123838
0.00334748
0.039964
0.000252638
0.0224108
0.00203511
0.0118138
0.0021198
0.0538617
0.00136057
0.0194514
0.00570322
0.00451387
0.00253532
0.00309798
0.0116163
0.0229769
0.00211202
0.0141618
0.00556737
0.00799314
0.0133375
0.0269656
0.00184472
0.011103
0.00243085
0.0221339
0.019072
0.00446146
0.0160274
0.00423116
0.0110804
0.0350066
0.00978593
0.00722679
0.000381326
0.00917704
0.0199781
0.0165738
0.00428032
0.00452614
0.0277064
0.0149068
0.0105373
0.00139817
0.00712698
0.0100169
0.00956218
0.012886
0.0212623
0.00169259
0.00815375
0.00317127
0.00312295
0.0283006
0.0128533
0.0150053
0.00313109
0.0079161
0.0298343
0.00622415
0.00581378
0.00303569
0.006057
0.00306329
0.0102132
0.000521454
0.003762
0.0052709
0.00943652
0.0256565
0.0063424
0.00718733
0.0137958
0.00130327
0.00279689
0.00440844
9.87405e-06
0.000618101
0.00292338
0.00103986
0.0235331
0.00542032
0.00390799
0.00284701
0.0155613
0.00104515
0.0186787
0.321993
0.0112676
0.00159467
0.0108948
0.00345862
0.000919281
0.00754584
0.00678496
0.00640362
0.00667438
0.00473162
0.00514768
0.00513316
0.695077
0.00188973
0.00329764
0.002532
0.0125698
0.00730136
0.00156887
0.00306145
0.0234708
0.00918674
0.00185361
0.039656
0.000409941
0.141748
0.0101135
0.0174081
0.00663512
0.00326268
0.000851106
0.006669
0.0104162
0.00308872
0.00193175
0.00904257
0.0164596
1.05389
0.00240553
0.00307725
0.0135075
0.00593343
0.000104576
0.0081842
0.00395433
0.46977
0.00918469
0.00724144
0.00635167
0.00150298
8.47091e-05
0.00555126
0.00335929
0.028862
0.00244973
0.0115432
0.0108386
0.00618013
0.00588768
0.000748944
0.0106273
0.00161387
0.00259165
0.000555647
0.0195381
0.0226635
0.00676486
0.00287099
0.00166368
0.00384815
0.585971
0.0022451
0.00382737
0.00887365
0.00438648
0.0120586
0.00489091
0.000420346
0.00253879
0.00108056
0.00398304
0.00247792
0.00440255
0.00282013
0.721018
0.00665138
0.00590586
0.0139661
0.000842878
0.00357937
8.65828e-05
0.021932
0.00058145
0.621359
0.589354
0.00620799
0.00237591
0.00841241
0.00790173
0.00701111
0.00665398
0.00848952
0.00156312
0.00666916
0.00129064
0.008591
0.000626973
1.04341
0.0315696
0.0197977
0.00560179
0.00453904
0.0208905
0.00860131
0.0105141
0.00849516
0.0097966
0.00338415
0.00016458
0.0027781
0.00234564
0.0120235
0.174006
0.00440364
0.000512286
0.00243867
0.00129914
0.00340538
0.0126064
0.00838824
0.0249234
0.115657
0.000719578
0.00214789
0.011036
0.00646516
0.000817038
0.0123173
0.000900599
0.00257154
0.00627073
0.0010598
0.0063008
0.00326172
0.00463041
0.00830879
0.00693161
0.0108458
0.0228374
0.0174713
0.00219297
0.551757
0.00669993
0.00937342
0.00574863
0.000337544
0.0112121
0.00634732
0.00336429
0.00879617
0.013763
0.0469402
0.0236764
0.0140855
0.00804454
0.0131359
0.00674847
0.000573264
0.00489515
0.00518821
0.00962642
0.00389866
0.00753996
0.00152819
0.00434633
0.0166742
0.0107164
0.00448245
0.00663027
0.00948262
0.0133819
0.00702273
0.00786818
0.00312626
0.0216278
0.0017608
0.0042742
0.0018295
0.00681816
0.00749953
0.0180058
0.00664251
0.0108378
0.00311322
0.0243909
0.00993268
0.0117051
0.00825634
0.00881622
0.00405732
0.0128631
0.00216409
0.00535678
0.00216774
0.0142245
0.0187841
0.00137247
0.00600777
0.0180462
0.00231317
0.000969058
0.0028841
0.0214006
0.00583566
0.0173257
0.00203306
0.00785206
0.00841051
0.00141371
0.0054083
0.00309823
0.00385221
0.00743153
0.00930718
0.00196725
0.00577389
0.00359732
0.00346148
0.0281681
0.0212706
0.00844824
0.0220617
0.00691766
0.0397347
0.00783632
0.00644064
0.00793417
0.000302885
0.00797634
0.0019716
0.00115603
0.0190059
0.0025189
0.00850236
0.000678425
0.0224238
0.0127721
0.0149852
0.00889777
0.00243841
0.0155215
0.0014069
0.00674999
0.0214311
0.0180973
0.0180002
0.00704842
0.0404026
0.0183146
0.0129475
0.0242522
0.0407315
0.00643593
0.00353799
0.00542729
0.0268697
0.0351734
0.00392619
0.0163943
0.0134761
0.0409564
0.0106308
0.012874
0.0199283
0.0329346
0.0130157
0.0157848
0.00877552
0.00711632
0.00737803
0.0430997
0.0131188
0.00329967
0.0127776
0.0147963
0.00423809
0.053603
0.01242
0.00665295
0.00144549
0.00965559
0.0219377
0.000984073
0.00308657
0.0458822
0.0221317
0.00193378
0.0143775
0.0149187
0.0151894
0.0157431
0.0181056
0.00229035
0.0010128
0.00676141
0.0189035
0.00205736
0.00278921
0.00655849
0.000243946
0.00827418
0.00537373
0.0389395
0.000813507
0.00327393
0.0328894
0.00750434
0.00227703
0.00722705
0.00640515
0.00298293
0.0247128
0.00286752
0.0028959
0.00693024
0.0219828
0.00209006
0.00242884
0.0144234
0.00601793
0.0145561
0.0120213
0.0315162
0.00459549
0.00122545
0.00243506
0.00607353
0.00153089
0.0144815
0.0216862
0.000899628
0.0226965
0.0158743
0.0185574
0.00226432
0.00940186
0.00144175
2.97177
0.0194239
0.00409187
0.0146168
0.00137332
0.00451109
0.00063556
0.00747563
0.0511344
0.00540966
0.00309016
0.0200137
0.0069615
0.00766892
0.00548232
0.0142184
0.0123956
0.0102875
0.0112782
0.00482064
0.0236358
0.0044143
0.0160522
0.00615092
0.012405
0.0143549
0.00765704
0.0254592
0.0357393
0.000781826
0.00160728
0.00924339
0.0013089
0.0133941
0.00670785
0.0287135
0.00049135
0.00103739
0.0137483
0.00621049
0.0168051
0.00573072
0.0213092
0.00286841
0.0221394
0.0541069
0.000582539
0.0113874
0.00325606
0.00730851
0.0255714
0.0040284
0.0100972
0.00686538
0.00408838
0.000830714
0.0121223
0.0160736
0.00330383
0.00438775
0.00402952
0.00665378
0.0220112
0.00963762
0.0191126
0.0245244
0.00794536
0.0343709
0.017065
0.014986
0.00381803
0.0473957
0.0139476
0.00357676
0.0129509
0.0124124
0.013801
0.00285426
0.0675076
0.0056834
0.00576081
0.00336081
0.0171127
0.0103186
0.00518085
0.0135732
0.0264396
0.00716952
0.00549836
0.0203743
0.00418031
0.012073
0.00448536
0.00663507
0.00845465
0.0218438
0.00543573
0.0097622
0.000625726
0.00547246
0.0302056
0.000114446
0.0159871
0.00477512
0.00343603
0.00388011
0.0192994
0.0289652
0.00265523
0.00102179
0.006633
0.00071577
0.0151728
0.00957356
0.51689
0.00120699
0.00441125
0.00555576
0.00731153
0.00143303
0.0177265
0.00163754
0.0148006
0.000779573
0.00447365
0.00215784
0.0123135
0.663547
0.000136963
0.0320034
0.0305042
0.00191689
0.0895993
0.00931731
0.0730383
0.0113798
0.0179564
0.00588091
0.0149666
0.00207291
0.00643575
0.00566143
0.01406
0.0117151
0.00126551
0.0226248
0.0095897
0.00247678
0.00578987
0.00269546
2.70703e-05
0.0192412
0.0128293
0.0211103
0.012456
0.00357116
0.000259657
0.00337691
0.0289777
0.0150418
0.00338334
0.0213685
0.00996764
0.00323944
0.0074011
0.0164694
0.011048
0.000886733
0.0288208
0.0355769
0.0419159
0.00141253
0.0228156
0.0227984
0.0135896
0.0378441
0.0138848
0.0285356
0.019512
0.0039271
0.00562409
0.00574047
0.00765836
0.860907
0.00782776
0.0259007
0.00703526
0.0291513
0.0050523
0.0143179
0.016046
0.019826
0.00321891
0.167206
0.0291123
0.00206026
0.00862406
0.0241146
0.0164733
0.0825331
0.0124777
0.0303171
0.00324277
0.00504878
0.0191494
0.0118866
0.00521459
0.0263511
0.00378762
0.00425295
0.00501096
0.033664
0.214746
0.00589982
0.0119656
0.00194055
0.0112716
0.00859796
0.0105876
0.00441267
0.00970243
0.0164842
0.0341407
0.00329323
0.0113561
0.00899808
0.0359279
0.0106387
0.00149033
0.0313081
0.347097
0.0019597
0.0209453
0.028545
0.0221549
0.00886628
0.00626928
0.00743156
0.000954126
0.0184726
0.00402642
0.00801267
0.00155693
0.0359503
0.00315592
0.0269586
0.0131339
0.000780646
0.0424709
0.0050014
0.0250691
0.0247245
0.00790413
0.0197317
0.025965
0.0160609
0.0201435
0.00414738
0.00254575
0.024272
0.00605712
0.0263366
0.0350314
0.014646
0.0126943
0.0151088
0.00799636
0.0106012
0.0229638
0.0358831
0.00323077
0.0110632
0.00347259
0.0231342
0.0144874
0.0155371
0.0110847
0.0157921
0.00566265
0.023617
0.0292336
0.00107262
0.054284
0.0152825
0.0330694
0.00522313
0.00918592
0.00301749
0.00523435
0.0095138
0.00486966
0.0155594
0.00210534
0.010251
0.00387154
0.00107624
0.0109146
0.00489281
0.000718347
0.0133867
0.00207493
0.0014876
0.00071585
0.0115466
0.00112585
0.00527925
0.0208109
0.00569769
0.0188552
0.0164281
0.00188714
0.0183981
0.0200792
0.00924419
0.0163562
0.0312472
0.00256022
0.0147414
0.00105435
3.13147
0.00507656
0.00379374
0.00038003
0.00806681
0.00911671
0.00383733
0.0031347
0.00339208
0.0294407
0.0124142
0.0107091
0.0218332
0.401739
0.00581694
0.0061391
0.00739157
0.00565195
0.00127229
0.0134818
0.0194333
0.00878864
0.0135965
0.0121585
0.0102066
0.0264501
0.00826074
0.0254539
0.00231255
0.0149468
0.013086
0.0132957
0.0283539
0.00137603
0.00470475
0.00849649
0.00423399
0.0081772
0.000693544
0.00436225
0.00425144
0.0317258
0.00117318
0.00182844
0.000326896
0.00125341
0.0139772
0.011893
0.010449
0.00294658
0.0125203
0.00324691
0.0239788
0.0167794
0.0106653
0.00184801
0.00147813
0.00550512
0.0292488
0.00969939
0.00890766
0.00649125
0.00267366
0.0117548
0.0121105
0.0158756
0.010384
0.01292
0.000560115
0.00445291
0.00207261
0.000584316
0.00276629
0.000848737
0.0217196
0.0101902
0.0203268
0.00826896
0.0134971
0.00372171
0.00293919
0.00213086
0.0156644
0.000276049
0.0286051
0.00251079
0.00792553
0.00457961
0.0331647
0.0144042
0.000846427
0.0135769
0.00292686
0.000519608
0.00799719
0.0131008
0.00572994
0.0103102
0.00931131
0.00952824
0.00268495
0.00377742
0.00460438
0.0062149
0.00955961
0.0550873
0.00751239
0.0107286
0.00820688
0.00532077
0.00309055
0.000434576
0.00663236
0.000826652
0.00721533
0.0342181
0.0239237
0.0132788
0.016019
0.005192
0.000663668
0.0081246
0.0288832
0.00887512
0.0233705
0.00343752
0.010344
0.00831426
0.00294645
0.0146643
0.00592641
0.0252679
0.000472365
0.0163303
0.00544709
0.00133447
0.0239979
0.0180996
0.0146463
0.0116268
0.00195686
0.00846903
0.0103431
0.00747595
0.00513711
0.0106714
0.00500618
0.0064792
0.010868
0.00901589
0.00980544
0.00842564
0.00547806
0.00633152
0.0211267
0.00289483
1.91641e-05
0.0164461
0.0308178
0.00554173
0.0107799
0.0123227
0.00434538
0.00754161
0.00366401
0.000882946
0.00150285
0.00108104
0.000524652
0.000289347
0.00772787
0.0270011
0.0147038
0.00305192
1.6338e-05
0.00314185
0.00169047
0.00627206
0.00459239
0.0123299
0.0143433
0.00205699
0.00268932
0.0326035
0.0115857
0.00584191
0.00553204
0.0066121
0.00348185
0.0145478
0.00219979
0.0045935
0.0206094
0.00928954
0.0301709
0.000154899
0.00660452
0.000945833
0.0495202
0.00355894
0.0173836
0.0038866
0.00436213
0.00403265
0.025082
0.0214842
0.00032665
0.0229096
0.00659969
0.0109024
0.00257103
0.00124031
0.0137199
0.00446734
0.0108058
0.0101097
0.00227769
0.040476
0.0081307
0.0107603
0.00078524
0.000973537
0.0253166
0.0153423
0.00966328
0.0196616
0.00294397
0.0108898
0.00371562
0.00222972
0.00881136
0.000734762
0.0297591
0.974506
0.00665119
0.0016707
0.00249696
0.00380287
0.0046252
0.000723156
0.00364297
0.00328829
0.00209296
0.0101841
0.00011039
0.00293316
0.00612791
0.00644405
0.000388213
0.000891367
0.000561323
0.00202038
0.0022886
0.000273512
0.00379395
0.00221719
0.00101714
0.0102217
0.0116908
0.00707649
0.00119161
0.00104686
0.015768
0.00194572
0.0011492
0.00973062
0.00274274
0.00220956
0.000878581
0.00989575
0.0202095
0.000992731
0.00411495
0.000539154
0.000765335
0.00963023
0.00194353
0.00171853
0.00736255
0.00216461
0.0075694
0.00543562
1.81057e-05
0.000123985
0.00998175
0.00134657
0.0152402
0.00656322
0.00861867
0.00813764
0.0050534
0.00293962
0.0042618
0.0164228
0.831647
0.00484195
0.00945426
0.00968672
0.0094821
0.0128389
0.0318951
0.0113979
0.67154
0.00841446
0.00548968
0.0168141
0.00490289
0.420907
0.0113875
0.00962488
0.00249261
0.000812334
0.0105622
0.00559417
0.0010584
0.00588315
0.0133962
0.0040175
0.0115358
0.000667143
0.00323034
0.0111848
0.0126998
0.00308974
0.00712913
0.00950087
0.00275537
0.000202358
0.002783
0.00463105
0.011006
0.00624733
0.00565784
0.00279097
0.00181551
0.000712836
0.00115502
0.00218512
0.00205293
0.00551766
0.00337969
0.00664663
0.00117934
0.0140095
0.00841786
0.00118766
0.00206559
0.018417
0.0293171
0.0136769
0.000254929
0.00484009
0.00518231
0.0131801
0.00668736
0.00950254
0.00384294
0.00080927
0.00815887
0.00303646
0.00790061
0.00485234
0.000555056
0.72088
0.00320032
0.0123401
0.00269652
0.01312
0.00336463
0.0119826
0.0430434
0.0149194
0.00563708
0.0045682
0.00747536
0.00321022
0.0202844
0.0172003
0.677784
0.00367414
0.00715233
0.00144025
0.0144131
0.000332842
0.00397901
0.00144332
0.00382334
0.00458154
0.00344092
0.00472622
0.000479012
0.00058802
0.000794195
0.00207528
0.00112716
0.0060713
0.000944005
0.0014508
0.000940748
0.000455428
0.0077936
0.0014614
0.00253686
0.0252201
0.00151691
0.0101764
0.722066
0.00511465
0.00385281
0.000406333
0.00393811
0.00232913
0.00090941
0.00288218
0.395788
0.0114191
0.00191292
0.000521231
0.00415191
0.00605939
0.00400897
0.0121949
0.000910968
0.00357424
0.020125
4.24566e-05
0.794138
0.000250835
0.00265068
0.000930418
0.000998764
0.00107988
0.0238518
0.0078575
0.00316978
0.0012039
0.00466317
0.398777
0.00462525
0.00304762
0.60775
0.00468325
0.00175987
0.00185212
0.00265986
0.88909
0.00123816
0.00939769
0.0035921
0.00839731
0.671358
0.00383333
0.00558223
0.0110911
0.00983811
0.00568039
0.540188
0.00883815
0.0106564
0.000682008
0.00154656
0.00898037
3.42571e-05
0.00251487
0.00327688
0.00188627
0.0121938
0.00951007
0.00204905
0.0164972
0.000558677
0.000198816
0.000362459
0.00182399
0.0208545
0.0292741
0.0112465
0.0130568
0.00308283
0.00261494
0.00369901
0.0243529
0.0352012
0.00425123
0.0187447
0.00972582
0.0132455
0.0240234
0.0218449
0.0029489
0.00655496
0.00280807
0.00554692
0.00239061
0.0176288
0.00645676
0.00840455
0.0157609
0.0175191
0.0093324
0.0132585
0.00738602
0.0272332
0.013765
0.0238547
0.00414785
0.00234086
0.0321322
3.54573e-05
0.00410675
0.003973
0.0256458
0.0180145
0.0270063
0.0160742
0.0102247
0.00718813
0.00434146
0.0100807
0.0213134
0.00310723
0.011167
0.00987296
0.00834721
0.00727619
0.00267003
0.0064169
0.0108033
0.00834527
0.0282532
0.0204777
0.00151245
0.028912
0.0111415
0.0163186
0.00835487
0.00867964
0.00135591
0.0113366
0.00203184
0.0126587
0.0106274
0.0197198
0.0184418
0.022927
0.00712359
0.00348539
0.00638218
0.0143644
0.0156345
0.00163356
0.00234608
0.015371
0.00919968
0.0235077
0.00464858
0.0184961
0.0076505
0.00290845
0.00855248
0.00199673
0.0127975
0.00323486
0.000632584
0.00234111
0.0012617
0.00343728
0.00201893
0.00590236
0.00465419
0.00981474
0.0186559
0.0127978
0.0221581
5.22172e-05
0.00398177
0.00108624
0.0168368
0.00724998
0.0152597
0.0146807
0.00497826
0.00183886
0.00311937
0.00622252
0.0330114
0.00210116
0.00397798
0.00653813
0.0101801
0.00328899
0.0156809
0.0198135
0.0106655
0.00210136
0.00585178
0.0508217
0.018137
0.0298742
0.00104764
0.0328018
0.00837166
0.0147304
0.00105686
3.46991e-05
0.00318735
0.00595184
0.00874884
0.00214232
0.00278385
0.00382141
0.00327029
0.0137782
0.0306747
0.0152472
0.00603537
0.00154055
0.00166474
0.00911414
0.0245587
0.0108256
0.0164863
0.0039489
0.00235352
0.00320202
0.0155858
0.00397152
0.00954958
0.00880213
0.0100697
0.00419851
0.00140467
0.000623295
0.00197801
0.0105391
0.00256772
0.0403491
0.000153531
0.000757344
0.0187975
7.29922e-05
0.0115264
0.0132016
0.029255
0.0144368
0.00953121
0.00108647
0.00695907
0.00220024
0.0140451
0.00657541
0.00476029
0.00273143
0.00607551
0.00767531
0.00913207
0.0204196
0.00215669
0.0135619
0.0178691
0.00301889
0.00774361
0.00205577
0.00215973
0.00872511
0.00518012
0.00610582
0.00192096
0.00619588
0.0130158
0.00508952
0.00611956
0.0192303
0.00997592
0.0107661
0.0163795
0.0134129
0.0372248
0.00357691
0.0183504
0.000387884
0.0115299
0.0069554
0.00522181
0.0194265
0.017145
0.00632232
0.00752451
0.000963936
0.010098
0.0192706
0.0142907
0.00720134
0.0121523
0.00301885
0.00596101
0.00516499
0.0160087
0.00487347
0.00183243
0.515781
0.0048596
0.00319545
0.00286801
0.0131742
0.00839336
0.00766751
0.00243146
0.0167802
0.00501163
0.00198717
0.0049943
0.00253579
0.0101575
0.00720195
0.0216627
0.011141
0.022523
0.0102371
0.0167217
0.0243197
0.0156411
0.01758
0.0144762
0.00855847
0.00308864
0.0144067
0.0125169
0.00692431
0.00468876
0.0136661
0.00568964
0.0157349
0.0262429
0.862168
0.650111
0.00272385
0.00982862
0.00358927
0.000799165
0.000979635
0.00250173
0.0101151
0.0144969
0.00376096
0.0115959
0.592348
0.0223648
0.00235302
0.00832205
0.00657969
0.00632596
0.00335701
0.00244244
0.0116351
0.00106149
0.00159167
0.0122198
0.000354461
0.00285873
0.00925668
0.00744071
0.0111517
0.0137897
0.0101936
0.00040889
0.00116153
0.00320095
0.0119911
0.00618045
0.0071449
0.00117249
0.0204207
0.000821642
0.00453901
0.00251802
0.00795432
0.000122276
0.0063317
0.0128207
0.00243886
0.00666751
0.0055321
0.0127619
0.00627942
0.00863459
0.00676514
0.00488523
0.00334317
0.0192866
0.0274415
0.00649452
0.00171176
0.00694805
0.00198868
0.00124079
0.0114196
0.013808
0.00329972
0.00768185
0.0133654
0.00586113
0.00150987
0.00319691
0.0315444
0.000778588
0.0189714
0.000809635
0.00369108
2.8046e-05
0.0116821
0.00419874
0.00154249
0.00458637
0.0189791
0.00170343
0.00182968
0.00115117
0.00126424
0.00436832
0.0107222
0.00145435
0.00108191
0.0145727
0.577273
0.0108219
0.00111978
0.00177155
0.00689274
0.00788909
0.00151368
0.00299873
0.00298345
0.00844313
0.00136505
0.0052076
0.00123415
0.00715938
0.00790302
0.0021162
0.00315766
0.00514185
0.00137454
0.00762796
0.00622363
0.00818083
0.00497833
0.00298622
0.000590886
0.00106555
8.99468e-05
1.95211e-05
0.000323946
4.7277e-05
0.0019396
0.00580176
0.00347919
0.00875554
0.456716
0.0213832
0.0129866
0.0337887
0.00212722
0.00219319
0.0068726
0.010292
0.0104841
0.013974
0.00403545
0.00427563
0.00110269
0.00117833
0.00751567
0.00945554
0.00160271
0.00430688
0.0103104
0.00605396
0.000828017
0.0234321
0.00398752
0.00901235
0.0053141
0.00426034
0.0223249
0.0075724
0.0199036
0.00428602
0.0015583
0.00369926
0.0148011
0.00140803
0.0282186
0.00767817
0.0284036
0.0483272
0.00591202
0.0513585
0.00301739
0.0139048
0.00900442
0.00879523
0.011072
0.00197867
0.0121886
0.0122718
0.00225501
0.00694938
0.00682678
0.017953
0.0119802
0.00121205
0.0148182
0.00428684
0.00417625
0.0217815
0.00298681
0.00703161
0.0122613
0.00380779
0.0162261
0.0189536
0.00379891
0.00272129
0.0469065
0.0124799
0.00746176
0.000424455
0.00455647
0.0112519
0.00708175
0.000539506
0.000148393
0.000491466
0.0333768
0.00797939
0.000460449
0.0155063
0.0224939
0.0136207
0.0318287
0.00186237
0.0922871
0.0112732
0.0114593
0.00582864
0.00930473
0.00498333
0.0029826
0.036363
0.00253382
0.00492509
0.0234763
0.020518
0.00861391
0.0121201
0.00545037
0.00213313
0.00375185
0.00754628
0.00369306
0.00405322
0.00555858
0.0140417
0.0113707
0.000227788
0.0111047
0.00612536
0.0226858
0.0101126
0.0121467
0.00770451
0.00285417
0.0062372
0.00193461
0.000287584
0.000771485
0.002359
0.0128654
0.00342917
0.0184272
0.00562117
0.0332656
0.012529
0.0159882
0.00812764
0.0029051
0.0195406
0.0141273
0.00424724
0.00394508
0.00799277
0.000106491
0.000925281
0.00801068
0.000736259
0.00568918
0.0602005
0.00112532
0.00302403
0.0131633
0.0289399
0.00444825
0.0459804
0.0131153
0.732765
0.00632503
0.000928572
0.00702254
0.0140328
0.00176235
0.00293876
0.01044
0.00609834
0.00226756
0.00587444
0.0106909
0.0027264
0.00637726
0.00267334
0.0106399
0.00639131
0.00510503
0.00912771
0.00103324
0.0083055
0.00456981
0.00704956
0.00156456
0.0182528
0.00179258
0.0393851
0.0066906
0.00816637
0.00653334
0.00367744
0.0494721
0.00541451
0.00650473
0.00916293
0.00625589
0.00370151
0.000833381
0.00579176
0.00129093
0.000100814
0.00193921
0.357935
0.00485082
0.00357425
0.00518284
0.0079676
0.00371769
0.0108063
0.0172373
0.0103639
0.00291314
0.0149132
0.00326668
0.0120133
0.00270855
0.0029437
0.00459686
0.00234097
0.00342259
0.0245158
0.00919736
0.273918
0.000148531
0.00275938
0.00730819
0.00174039
0.00239971
0.0263095
0.00867725
2.34243
0.0068795
0.0102717
0.00393702
0.0103102
0.00656024
0.00120782
0.00207731
0.0114928
0.00769609
0.0132948
0.000171912
0.00259041
0.000887992
0.0010166
0.000362434
0.0090016
0.00483866
0.000720686
0.00181263
0.00311511
0.00364329
0.00616941
0.693381
0.00393476
0.00562921
0.0163541
0.00545231
0.0062388
0.0143419
0.00269385
0.00199783
0.00243163
0.00466604
0.00284219
0.00241249
0.0106218
0.00124832
0.0286768
0.00361577
0.00145526
0.000486392
0.000231937
0.00164183
0.00242185
0.00602057
0.00190822
0.00598178
0.00162411
0.00309675
0.00577713
0.0162176
0.0113899
0.000995847
0.00653326
0.0395342
0.00339382
0.022934
0.0129305
0.00263977
0.0304528
2.11211e-05
0.0111243
0.00428801
0.00406951
0.00668564
0.00241963
0.00297119
0.00461437
0.00560049
0.00780283
0.00644544
0.00801484
0.0111171
0.00206061
0.00113102
0.0291572
0.00065922
0.00249367
0.000110667
0.0124035
0.00805287
0.00205599
0.0033939
0.00698654
5.20617e-05
0.00325771
0.0832467
0.00326053
0.00164742
0.00543969
0.00439598
0.00147118
0.00328309
0.00616035
0.0127742
0.000270251
0.00659781
0.0050745
0.001499
0.00757439
0.00224001
0.00236545
0.00473262
0.000255656
0.00208679
0.00757065
0.00025175
0.00236708
0.000550398
0.00722445
0.00528614
0.000192291
0.00262138
0.0270145
0.00312799
0.00215134
0.00429241
0.000662455
0.0441954
0.0228093
0.00308034
0.00960341
0.0239459
0.00592402
0.00175644
0.00628533
0.00195519
0.0025269
0.000504787
0.0125432
0.0108866
0.00371138
0.00596838
0.000228864
0.0248285
0.00317562
0.000291409
0.00173683
0.00908977
0.00425705
0.00318525
0.00289837
0.0179829
0.0142764
0.000650187
0.00295942
0.00201824
0.00394328
0.000780409
0.00178251
0.00470659
0.00687876
0.00349244
0.00997037
0.00279138
0.00373682
0.0037476
0.00583033
0.00159398
0.00317917
0.00279731
0.00442884
0.00590015
0.00783967
0.000194343
0.00369849
0.62285
0.0054451
0.00568998
0.0130497
0.00727074
0.00473856
0.00341403
0.616997
0.00999135
0.00894664
0.00356557
0.00325996
0.0212017
0.00512779
0.00342555
0.000736436
0.00319061
0.00175956
0.00418898
0.0101291
0.000531215
0.0100678
0.610811
0.0020963
0.00324416
0.00154929
0.00349354
0.0109732
0.00207469
0.0124232
0.00403916
0.554239
0.00886552
0.0083002
0.0129025
0.00372547
0.00555763
0.00345106
0.036963
0.0171554
0.000300537
0.00674979
0.306021
0.000521449
0.00632955
0.0144471
0.0046022
0.00602663
0.00769409
0.00719687
0.00945183
0.0105253
0.00237413
0.00531395
0.000204202
0.00150807
0.00685421
0.00164364
0.00400347
0.00514024
0.00799787
0.000697397
0.00455827
0.017373
0.000653115
0.00854898
0.0122834
0.0052653
0.00366115
0.00672878
0.00716706
0.00162698
0.0142331
0.00042822
0.00699056
0.00691184
0.0136621
0.00450941
0.00361519
0.00228455
0.00499836
0.0283463
0.0240261
0.0244625
0.00336599
0.00216839
0.00725892
0.0237166
0.0110257
0.017448
0.00259912
0.000644906
0.000317934
6.2801e-05
0.0197435
0.0632687
0.00999731
0.00103075
0.000838726
0.000652293
0.00336482
0.00114214
0.654639
0.011345
0.000904611
0.00160593
0.00275272
0.000431683
0.0046746
0.00469608
0.00305896
0.000246036
0.00795364
0.0217614
0.0181978
0.00374768
0.000701117
0.011138
0.00367133
0.00277656
0.0168596
0.000499175
0.000503451
0.00590527
0.0010526
0.00507857
0.00119147
0.0083656
0.0318968
0.00545728
0.00822108
0.00215202
0.0047566
0.00482817
0.00203791
0.00397026
0.00145688
0.00198195
0.00347239
0.545403
0.00139032
0.0134041
0.00156458
0.00186033
0.0134561
0.0040146
0.00927841
0.0117446
0.00325285
0.00192523
0.0600494
0.00182496
0.000462519
0.00666725
0.00340651
0.00718322
0.00374553
0.00666462
0.00915596
0.0183778
0.00382996
0.00209887
0.0297695
0.00433345
0.00993317
0.00244863
0.00162124
0.00839973
0.00499707
0.00520633
0.000388654
0.000152753
0.0015305
0.00380938
0.0116483
0.0179711
0.00455441
0.00252693
0.0043021
0.00315778
0.000364645
0.0106367
0.00174025
0.00968548
0.00679019
0.0011641
0.00034934
0.000237972
0.000467265
0.00266851
0.00636115
0.014504
0.000101924
0.00349467
0.00189252
0.00832314
0.00388037
0.0156936
0.0203507
0.00890934
0.000742635
0.00210435
0.00329458
0.0122756
0.00322093
0.00745343
0.00455491
0.00913624
0.00290763
0.00626303
0.520981
0.00115515
0.00391165
0.00298992
0.00972654
0.0193452
0.00180523
0.00165695
0.00795411
0.00149114
0.00153403
0.00276502
0.0103914
0.00264286
0.00199597
2.30276e-05
0.00977174
0.00286304
0.000269218
0.00374793
0.00356342
9.8707e-05
0.00309179
0.00422361
0.00115862
0.0171499
0.00458221
0.000117712
0.00281349
0.0297807
0.00178635
0.000902654
0.00206233
0.00280578
0.010372
0.0129389
0.504377
0.000873071
0.00250069
0.000314485
0.00297607
0.00834366
0.293966
0.0015496
0.00666191
0.00449656
0.00864084
0.00438289
0.00298168
0.00357213
0.00432834
0.000551878
0.00168505
0.608391
0.719277
0.00393465
0.00161161
0.000786721
0.00325532
0.00102073
0.00245482
0.0021546
0.00981036
0.00436009
0.000111034
0.00145076
0.00829869
0.00722796
0.0164389
0.00192399
0.00334601
0.00225055
0.00120572
0.0281788
0.000712199
0.000412162
0.0033973
0.00202919
0.00194795
0.0101597
9.8666e-05
0.00115316
0.00140261
0.000337765
0.00441048
0.00741792
0.0100344
0.0190931
0.00163321
0.00386616
0.00555582
0.0102743
0.00178696
0.00701952
0.00572086
0.00312624
0.00820272
0.00487109
0.673729
0.001857
0.000619864
0.0042226
0.00542685
0.0158156
0.00203108
0.0254541
0.00276966
0.00216972
0.00746833
0.0052937
0.00018312
0.0186039
0.00247788
0.00132541
0.00737854
0.0044362
0.00832951
0.00589193
0.00681079
0.00133944
0.00497342
0.010577
0.00205175
0.00204676
0.0194748
0.00284126
0.0137499
0.00991268
0.00440384
0.0256525
0.00152854
0.00116837
0.00144063
0.00213893
0.00846554
0.00495789
0.0102796
0.00323829
0.0142592
0.00356336
0.00721477
0.0132856
0.00616062
0.371114
2.5639
0.011578
0.0362378
0.00750856
0.017858
0.0033399
0.0133497
0.00865975
0.0150451
0.00050919
0.0151163
0.0203146
0.0038518
0.0105883
0.0016306
0.00329959
0.00646881
0.0247928
0.000101174
0.00194007
0.00743568
0.0110277
0.0117568
0.0120003
0.00366367
0.02822
0.0016103
0.00658478
0.0208249
0.0106909
0.00612265
0.0132984
0.0161961
0.000230026
0.0137771
0.00568431
0.00676238
0.00606222
0.00842744
0.0109778
0.0273093
0.0132085
0.0126488
0.00648287
0.00365234
0.00625247
0.0137287
0.00557947
0.00252652
0.00818846
0.00250116
0.00727508
0.00252281
0.00667768
0.00622029
0.00918063
0.00187351
0.0118678
0.000464838
0.00117328
0.0435065
0.00972349
0.00455048
0.00451884
0.00187543
0.119825
0.0143487
0.00512348
0.0013965
0.00678014
0.00150104
0.00447371
0.126277
0.00315276
0.00478966
0.0210921
0.00393479
0.00234525
0.00138269
0.00420511
0.535022
0.00697539
9.4081e-05
0.0114434
1.71519
0.00875911
0.00535347
0.176734
0.000402773
0.00872036
0.0033267
0.00725762
0.00720268
0.495729
0.243416
0.184327
0.0013198
0.2903
0.018855
0.438024
0.371617
0.0110158
0.116022
0.00540861
0.0121559
0.188536
0.000269125
0.461527
0.0101351
0.00873466
0.00199778
0.00327275
0.00500326
0.58599
0.00380433
0.00107988
0.00114884
0.00170732
0.329141
0.00259946
0.000542924
0.010213
0.00288272
0.000703601
0.443951
0.253706
0.0126569
0.302688
0.00250152
0.159711
0.000350499
0.00741281
0.00371169
0.00241551
0.00417497
0.558142
0.00402867
0.00188614
0.00952904
0.00270381
0.00434947
0.598165
0.00331415
0.00536705
0.00139338
0.0141048
0.00160554
0.00267938
0.494259
0.00539046
0.000224511
0.00438274
0.813283
0.00261487
0.0124554
0.00209399
0.00681299
0.000262807
0.00302578
0.00846282
0.00795604
0.001793
0.00180202
0.0144759
0.000752916
0.00126421
0.00669475
0.00239693
0.0192952
0.0184462
0.433775
0.00705641
0.000505394
0.00765642
0.0107026
0.0105763
0.00988396
0.63857
0.00426052
0.00539546
0.0125553
0.816047
0.558554
0.00235773
0.00675705
0.00990844
0.00809588
0.436226
0.0151985
0.000730116
0.00581106
0.685486
0.594956
0.74921
2.25527e-05
0.00144738
0.00448103
0.240185
0.00183582
0.00815234
0.0120818
0.00185702
0.00321355
0.0145154
0.0181147
0.189765
0.0020825
0.0115034
0.00449872
0.012359
0.000987051
0.00047822
0.00513931
0.00301117
0.0020123
0.000897211
0.000573585
0.0102476
0.0225429
0.0153608
0.00877322
0.01765
0.00177274
0.00684774
0.00930894
0.00297647
0.00145777
0.0181237
0.0120789
0.00384581
0.0167138
0.00186324
0.0116007
0.0167724
0.00125455
0.00968766
0.00402497
0.00579545
0.00617581
0.000868242
0.00818983
0.00177749
0.000352061
0.00733172
0.00247606
0.00244179
0.0106208
0.746445
0.00460671
0.00799567
0.00567653
0.0444193
0.667039
0.00386683
0.00488622
0.00456329
0.00476494
0.0105984
0.00829513
0.0212785
0.0013265
0.000528252
0.00841428
0.038781
0.00704872
0.011726
0.00520339
0.0127799
0.0097367
0.00380279
0.0150168
0.704526
0.00311943
0.0165544
0.00278001
0.00605657
0.00553512
0.00130314
0.00851374
0.00800955
0.00741819
0.00259949
0.000172067
0.00604727
0.00292216
0.00553677
0.014793
4.72904e-05
0.0132054
0.0012044
0.00740528
0.0205848
0.0121396
0.00353148
0.00268886
0.00830834
0.00258196
0.00356903
0.00523618
0.00206424
0.00515965
0.003441
0.0107126
0.745441
0.00425212
0.0104003
0.00206039
0.0076425
0.00484832
0.00647296
0.00718677
0.384413
0.000859346
0.0180501
0.00226337
0.0139522
0.00453117
0.0104538
0.00947312
0.013538
0.0057781
0.00676764
0.00156062
0.00760388
0.0203517
0.0134199
0.00837306
0.00530087
0.0159794
0.0336722
0.000677776
0.0102618
0.00384327
0.0014116
0.00264002
0.000150183
0.00346229
0.0161009
0.00330463
0.0185792
0.00750605
0.00825365
0.00988284
0.00233045
0.00524276
0.00295237
0.000533484
0.00293447
0.00404724
0.00506934
0.0120946
0.000316123
0.00152364
0.00166928
0.0105972
0.174658
0.00652197
0.000830798
0.0066676
0.000904957
0.00176748
0.006775
0.0105682
0.00982573
0.0160009
0.0149787
0.00965414
0.0176143
0.00745064
0.0288795
0.00337537
0.382085
0.00796851
0.00286559
0.0118983
0.00186435
0.000491937
0.00625768
0.00489643
0.00489535
0.0172362
0.0113623
0.00207256
0.0351158
0.00520746
0.000247416
0.00358565
0.00309438
0.00265178
2.81246
0.00133262
0.00460244
0.0229444
0.00575803
0.000571074
0.0139509
0.0110601
0.000729434
0.00141216
0.00724745
0.0024468
0.00678179
0.00396482
0.00756221
0.0021149
0.00244351
0.413768
0.0102339
0.00559216
0.00586937
0.00928266
0.00240016
0.0135682
0.0206185
0.00915621
0.0105882
0.0172494
0.0093735
0.000320211
0.0157625
0.0110442
0.0201738
0.00487081
0.00209644
0.000555371
0.000491316
0.0114959
0.00370926
0.00637567
0.00597025
0.0155804
0.52204
0.0189461
0.00209623
0.0025381
0.0753502
0.386136
0.00395726
0.0298903
0.00143275
0.767746
0.00719991
0.0132736
0.0347344
0.0022723
0.00043869
0.0113087
0.0183578
2.42856
0.00528024
0.00287829
0.0170995
0.00208147
0.0120871
0.00437488
0.00247782
0.0082523
0.00349567
0.00145012
0.0256926
0.0267671
0.00133405
0.00771236
0.629374
0.00782464
0.00578134
0.0120072
0.897815
0.00166749
0.0111359
0.00501583
0.0136385
0.00679205
0.00885182
0.00219949
0.00841155
0.0122955
0.639807
0.00810051
0.00799816
0.886096
0.0149894
0.00811025
0.0167891
0.548484
0.00587875
0.0030536
0.00335122
0.00965196
6.54831e-07
0.00943563
0.00306759
0.00997822
0.0014838
0.0103135
0.03159
0.00172841
0.012103
0.0122118
0.00834501
0.00465834
0.00919665
3.10482
0.0111345
0.000513923
0.0161197
0.00865322
0.00540687
0.000233897
0.0159066
0.00547633
0.0121046
0.00391768
0.0285501
0.00463971
0.00250172
0.0250171
0.000197175
0.00413365
0.0144465
0.00219506
0.0103715
0.00014508
0.0110328
0.0195078
0.00253143
0.0150404
0.00372979
0.00705192
0.0125421
0.0148478
0.00180457
0.00285837
0.00399346
0.000635512
0.0161821
0.650298
0.00223715
0.0135819
0.00411342
0.00974817
0.0058972
0.00760775
0.00344386
0.0185432
0.00894787
0.000268342
0.00385085
0.00967975
0.0111656
0.00317676
0.00378269
0.00397311
0.00153841
0.00367722
0.0036956
0.0132318
0.000374121
0.00504843
0.000108157
0.00980226
0.0020121
0.000831578
0.00719988
0.011429
0.00223447
0.00013238
0.00265323
0.00435114
0.0118591
0.00146823
0.0102917
0.029118
0.000617863
0.0185252
0.00402921
0.00611661
0.00309336
0.0125177
0.000275856
0.00746488
0.0109568
0.0326283
0.0054502
0.0132665
0.00418678
0.00267598
0.00653679
0.011815
0.0042371
0.00539235
0.00601721
0.00385309
0.00423586
0.000743553
0.0045751
0.000482972
0.00331722
0.00207424
0.00519345
0.0143657
0.00165941
0.00336572
0.000157204
0.0151857
0.00673635
0.00382117
0.0112379
0.00428334
0.00767333
0.000625804
0.000420472
0.00236296
0.0443918
0.00380564
0.00125351
0.00514962
0.0049044
0.00307688
0.0135519
0.0349471
0.00439173
0.0102302
0.00832458
0.00184845
0.00315918
0.00541897
0.00599069
0.0158469
0.017173
0.00971854
0.0281018
0.00304541
0.0142749
0.00628718
0.00400817
0.00950404
0.00928352
0.00315222
0.00924003
0.00477103
0.0166201
0.00827358
0.00148511
0.000116586
0.000214263
0.00125684
0.0336544
0.00306481
0.00422605
0.023557
0.0160425
0.00468335
0.00493515
0.00705764
0.00567796
0.00020927
0.00692617
0.00206829
0.00614773
0.00984623
0.0190758
0.0120555
0.000559784
0.00853266
0.00522075
0.0154841
0.00863095
0.00522157
0.0010848
0.00127282
0.00178826
0.010562
0.00549943
0.00394155
0.0171732
0.002755
0.015015
0.0163618
0.0114786
0.013477
0.00335216
0.00191941
0.0071529
0.00367485
0.0109445
0.00204082
0.00499224
0.0189201
0.00540523
0.0260757
0.00145821
0.00140505
0.00204351
0.00816137
0.00956402
0.0133756
0.00798059
0.00805047
0.000402439
0.00766767
0.00661891
0.000224146
0.00693061
0.0126452
0.00274671
0.0376705
0.00253935
0.000908529
0.000847674
0.00589366
0.00321931
0.00159059
0.00120438
0.00137952
0.00274032
0.00444783
0.00442555
0.0091607
0.00957273
0.00709041
0.00617992
0.00333404
0.465156
0.00428844
0.0015976
0.0349745
0.011164
0.00439411
0.00955029
0.00494811
0.0107117
0.00663134
0.00700379
0.0112375
0.00152695
0.00759968
0.2971
0.00843287
0.000900003
0.479093
0.00988285
0.317997
0.00715199
0.0176958
0.00201508
0.00186244
0.00395271
0.00593245
0.242677
0.00159903
6.70799e-05
0.0161729
0.000313062
0.0140099
0.000543562
0.0142477
0.0150445
0.00479247
0.00999854
0.00338292
0.503465
0.680763
0.00801891
0.00578555
0.00351124
0.00960866
0.00411738
0.00209189
0.00387461
0.0118209
1.54829
0.286312
0.232572
0.00331169
0.00692211
0.0341103
0.0150521
0.00626411
0.0027019
0.00859059
0.00222257
0.0063071
0.0114413
0.00342154
0.00179708
0.00800212
0.0172234
0.00574094
3.49476e-05
0.618323
0.000155057
0.00820529
0.00502977
0.00150788
0.00139389
0.00670911
0.0145833
9.71111e-05
0.001104
0.00477287
0.00572819
0.000545715
0.250191
0.00343999
0.00338748
0.00517544
0.00222433
0.00444443
0.0108624
0.0105283
0.0195202
0.00037532
0.00444876
0.00474404
0.00891633
0.0218105
0.000910036
0.00670374
0.00203229
0.00135874
0.00863764
0.00175104
0.0083684
0.00705998
0.000134136
0.00527621
0.000244083
0.00702725
0.000298008
0.0157514
0.00861979
0.000853976
0.00509364
0.00150258
0.0247655
0.00613783
0.00767171
0.00481477
0.00179279
0.00619814
0.00107831
0.00469531
0.00155248
0.00503775
0.00689893
0.00895309
0.0111203
1.49977e-05
0.00851299
0.00886574
0.0102258
0.003015
0.000539324
0.00134521
0.00203135
0.0111128
0.00545299
0.000858708
0.00111058
0.00134724
0.00994378
0.00511654
0.00601802
0.320268
0.0124117
0.00804136
0.0181346
0.00330233
0.00697238
0.00939506
0.00235563
0.0120471
3.03257
0.000246873
0.0060967
0.00146145
0.00444819
0.00906529
3.00257e-05
0.000968087
0.00768786
0.00516053
0.0124936
0.0115019
0.00177593
0.00997479
0.0104214
0.313141
0.000542684
0.864729
0.0127509
0.000170334
0.00177386
0.011989
0.00514377
0.00375219
0.00640271
0.360455
0.00629843
0.00129473
0.00678604
0.0209051
0.37398
0.0157214
0.696619
0.0021109
0.0025829
0.000840027
0.00403308
0.00299654
0.252641
0.00606943
0.0119836
0.033856
0.677483
0.00739149
0.00386858
0.0161894
0.000150829
0.334693
0.00683103
0.00826184
0.010577
0.00652145
0.809454
0.00463461
0.433688
0.00180105
0.0128114
0.0754884
0.00420208
0.00605108
0.00513577
0.00846122
0.0070999
0.00729508
0.0116362
0.00202556
0.00312476
0.00146125
0.00504914
0.0061487
0.00396365
0.0116874
0.0235564
0.0151421
0.0190342
0.00299217
0.00543285
0.0076116
0.397192
0.0445957
0.00105589
0.00103528
0.0209949
0.00401261
0.014416
0.0029883
0.0189324
0.0183045
0.011336
0.00576497
0.00578244
0.00130025
0.00955757
0.00308269
0.00407602
0.00536304
0.00802067
0.00249857
0.0263947
0.00711004
0.0053644
0.0272497
0.0143294
0.0110273
0.0110077
0.0125958
0.012937
0.0100209
0.014234
0.00200326
0.0212917
0.00218013
0.0316391
0.0168143
0.0148472
0.00665054
0.00351826
0.000283994
0.00842192
0.00438202
0.0172282
0.018799
3.11202
0.0130476
0.00539293
0.000432154
0.00779854
0.00432241
0.0419061
0.000271859
0.00130007
0.00773484
0.00609758
0.0235205
0.00918937
0.0105654
0.0139763
0.00125304
0.0171255
0.000487136
0.0169231
0.0121744
0.00289538
0.00410322
0.00558618
0.000199895
0.00173783
0.00235777
0.0141287
0.00305526
0.00847414
0.00768283
0.0140921
0.0137622
0.00357052
0.00803833
0.00292363
0.00233807
0.0244715
0.0103792
0.0203002
0.0120906
0.00369916
0.0120659
0.000182713
0.0140535
0.00469289
0.0089383
0.00742203
0.00526119
0.000756197
0.0101969
0.00228847
0.00287682
0.00528621
0.00790564
0.00167877
0.0180372
0.00497412
0.0113412
0.00534311
0.0205547
0.0034211
0.0200998
0.000480279
0.0268617
0.0032544
0.0114078
0.0119216
0.00888344
0.00258012
0.00330229
0.0158825
0.0126236
0.0146824
0.00729277
0.00613757
0.0118659
0.00295335
0.012349
0.000149783
0.0228389
0.0198062
0.00859122
0.431734
0.018274
0.00215841
0.000873701
0.00796709
0.00427913
0.000105075
0.023968
0.000434667
0.0109151
0.00632446
0.0108407
0.00925277
0.00127582
0.0122711
0.0106446
0.00612474
0.00714456
0.0122487
0.00891834
0.0136565
0.00996413
0.0146458
0.00961772
0.0310376
0.00635456
0.0021314
0.00299677
0.0214094
0.00774641
0.00627313
0.00248739
0.0163309
0.00341789
0.0109739
0.001857
0.000763588
0.0137569
0.00495114
0.0256164
0.00396826
0.0122864
0.00927617
0.0171402
0.0096601
0.00437625
0.00485057
0.0174099
0.00535175
0.619672
0.00395372
0.0129376
0.00430004
3.12292
0.00743804
0.00239297
0.00253985
0.0139004
0.69894
0.00203691
0.0130026
0.00118375
0.0119419
0.00168082
0.00237271
0.00154137
0.00089272
0.00552394
0.00786963
0.000317166
0.0127304
0.010438
0.0211473
0.013857
0.00127389
0.00880907
0.00317038
0.00574578
0.00730274
0.00203579
0.00655836
0.00869269
0.00715984
0.00120093
0.00037766
0.00370648
0.00631168
0.00265633
0.00620423
0.0075581
2.25975e-05
0.00422416
0.000468311
0.0106839
0.00975895
0.00581446
0.0064581
0.00905063
0.00897492
0.000981455
0.00165425
0.00537785
0.0197437
0.00821755
0.0363602
0.00558673
0.0117521
0.00508458
0.00110093
0.000887572
0.000796328
0.00350765
0.0019822
0.000759874
0.00258005
0.000823464
0.000654799
0.0111497
0.000709738
0.000670342
0.00186033
0.00475008
0.00607161
0.00895623
0.000781407
0.00226989
0.00138865
0.0206224
0.00162266
0.00319877
0.000970778
0.0121694
0.000600212
0.00117598
0.000681419
0.00105537
0.00780176
0.00130036
0.00605579
0.00129986
0.00573768
0.0101261
0.00438722
0.00672566
0.0027973
0.00052145
0.000412429
0.00915898
0.0160951
0.00376605
0.00103099
0.000128591
0.00340813
0.00703355
0.003067
0.00265439
0.00917428
0.621752
0.00288809
0.018314
0.000736759
0.0131914
0.00444955
0.00212046
0.030859
0.00477775
0.000128105
0.00136213
0.408343
0.00421329
0.000139606
0.00748239
0.00482913
0.00199716
0.00617348
0.592245
0.00149114
0.00503684
0.00149405
0.567114
0.00267959
0.00100714
0.000975194
0.00862504
0.00641308
0.00645727
7.05759e-05
0.0101543
0.000258534
0.00294396
0.012279
0.00206911
0.00232535
0.0114168
0.0065867
0.0090576
0.00132211
0.00402589
0.000369089
0.185219
0.00229967
0.0415383
0.00304209
0.00794102
0.00595467
0.0150989
0.00074672
0.00289889
0.00364612
0.00242113
0.00266372
0.00645884
0.0015637
0.00280262
0.00225539
0.00412644
0.00262693
0.000739281
0.000391144
0.00363717
0.00133607
0.00800683
0.00302958
0.00101238
0.00132638
0.00288345
0.00952556
0.021698
0.000725904
0.00521956
0.00404259
0.0025135
0.000946567
0.013283
0.0113032
1.52236e-05
0.00934022
0.00168772
0.0123308
0.00463347
0.0021387
0.0148894
0.00523849
0.53039
0.0067247
0.00715266
0.00120474
0.00247956
0.00173779
0.0104324
0.00315272
0.00529006
0.00299412
0.00603487
0.00140566
0.00591411
0.00360172
0.0131432
0.0174103
0.00039384
0.00322616
0.0172008
0.00215376
0.000333007
0.00245224
0.000358773
0.0004969
0.0148763
0.0067953
0.00197222
0.00154913
0.0117123
0.002884
0.00975708
0.000162035
0.00588144
0.000764725
0.00120428
0.00297017
0.00535167
0.000970917
3.24454e-05
0.0359029
0.00193145
0.00158152
0.0150421
0.00925919
0.0112856
0.00311421
0.00186274
0.00755526
0.00531048
0.0622612
0.00958736
0.000386057
0.00512945
0.0057315
0.00118305
0.0230422
0.00664723
0.004049
0.00441927
0.0103409
0.00468075
0.0101036
0.00156805
0.00605672
0.00763525
0.011656
0.000637007
0.00138508
0.00644381
0.00626292
0.00100082
0.00384632
0.0153427
0.00478595
0.00076743
0.0117362
0.00557777
0.00095579
0.00175231
0.00831663
0.00530109
0.0055983
0.000147908
0.000532356
7.07963e-05
0.000991756
0.0172103
0.00100966
0.0099258
0.00371051
0.004558
0.0149123
0.00940868
0.000525864
0.0115523
0.00636162
0.00328049
0.00438666
0.00620698
0.00376278
0.0109627
0.00706571
0.0113936
0.00344684
0.00887881
2.04933e-05
0.00396343
0.0135355
0.00253851
0.00610162
0.00541542
0.0314562
0.000293643
0.000762993
0.000864401
0.00381335
0.00311
0.00968368
0.00969761
0.00303351
0.00350421
0.00116856
0.00273025
0.00321141
0.00176029
0.00139753
0.0131401
0.00684803
0.0046686
0.000431372
0.017593
0.000941952
0.00315184
0.0080872
0.000861144
0.00444059
0.00585326
0.0132499
0.00691508
0.00462774
0.00751517
0.0194305
0.00990389
0.0039511
0.00527778
0.0228491
0.0235664
0.00147822
0.00889467
0.000911176
0.00565032
0.00238418
0.0318753
0.000117392
0.010551
0.420686
0.00968452
0.00284953
0.000680129
0.000988829
0.00628206
0.000866131
0.00601779
0.00184718
0.0143803
0.00955894
0.0109641
0.011709
0.00275496
0.00802173
0.00465555
0.002514
0.00786786
0.00665418
0.00274722
0.0033609
0.00189518
0.00671743
0.00416968
0.00187835
0.000454024
0.000285346
0.00241483
0.00984964
0.000623262
0.00394839
3.06106
0.00584556
0.00361612
0.0132536
0.00126466
0.00246386
0.00707553
0.000624372
0.00833845
0.0150117
0.00414146
0.0022343
0.00446026
0.00432075
0.00150201
0.00337081
0.0157819
0.012904
0.0163912
0.000485569
0.0022345
0.00479005
0.000219487
0.000704085
0.00701893
0.00362243
0.000156804
0.00252539
0.0104148
0.00677237
0.00660323
0.222369
0.0111428
0.0118593
0.00320788
0.00300272
0.0129095
0.00412871
0.00327496
0.0198751
0.00346227
0.00196903
0.00689441
0.00501862
0.007572
0.0015269
0.0150711
0.00142536
0.0074051
0.0205555
0.0141508
0.00129112
0.00477488
0.00777802
0.00438663
0.0020783
0.0215682
2.07937e-05
0.0100023
0.00402472
0.00584672
0.00602615
0.742659
0.00496792
0.00673282
0.00567534
0.000337486
0.00492474
0.00103835
0.0151698
0.0026991
0.00915036
0.0149398
0.00273211
0.0077065
0.490629
0.0108362
0.0214151
0.00205768
0.00320603
0.00127344
0.00739138
0.0181786
0.00110431
0.0148845
0.000931887
0.00735216
0.00251378
0.00371197
0.00757852
0.0117001
0.00339487
0.00274725
0.0128161
0.00611259
0.000877637
0.00100007
0.000900562
0.00372944
0.00424738
0.00164074
4.0667e-05
0.0025452
0.000649729
0.00388175
0.0158227
0.00222697
0.0016583
0.333125
0.0204877
0.00683398
0.00336543
0.00199851
0.395004
0.00489586
0.00668795
0.00143527
0.00315694
0.0288816
0.00843144
0.00185239
0.256263
0.000497531
0.000142253
0.37902
0.00691009
0.00941344
0.506324
0.00257084
0.001339
0.0106113
0.00328613
0.357621
0.00881571
0.0161752
0.00540293
0.003196
0.00308217
0.00414129
0.0100002
0.0028589
0.00830822
0.00860157
0.000848732
0.00959069
0.00372952
0.000905786
0.0165591
0.27397
0.0102572
0.00233882
0.010166
0.00632296
0.512636
0.0076871
0.000111529
0.00440921
0.600376
0.00301897
0.0124398
0.00852463
0.000616022
0.0265228
0.00299224
0.00663851
0.00285949
0.00650831
0.542072
0.451333
0.0151827
0.00139197
0.00614068
0.000684536
0.00230196
0.00640947
0.00487844
0.00816487
0.0414703
0.0055829
0.000169638
0.000511334
0.00204892
0.00697438
0.420349
0.00335247
0.0132812
0.004625
0.0301261
0.000511222
0.0119146
0.00824681
0.00372166
0.000201713
0.00536344
1.03294
0.28704
0.00636722
0.0064148
0.0288239
0.0030352
0.00882235
0.00642774
0.0106225
0.000781259
0.685823
0.20851
0.00643231
0.281012
0.00617128
0.0184277
0.00512729
0.00321581
0.00302493
0.000370195
0.0160382
0.00346888
0.0130472
0.000869015
0.0049394
0.00400688
0.00833961
0.00181547
0.0135573
0.339985
0.00309016
0.468111
0.00390934
0.000418448
0.00759634
0.770679
0.011645
0.00137181
0.0021876
0.00215345
0.00302256
0.00188821
0.00835205
0.0109413
0.00344395
0.0150697
0.0233899
0.0158785
0.0156891
0.00299485
0.00182931
0.0096234
0.650925
0.00403186
0.00019866
0.00879341
0.743864
0.0549194
0.00401832
0.00591287
0.00773526
0.0338175
0.0127595
0.0195407
0.00470644
0.0151232
0.00607934
0.00126563
0.00145578
0.0167079
0.0161076
0.000419637
0.00833057
0.00377267
0.00454202
0.00851066
0.0204736
0.000298491
0.00733476
0.00548045
0.00159158
0.0033974
0.00264749
0.00951127
0.0124216
0.00191978
0.000591592
0.0243826
0.006387
0.000550259
0.00740347
0.00879585
0.0035941
0.0055764
0.00851919
0.00802204
0.0125774
0.235769
0.022343
0.0092013
0.00567966
0.00283451
0.0131019
0.0163415
0.00241128
0.00208286
0.00209646
0.00202109
0.0188097
0.0074436
0.00881414
0.00840188
0.027332
0.000632139
0.00181414
0.00433952
0.00636969
0.011501
0.0144536
0.00634791
0.00583525
0.0494835
0.0302173
0.00477918
0.0190884
0.0161401
0.00725691
0.0197055
0.0164341
0.00234095
0.0054831
0.00358843
0.00175394
0.0100318
0.0120541
0.00373312
0.00134896
0.0131841
0.0058392
0.00109706
0.756435
0.0102228
0.00240237
0.00320688
4.76648e-05
0.00272851
0.00229342
0.000694158
0.000684691
0.00618288
0.00441347
0.00797448
0.00528718
0.000996401
0.010927
0.0128844
0.570765
6.23786e-06
0.00371318
0.00261293
0.004568
0.00193108
1.61275e-05
0.00991258
0.00718473
0.00119836
0.00464813
0.0109739
0.00785083
0.0177914
0.00269772
0.00313041
0.0053623
0.00397625
0.00767128
0.757038
0.00349756
0.574941
0.00521081
0.0138193
0.00479929
0.0104813
0.00171615
0.00247386
0.00915287
0.021431
0.00115882
0.769765
0.00439433
0.012269
0.00660285
0.000465687
0.000763175
0.00452305
0.00416842
0.0122354
0.00787849
0.0133739
0.00250294
0.0136133
0.0201733
0.00336187
0.0081443
0.00228434
0.00476514
0.00266579
0.0135203
0.0220764
0.00310529
0.0158121
0.00114672
0.0103278
0.00305465
0.00592603
0.00821056
0.00820986
0.0311366
0.0154131
0.00225508
0.00480842
0.0104205
0.00969523
0.00138572
0.00811337
0.014861
0.00458214
0.0141972
0.00622783
0.00396762
0.00830382
0.00386348
0.00634687
0.00897894
0.0128183
0.00576576
0.0475948
9.46753e-05
0.00955688
0.00285168
0.00908921
0.00533747
0.00257698
0.0108191
0.00117778
0.00808261
0.00134045
0.0131223
0.0263898
0.0110515
0.0224247
0.0171788
0.00409271
0.00848981
0.00245973
0.0195549
0.00323401
0.00441725
0.00516783
0.008025
0.00232774
0.0036706
0.000569828
0.00572897
0.00192296
0.00967532
0.00626247
0.00491224
0.000293564
0.00471546
0.00655056
0.0193761
0.0111437
0.000766087
0.0087184
0.000579392
0.00732775
0.0138955
0.00185228
0.0138509
0.00351649
0.00177258
0.00626522
0.000582367
0.00474958
0.00567099
0.00576835
0.00502129
0.0145419
0.0137245
0.000962246
3.06416e-05
0.00257107
0.000470323
0.042242
0.0126176
0.000561605
0.00185288
0.00185474
0.0137342
0.00510544
0.00041653
0.00333205
0.00029033
0.00483706
0.0367462
0.00414258
0.0104252
0.00879508
0.000971148
0.0712285
0.00120244
0.00895544
0.00175766
0.00487653
0.00429669
0.0279978
0.00455876
0.0104571
0.0102261
0.00838544
0.00398668
0.0148538
0.00349367
0.00105387
0.00337802
0.00750326
0.00193599
0.0028285
0.00088957
0.000970468
0.00217288
0.000798863
0.375783
0.0124681
0.00716249
0.00439434
0.00599454
0.00129834
0.004808
0.00205554
0.009187
0.000278201
0.00280682
0.00794374
0.00680764
0.00319062
0.507844
0.00616095
0.0280684
0.00276092
0.00020054
0.00897614
0.0046487
0.0274236
0.010512
0.0212797
0.00184707
0.00255372
0.00830689
0.0171235
0.0325716
0.0045798
0.00280756
0.00460725
0.00306679
0.00502994
0.000399148
0.0155193
0.00694381
0.00725805
0.0202792
0.00491052
0.0220815
0.0477877
0.00505369
0.0111188
0.000173387
0.0117018
0.00914796
0.0127669
0.00575609
0.00251451
0.000473023
0.00268594
0.0146141
0.0139256
0.00669017
0.012679
0.00245297
0.00519791
0.00440556
0.00417589
0.000645007
0.0127649
0.000989157
0.0231349
0.00479803
0.00145827
0.0154232
0.0027612
0.0112876
0.0031166
0.0075845
0.00469792
0.0110399
0.0042199
0.00503056
0.00703563
0.00358232
0.014352
0.0129553
0.00727373
0.0287713
0.00102809
0.0022831
0.00154293
0.00762692
0.0119559
0.00735462
0.0167008
0.00113256
0.00195549
0.0260818
0.0159836
0.0158294
0.0108682
0.00778662
0.0276574
0.022938
0.00259331
0.00168187
0.00284229
0.00698265
0.00914408
0.00901048
0.00414925
0.00136771
0.0148709
0.00790666
0.0207045
0.0181569
0.013333
0.00771049
0.00134281
0.00793709
0.00637895
0.000961417
0.0267931
0.000857393
0.0107765
0.0148039
0.00076287
0.0102897
0.00672438
0.00961222
0.00520724
0.00338185
0.00618318
0.00695102
0.022949
0.00185854
0.00647751
0.00330521
0.00235918
0.0152368
0.0114047
0.0104334
0.000433564
0.00352751
0.0126374
0.00202329
0.0021286
0.00376901
0.000439444
0.00199248
0.00261558
0.00456169
0.00446057
0.00741138
0.00332156
0.000286745
0.00246919
0.0120923
0.00420384
0.0018845
0.00297134
0.00648415
0.000612406
0.0152887
0.00266142
0.00759607
0.0033838
0.00355215
0.0138733
0.0148709
0.00321115
0.00201628
0.0118445
0.000751008
0.00409928
0.00422785
0.0106074
0.00204825
0.013019
0.00362764
0.00109159
0.00325273
0.00334054
0.0293087
0.0083133
0.000916089
0.00104449
0.00654367
0.00323909
0.00935341
0.0176143
0.00166699
0.000456988
0.00338292
0.00288256
0.0130001
0.0101835
0.0155811
0.00387236
0.0108435
0.0130566
0.00761556
0.000265657
0.00403357
0.00698345
0.00011258
0.0215761
0.0105469
0.0017237
0.0039047
0.00479313
0.00336503
0.00872381
0.0079486
0.00935658
0.00630716
0.00184804
0.00358763
1.57925
0.0074938
0.00169617
0.00152281
0.0182964
0.00884661
0.0158444
0.0143991
0.00211915
0.0183069
0.00619545
0.000891481
0.00720518
0.00234346
0.00709598
0.0112913
0.0278263
0.00313586
0.00399634
0.00417063
0.0101611
0.00947736
0.023932
0.00127208
0.000365226
0.0381877
0.00988428
0.011735
0.0125187
0.00139418
0.0107825
0.0114155
0.0038669
0.724018
0.00279258
0.00847224
0.0015836
0.0186971
0.00433132
0.00681299
0.000659906
0.0146705
0.00463354
0.00427946
0.00953924
0.00828251
0.0371557
0.00974187
0.0050932
0.00487925
0.00526324
0.00980705
0.0204504
0.0621449
0.0139816
0.000701046
0.00422714
0.0153825
0.002625
0.0318315
0.0277001
0.0376004
0.00149607
0.00259516
0.0029153
0.00677751
0.0146794
0.00430403
0.00566495
0.0193511
0.00471672
0.00151655
0.0162576
0.00658203
0.00799109
0.0147794
0.00592968
0.00381269
0.0150663
0.0297418
0.0158557
0.0152134
0.00275636
0.00660805
0.00218424
0.00124554
0.00753406
0.00691435
0.00929564
0.00158489
0.0212126
0.0143884
0.00750249
0.0125534
0.0142388
0.00963097
0.0140697
0.00985915
0.00530744
0.0166756
0.00905347
0.00641471
0.0301048
0.0103651
0.021048
0.0327832
3.30273e-05
0.0135163
0.00705081
0.0101057
3.02954e-05
0.0136192
0.0131895
0.00376345
0.0123963
0.00830018
0.00190648
0.0041601
0.00107772
0.608345
0.00230653
0.0080669
0.00257226
0.0115065
0.00905687
0.00522749
0.0045752
0.00963133
0.0157552
0.0284516
0.0299787
0.00963144
0.00598232
0.0178975
0.0065671
0.0107585
0.0032763
0.0106439
0.0029582
0.0131694
0.0100596
0.00664407
0.834781
0.0202923
0.00853287
0.00911613
0.00341102
0.00478169
0.00434246
0.00075508
0.0114282
0.000917772
0.00130312
0.00582249
0.0154875
8.02999e-05
0.0270306
0.000332302
0.00741377
0.0100497
0.00847324
0.00661916
0.0116703
0.00198003
0.000517112
0.0011144
0.0085198
0.00162298
0.00250899
0.00805147
0.00385773
0.00140034
0.00689304
0.00790155
0.00756228
0.00065308
0.00512693
0.0011185
0.0198655
0.00481916
0.00266563
0.00434888
0.00414474
0.00291903
0.017991
0.00440762
0.003697
0.00440946
0.00209069
0.00267856
0.000110123
0.00658339
0.000393242
0.00683328
0.00866716
0.000498991
0.00647324
0.0180585
0.00178767
0.011159
0.000223013
0.00303639
2.55064e-05
0.0078332
0.0020962
0.000581417
0.00194878
0.0143196
0.00528222
0.0037527
0.0271726
0.00289168
0.0200232
0.00605099
0.000417325
0.0359775
0.0018483
0.00462538
0.00856343
0.0164148
0.00248628
0.00182021
0.0101911
0.00395757
0.00976566
0.00903451
0.00397713
0.00644717
0.000176223
4.48066e-05
0.0122517
0.00164232
0.00541945
0.00618821
0.0181319
0.00511289
0.0102056
0.0125595
0.00568912
0.0424067
0.00195967
0.00318441
0.00224361
0.00472951
0.000939792
0.00389488
0.00486458
0.00351818
0.00525021
0.0025811
0.00159247
0.000258705
0.00657621
0.00597003
0.0193894
0.00131738
0.00692809
0.00832008
0.0113047
0.00347025
0.00177907
0.02548
0.00504277
0.00392271
0.0104061
0.0102295
0.00499479
0.000120154
0.000621112
0.00386484
0.00343844
0.0175929
0.000378359
0.00046995
0.00154668
0.000838187
0.0140848
0.00750592
0.00768165
0.0135641
0.00287528
0.00626567
0.000365126
0.0161771
0.00262643
0.00441608
0.00174728
0.00452662
0.0148906
0.00351984
0.00375195
0.00374311
0.00385589
0.00702017
0.000216927
0.000662766
0.00479252
0.00513649
0.00301392
0.00392517
0.0100469
0.00782904
0.00412085
0.00260674
0.00900828
0.00722563
0.00447428
0.0026042
0.00717882
0.00866059
0.0115538
0.00763954
0.00834642
0.000583535
0.0129024
0.00806424
0.00230805
0.0257413
0.0166117
0.0013971
0.00413857
0.0129972
0.00649897
0.00919263
0.00691947
0.0014348
0.00901733
0.00595878
0.000704829
0.00213292
0.0559948
0.00341138
0.00437364
0.0110857
0.00630817
0.0029653
0.00634195
1.63954e-05
0.0157088
0.00540347
0.00734481
0.000859026
0.00927759
0.00522346
0.00891828
0.00678853
0.0111107
0.000180031
0.622483
0.0111506
0.00145523
0.00635758
0.0149715
0.00186726
0.00296129
0.0244031
0.00449701
0.00342065
0.0044098
0.0101614
0.000844682
0.000214904
0.000342477
0.0110368
0.591
0.0330269
0.0120113
0.00363008
0.00176393
0.00185506
0.000480677
0.0218829
0.0053819
0.00172828
0.0112227
0.0124658
0.00673674
0.00282297
0.00882376
0.00386171
0.000217362
0.00997288
0.00437073
0.0070268
0.00195585
0.00880766
0.00208751
0.00269617
0.0124809
0.00698671
0.00748007
0.00179885
0.0193543
0.00268405
0.00825553
0.00519083
0.000615956
0.000232062
0.0091623
0.00421125
0.00733208
0.00228774
0.00379829
0.0132084
0.000579482
0.0021634
0.00122919
0.00762782
0.00886956
0.000675238
0.000137383
0.00694384
0.000277677
0.00511984
0.00261265
0.00127478
0.00936607
0.00203097
0.0169832
0.00235553
0.0153707
0.000946766
0.00534441
0.00557507
0.00530582
0.00357143
0.000337944
0.00267814
0.0112544
0.0100677
0.00550096
0.00473118
0.0179509
0.00813341
0.0078822
0.00117233
0.00520769
0.00141559
0.00599771
0.00416345
0.00142186
0.0121921
0.00527456
0.000918111
0.00810268
0.00452934
0.00598046
0.00445188
0.00400015
0.00261582
0.0090399
0.00563457
0.00171481
0.00161224
0.0209947
0.00278961
0.00779243
0.00357213
0.0124842
0.00296371
0.00864957
5.61771e-05
0.0100926
2.58975
0.000317731
0.00255911
0.00699244
0.00785452
0.0142569
0.000988709
0.000937318
0.016778
0.00320871
0.00410089
0.00205338
0.0084209
0.00352213
0.000227559
0.00270369
0.00040267
0.0168756
0.000176214
0.0154567
0.0018391
0.00113864
0.00523983
0.00338684
0.0135342
0.00213978
0.00739364
8.72078e-05
0.00311148
0.000751486
0.010455
0.00238884
0.00310279
0.00533241
0.00743818
0.00467396
0.00198977
0.0237109
0.00195407
0.0209243
0.0073247
0.00651914
0.00601036
0.0152417
0.00340869
0.0271715
0.00242143
0.00893968
0.00354844
0.00313784
0.039524
0.00742869
0.000214911
0.016258
0.00122325
0.00128671
0.0013643
0.00101689
0.000335337
0.00107633
0.00357747
0.00187683
0.00214714
0.00994154
0.00729826
0.00857204
0.00628444
0.00627219
0.00150426
0.00312599
0.000543337
0.0111994
0.00261483
0.000447971
0.00386572
0.0039425
0.00940433
0.0150566
0.00434867
0.00386167
0.00172437
0.00427386
0.00089403
0.00522781
0.00863439
0.00466311
0.00714758
0.0190173
0.00537108
0.00475621
0.00894464
0.00492473
0.0020266
0.00385815
0.00921398
0.0137851
0.00301854
0.00285239
0.00235677
0.00553184
7.25474e-05
0.00405948
