0.0965716
0.10849
0.152476
0.0541747
0.0836177
0.0398165
0.089761
0.040793
0.134736
0.0613435
0.17463
0.0244107
0.0617286
0.0846961
0.130446
0.0544733
0.0567929
0.0131379
0.104325
0.0443326
0.165604
0.0768334
0.00666276
0.0378759
0.0746943
0.0806422
0.070503
0.0584979
0.0568718
0.0737417
0.03607
0.117055
0.018239
0.00307562
0.124955
0.0393058
0.00805023
0.0663404
0.0849405
0.0351238
0.0373134
0.0274441
0.0526152
0.0436381
0.0339899
0.0913847
0.194164
0.0442156
0.0520019
0.0596562
0.107788
0.0425169
0.0592527
0.0843269
0.0947276
0.0536901
0.0361194
0.0648458
0.0842918
0.0745066
0.0533979
0.127268
0.0285647
0.0434499
0.0379251
0.0266422
0.0911563
0.0282261
0.0624833
0.0699811
0.0793369
0.153346
0.0737317
0.0811598
0.551864
0.0747352
0.0217417
0.0793269
0.0350908
0.0945095
0.116138
0.0456425
0.0445989
0.0662606
0.022659
0.0356273
0.083396
0.120058
0.0696589
0.0375712
0.050769
0.108109
0.741026
0.226021
0.0476897
0.0782036
0.185397
0.0712605
0.0141729
0.085047
0.117214
0.11541
0.167978
0.104397
0.0915176
0.109356
0.0675129
0.205247
0.0985317
0.153501
0.0535762
0.0664564
0.0452127
0.0541317
0.0720682
0.0691338
0.0802143
0.0652584
0.0624333
0.133144
0.147215
0.00118234
0.0192994
0.0943444
0.0610388
0.0943439
0.0308362
0.0763467
0.0252352
0.0589588
0.0952323
0.0631853
0.0212896
0.646134
0.0913029
0.17081
0.0586571
0.0239439
0.153007
0.207937
0.0324676
0.527523
0.30529
0.215208
0.463441
0.0523644
2.66316
2.78589
0.041358
0.075925
0.152051
0.0451648
0.0809002
0.0309355
0.122351
0.914655
0.281342
0.0739622
0.0240057
0.0510473
0.263137
0.0213236
3.25732
1.23826
0.0399771
0.174397
0.115517
0.639282
0.0769743
0.0366224
0.0119508
1.47038
0.108357
0.0312784
2.05081
0.157093
0.736004
0.134952
0.387436
0.0719382
0.0814183
0.105037
0.469028
0.045661
0.0661426
0.0782682
0.0463534
0.153945
0.274427
0.147032
0.0951593
0.158916
0.22207
0.0530452
3.02311
0.0503028
0.0475172
0.0951319
0.153719
0.162078
0.0285917
0.0677796
0.115449
0.373371
0.0891261
1.45579
0.301783
0.0462643
0.165287
3.08065
0.0770839
0.091754
0.143024
0.176563
0.0611725
0.784253
0.0267775
0.065893
0.108382
0.115143
0.0918692
0.105605
0.309712
0.129839
0.0266253
0.014174
0.119068
0.153957
0.0313173
0.0377013
0.105173
0.083791
0.044821
0.0186362
0.0178645
0.157015
0.0392209
0.0740692
1.35333
0.00691843
0.0272807
0.0245666
0.514209
3.13519
2.42605
0.0350408
0.113529
0.0555023
0.05117
0.090906
0.67297
0.124204
0.7976
0.976909
0.110049
0.112782
0.0990453
0.0626268
1.11636
0.0854755
0.115349
0.0352302
0.148431
0.0350897
0.704511
0.777433
0.479513
0.0789329
0.116581
0.379732
0.0472004
0.165878
0.052082
0.0560579
0.459439
0.137778
0.069848
0.0275481
1.11868
0.103514
3.38566
0.201663
0.362808
0.165163
0.00849272
0.268211
0.0456234
0.37873
0.0616025
0.0662426
0.123456
0.0819063
0.072236
0.0649298
1.76713
0.105376
0.0283307
0.068571
0.295015
0.0298127
0.141451
0.059884
0.0884178
0.0491881
0.168154
0.0154825
0.0327617
0.113046
0.106608
0.0851835
0.0934881
0.670739
0.0917946
0.0715405
0.104201
0.111977
0.0463541
0.0503278
0.184597
0.0981781
0.0546831
0.11375
0.169307
1.20084
0.0509857
0.0195407
0.108567
0.0559423
0.0774573
0.0699455
0.0848631
0.0943541
0.0613389
0.0603731
0.0568306
0.0725036
0.0559401
0.0154654
0.171418
0.163926
0.0407305
0.106138
0.100131
0.0803561
0.124705
0.0664841
0.141897
0.0621677
0.0495384
0.0987966
0.167718
0.103157
0.155891
0.0703684
0.0970002
0.0750599
0.194899
0.013528
0.0367675
0.0205582
0.0514547
0.061645
0.110097
0.142551
0.0753104
0.0107405
0.0352246
0.083448
0.121888
0.0776104
0.193213
0.0796566
0.0341179
0.106909
0.101824
0.108181
0.0637882
0.0775188
0.0656904
0.0779497
0.0902888
0.127391
0.212513
0.0842649
0.52617
0.0634764
0.0324359
0.0366726
0.0517761
0.201114
0.0256281
0.0811113
0.0487757
0.0677349
0.164185
0.0473174
0.0940839
0.352185
0.119381
1.96205
0.0869497
0.010162
0.126588
0.0528745
0.0347352
0.0454261
0.0268779
0.0170646
0.0390193
0.0218682
0.0972133
0.0397931
0.165335
0.177659
0.120704
0.0366039
0.0675521
0.11306
0.0791875
0.0501935
0.0378503
0.019562
0.161956
0.0916029
0.00781661
0.0689016
0.0335764
0.0493252
0.0173227
0.140189
0.0391968
0.0370805
0.121839
1.58735
0.032512
0.0224161
0.134861
0.0840513
0.127383
0.0515712
0.037884
0.126933
0.0833411
0.064523
0.16415
0.0604072
0.119998
0.0802637
0.0887468
0.10761
0.0826758
0.0737031
0.183548
0.00711081
0.177879
1.17656
3.42162
0.334651
1.98174
0.0554645
2.14558
0.0667396
0.0341653
0.111413
0.0762089
0.12187
0.112836
0.129477
0.0506165
0.198429
0.156605
0.124022
0.106584
0.148979
0.0570719
0.0108
0.109173
0.113115
0.183751
0.0909317
0.0495052
0.0801808
0.0481935
0.140537
0.0474731
0.0289335
0.064159
0.0502499
0.088978
0.0694917
0.0940482
0.105067
0.189273
0.183872
0.161214
0.0191023
0.168038
0.193869
0.420634
0.217175
0.0947863
0.147305
0.0437285
0.0304249
0.234458
1.29023
0.164674
0.84675
1.03315
0.0425144
3.728
1.2532
0.723727
0.115112
0.109898
0.0776844
0.063833
0.0934324
0.14769
0.224902
0.134326
1.13303
0.115796
0.0449993
1.71541
0.0821299
0.0452935
0.0448651
0.478089
0.0142234
0.0955189
0.0572278
0.0727172
0.114429
0.339217
0.251838
0.0822716
0.21742
0.394524
0.0572455
0.0472651
1.97754
0.0839535
0.353463
0.0165799
0.423259
0.0891728
0.230706
0.115009
0.725285
0.290292
0.0238081
0.0844499
0.0511902
0.0800345
0.321045
0.0434598
1.2766
0.757197
1.32777
0.0277096
0.0873268
0.2689
0.0598301
0.0407357
0.127474
0.108647
0.0314902
0.087812
0.0297457
0.0149934
0.0426326
0.0190111
0.0236351
0.0277924
1.06632
0.112097
2.33767
0.0903824
0.0572517
0.603896
0.0826292
3.42769
1.87965
0.0805611
0.126303
0.0653839
0.0329838
0.235329
0.0185138
2.46892
0.517587
0.0868454
0.0283156
0.12963
4.48577
0.230095
0.0526734
0.126872
0.0389728
0.0442059
2.67451
0.208146
0.0519127
0.083195
0.168161
0.12907
0.536118
0.136979
0.241174
0.0592212
0.042559
0.0462543
0.129171
2.33667
0.564664
0.0256886
0.111667
0.145141
5.37487
0.0756081
0.318118
0.144826
0.118321
0.0332824
0.965149
0.0207175
0.267195
0.14539
0.167681
1.14622
0.0573359
0.109073
0.0119107
0.106237
3.42178
0.090523
0.0762099
0.00739972
0.0887703
0.130572
0.101713
0.0786053
0.430987
2.50705
2.7963
0.982734
0.0763902
0.393486
0.027291
0.0831728
0.700562
0.994654
0.196123
0.825777
0.293426
0.997001
0.0115339
0.0992171
0.572835
0.0289015
0.0720812
0.0380907
0.134238
0.0763484
0.116648
0.0480327
0.0310384
0.0539924
0.0884817
0.13343
0.502042
2.49315
0.101653
0.213779
0.139644
0.0501849
0.0352038
0.697478
0.300089
0.0471445
0.204503
0.166055
0.0860241
0.0624642
2.41579
1.54142
0.0814553
0.146443
0.157221
0.491864
0.223734
2.71488
0.110749
0.820308
0.0630236
0.290467
1.12696
0.222732
0.319048
0.239888
0.0882951
0.0837637
0.0514876
0.127713
0.0400557
0.0253988
0.0621497
0.0322813
0.0756013
0.0698871
0.0641078
0.0956482
0.0710663
0.0996521
0.154535
1.27903
0.47432
2.4692
0.302589
0.0584609
0.115119
0.086867
0.09837
0.0192505
0.34414
0.385278
0.0823803
0.0370922
0.117684
0.136725
0.0705978
0.0488018
0.0806356
0.0931038
0.0502442
0.0383312
0.206095
0.0611293
0.123218
0.14192
0.154315
0.123246
0.0192278
0.0624454
0.155127
0.0676191
0.147223
0.130241
1.25846
0.390706
2.70677
0.0589798
0.0971112
0.0166597
0.029645
0.160279
0.0136594
0.0978366
0.0300383
0.0494611
0.111316
0.0782062
0.0341452
0.0275553
0.0781321
0.0505471
0.0494685
0.27399
0.481937
0.0751138
1.04338
0.334384
0.0694457
0.66641
0.778769
0.16916
0.0424113
0.0375746
0.0147362
0.0354401
0.014615
0.0220537
0.0789814
0.0564703
0.0574848
0.0338304
0.0728445
0.0366301
0.0968407
0.191108
0.146521
0.062283
0.188018
0.0830717
0.0954344
0.00727071
0.18652
0.0777934
0.129399
0.0370673
0.0964974
0.126251
0.115998
0.0286697
0.0729941
0.0380707
0.0955846
0.1189
0.108157
0.155367
0.051801
0.0148748
0.0495051
0.0425503
0.153606
0.199926
0.131692
0.646252
0.166343
0.34413
0.283779
0.32879
0.115135
3.73506
0.83066
0.106249
0.17727
0.373385
0.225209
0.0948717
0.180823
0.17071
0.0852226
0.170817
0.6204
1.03892
0.0652104
0.0912891
0.0761603
0.040999
0.122559
0.0605102
0.0854734
2.18632
0.132539
0.0486841
1.31556
0.0914616
0.861763
0.0600711
0.26351
0.172559
0.346685
1.52149
0.136065
0.829613
0.197979
0.0636558
0.103248
0.096924
0.365164
0.0682373
0.0250313
0.207289
0.154286
0.0154328
0.113445
0.0657711
0.0891922
0.144082
0.0756041
0.0899545
0.125295
0.0816208
0.0789302
0.104279
0.205748
0.0805107
1.56014
0.522507
0.401656
0.157115
0.101768
0.202196
0.122894
4.64268
0.270564
0.111372
0.0100518
0.0374223
0.0799237
0.0816864
0.0889285
0.0343313
0.0430614
0.444626
0.163667
0.179056
0.112024
0.0446617
0.0551795
0.0699651
0.591016
0.0573637
0.0579652
0.0394929
0.0737132
0.0276396
0.0943871
0.146314
0.050778
0.216384
0.334994
0.479154
0.198624
0.204238
0.323498
0.0299728
0.0663077
1.51122
0.0562169
1.17702
0.0882375
0.342611
1.17166
0.203345
1.03524
0.378551
0.610526
0.73176
0.0614479
0.112238
0.278093
0.188359
0.0488193
4.28694
0.478578
1.62226
1.18197
0.0845885
0.0446157
0.0531841
0.0580693
0.107229
0.0290915
0.0840641
0.0803638
0.116523
0.111658
0.0488678
0.154876
0.0324316
0.20877
0.0382787
0.0735386
0.144913
0.048198
0.0197961
0.0298685
0.178303
0.00961041
0.0371982
0.142571
0.0319476
0.0136507
0.149481
0.0368441
1.62443
0.100452
0.0467257
0.149895
2.50976
0.028416
0.0893978
0.186459
0.134662
0.0855738
0.393998
0.0427909
0.0327102
0.0418579
0.0377027
0.100848
0.076814
0.111138
0.16367
0.0928809
0.104836
0.0423518
0.139176
0.103466
0.00735225
0.0398987
0.026321
0.0674831
0.0554468
0.151987
0.0683065
0.0254152
0.0240417
0.0632228
0.152308
0.0573898
0.0815747
0.0636189
0.0605328
0.0718
0.0713016
0.0930044
0.0553764
0.0836857
2.409
0.121452
0.0115913
0.0683397
0.00820757
0.0974621
0.0774027
0.10955
0.0898205
0.0971349
0.0934808
0.0578311
0.0116426
0.0282097
0.00754608
0.162455
0.137252
0.121275
0.0923563
0.017576
0.0574865
0.0530551
0.139465
0.0170741
0.0780426
0.0298599
0.0271266
0.208615
0.0937341
0.0383612
0.0712609
0.031565
0.082778
0.12684
0.0339628
0.050326
0.120594
0.0229019
0.0992548
0.158661
0.0888653
0.035828
0.0564606
0.183428
0.0761102
0.193129
0.0805504
0.0498288
0.0754098
0.116454
0.0586005
0.0771527
0.0183965
0.0787608
0.102178
0.133762
0.0420396
0.0758899
0.100036
0.0960653
0.0591774
0.107743
0.107818
0.0339952
0.102977
0.0663715
0.0299506
0.0488167
0.035442
0.0470717
0.0804696
0.247772
0.0532978
0.0761209
0.0761336
0.0534879
0.0332951
0.0788803
0.0489351
0.114805
0.0637517
0.0730094
0.218593
0.08332
0.142355
0.0531959
0.0514786
0.0465698
0.0477735
0.110312
0.0714538
0.0525473
0.0797241
0.158949
0.12457
0.0215823
0.0795323
0.0503499
0.0710275
0.0253509
0.0941247
0.103062
0.0735595
0.194641
0.0714843
1.12768
0.612396
0.0418931
0.308081
0.105124
1.31575
0.112039
0.726132
0.718556
4.49507
1.15904
0.603891
0.0442615
1.22395
0.259898
1.87179
0.168732
0.109191
0.21008
0.148395
0.117382
0.0719972
0.123176
0.106351
0.0720975
0.0371895
0.74857
0.0526647
0.0548663
0.0497707
0.084312
0.0938625
0.062628
0.0370253
0.911163
1.33507
0.132629
0.0992404
0.192969
0.0418006
0.0379595
0.36591
0.356997
0.115608
0.0926151
0.0172476
0.0761194
0.571349
0.184916
1.46143
0.0451071
0.243027
0.0832107
0.874304
0.109767
0.090452
2.46739
0.88593
0.136978
0.026392
0.117477
0.0428898
0.14421
0.0470108
0.395589
0.193119
0.444828
0.166658
1.96296
2.76691
0.698532
0.604236
0.310519
0.0267511
1.03815
3.73814
0.103125
0.103305
0.525037
0.383726
0.321944
0.751253
0.872111
0.211293
0.301914
0.0652076
0.0362994
0.312457
0.0789416
0.186192
0.132286
0.0550229
0.388093
0.140608
0.0285096
0.19163
0.0584636
0.167516
0.0732371
0.338533
0.0700928
0.041374
0.0578227
2.75426
0.0799077
0.0870118
0.0875429
0.0818214
0.157808
0.0222154
0.0756827
3.21419
0.0749693
4.14199
0.199586
1.46241
2.05376
0.291184
0.139608
0.551548
0.149826
0.311006
0.144095
0.0162543
0.419754
0.0293909
0.0767986
0.057938
0.0646177
1.83676
0.92194
0.093503
0.0790529
0.032123
0.0863971
0.0646896
0.174948
0.0483259
0.0441673
0.151047
0.28435
0.11515
0.0556655
0.0694912
0.0322882
0.0940631
0.0571805
0.0876726
0.0591736
0.0565171
0.126235
0.081848
0.074606
0.0796247
0.105953
0.124243
0.0829744
0.109042
0.0634732
0.0822283
0.0778924
0.124953
0.0483151
0.645785
0.109641
0.197672
1.01202
1.21905
0.112086
0.0142786
0.0773863
0.0896031
0.206151
0.0977046
0.0478967
0.0684805
0.0154292
0.0480122
0.106236
0.15115
0.105495
0.146819
0.216334
0.141578
0.0462366
0.0615371
0.125147
0.0195783
0.159082
0.0638356
0.16589
0.083507
0.120578
0.0194707
0.185643
0.212529
0.187396
0.0863579
0.10064
0.0118332
0.0601236
0.140287
0.164009
0.144329
0.0591553
0.0425544
0.292774
0.0429178
0.0606596
0.12084
0.0249373
0.0622233
0.0960316
0.0194874
0.0491167
0.11529
0.0248344
0.322927
0.149655
0.0800393
0.132816
0.176699
0.0300221
0.132982
0.100033
0.272892
0.101837
0.0871014
0.216204
0.00683941
0.0674575
0.113913
0.105458
0.0848803
0.0301031
0.126064
0.0600358
4.56148
0.68113
0.0166447
0.0115477
0.0313372
0.114654
0.980067
0.0405963
0.245939
0.0636107
0.0115972
0.783221
0.0555895
0.100223
0.0730341
0.113075
0.121992
0.130899
0.816243
1.7295
0.732773
0.201997
0.14888
0.230519
0.203423
1.47559
4.14226
0.846654
0.0897448
0.908072
0.163858
0.147158
0.0170607
0.0954014
0.0815189
0.0209169
0.151028
2.05548
0.10038
0.0676823
0.268751
0.0881442
0.250055
0.225356
0.129674
1.97034
0.4054
0.151389
0.259138
1.83605
0.32241
2.01244
0.220924
0.230518
0.381561
0.243318
0.520405
0.186669
0.959411
0.552084
0.510004
0.0420173
0.0457734
0.168169
0.0692554
0.769402
0.0445034
0.101954
0.00658707
0.0626093
0.0231532
0.0342808
0.042551
0.0502458
0.0616499
0.124428
4.07623
0.0375188
0.294097
0.0680684
0.101087
0.0474245
0.22191
0.427516
0.130588
0.00555726
0.0777988
0.0971404
0.0834564
0.112366
0.494964
0.146862
0.180236
0.0443731
0.104211
1.85624
0.233045
0.0825645
2.11223
0.0516913
0.163452
0.623821
0.120208
0.747316
0.0159534
0.331905
2.15692
0.307287
0.122261
0.0332237
0.0336416
0.154886
0.0796685
0.0233993
0.177511
0.00528973
0.0119985
0.0788674
0.0527635
0.200888
0.0424202
0.0265753
0.112277
0.0425407
0.401192
0.122694
0.0116577
0.174456
0.148597
0.331699
0.100259
0.123719
0.107956
0.0927275
0.044257
0.180735
0.157065
0.660561
0.187933
0.0521279
0.0799945
0.130287
0.601777
2.58033
0.0256517
5.15263
0.155959
1.92005
2.77659
0.275349
1.45762
0.421396
1.69016
0.336581
3.77088
0.102414
0.112529
0.0456878
0.0426033
1.3093
0.0600583
0.104513
2.25218
0.292651
0.0862719
0.0791779
0.146644
0.0349182
0.0398832
0.229419
2.65271
0.00995197
0.0167353
0.637095
0.217328
0.0500703
0.0153045
0.0531268
0.133313
0.0241748
0.0820152
0.193011
0.0741228
0.0269592
1.1148
0.0172774
0.0525343
0.0928089
0.0887971
0.0682348
0.141706
0.701263
0.0520497
0.08425
0.053368
0.0255094
0.0463751
0.110638
0.0200839
0.0313994
0.109261
0.0795774
0.0663813
0.0683927
0.0653061
0.0835455
0.161742
0.199923
0.0576782
0.0590211
0.0849232
0.0230862
0.163152
0.077502
0.0929272
0.0797533
0.055713
0.0280496
0.045021
0.0365996
0.0872556
0.0539103
0.0779432
0.118018
0.11347
0.0114897
0.0290124
0.0332994
0.66718
0.0247131
0.634671
0.716314
0.198731
1.62098
0.0524019
0.17106
1.44776
0.224222
0.0486436
2.83979
1.1806
0.604798
0.132678
0.123851
0.851742
0.577541
3.45966
1.52568
0.499011
0.0112136
0.108158
0.143041
0.149095
0.319886
0.0733001
0.579303
0.0261362
0.0512427
0.0694721
0.242131
0.0189314
1.23162
0.105654
0.926406
0.80226
0.0817933
0.129273
0.00542174
0.389427
0.148832
0.0838327
0.0523101
0.0449411
0.664119
2.51567
0.0616739
0.0120125
0.0500308
1.24528
1.11504
0.0255426
0.170363
0.0261597
0.100575
2.62236
0.818878
0.0768017
0.153106
0.126129
2.71612
12.1683
0.03828
0.0499766
0.0241844
0.0467802
0.0631372
0.031566
0.0957768
0.0937921
0.905922
0.0339662
0.30095
0.0503659
0.109312
0.101088
0.256839
0.0533253
0.0454694
0.115542
0.0446587
0.0115698
0.0735579
0.0377306
0.0564168
0.123705
0.0499277
0.0935209
0.0977679
0.13505
0.127373
0.0493234
0.0418191
0.671772
0.0583112
0.140774
0.0775576
0.115415
0.0801739
0.29541
0.0988189
0.10443
0.127338
0.0409306
0.795457
0.0313249
2.64237
0.112234
0.111386
0.123753
0.038968
2.3023
0.158217
0.763306
0.025776
0.195161
0.0763214
0.130904
0.0987102
0.0626146
0.058094
2.60101
2.8687
0.271883
0.0661807
0.429445
0.19237
0.103353
0.0836243
1.7209
0.129008
0.729438
0.180302
0.246666
0.0535382
0.670947
0.0786995
0.0506445
0.089998
0.0456387
1.49646
0.791778
0.0546846
0.0517301
0.150788
0.0797185
0.130383
1.00569
0.0605884
0.0153998
0.0232105
0.0919319
0.100457
0.034201
0.0216138
0.073543
0.0235352
0.0540528
0.111517
0.0636123
0.0892658
0.193852
0.0788901
0.0498565
0.0979713
0.0678805
0.0844149
0.13765
0.143636
0.0616547
0.132781
0.255822
0.0733358
0.0234603
0.0522917
0.116231
2.60193
0.162444
1.23464
0.0874522
0.167537
0.195902
0.216241
0.0829349
0.251351
0.0436148
0.706162
0.0865624
0.539003
0.119274
0.146532
0.186298
0.117919
0.0226909
0.107479
0.131573
0.0150657
0.0925809
0.0605308
0.126618
0.0860831
0.106476
0.150478
0.057966
0.0631977
0.0441958
0.0219374
0.231682
0.0565669
0.624028
0.231086
0.277392
0.286331
0.0211919
0.08753
5.66931
0.809898
0.090681
0.194674
0.059533
0.0176762
0.450953
0.671623
0.318475
0.0315657
0.127299
1.07073
0.037031
0.0974249
0.99525
1.59526
0.194961
0.122343
0.325558
0.15026
0.0246399
0.215455
1.32675
0.517585
0.0887898
0.094069
0.0877741
0.129778
0.103461
0.163606
1.22177
0.0217693
0.0637228
0.0168046
0.0291244
0.0329888
0.0736454
0.0771553
3.31839
0.0353276
0.0923925
0.604615
0.165451
0.134516
1.36578
0.45989
0.439182
0.416679
1.25362
0.0439871
0.0605513
0.0286678
0.080909
0.0339385
0.0818342
0.0682015
1.46492
0.256344
0.340886
0.208613
0.0426033
0.121637
0.0557458
0.256369
0.0483151
0.350413
0.052796
0.0797703
0.0953028
0.0595858
0.070304
0.0317416
0.0573958
0.0660715
0.214828
0.101952
0.128141
0.0130339
0.0924786
0.0595108
0.00999528
0.0992636
0.138929
0.0484032
0.0283652
0.0714873
0.170593
0.0778505
0.0312768
0.10327
0.0340187
0.0374304
0.0746171
0.0554728
0.044203
0.0558914
0.0327758
0.0581624
0.0602984
0.0849013
0.105163
0.0515408
0.0746344
0.14767
0.116614
0.14082
0.0818966
0.223809
0.0947943
0.0100686
0.074662
0.0344491
0.0931473
0.0673814
0.143345
0.0705474
0.235272
0.0940872
0.0503647
0.0626879
0.368578
0.00915535
0.0461862
0.0544023
0.878857
0.0827045
0.150664
0.0807708
0.163257
0.0655068
0.0754295
0.139037
0.0737803
0.0726348
0.0989381
0.0924955
0.133222
0.110923
0.203825
0.100062
0.164755
0.0126546
0.0814759
0.0692305
0.214945
0.0784728
0.0643976
0.120977
0.0592549
0.0904436
0.0871288
0.025186
0.133202
0.0584912
0.0233193
0.175648
0.145107
0.250714
0.0813509
0.106857
0.0339295
0.0246573
0.156813
0.067645
0.0185459
0.0848368
0.0716417
0.0277376
0.0543951
0.129965
0.111257
0.0229886
0.162624
0.0375126
0.0152396
0.217585
0.0536838
0.0460892
0.18791
0.0747569
0.0640606
0.0950347
0.189955
0.0806403
0.189008
0.0571508
0.151474
0.0557611
0.0911696
0.096427
0.0559445
0.159861
0.0423802
0.0322714
0.134031
0.0896475
0.100331
0.080856
0.100833
0.0691975
0.223047
0.0464999
0.0384875
0.0620071
0.0994751
0.0614767
0.0286767
0.0257928
0.034609
0.46105
0.661717
1.00598
0.0688408
2.4828
0.0676867
0.0280819
0.0824896
0.0887717
0.60005
0.0702837
0.146085
0.0279634
0.0726693
0.830499
0.375106
2.75185
0.0699812
0.231568
0.0185574
0.0417876
0.214557
0.0252346
0.0519041
0.0286039
0.382226
0.160951
0.104552
0.0476644
0.0748869
0.0422319
0.819718
1.81084
0.191214
0.777597
0.040401
0.207485
0.172212
0.103151
0.0964231
0.10272
0.127259
0.0230436
0.0812859
3.07262
0.0342441
0.145221
2.89803
3.25856
0.0925397
1.33613
0.073433
0.0387
0.174093
0.0532504
1.94136
0.0692455
0.0899284
0.126248
0.0446647
0.0824627
0.0590902
0.0302342
0.0894229
0.0244971
0.0243734
0.0699455
3.2355
0.0535281
0.125487
0.0394584
0.0187668
0.1103
0.0780509
0.46323
0.0843306
0.0852608
0.0465787
0.139311
0.0995137
4.04204
1.18943
4.86893
2.68154
0.151975
0.321001
0.0608668
1.99993
0.103326
1.33657
3.78402
0.0398395
0.633489
0.0585235
1.30341
1.08029
0.18579
0.0335618
4.50655
1.84905
1.22962
0.141303
1.75702
0.0396881
0.0881692
0.079593
0.113627
0.0429774
0.0855274
0.216454
0.0671177
0.0466624
0.171078
0.0536276
0.153424
0.171185
0.20025
0.130324
0.0590731
0.0784802
0.0693438
0.0736375
0.196267
0.284068
0.0838951
0.0926066
0.0900563
0.064578
0.0749032
0.050941
0.0691167
0.0732985
0.135265
0.00431031
0.0514706
0.0519169
0.10582
0.0718759
0.705371
0.0327137
0.0577233
0.0928576
0.00774498
0.0513796
3.93248
0.0532334
0.184302
0.188633
0.0805238
0.457398
1.92344
0.545045
0.0557476
0.199976
0.0706296
0.0284489
0.371261
0.0633684
1.11201
0.256303
0.0333103
3.69302
0.117106
0.0282478
0.102153
0.0947284
0.25117
0.0956234
0.106227
0.557167
0.0609344
0.413418
0.120865
0.105264
0.640025
0.0313616
0.315326
0.00699693
0.302287
0.0686451
0.327019
0.0648384
0.103167
0.0903306
0.0534256
0.139688
0.377611
0.0422019
0.0725948
0.0321741
0.151849
0.124886
0.217136
2.64708
0.0317232
0.0678488
0.105645
0.215272
0.014513
0.8392
0.214927
0.0111166
0.0496998
0.0819143
0.0706549
0.0684983
0.0870029
0.0655834
0.0832371
0.0855035
0.0827111
0.0552967
0.224574
0.0720478
1.20155
0.282118
0.0576147
0.202621
0.137167
0.0939228
0.0849989
0.154009
0.0840417
0.0646759
0.351587
0.316161
0.405568
0.0845215
0.0670809
0.0694793
0.0412259
0.105956
0.0929436
0.102996
0.0369288
0.119609
0.187394
0.0634684
0.0326442
0.199247
0.071513
0.0351392
0.147099
0.0415138
0.0764673
0.0604536
0.0979503
0.102741
0.124238
0.0651672
0.0567464
0.0720842
0.0393639
0.0116553
0.0243495
0.0267567
0.02459
0.0440782
0.0356619
0.211157
0.0336149
0.118406
0.0418135
0.134976
0.114576
0.453901
0.064958
0.980908
0.532123
2.35927
0.452711
0.0632435
0.956614
0.132839
0.0529976
0.447234
1.46396
0.299645
0.655962
0.607425
0.0652313
0.0577157
0.683598
0.0839337
0.172302
0.111595
0.117406
1.24241
0.0804415
2.32612
1.61308
0.731077
0.183321
0.0897684
1.53398
0.0828011
0.128244
0.37002
0.96378
1.79429
0.019079
0.564747
0.0806584
0.0677239
0.0671679
0.0504252
0.0461813
0.0475124
0.0927171
0.0270483
0.0924105
0.0786948
0.0354487
0.102274
0.0438853
0.048769
0.0297523
0.0875384
0.0359507
0.0162255
0.139795
0.0296297
0.24437
2.32392
0.0377127
1.06639
0.115825
0.0296868
0.224806
0.0713105
0.0164326
0.249226
1.20324
0.113005
0.262685
1.22213
0.572886
0.141828
0.286715
0.628593
0.0743699
0.137618
0.0551965
0.322259
1.3153
0.139376
0.15673
0.632657
0.0647277
0.255113
0.198154
0.61948
0.182297
4.28653
0.118857
0.128324
0.884894
1.57859
0.312191
0.69575
0.21873
1.37993
3.3589
0.108043
2.31701
0.0311911
0.0609258
0.292322
0.130716
0.114951
0.597222
0.734077
0.144026
0.0109879
0.0476904
0.0131569
0.204087
1.4765
0.64017
0.384566
0.42947
0.837784
0.673961
0.625158
0.0278859
0.982339
0.0726374
0.32962
0.245551
0.872054
0.059451
2.72616
0.0305936
0.148569
0.465137
4.93439
0.042407
1.69311
0.0108642
0.0732881
0.0817945
0.115006
0.0547919
0.0880044
0.0823075
0.0752993
0.0347553
0.293995
0.08064
0.0816162
0.0722364
0.0845031
0.0432413
0.0552467
0.148166
0.0377313
0.014683
0.193476
0.0642183
0.100113
0.0585955
0.122127
0.0811597
0.054482
0.0461454
0.15401
0.0410974
0.0611371
0.0374794
0.0816213
0.0168571
0.673374
0.0328807
0.134827
0.066407
0.0414495
0.0665648
0.0145114
0.124513
0.0595276
0.0474041
0.066606
0.0155383
0.0472197
0.0744929
0.0334789
0.105139
0.0552292
0.0258826
0.0706641
0.139748
0.0358846
0.106153
0.0513316
0.0598415
0.0758513
0.142828
0.051084
0.0623086
0.04492
0.0852212
0.116182
0.0777248
0.110478
0.116174
0.134824
0.146898
0.00834365
0.0425529
0.0591762
0.0521823
0.0857566
0.103222
0.0548274
0.0134834
0.0220755
0.148004
0.218972
0.163807
0.103853
0.108155
0.102525
0.108079
0.0200577
0.128356
0.398372
0.0195573
0.0708016
0.0550671
0.106184
0.182692
0.314845
0.0726827
0.109494
0.179573
0.0331907
0.214927
0.036016
0.138386
0.132886
0.065561
0.0646695
0.0341249
0.0824129
0.0585063
0.060671
0.0950444
0.0624456
0.237387
0.106944
0.0554578
0.0845912
0.049828
0.00619151
0.0935827
0.113745
0.176709
1.448
0.151515
0.0451881
0.0118136
0.0552291
0.035749
0.0625851
0.154424
0.0313918
0.0200284
0.130257
0.0979357
0.104426
0.0309314
0.0315948
0.160085
0.0326135
0.279632
0.0855314
0.0379571
0.0826418
0.0512071
0.0559187
0.0748058
0.050184
0.0341203
0.058278
0.275041
0.0872708
0.0597992
0.0763694
0.0784021
0.0681618
0.0624033
0.128062
0.043892
0.0826024
0.0145226
0.0700886
0.0905828
0.0767544
0.134548
0.296752
0.186033
0.264349
0.273496
0.130216
0.0240227
1.9825
0.0652454
0.0410758
0.0396907
0.06555
0.0546631
0.230521
0.232321
2.23426
0.595852
0.0979213
0.67578
0.0444882
0.167705
0.128334
0.323742
0.77741
0.736094
0.325589
0.810034
0.813989
0.232665
0.234113
0.184548
0.188476
0.20967
0.228364
0.175072
0.194421
0.159082
0.175082
0.211815
0.165829
0.188023
0.162251
0.136114
0.0724772
0.114395
0.450775
0.0604656
0.667224
0.15433
2.83806
0.165098
0.0890089
3.19751
0.149326
0.0744596
1.01208
0.0661601
0.320651
0.696549
0.255853
1.42976
0.0857164
0.102872
0.0715249
0.143262
0.924364
0.0424567
1.14177
0.0511324
0.0378044
0.94341
0.539212
0.132127
1.08788
0.0254827
0.191147
3.05881
0.0210184
4.16445
3.04666
0.0995613
0.0376852
0.0251693
0.0350672
0.704118
0.00470113
0.445521
0.111493
0.0501069
0.0847817
0.0626788
0.545071
0.327782
0.174462
0.0260793
0.0047849
0.203089
0.0612633
0.287775
0.630122
0.0374158
0.0459146
0.0185395
0.0319836
0.0228227
0.0576244
0.0491179
0.0587538
0.0658721
0.0538046
0.0975735
0.248999
0.0714977
0.0588015
0.0313185
0.124093
0.0514236
0.0592772
0.0697689
0.0469139
0.0708188
0.135756
0.0259181
0.0200695
0.0276702
0.46086
0.0306689
0.165726
0.0316876
0.128047
0.0798745
0.0901656
0.0521377
0.0811379
0.00185836
0.14243
0.100825
0.0136312
0.0953099
0.013604
0.0202801
0.0995559
0.0616434
0.0933454
0.0599393
0.129153
0.0336856
0.147473
0.0556557
0.0822891
0.0564124
0.0641982
0.114962
0.0906501
0.0452161
0.0460041
0.11705
0.115637
0.13232
0.0569591
0.0273519
0.110781
0.0286991
0.081606
0.0797729
0.101129
0.0552872
0.107095
1.93
0.0161485
0.139058
0.0844569
0.133942
0.16356
0.186823
0.0717253
0.0291214
1.53031
0.00551861
0.0802959
0.0833026
0.0620994
0.161678
0.121744
0.0147205
0.0590471
0.0322294
0.0454394
0.473052
0.0234683
0.0613994
0.0401164
0.0219631
0.0943768
0.14501
0.0532711
0.073331
0.808602
0.0267871
0.0775789
0.096735
0.0456105
0.15108
0.129743
0.0985251
0.0526014
0.0400833
0.0389654
0.0584566
0.00525508
0.127296
0.0196841
0.0892912
0.124533
0.0851501
0.0667454
0.0859723
0.0372028
0.100223
0.0557455
0.141945
0.134189
0.081946
0.0462215
0.0582346
0.055152
0.00472541
0.124459
0.0475985
0.230249
0.0378298
0.0072336
0.144074
0.0521167
0.0919972
0.0231767
0.158866
0.151184
0.102228
0.0355279
0.0511989
0.123254
0.0538733
0.0859575
0.0227159
0.173526
0.0281338
0.0652758
0.183758
0.0760792
0.0294928
0.132343
0.533174
0.243679
0.105502
5.85393
1.14934
0.826496
0.517145
1.10271
0.166277
0.436322
0.140949
1.05952
0.120606
0.040953
0.0533916
0.0563208
0.883046
0.120399
0.398504
1.47091
0.0808559
0.0437749
0.0291351
0.118508
0.0605189
0.0789578
0.0654706
0.0762941
0.200113
0.207591
0.161349
10.54
0.178783
0.486883
0.222516
0.076362
0.185066
0.163461
0.153853
0.0870877
0.0348433
0.156777
0.0490972
2.72256
0.00877599
0.3719
5.92745
0.24404
0.510854
0.110839
0.150053
0.0826461
0.69994
0.908133
0.0428095
0.161138
0.0782035
0.304355
0.0403152
0.09689
0.0349844
0.0613644
0.0709701
0.0944678
0.334862
0.12059
0.0969362
0.0314418
0.117424
1.21942
0.558981
0.375069
5.59349
0.843409
0.0494893
3.80376
0.190347
2.1828
0.0621606
0.753351
2.15949
2.17686
0.262292
1.07219
0.291729
0.474045
0.173219
0.0449506
0.811725
0.142127
0.0210294
0.144124
0.112009
0.0194532
0.161023
0.02398
0.257126
0.0681592
0.217386
0.0437742
0.0609484
1.1404
0.605275
0.0343819
0.103632
0.0270664
0.0830542
0.0780973
0.149877
0.0313219
0.039654
0.0166135
0.136828
0.115879
0.128986
0.736985
0.0967938
0.0484667
0.140091
0.131519
0.0869248
0.00353675
0.10369
0.0954277
0.0752218
0.0323836
0.122333
0.332482
0.0353924
0.0885155
0.176175
0.187531
0.0686511
0.0406546
0.00878591
0.0310081
0.170474
0.0753821
0.0469397
0.119914
0.0126139
0.0985223
0.0958141
0.172774
0.0561279
0.23091
0.0762583
0.00739369
0.0481157
0.0435881
0.0847543
0.0488142
0.0506752
0.0756344
0.174641
0.0248138
0.100813
0.0674112
0.0979779
0.169543
0.0952042
0.122039
0.0380966
0.0309711
0.0724537
0.0573518
0.145459
0.0877861
0.103648
0.0359502
0.138549
0.119801
0.0241364
0.767472
0.0389155
0.0217895
0.106553
0.0768847
0.113094
0.119379
0.0732179
0.188475
0.0905732
0.0444052
0.0373904
0.0201798
0.0497418
0.00792395
0.0217144
0.0689148
0.0914197
0.0362487
0.0767848
0.154294
0.0281209
0.0196526
0.00755471
0.0418916
0.14267
0.0635405
0.128922
0.0517633
0.0653171
0.017781
0.0383818
0.071001
0.075816
0.0554176
0.0382258
0.00970186
0.0490941
0.100575
0.146686
0.0422181
0.067329
0.0500692
0.0617386
0.0356282
0.0683228
0.0991924
0.134644
0.0742945
0.10566
0.0267707
0.0856785
0.075223
0.167799
0.10725
0.163757
0.0213094
0.0803858
0.0436298
0.0144196
0.0657775
0.0299165
0.0472525
0.0933582
0.0685979
0.0808491
0.120764
0.170254
0.149103
0.0650524
0.114077
0.0789019
0.0124525
0.0428398
0.0823004
0.111622
0.0779808
0.101962
0.10958
0.0712932
0.0491088
0.121743
0.0366596
0.221059
0.0250467
0.0967822
3.0716
0.549434
0.0344578
0.875654
1.05056
0.0302433
0.109969
0.266419
0.964625
0.105733
0.139441
0.0752728
0.624209
0.13703
0.0643257
0.058922
0.0598186
0.124952
0.0478331
1.10443
0.148511
1.79498
0.0835485
0.0245775
0.140526
0.515431
0.29812
0.057854
0.0300847
0.00817453
0.138095
0.118353
0.0234022
0.0382543
0.0579161
1.4026
0.0832443
0.0608791
0.049928
0.027201
0.0977209
0.170503
0.0857275
0.103983
0.116071
0.0314336
0.0635595
0.0191859
0.0916267
0.048464
0.0871275
0.0660274
0.039363
0.0257138
0.0223758
1.77514
0.109775
0.0681579
0.0556105
0.129393
0.050932
0.0816622
0.00529928
0.103305
0.0687096
0.140825
0.0576636
0.0321521
0.14295
0.11037
0.106472
0.0702209
0.083106
0.0623267
0.0781216
0.0384749
0.17304
0.0910769
0.344125
0.931016
0.00904797
0.0617107
0.321136
0.0409926
0.0638951
0.084559
0.119894
0.136054
0.0242573
0.0234809
0.13865
0.0538125
0.20928
0.18441
0.435367
0.0606166
0.555133
0.128238
0.132375
0.0285768
1.26889
0.0831547
0.146481
0.0383833
0.0193116
0.191012
0.804439
0.106799
0.041852
0.574906
0.0970859
0.388395
0.0360807
0.0137856
0.255546
0.0164508
0.116383
0.0485753
0.124002
0.0208952
0.0768102
0.190978
0.0585364
0.0247932
0.0802694
0.334813
0.104703
0.0338121
0.0608186
0.155978
0.0449656
0.129863
0.0406366
0.0492597
0.0624983
0.0569006
0.0802014
0.144508
0.0504351
0.115269
0.0694052
0.0931353
0.11519
0.0555194
0.123988
0.0510642
0.0986006
0.0151268
0.111461
0.0648632
0.130628
0.0647114
0.0686584
0.135407
0.0367852
0.0726534
0.0698704
0.12891
0.0651619
0.153169
0.10228
0.2124
0.0838504
0.0429433
0.0286074
0.0605298
0.0305972
0.0826432
0.0988915
0.0297642
0.0796548
0.178896
0.0856053
0.0172467
0.100903
0.0765891
0.189409
0.00424573
0.0432346
0.0490132
0.0284834
0.106402
0.110843
0.0367199
0.0421704
0.0442811
0.134368
0.115421
0.388179
0.503058
0.072995
0.056779
0.0686091
0.126783
0.0926009
0.32483
0.127987
0.0390637
0.0724907
0.0424563
0.0736258
0.120871
0.0606695
0.00825349
0.143188
0.0288409
0.303605
0.175067
0.0414467
0.0851745
0.0957337
0.14724
0.0537085
0.17897
0.0478268
0.0684518
0.0881855
0.192936
0.0797203
0.033719
0.0316643
0.0368083
0.0374212
0.0789907
0.0413079
0.0818512
0.0642919
0.19321
0.070747
0.106115
0.0537773
0.0961375
0.112596
0.0439834
0.119524
0.0560314
0.0980872
0.110678
0.182999
0.0928119
0.0685812
0.0768113
0.0410067
0.255314
0.0865872
0.0897138
0.076024
0.037958
0.135076
0.0450949
0.544286
0.020183
0.20664
0.178073
0.154852
0.121714
0.120162
0.125575
0.157663
0.0738233
0.0791399
0.0390875
0.0486036
0.0479703
0.134406
0.068699
0.139139
0.131257
0.0792887
0.0173108
0.0891371
0.213097
1.13993
0.074215
0.0177823
0.039403
0.0314744
0.107558
0.024886
0.0327426
0.047743
0.034855
0.00682496
0.104629
0.0744194
0.0145711
0.0729382
0.0330308
0.129985
0.11553
0.150488
0.0955887
0.276845
0.0357183
0.138131
0.0854411
0.0999808
0.0559942
0.054361
0.0741204
0.0858236
0.0615098
0.0733665
0.0688099
0.121362
0.125099
0.14035
0.151815
0.0498957
0.057349
0.0288914
0.0667031
0.0601516
0.0818355
0.0679023
0.0601085
0.00888733
0.122551
0.0469306
0.0456418
0.112275
0.0759287
0.0322914
0.0417332
0.181277
0.0638344
0.0219824
0.0615628
0.143845
0.0767787
0.147866
0.0572447
0.172076
0.126407
0.10391
0.174162
0.0611532
0.134391
0.0994018
0.0844052
0.0687041
0.236958
0.0581297
0.0451747
0.0760744
0.0352067
0.0848143
0.179325
0.0303607
0.146067
0.0850689
0.0967503
0.133865
0.0806322
0.0839628
0.0695139
0.110845
0.440778
0.050411
0.0903895
0.16778
0.0238515
0.0958528
0.0367534
0.154564
0.0804721
0.0780726
0.0914577
0.102046
0.125424
2.65258
0.0214477
0.0388467
0.154386
0.140104
0.561645
0.0382656
0.145467
0.0477209
0.117393
0.0548126
0.135265
0.0434696
0.0435215
0.107888
0.0815762
0.0459019
0.0856899
0.488658
0.0466833
0.049936
0.0353742
0.036623
0.0193953
0.0405497
0.109805
0.0948231
0.272311
1.51267
0.0874148
0.0191488
0.354774
0.124923
0.113236
0.0328882
0.135477
0.109552
0.178057
0.0507606
0.0784911
0.117469
0.104184
0.123553
0.091099
0.149029
0.0442108
0.0747195
0.0518014
0.0122136
0.0266602
0.050479
0.116593
0.124495
0.0633434
0.047387
0.0634047
0.0407684
0.025855
0.132713
0.024001
0.0490725
0.127717
0.0300985
0.149908
0.133664
0.0751418
0.160397
0.0344595
0.177135
0.0201595
0.0747989
0.0363045
0.0664941
1.49337
0.0982009
0.028008
0.0486765
0.26629
0.0223824
0.0670187
0.109958
0.142291
0.0572325
0.0453669
0.125315
0.149756
0.104286
0.0827555
0.121688
0.518775
0.0322896
0.123171
0.0141402
0.0786864
0.636398
0.144563
0.0607879
0.0479475
0.0852736
0.0872687
0.0631431
0.101197
0.0972278
0.0955919
0.113795
0.236746
0.129257
0.0695357
0.232739
0.0334534
0.100112
0.230101
0.0673956
0.117334
0.111879
0.068594
0.116637
0.0300224
0.183739
0.153567
0.0218649
0.0878328
0.0529271
0.188039
0.170567
0.139406
0.151988
0.300423
0.125512
0.0380147
0.0709109
0.0778685
0.091862
0.155879
0.0644717
0.13338
0.154902
0.0786597
0.0611339
0.12358
0.126255
0.100547
0.0707109
0.0820691
0.0171781
0.468596
0.263509
0.041885
0.155855
0.0729055
0.0573318
0.0335262
0.0658051
0.0200559
0.201475
0.0319555
0.0457173
0.219203
0.0227768
1.00885
0.145223
0.404017
0.0523309
0.582684
1.10571
0.234188
0.0429193
0.118943
0.20534
3.05481
0.378797
0.0532536
0.157993
0.0674416
0.131417
0.0798722
0.0943264
2.26076
0.193788
0.23871
0.165027
0.0503243
0.0696922
0.12354
0.519248
0.0324457
0.0745786
0.435174
5.2455
0.158118
0.0486413
0.305537
0.0754533
0.129404
0.131725
0.0731733
0.109248
0.187912
4.10939
0.0275513
0.0339024
0.109302
0.0320116
0.12447
0.0869587
0.188153
0.152821
0.134314
0.125379
0.361851
0.0782919
4.39796
0.13821
0.173266
0.0486508
0.0338734
0.0619332
0.0310862
0.0857038
0.104022
0.105736
0.0387891
0.0559629
0.0724757
0.153763
0.461585
0.173477
0.091349
0.0850324
0.0566739
0.0561038
0.0903442
2.85541
0.0827246
0.0885733
0.116055
0.114174
2.97172
0.0753139
0.069262
0.0588971
0.728241
0.0960403
0.51695
0.0726933
0.241972
1.93544
0.0527816
0.0866206
0.224117
0.044204
0.536242
0.0708473
0.197894
0.198439
0.11091
0.269999
0.309958
0.0539594
0.109519
0.0489075
0.0173114
0.185078
0.00386664
0.0453379
0.0631363
0.146636
0.0554017
0.0731165
0.0922055
0.050407
0.13773
0.144308
0.0608527
0.10609
0.12833
0.120458
0.0156894
0.0317691
0.919572
0.131514
0.0140062
0.0263043
0.114406
0.0399105
0.0985133
0.0898266
0.0735122
0.0867957
0.127783
0.0435067
0.0922027
0.108597
0.108608
0.0312814
0.0712939
0.126222
0.0679328
1.77714
0.0386501
0.243327
0.0330198
2.17846
0.769831
3.05529
1.3911
1.86525
0.894416
0.12007
0.488077
0.482169
0.148052
0.0912523
3.58493
0.235781
1.17213
0.0174398
0.0428664
0.0719806
0.197825
0.334861
2.23032
0.735697
0.037238
0.133006
7.14881
1.30473
1.67903
0.121532
0.128945
0.808354
5.81633
0.0621915
0.0516695
0.759035
0.39383
0.119649
0.356639
0.322336
0.168621
0.0616791
0.877725
0.0910338
0.111697
0.185545
0.23575
0.195502
0.256992
0.268194
0.167965
0.135752
0.202271
0.226686
0.143529
0.219938
0.213376
0.178666
0.263072
0.237829
0.174
0.147413
0.202886
0.139674
0.217206
0.11838
0.143516
0.143265
0.273379
0.164718
0.234887
0.178543
0.207677
0.219032
0.214152
0.119999
0.13226
0.126004
0.187308
0.185509
0.185577
0.169565
2.61035
0.0432122
0.0795509
0.399082
0.832007
0.0750299
0.0468097
0.122429
0.0436372
0.0705522
0.0756289
0.296031
0.186951
1.85849
0.0411074
0.0652238
0.0257913
0.0456322
0.0643604
0.0651459
0.111085
0.00708014
0.0391263
0.137352
0.0533497
0.148568
0.0793134
0.143327
0.0628204
0.146614
0.107877
0.0966246
0.0635693
0.159627
0.0650024
0.190182
0.0333732
0.160602
0.030587
0.0865248
0.167126
0.080187
0.111574
0.00849565
0.0953944
0.127599
0.0447487
0.141985
0.128807
0.0995949
0.0677631
0.156081
0.194804
0.117436
0.0848911
0.0849558
0.0312215
0.123339
0.0825172
0.0860913
0.0562528
0.146459
0.0922038
0.0214826
0.0697194
0.130607
0.0445864
0.0445035
0.0751552
0.103426
0.0505754
0.0985661
0.045846
0.0462171
0.0721797
0.0634809
0.164159
0.0635223
0.0817946
0.0755767
0.308641
0.0596078
0.096432
0.0687008
0.0532607
0.168303
0.412356
0.114613
0.751701
0.099731
0.149382
0.0215957
0.0825434
0.19293
0.0757534
0.0427576
0.0115236
0.102656
0.129811
1.82818
0.0807478
0.117609
0.247132
0.107665
1.24749
0.139612
0.0597751
0.0793024
2.3947
0.0810925
0.0144525
0.0587264
0.0722278
0.0598442
0.0459402
0.0763226
0.69099
0.0483728
0.0881145
0.102285
0.0585415
0.110343
0.0507545
0.0610252
0.0551303
0.0366987
0.0643712
0.0591117
0.0605845
0.227258
0.0242413
0.0764629
0.0315042
0.122152
0.0406651
0.0152978
0.0907774
0.127612
0.0754962
2.42925
0.684459
0.378678
0.186752
0.0405401
0.0561717
0.0851993
0.0114612
0.0805198
0.0351908
0.0483407
0.0392806
0.0397499
0.0654594
0.0223005
0.05331
0.15078
0.0543053
0.0142225
0.0429406
0.0114933
0.0851798
0.105633
0.0529384
0.0702096
0.0518219
0.0289897
0.0656051
0.0105702
0.140712
0.109773
0.0478612
0.0590131
0.0308142
0.067252
0.0481277
0.0876423
0.0713771
0.134047
0.132261
0.0972195
0.0285888
0.0194379
0.0157424
0.127622
0.0764119
0.0500784
0.115937
0.0288611
0.0491639
0.0844815
0.0469001
0.0284382
0.0577102
0.0532566
0.0603186
0.145101
0.0391885
0.0552599
0.196681
0.138131
0.0899961
0.0459319
0.0437572
0.0321526
0.0071237
0.167819
0.132044
0.0271429
0.126385
0.071358
0.0650148
0.0685425
0.0217259
0.109402
0.102809
0.0888773
0.11075
0.0912653
0.0278364
0.0887505
0.0248088
0.0699656
0.0451799
0.0630102
0.0258286
0.014576
0.120027
0.0869237
0.125166
0.050063
0.034663
0.00835314
0.0945288
0.0722205
0.0356056
0.0406898
0.0184704
1.73772
0.0876411
0.0750679
0.0945222
0.167456
0.0784807
0.185163
0.068996
0.0363665
0.108616
0.161816
0.0559627
0.0465079
0.0211142
0.0405637
0.0943352
0.171852
0.106112
0.0786259
0.171276
0.0455377
0.0554037
0.0573388
0.141787
0.102831
0.207585
0.134964
0.123181
0.0577379
0.061809
0.047482
0.035484
0.0429285
0.05158
0.0888637
0.0346363
0.0660331
0.0188139
0.0828621
0.0670813
0.0796397
0.0548539
0.0502707
0.0879518
0.0987477
0.034537
0.0633963
0.0184787
0.141563
0.0890561
0.0342895
0.140025
0.0874126
1.08216
0.0211643
0.0594301
0.0524535
0.102876
0.139255
0.022646
2.38447
0.0479585
1.49455
0.866686
0.0275951
0.0328027
0.0387907
0.109478
0.0259988
0.0206562
0.0828809
0.0882218
0.145899
0.0930738
0.163822
0.109663
0.120928
0.0532335
0.0796607
0.0404381
0.028804
3.88224
0.0749215
0.658591
0.621479
0.0481443
0.911184
1.9222
0.13761
2.05941
0.167935
1.22959
0.0487834
0.156205
0.305737
0.13347
0.408518
0.0372781
0.882667
1.71338
0.0511368
0.0660909
0.0513923
0.0217235
0.0880573
0.0364072
0.057469
0.0102723
0.11269
0.0861943
1.25608
0.484411
0.0444731
0.213272
0.118165
0.0194364
0.143366
0.054548
0.0683275
0.0727376
0.0421174
0.0823016
0.111231
0.0437796
0.122572
0.12976
0.0217895
0.096111
0.116644
0.0319193
0.0695426
0.0960012
0.0743839
0.0685689
0.106345
0.0190807
0.117388
0.149487
0.0862538
0.116258
0.0438469
0.0930547
0.153747
0.0306841
0.0503429
0.0744285
0.149393
0.110345
0.184948
0.0489815
0.771112
3.86463
0.19373
0.0297887
0.223231
0.0410831
0.0188432
0.096671
0.172871
0.221398
0.607031
0.149449
1.82307
0.150741
0.216439
0.0671631
0.0340029
0.311864
0.170905
0.171749
0.166398
0.00550364
0.801437
0.0390379
0.154091
0.957943
0.62317
0.371458
0.199159
0.0940842
0.0492113
0.113647
0.177531
0.0877699
0.0348907
0.0892002
0.13109
0.0214565
0.0524684
0.0381785
0.110214
0.0500336
0.143485
0.0543955
0.0889895
0.0361258
0.185748
0.152825
0.0489819
0.158508
0.179942
0.059242
0.104706
0.178783
0.0140839
0.0959811
0.135587
0.0304383
0.100802
0.0385146
0.187692
0.0782587
0.0355768
0.0412664
0.0349434
0.0716952
0.0919435
0.207736
0.169199
0.507093
0.111981
0.0105442
0.0798057
0.109023
0.118559
0.0635488
0.0759198
0.110709
0.33013
0.0937211
0.105502
0.171014
0.192381
0.0289024
0.114936
0.0521955
0.0578282
0.116895
0.00818141
0.054997
0.197725
0.0344069
0.037809
0.115533
0.0464974
0.0664696
0.0208152
0.057941
0.057362
0.0427257
0.0433376
0.0227332
0.0390911
0.0523694
0.0497378
0.107539
0.0403491
0.0705024
0.0451872
0.0478452
0.0472482
0.0774055
0.0468898
0.100398
0.143017
0.178392
0.259729
0.0388747
0.144939
0.521201
0.131527
1.02449
0.228492
0.136279
0.0633487
0.102676
0.886701
0.0258538
0.787328
1.49186
0.0391917
0.401007
1.12936
0.410525
0.0448038
2.20156
0.118509
0.0606631
0.15659
0.146702
0.24544
0.235863
0.177179
0.0528231
0.097117
0.189104
1.02403
1.68126
0.470458
0.128982
1.41155
0.816595
1.48173
0.941353
1.22537
0.0989733
2.36253
0.202953
3.32778
0.53536
1.41633
1.99474
0.116976
0.923672
2.26409
0.107731
0.435946
0.135991
0.0943799
1.08958
0.0654209
0.0223993
1.20112
0.075352
1.66081
0.411155
0.529274
0.826268
0.0608375
0.142045
0.093031
0.151512
0.0306448
0.0850836
0.113335
0.0315483
0.113807
0.0509124
0.0768197
0.0885244
0.227676
0.0871725
0.0803038
0.187362
0.0514778
0.128784
0.114835
0.0937764
0.135134
0.037651
0.14865
0.0664185
0.0650109
0.0851577
0.0507846
0.0930576
0.0513547
0.0141073
0.0354433
0.188759
0.101672
0.812116
0.0731364
0.145319
0.111574
0.0655011
0.0713431
0.0257447
0.0708267
0.131506
4.14113
0.100058
0.919477
0.374701
0.113066
1.51487
0.0617808
0.849204
0.241699
0.0461222
0.16673
0.439046
0.067261
0.0432047
0.119587
0.102558
0.161564
0.272569
1.28362
0.0282605
3.86012
0.341807
0.19898
0.115227
0.0837661
0.120964
0.129476
0.214672
0.0652184
0.0278616
0.0334834
0.0229344
0.0387309
0.147557
1.34441
0.0982181
0.0221307
0.0573451
0.020384
0.0557948
0.155013
0.0759555
0.0369279
0.144176
0.0947411
0.0357507
0.140297
0.103729
0.111663
0.101872
0.113645
0.0372017
0.128996
0.0323638
0.050349
0.059525
0.07022
0.0618234
0.0669238
0.0545831
0.0452202
0.0241594
0.0483888
0.102406
0.139764
0.0471179
0.0365586
0.168899
0.0925351
0.125204
0.0232531
0.230382
0.182962
0.135049
0.0753736
0.0237681
0.0435275
0.105597
0.0434269
0.117036
0.0231389
1.90545
0.19377
0.0284129
0.0269624
0.0982457
0.0395645
0.085406
0.0404845
0.0458523
0.0910879
0.0896952
0.566536
0.0999432
0.0825259
0.3594
0.071397
0.0738215
0.0609146
0.155728
0.0406115
0.00544373
0.069456
0.134501
0.0756348
0.0448514
0.131355
0.34673
0.0739046
0.085419
0.356637
0.0387419
0.0954058
0.0689288
0.0888017
0.0899974
0.0653058
0.0774666
0.138694
0.0261803
0.139628
0.0787306
0.0374034
0.0313692
0.0455257
0.0236725
0.0783827
0.062435
0.0940463
0.0469966
0.416109
0.113441
0.0778092
0.0894651
0.167638
0.119349
0.113565
0.137229
1.73654
0.093114
0.0536197
0.0733781
0.0669078
0.105443
0.0318838
0.140169
0.0684625
0.0968319
0.0929993
0.153932
0.0964411
0.0385849
0.0644431
0.050373
0.129133
0.0571213
3.65689
0.0987656
0.120242
0.134823
0.0657896
0.0605084
0.0770222
0.0224396
0.0299198
0.123034
0.0788175
0.0530954
0.0692115
0.0105136
0.0525183
0.0455887
0.0589752
0.168366
0.0535384
0.132894
0.100738
0.0311002
0.0395177
0.0858763
0.108997
0.0467695
0.0532014
0.104976
0.0356467
0.126631
0.0868433
0.0208961
0.245165
0.0775974
0.0821585
0.0997556
0.023003
0.0318615
0.0896122
0.0259501
0.134009
0.149987
0.16557
0.0982695
0.103488
0.0602314
0.162337
0.050096
0.0451432
0.102281
0.051506
0.0695232
0.0616197
0.0838514
0.0263109
0.10771
0.0213902
0.0944895
0.19755
0.0568176
0.0366645
0.0666377
0.0796393
0.0436777
0.0315966
0.115131
0.162619
0.0900302
0.0691523
1.31421
0.0995817
0.0863857
0.0305795
0.121723
0.0607388
0.0515605
0.0438817
0.119634
0.0326781
0.0366273
0.0774345
0.0520226
0.0718055
0.0719157
0.0434782
0.0843086
0.032583
0.123475
0.203872
0.0494204
0.026204
0.0775907
0.0181272
0.0642579
0.115613
0.105319
0.239792
0.0477833
0.117932
0.0972011
0.100228
0.0628082
0.0149863
0.0800172
0.0215249
0.111281
0.122513
0.0465291
0.0897025
0.246837
0.0750778
0.113547
0.0443391
0.0585901
0.0507044
0.102055
0.197295
0.107039
0.131485
0.0785026
0.0317562
0.130357
0.0669162
0.0542638
0.0404293
0.0812823
0.0725847
0.0210636
0.0141945
0.0535297
0.0789873
0.0478979
0.043569
0.321072
0.0635663
0.0970343
0.423063
0.182348
0.635238
5.40786
0.17818
0.216415
0.0607155
0.307706
1.09239
0.214622
0.0218825
0.0753187
0.0560399
0.0670525
0.0937459
0.0278794
0.045272
0.0920957
0.15094
0.0536474
0.0744356
0.180853
0.752262
0.0515325
0.0380344
0.0782028
0.0435437
0.0982182
0.444274
0.0591024
0.0183609
0.0459827
0.0701857
0.0378724
0.0153181
0.0157639
0.0345113
0.112848
0.0231855
0.0196076
0.119424
0.0509099
0.0324097
0.155242
0.0389768
0.0309197
0.0535999
0.231635
0.0429883
0.0155315
0.0725112
0.0579668
0.0456505
0.25629
0.0558483
0.0332996
0.0962517
0.0220211
0.0513648
1.28949
0.269353
0.0835372
0.0126143
0.141456
0.104073
0.417255
0.0462805
0.0492981
2.53122
0.20343
0.618608
0.141442
1.71801
0.0685618
2.04717
0.0526661
1.03458
0.0312469
0.15046
0.214952
0.0986633
0.0400695
0.0412365
0.335105
0.0563167
0.566606
0.160906
1.22408
0.0293522
0.138956
0.240833
0.159242
0.100981
0.107136
0.0931326
0.0393535
0.126773
0.144749
0.286711
0.0435201
0.101002
0.0318353
0.200006
0.164989
0.0992567
0.0363962
0.192323
0.192153
0.0317846
0.0174477
0.298193
0.0798926
0.305638
4.43756
1.24296
0.0342508
0.104426
0.0224078
0.0963594
0.0981608
4.10499
2.16104
0.0610854
1.91704
0.0909259
0.0396932
0.0278618
0.046587
0.0821824
0.250091
0.0248887
0.116648
0.0634311
0.112265
0.138623
0.0129312
0.125222
0.0586431
0.0561195
0.0507872
0.0129473
0.0526034
0.0264856
0.715692
0.0282353
0.0945611
0.205677
0.0674207
1.26341
1.81992
1.58914
1.01911
2.403
0.10957
0.117032
4.40476
0.10067
0.762357
0.287274
0.326502
0.258127
0.24545
0.224961
0.0177786
0.195131
0.0309297
0.219667
0.328938
0.317811
0.0736548
0.0885199
0.155957
0.159803
0.03758
0.103674
2.01995
0.245378
2.70621
0.0531649
0.321146
0.244697
0.336792
0.0526732
0.0642121
0.444692
0.226411
0.210483
1.03779
0.0591742
0.0433052
0.0968385
0.161761
0.420177
0.311439
0.274112
0.075139
0.043381
0.0780927
0.141427
0.0250142
0.360543
0.226227
0.0178732
0.116751
0.0305174
0.175123
0.935768
