0.00482999
0.0104909
0.00302132
3.49436e-05
0.011273
0.00324216
0.00311578
0.0162511
0.00500097
0.0203429
0.00180045
0.00442986
0.0100964
0.0139119
0.00486926
0.0126896
0.0156317
0.0133453
0.00586625
0.00850162
0.00271698
0.000923008
0.00535251
0.00348392
0.0195251
0.00568152
0.00182461
0.0138578
0.0216989
0.00598921
0.000919879
0.0110923
0.0103602
0.0034021
0.00324305
0.00360983
0.00758872
0.00626193
0.00488529
0.00257456
0.0171001
0.00646784
0.00571854
0.0101137
0.0200787
0.00485521
0.000425984
0.00493374
0.00476302
0.00908038
0.0107526
0.0160982
0.00640977
0.00441755
0.0129148
0.0273977
0.0356149
0.00312496
0.0136062
0.00928155
0.00542174
0.00480609
0.0418536
0.0207541
0.00124827
0.0154914
0.000775892
0.00367456
0.020384
0.0177099
0.00945799
0.0153981
0.0188248
0.00801754
0.00150038
0.00579112
0.0161486
0.011223
0.00709563
0.00511038
0.029515
0.0138145
0.0257636
0.0151019
0.00837867
0.0119557
0.00601244
0.00231985
0.00953067
0.00688023
0.0103267
0.0137354
0.000998656
0.0036761
0.00609358
0.00367803
0.00334751
0.0198117
0.000325659
0.00602292
0.00303924
0.00834323
0.00435427
0.030197
0.016101
0.0109916
0.00396548
0.00303749
0.0152239
0.00876206
0.00366893
0.00397441
0.00596582
0.0160562
0.00252316
0.000878538
0.0012397
0.00118976
0.00390152
0.00512294
0.00167646
0.000998972
0.0128168
0.000760974
0.00112496
0.0118822
0.00383221
0.00290356
0.0053509
0.00478989
0.00393921
0.0269145
0.000638384
0.00787451
0.00266048
0.0108488
0.0116387
0.00168627
0.00182461
0.000892789
0.015858
0.000857742
0.00924778
0.0035333
0.00465601
0.00285556
0.00860873
0.00799041
0.00447546
0.00968933
0.00318625
0.0131106
0.00196775
0.0122317
0.00347828
0.0224994
0.0106893
0.000904722
0.0161232
0.000411342
0.00114758
0.00163454
0.0162821
0.0431811
0.00327418
0.014939
0.00173
0.00542094
0.0015347
0.00230332
0.00700734
0.0133338
0.00672836
0.0223358
0.00494635
0.0193321
0.00307183
0.0153032
0.0022271
0.00926965
0.000982737
0.0117099
0.00501675
0.00775886
0.00829882
0.00613224
0.00651189
0.000734949
0.00177639
0.00852722
0.00870265
0.0116489
0.00610402
0.00728345
0.0146909
0.00785396
0.0113981
0.0127711
0.0143169
0.011287
0.0108403
0.000877518
0.000504714
0.00658352
0.017561
0.0136256
0.0107079
0.00190828
0.00304287
0.0187757
0.00140726
0.000893116
0.0146995
0.00579621
0.00867505
0.00897071
0.0169893
0.00643612
0.00736287
0.00434551
0.00102631
0.00593318
0.00246894
0.00385647
0.0172679
0.0101369
0.00339915
0.00632284
0.0077244
0.0033977
0.0026259
0.0172669
0.00869044
0.00380711
0.0149503
0.00623527
0.0084516
0.00647943
0.00292881
0.000722651
0.00293469
0.00274478
0.0112819
0.907526
0.00348963
0.00385614
0.0117153
0.00842965
0.00939109
0.010811
0.0145213
0.0211469
0.0171572
0.539998
0.00406685
0.00775002
0.0168019
0.00412223
0.00969954
0.00473617
0.00640355
0.00497544
0.00203973
0.00880683
0.0210238
0.00654995
0.00585107
0.0242794
0.0114221
0.000802156
0.000683156
0.0178638
0.00646285
0.00975517
0.0274259
0.00845411
0.00785331
0.00382177
0.00728544
0.0211342
0.00473941
0.0103766
0.00627175
0.0179062
0.0134024
0.019904
0.00380695
0.0146678
0.0103169
0.00263513
0.00252517
0.00829322
0.00536906
6.14179e-05
0.0139238
0.00202062
0.00891093
0.0177221
0.0107165
0.00936139
0.0148314
0.0033038
0.0111417
0.00894282
0.0246256
0.000203382
0.0157882
0.0224237
0.00236264
0.00693758
0.00869159
0.00592801
0.00455251
0.014085
0.00560445
0.00553786
0.00012226
0.010219
0.00187429
0.00815907
0.00314224
0.00942377
0.00825728
0.0160362
0.00847065
0.00662543
0.00673956
0.0353702
0.00389281
0.00820394
0.0100866
0.00465558
0.00105288
0.00483522
0.0156467
0.00800497
0.00344002
0.00659258
0.533337
0.00373851
0.0112466
0.00628963
0.00248013
0.0039184
0.00983442
0.0117674
0.00347135
0.00167383
0.0185712
0.0348717
0.0142293
0.200356
0.0112766
0.000344158
0.0104299
0.000965536
0.00410349
0.000224316
0.00187288
0.000891131
0.00337269
0.00256082
0.0013851
0.00282816
0.00672081
0.0172284
0.011701
0.0210584
0.00152298
0.00143544
0.0035395
0.00956586
0.010577
0.00110921
0.00408389
0.00524364
0.0032
0.00369904
0.0129927
0.00525988
0.000200169
0.00559227
0.00517665
0.0131934
0.00126905
0.00787318
0.00105096
0.676865
0.0117045
0.0048303
0.00159907
0.00793636
0.00155758
0.0209265
0.0146837
0.00398198
0.00255985
0.00956781
0.000254973
0.0109346
0.0170048
0.00578847
0.00748908
0.00182008
0.00208894
0.0105739
0.0136063
0.00761698
0.00945479
0.00433194
0.00313561
0.00703819
0.00108995
0.000797639
0.00614948
0.00906737
0.00838343
0.00628283
0.00258012
0.0283719
0.0198185
0.00230845
0.000141284
0.00452803
0.0110131
0.0120446
0.000842769
0.0175188
0.00613186
0.0131993
0.00900327
0.0041286
0.00876827
0.00100614
0.0101056
0.0067642
0.00232603
0.00487952
0.0052779
0.00193344
0.0409056
0.618563
0.00252279
0.00114713
0.000457041
0.022709
0.0131355
0.000986987
0.0127333
0.00886462
0.0124289
0.0186376
0.0193979
0.00686416
0.00040031
0.0235228
0.00763317
0.00360002
0.0118389
0.0103104
0.000265687
0.00269277
0.00723649
0.0056248
0.00370002
0.0153315
0.00865472
0.0027548
0.00444319
0.00264878
0.0223306
0.013811
0.0143704
0.00978248
0.00692642
0.0143026
0.0135586
0.00158786
0.00402278
0.0110758
0.000739781
0.00239024
0.0136045
0.0102005
0.00868237
0.0128294
0.00196668
0.00766308
0.0118581
0.00554627
0.00126883
0.00859923
0.00661657
0.00424046
0.00959413
0.0091329
0.0264853
0.00402607
0.00126849
0.00931136
0.0074449
0.0275327
0.0331616
0.0138844
0.0294816
0.0189598
0.0143029
0.00407214
0.0160338
0.0142603
0.00560553
0.00252928
0.000776347
0.0119703
0.00601579
0.011291
0.0169212
0.0167271
0.0116098
0.00748484
0.00463415
0.0519288
0.0186852
0.00113357
0.0118012
0.0170385
0.00124084
0.00480534
0.00522242
0.0147584
0.00471148
0.010737
0.0156543
0.00724734
0.0200749
0.00125887
0.0301316
0.00702608
0.00371386
0.000802272
0.00863865
0.010986
0.00828744
0.00986301
0.00816766
0.0228296
0.00481362
0.00543784
0.0177024
5.51476e-05
0.0344958
0.010808
0.000290351
0.00338344
0.0131068
0.0039929
0.0022451
0.019312
0.01161
0.00429208
0.00876991
0.00975851
0.0131357
0.010344
0.00526717
0.00155684
0.00813189
0.0100498
0.00170761
9.37184e-05
0.00281706
0.00550189
0.00165796
0.00189747
0.00533255
0.00323698
0.00329044
0.00353512
0.0228279
0.0112545
0.00998508
0.00211047
0.00699913
0.00941735
0.00827778
0.00542391
0.0231399
0.000394513
0.0187149
0.752149
0.0116438
0.00500801
0.0212702
0.0115145
0.00236763
0.0191679
0.0029502
0.0115277
0.000999832
0.00228491
0.00544951
0.00763444
0.00426769
0.0199035
0.0253075
0.00184709
0.00636337
0.0109099
0.0223299
0.0199384
0.00580675
0.00484369
0.00514689
0.0033825
0.0122954
0.00104361
0.00405986
0.00335945
0.0094922
0.0013623
0.711476
0.014021
0.00603816
0.00564224
0.00116233
0.000464484
0.000846284
0.00649556
0.00433697
0.00236374
0.00945208
0.0018018
0.000424573
0.00493198
0.00747917
0.0100304
0.00320743
0.0105274
0.00445963
0.00459601
0.00349788
0.00181286
0.00169285
0.00195708
0.0018037
0.00348688
0.0100099
0.000165452
0.0103999
0.00149461
0.000954822
0.00872577
0.0116493
0.0133326
0.00498318
0.0115381
0.00572001
0.00300986
0.00817418
0.0117931
0.00720811
0.00189666
0.0199927
0.0169747
0.0123519
0.00957611
0.00259131
0.00066176
0.00497369
3.98989e-05
0.00618628
0.0068067
0.00130625
0.00109414
0.00295928
0.00340224
0.00624513
0.000363195
0.532502
0.00344343
0.000729146
0.00135183
0.0198186
0.0032805
0.00257913
0.0156397
0.0165039
0.00574872
0.00178582
0.00918262
0.00937753
0.0107182
0.00976875
0.0112561
0.00164291
0.00924876
0.00709896
0.0012277
0.00223193
0.00619149
0.00379842
0.000570171
0.00183359
0.00373816
0.000148005
0.0120422
0.0045657
0.00415423
0.0012573
0.00262073
0.0104259
0.013317
0.00910634
0.000964613
0.00702563
0.0165772
0.00221861
0.00637598
0.0215146
0.00741939
0.0179764
0.00259647
0.00216006
0.00405427
0.00269467
0.00805708
0.0168905
0.00582199
0.00644433
0.00129413
0.00927875
0.397608
0.00591158
0.0102342
0.00298937
0.000719421
0.0226127
0.00752238
0.0096103
0.00187497
0.0130801
0.0388467
0.00957739
0.00172971
0.0149924
0.00447349
0.000712223
0.0131074
0.00551617
0.0145598
0.000588137
0.0166232
0.000452199
0.0109254
0.0140067
0.00197752
0.00915333
0.0016447
0.0147014
0.0068577
0.0114452
0.0153622
0.00325154
0.00811293
0.0133549
0.011591
0.00231863
0.0146538
0.0162535
0.0041355
0.0194536
0.00547518
0.0016823
0.013915
0.011834
0.0121364
0.00712911
0.00680266
0.00155971
0.00230557
0.00270335
0.00508102
0.00132876
0.0241033
0.0169435
0.00222885
0.00385676
0.00156284
0.00234722
0.00992949
0.00412121
0.00823451
0.00637877
0.00776788
0.00544204
0.00261152
0.0179677
0.0139686
0.0108831
0.00899682
0.0130608
0.00276627
0.0241081
0.0188943
0.00366432
0.00205908
0.00910111
0.0387978
0.0182831
0.00116822
0.0193848
0.0105806
0.00627101
0.0019536
0.00848441
0.000483767
0.00883814
0.00605957
0.0136879
0.00443779
0.00279472
0.00162247
0.0125428
0.00220413
0.00565699
0.0134407
0.740768
0.00566243
0.00546735
0.00914432
0.00199303
0.00672438
0.0194805
0.000728984
0.00442789
0.00252636
0.0172081
0.00967248
0.0187012
0.00171443
0.00455281
0.0224412
0.0112102
0.00255973
0.0181058
0.0170627
0.00644636
0.00808461
0.0135102
0.00373178
0.012327
0.884359
0.00430242
0.0173432
0.0210905
0.0123668
0.00938795
0.00984973
0.0107474
0.00441893
0.016209
0.00218149
0.012458
0.00413046
0.00808505
0.000232079
0.0030717
0.00576654
0.00331848
0.00279589
0.00375603
0.00784817
0.000852521
0.0104468
0.00995503
0.000303011
0.00180686
0.00440249
0.00104532
0.00396334
0.0211625
0.000527466
0.00341849
0.00115658
0.00251523
0.0018719
0.00299064
0.000440665
0.0119678
0.0102016
0.00190452
0.0102465
0.00382076
0.0195543
0.0102271
0.00778275
0.00172347
0.0101201
0.00270375
0.0204832
0.00895948
0.0107452
0.0195649
0.0283179
0.00751521
0.0136154
0.00405109
0.0143171
0.0109961
0.00377988
0.00437632
0.00136219
0.0175153
0.0224152
0.00700874
0.0163462
0.00783813
0.0137558
0.0044193
0.0108269
0.002983
0.0107381
0.00998461
0.00134022
0.00157654
0.00165329
0.000675674
0.0222945
0.00370702
0.00993428
0.000449609
0.00451669
0.0298124
0.0341031
0.00539484
0.00841362
0.0143263
0.0101378
0.0106677
0.0103752
0.00196637
0.00983923
0.00286544
0.00439732
0.00373441
0.00551907
0.0060511
0.0100415
0.00961184
0.00327045
0.0693193
0.0102226
0.0134105
0.0484033
0.00195998
0.00861525
0.00759234
0.0046257
0.00210563
0.0119907
0.00307514
0.0101014
0.0100095
0.0281101
0.00347689
0.00564125
0.000941946
0.00796809
0.0201467
0.0012504
0.00666869
0.0108032
0.0020475
0.005502
0.0250835
0.00396337
0.00892636
0.0196504
0.00146377
0.00207959
0.000269682
0.00238353
0.00153204
0.0205735
0.0196408
0.00459464
0.0219298
0.00526248
0.000485611
0.00554049
0.00650892
0.00418676
0.00792123
0.00492818
0.00242684
0.00592919
0.0177998
0.0116966
0.0130196
0.403354
0.0439452
0.00314606
0.00538929
0.0121696
0.00642593
0.0187338
0.00348557
0.00446829
0.0154333
0.013379
0.0297694
0.00459617
0.00460855
0.00401293
0.00572159
0.00089569
0.00538179
0.0153283
0.00131452
0.00932171
0.00317178
0.00131648
0.0201738
0.02676
0.000341085
0.00320452
0.0147707
0.0107948
0.00271822
0.00172281
0.00275285
0.00513427
0.00457118
0.00136795
0.0116737
0.0200381
0.628985
0.00350848
0.00870366
0.0117138
0.0110268
7.81707e-05
0.000928821
0.00307823
0.00581253
0.0181577
0.00866645
0.00240621
0.000232227
0.0119486
0.013288
0.0257861
0.000983964
0.0259903
0.00103233
0.0140795
0.0145975
0.00746308
0.000203795
0.00187408
0.00739679
0.0102534
0.0043242
0.000474371
0.00462337
0.0080333
0.0153571
0.00729667
0.0203846
0.0135061
0.00155543
0.00427684
0.00188197
0.00742476
0.0215317
0.0121113
0.00476711
0.00529962
0.0144311
0.0011403
0.00674117
0.00127762
0.0138734
0.00204732
0.00334682
0.00206858
0.0143588
0.0213647
0.00235163
0.000780732
0.00630645
0.0314977
0.0131611
0.0169542
0.0277738
0.00591116
0.010554
0.00258599
0.00476699
0.0163593
0.0107427
0.00889779
0.0198032
0.00200618
0.000854634
0.00947908
0.0102552
0.00433612
0.0111773
0.0262631
0.0187605
0.0113028
0.000687149
0.004416
0.00657552
0.0116348
0.0122456
0.00929702
0.00572821
0.00398301
0.00150205
0.00449119
0.0175029
0.00901122
0.00917182
0.00374583
0.740768
0.00561506
0.000943304
0.800488
0.00972131
0.0141883
0.00837546
0.00172974
0.0010088
0.00334527
0.00328087
0.00428923
0.00221976
0.0171187
0.000191876
0.00421051
0.00344832
0.00404808
0.00588951
0.00414354
0.000597998
0.0194067
0.00364939
0.00532215
0.000277614
0.020769
0.0220428
0.0117647
0.00920648
0.00328615
0.00600486
0.00807077
0.0114689
0.00306367
0.00454055
0.0104816
0.00283197
0.00330867
0.000122874
0.00542442
0.000544342
0.0122544
0.0155047
0.00216677
0.00569003
0.00295584
0.0102661
0.0362617
0.00301645
0.0241285
0.0131176
0.00429484
0.00728546
0.00248538
0.577016
0.0128823
0.0146111
0.000467683
0.00116219
0.0044285
0.00288071
0.00474762
0.0171304
0.649268
0.00128809
0.00138128
0.00758923
0.00598896
0.000570988
0.00507629
0.00322621
8.57633e-05
0.00219093
0.00269084
0.0098181
0.00613341
0.00836284
0.00815217
0.0266325
0.00472794
0.0130029
0.00142625
0.00424067
0.00107375
0.0313946
0.00175062
0.00266065
0.00613633
0.0035349
0.000574909
0.0117027
0.00431447
0.00889904
0.00302232
0.011829
0.00284306
0.0188336
0.0423463
0.000524674
0.0680014
0.0179501
0.00717312
0.00183737
0.018936
0.00643649
0.0199534
0.00916401
0.00605067
0.00249532
0.00318941
0.00912505
0.0127487
0.0135178
0.00287633
0.00264545
0.0129305
0.0189351
0.00836118
0.01438
0.025344
0.0217578
0.0131644
0.00146366
0.00385434
0.00461125
0.00782701
0.000320127
0.00536649
0.00176359
0.00429472
0.00174647
0.00532605
0.0107822
0.00923407
0.430831
0.010073
0.00599888
0.00873981
0.00493108
0.00792925
0.004939
0.00404231
0.00526557
0.013601
0.00269574
0.0196951
0.0291046
0.00379934
0.00920056
0.0013679
0.00471779
0.00900863
0.00677572
0.00229632
0.0121668
0.00358911
0.0124624
0.00331842
0.00791711
0.00109872
0.00177528
0.0124859
0.00127562
0.0152992
0.0250258
0.0245102
0.0195737
0.00963661
0.00776581
0.00748812
0.0140025
0.00429609
0.0200488
0.0126684
0.00440842
0.0135613
0.0190755
0.00276928
0.0125417
0.012348
0.013786
0.00945533
0.0156655
0.00132956
0.0226791
0.00990385
0.0115272
0.00599979
0.00280927
0.0117445
0.00590268
0.00155199
0.000438357
0.0118347
0.00404883
0.00310305
0.00373173
0.0102967
0.0116261
0.000359401
0.00923352
0.00243444
0.00535329
0.0159868
0.00381446
0.0202353
0.00669559
0.0103732
0.00947225
0.0110852
0.00186892
0.0132981
0.00645636
0.00168068
0.00146939
0.00186428
0.00877449
0.0101703
0.00487762
0.00852831
0.0132431
0.0076779
0.0166101
0.00904009
0.00576405
0.0196782
0.00648318
0.00229194
0.00393773
0.00368062
0.00158492
0.011477
0.00686796
0.00906312
0.0124576
0.00289773
0.00161425
0.00727397
0.0121759
0.00523465
0.00654493
0.00746334
0.00356924
0.00820184
0.00331609
0.00203667
0.00395016
0.00977831
0.000316885
0.0104343
0.000623838
0.00523057
0.0162622
0.0156237
0.000999256
0.00935632
0.0203316
0.0103713
0.0123414
0.0118082
0.00180246
0.00324891
0.0135636
0.00782516
0.000321897
0.00100066
0.00862689
0.000506924
0.00464453
0.0169212
0.00990332
0.00640817
0.00392857
0.0115123
0.00286383
0.00441217
0.018617
0.0114502
0.00203486
0.00230345
0.0107059
0.00577742
0.00842909
0.00291031
0.00502333
0.00337321
0.00627457
0.00713619
0.0117685
0.0046294
0.00856905
0.00255056
0.00813947
0.0109304
0.00924362
0.00577515
0.000392414
0.00148991
0.0042671
0.00649084
0.0166354
0.00971563
0.0293478
0.0121873
0.0116313
0.000667694
0.0204188
0.00298621
0.00171716
0.0183761
0.00165048
0.00131956
0.000368728
0.00259309
0.000735667
0.00190722
0.0117021
0.0102853
0.0101629
0.0122517
0.0212669
0.00674257
0.00388271
0.0281087
0.000375458
0.00579252
0.00713309
0.00126486
0.0160689
7.05329e-05
0.00916789
0.00537088
0.00467074
0.00906558
0.00396364
0.000967295
0.000886067
0.0156535
0.00498923
0.00656843
0.00658951
0.0071891
0.00167946
0.00865026
0.018511
0.0241382
0.0122336
0.00833065
0.019788
0.0193705
0.0128414
0.000434964
0.027505
0.00763167
0.00493069
0.0095018
0.00224656
5.66062e-05
0.00592584
0.000431386
0.005091
0.00305424
0.00711432
0.00619952
0.00137209
0.00285088
0.0046282
0.0158854
0.00253636
0.000585017
0.0181209
0.00702029
0.318628
0.000474149
0.0100788
0.00528933
0.00436941
0.0124672
0.000609941
0.0149987
0.00559973
0.00118859
0.000172726
0.0039684
0.00781565
0.798658
0.017665
0.0150352
0.00403274
0.0111329
0.0044432
0.000305602
0.00792608
0.0115721
0.0023551
0.0101423
0.000331259
0.00133628
0.00617118
0.00195957
0.0143011
0.00573764
0.00374165
0.00863817
0.000870658
0.00527334
0.00347618
0.00214346
0.00691101
0.00268832
0.00460028
0.0122431
0.000197237
0.00241716
0.000173442
0.00659215
0.000902696
0.00201744
0.00164007
0.0167249
0.00471514
0.00988805
0.00403248
0.0121657
0.00153756
0.00457241
0.0205161
0.00460614
0.00187072
0.00990317
0.00377964
0.00129072
0.00927768
0.0130137
0.00391295
0.00403826
0.0201297
0.00666385
0.849987
0.0109995
0.0145392
0.00670966
0.0209577
0.794519
0.0074317
0.00714358
0.00205838
0.0113268
0.0017937
0.00679173
0.00244183
0.000995961
0.00380158
0.0184722
0.0135425
0.00158866
0.00496304
0.00758196
0.00984102
0.00787673
0.00515648
0.0161774
0.00902701
0.667699
0.0107183
0.0140081
0.0074593
0.0063709
0.00932518
0.00847011
0.00457771
0.000343829
0.57031
0.010794
0.003472
0.00748641
0.00884076
0.00470628
0.00761075
0.000141154
0.00555131
0.000306361
0.00421322
0.0279133
0.0127869
0.0164938
0.00819929
0.00883193
0.00823887
0.0091052
0.0101816
0.005273
0.0120777
0.00138021
0.0133846
0.0165349
0.000541406
0.00853197
0.0101196
0.0230201
0.00353741
0.0242491
0.00221274
0.010442
0.00393269
0.0180241
0.00810791
0.0123085
0.00615237
0.03186
0.00148577
0.00108393
0.00630213
0.00403638
0.0159307
0.0025818
0.0110726
0.0127583
0.0161208
0.00235147
0.00684505
0.00307841
0.00155446
0.00328011
0.00203095
0.00863963
0.00782978
0.000712889
0.0165808
0.0114537
0.00618042
0.00441919
0.00139678
0.00390177
0.0141966
0.00504242
0.00615773
0.00972675
0.022895
0.0107634
0.0108317
0.0135638
0.00462351
2.95278e-05
0.00397635
0.00818369
0.00655451
0.00561727
0.00993645
0.00956705
0.00566558
0.0097909
0.00735574
0.00604648
0.00507105
0.00390298
0.00561621
0.012492
0.0125804
0.0130405
0.00852125
0.011155
0.0156286
0.0018762
0.000119534
0.0179812
0.00830731
0.00116467
0.00754798
0.00414326
0.00173031
0.0039696
0.00426625
0.00486354
0.00812876
0.00976431
0.00198189
0.0148355
0.0114676
0.00342635
0.0105684
0.0101795
0.00627492
0.0148284
0.00309961
0.0194768
0.00481832
0.0241857
0.00147449
0.0222232
0.00135471
0.0185043
0.00523807
0.00356624
0.00201355
0.00510727
0.00910136
0.00863276
0.000398899
0.00458331
0.00596359
0.00116179
0.0109767
0.000384164
0.598815
0.0209433
0.0207695
0.000940904
0.0188693
0.00173268
0.0128459
0.00925481
0.00783911
0.00444485
0.00364761
0.00774843
0.0276064
0.00615771
0.00052805
0.00825917
0.0100699
0.000688231
0.00568599
0.0126878
0.00922035
0.00308113
0.00580093
0.00837621
0.00932623
0.00638914
0.00697456
0.00474427
0.0225089
0.00148038
0.00154746
0.0298847
0.00752591
0.0146122
0.000993701
0.00239781
0.0100806
0.0153185
0.206647
0.00614811
0.00162187
0.000185154
0.00417079
0.438821
0.00616887
0.00742169
0.00390896
0.00936448
0.000625417
0.000776678
0.696463
0.00895707
0.0142848
0.00893208
0.00828196
0.0078535
0.0145445
0.00537755
0.016931
0.0168011
0.0111877
0.00912522
0.00513358
0.00941928
0.010031
0.00242505
0.00381445
0.017092
0.00405902
0.0090304
0.00261107
0.557532
0.00987965
0.00861126
0.00365236
0.000304205
0.00486661
0.0139542
0.0130876
0.00351573
0.0194294
0.00722008
0.00631934
0.0169039
0.0058354
0.0325345
0.00454041
0.0129936
0.00977107
0.00789835
0.0127575
0.00998909
0.0108589
0.00844969
0.0179456
0.00859475
0.0025551
0.00174236
0.0010076
0.017831
0.00715448
0.00791975
0.0126092
0.0116164
0.0298089
0.00688066
0.00247129
0.0121063
0.00965135
0.010238
0.00179705
0.0264526
1.40472
0.00191843
0.00365047
0.00169772
0.00273969
0.0149304
0.0135069
0.000846625
0.00534278
0.00428535
0.00575154
0.0130358
0.00675034
0.0191933
0.00633216
0.00102613
0.0230401
0.00239669
0.0122679
0.00372203
0.0125624
0.00290532
0.00659348
0.00684789
0.00596449
0.0151148
0.00996922
0.007322
0.0099079
0.00319395
0.00582924
0.0131468
0.00953206
0.00629083
0.00344116
0.00951717
0.00666999
0.0105917
0.00738236
0.0167994
0.00859511
0.00337903
0.0063584
0.00836591
0.00357469
0.00477221
0.00310106
0.00150135
0.00390513
0.0222079
0.00216911
0.000974449
0.00736778
0.00757992
0.003278
0.55159
0.00165593
0.00830088
0.0107429
0.0117436
0.00391634
0.00266178
0.0113201
0.00873988
0.00493322
0.00146031
0.0147689
0.000470273
0.0026466
0.00511837
0.888199
0.00013564
0.00827226
0.00711049
0.00710619
0.00139861
0.0159921
0.00870939
0.0106418
0.0019074
0.0146056
0.00597613
0.0142592
0.0120381
0.0110615
0.00799318
0.0019284
0.00320124
0.00304916
0.000428669
0.00724479
0.00987839
0.0244172
0.00100443
0.0015921
0.00473014
0.00202995
0.00732172
0.00796573
0.00217403
0.0109152
0.00549994
0.00735597
0.00312526
0.00672171
0.0138819
0.00274365
0.00470053
0.00202995
0.0111799
0.00788698
0.0111688
0.0105733
0.00941138
0.003446
0.0141682
0.00445074
0.00981901
0.00595683
0.00431662
0.00180499
0.00415457
0.0149849
0.0152483
0.0111054
0.0182252
0.0131986
0.00454445
0.000889922
0.00080946
0.00736515
0.00125329
0.00521165
0.00286863
0.0162788
0.0205744
0.0173031
0.0122151
0.00306857
0.0441181
0.000175289
0.012488
0.00125248
0.01056
0.00541301
0.00851151
0.000159302
0.0165447
0.0175413
0.000266875
0.00260577
0.00481197
0.00566514
0.00291831
0.0152559
0.00768505
0.00235108
0.0170464
0.0117828
0.000643067
0.0274577
0.0179363
0.0103128
0.025692
0.0240225
0.0335713
0.000329694
0.0201195
0.00591649
0.00445649
0.0240873
0.0117047
0.0121894
0.00290085
0.0129844
0.00252188
0.00243738
0.535429
0.0136554
0.0133563
0.00592675
0.00535591
0.00493733
0.0112231
0.00482302
0.00271901
0.00141026
0.0106507
0.000793628
0.000886984
0.00238395
0.0063281
0.00578219
0.00716158
0.00529787
0.00835477
0.00799333
0.00140623
0.0175329
0.0138123
0.0082951
0.00282159
0.992589
0.00193146
0.0100554
0.00818383
0.00716998
0.0141045
0.00911648
0.00575228
0.0101705
0.013155
0.0239955
0.00316608
0.004546
0.00853277
0.00803568
0.00363393
0.00977101
0.00396298
0.0111513
0.0150258
0.0107196
0.015333
0.00384725
0.0117613
0.00595055
0.000185271
0.0206668
0.0114386
0.00215134
0.00467221
0.00661743
0.0134312
0.000605923
0.00385843
0.034648
0.0244548
0.0128852
0.007281
0.00657821
0.00647222
0.0232938
0.0159841
0.00600372
0.0323283
0.000759732
0.00908844
0.000832003
0.0170399
0.00203467
0.0001963
0.0115173
0.00719216
0.0230565
0.00023835
0.0241837
0.00436088
0.00674408
0.0121122
0.00609078
0.00847959
0.00758089
0.00730931
0.00453261
0.00734506
0.00590785
0.00931854
0.00172279
0.00383523
0.00186165
0.00711489
0.00100668
0.00835078
0.00391435
0.0151203
0.0140207
0.0059306
0.00251884
0.00848837
0.00465648
0.0124879
0.0147488
0.0201578
0.00980326
0.0060828
0.00124812
0.00211096
0.00495184
0.00490607
0.018222
0.00309714
0.013675
0.0153917
0.00823786
0.0145397
0.00237745
0.00757154
0.0226577
0.00836602
0.00444631
0.00884246
0.00477592
0.0260483
0.00240489
0.00116599
0.0233291
0.00422778
0.0120951
0.0144411
0.00964472
0.00136301
0.0111145
0.0145921
0.003823
0.00555495
0.0084425
0.00106039
0.00385614
0.0231133
0.00336437
0.0184348
0.00149416
0.0166931
0.00846123
0.00139813
0.00056126
0.00550971
0.00123788
0.0168318
0.0107315
0.00322428
0.00909217
0.726243
0.00111021
0.00207998
0.00546797
0.00305394
0.00800845
0.0100208
0.00629079
0.021463
0.00359536
0.0174803
0.00624255
0.00847849
0.000267497
0.00152078
0.00351136
0.00181343
0.00272422
0.00578336
0.798644
0.481498
0.00606851
0.0113371
0.00443789
0.00728424
0.00577803
0.00232308
0.00562382
6.22431e-05
0.000242285
0.0138589
0.0109615
0.0223061
0.00405485
0.00335335
0.0193205
0.0109171
0.00778799
0.00050129
0.00590317
0.011532
0.00730729
0.00306436
0.00031366
0.00370806
0.00526367
0.00343205
0.00570994
0.0125578
0.00480652
0.033628
0.00782475
0.00536802
0.011615
0.00465053
0.00257589
0.0147495
0.00181073
0.0064532
0.0130654
0.000376549
0.000879774
0.00726109
0.00334961
0.0121481
0.00454062
0.00282446
0.00742062
0.00183668
0.00941057
0.000540436
0.00998623
0.0108304
0.0108506
0.00683506
0.000108038
0.00535398
0.00417674
0.00117513
0.00365005
0.000444083
0.00278141
0.00535542
0.0179789
0.00715256
0.00803056
0.00278793
0.00553214
0.00911807
0.00621805
0.00615843
0.00375465
0.00195352
0.0016255
0.0130792
0.00498788
0.0163854
0.0168149
0.00912613
0.0025776
0.00544531
0.0116464
0.00314406
0.0172789
0.00569451
0.00549815
0.0106941
0.00351551
0.00282507
0.00605934
0.00810572
0.00284266
0.00347581
0.0123947
0.00814595
0.00184222
0.000905255
0.000348094
0.0167258
0.000726988
0.00406057
0.00535938
0.00746799
0.006005
0.00350559
0.00887367
0.00235216
0.00521241
0.00479191
0.000218789
0.00382594
0.00578924
0.0115886
0.000771813
0.00876354
0.0194424
0.00721926
0.00397035
0.00765094
0.00556615
0.00440498
0.00676837
0.0128211
0.0063549
0.00115444
0.0137173
0.00554984
0.00934441
0.0105373
0.0161046
0.000778829
0.00359486
0.542263
0.0105973
0.00489391
0.0287919
0.00481546
0.00561026
0.0145922
0.00650109
0.00653514
0.826183
0.0193384
0.00803046
0.00963527
0.00630278
0.00150179
0.0150293
0.00770626
0.00821684
0.000553449
0.00449087
0.0316634
0.00228643
0.00376227
0.000124558
0.000930589
0.0151342
0.00933986
0.00430566
0.0190727
0.000735336
0.0136197
0.000888207
0.00152406
0.0123359
0.0162885
0.0116504
7.26667e-06
0.00659336
0.00655666
0.00456307
0.00679923
0.00716124
0.00990077
0.962878
0.00508193
0.018043
0.00545015
0.000945502
0.0100585
0.00924089
0.00494014
0.000778618
0.00751469
0.0147291
0.0108161
0.0023147
0.0102541
0.000154762
0.00618509
0.00717149
0.0118589
0.00844507
0.00754387
0.00946794
0.004375
0.0119154
0.0057612
0.00433368
0.00155136
0.00999196
0.00236362
0.0100078
0.00316373
0.0123908
0.00791329
0.00560098
0.0131921
0.00309345
0.0229221
0.00795445
0.000508724
0.00896614
0.0362888
0.00886805
0.00638326
0.0132493
0.00221501
0.00220528
0.00670775
1.01603
0.0111294
0.00329026
0.00893709
0.00445472
0.00346021
0.0130938
0.0108684
0.0184525
0.0106109
0.0220804
0.0319739
0.00400221
0.0140228
0.00153935
0.00342156
0.00464572
0.0010353
0.00345799
0.0015249
0.0147172
0.0036295
0.0110022
0.00599688
0.00835039
0.00888251
0.00777001
0.00717889
0.00143057
0.00189142
0.0217264
0.0030599
0.00335029
0.00354175
0.0206092
0.00668021
0.00784669
0.00154474
0.00563671
0.000996086
0.00391584
0.00305108
0.00188953
0.00435672
0.00990251
0.00343142
0.00584586
0.00606771
0.00137207
0.00840292
0.00128355
0.00729567
0.00719662
0.0200014
0.00939685
0.00659177
0.00496069
0.00517851
0.00746725
0.010681
0.0027972
0.032706
0.0160145
0.0285868
0.00326149
0.00341835
0.00836437
0.00545145
0.00195255
0.018583
0.00940347
0.00490037
0.0133451
0.0169526
0.00661382
0.00252239
0.0013884
0.00451293
0.0187022
0.000798888
0.0416487
0.0320627
0.00698055
0.010451
0.00255287
0.00231912
0.00136174
0.0127234
0.00095987
0.0286593
0.00767125
0.0122555
0.0215359
7.49376e-05
0.00608741
0.00506636
0.0035585
0.00213435
0.0144206
0.0122041
0.0194459
0.00377142
0.00789467
0.014782
0.0172951
0.0117163
0.00861398
0.0144449
0.0121523
0.0111295
0.00913367
0.0123043
0.0111531
0.000121693
0.00287598
0.00572328
0.00422415
0.00683355
0.00694055
0.00424574
0.0062722
0.0025252
0.00820952
0.0108727
0.0114956
0.01383
0.00560524
0.00490318
0.155198
0.0121065
0.00549997
0.0301061
0.00718436
0.00913516
0.0147809
0.00354222
0.00229086
0.000919923
0.0060943
0.0121984
0.000398388
0.000340413
0.00143538
0.0092115
0.0306116
0.00907295
0.0274687
0.0246367
0.00533127
0.0120931
0.0079928
0.00774737
0.00906108
0.0133211
0.0124486
0.00211868
0.0109927
0.0121481
0.00364573
0.640578
0.00204128
0.00218086
0.0108389
0.00407402
0.02461
0.00499645
0.00804879
0.00675775
0.00553667
0.016182
0.00412435
0.0141926
0.00653614
0.00876783
0.00382632
0.0278181
0.00645234
0.00461653
0.0229418
0.0158432
0.0130866
0.0105764
0.00480524
0.00615497
0.00626398
0.0192449
1.13976
0.0106029
0.00280582
0.0143358
0.00801202
0.0276222
0.00122333
0.000365711
0.00435056
0.0104712
0.0273545
0.00731586
0.00117211
0.00843211
0.0213532
0.00157531
0.0126962
0.005066
0.0089588
1.38275
0.0177798
0.00957283
0.00524006
1.13031
0.0041407
0.00723709
0.004291
0.000419288
0.00888905
0.00297925
0.00480662
0.0137317
0.00757021
0.00151019
0.00602372
0.00515689
0.00352048
0.00704854
8.52696e-05
0.00229662
0.00896965
0.014246
0.00992219
0.00666465
0.00889774
0.0173302
0.00209505
0.00270631
0.0137316
0.0127631
0.00812507
0.00284218
0.00405559
0.0116595
0.00242892
0.00657752
0.013123
0.00232229
0.0286858
0.00621482
0.00762654
0.00858695
0.00465117
0.00467506
0.00462232
0.000843597
0.00394884
0.0244105
0.00155529
0.0126801
0.0122621
0.00401988
0.631337
0.0100304
0.00176313
0.00427075
0.0015088
0.0106613
0.00251447
0.00284332
0.012107
0.816107
0.00659894
0.0122133
0.00142133
0.009648
0.00741092
0.00320805
0.0172757
0.0112137
0.0113321
0.00139256
1.01194
0.0122694
0.00726363
0.00286671
0.00581233
0.00437228
0.0100243
0.00773773
0.0163031
0.00745755
0.00818695
0.00442598
0.00988515
0.000664105
0.0202682
0.00562041
0.00816458
0.0105876
0.0011519
0.00324384
0.022338
0.00798561
0.0107224
0.00184158
0.00206655
0.0153068
0.00371921
0.00127467
0.000700876
0.0096706
0.00456761
0.0170649
0.0181464
0.0148771
0.00964446
0.0014818
0.00295051
0.0161435
0.00847645
0.0178809
0.00675238
0.0104727
0.0014688
0.0172592
0.00813579
0.00440023
0.00459249
0.00985672
0.00226081
0.0260403
0.00588662
0.0059625
0.00386164
0.00741114
0.00598611
0.0200361
0.0097624
0.591804
0.00868592
0.0133394
0.0119489
0.0194109
0.00730726
0.00434218
0.00794631
0.0118028
0.00912735
0.00232519
0.0179265
0.00144101
0.00444011
0.00808317
0.000341776
0.00760107
0.0257227
0.00754425
0.00525881
0.00405237
0.00735404
0.0167331
0.0108524
0.00512515
0.0144467
0.761477
0.00308314
0.015679
0.00317551
0.00242601
0.00710117
0.00438742
0.00844543
0.0256228
0.00561203
0.00860719
0.0274154
0.0216985
0.0173028
0.0144466
0.00982791
0.0107004
0.0060098
0.00349772
0.00565852
0.0021872
0.00411064
0.0134687
0.00325475
0.00566188
0.00326754
0.00450914
0.00555747
0.0107214
0.0142619
0.0164476
0.00340878
3.81394e-05
0.0053773
0.00989449
0.0102249
0.00360082
0.00449201
0.00033726
0.0187793
0.000879476
0.00344292
0.00215315
0.0039815
0.0033295
0.00827283
0.00478082
0.00216642
0.0143016
0.01541
0.00724669
0.00147126
0.00353718
0.00300905
0.00538707
0.026035
0.00496201
0.0189418
0.0105647
0.0303822
0.00502774
0.00534625
0.0147095
0.00786487
0.000669842
1.25106e-05
0.00512696
0.00976522
0.00311908
0.0126322
0.00271432
0.00491746
0.0010631
0.0024052
0.00698633
0.0154612
0.0147962
0.00628221
0.0138695
0.0101339
0.0163455
0.0088437
0.00528123
0.000959038
0.0388993
0.00854786
0.0113035
0.00116302
0.0164159
0.00833239
0.00036241
0.00784911
0.0109982
0.00464155
0.00788526
0.00733975
0.00246934
0.00331136
0.0202393
0.00387452
0.0108656
0.0226726
0.00188956
0.00378668
0.00834148
0.00839802
0.0036936
0.00384839
0.00918345
0.00628957
0.0247238
0.0100767
0.000975067
0.018425
0.00398598
0.00529302
0.000782113
0.00800917
0.00494307
0.00268012
0.00582837
0.00468731
0.00585944
0.0118967
0.00550797
0.00321873
0.0186512
0.0126284
0.00976692
0.00704454
0.0128336
0.00931047
0.00334913
0.0023276
0.00683642
0.000985943
0.0111237
0.00196111
0.00452717
0.0198753
0.00152769
0.00252118
0.0111282
0.0188714
0.00744647
0.00132152
0.0108028
0.00155585
0.00944644
0.000188859
0.00397026
0.00333008
0.0132035
0.0267162
0.00792363
0.00514544
0.000926113
0.00863342
0.00572611
0.00314877
0.0023288
0.0253367
0.0100796
0.013438
0.0122082
0.0242159
0.0358689
0.00307037
0.0112575
0.00197158
0.00139714
0.0154475
0.00475672
0.00765047
0.00426608
0.0184199
0.00135223
9.50324e-05
0.0044558
0.00274821
0.000918373
0.00367346
0.00346803
0.0139117
0.00436085
0.0092869
0.00347847
0.00415648
0.0135134
0.0118281
0.00238885
0.00402537
0.00551441
0.0059093
0.0154464
0.0029092
0.00381269
0.00627244
0.00820388
0.00628229
0.00909303
0.01715
0.00101833
0.0121064
0.0063963
0.00343707
0.00098281
0.0252176
0.00973547
0.00263787
0.0127986
0.0170974
0.0046704
0.00878949
0.000181986
0.00862973
0.000526184
0.00733203
0.00137893
0.00229048
0.0109059
0.0101961
0.0124965
0.0102537
0.00252011
0.00735875
0.0149092
0.00511341
0.0016327
0.00376791
0.0253275
0.00186803
0.00364811
0.00439977
0.00495651
0.00183547
0.407729
0.618496
0.00863925
0.00753232
0.00157072
0.478174
0.946711
0.994232
0.00660267
0.0132167
0.00540553
0.00956679
0.00985044
0.00633678
0.00222121
0.00410687
0.00204858
0.00565068
0.0125208
0.00365912
0.0123631
0.00217518
0.678356
0.017931
0.00643533
0.00361694
0.0174028
0.00856912
0.0020907
0.00301
0.0126444
0.00797904
0.00190075
0.0113638
0.0096624
0.00199316
0.0013385
0.0104514
0.0173347
0.00445492
0.00754264
0.00143802
0.0146121
0.0189938
0.0262661
0.0055804
0.00994125
0.00470458
0.00376352
0.00812566
0.000842566
0.0206721
0.00296068
0.0125325
0.00852974
0.00177199
0.00870176
0.00353136
0.00816235
0.00826683
0.000626282
0.00522183
0.00577618
0.0021632
0.574829
0.0181813
0.00489343
0.00628098
0.0169431
0.000857603
0.00754879
0.00355833
0.000514403
0.00351349
0.0058513
0.00878491
0.621914
0.000578432
0.0159873
0.00385255
0.00198777
0.00303616
0.00655031
0.00313206
0.00234483
0.0145826
0.00273181
9.33958e-05
0.0112707
0.00787462
0.0199032
0.00448363
0.0005044
0.00659401
0.00588993
0.0029223
0.00694358
0.00679791
0.0140509
0.0032523
0.00115976
0.00977327
0.00973483
0.0148014
0.00303959
0.00681686
0.010928
0.00927145
0.01418
0.00317796
0.00621484
0.00195498
0.00220102
0.00503042
0.0177299
0.00759696
0.00678525
0.0105822
0.0114976
0.0071756
0.0128546
0.025509
0.00658266
0.00197942
0.0069897
0.0251111
0.00569249
0.00672142
0.0140265
0.0213596
0.00115365
0.00320825
0.0150717
0.00272403
0.0068096
0.000969479
0.0151033
0.0126175
0.00788563
0.00076048
0.000800947
0.0101873
0.00968504
0.00940345
0.0240035
0.027579
0.00334677
0.00226638
0.0437625
0.0198008
0.0058356
0.0112826
0.001452
0.000592197
0.0104128
0.00931804
0.00579984
0.0104803
0.0163382
0.0177807
0.00213184
0.0111934
0.0362671
0.00290614
0.0438472
0.00172577
0.0246138
0.0193596
0.00339468
0.0106157
0.00463934
0.0162618
0.0150497
0.0076314
0.00639341
0.0275598
0.00110511
0.0156444
0.00226094
0.0121242
0.00449796
0.00779635
0.00864899
0.0123574
0.0176936
0.0190248
0.0196572
0.00733771
0.0136002
0.017943
0.00569434
0.00507006
0.00152764
0.0180104
0.000607398
0.00247044
0.0103151
0.0155462
0.00103497
0.0103791
0.00177444
0.00359945
0.00922372
0.00941203
0.0101008
0.00301116
0.00896893
0.00334173
0.0146438
0.0173945
0.0227384
0.00244409
0.00541537
0.00616334
0.0127139
0.00315827
0.00403133
0.0109858
0.000420507
0.00689367
0.0117246
0.700114
0.000915081
0.00214759
0.00202669
0.00271442
0.000709273
0.00973504
0.00196898
0.00194743
0.0110896
0.00496351
0.00531539
0.0185594
0.0071058
0.00289904
0.0414194
0.00103321
0.00362729
0.00756788
0.00804902
0.00637578
0.00731013
0.00721753
0.00147242
0.0112003
0.00191363
0.00185981
0.0295095
0.0014496
0.0132724
0.00290308
0.00530191
0.000380414
0.00238197
0.0122725
0.616232
0.00953027
0.0021867
0.00974611
0.0166575
0.00493626
0.00144357
0.00732604
0.00663648
0.0112896
0.00364707
0.011552
0.0126818
0.0326374
0.00592488
0.000293315
0.0124807
0.00846334
0.00276976
0.0118481
0.000432106
0.00880702
0.0245455
0.00397485
0.00727672
0.00271532
0.00820513
0.00432381
0.00584455
0.0023976
0.0154123
0.00448051
0.00629509
0.00940012
0.00730437
0.00310979
0.01206
0.0151096
0.00745198
0.00295801
0.0128026
0.0176525
0.00553962
0.676768
0.00127197
0.00810117
0.00791021
0.00167616
0.00526842
0.00429354
0.00336257
0.0127986
0.000538916
0.0112337
0.000931968
0.00589534
0.00193226
0.00197255
0.141982
0.00267835
0.00165617
0.00204357
0.0200453
0.00832982
3.93351e-06
0.00774886
0.0283487
0.035311
0.00342554
0.00453342
0.0142053
0.00853416
0.00314342
0.00715154
0.0114508
0.00439726
0.00767082
0.00117827
0.00562723
0.00849784
0.00175985
0.00928235
0.0120722
0.00936799
0.00372123
0.0120441
0.000246429
0.00547847
0.00887213
0.0142808
0.00237128
0.00673038
0.000406582
0.00323225
0.00237093
0.0055055
0.00836399
0.00433817
0.00308218
0.0047316
0.000861775
0.0181141
0.00677049
0.198942
0.0125521
0.0298134
0.00195376
0.0155019
0.00683455
0.00566574
0.0139984
0.00267126
0.019896
0.0576644
0.0167522
0.00835555
0.00704835
0.00641411
0.0168818
0.002715
0.0160321
0.00432505
0.00579248
0.00325805
0.00599892
0.0132858
0.0152892
0.00610752
0.00824497
0.00425274
0.0107233
0.0102634
0.0118392
0.000921821
0.0103937
0.0109792
0.00680674
0.018326
0.00158141
0.0141444
0.0225925
0.0250659
0.00265254
0.0303334
0.00363767
0.0108531
0.00966073
0.0121818
0.00165704
0.0126543
0.00759286
0.0046067
0.00444726
0.0184876
0.00391116
0.00888767
0.00204123
0.00117461
0.0110116
0.00748414
0.00412134
0.00540661
0.0215731
0.0164715
0.000531635
0.00656423
0.0177171
0.0021508
0.00859188
0.00506746
0.00197856
0.0106025
0.00135436
0.00434224
0.0102096
0.00639107
0.0101959
0.00651455
0.00707426
0.0120902
0.00722267
0.00436286
0.00799249
0.00451683
0.00700125
0.000792559
0.0119831
0.0063222
0.00828439
0.00191661
0.000585058
0.00175842
0.0102767
0.784037
0.00255889
0.00890541
0.00826888
0.011826
0.79921
0.0126785
0.0325199
0.00729079
0.00201634
0.0033873
0.00390556
0.00671394
0.00561079
0.0021223
0.0135534
0.013565
0.0103145
0.000324951
0.0146359
0.00392187
0.00202956
0.0148542
0.00936724
0.00280284
0.0116536
0.00394776
0.00293312
0.00864692
0.00274001
0.00059588
0.0356143
0.0136916
0.00533223
0.0075417
0.012383
0.0064653
1.50453
0.0116953
0.00200009
0.01831
0.00908897
0.00795086
0.0213345
0.00144303
0.00312051
0.00974343
0.561507
0.0122288
0.00422191
0.00652185
0.0203618
0.0256656
6.00403e-05
0.0257964
0.00414563
0.0291856
0.0118182
0.000618638
0.0161231
0.0034111
0.0163334
0.00454174
0.00684813
0.00997349
0.0211811
0.00376764
0.00879648
0.00533285
0.00267107
0.0110528
0.00972817
0.0148657
0.0194069
0.0173168
0.0070972
0.0100916
0.00673541
0.00447385
0.00953513
0.00699134
0.00478809
0.0164092
0.0228958
0.000841497
0.00265863
0.00127507
0.00299526
0.0102203
0.00643824
0.0176902
0.000191067
0.704368
0.015021
0.00171943
0.0154137
0.0178799
0.00376816
0.0229499
0.00275073
0.0254914
0.000375003
0.0118577
0.0103559
0.00178549
0.00418464
0.0232197
0.0154463
0.0140697
0.00202427
0.032717
0.000453164
0.0152592
0.00542258
0.000991356
0.00131119
0.000640993
0.00498745
0.00148535
0.00521457
0.00860673
0.000983307
0.0209939
0.00207982
0.00246578
0.00585979
0.00722456
0.00294028
0.00956454
0.00771987
0.0264836
0.00862425
0.00396937
0.0144182
0.00112025
0.00417331
0.0126188
0.00964683
0.000147023
0.00516849
0.00303438
0.00198868
0.00206047
0.00814093
0.00487985
0.00389684
0.00613368
0.0107744
0.00996909
0.00069031
0.00479606
0.00164392
0.025513
0.000196349
0.00150738
0.00866556
0.00206178
0.0258224
0.00526884
0.0179429
0.010735
0.028527
0.000786504
0.000647276
0.000791707
0.00636197
0.00285852
0.00209555
0.000120929
0.01421
0.00100971
0.0134
0.00488094
0.0123754
0.00404057
0.00437335
0.00231634
0.00192739
0.0157207
0.00290452
0.0167358
0.0146632
0.00107545
0.0209758
0.00177153
0.0149217
0.0133802
0.00493835
0.00204896
0.00163371
0.0354046
0.0136196
0.0256359
0.0125765
0.0182023
0.000500547
0.00347559
0.00208388
0.00609492
0.00716587
0.00803815
0.00661855
0.00514789
0.000553019
0.0086928
0.000934783
0.00679435
0.00216019
0.00586894
0.00202328
0.00319706
0.00598327
0.000148228
0.0122043
0.0103979
0.0107537
0.00439728
0.00956966
0.0167987
0.00523649
0.00760129
0.000571226
0.00170105
0.00315052
0.00839919
0.0200001
0.0128105
0.0118953
0.00198475
0.00376638
0.882803
0.00499651
0.00180067
0.0133588
0.00188421
0.00984504
0.00275825
0.0146085
0.010563
0.00351863
0.00230958
4.51594e-05
0.00143916
0.00545386
0.00976492
0.00793856
0.00556192
0.00814252
0.0105532
0.00464348
0.00147901
0.00243698
0.00316195
7.39277e-05
0.02225
0.00630105
0.0114938
0.000710457
0.00768969
0.0133639
0.000530115
0.0165747
0.00952668
0.0113634
0.000951116
0.0153379
0.0112579
0.0129729
0.0243134
0.0203933
0.00614149
0.00908515
0.00306849
0.0264043
0.00356261
0.00912892
0.0132937
0.00727347
0.00616082
0.0108378
0.000371588
0.0129937
0.0058802
0.0128781
0.0031907
0.00899804
0.000581374
0.0081854
0.00113707
0.00942416
0.0050198
0.00197706
0.000671908
0.00354152
0.010871
0.00323232
0.00130539
0.0161531
0.00226476
0.0107267
0.00783634
0.0123826
0.0210984
0.00665808
0.00148601
0.00184764
0.00280709
0.00224611
0.0128265
0.00795071
0.00507093
0.00245063
0.0013184
0.0124641
0.00472496
0.0074903
0.046593
0.00136056
0.00644896
0.00652753
0.000302462
0.00370827
0.000139965
0.00564914
0.00157305
0.00251898
0.000273064
0.0273506
0.0156521
0.00530703
0.0155228
0.00981877
0.00384247
0.00164023
0.00353327
0.00236685
0.00450667
0.00907477
0.0110746
0.00398957
0.0131075
0.00665231
0.0215972
0.00132035
0.0120114
0.0174373
0.00679307
0.00283346
0.006964
0.00722039
0.00791261
0.0118988
0.00275707
0.00477715
0.0100418
8.30826e-05
0.00776957
0.0272268
0.00782645
0.0027676
0.00574689
0.00481564
0.00637486
0.013007
0.00933777
0.00610751
0.00495747
0.00247009
0.0170363
0.0012962
0.0070109
0.00610927
0.0019952
0.00256622
0.0104925
0.00751005
0.00127729
0.00178499
0.00201708
0.0225757
0.000737454
0.00349301
0.00414837
0.00316822
0.00532642
0.0180665
0.00514868
0.000113517
0.00533626
0.00293777
0.0134477
0.0082979
0.00727122
0.000452019
0.0123455
0.024597
0.00204691
0.000913216
0.00467859
0.00436253
0.00269644
0.00835264
0.000720212
0.0103528
0.00299027
0.00782479
0.00925005
0.00868927
3.35537e-05
0.016765
0.0138828
0.0116954
0.00706343
0.00507005
0.00062146
0.0218825
0.00549607
0.0019527
0.00269603
0.0211689
0.0120299
0.016506
0.00177179
0.0123365
0.00609604
0.00366157
0.00114881
0.00908878
0.000753068
0.0081234
0.00615864
0.00904999
0.0197404
0.00496587
0.0138422
0.00386072
0.0112973
0.011991
0.00481493
0.00914907
0.000777656
0.0022904
0.0149879
0.0128431
0.00709632
0.00939271
0.0143785
0.0056062
0.0141933
0.00196719
0.00367105
0.00100736
0.00784731
0.0233388
0.718474
0.0196861
0.000508699
0.0091474
0.00547414
0.0198775
0.00577763
0.00935898
0.0110648
0.00953853
0.00743202
0.00993729
0.0129666
0.00416431
0.0112867
0.00674242
0.0065986
0.00781856
0.0059956
0.00140415
0.00631835
0.00906224
0.0103968
0.0087224
0.0124101
0.0103627
0.0121774
0.00172733
0.00140422
0.00753719
0.00602685
0.00832647
0.0055497
0.0143495
0.0182436
0.00564356
0.00888274
0.00674129
0.0108636
0.0156105
0.0185874
0.00198987
0.0139918
0.00894456
0.00751121
0.00232559
0.0108804
0.00356129
0.00712498
0.00422174
0.00751462
0.00203018
0.0290206
0.0180469
0.00880125
0.000815219
0.00383304
0.0106546
0.0126665
0.0170753
0.0102022
0.00331211
0.00872044
0.00887521
0.00468917
0.00778521
0.00640744
0.0228925
0.000502461
0.000557686
0.0133134
0.000413608
0.00139375
0.00703692
6.91595e-05
0.00477488
0.0111969
0.0121652
0.00390516
0.00901433
0.0144967
0.00893039
0.0151954
0.00541223
0.0119339
0.00630035
0.0240416
0.00339877
0.00465422
0.00884729
0.00754693
0.000403576
0.00283761
0.00660586
0.00933184
0.0101897
0.00432348
0.00146561
0.00618465
0.0157367
0.00642331
0.0120682
0.0100864
0.00205942
0.00885427
0.00608007
0.0112
0.00374185
0.00664083
0.00469677
0.00157308
0.0123154
0.000897681
0.00214133
0.0132749
0.0185546
0.0161398
0.010642
0.0130075
0.0036751
0.00313113
0.00574084
0.00456765
0.00820032
0.00157431
0.000123138
0.00334716
0.00346496
0.0196405
0.00215768
0.00505129
0.00228868
0.022532
0.0110964
0.00359506
0.00872174
0.00514196
0.0119595
0.00692835
0.0103308
0.0156422
0.0162282
0.000275536
7.77113e-05
0.00503106
5.32143e-05
0.00434604
0.00620318
0.00802556
0.000781777
0.0143962
0.00158336
0.0133685
0.483264
0.0111575
0.014243
0.00144536
0.0129517
0.0190227
0.000928661
0.00242124
0.00824364
0.0163765
0.00636339
0.000612026
0.00501247
0.0033229
0.000392518
0.00223729
0.00738019
0.00617327
0.0001775
0.0212403
0.00331626
0.00295029
0.00852575
0.00349163
0.0117301
0.00772587
0.0118705
0.402062
0.01537
0.00474381
0.0034637
0.00686811
0.00993802
0.000338252
0.00121252
0.0108304
0.00530376
0.00667124
0.00804173
0.00798215
0.00428841
0.0119776
0.011552
0.0098613
0.0367303
0.0102231
0.00133349
0.00737006
0.0307961
0.0120437
0.00756524
0.0120279
0.0154527
0.0117818
0.00756844
0.00634049
0.01219
0.000380693
0.00673469
0.0871727
0.0108209
0.00258552
0.004123
0.00945642
0.00122501
0.00085059
0.00260912
0.0030811
0.00539429
0.297637
0.0108552
0.0195744
0.00792353
0.0284158
0.0092578
0.00346118
0.00885564
0.0109836
0.00594785
0.00515848
0.00290184
0.0124897
0.024767
0.0168911
0.00753206
0.00234491
0.00410144
0.00699579
0.00309984
0.000900706
0.00318237
0.00445653
0.0163842
0.018379
0.0217899
0.0250388
0.000488438
0.0163025
0.674494
0.00621605
0.0285712
0.0123619
0.0118188
0.000187121
0.006487
0.0167383
0.00767311
0.0109465
0.0027943
0.000500725
0.0124301
0.00917245
0.0149748
0.0131124
0.0063795
0.00263299
0.00512131
0.00299086
0.0129778
0.00176552
0.0126096
0.00643398
0.00316223
0.00316436
0.0145535
0.0129332
0.000607961
0.00551813
0.0111968
0.00291366
0.00617348
0.00459339
0.0110822
0.00588193
0.001591
0.00764318
0.00476284
0.00580147
0.0211084
0.0096553
0.00121969
0.00877691
0.0286656
0.00955572
0.0053857
0.0175755
0.00982287
0.00220477
0.00333942
0.0121937
0.00602601
0.0110823
0.0070077
0.00411071
0.00584535
0.0136509
0.00399023
0.673325
0.586385
0.00283144
0.0033959
0.0128909
0.00712764
0.0135728
0.019048
0.00323193
0.00883359
0.00209368
0.00786443
0.0110255
0.00263914
0.0207064
0.00727648
0.00479191
0.000465191
0.0046705
0.00670489
0.0133945
0.00318755
0.0275685
0.0106712
0.000115797
0.0148421
0.00116435
0.00623565
0.0070775
0.004118
0.00776792
0.00541811
0.0134199
0.00257613
0.0122679
0.0134839
0.00917032
0.00784673
0.00750782
0.00462678
0.00308313
0.00398196
0.012822
0.00804938
0.00677935
0.0128513
0.00223753
0.00128509
0.0108756
0.00119787
0.0127006
0.00628476
0.0125015
0.00425567
0.00720162
0.0116032
0.0162743
0.0019162
0.0106688
6.14702e-05
0.00162683
0.00569522
0.000228352
0.0150465
0.00632111
0.000782274
0.00126305
0.0144886
0.00980923
0.00697481
0.0160255
0.00898
0.00224082
0.0220259
0.00179646
0.00127474
0.0436479
0.0139699
0.0175001
0.00835661
0.00437191
0.00249818
0.00506575
0.0107359
0.00888862
0.00739532
0.0148196
0.00214363
0.0107462
0.00994659
0.0120048
0.000324864
0.00440538
0.0145814
0.00344428
0.0147951
1.0473
0.00560979
0.00126152
0.00193531
0.00914877
0.00114017
0.00977217
0.56403
0.0139375
0.00841459
0.00255442
0.0209174
0.00689366
0.00817885
0.0157408
0.0131804
0.0179401
0.00740459
0.00397248
0.014262
0.0176942
0.00610211
0.000829413
0.00597506
0.0033702
0.74877
0.00075563
0.0142101
0.00499186
0.00709198
0.000972574
0.0135834
0.00943054
0.00434095
0.0115096
0.00759571
0.650531
0.00692685
0.00459553
0.0122683
0.00558518
0.0224215
0.000192484
0.00361579
0.00562936
0.00176096
0.00136557
0.00121167
0.00470198
0.00308863
0.0149214
0.00180919
0.0176517
0.0152752
0.0170987
0.00620067
0.0185691
0.00203178
0.0214399
0.700926
0.000964013
0.000922481
0.0159824
0.0165899
0.0111218
0.00840623
0.00646372
0.010081
0.00657634
0.0069971
0.00674652
0.0130941
0.00825341
0.00326622
0.00748062
0.0120221
0.00823492
0.0276353
0.0027644
0.017577
0.0217951
0.000906956
0.00714416
0.034074
0.00613639
0.0141419
0.0101987
0.00378607
0.00888831
0.00223592
0.0245367
0.00726721
0.0125311
0.00629946
0.0108066
0.00581537
0.00990722
0.00836229
0.0141475
0.005797
0.00041685
0.00666972
0.0208708
0.0032545
0.00555075
0.015161
0.0124005
0.00868776
0.00080154
0.00577279
0.00425507
0.00622126
0.00326345
0.018773
0.00593621
0.00593545
0.00402641
0.0126532
0.0090954
0.0103606
0.0121541
0.0118391
0.00419552
0.00119444
0.00247041
0.0256435
0.00671567
5.50254e-05
0.00462674
0.00193394
0.00128428
0.00462862
0.00311376
0.0334424
0.00742198
0.00489381
0.00521663
0.00221324
0.00845045
0.00776561
0.0226691
0.00937977
0.00286398
0.00282644
0.0148114
0.0137255
0.00208022
0.00190553
0.00970876
0.013187
0.00262936
0.0108503
0.00322806
0.00013856
0.00028275
0.0144864
0.00595156
0.00128297
0.0125014
0.00966044
0.000841158
0.0103824
0.0141446
0.0171995
0.00852217
0.0057059
0.00248478
0.00538238
0.00372936
0.0184313
0.00957634
0.0103212
0.0055924
0.00200901
0.0135964
0.00991723
0.00817527
0.00437927
0.0182746
0.000177587
0.0011425
0.00330041
0.00780306
0.00545913
0.00964567
0.0044507
0.0148124
0.00873022
0.00609336
0.0157572
0.00750881
0.0224853
7.83894e-05
0.00222998
0.0144945
0.00555425
0.000207515
0.00321985
6.78447e-05
0.0116237
0.0091488
0.0121982
0.0160538
0.00853748
0.00338701
0.00104055
0.00325699
0.0142996
0.000424258
0.0123336
0.0181034
0.00329228
0.00262818
0.00554828
0.00506383
0.0166149
0.0126081
0.0162083
0.000956773
0.00897498
0.00490666
0.00685982
0.00837018
0.00622375
0.00583759
0.00392298
0.000925878
0.00761228
6.82765e-05
0.00809799
0.0208013
0.010982
0.001028
0.00970638
0.0027282
0.00121698
0.010916
0.00520637
0.00334776
0.00837384
0.00429778
0.00142244
0.00803674
0.000852903
0.0152508
0.00472052
0.00275491
0.00684407
0.0121339
0.00208576
0.0023551
0.00292729
0.0251305
0.0072393
0.00685829
0.00589192
0.00103821
0.011037
0.00113972
0.0136545
4.43889e-05
0.000510376
0.003319
0.00610592
0.00766501
0.00151249
0.00483561
0.0109558
3.18293e-05
0.00382638
0.00714667
0.00764575
0.00475357
0.0035252
0.0105215
0.0037715
0.0137717
0.0147539
0.00548098
0.00495159
0.0174469
0.00346973
0.00365876
0.000997766
0.0164243
0.0119279
0.00278809
0.00209299
0.0079715
0.00172615
0.00385995
0.00176652
0.0142856
0.0400672
0.0183627
0.000310359
0.0133423
0.00147196
0.00965648
0.00204345
0.0132945
0.00613796
0.0182731
0.00521676
0.00124632
0.00181702
0.00339305
0.015541
0.0057979
0.00890066
0.00184841
0.00916906
0.0027244
0.00497157
0.041728
0.0049027
0.00477817
0.0189864
0.00704674
0.0113322
0.000365462
0.00228987
0.00128888
0.0144487
0.0101048
0.00704904
0.0124168
0.00622274
0.00817007
0.0102182
0.0132709
0.0113569
0.00149801
0.0125702
0.000844976
0.00657654
0.00225096
0.00397314
0.00119253
0.00617281
0.0129863
0.00938028
0.00963866
0.00558858
0.00441176
0.00403848
0.00297382
0.00840774
0.00671904
0.00393547
0.00816988
0.00652196
0.00264122
0.00926803
0.0120594
0.0320363
0.00433983
0.00205291
0.00809107
0.00666676
0.00138615
0.0273304
0.00466237
0.00272942
0.00131482
0.00397574
0.00662688
0.00518709
0.0140181
0.015252
0.0221087
0.00667201
0.0119406
0.028373
0.001622
0.00574211
0.000444797
0.00207292
0.00947987
0.00531178
0.0055594
0.00166566
0.00674412
0.0119551
0.00755069
0.00243205
0.0011778
0.00790557
9.76543e-05
0.0158559
0.0199492
0.0127738
0.00970661
9.31828e-05
0.00400455
0.00740599
0.0199566
0.00143568
0.00758985
0.00415322
0.00548013
0.00326944
0.0023603
0.0053383
0.00659079
0.00334731
0.00364153
0.0155064
0.0107171
0.00890081
0.00573416
0.00369332
0.000895626
0.0114445
0.0231329
0.00943809
0.000662005
0.00265678
0.00797537
0.00539257
0.0238586
0.0190553
0.0100195
0.0145968
0.000172724
0.00205405
0.00722403
0.0264626
0.011158
0.013441
0.0115598
0.00737424
0.00274124
0.0050945
0.0029189
0.00273368
0.0155392
0.00870346
0.00926382
0.00577547
0.00280402
0.000434216
0.00413918
0.0185577
0.00681085
0.00167015
0.00357903
0.0114291
0.00029761
0.00800359
0.00321816
0.00656464
0.0106281
0.000484791
0.00255232
0.00802996
0.010299
0.0194671
0.00673429
0.00594533
0.006092
0.00729159
0.00495223
0.000687269
0.00164623
0.0144575
0.00162083
0.00697515
0.0248349
0.00369453
0.00677469
0.0176914
0.00193411
0.00630436
0.00835269
0.00330682
0.00671254
0.000243705
0.0184019
0.0104661
0.0058252
0.00779985
0.0049729
0.00135172
0.0101028
0.00937837
0.00263776
0.0166767
0.013885
0.0101743
0.00687276
0.000836041
0.0079099
0.00113579
0.00263432
0.00367777
0.0234964
0.0137296
0.0175841
0.0102459
0.0092633
0.00947342
0.00144751
0.0109901
0.00647322
0.0116952
0.00425269
0.0144246
0.00339996
0.0143188
0.000782613
0.0170795
0.00597494
0.0101759
0.00910567
0.625608
0.0105124
0.00654059
0.00976309
0.00755313
0.00598179
0.015139
0.0102977
0.00718839
0.00500501
0.00338129
0.0156855
0.0198083
0.00425395
0.0259209
0.00778288
0.0100161
0.629112
0.00972052
0.00674592
0.00821279
0.0141648
0.00476723
0.0199019
0.00721038
0.00491809
0.00597069
0.000945212
0.00646078
0.00300662
0.00369016
0.00925515
5.73912e-05
0.0118796
0.0131674
0.00465821
0.021088
0.0085582
0.0225666
1.10458
0.00118766
0.00549675
0.00713875
0.00430999
0.0210172
0.003684
0.0247894
0.00457127
0.00742514
0.828816
0.00629598
0.00791264
0.0177043
0.00386795
0.000985228
0.0152087
0.00687437
0.0112731
0.0110733
0.00993746
0.000223511
0.0221943
0.95348
0.00624422
0.00509122
0.396692
0.631978
0.0132491
0.0130122
0.00138874
0.00470495
0.0143311
0.00933159
0.0232044
0.00724705
0.00827673
0.0237234
0.00853804
0.0395681
0.00504186
0.0139521
0.00404666
0.558409
0.0162162
0.00400885
0.0175729
0.00139313
0.00122891
0.00366817
0.0014868
0.00253956
0.00192573
0.00346581
0.00386345
0.00330581
0.00148118
0.0104157
0.0177793
0.0149103
0.0109822
0.0236983
0.0138248
0.00763963
0.00318974
0.00238805
0.00357429
0.0131147
0.00710371
0.00756465
0.00232173
0.00291698
0.00419922
0.0195966
0.00915607
0.000841752
0.00314822
0.00569096
0.00247925
0.00582928
0.00162244
0.00475615
0.0210138
0.00829668
0.00322882
0.0152262
0.00392192
0.000865969
0.00611459
0.00569474
0.0271128
0.000903814
0.031102
0.00348951
0.00479374
0.0147139
0.0043459
0.0313399
0.00405384
0.00823904
0.00982892
3.07154e-05
0.000526771
0.0123416
0.0141921
0.00772691
0.0049139
0.00573449
0.0159688
0.00338043
0.0102472
0.00234215
0.014674
0.00469973
0.00107822
0.00175021
0.00175687
0.0109758
0.00590971
0.00155252
0.00378082
0.01191
0.00807751
0.000559657
0.00219761
0.00915549
0.0147573
0.00693401
0.000801665
0.00791893
0.00719119
0.000359518
0.0113052
0.0140442
0.0135465
0.0104033
0.00438755
0.00365309
0.00335596
0.0105541
0.0155779
0.913481
0.00364635
0.781654
0.000601663
0.00144238
0.00203466
0.00880673
0.012637
0.00598896
0.00733353
0.00939173
0.01012
0.0063263
0.00260707
0.00678763
0.000282153
0.0123638
0.00509845
0.00606147
0.81427
0.00960956
0.000519728
0.0239704
0.010575
0.00067237
0.00839519
0.010684
0.00332304
0.00476323
0.00367702
0.0286575
0.000640449
0.00793239
0.00289804
0.00773071
0.011412
0.00565778
0.00760576
0.000570457
0.0210141
0.0103318
0.000443539
0.0255214
0.0026607
0.00106175
0.00775798
0.00464813
0.00852329
0.00374408
0.0146371
0.0290786
0.00134472
0.0079418
0.00614591
0.0102956
0.00702262
0.000365022
0.00860092
0.0043337
0.025268
0.00796204
0.015385
0.00225533
0.00645533
0.00443715
0.0090284
0.0123003
0.00316233
0.00728317
0.0153766
0.0171586
0.00278825
0.00529081
0.0017834
0.00107061
0.0075785
0.00523384
0.60229
0.0159131
0.00477649
0.00774657
0.00624643
0.0101676
0.00759822
0.00510064
0.96761
0.00151649
0.00468989
0.0169842
0.0171727
0.00552836
0.00173507
0.00150254
0.00440225
0.0120895
0.0138529
0.0148177
0.0412448
0.00314623
0.00303622
0.0285487
0.00325687
0.0115416
0.0121092
0.0159478
0.0176152
0.0234815
0.0102556
0.00143679
0.0213536
0.000106068
0.00390082
0.0110333
0.00334642
0.000268052
0.0112349
0.00782835
0.0112315
0.657219
0.00476775
0.00787182
0.00217605
0.000864357
0.0024939
0.00869822
0.00301349
0.0161405
0.00397157
0.00495344
0.00387882
0.00765061
0.00488856
0.0202688
0.00486671
0.00342152
0.0128659
0.00241015
0.00774632
0.0128742
0.0029367
0.0001269
0.0122765
0.0079169
0.00338537
0.0155977
0.00842418
0.0224881
0.0107658
0.0173648
0.00443912
0.00736276
0.0163622
0.0037451
0.0019703
0.00513929
0.000561347
0.00177181
0.00129933
0.0196085
0.0224095
0.011208
0.0104531
0.00611112
0.0143664
0.00514021
0.00644948
0.0041535
0.00495601
0.00765848
0.0086956
0.0160077
0.00600998
0.0117036
0.00594559
0.00506625
0.0173018
0.00169215
0.019462
0.021902
0.00648774
0.00463437
0.00225013
0.00113368
0.0144556
0.000669084
0.00625194
0.0138772
0.0178582
0.016269
0.00419768
0.00947951
0.0144757
0.0077252
0.00496588
0.00187607
0.000527744
0.00952983
0.00749173
0.0229394
9.69362e-05
0.0362765
0.00559154
0.00133079
0.00165874
0.012212
0.00129844
0.00234996
0.00810981
0.00250088
0.00373288
0.0245365
0.000323957
0.00248825
0.00773079
0.00403566
0.00479349
0.00591604
0.000997581
0.0079249
0.000410462
0.016921
0.0298392
0.00235881
0.00289911
2.64845e-05
0.00197965
0.00550356
0.0042592
0.000150012
0.0127638
0.00246143
0.00319583
0.0155377
0.00258803
0.0155128
0.00861509
0.0203639
0.00282191
0.00375671
0.0151977
0.0109068
0.00250982
0.000654977
0.00443897
0.0215472
0.00253834
0.00453277
0.00250297
0.019385
0.00821209
0.0105012
0.00369129
0.00140408
0.0028902
0.00450217
0.00313153
0.0141619
0.00313406
0.00897107
0.013126
0.00753129
0.00199636
0.0109855
0.0124646
0.0015414
0.0048883
0.0103512
0.00263709
0.00997993
0.00561856
0.00358891
0.0122977
0.0093152
0.0145771
0.0038555
0.00345739
0.00268358
0.00671258
0.00895108
0.0097202
0.00134709
0.00066274
0.00583776
0.00375432
0.00070534
0.00392724
0.00285108
0.0130481
0.000390145
0.00554828
0.00842144
0.00948289
0.0113614
0.0150868
0.0116543
0.00290556
0.0135893
0.00857247
0.00944228
0.00357112
0.0160521
0.00468196
0.00941034
0.000965598
0.00368563
0.00416871
0.00220041
0.00802998
0.0121625
0.0274434
0.0103673
0.0126811
0.00614831
0.00483196
0.0133422
0.000623802
0.00431295
0.00356551
0.00922594
0.00389635
0.010388
0.0172586
0.00715326
0.0140857
0.00831376
0.00933875
0.0156333
0.00109315
0.00337992
0.474684
0.0011624
0.00124196
0.000104399
0.00328906
0.00573838
0.0145171
0.00810001
0.000223144
0.00398974
0.0154109
0.000420077
0.00297822
0.010719
0.00397844
0.00212614
0.0115765
0.00732838
0.0093733
0.0196359
0.00192819
0.00714892
0.0054026
0.00615863
0.00233114
0.000760156
0.00232525
0.00365328
0.0067282
0.00171153
0.00965018
0.00439058
0.00731503
0.0310044
0.00765752
0.00490929
0.00944421
0.00504416
0.57126
0.0166425
0.00944273
0.000156564
0.00241016
0.01123
0.00677431
0.00938385
0.00888719
0.00497398
0.00638877
0.0147413
0.00300669
0.0153808
0.000996887
0.0252416
0.00401575
0.0308521
0.00299631
0.414387
0.000467662
0.0121742
0.701023
0.000637731
0.0119059
0.00971396
0.0060229
2.62697e-05
0.000992541
0.0199743
0.00912812
0.000106549
0.00382765
6.91091e-05
0.00505573
0.00961005
0.00559522
0.00807331
0.00583056
7.4627e-05
0.0208078
0.00918998
0.000712833
0.0025135
0.0115164
0.00132098
0.00105077
0.0201122
0.00913847
0.00706283
0.00771942
0.00148791
0.0591756
0.00905812
0.00596514
0.00130428
0.00251987
0.00267199
0.0133841
0.010273
0.0220938
0.000464108
0.00298448
0.0112504
0.00769634
0.00589843
0.0248361
0.0104898
0.000101886
0.00793227
0.00741217
0.00465594
0.0132242
0.0146629
0.00210853
0.0109257
0.00151157
0.0119272
0.0157824
0.0167328
0.00764378
0.0032556
0.0113299
0.00172053
0.00330351
0.00499674
0.00295164
0.00794148
0.00256699
0.0014636
0.00113212
0.00601984
6.74059e-05
0.00625566
0.0141148
0.00402219
0.00881541
0.0139366
0.0141492
0.00905225
0.000171036
0.00912706
0.00118709
0.000128486
0.00205614
0.0108418
0.00641303
0.00407791
0.00155919
0.00768742
0.00363485
0.00286301
0.00123939
0.00581379
0.0106646
0.00384404
0.000628929
0.000205881
0.0111423
0.00509192
0.0177335
0.0215173
0.0128745
0.0211072
0.0131303
0.0134763
0.0155304
0.00702369
0.0139477
0.0269299
0.0181562
0.0183331
0.0165834
0.0117754
0.0032242
0.0313475
0.0141237
0.00421559
0.0104538
0.0096089
0.00190847
0.0122038
0.0138465
0.016368
0.0161356
0.013124
0.0068262
0.0087794
0.0104027
0.00917867
0.0143167
0.0115573
0.00388624
0.000243896
0.0141763
0.00140532
0.0246164
0.0131383
0.00518791
0.00586892
0.00908377
0.00571591
0.00684373
0.00239571
0.00429712
0.00851545
0.0100874
0.00213295
0.00155466
0.00458926
0.013862
0.00188545
0.00272046
0.00375445
0.000699141
0.00897952
0.00348219
0.00591071
0.00127082
0.00853855
0.00521704
0.00242293
0.0212572
0.0023557
0.00533068
0.013173
0.00535109
0.00609403
0.00212304
0.00402269
0.0141123
0.000595957
0.00134517
0.00295962
0.000635627
0.00915637
0.00248915
0.00131026
0.00874609
0.00876406
0.00798015
0.0217709
0.000231162
0.00654252
0.0140834
0.0157428
0.022142
0.00715423
0.00942674
0.0024734
0.0192804
0.00835541
0.000457981
0.00222835
0.000857101
0.0118472
0.000800821
0.00665453
0.0011781
0.0207458
0.00780895
0.00346574
0.0112045
0.0115609
0.00473657
0.0086822
0.0209901
0.0219159
0.0285965
0.00666291
0.00903975
0.00831946
0.0109488
0.0193141
0.015093
0.00031261
0.0138211
0.000197505
0.00511103
0.488315
0.0228983
0.0130906
0.00823953
0.00179294
0.0057683
0.00522367
0.00320591
0.00311512
0.000302289
0.0171164
0.0226399
0.00903179
0.00266133
0.0242943
0.00855136
0.00978468
0.00279494
0.022718
0.0119829
0.00736221
0.0157336
0.00170307
0.0083483
0.000290322
0.00243456
0.00303409
0.000647417
0.0124977
0.0182572
0.000176978
0.00743051
0.00679527
0.00144407
0.00571928
0.00376643
0.0132899
0.00486176
0.352862
0.00366884
0.00579917
0.0110611
0.00137049
0.000390319
0.00962182
0.00676473
0.0153917
0.0109122
0.000598283
0.011857
0.00328249
0.000571755
0.00477742
0.00408595
0.0112737
0.00329897
0.010407
0.0126269
0.00133428
0.0294898
0.0319352
0.0111776
0.00695968
0.0116108
0.0284584
0.0245396
0.00361588
0.0152588
0.0237724
0.000561627
0.00292878
0.00716586
0.000446694
0.0130501
0.000692176
0.0136724
0.000872213
0.0100427
0.0152478
0.000918407
0.0150833
0.019328
0.012095
0.0170491
0.00486016
0.0139238
0.00563623
0.00919249
0.0127913
0.0196969
0.000705979
0.00592724
0.00988669
0.0172709
0.0142931
0.00656101
0.0236568
0.0184658
0.0063204
0.00770148
0.00726425
0.00778367
0.0073027
1.09358
0.0102527
0.00175372
0.00695163
0.0147653
0.0111837
0.0127508
0.0118128
0.00320629
0.0069427
0.00620883
0.00314169
0.0157395
0.00433388
0.00744355
0.00580718
0.00184035
0.0145381
0.00474707
0.0146982
0.0102152
0.0071271
0.00229768
0.00211727
0.00412362
0.00422198
0.00526196
0.00271651
0.0140076
0.0326964
0.00698311
0.01703
0.0115408
0.00233942
0.00271743
0.00264772
0.00513174
0.0210343
0.0146356
0.015889
0.00387154
0.00835976
0.00261828
0.0176447
0.0272858
0.0022721
0.0223264
0.00796737
0.00282831
0.0118228
0.00154055
0.00305983
0.022896
0.00668712
0.0006962
0.00525357
0.00658946
0.0140663
0.00531885
0.00937456
0.00612697
0.00302734
0.00975677
0.00316577
4.49574e-05
0.00169866
0.00433981
0.000220308
0.0139936
0.0141285
0.00388186
0.00831945
0.00671288
0.000512874
0.00163236
0.0147532
0.000147563
0.874367
0.00717029
3.31531e-05
0.000769824
0.000259409
0.00216304
0.000428179
0.011281
0.0127482
0.00118721
0.00408361
0.00875273
0.00511849
0.00609318
0.0101758
0.00226608
0.00377561
0.00366241
0.0024743
0.00697508
0.00373254
0.00407552
0.0116559
0.00975208
0.00135795
0.00531183
0.00813323
0.00229758
0.0227829
0.00780342
0.0183605
0.00783831
0.0150918
0.00781057
0.00798434
0.00629574
0.0163532
0.00456004
0.0082121
0.00134075
0.0171307
0.00316198
0.0060089
0.00384374
0.0127117
0.00777438
0.00988273
0.00420588
0.000466608
0.00327466
0.00449575
0.0115273
0.00253296
0.0113782
0.00728346
0.0199631
0.00128832
0.00628489
0.00479493
7.95205e-05
0.00166522
0.0179588
0.000327694
0.00398885
0.00675352
0.00406843
0.0190967
0.00875316
0.00875237
0.00609874
0.00361996
0.0212223
0.00834486
0.00617112
0.0136268
0.0170465
0.00531236
0.00256407
0.0149484
1.00826
0.016654
0.0160681
0.00178308
0.00667588
0.00374679
0.0053233
0.00855916
0.00278293
0.00715057
0.00759765
0.0134097
0.00677104
0.00242728
0.00538275
0.0176075
0.000826949
0.00622632
0.0107038
0.00164149
0.0103498
2.50432e-05
0.00381643
1.20038
0.00929853
0.00604992
0.00453002
0.00270397
0.0208293
0.0110475
0.00867344
0.000129273
0.00987172
0.0162943
0.00189166
0.0147144
0.00275684
0.00580806
0.0074877
0.00107971
0.016928
0.010082
0.00493835
0.00529015
0.00984919
0.0147109
0.00132578
0.00178189
0.00474529
0.00514899
0.00317744
0.00440888
0.00427923
0.000545512
0.00741194
0.00644121
0.00197777
0.00849131
0.368237
0.00801472
0.0147193
0.000658887
0.0112728
0.00560704
0.0127717
0.016551
0.000113134
0.00182251
0.00887256
0.0138832
0.000229979
0.00835599
0.00916965
0.00768599
0.00405968
0.000244589
0.00545897
0.00942785
0.0296979
0.00371774
0.00121046
0.00220515
0.0207983
0.0373466
0.00472523
0.0247565
0.019273
0.00993076
0.0108452
0.00672136
0.00235057
2.86215e-05
0.0114843
0.00183916
0.00610498
0.00684595
0.00134808
0.0038639
0.012995
0.0124327
0.000128249
0.00784788
0.985234
0.00150209
0.0215514
0.00541342
0.00130272
0.0102173
0.0101327
0.00337865
0.0127684
0.00113131
0.00152971
0.00817662
0.0123612
0.0146675
0.00488034
0.0114924
0.00585167
0.0181717
0.00245301
0.0131965
0.00963675
0.000627646
0.00435935
0.00185213
0.0139242
0.00929911
0.00861218
0.00489696
0.000963318
0.00033174
0.00447907
0.00217348
0.0156715
0.00503552
0.0199723
0.000117578
0.0153645
0.00570251
0.00861637
0.00339468
0.00590452
0.00807265
0.0148352
0.0132974
0.0204518
0.0156629
0.0106152
0.00445343
0.00411026
0.0155923
0.00832194
0.00612473
0.00177383
0.00999837
0.00198643
0.0119255
0.00413425
0.00767475
0.00698635
0.0116724
0.000662326
0.00707854
0.000129988
0.00434242
0.0290022
0.00750763
0.0052457
0.004514
0.00326643
0.00425274
0.00518231
0.00305678
0.000605891
0.00102337
0.00615031
0.00450086
0.00826252
0.0101978
0.0286277
0.00168842
0.00541531
0.00520909
0.00267568
0.00530076
0.00246709
0.00635257
0.00266962
0.00170298
0.000551516
0.0116087
0.0057107
0.0362614
0.00776855
0.000709942
0.000824442
0.00277049
0.00968492
0.0016395
0.00417709
0.00228456
0.00458712
0.00638907
0.0010055
0.0127631
0.0112722
0.00846918
0.00468644
0.00907641
0.00181821
0.00628867
0.0284405
0.00108289
0.0128782
0.00117243
0.013704
0.015787
0.0213916
0.0103081
0.0156043
0.00448149
0.00611393
0.735569
0.00858961
0.00251323
0.000535897
0.0136279
0.0100172
0.00857285
0.00371656
0.00526037
0.010472
0.0165422
0.0046126
0.00393121
0.00360265
0.0132797
0.004008
0.0039595
0.00560951
0.00402558
0.00568724
0.0034593
0.00605668
0.0118424
0.0102603
0.000337096
0.00185322
0.002766
0.0145744
0.0027732
0.00912153
0.0083751
0.000315251
0.018131
0.00064701
0.00882599
0.00327105
0.00567342
0.0196464
0.010853
0.00140981
0.00926992
0.000109675
0.0186905
0.0033035
0.00295828
0.00180096
0.00197249
0.0228184
0.00554319
0.00498106
0.903729
0.0115389
0.0116048
0.0146796
0.00494156
0.0115148
0.00208054
0.00573928
0.00801129
0.00509637
0.00703432
0.0207864
0.00192298
0.00501306
0.00617171
0.00550682
0.00287524
0.0102344
0.0245957
0.65346
0.00112828
0.021055
0.00600237
0.0139689
0.000285493
0.00342018
0.00085104
0.000802654
0.00646988
0.00933046
0.00335787
0.00659282
0.000617426
0.0150839
0.0127071
0.00337039
0.0021941
0.00959268
0.000955436
0.00194931
0.0130974
0.000921408
0.00527533
0.0210196
0.0183852
0.0162267
0.0122482
0.00573005
0.00394153
0.000394604
0.00561484
0.0119504
0.00551349
0.00902455
0.0054464
0.00179769
0.0103808
0.00696311
0.00771331
0.00476095
0.0123681
0.00309798
0.000435091
9.95322e-05
0.00349614
8.06556e-05
0.00183156
0.000837843
0.00920981
0.0101753
0.00220148
0.0199128
0.0197795
0.00669655
0.00438078
0.00296056
0.0236128
0.00818337
0.0197858
0.00055449
0.0093137
0.00294166
0.0128033
0.00989811
0.00989112
0.00558375
0.00136566
0.00523841
0.00294778
0.0124386
0.00149169
0.000533795
0.00963943
0.0116495
0.00976954
0.019415
0.00481114
0.000155565
0.014015
0.00361826
0.00721329
0.00270829
0.011948
0.0154308
0.0164237
0.00267584
0.0225759
0.00219117
0.00574923
0.0168047
0.00722971
0.00737082
0.00093342
0.0141571
0.00679757
0.00906781
0.000359662
0.00911801
0.00713204
0.0150288
0.00529774
0.0149057
0.0059598
0.0046773
0.0124692
0.0163531
0.0137466
0.00261431
0.00219773
0.00910754
0.0183359
0.00633629
0.00278449
0.0127524
0.0154761
0.00609077
0.0159974
0.00657156
0.00366042
0.00961743
0.00646326
0.00283473
0.00845735
0.010911
0.00342233
0.00545287
0.0203323
0.0275599
0.0197395
0.0097943
0.00440174
0.00330467
0.0122749
0.00823654
0.010196
0.00725431
0.0183414
0.0120532
0.00448378
0.000847965
0.00878447
0.00333167
0.0127531
0.000218969
0.00734555
0.00396563
0.0179525
0.00844324
0.0138203
0.0133848
0.00619908
0.0163735
0.000739198
0.0062196
0.0108533
0.00402396
0.00254725
0.0036494
0.00759348
0.00380656
0.0132377
0.00420959
0.00895303
0.000928102
0.0029774
0.0078871
0.000545167
0.00246817
0.00375911
0.00667459
0.00734781
0.00745707
0.0150538
0.00487402
0.0152163
0.000633991
0.00705164
0.0131948
0.00090766
0.000849443
0.00443469
0.000168145
0.00135035
0.00903847
0.0108668
0.0115368
0.00270524
0.0072711
0.00213489
0.00256663
0.00773325
0.0208335
0.00546001
0.000394869
0.00363248
0.00567951
0.0216535
0.00667433
0.0128472
0.0107616
0.00561174
0.0108482
0.0187041
0.0105282
0.0170056
0.00710257
0.001353
0.00311643
0.018159
0.000675852
0.0193652
0.000909173
0.00146078
0.0141758
0.0110951
0.00910148
0.00678929
0.000898465
0.0148237
0.0281174
0.0126014
0.00703868
0.00861088
0.00403007
0.00150091
0.000749378
0.00132203
0.000275202
0.00564908
0.000707204
0.00140805
0.0195363
0.00367256
0.00986228
0.00998388
0.00677054
0.00191503
0.0050697
0.00903661
0.00403717
0.00501382
0.0207662
0.00274276
0.00251018
0.0104552
0.00142863
0.0028791
0.00240993
0.0125929
0.0152279
0.0164264
0.00313477
0.0033404
0.00901143
0.0462749
0.00316807
0.0393273
0.00957845
0.00232365
0.530206
0.00379652
0.000971114
0.00789582
0.0011658
0.000165623
1.13885
0.0169096
0.00113231
0.168963
0.0366998
0.0198791
0.0171239
0.00186625
0.00122631
0.0119369
0.00593524
0.000410683
0.00122114
0.0114345
0.0209798
0.000382631
0.0200323
0.0112098
0.00443135
0.000804757
0.0076261
0.0161934
0.00969679
0.0137387
0.0163351
0.015347
0.00939645
0.0228038
0.00177102
0.00830409
0.0110111
0.0130955
0.00577283
0.0209017
0.000968214
0.000708124
0.00851532
0.0116299
0.0079309
0.00437782
0.00205957
0.00610286
0.0108197
0.00466464
0.0238911
0.000879986
0.00520584
0.00735077
0.00659831
0.00300261
0.00129098
0.00531651
0.00711543
0.0145448
0.0149632
0.00443005
0.00879526
0.00145575
0.00815853
0.00493838
0.00999879
0.0130578
0.00484004
0.00935796
0.0125646
0.0129896
0.0112787
0.013048
0.0036436
0.0007464
0.00942647
0.0104429
0.0215417
0.00402483
0.005501
0.00314386
0.00353182
0.0162044
0.0197182
0.00894521
0.00796847
0.000411115
0.0128129
0.000704631
0.000204998
0.00561034
0.0209912
0.0189784
0.0010129
0.0116283
0.00314095
0.00940697
0.000684765
0.0322076
0.00521603
0.00618803
0.0124263
0.00778266
0.00595237
0.0269675
0.000460328
0.00133232
0.00351878
0.00678455
0.0054136
0.00490352
0.00354584
0.00386265
0.000191904
0.00497808
0.0102869
0.00819529
0.00591513
0.00991695
0.00110222
0.00261368
0.0185124
0.0011202
8.02446e-06
0.017426
0.0286225
0.00952355
0.00810384
0.00886713
0.0022614
0.014346
0.0171766
0.665069
0.0129826
0.0143386
0.00142786
0.00739775
0.00697254
0.00760613
0.000124736
0.00363575
0.00107937
0.0138602
0.00350591
0.0247378
0.0129059
0.00102083
0.000982015
0.0175906
0.00450025
0.00238094
0.0135905
0.00427693
0.0152861
0.000411717
0.0105464
0.0152405
0.0111081
0.00388204
0.00120579
0.0143667
0.00181045
0.00113882
0.0151763
0.00169598
0.00724754
0.000970139
0.00403047
0.00421057
0.000515313
0.0118723
0.00795543
0.000651054
0.00351114
0.00639043
0.00753792
0.00429433
0.0127488
0.0273679
0.00261581
0.00308883
0.00406978
0.00765261
0.0112025
0.0023146
0.0128496
0.015683
0.00195661
0.00115681
0.00830733
0.00120636
0.000931948
0.0136512
0.0123208
0.00698324
0.0120741
0.00658139
0.0085402
0.0177787
0.00280738
0.0116145
0.00972489
0.00325133
0.0020097
0.0013286
0.00935779
0.00509296
0.00732647
0.00371192
0.00461651
0.00245769
0.00137166
0.0106925
0.767541
0.00983138
0.00784769
0.00636371
0.012335
0.00232629
0.00384238
0.00318553
0.003696
0.0038581
0.0102877
0.00263791
0.00738292
0.00600408
0.00423126
0.00761948
0.00680873
0.595109
0.0280556
0.000120816
0.0174152
0.00473969
0.00117059
0.0174354
0.0149934
0.0126961
0.00830488
0.00333947
0.0040399
0.0161277
0.0107778
0.011347
0.0116937
0.000134603
0.00904403
0.000560118
0.00782161
0.00536465
0.0137844
0.00188282
0.00870616
0.0196571
0.00641519
0.0192928
0.0137148
0.00474062
0.025692
0.0057701
0.00966974
0.50555
0.00622889
0.00534643
0.0167105
0.000991777
0.0105991
5.92752e-05
0.00380661
0.0081209
2.41591e-05
0.00755154
0.00500629
0.00722448
0.000101829
0.0121969
0.0145212
0.00123178
0.00679338
0.00947581
0.0128615
0.0123722
0.0158233
0.00281618
0.01224
0.00962432
0.00684627
0.00984199
0.00677906
0.00155067
0.00345273
0.0012196
0.00738827
0.00266338
0.0328802
0.00141678
0.00428894
0.00683831
0.0105896
0.0179065
0.000692683
0.00278716
0.00497008
0.00971583
0.00141879
0.00544053
0.0166177
0.00102622
0.00130611
0.00878314
0.00504002
0.003547
0.00843232
0.0173795
0.0143953
0.0149518
0.00801279
0.0255384
0.0187327
0.0066851
0.00646497
0.00527725
0.00359387
0.00782855
0.00312146
0.00692341
0.00904774
0.00377481
0.00811144
0.00602054
0.00369212
0.0170727
0.0186797
0.00744994
0.00613238
0.0180592
0.00217912
0.00561433
0.00853306
0.00288336
0.00361563
0.00754359
0.00844636
0.00173079
0.000987369
0.0559279
0.00662862
0.00252501
0.000230168
0.00569775
0.00136456
0.035923
0.0138981
0.00217731
0.00847586
0.00102622
0.00793456
0.000954951
0.000242957
0.00329584
0.00202842
0.00747193
0.0001857
0.0133064
0.00169614
0.00621387
0.0144652
0.0162657
0.016133
0.0027973
0.00591098
0.00299578
0.00405209
0.0175354
0.0011197
0.00489394
0.0227812
0.00177492
0.00475557
0.00202994
0.0084608
0.0159651
0.0256454
0.000465618
0.00545942
0.00297405
0.00170288
0.00167187
0.00187036
0.0148449
0.000604842
0.00144251
0.00431723
0.0135245
0.00170228
0.0203237
0.000292386
0.000873056
0.0137965
0.00149998
0.00740016
0.00666153
0.00688107
0.0109647
0.0199337
0.00362473
0.0136943
0.891009
0.00839753
0.00138976
0.702406
0.000671715
0.00413107
0.000934134
0.00296188
0.00563148
0.00721002
0.789229
0.00969959
0.00668023
0.00889044
0.012042
0.0103246
0.00426868
0.00466714
0.00953446
0.00487022
0.00497776
0.00998708
0.00304038
0.00995493
0.00298283
0.0123276
0.905786
0.00331278
0.00560563
0.00512812
0.00114051
0.00865426
0.00261537
0.0144987
0.00509929
0.00119797
0.0084193
0.000804983
0.626798
0.00395572
0.00104878
0.0120186
0.0115302
0.00162631
0.00745781
0.0420667
0.018651
0.00320918
0.00485422
0.663613
0.00333116
0.00462947
0.0197994
0.009421
0.0123532
0.00477772
0.0143655
0.000922065
0.00499394
0.00616903
0.00174064
0.00770155
0.0160318
0.0097678
0.00040697
0.0140659
0.0155943
0.00111352
0.0136993
0.0181314
0.0135928
0.00161564
0.00867118
0.00145837
0.00510059
0.0108796
0.0253233
0.00759798
0.00545539
0.00341877
0.0115559
0.00678352
0.00433969
0.0106426
0.00870975
0.0123596
0.00835288
0.00463212
0.000918276
0.0017363
0.00966868
0.0183283
0.00814761
0.00512843
0.00659679
0.00216693
0.0377833
0.4149
0.00726112
0.00189518
0.00264843
0.00748724
0.000263344
0.00620284
0.00419798
0.01916
0.00309285
0.00791659
0.0089441
0.0103735
0.00642795
0.00246317
0.0139417
0.0108497
0.0093943
0.00700806
0.00831819
0.0116387
0.0168105
0.0029178
0.00194004
0.00276179
0.00712587
0.0120223
0.0182357
0.0085052
0.00802688
0.000629698
0.00694599
0.00501201
0.000675769
0.000904237
0.00230245
0.00172308
0.00738739
0.00466623
0.00334167
0.00966003
0.00383639
0.0133585
0.00255925
0.00263636
0.002203
0.0157555
0.00848631
0.0118347
0.00865221
0.0177978
0.00718905
0.00534171
0.000571943
0.0109902
0.0211985
0.0275252
0.0110224
0.0127699
0.00346543
0.015686
0.00704783
0.00969543
0.0145529
0.0054384
0.00463524
0.00465959
0.0167425
0.0122136
0.00824673
0.0118798
0.0115937
0.0370047
0.00162352
0.00132332
0.00698013
0.0140674
0.00298136
0.00410897
0.00148324
0.00288698
0.00183436
0.0327245
0.00784927
0.00866965
0.0099231
0.00936254
0.00487488
0.000789161
0.00713522
0.0100075
0.00800572
0.00803756
0.00449762
0.00900527
0.567741
0.00569618
0.00379453
0.0216235
0.00849955
0.0033796
0.00929067
0.00637853
0.00994558
0.0116771
0.00828212
0.00951003
0.000539085
0.0120693
0.00763782
0.0117882
0.00546146
0.00270855
0.00670615
0.00727823
0.00140593
0.00158163
0.000113212
0.00147105
0.00605156
0.00665906
0.000552736
0.00117642
0.0216727
0.0568965
0.00035703
0.00294508
0.00338713
0.00810915
0.0156869
0.00143137
0.0013096
0.00495629
0.00261942
0.00219149
0.016914
0.00162104
0.00145328
0.00197197
0.00120541
0.00359003
0.0135475
0.00886696
0.0195648
0.00278194
0.0157879
0.00263009
0.0249775
0.00243719
0.00813536
0.00239998
0.00656485
0.00621644
0.00274888
0.00422577
0.00479961
0.000578697
0.00662566
0.00964714
0.0194089
0.0124701
0.0026477
0.00724621
0.000568679
0.0153716
0.00562079
0.000782275
0.00485919
0.0159826
0.00316421
0.00756053
0.0161579
0.008225
0.00349711
0.00882373
0.00670467
0.000430555
0.00462025
9.18926e-05
0.0076918
0.00469043
0.00841607
0.0214481
0.00607931
0.0116242
0.00159933
0.000172111
0.0113357
0.0327176
0.00238247
0.00595577
0.0031758
0.0157831
0.00389589
0.00231207
0.00711092
0.0253557
0.00270712
0.00318966
0.00937673
0.0148425
0.0220517
0.0168367
0.00527811
0.00242572
0.0120862
0.00292797
0.000371058
0.00806412
0.00650821
0.00917834
0.00373082
0.00358913
0.0362307
0.0126027
0.00133513
0.00909186
0.0115639
0.00706541
0.00553007
0.0204298
0.0045296
0.00808478
0.0479764
0.0134079
0.0114024
0.00268759
9.9108e-05
0.013368
0.000241885
0.000664331
0.012403
0.000245449
0.0380092
0.00197934
0.000233748
0.00318511
0.00174741
0.0186984
0.0129831
0.00921286
0.00927257
0.00716142
0.00350521
0.00612208
0.0423381
0.00889913
0.00936071
0.00558001
0.0123636
0.000233718
0.0124236
0.008413
0.00786289
0.00996159
0.00973776
0.00372422
0.00843539
0.00434007
0.0173697
0.000922309
0.00543308
0.00953573
0.0221334
0.00264332
0.00338677
0.0137406
0.00993447
0.00801439
0.0121205
0.0112111
0.000942042
0.00514487
0.0160483
0.0491836
0.00385338
0.0124954
0.00963051
0.00568975
0.0121992
0.0115263
0.00377962
0.00293349
0.0106418
0.0123905
0.00522725
0.00170493
0.0207795
0.00512657
0.000179886
0.0126011
0.0130676
0.539258
0.00130134
0.0390017
0.0204697
0.0262279
0.0076512
0.00636865
0.00924159
0.00434962
0.0044459
0.452157
0.0112282
0.0168791
0.00433684
0.0136033
0.0131792
0.0120717
0.0173152
0.00451424
0.0101073
0.0168835
0.00260246
0.0152837
0.00051632
0.00884308
0.0072208
0.0132316
0.0150161
0.716614
0.0176629
0.0155268
0.00798458
0.00744007
0.00534919
1.13336
0.00523024
0.00421973
0.0040574
0.00624585
0.00399198
0.00573819
0.00985534
0.0176099
0.0186753
0.00377139
0.0030834
0.0116382
0.0212206
0.028686
0.0131564
0.00944117
0.00426429
0.00878908
0.0241272
0.0219564
0.00532938
0.00963966
0.00131325
0.0166964
0.00178765
0.00433917
0.00242675
0.00567463
0.0344073
0.0111836
0.00445143
0.00191372
0.00739942
0.00708409
0.0253436
0.00793726
0.0121383
0.00456978
0.00692755
0.00484887
0.0118491
0.00558032
0.0225775
0.00328916
0.00927761
0.000864693
0.00942571
0.00529496
0.0201375
0.00185665
0.00217599
0.00616622
0.00791156
0.0192033
0.00374944
0.019031
0.0224081
0.00192923
0.000894302
0.0101336
0.00236086
0.00272785
0.00919653
0.00557769
0.000625237
0.0127256
0.018181
0.0162382
0.000514017
0.0233403
0.0114709
0.0052656
0.0136002
0.00695652
0.00276329
0.00961895
0.00869467
0.000787539
0.000439148
0.00874557
0.00483871
0.023749
0.0148964
0.00483821
0.00709393
0.00171989
0.0171273
0.00623003
0.00326905
0.00468173
0.00290567
0.0193817
0.00287498
0.00721431
0.0176682
0.00284021
0.00060542
0.00904745
0.000819805
0.0140827
0.00504713
0.00412998
0.000106048
0.00891021
0.00217154
0.00928834
0.000771525
0.00770116
0.000497503
0.00591477
0.00809846
0.00687
0.00521924
0.0181144
0.00704505
0.00138926
0.0159731
0.00307844
0.0031843
0.00221712
0.00277268
0.0128706
0.00375399
0.0105716
0.00541926
0.0204222
0.000256391
0.0180718
0.000655049
0.00359221
0.00108737
0.00480905
0.00504784
0.0096017
0.00870305
0.00515136
0.00356121
0.00911306
0.00549009
0.00414276
0.00455257
0.00298825
0.00330095
0.00896574
0.0013545
0.00635134
0.00106663
0.0239197
0.00472489
0.00110704
0.930747
0.0114287
0.00274877
0.00616607
0.000166588
0.000744773
0.0107443
0.00424364
0.0133245
0.0100215
0.0173817
0.0157039
0.00413461
0.00802965
0.000704174
0.0238343
0.0144795
0.000267553
0.00488876
0.00577953
0.00765356
0.0166227
0.00311776
0.00478417
0.0201122
7.0108e-06
0.000599177
0.0104381
0.0010676
0.00412278
0.00177613
0.0217657
0.0176432
0.0342776
0.0079294
0.00382237
0.010264
0.0153559
0.0188546
1.60476e-06
0.0164702
0.00665305
0.0121413
0.0110172
0.00919251
0.00423967
0.00737689
0.00489054
0.0111477
0.0101421
0.0175288
0.0117611
0.00571857
0.00763891
0.0128511
0.00353848
0.00300216
0.000233005
0.0100601
0.00885553
0.00236059
0.0119645
0.00657094
0.00866366
0.00619139
0.00192474
0.000968104
0.0242182
0.00339873
0.0170356
0.00769087
0.00190592
0.00248982
0.00219706
0.005871
0.00561233
0.00670237
0.0222856
0.00374218
0.00865422
0.000350533
0.000619134
0.009911
0.00662319
0.00232263
0.0141717
0.00212517
0.00423031
0.00788521
0.00850859
0.00378332
3.36109e-05
0.0243815
0.0100369
0.000435315
0.00259412
0.0161868
0.00614469
0.00442295
0.000950996
0.00853406
0.000770668
0.00527277
0.00737516
0.00694324
0.00179417
0.00681507
0.00360699
0.0239123
0.00417944
0.00256689
0.00502183
0.126548
0.00450792
0.00627634
0.000837293
0.700433
0.0134991
0.00419103
0.00538003
0.00801334
0.00369194
0.00560399
0.000502031
0.00700921
0.010407
0.00464882
0.00848897
0.000964234
0.0133014
0.00155229
0.0152203
0.00195254
0.00384181
0.00687267
0.000800871
0.00404653
0.00710338
0.00122755
0.000276906
0.00744698
0.00920665
3.44216e-05
0.00131661
0.00163574
0.00502314
0.00114905
0.00277533
0.00521686
0.0070605
0.00237151
0.0114098
0.00536196
0.00400751
0.001829
0.021068
0.0140313
0.000972086
0.0166736
0.0129602
0.00542938
0.013882
0.0197321
0.0102991
0.00769601
0.00595966
0.00404801
0.0184728
0.00501841
0.00272876
0.00351638
0.00662273
0.00236793
0.00366997
0.00567984
0.0005558
0.00031441
0.00190138
0.00568342
0.00967512
0.00395949
0.00629929
0.0115314
0.0118931
0.00532454
0.00241829
0.0144077
0.00210419
0.00951435
0.00531684
0.00594089
0.0163398
0.0043257
0.00133403
0.0024201
0.00542088
0.00247372
0.0198518
0.00859218
0.00877522
0.0056744
0.00232102
0.78221
0.0143532
1.31926
0.00575635
0.00390944
1.13143
0.00138815
0.00993167
0.00554746
0.00384417
0.00457268
0.00825113
0.00492465
0.0186935
0.018658
0.0154631
0.00747014
0.00763134
0.0192242
0.00490917
0.0139327
0.013274
0.940587
0.0138956
0.00176133
0.00332027
0.000885768
0.00652264
0.0015928
0.000379304
0.00204674
0.00132325
0.0130367
0.00788265
0.000287775
0.00250114
0.00400097
0.01446
0.00186431
0.010894
0.00472882
0.0119377
0.00846808
0.00592286
0.0101095
0.00714804
0.561509
0.00204154
0.00317184
0.0300666
0.00229873
0.00507787
0.0218805
0.00918514
0.0291482
0.00261476
0.790008
0.0106502
0.0180819
0.00652069
0.0082104
0.00756518
0.00127347
0.00673185
0.0123224
0.00482669
0.000513248
0.0223463
0.000642836
0.0051989
0.00562753
0.00773802
0.00443911
0.0130364
0.0229365
0.00217371
0.00948718
0.0075191
0.367713
0.00137063
0.00802822
0.000346628
7.73381e-05
0.00472288
0.000834236
0.00434006
0.00857217
0.00792402
0.00975893
0.00494813
0.00221538
0.0346074
0.010563
0.0073972
0.000304441
0.00453414
0.00649847
0.000416701
0.0062927
0.00358186
0.00402484
0.000985249
0.00560077
0.00146108
0.00892429
0.00295332
0.00721594
0.00644646
0.00731786
0.0137453
0.00154764
0.0045802
0.0212795
0.00116933
0.012022
0.0102855
0.0124883
0.00825453
0.0129729
0.00666996
0.00445449
0.00409913
0.00661931
0.00941503
0.0051341
0.000226309
0.00116123
0.00731377
0.00209467
0.000355467
0.0191984
0.00624188
0.00307472
0.00256788
0.00197216
0.704522
0.0111808
0.00537074
0.00203262
0.00263805
0.00299275
0.0113378
0.00847771
0.0132598
0.00578038
0.00452355
0.00128378
0.00580253
0.0123145
0.00188339
0.0135164
0.671606
0.00117673
0.00838216
0.003124
0.00197791
0.00358479
0.000491564
0.00702843
0.000180238
0.0180507
