0.0457253
0.0183619
0.00989461
0.0248069
0.0102304
0.0102832
0.0196989
0.0301769
0.0172528
0.0221364
0.0103321
0.0211717
0.043897
0.0248136
0.014363
0.0163816
0.0186718
0.00899814
0.0213541
0.0287418
0.00963046
0.014356
0.00544228
0.0310026
0.01433
2.01505
0.0190485
0.0254135
0.0115276
0.0210157
0.723138
0.0322417
0.0360552
0.0273906
0.0187708
0.0122795
0.073631
0.013598
0.0267925
0.0132591
0.0292162
0.0272439
0.0388302
0.00272253
0.0112865
0.0130284
0.027526
0.016484
0.0253427
0.0186085
0.021281
0.0224274
0.0112724
0.0161013
0.0200732
0.0232595
0.0270941
0.015824
0.0266837
0.0162439
0.00815355
0.0137099
0.0146507
0.0291217
0.00409563
0.0298096
0.065428
0.0173834
0.00857692
0.0190004
0.00863416
0.0128335
0.0152753
0.0108799
0.0126369
0.0054213
0.0236975
0.00688166
0.0197112
0.0132293
0.0127885
0.0100717
0.0236063
0.00636525
0.00334344
0.0137007
0.0148935
0.0141204
0.00921625
0.0821443
0.0156181
0.0658676
0.00900065
0.00706513
0.0278965
0.0588674
0.00850025
0.0206367
0.0157931
0.0436846
0.048858
0.0135257
0.0219212
0.0220407
0.0287927
0.0253317
0.0107956
0.0405524
0.016741
0.0388472
0.0142084
0.0089177
0.0596676
0.0283204
0.0287977
0.0106873
0.00934351
0.0209869
0.0162086
0.0167552
0.0626128
0.0548706
0.00465182
0.0423078
0.0164805
0.0204292
0.0718871
0.0238601
0.0271614
0.0196728
0.715046
0.0188834
0.0550126
0.0709775
0.117099
0.02764
0.0247947
0.0402451
0.0473684
0.0207506
0.0251939
0.0363611
0.0734938
0.0391346
0.108638
0.0724704
0.0365579
0.0190675
0.14881
0.0126837
0.918844
0.0105604
0.00989807
0.00407674
0.00824588
0.0257283
0.025403
0.0202518
0.00538234
0.013838
0.0681304
0.0177712
0.0329614
0.0340538
0.0785287
0.0702771
0.00578382
0.0286031
0.156342
0.00546342
0.0176492
0.0142493
0.0299268
0.0400527
1.10333
0.0461229
0.00854505
0.0330065
0.0281675
0.00853269
0.030062
0.0256434
0.0250805
0.319883
2.40261
1.47853
0.00811963
0.0564698
0.015794
0.1488
0.0405568
0.0563608
0.0545718
0.0374583
0.0150987
0.0286813
0.164195
2.26617
0.10335
0.00721015
0.0273982
0.00721048
0.0195051
0.0160189
0.0383103
1.21924
0.0216422
0.0165823
0.011156
0.033717
0.0145117
0.0194662
0.0188475
0.0306601
0.0298191
0.0275752
0.0227957
0.0412739
0.0178131
0.0198547
0.0596599
0.0698608
0.881268
0.035919
0.00684636
0.48542
0.039405
0.0156478
0.088761
0.00602829
0.0296668
0.0323775
0.00706196
0.904266
0.415271
0.0119516
0.315696
0.0136456
0.662874
0.0316726
0.0208317
0.0118476
0.0155483
0.0210777
0.0424195
0.00286175
0.163011
0.0287973
0.0257319
0.00766535
0.00715893
0.047071
0.120998
0.0340422
0.00673231
0.591884
0.0227902
0.042544
0.0106364
0.0354306
0.0146717
0.032006
0.0252393
0.0372623
0.0416158
0.0135245
0.0102116
0.0236731
0.0555772
0.0223147
0.00407365
0.0843549
0.0259783
0.0335666
0.0422501
0.0112884
0.0339971
0.0673876
0.033714
0.0385346
0.0218
0.131505
0.0121147
0.0144533
0.849325
0.0506015
0.0587602
0.0368507
0.13703
0.0131084
0.043021
0.00742485
0.0267432
0.0297618
0.0221943
0.0222359
0.0528682
0.0478848
0.0642507
0.0447336
0.0206835
0.0503775
0.0481653
0.0160399
0.0219288
0.00803623
0.0864097
0.0529698
0.0118059
0.00757333
0.00697275
0.00865565
0.0118863
0.0192422
0.0432111
0.0368227
0.965607
0.025353
0.0433192
0.0279038
0.0226841
0.016305
0.0503437
0.00869552
0.0137298
0.0337213
0.034418
0.0135418
0.0117392
0.0104905
0.0199589
0.0119252
0.674813
0.0667704
0.0255557
0.00796383
0.00840045
0.0997927
0.00583531
0.0529708
0.0398206
0.0251687
0.0132032
0.00903713
0.0151755
0.0390645
0.0147812
0.004086
0.0441846
0.00932786
0.0447794
0.0156129
0.0187176
0.00213261
0.00996983
0.0413542
0.0133072
0.0417551
0.00807268
0.011678
0.00433135
0.0309728
0.0221907
0.00517591
0.770657
0.0187024
0.0219632
0.0208184
0.0196696
0.00858628
0.0126578
0.0290546
0.0613451
0.0187175
0.0749782
0.0132272
0.00714745
0.021901
0.0323685
0.0158247
0.0188753
0.0229379
0.0277307
0.0204825
0.00506133
0.00387458
0.0169388
0.0290456
0.0123065
0.0088059
0.0212092
0.0212731
0.102144
0.0339355
0.00694985
0.00515514
0.00624655
0.0488197
0.00729338
0.0143091
0.0251122
0.0252894
0.0306949
0.0136408
0.0311474
0.0255196
0.0214961
0.0197575
0.00688441
0.0138026
0.0598483
0.0314829
0.0362669
0.0488735
0.0062806
0.021816
0.0238394
0.0253626
1.91786
0.0331964
0.0201033
0.0230168
0.0379692
0.0266678
0.0312735
0.0304228
0.0228762
0.015283
0.0204465
0.00792644
0.689099
0.039769
1.82518
0.917147
0.00863379
0.0156719
0.0040149
0.029244
0.00660878
0.0487188
0.0150507
0.0216508
0.0264164
0.0124966
0.0379044
0.00428436
0.0150672
0.00689522
0.0151026
0.0132109
0.0203219
0.00748425
0.0648063
0.00884941
0.0280952
0.379544
0.0904028
0.388611
0.370219
0.23034
0.550241
0.0258064
0.0287233
0.0124362
0.0358348
0.0224703
0.0129222
0.0190074
0.0560372
0.0390654
0.0278596
0.026607
0.010622
0.00927632
0.009251
0.0377178
0.0221283
0.0623742
0.0151538
0.0816878
0.0109154
0.0318848
0.0315607
0.074313
0.0473342
0.0252507
0.0235238
0.0374528
0.0509953
0.0241778
0.0185663
0.0298989
0.0592377
0.108912
0.107539
0.0634019
0.0335382
0.0255036
0.646285
0.0685613
0.0521511
0.0255052
0.148004
0.0134952
1.04411
0.0163726
0.00815047
0.0392855
0.0301906
0.0357173
0.0178025
0.0236905
0.102346
0.237847
0.020601
0.00574321
0.029151
0.0296198
0.012535
0.0248106
2.32746
0.0610671
0.0613072
0.028277
0.0741054
0.0176575
0.0348436
0.0486456
0.0286776
0.0255635
0.0352649
0.0323849
0.0467862
0.0197327
0.748354
0.0403895
0.0147546
0.608868
0.0280932
0.576856
0.0194681
0.0175851
0.126343
0.0427113
0.551416
0.106978
0.0234147
0.0171444
0.014607
0.00759508
0.336294
0.0474774
0.0478565
0.0133582
0.0226223
0.0260531
0.0228763
0.0145821
0.0171095
1.33516
0.0258525
0.0501213
0.010736
0.0132501
0.040182
0.0200478
1.49164
0.0192418
0.0492574
0.0232647
0.0321466
0.0820391
0.0177573
0.08093
0.0125282
0.0311441
0.0501481
0.0209584
0.00483299
0.0418806
0.0664481
0.0642817
0.0744409
0.0448603
0.184527
0.0820673
3.9503
0.0283598
0.00676426
0.114382
0.0308635
0.0349154
0.0296903
0.0407874
0.133033
0.0509706
0.0336548
0.0222973
0.0303659
0.696375
0.303172
3.32362
0.0760498
0.113876
0.00840168
0.0332742
0.0498702
0.0341803
0.0254041
0.263999
0.0905108
0.0769879
0.164542
0.00828697
0.0290332
0.14099
0.0909058
0.102015
0.052356
0.0103641
0.0154781
0.275972
0.031119
0.0710797
0.0493653
0.019155
0.029736
0.0105564
0.0296344
0.0459809
0.0520988
0.02601
0.00578103
0.0146254
0.0196015
0.0134165
0.0323399
0.0116347
0.0222396
0.00999273
0.0188119
0.0108176
0.0122991
0.116633
0.218265
0.0126105
0.239851
0.0119515
0.0278999
0.223682
0.322855
0.0190573
1.30315
0.357287
0.0123595
0.152574
0.316587
0.473374
0.212434
0.0200562
0.0083914
0.00625648
0.0371347
0.00818823
0.0100137
0.0189577
0.00546087
0.0219697
0.0124429
0.0276124
2.62519
0.206756
0.101943
0.00472752
0.110479
0.0829429
0.44539
0.0407557
0.0128658
0.0340125
0.0257395
0.0217786
0.0482996
0.0207682
8.56536
6.75324
0.0244781
0.280143
0.0123559
4.09396
0.193322
1.3129
1.06669
0.136406
0.163385
0.00729815
0.308857
0.236505
0.0289385
0.0762247
0.0255041
0.0512169
0.0346219
0.0110667
0.011538
0.0264663
0.0114307
0.0268282
0.0120921
0.0402902
0.00929271
0.0223141
0.0147352
0.0441567
0.0133964
0.0206999
0.539815
0.0498953
0.488446
0.0173099
0.0110733
0.0621239
0.0318131
0.0694538
0.00860152
0.0384178
0.983128
0.01171
0.0312432
0.00798851
0.0233895
0.0210448
0.0465361
0.0129884
0.0665587
0.00428552
0.0139652
0.0714595
0.00827531
0.0082969
0.0126965
0.0284394
0.0150512
0.0182606
0.0458073
0.055094
0.069731
0.0450217
0.0181678
0.0416234
0.0776101
0.0530296
0.00787081
0.0350679
0.0123752
0.0220733
0.0255215
0.00822049
0.0163102
0.0165491
0.008909
0.0235688
0.0120592
0.0117581
0.0150566
0.00518154
0.0356631
0.717318
0.0251775
0.040029
0.152667
0.0152599
0.056551
0.0456519
0.0553495
0.0570531
0.107537
0.0780603
0.0222312
0.0407466
0.0371258
0.0148603
0.031163
0.0282216
0.0098666
0.0383323
0.0241821
0.0165549
0.0278584
0.0216937
0.0183557
0.0168022
0.013113
0.00820318
0.0425908
0.0140781
0.0590871
0.0371374
0.0890896
0.0267619
0.0171719
0.012201
0.0217216
0.0676192
0.0202629
0.0090148
0.0180749
0.0344387
0.0302902
0.0242275
0.0781616
0.0341602
0.028644
0.00594528
0.0141872
0.0159979
0.0168806
0.0309784
0.0473898
0.104692
0.0423511
0.0145039
2.47022
0.200141
0.0847552
0.0406128
0.0901414
0.0866923
0.0308546
0.028464
0.0396665
0.0382277
0.103341
0.0583046
0.00706868
0.0360843
0.363762
0.015256
0.0331813
0.0453054
0.742804
0.00359318
0.0539455
0.00859445
0.149876
0.0154045
0.0170121
0.0924026
0.0250535
0.277662
2.25668
0.0491101
0.0457767
0.227085
0.138868
0.0618773
0.0368746
2.20645
0.0498473
0.0211332
0.0125674
0.038064
0.0183561
0.0503193
0.0537707
0.00913556
0.0421549
0.0382849
0.0257252
0.037768
0.0069279
0.00847019
0.0194496
0.0438349
0.0390031
0.0371016
0.0111224
0.0319174
0.0189063
0.181375
0.0532649
0.00903806
0.0209886
0.246638
0.018245
0.0127084
2.12827
0.0089526
0.378283
0.710682
0.0157691
0.0164774
0.0555953
0.0278084
0.00391708
0.0234144
0.0240777
0.0376982
0.275492
0.0373887
0.00561352
0.0355869
0.0172095
0.0183738
0.02185
0.0493865
1.13961
0.0734759
0.0185976
0.0202557
0.940222
0.0331553
0.00603363
0.0161214
0.0129149
0.101955
0.300092
0.153402
0.192173
0.017259
0.595128
0.0572426
0.0650701
0.150358
0.119766
0.0617679
0.0331444
0.069458
0.0101714
0.0444032
0.0488871
0.0615209
0.0464573
0.0371132
0.00960024
0.00802126
0.865316
0.0116843
0.0575816
0.129573
0.00477543
0.165005
0.654851
2.14425
1.22349
0.6518
0.0141085
0.0205006
0.0214529
0.0168209
0.0256229
0.660062
0.0112634
0.00496945
0.0105451
0.0398256
0.0143043
0.016325
0.0230994
0.0234622
0.00843694
0.0147525
0.0170357
0.02951
0.103891
0.0523985
0.304053
0.193622
0.175012
0.0782942
0.0769126
0.062732
0.413107
0.0243629
0.170438
0.024898
0.0292294
0.00411663
0.0358334
0.0182953
0.0158105
0.00629919
1.032
0.0166987
0.0159745
0.0157405
0.0211847
0.0187865
0.028154
0.0181226
0.0224383
0.0224793
0.0339177
0.00213014
0.0110065
0.0324543
0.00581517
0.016808
0.0395204
0.0113265
0.0115204
0.0253902
0.0175679
0.00767552
0.062774
0.0145081
0.0200556
0.00974293
0.0237436
0.00642329
0.0247194
0.0214134
0.153083
0.00833084
0.0260873
0.00362113
0.0205056
0.00786055
0.0159005
0.0210442
0.0352873
0.0141176
0.0170509
0.0486487
0.0185072
0.0110929
0.0115658
0.0204087
0.0115212
0.0073141
0.0386754
0.0125079
0.00424245
0.0237413
0.0232479
0.0104417
0.00844447
0.0216553
0.0102586
0.0184247
0.00896907
0.024688
0.01962
0.0324525
0.00711204
0.0192564
0.061778
0.0334686
0.0478917
0.0606038
0.0311068
0.0134987
0.0197313
0.0136229
0.0421081
0.0440784
0.0247366
0.0511791
0.0118236
0.038462
0.0105423
0.0223651
0.0399594
0.00234751
0.00827819
0.00694917
0.0681754
0.00706537
0.0281798
0.0169784
0.0134028
0.0986587
0.00891153
0.0231145
0.0100216
0.0335786
1.25904
1.1478
0.0239079
0.0299983
0.0214049
0.0238223
0.0190819
0.00393046
0.0306106
0.0101194
0.00815199
0.0164728
0.0387107
0.020134
0.0165703
0.00960794
0.349034
0.528938
0.218944
0.059694
0.0143106
0.0301547
0.0131285
0.0346417
0.0122487
0.012446
0.0131923
0.692394
0.0128973
0.0131668
0.020455
0.0133116
0.0324399
0.0293767
0.0224559
0.0122303
0.0237605
0.0250574
0.0106925
0.0133766
0.00720995
0.246308
0.219395
0.169217
0.0456311
0.0947758
0.151389
0.234581
0.0290295
1.23878
0.279031
0.180395
0.494575
0.39792
0.143855
0.102073
0.0126412
0.369221
0.0185027
0.0385926
0.0460596
0.0147578
0.0108671
0.0118992
0.00961807
0.0249179
0.00937261
0.00831442
0.0404774
0.0304961
0.0111237
0.0149219
0.0220842
0.0135769
0.049805
0.0219454
0.0365203
0.182718
0.0122622
0.0100616
0.229245
0.227609
0.0148115
0.0276914
0.00688425
0.00783404
0.0827974
0.0434705
0.0322285
0.0336308
0.0192043
0.181016
2.07085
1.71155
0.0116083
0.016306
0.0327439
0.0628541
0.0282086
0.0163308
0.274776
0.0432269
0.0569427
0.0234889
0.0785603
0.304961
0.196191
0.0230869
0.115171
0.0272546
0.0792511
3.07033
0.0541388
0.204215
0.0258201
0.12476
0.174374
0.0517261
0.0915672
0.14565
0.314437
0.216527
0.0347648
0.0621644
0.0545566
0.0337897
0.0329772
0.10078
0.0121056
0.708305
0.242746
0.0293817
0.0305151
0.0210463
0.548163
0.123668
0.0571342
0.0465588
0.0229512
0.0810887
0.0248657
0.0182475
0.0257139
0.0476749
0.330044
0.0448927
0.0194597
0.0234541
0.0241685
0.022204
0.0338044
0.0329402
0.0358111
0.0286498
0.121979
0.0282488
0.127976
0.023583
0.0149295
0.0170384
0.0245051
0.0833164
0.556379
0.101824
0.0127951
0.0173436
0.0264757
0.0250304
0.0222021
0.0283167
0.0277127
0.0229571
0.0523295
0.013089
0.0130203
0.0350096
0.0158079
0.00717261
0.0516308
0.00909586
0.00895092
0.037075
0.0121271
0.0161924
0.0110588
0.0114313
0.00723227
0.0231062
0.00610281
0.00670855
0.0443594
0.0215994
0.00850057
0.0268539
0.019553
0.020185
0.0279172
0.0323047
0.00333804
0.0161298
0.0165038
0.00844554
0.0166913
0.015577
0.0100428
0.120712
0.0614706
0.0505981
0.0119313
0.0129628
0.0152957
0.00288744
0.0241988
0.0316557
0.0304668
0.0199674
0.0358949
0.0226339
0.0188381
0.0178777
0.0222269
0.0225085
0.0872716
0.0120198
0.0469553
0.0276372
0.0216768
0.0100989
0.0238282
0.0235411
0.01603
0.00616437
0.0324142
0.0135271
0.0247511
0.0293716
0.0416626
0.023696
0.0947206
0.00743598
0.0171623
0.126162
0.0469488
0.0317748
0.0118745
0.057552
0.0191062
0.0211867
0.0618107
0.0180662
0.0104582
0.0112225
0.0244286
0.0402718
0.0578938
0.0469693
0.0287815
0.0210129
0.0337853
0.0304489
0.0610475
0.102749
0.0148813
0.0249274
0.0730955
0.00266775
0.0241269
0.033906
0.0204984
0.0641663
0.040234
0.0177184
0.0298556
0.0116034
0.0117989
0.0108124
0.0196344
0.0559614
0.217554
0.634275
0.0747043
0.0523517
0.00560142
0.0235852
0.0743315
0.387804
0.638117
0.0152142
0.029151
0.0265709
0.0104782
0.0178081
0.0578372
0.0594386
0.0234071
0.0180938
1.13734
0.0501766
0.382216
0.0153601
0.168451
0.0716074
0.152252
0.0362036
0.0398581
0.0289475
0.696768
0.0638181
0.0393592
0.00924743
0.0168082
0.0260448
0.017092
0.0223642
0.053941
0.168914
0.0141541
0.138757
0.23873
0.0747616
0.0237083
0.579897
0.411631
0.426443
0.668263
0.650495
0.0366409
1.12034
0.207696
0.215662
0.0513465
0.0765761
3.38864
0.813854
0.0201226
0.0716413
0.265873
0.186393
0.0643593
0.0717932
0.327482
0.0443379
0.264969
0.0479543
0.0122646
0.0196593
0.0180004
0.00947204
0.0799065
0.0232584
0.0368787
0.340955
0.0722282
0.016896
0.0522283
0.247523
0.0101526
0.0862705
0.0117025
0.00475101
0.0404133
0.0873696
0.28465
0.207246
0.103588
0.0372778
0.0143481
0.0212422
0.0547006
0.0902639
0.0233589
0.84626
0.0106485
0.0110039
0.0498472
0.674407
0.032638
0.0155155
0.0365031
0.0192249
0.0060705
0.0317784
0.00937043
0.379344
0.380145
0.474872
1.35468
0.0595695
0.0487933
0.0618582
0.0194934
0.0153406
0.0239578
0.0053545
0.0394481
0.0297178
0.0107627
0.0211146
0.0287062
0.00475643
0.0306078
0.0431042
0.0183989
0.00840602
0.0540826
0.0350664
0.00783098
0.0418921
0.0081661
0.00417001
0.0183696
0.0224388
0.0296083
0.019781
0.018081
0.0381092
0.0262603
0.0157207
0.0129959
0.0222505
0.0308188
0.00847327
0.053165
0.0306172
0.0215808
0.0177198
0.022343
0.0170021
0.00773898
0.193027
0.0342441
0.681325
0.0791611
0.0141249
0.078366
0.0164943
0.021656
1.47829
2.42224
0.111217
0.584682
0.0209062
0.0433403
0.0383725
0.0306774
0.029039
0.0125537
0.0238254
0.0467715
0.0178849
0.0163236
0.0261021
0.0241253
0.0300832
0.0168427
0.0107311
0.0127373
0.0242399
3.83492
0.987721
0.00827197
0.0107882
0.0128928
0.0137811
0.0213347
0.00150954
0.0207432
0.0569734
0.0139396
0.0276566
0.0470178
0.0211192
0.0229997
0.00404806
0.0225524
0.0213742
0.0105812
0.019757
0.0237491
0.0263777
0.0127504
0.0233316
0.0089307
0.0150686
0.0280602
0.0070374
0.0193899
0.0164648
0.0118765
0.00917194
0.0370947
0.0229424
0.0619321
0.00787499
0.0189392
0.043355
0.0101685
0.0420086
0.0262189
0.0281226
0.00634977
0.0301333
0.0359004
0.0133204
0.0219449
0.0142503
0.653145
0.0133446
0.00871414
0.0889449
0.265865
0.0673153
0.29561
0.536252
0.284953
0.0170228
0.55593
0.380475
0.0552225
0.0148431
1.08001
0.283878
0.0344071
0.0556378
1.21584
0.276135
0.0652616
0.0380383
0.0175663
0.0131481
0.803128
0.0153527
0.0303112
0.0527734
0.0180745
0.0173414
0.0391539
0.0419566
0.0534329
0.0418386
0.735316
0.729698
0.0351289
0.0230268
0.0213801
0.314313
0.10825
0.0383264
0.0194885
0.00647675
0.0114709
0.0198811
0.077929
0.0185462
0.00806334
0.0274704
0.0209525
0.0164937
0.0554817
0.287195
0.0468519
0.00187367
0.285799
0.118603
0.00842496
0.038674
1.32141
0.0341388
0.0202337
0.0116238
0.0345464
0.0124962
0.336591
0.0127033
0.0229619
0.0131462
0.033706
0.0215953
0.00751572
0.0178652
0.0246377
0.0098394
0.00866781
0.0116254
0.0294095
0.0356608
0.0115866
0.0107416
0.0308522
0.0251076
0.024731
0.0405453
0.0100452
0.0240187
0.00527236
0.0139141
2.5546
0.0231799
0.0228179
0.0515352
7.24862
0.0252103
0.0223415
0.599528
0.01151
0.0575509
0.0313972
0.0333014
0.343313
0.033526
0.0579073
0.0245103
1.47108
0.0180919
0.0280078
0.808638
0.00725812
0.0254831
0.0260044
0.602843
0.0186883
0.0158242
0.0388457
0.368453
0.026602
0.0541389
0.0238361
0.0425199
0.0282877
0.0146561
0.00622692
0.10326
0.0185267
0.0272304
0.0401177
0.045555
0.0458245
0.267518
0.0458904
0.00417906
0.0765325
0.0570578
0.139413
1.8473
0.0245621
0.0300722
0.0183456
0.0156931
0.0216649
0.0120111
0.0164355
0.0535538
0.0200777
0.0179609
0.0206211
0.0198368
0.0518028
0.0112088
0.0244067
0.0175243
0.00604333
0.0252603
0.00894801
0.011217
0.0163657
0.0353373
0.0129937
0.0323293
0.0379587
0.0101184
0.0269123
0.0175595
0.0111634
0.0133749
0.0397708
0.00581786
0.0279264
0.0602468
0.014941
0.0474477
0.0115002
0.0289123
0.0452728
0.0438222
0.0093023
0.192925
0.0919059
0.18198
0.00672691
0.00618384
0.126056
0.0872157
0.094796
0.0407432
0.0204262
0.328392
0.00569252
0.02293
0.0338891
0.0248971
0.012884
0.0115012
0.0094969
0.0179839
0.014141
0.00891845
0.0259775
0.0205089
0.0335347
0.00358042
0.0162258
0.0277457
0.0294544
0.0238514
0.0746439
0.0184408
0.181471
0.416681
0.0156769
0.022126
0.227825
0.0242049
0.00878665
0.255764
0.105657
0.0764105
0.150292
0.00940147
0.104117
0.146368
0.00252539
0.0280534
0.0227385
0.0608172
0.00764935
0.0651291
0.162402
0.064255
0.0166602
3.42012
0.159109
0.11867
3.08209
2.67936
0.0752523
0.375489
0.0188852
0.0311378
0.0203442
0.0154953
0.0394847
0.0160126
0.0323071
0.00644949
0.0249373
0.00927794
0.0155744
0.604472
0.0316552
0.798436
0.620862
0.0189326
0.252931
0.350105
0.0589788
0.0742233
0.387765
0.468095
0.0126249
0.0442599
0.0661556
0.0349885
0.0218371
0.0138112
0.0142512
0.0234297
0.0253871
0.0225652
0.0313925
0.0192573
0.0219904
0.0386324
0.0135538
0.0743188
0.300056
0.0423977
0.015338
0.410206
0.0112876
0.034727
0.0545708
0.0541918
0.0341013
0.0186381
0.00726934
0.042502
0.0343196
0.00718151
0.0263357
0.0240457
0.0287913
0.0187492
0.0130082
0.00581936
0.00657771
0.0200956
1.48082
0.0222088
0.0215834
1.39326
0.0277094
0.0234889
0.0154029
0.0156596
0.0138029
0.0189117
0.0230528
0.0170355
0.01367
0.0132641
0.0235341
0.0130747
0.0129373
0.0147015
0.0278256
0.0140439
0.0257572
0.0221872
0.0223693
0.0208539
0.0264101
0.0225609
0.0127791
0.00958984
0.0354917
0.020221
0.0396841
0.00952933
0.00894902
0.0399853
0.085948
0.00748595
0.0359389
0.0119215
0.0206742
0.2188
0.0359919
0.0186467
0.014635
0.0230293
0.0328788
0.0283609
0.0347222
0.0339896
0.0172385
0.0111973
0.573835
0.0168998
0.00962874
0.0311126
0.0291993
0.0419159
0.0222435
0.0266663
0.0273949
0.0426988
0.0120584
0.0150906
0.053192
0.0130049
0.0105288
0.00680874
0.00660973
0.00312572
0.0237314
0.0133854
0.017718
0.0185709
0.10143
0.0218523
0.00522492
0.0197347
0.00464231
0.0290439
0.0408741
0.0435507
0.0110611
0.0283268
0.0275673
0.038761
0.00738891
0.0101748
0.0140854
0.0216019
0.0114894
0.0667664
0.0322355
0.0172371
0.00786591
0.0484977
0.0086761
0.030084
0.0376913
0.00860654
0.0182376
0.0111908
0.0225702
0.0275809
0.00744825
0.0155879
0.0200482
0.0196382
0.0326361
0.0546617
0.0345533
0.0284525
0.0178549
0.0182232
0.0185912
0.0266071
0.0401308
0.863133
0.0159701
0.0353151
0.0162136
0.048211
0.00960702
0.0271339
0.00757294
0.0744207
0.204743
0.0583884
0.0467737
0.0223767
0.0519831
0.0396361
0.0193752
0.00209097
0.0204594
0.476249
0.00718609
0.0204609
0.00968409
0.0785371
0.0674109
0.0588853
0.0736116
0.0307301
0.0471117
0.0172235
0.0197848
0.303724
0.0149132
0.0121559
0.0401789
0.10877
0.187527
0.0154735
0.0370869
0.0498238
0.0856189
0.198705
0.0393472
0.0630223
0.11983
0.0416794
0.022994
0.0529994
0.0245353
0.0174059
0.0126572
0.0443806
0.022042
0.0729762
0.0260633
0.026428
0.0206697
0.0096459
0.0255344
0.526088
0.957487
0.041341
0.0466987
3.09517
0.0529133
0.0349245
0.373245
0.0137757
0.0280431
0.0224813
0.0304108
0.00963028
1.79592
0.0139522
0.0434025
0.010894
0.0179534
0.0193774
0.0908771
0.0720784
0.0339138
0.0277764
0.0368435
0.0568837
0.0235532
1.00239
0.029149
0.0263447
0.021896
0.0229577
0.845777
0.104484
0.0404417
0.823908
0.105538
0.270695
0.295493
0.653389
0.0287164
0.0306462
0.0291959
0.0246582
0.0717766
0.158482
0.0223604
0.272596
0.214691
1.49412
0.0166612
0.534863
0.531466
0.0515395
0.0493171
0.046015
0.00592934
0.664131
0.025108
0.0452229
0.0390124
0.00474291
0.0361868
0.0400066
0.00859969
0.0225419
0.0227392
0.0392871
0.038984
0.0210513
0.0197495
0.0258239
0.0124359
0.0395823
0.0247596
0.0163575
0.0384101
0.0141928
0.0183127
0.0268397
0.00920684
0.0294323
0.01916
0.0112127
0.00883551
0.0120137
0.0400831
0.0373011
0.0188649
0.0116602
0.0220698
0.00587216
0.0113904
0.00962462
0.0159751
0.00630338
0.0310695
0.0413769
0.151478
0.0183652
0.00335108
0.0455037
0.0596956
0.0451961
0.0832348
0.0204379
1.33991
0.0413537
0.0255986
0.119904
0.0411064
0.0439831
0.00788321
0.06708
0.028881
0.0288245
0.00993401
0.0773612
0.0016852
0.0383186
0.0115981
0.0482706
0.112833
0.020511
0.00870143
0.0437493
0.0276062
0.0281586
0.00541243
0.0335133
0.0350232
0.00643974
0.00377995
0.0115512
0.0194586
0.0232626
0.144767
0.00479623
0.0399111
0.508037
0.0828886
0.0803718
0.0523857
0.0111851
0.0205987
0.010293
0.0277375
0.0496909
0.047541
0.0263901
0.00950044
0.0405005
0.00526701
0.125773
0.0161429
0.0685411
0.0841958
0.0169445
0.0172025
0.450443
0.0238943
0.0172848
0.0649346
0.038458
0.0393631
0.0386651
0.0128654
0.0293474
0.0711177
0.0216245
0.0124921
0.0438589
0.0445534
0.00465987
0.0342564
0.0225778
0.0295317
0.0724016
0.0226343
0.0585497
0.0193424
0.0139627
0.0643006
0.0735525
0.0236571
0.0554085
0.0395275
0.0528551
0.0400195
0.0608531
0.0383122
0.0259992
0.0135163
0.0534602
0.0400146
0.0544357
0.018879
0.0174459
0.0159423
0.0199132
0.0102442
0.0129293
0.0473196
0.010518
0.0629182
0.0234836
0.026942
0.00996166
0.0184247
0.013735
0.0331225
0.0086321
0.00712455
0.0583829
0.0238364
0.0139148
0.0147342
0.0230179
0.0199221
0.0256446
0.00855771
0.0151072
0.243442
0.245828
0.854942
0.192659
0.0141895
0.184572
0.167969
0.0358989
0.125569
0.356106
0.395858
0.108461
0.0151864
0.0186804
0.0428561
0.0252159
0.0816789
0.403737
0.113726
0.0154844
0.0173763
0.208908
0.128057
0.089355
0.0242389
0.368103
0.175107
0.00679554
1.81158
0.0140163
0.235541
0.032425
0.0309327
0.0754225
0.0240511
0.0122666
1.63224
0.0575383
0.00300819
0.00755758
0.00584753
0.00790001
0.0114636
0.012013
0.0695974
0.0101833
0.0190997
0.00821184
0.0152146
0.0234814
0.014902
0.0187151
0.0276966
0.0246245
1.23969
0.00691989
0.566854
0.0160017
0.00799754
0.437773
0.464767
0.0523207
0.13785
0.196187
0.157036
0.0680395
0.0401845
0.324596
0.025967
0.00987487
0.0572444
0.169799
0.044223
0.0931134
0.022878
0.841788
0.45275
0.0276754
0.0259281
0.0211181
0.0273404
0.304916
0.0141923
0.024419
0.0319184
0.0178856
0.00973473
0.325635
0.275826
0.231577
0.0205072
0.0246699
0.329879
0.0913543
0.0572208
0.162924
0.0339646
0.00465408
0.0519728
4.15258
0.101869
0.113015
0.0161826
0.163683
0.0320055
0.110352
0.0338582
0.18732
0.0552731
0.118961
0.131235
0.0997813
0.0235996
0.306545
1.95805
0.0520842
0.16347
1.17216
0.0513093
0.0293424
0.104962
0.0692198
0.509887
0.0130661
1.03244
0.00792988
0.00992073
0.0255862
0.00643781
0.177583
0.0697465
0.253499
0.0243296
0.0196597
0.0322994
0.00745339
0.0672824
0.0206108
0.011372
0.0248642
0.0144027
0.0355276
0.00789981
0.0221201
0.0259465
0.0121623
0.909005
0.0117315
0.0537452
0.0344414
0.00341263
0.0642825
0.0420997
0.00734084
0.00812413
0.012744
0.00275314
0.027687
0.0123286
0.010245
0.0158962
0.012939
0.343441
0.0487036
0.032965
0.0178578
0.0134398
0.0132539
0.00846281
0.0171632
0.0208446
0.0149553
0.0238773
0.0185469
0.00934978
0.00882853
0.015398
0.0201456
0.0137419
0.0101076
0.028542
0.0244044
0.00703234
0.0624099
0.0113135
0.031568
0.00337366
0.0236171
0.0254255
0.00743769
0.0188108
0.0108277
0.0301922
0.0202699
0.777886
0.018707
0.0180256
0.0644715
0.0205499
0.00863586
0.0209977
0.0122588
0.0242828
0.0437165
0.0298922
0.0104126
0.00771025
0.0108509
0.0212933
0.00345723
0.0175979
0.074497
0.0139107
0.0346172
0.00639557
0.0243462
0.0130407
0.0200467
0.0433848
0.0145317
0.0215896
0.0259035
0.0138697
0.0366404
0.0231065
0.0173221
0.0349329
0.0481252
0.0265786
0.0151823
0.0280551
0.00787228
0.0310344
0.00990551
0.0331044
0.0490317
0.0539159
0.0523815
0.0184893
0.0430485
0.0581956
0.0158665
0.0614437
0.0269697
0.00691233
0.0324403
0.0135903
0.0149937
0.012812
0.0418432
0.00698023
0.0497282
0.021557
0.0260474
0.0572278
0.0283874
0.0223487
0.0299782
0.0231179
0.0326662
0.0101006
0.0271297
0.00599303
0.00692628
0.00623357
0.0230004
0.021739
0.0409232
0.0388793
0.0330604
0.019553
0.0288576
0.0128507
0.0821572
0.0120747
0.0105188
0.0173653
0.00506703
0.0188655
0.0605447
0.0130072
0.0170827
0.0177821
0.0183886
0.0466226
0.0512907
0.0137861
0.00924425
0.0375664
0.0225267
0.0930436
0.0380888
0.0398173
0.0180205
0.37585
0.00618068
0.0416238
0.0163586
0.0142424
0.0242929
0.0212215
0.00683467
0.0483603
0.0225958
0.746304
0.0692229
0.020334
0.093233
0.0825159
0.0827938
0.14525
0.0805652
0.0211122
0.0104572
0.0884174
0.00819111
1.81102
0.0514765
0.0716973
0.0568112
0.0542604
0.0440088
0.0413239
0.051462
0.0441997
0.0385139
0.0428447
0.0373166
0.0294744
0.0339424
0.0270141
0.0319042
0.0394682
0.0367835
0.157517
0.00323041
0.430627
0.0477067
0.0170255
0.0953302
4.60438
0.020064
0.366633
0.115765
0.0171723
0.0750926
0.0164716
0.187894
0.0302906
0.024539
0.773081
0.164305
1.8637
1.43987
0.0267052
0.0391557
0.0923287
0.179666
0.39708
0.477004
0.0380303
0.0158576
0.155517
1.55372
0.0580968
0.284858
0.00548573
0.0302901
0.476773
0.0122082
0.0535618
0.0227468
0.0274419
0.0207795
0.0474781
0.0363612
0.00966113
0.0152181
0.174109
0.0653196
0.0354397
0.0910356
0.0558388
0.192925
0.0277926
0.0360054
0.142424
0.0115637
0.0281234
0.0493077
0.0455262
0.038028
0.0100345
0.0118023
0.0435414
0.0237077
0.00729389
0.244938
0.039738
1.0483
0.307316
0.0198154
0.0174165
0.0231884
0.0199145
0.0198907
0.0244937
0.0100104
0.0108355
0.0240076
0.00870623
0.0121895
0.0730725
0.00662767
0.0178645
0.0172831
0.0249264
0.0261874
0.0325839
0.0325496
0.052166
0.0215116
0.0319203
0.0153469
0.024743
0.0233433
0.00795133
0.0176611
0.00947533
0.0226043
1.16422
0.029592
0.028356
0.0177774
0.0231025
0.0477505
0.0105579
0.0195735
0.0401414
0.0251093
0.0874112
0.0101787
0.0153957
0.0209344
0.0328554
0.0179542
0.0215529
0.0150183
0.0312433
0.0414225
0.0311345
0.0103731
0.0299023
0.0244761
0.0305765
0.0102673
0.0732938
0.0171424
0.00393035
0.0153109
0.00939838
0.0615602
0.0132761
0.0151893
0.0120198
0.0367422
0.0131666
0.00607823
0.0578369
0.016362
0.011038
0.0146117
0.0262005
0.00999251
0.0150881
0.033745
0.0293238
0.0115958
0.0422031
0.0172316
0.00922323
0.0259589
0.0196973
0.00157367
0.0291474
0.0649818
0.0188593
0.0441105
0.00335181
0.0169648
0.00444231
0.02747
0.0312831
0.0423083
0.00958293
0.0229382
0.325927
0.0232195
0.0216388
0.0178784
0.013251
0.04773
0.00808866
0.0161397
0.011494
0.024495
0.0220099
0.00681643
0.0178519
0.0109893
0.0128497
0.015115
0.0146168
0.0490063
0.0265541
0.0189371
0.0123098
0.07091
0.0449697
0.0695972
0.0174526
0.00750622
0.0136516
0.00890377
0.0144342
0.026244
0.0191142
0.0153981
0.0127905
0.00999188
0.0361048
0.0231118
0.0160742
0.0374562
0.018792
0.0219981
0.0320529
0.00484786
0.143029
0.00943571
0.0305425
0.0351545
0.0148076
0.355593
0.0265292
0.0717005
0.0306979
0.0433307
0.298698
0.051731
0.584525
0.0185988
0.142289
0.103604
0.0587546
0.032479
0.0492967
0.0676729
0.0116968
0.373573
0.0794377
0.0352389
0.0206919
0.011136
0.029844
0.0162547
0.00731279
0.0878906
0.0378618
0.0456873
0.123717
0.02242
6.23896
0.0445383
0.0881648
0.198846
0.0373331
0.0321637
0.0470226
0.090145
0.0268342
0.027061
0.0154709
0.0200878
1.07244
0.125379
0.202222
0.00795551
0.136783
0.0805662
0.189652
0.0153715
0.07185
0.235154
0.0555765
0.31075
0.0294742
0.0577024
0.180886
0.49597
0.0334724
0.0114937
0.017378
0.0072436
0.0179489
0.13957
0.111322
0.103579
0.012769
0.0121703
0.0865957
0.122861
0.0345489
0.0205715
0.0326137
0.0335382
0.317041
0.58377
0.819021
0.0774669
0.163443
0.0124321
0.0111424
0.78226
0.0142652
0.0963776
0.0519041
0.0380146
0.0230041
0.0354087
0.0123718
0.00497304
0.0103348
0.0278659
0.00740607
0.044802
0.0192756
0.0140629
0.0439522
0.0836171
0.149485
0.0170311
0.00903975
0.0536514
0.0154497
0.0113053
0.0244437
0.0144118
0.0223074
0.0637114
0.0179731
0.0104194
0.0436522
0.00546785
0.0337571
0.0235898
0.040573
0.017366
0.0215155
0.0113048
0.0257133
0.0137476
0.0590838
0.0204832
0.0471084
0.0205303
0.0191162
0.0198312
0.0225737
0.00319532
0.0348283
0.0222773
0.0221602
0.044196
0.0318909
0.00690458
0.0152379
0.858359
0.0204981
0.0151597
0.00853175
0.0618868
1.45933
0.00619138
0.0330741
0.0120791
0.0125095
0.0117925
0.0246304
0.0325987
0.00915008
0.00305221
0.0470614
0.0158223
0.0239112
0.0677764
0.0304069
0.023335
0.0118858
0.0118977
0.036558
0.0260536
0.0422969
0.0131381
0.0695131
0.0251775
0.0141993
0.0118173
0.0244572
0.00714271
0.0162205
0.035011
0.0157521
0.00738382
0.0214188
0.0232391
0.00358621
0.023839
0.0276639
0.0573699
0.0164574
0.0186818
0.0100985
0.0307693
0.0645195
0.0272932
0.0122031
0.0402027
0.0146532
0.0105631
0.00772321
0.0138578
0.0444736
0.00877957
0.00920885
0.0160252
0.0312876
0.00982491
0.0132641
0.00651145
0.00766386
0.0428204
0.00425671
0.0163924
0.00873264
0.0130593
0.0403584
0.0212323
0.00842992
0.023071
0.00946445
0.0157585
0.0302055
0.0437458
0.0127127
0.0372563
0.00576278
0.00741312
0.0165345
0.0139818
0.00901814
0.0118248
0.0131852
0.035575
0.028041
0.0283019
0.0238159
0.0257307
0.0132932
0.0223888
0.0649643
0.015635
0.00444262
0.0428576
0.808231
0.0223202
0.0368914
0.0209293
0.0086093
0.0115104
0.0137686
0.0101917
0.050477
0.0120171
0.0319484
0.00861532
0.0100321
0.0201028
0.0108247
0.0121775
0.0664741
0.0439684
0.00783657
0.0165602
0.023973
0.0259511
0.0185876
0.0137119
1.27845
0.00979375
0.755098
0.00785312
0.0424666
0.0627429
0.220846
0.0199932
0.0769863
0.145186
0.34476
0.00435604
0.263492
0.0625412
0.319683
0.0369876
0.0264191
0.0418905
0.00742334
0.0581013
0.328468
0.0860136
0.0185481
0.259781
0.00581068
0.0776794
0.145812
0.0242185
0.153478
0.0325238
0.0401152
0.0191316
0.0159559
0.00911299
0.0186021
0.97285
0.0335415
0.0115542
0.0180622
1.10408
0.0137876
0.00274507
0.0200696
0.0143876
0.0079096
0.0271526
0.0681353
0.00862706
0.018
0.0111005
0.0274566
0.0339909
0.0406588
0.0257027
0.0126267
0.0162183
0.0379425
0.00830935
0.0127561
0.0190224
0.00715563
0.0107302
0.0194573
0.00863566
0.0090215
0.030759
0.0401294
0.0186483
0.0140026
0.00615296
0.0153905
0.0194905
0.00740581
0.00880101
0.0194726
0.010655
0.0150611
0.13648
0.0303756
0.072343
0.033112
0.0171918
0.0379952
0.0123784
0.871142
0.0688454
0.426705
0.413567
0.00873222
0.0666643
1.78255
0.0352459
0.0195009
0.0727159
0.06863
0.0105186
0.0384167
0.0161318
0.0599241
0.0239227
0.0239347
0.0458236
0.0305099
0.00483246
0.0230813
0.0356035
0.0357655
0.0497749
0.015893
0.00912212
0.0805378
0.0744181
0.00528382
0.00908578
0.0127812
0.0246127
0.232997
0.0265141
0.0665258
0.0338555
0.0286872
0.00215061
0.0307097
0.01032
0.0150351
0.0171012
0.042543
0.0311902
0.0239369
0.0315893
0.0159924
0.04054
0.00783002
0.0242284
0.0137545
0.0113436
0.0214418
0.0435345
0.0133849
0.00626244
0.0663984
0.0207512
0.0108731
0.0108536
0.0241979
0.0369949
0.0327178
0.0400394
0.0308302
0.0236167
0.00586831
0.0107882
0.035868
0.0315963
0.00786924
0.0222039
0.0202651
0.0500954
0.0124936
0.0514385
0.0177963
0.0429573
0.0221983
0.0171084
0.020957
0.00599663
0.0386991
0.0109869
0.0138481
0.0243381
0.0452006
0.0342838
0.0216172
0.0206039
0.0312947
0.00718967
0.0305949
0.022495
0.0191962
0.0207667
0.0328254
0.0087488
0.0438684
0.0267528
0.019955
0.0269367
0.0273965
0.017061
0.0160124
0.012422
0.0187031
0.0140531
0.0288343
0.0358483
0.0236203
0.0843837
0.0527259
0.0656346
0.0652835
0.0212038
0.00813188
0.0248657
0.0130951
0.0694987
0.0360548
0.0525492
0.012648
0.0427244
0.069435
0.024491
0.0251507
0.015208
0.017118
0.0280764
0.0128812
0.0176098
0.00799843
0.020711
0.0297753
0.0309953
0.0079248
3.21202
0.00841041
0.0232395
0.00835548
0.00822517
0.00829862
0.0223789
0.0296226
0.032051
0.0201901
0.0438968
0.0308568
0.0682299
0.0210596
0.00529807
0.00588457
0.00898088
0.00932772
1.53995
0.03156
0.0246335
0.0311211
0.0199835
0.0246747
0.0233185
0.00973702
0.00944898
0.0313771
0.0196352
0.0107408
0.00496637
0.30749
0.0177811
0.0576073
0.0161985
0.0127883
0.0480338
0.0386918
0.00397052
0.0443401
0.00569476
0.0139729
0.0480543
0.027749
0.0226958
0.016227
0.0302008
0.0520261
0.0177558
0.034093
0.0295546
0.0150041
0.0211074
0.0188502
0.00918962
0.00783501
0.018904
0.0349751
0.00777641
0.0352618
0.016485
0.0182776
0.0145729
0.0119983
0.0193031
0.0277264
0.0109279
0.0136872
0.0337976
0.00997709
0.0385365
0.0108605
0.0470777
0.0177685
0.00544401
0.00510613
0.00749807
0.620303
0.0330242
0.016944
0.0200234
0.0110977
0.0196025
0.0344371
0.0270479
0.0147254
0.0491806
0.0204527
0.0235264
0.0117045
0.0344743
0.0255546
0.0323283
0.0162969
0.0258976
0.0222508
0.0228446
0.0316824
0.0095154
0.0201484
0.034579
0.860535
0.0978384
0.0690498
0.0366634
0.0115457
0.0161715
0.0159694
0.0238591
0.0197332
0.00325978
0.0156368
0.0145511
0.0197794
0.0424513
0.0116596
0.0172923
0.0282128
0.0121587
0.0387792
0.0147455
0.0221503
0.0247814
0.0179352
0.03876
0.0666179
0.0167141
0.0349112
0.0291838
0.0282042
0.0286414
0.0416579
0.0114819
0.0117521
0.0273451
0.0333254
0.015431
0.0207997
0.0126213
0.0168897
0.0151843
0.0171458
0.0425153
0.0104666
0.019205
0.0207447
0.0133837
0.0234496
0.269332
0.204856
2.08358
0.00948089
0.0395622
0.0317577
0.0307912
0.00634692
0.189359
0.063055
0.0127901
0.0160037
0.0123207
0.0212867
0.0145105
0.0486819
0.0251461
0.0338567
0.0362968
0.0341551
0.028107
0.0563854
0.0276309
0.0118948
0.0104236
0.00738751
0.0941782
0.0152994
0.0188207
0.0108253
0.0538094
0.0420186
0.0205438
0.0265595
0.00832794
0.427535
0.0545287
0.0317883
0.00553951
0.00691138
0.036537
0.0384176
0.0153115
0.0570286
0.0173681
0.0182699
0.0539976
0.0496938
0.0247775
0.0167752
0.0406661
0.0801304
0.0345306
0.0441725
0.015716
0.012733
0.0292669
0.0411056
0.0202672
0.0252786
0.00614301
0.0185239
0.0133187
0.0282299
0.00518376
0.0200305
0.0192409
0.0834836
0.0187928
0.009753
0.00494513
0.0191868
0.0280216
0.033312
0.0206224
0.018688
0.0504086
0.0203427
0.0136412
0.0233118
0.0129973
0.0181086
0.0291067
0.0353874
0.0179781
0.0178535
0.0153036
0.0350731
0.0367792
0.0387038
0.0172193
0.0184018
0.00815744
0.0272541
0.00289709
0.0323682
0.0103124
0.0146588
0.0154108
0.0378172
0.00932037
0.0212515
0.0353994
0.02944
0.0168963
0.0136779
0.0491132
0.0312915
0.0519062
0.0119997
0.0522626
0.0197267
0.0246079
0.0184724
0.00929082
0.053215
0.0389722
0.0330916
0.00911861
0.0319823
0.0336115
0.0209994
0.0571975
0.039501
0.0131659
0.0329881
0.0894435
0.0698904
0.0308676
0.0130814
0.00474041
0.0211848
0.0280699
0.00269382
0.00475926
0.0163599
0.0143859
0.00965301
0.0210192
0.007835
0.0128471
0.00618506
0.00998317
0.0598221
0.0342947
0.00646558
0.0142801
0.0178444
0.00876774
0.0105221
0.0263077
0.0364807
0.0455522
0.0108165
0.017209
0.0138601
0.0201866
0.0306698
0.0191708
0.0086083
0.021598
0.0489343
0.572484
0.0361812
0.00837203
0.0228834
0.0470714
0.0303858
0.0420892
0.00784806
0.0193329
0.0555371
0.00387837
1.24457
0.981789
0.0199545
0.0228827
0.0317877
0.0735163
0.0988977
0.0622347
0.0127072
0.00603813
0.0504038
0.0112195
0.0269188
0.0802377
0.0450364
0.051912
0.0101641
0.0331323
0.33843
0.0243162
0.364101
0.0155001
0.0362267
0.0144028
1.2028
0.0487219
0.0572747
0.0930053
0.0168037
0.0609877
0.0260234
0.103554
0.0171827
0.0343817
0.0219129
0.0227876
0.6985
0.0097558
0.0282239
0.0516351
0.0122013
0.00741214
0.0369259
0.0133441
0.0484061
0.00434348
0.0231438
0.0214659
0.0395668
0.0106456
0.00993377
0.036591
0.235286
0.0272797
0.0202008
0.00929538
0.0432611
0.233867
0.380295
0.027883
0.0452375
0.0634376
0.00815681
0.0109572
0.0331215
0.0743168
0.0858464
0.00647634
0.0520284
0.0372857
0.207703
0.0181107
0.0259849
0.00686245
0.0406065
0.00331784
0.0171389
0.0295162
0.581916
0.00744051
0.0169162
0.0166454
0.019044
0.0500603
0.010458
0.019913
0.0034469
0.0216428
0.0198105
0.0112756
0.00830824
0.0245237
0.0124288
0.0263372
0.0184048
0.020133
0.0223059
0.0203103
0.0144456
0.00679635
0.0190774
0.00859845
0.0145679
0.0762398
0.0043644
0.0099225
0.0148706
0.00595304
0.0058898
0.00760695
0.0537755
0.0150425
0.0235318
0.0137312
0.00628614
0.0343397
0.0235131
0.00807293
0.0037869
0.0421294
0.0173076
0.0163394
0.0198229
0.0512439
0.0359109
0.038687
0.0108796
0.0275608
0.27744
0.00358194
0.0414172
0.0532004
0.0485848
0.124038
0.188337
0.153946
0.0256692
0.080763
0.249933
0.0333678
0.209039
0.26714
0.0149611
3.08349
0.0106653
0.00762609
0.239474
0.0195594
0.0733276
0.00980196
0.0572697
0.00735559
0.0449634
0.0239245
5.52901
0.0680565
0.390749
0.0830738
0.0320179
0.0159322
0.143376
0.0473575
0.146977
0.108197
0.00701587
0.0209491
0.061433
0.0884453
0.240057
0.0578406
0.0323966
0.0997911
0.0153726
0.0268968
0.168441
0.100822
0.0708058
0.372268
0.822919
0.0485404
0.22167
0.121908
0.0792156
0.0647809
0.14985
0.0569381
0.150671
0.115176
0.13149
0.0874365
0.0919356
0.0934766
0.0611249
0.0586149
0.0720526
0.0911459
0.33554
1.49763
0.228322
0.0998752
0.172616
0.0804874
0.469929
0.107137
0.0871516
0.388645
0.10178
0.082185
0.0772007
0.100605
0.112464
0.00769328
0.0593699
0.0430207
0.0116636
1.06071
0.0298242
0.0189795
0.0929244
0.0178723
0.0113158
0.0801708
0.0262302
0.0102082
0.0282936
0.0407777
0.0352064
0.00979307
0.0242334
0.0137102
0.0136539
0.00991237
0.0331287
0.0344281
0.031037
0.00447797
0.0374533
0.036274
0.0262526
0.0415043
0.0100768
0.0217102
0.00711592
0.0292484
0.0116499
0.0131087
0.0112641
0.0140412
0.0314491
0.0147164
0.0180375
0.0221912
0.0800878
0.0167632
0.00880868
0.0251409
0.00712435
0.0131754
0.0510489
0.0185777
0.0221459
0.0422297
0.0146948
0.033281
0.0342441
0.0417722
0.0180446
0.0289128
0.0217023
0.0168839
0.0226473
0.0105171
0.0317189
0.0114531
0.00603819
0.0255298
0.019459
0.023703
0.03572
0.00543709
0.0154391
0.0221679
0.0150168
0.0280201
0.0119257
0.0162615
0.0107034
0.00751094
0.0106683
0.0127554
0.0206454
0.00924328
0.0116652
0.0255641
0.0228533
0.00739986
0.0244358
0.0125915
0.0166443
0.0218633
0.0181398
0.0268717
0.00404599
0.0306797
0.0223109
0.0351985
0.0195237
0.0173828
0.119239
0.321
0.0323751
0.00635588
0.0692402
0.0483128
0.0248813
0.0274525
0.0575489
0.0713437
0.0710334
0.0464319
0.0883083
0.0139534
0.00667002
0.0390917
0.0111871
0.0181081
0.0114505
0.0132594
0.0331976
0.00977016
0.0263718
0.485248
0.00956197
0.026391
0.0170482
0.0167075
0.744228
1.35178
0.0224787
0.00902676
0.0347449
0.0194805
0.00885225
0.0189167
0.084361
0.0381411
0.0222357
0.0130175
0.0288816
0.0235275
0.00655254
0.24952
0.992287
0.00952822
0.00454623
0.0441571
0.0176293
0.0361762
0.0199457
0.0137243
0.0692136
0.0139154
0.0165672
0.0326904
0.0194098
0.0351399
0.00483326
0.0227443
0.0172492
0.0169173
0.0249831
0.0130824
0.0307442
0.0224182
0.0248281
0.014527
0.00823123
0.00867679
0.0239397
0.0122836
0.00797849
0.02449
0.0164441
0.00395124
0.0340616
0.0385013
0.0316608
0.0321296
0.0124961
0.0190653
0.0266734
0.0197243
0.0281814
0.006541
0.00946671
0.0105822
0.0294009
0.0409833
0.0120107
0.0187393
0.00679148
0.00422502
0.0192908
0.00945813
0.0119887
0.0980287
0.0430355
0.00669388
0.02475
0.0251467
0.0674534
0.0121067
0.0298549
0.0284291
0.00839572
0.0296932
0.0192141
0.024777
0.0244896
0.0227073
0.00540866
0.0348379
0.0618366
0.0231097
0.0684218
0.0212486
0.0138641
0.0183402
0.00730459
0.0601115
0.0362541
0.0293957
0.0107651
0.0193826
0.0087498
0.0295685
0.011773
0.0398043
0.0120721
0.061036
0.0162133
0.0180602
0.00977112
0.0956421
0.030968
0.00984268
0.0285513
0.0126035
0.0371844
0.0306601
0.0107074
0.0102458
0.0133999
0.0223657
2.76724
0.0532632
0.0120472
0.0230495
0.0345125
0.0443353
0.0227249
0.0382341
0.0138213
0.012049
0.00224212
0.0394742
0.0609978
0.0121674
0.0210653
0.00887846
0.0306412
0.0130756
0.0247783
0.0162609
0.012194
0.00659799
0.0109862
0.0336208
0.019879
0.0186776
0.0173251
0.0167047
0.0238735
0.0196795
0.0173586
0.0186576
0.0186341
0.00995425
0.0119684
0.030495
0.00952253
0.0172212
0.015281
0.0157493
0.0057038
0.0113801
0.0107395
0.0198399
0.0277149
0.00775785
0.0240588
0.0125759
0.049187
0.0176987
0.00638081
0.010772
0.0149017
0.0604172
0.153919
0.1924
0.158058
0.0553464
0.00605228
0.0167816
0.0414087
0.0557852
0.024987
0.0113096
0.0467843
0.0441447
0.0368598
0.0695055
0.012747
0.0408366
0.0153977
0.0175211
0.0228699
0.030868
0.0029836
0.0326402
0.255394
0.0638472
1.95562
0.0142218
0.374804
0.0113422
0.12502
0.464277
0.0707819
0.0844626
0.0353989
0.335529
0.0197116
0.202619
0.00809639
0.00426287
0.45334
0.349361
0.0126571
0.0656271
0.032795
0.0321386
0.00962548
0.00947446
0.334395
0.0124298
0.0155294
0.0255897
0.448049
0.124727
0.0129415
0.0430708
0.0342744
0.0140246
0.0246923
0.0148111
0.00815622
0.0107842
0.00893731
0.00742786
0.0486873
0.025794
0.00704635
0.0246333
0.0241743
0.0192619
0.0205948
0.0306458
0.0153157
0.0262163
0.0334436
0.0184555
0.0419068
0.0749776
0.0221581
0.0160554
0.0101273
0.0199126
0.0153741
0.0300587
0.014645
0.0423122
0.0571747
0.0171748
0.0357598
0.0211509
0.0164767
0.0225756
1.39963
0.456155
0.0532416
0.0164071
0.0119706
0.0552663
0.0178829
0.0179641
0.0134408
0.0682639
0.050138
0.0224172
0.0717413
0.17022
0.0388557
0.00560607
0.0344627
0.0786531
0.00391493
0.026188
0.019074
0.0649327
0.392592
0.0318196
0.00787582
0.202898
0.807357
0.023612
0.0341613
0.0127082
0.0563366
0.00776181
0.0565771
0.0112612
0.0349195
0.0628047
0.0271191
0.0067239
0.00665045
0.571285
0.0112229
0.0158246
0.0161635
0.00998497
0.0287358
0.030459
0.0454082
0.745891
0.0208755
0.018426
0.0173203
0.0233632
0.0148056
0.0370876
0.00697779
0.0503188
0.0219002
0.0318887
0.0102943
0.0366568
0.01441
0.053159
0.040018
0.0207893
0.0521423
0.00747101
0.0080388
0.00906737
0.0198222
0.0639893
0.0181121
0.0674852
0.0322895
0.012605
0.0100969
0.0500351
0.011589
0.0108195
0.0318503
0.00867985
0.0217295
0.0106024
0.0179015
0.0477507
0.0344508
0.0133084
0.0237381
0.0451759
0.00823983
0.0168245
0.0209737
0.0159699
0.00922972
0.031094
0.0286693
0.0275306
0.0196264
0.0156645
0.0299894
0.0175002
0.00606759
0.0106948
0.012281
0.0177121
0.0347128
0.00695843
0.00626963
0.00634682
0.0288641
0.00814776
0.0182776
0.0158414
0.00833479
0.0519603
0.211086
0.027804
0.0126884
0.0121765
0.0242905
0.562284
0.296968
0.373391
0.837507
0.0135112
0.0224723
0.297512
0.375889
0.0561684
0.0226924
1.0064
0.020496
0.0975103
0.349044
0.0633352
0.0108123
0.528131
1.31015
0.00185996
0.0443902
0.0903012
0.0981004
0.113475
0.102144
0.0213738
0.0190298
0.0219038
0.388415
0.322302
0.120191
0.0184754
0.0181617
0.0181264
0.0165284
0.0684809
0.328715
0.111487
0.0658773
0.082437
0.0171985
0.0625656
0.0325025
0.0514065
0.209301
0.122418
0.116953
0.0303183
0.358992
0.165764
0.0322773
0.0398107
0.216027
0.00456925
0.00325855
0.0647634
0.0744628
0.0622159
0.0194095
0.0648605
0.0227521
0.0350198
0.025455
0.0233905
0.018052
0.0196508
0.0526596
0.0250489
0.0172276
0.0477971
0.031557
0.0178028
0.0319152
0.0826963
0.0686267
0.0182167
0.0325992
0.0220717
0.0120974
0.0445811
0.0484379
0.0908028
0.0193797
0.014359
0.0668308
0.0113338
0.012282
0.0167812
0.0175256
0.00553382
0.0100826
0.0173467
0.530791
0.00295041
0.0275094
0.0381107
0.0185654
0.00401932
0.00901417
0.0544419
0.0273718
0.0464081
0.609828
0.0904297
0.02764
0.0246721
0.079061
0.333119
0.727963
0.144528
0.401095
0.102535
0.127332
0.0223164
0.247526
0.0100281
0.022606
0.0416853
0.0168115
0.649832
0.963981
0.0401105
0.010059
0.0132204
0.00658893
0.0247562
0.0407141
0.0248605
0.0460113
0.0402951
0.0150747
0.0273672
0.0371765
0.0297426
0.018432
0.00262936
0.00463409
0.0137412
0.0144639
0.00465586
0.0364992
0.0143779
0.0421091
0.0176305
0.0255425
0.0389375
0.0306732
0.0452552
0.0137644
0.0382303
0.00707564
0.0158718
0.0420995
0.0135834
0.0268472
0.00917891
0.00824594
0.941567
0.0302675
0.0200567
0.0445746
0.0228946
0.0433427
0.0245704
0.0140511
0.0308912
0.0421609
0.00846716
0.0367112
0.0184041
0.022022
0.00690051
0.0400546
0.0150475
0.00732733
0.0288942
0.0241262
0.0166419
0.00626605
0.0787068
0.0131793
0.00717057
0.0201375
0.211469
0.0133244
0.0162902
0.0246245
0.0114456
0.00864809
0.0298216
0.0238119
0.0233921
0.0169916
0.0231755
0.206869
0.036524
0.01236
0.0166262
0.0329288
0.0148529
0.0247228
0.0284993
0.0622868
0.00806815
0.0975812
0.0489719
0.0289396
0.0173702
0.0409119
0.0345099
0.0205768
0.0153836
0.0335698
0.0382749
0.0346644
0.0539392
0.0199402
0.54085
0.038721
0.0145118
0.00852896
0.0143483
0.0146411
0.0129796
0.0558251
0.0166181
0.0309317
0.0532954
0.0149113
0.0416058
0.0106414
0.285407
0.00508958
0.131019
0.0236375
0.0533265
0.0158159
0.0306403
0.00935127
0.0173204
0.470663
0.0276063
0.0132699
0.0120171
0.0257589
1.29089
0.0203582
0.0605648
0.0358544
0.0240165
0.0174908
0.0466578
0.0364242
0.0275535
0.0171471
0.0112187
0.0407907
0.0180917
2.37169
0.0622771
0.0151055
0.0135876
0.0166892
0.0384635
0.039066
0.0172059
0.0335163
0.027342
0.0411416
0.00839196
0.00975631
0.0198719
0.03076
0.0301498
0.0135004
0.00759976
0.029344
0.0150043
0.0245656
0.033917
0.0121467
0.0346385
0.0355189
0.0069971
0.0323799
0.0384162
0.0355725
0.0266175
0.0265089
0.0509567
0.0234266
0.063255
0.0233443
0.719716
0.029129
0.0803803
0.0323579
0.0639672
0.0691299
0.0333455
0.0251673
0.0471941
0.0427237
0.0178254
0.0112798
0.0265904
0.00324366
0.0267277
0.0429395
0.0578379
0.0210441
1.11087
0.0215979
0.0200859
0.00848249
0.0298659
0.0241182
0.0178103
0.00954918
0.0365266
0.0969791
0.0265364
0.00717562
0.0440337
0.017767
0.0152046
0.0300421
0.0595623
0.0180708
0.0117802
0.981606
0.0665672
0.0286287
0.0153028
0.0113543
0.0290944
0.0341834
0.0297257
0.0232096
0.0211736
0.0282221
0.0150623
0.0417592
0.0244568
0.0320893
1.62064
0.0477341
0.0210178
0.0266259
0.0105604
0.0305065
0.0196716
0.0217468
0.0805274
0.0175289
0.0234982
0.0162905
0.0674979
0.0462754
0.00685797
0.0290121
0.0085754
0.0316951
0.00375665
0.0242968
0.0538345
0.0257968
0.0655804
0.0375037
0.0391966
0.0821821
0.0409247
0.0374539
0.016099
0.0319801
0.00466521
0.0215543
0.00600871
0.0567399
0.00811737
0.0273831
0.0247885
0.0928137
0.0626324
0.0174252
0.0355918
0.0606133
0.0182885
0.0318016
0.0147543
0.00245053
0.101425
0.0750379
0.321638
0.0477829
0.201846
0.401623
0.247691
0.0184762
0.125148
4.23655
0.334305
0.353579
0.0393022
0.243906
0.0187402
0.0112287
0.0205245
0.00233357
0.00580789
0.0336196
0.0246257
0.0255719
0.0186391
0.00648626
0.0192457
0.0135734
0.0223564
0.0076557
0.016926
0.0651477
0.0186269
0.022213
0.00668057
0.0101914
0.0123793
0.0202539
0.0544565
0.0773266
0.0210259
0.0062132
0.00885713
0.0206475
0.0277762
0.0174909
0.00348597
0.0311788
0.0291343
0.00967976
0.0183337
0.00739307
0.00796465
0.00556609
0.0236029
0.0223972
0.0201626
0.0189096
0.014791
0.013808
0.0344465
0.00733645
0.0189257
0.0115567
0.0157508
0.328111
0.0113798
0.00131301
0.051663
0.0171157
0.0556179
0.0216656
0.0894287
0.0245593
0.0149973
0.168969
0.04357
0.00717626
0.0229927
0.0157876
0.00791383
0.0393334
0.0550135
0.0243763
0.00463016
0.0142129
0.329994
0.0296615
0.0237017
0.00976702
0.0128382
0.0278452
0.00701344
0.0502542
0.0233379
0.0287236
0.0280349
0.0421219
0.0178949
0.0182642
0.0765668
0.0495432
0.044322
0.0567005
0.0439672
0.037148
0.113191
0.0445556
0.0196566
0.0351209
0.0118732
0.029255
0.0161998
0.0131616
0.0383764
0.00909208
0.00633912
0.0187529
0.0196465
0.00836565
0.00898082
0.00909743
0.032937
0.0357059
0.0262518
0.449845
0.017344
0.924376
0.0122555
0.0163921
0.0222897
0.0930032
0.0300434
0.0211269
0.0705014
0.0588918
0.0177188
0.0429966
0.0964381
0.0457602
0.027027
0.021071
0.0251425
0.072092
0.00611482
0.128051
0.042185
0.00468439
0.0236425
0.0582379
0.0379352
0.0629007
0.0574844
0.0219436
0.0461411
0.0428788
0.172884
0.00600005
0.00542587
0.0124702
0.0353512
0.156181
0.0482271
0.0200159
0.164993
0.00707007
0.0373225
0.237113
0.0467313
0.0775735
0.0460034
0.0389059
0.0108672
0.0585939
0.0950134
0.0111364
0.0570318
0.0347592
0.0583104
0.0130812
0.250127
0.0155699
0.030078
0.0487145
0.0289478
0.0366406
0.0109183
0.0447449
0.0326853
0.131288
0.0524546
0.0672031
0.525372
0.145093
0.104991
0.114194
0.024201
0.00830039
0.0139314
0.0657796
0.0264749
0.0282413
0.0756918
0.132141
0.0538621
0.0248556
0.492805
0.130289
0.0357088
0.0215188
0.0667572
0.0237126
