0.148603
0.176264
0.0638463
0.01937
0.0776213
0.0837076
0.08847
0.130674
0.129783
0.208475
0.122848
0.13012
0.140419
0.0833885
0.157152
0.138712
0.0260438
0.0287988
0.160395
0.10604
0.0187564
0.11133
0.0620759
0.10758
0.112388
0.082464
0.102498
0.271564
0.087645
0.0547908
0.168381
0.0498895
0.149974
0.111495
0.104105
0.13201
0.128377
0.0638687
0.12511
0.27573
0.0250141
0.0923937
0.247769
0.0341678
0.0871699
0.203086
0.097778
0.153134
0.0513786
0.0834294
0.18349
0.0416619
0.143274
0.141251
0.134579
0.0778759
0.0243476
0.144836
0.0330143
0.166066
0.0922475
0.19045
0.213461
0.0373185
0.0920452
0.0499439
0.0884122
0.199521
0.0854729
0.111584
0.0127207
0.0925286
0.110288
0.0853687
0.101737
0.149011
0.0838246
0.0771195
0.133659
0.139892
0.180228
0.0780388
0.0852436
0.100929
0.0910949
0.0439828
0.0879793
0.138843
0.123205
0.0457666
0.164576
0.0648479
0.0842675
0.0816901
0.162433
0.160196
0.102579
0.0736916
0.0559981
0.204045
0.100557
0.14194
0.0902427
0.0903635
0.125976
0.146915
0.112063
0.0500999
0.0736681
0.102852
0.101838
0.13729
0.141099
0.180212
0.123356
0.159612
0.234513
0.0654693
0.10542
0.154217
0.116086
0.0362927
0.0983614
0.112926
0.186366
0.121095
0.0976943
0.0869922
0.0599851
0.0520537
0.128203
0.0820734
0.0766194
0.150364
0.127074
0.160854
0.200687
0.0869799
0.0670854
0.116743
0.189302
0.0543336
0.052488
0.0939433
0.127826
0.183471
0.10956
0.0899186
0.0294362
0.108774
0.116444
0.079015
0.127175
0.136457
0.131769
0.214269
3.06052
0.269106
0.199897
0.0876659
0.160094
0.0932396
0.241358
0.0397264
0.144162
0.0426297
0.0800058
0.198468
0.113054
0.0996871
0.179908
0.161217
0.122157
0.0294396
0.192726
0.0653221
0.176705
0.135805
0.144729
0.158062
0.0751272
0.0345304
0.0257414
0.0958152
3.10429
0.120338
0.108556
0.118342
0.15358
0.183511
0.103686
0.0620315
0.146926
0.0781937
0.134193
0.166831
0.0812664
0.222697
0.15695
0.127291
0.0247511
0.140405
0.0770313
0.0902575
0.0553082
0.105382
0.131292
0.114411
0.176983
0.037682
0.0839595
0.0194952
0.0716691
0.0435653
0.126017
0.090626
0.081337
0.0350049
0.080559
0.0985032
0.179543
0.0288185
0.0910015
0.0584086
0.0833622
0.102432
0.0389702
0.21452
0.0863043
0.0992919
0.123529
0.091864
0.11488
0.0502425
0.0943599
0.171982
0.166954
0.239562
0.0668394
0.0883228
0.124692
0.11273
0.167799
0.0761325
0.0990531
0.118274
0.038841
3.0682
0.111775
0.151146
3.12532
0.159895
0.127858
0.106977
0.162549
0.136109
0.199349
0.098644
3.10821
0.0934042
0.0785384
0.142283
0.0818168
3.10021
0.09041
0.0492616
0.182677
0.102353
0.0335574
0.0837797
3.12209
0.0604356
0.151849
0.149635
0.183316
0.0414436
0.118536
0.0565631
0.0551582
0.073662
0.132498
0.102356
0.159142
0.114042
0.0833068
0.15133
0.0743742
0.158309
0.202885
0.158757
0.066355
0.146554
0.101903
0.155529
0.103501
0.0971837
0.135313
0.153593
0.0685048
0.083253
0.0121327
0.0600745
0.0259315
0.0762232
0.122584
0.167821
0.0749102
3.11368
0.110331
0.170991
0.148014
0.147762
0.0372189
0.114225
0.101113
0.0419952
0.0662672
0.126767
0.0150348
0.21521
0.167847
0.0781976
0.120049
0.154945
0.110704
0.0515774
0.0605244
0.0516252
0.107848
0.0989248
0.0869994
0.180232
0.0587343
0.207649
0.204498
0.113608
0.0710856
0.111554
0.0770736
0.148558
0.141134
0.130778
0.144894
0.0503424
0.111659
0.121516
0.0423368
0.0553922
0.232579
0.103958
0.108365
0.0661179
0.146063
0.0973733
0.0355677
0.155178
0.0993355
0.144355
0.058943
0.0439804
0.0919304
0.205262
0.129563
0.0736777
0.215259
0.253621
0.0761522
0.132398
0.0533965
0.115303
0.127551
0.147995
0.00990154
0.199959
0.133669
0.0791176
0.113048
0.108213
0.0607489
0.0567993
0.134874
0.153425
0.112653
0.0607042
0.188941
0.080368
0.10984
0.0942862
0.17549
0.183197
0.155436
0.10578
0.0603952
0.0738296
0.111725
0.065797
0.133724
0.105851
0.150115
0.0698101
0.151753
0.0431974
0.0598736
0.0761377
0.13138
0.182541
0.0958371
0.133791
0.116873
0.11973
0.041475
0.114855
0.113517
0.118533
0.114362
0.0357191
0.113725
0.126916
0.197943
0.0595028
0.119848
0.105038
0.04462
0.1136
0.03911
0.112826
0.084869
0.0844627
0.0823015
0.120605
0.210037
0.0718443
0.0963756
0.0167114
0.0573304
0.0905247
0.0378739
0.106656
0.0911486
0.0693453
0.0603654
0.100535
0.185994
0.0566029
0.0962461
0.0988333
0.119107
0.112383
0.167547
0.0794361
0.0567966
0.116091
0.231296
0.122909
0.0621685
0.157897
0.0968119
0.0350211
0.0538099
0.00874784
0.0332623
0.0589174
0.108314
0.111091
0.0714595
0.0625723
0.091742
0.0473931
0.0856701
0.0439773
0.141771
0.0835148
0.142818
0.0815881
0.289417
0.282472
0.189293
0.13511
0.0585953
0.128861
0.172141
0.165991
0.0984314
0.0977011
0.153871
0.125459
0.138262
0.170159
0.139664
0.0552314
0.192238
0.0416448
0.0913103
0.078169
0.104955
0.174014
0.201026
0.104293
0.208906
0.229809
0.0748321
0.104376
0.251345
0.183955
0.196159
0.107309
0.029328
0.192365
0.154142
0.0828083
0.111348
0.161044
0.125757
0.0854696
0.114626
0.200161
0.111687
0.0240802
0.0420826
0.100808
0.169835
0.0962507
0.132341
0.0287399
0.165977
0.0497057
0.149136
0.096546
0.0674545
0.0136745
0.0755894
0.0449515
0.217367
0.165869
0.149407
0.152753
0.0844892
0.0820017
0.124221
0.181226
0.0342277
0.259531
0.084984
0.200849
0.109328
0.118828
0.171654
0.136373
0.154836
0.101747
0.130123
0.0291852
0.113007
0.163169
0.0702213
0.109291
0.142399
0.158431
0.0397066
0.18157
0.107702
0.12385
0.0922241
0.0549548
0.0794337
0.0937132
0.0733815
0.195771
0.0940958
0.0606984
0.122186
0.123338
0.120448
0.128328
0.0732782
0.216957
0.0934021
0.0701876
3.08867
0.119771
0.189955
0.215427
0.131386
0.266086
0.108403
0.0884983
0.0842943
0.242959
0.0810864
0.0891706
0.128319
0.0780569
0.121808
0.0962299
0.0971173
0.00397733
0.129701
0.261449
0.0652912
3.04274
0.0379399
0.229259
0.219163
0.0975923
3.03976
0.135656
0.0813015
0.0818908
3.09204
0.0817587
0.0745267
0.186934
0.0533512
0.210491
0.0975387
0.142469
0.0194933
0.0558299
0.0243203
0.218052
0.124075
0.147701
0.123512
0.179825
0.0934273
0.0429585
0.218311
3.08927
0.177584
0.0394075
0.198042
0.0882916
0.117661
0.122043
0.166387
0.0784287
0.0912947
0.142869
0.0581061
0.184895
0.076053
0.0737666
0.0944869
0.124298
0.0631818
0.0394783
0.0419436
0.14911
0.0662065
0.112203
0.144625
0.127528
0.0576092
0.195933
0.186053
0.182541
0.0588696
0.0976818
0.104657
0.154296
0.0555595
0.0772349
0.151076
0.204296
0.163908
0.177429
0.263989
0.0773036
0.194171
0.157933
0.0907461
0.132667
0.102213
0.0466524
0.0180954
0.17951
0.0615056
0.110916
0.106032
0.2136
0.0875093
0.108394
0.197034
0.125275
0.0380366
0.136423
0.0672513
0.0412991
0.0498852
0.126103
0.0571226
0.0540202
0.0463931
0.153429
0.195456
0.128234
0.188108
0.0910614
0.110507
0.0633981
0.058387
0.0758738
0.179785
0.0714237
0.0992563
0.0849017
0.120378
0.280155
0.0800878
0.0784137
0.0766856
0.152075
0.105691
0.0528427
0.0762843
0.0811429
0.108834
0.14245
0.0622542
0.0683083
0.0544474
0.27106
0.119705
0.0147416
0.0741585
0.153411
0.108195
0.178243
0.189394
0.13953
0.22777
0.198031
0.204967
0.111207
0.210416
0.15828
0.107486
0.0531044
0.153552
0.14889
0.110425
0.187325
0.101814
0.198335
0.0688844
0.0971375
0.0302901
0.0744993
0.111161
0.169938
0.121086
0.160641
0.0496544
0.151618
0.124814
0.0705671
0.0636786
0.18866
0.121343
0.135199
0.125141
0.109836
0.11863
0.0568762
0.0765504
0.139831
0.153207
0.146139
0.063014
0.0787354
0.0598166
0.0256661
0.103945
0.0775791
0.120307
0.0157688
0.117036
0.0397008
0.0757956
0.0677002
0.113193
0.150413
0.101417
0.118391
0.159495
0.013275
0.157894
0.10575
0.178449
0.265115
0.081173
0.0516046
0.192959
0.084619
0.150218
0.0634114
0.143909
0.105157
0.0515244
0.057732
0.128783
0.0827086
0.156528
0.265525
0.0869686
0.170458
0.151272
0.061877
0.140714
0.144232
0.118307
0.130109
0.0683193
0.0975958
0.0992002
0.0465792
0.083546
0.0933906
0.136928
0.0611792
0.0750767
0.0649639
0.0250323
0.0467827
0.139401
0.11115
0.233488
0.223927
0.128737
0.16024
0.155238
0.124567
0.124821
0.194885
0.0750379
0.0862891
0.056659
0.119099
0.134642
0.0860549
0.099321
0.0580031
0.050121
0.102655
0.165605
0.0780536
0.125344
0.211052
0.122045
0.192806
0.170433
0.0430294
0.129787
0.128694
0.20557
0.176496
0.274804
0.111534
0.0807546
0.126579
0.215933
0.105296
0.270228
0.152496
0.117982
0.0824534
0.18227
0.0757238
0.105135
0.0945218
0.150985
0.193218
0.092857
0.0206814
0.126087
0.11987
0.125356
0.235229
0.175985
0.0434306
0.127538
0.159222
0.103381
0.109098
0.225334
0.0917596
0.0863068
0.111908
0.122061
0.143545
0.108043
0.0895836
0.167336
0.170043
0.146821
0.218424
0.153785
0.0894855
0.112544
0.27131
0.117702
0.106327
0.102208
0.0870447
0.0617596
0.136857
0.0693292
0.0613993
0.125478
0.133654
0.25016
0.120825
0.107356
0.0727085
0.0969132
0.109617
0.0558329
0.0539738
0.0912936
0.102275
0.119948
0.147581
0.0896038
0.0623455
0.178499
0.0733205
0.125975
0.151945
0.194444
0.076104
0.0443309
0.0700372
0.0749482
0.0645934
0.106618
0.206049
0.0925445
0.0788505
0.0978949
0.0833872
0.0479701
0.0856793
0.172827
0.0619189
0.19084
0.192426
0.0737798
0.0865736
0.042711
0.0875131
0.144295
0.111741
0.0329132
0.0881636
0.203303
0.0763192
0.0626279
0.0795268
0.0974197
0.125362
0.174902
0.117161
0.106585
0.148396
0.14804
0.0426187
0.0327027
0.128548
0.0840589
0.119853
0.0802626
0.124284
0.0229109
0.115131
0.260636
0.156031
0.0788536
0.223975
0.184908
0.063646
0.0463843
0.136812
0.0791833
0.182756
0.205558
0.15616
0.0918385
0.0758408
0.0599318
0.119029
0.0604216
0.122974
0.0528244
0.10765
0.0884437
0.0939176
0.187785
0.171858
0.151591
0.0748984
0.110227
0.0671938
0.192585
0.082053
0.0730687
0.193431
0.172853
0.224144
0.165973
0.165307
0.0921768
0.0649068
3.11787
0.0829182
0.118462
0.143733
0.133816
0.160376
0.280108
0.153084
0.0555261
0.097655
0.0749769
0.104886
0.126115
0.122582
0.044064
0.170338
0.0699748
0.194904
0.171558
0.0243934
0.105657
0.0748535
0.0585572
0.136367
0.0804464
0.153181
0.121519
0.103943
0.0445668
0.144074
0.0942754
0.108234
0.102237
0.0856756
0.257715
0.171382
0.0361309
0.0988162
0.111098
0.128847
0.0974125
0.168552
0.19638
0.120887
0.0628559
0.0979052
0.0378334
0.162499
0.104142
0.0703841
0.153315
0.0855419
0.0911058
0.0966493
0.0776961
0.127469
0.135009
0.159119
0.148093
0.0833883
0.120036
0.112204
0.137838
0.116813
0.157003
0.137714
0.0429294
0.0676476
0.157104
0.0569655
0.0615533
0.0538706
0.155314
0.0827753
0.15409
0.137555
0.119249
0.181718
0.119696
0.069344
0.0919715
0.121653
0.150178
0.0321517
0.198006
0.0405929
0.100695
0.154749
0.112534
0.167813
0.0866172
0.186557
0.147436
0.0967128
0.0808355
0.0979766
0.0396494
0.101704
0.156328
0.0756956
0.0607682
0.123101
0.178052
0.0359995
0.101507
0.213552
0.130751
0.0795679
0.0916382
0.140851
0.0674412
0.0910037
0.103165
0.0705663
0.0717109
0.126746
0.193002
3.09905
0.0261509
0.0512033
0.0633406
0.188355
0.169199
0.126279
0.0964967
0.0489469
0.0607767
0.133373
0.0520027
0.0145243
0.17743
0.0721603
0.13163
0.178488
0.136197
0.214853
0.277763
0.113142
0.0680001
0.227706
0.122489
0.0679119
0.0940099
0.114622
0.167266
0.0567486
0.0211901
0.0168514
0.119934
0.133117
0.0531093
0.167006
0.152279
0.225699
0.0586011
0.0511589
0.0148299
0.0951159
0.204605
0.0715756
0.222308
3.13064
0.125308
0.156766
0.0394493
0.153469
0.0666302
0.0486113
0.17287
0.0925731
0.0271227
0.0933133
0.126858
0.146341
0.0753837
0.138141
0.0710445
0.110376
0.0506542
0.105755
0.0873425
3.09065
0.122099
0.0628811
0.0615669
0.221785
0.190083
0.205188
0.146167
0.0967795
0.051208
0.118105
0.0643857
0.0902419
0.0955272
0.150152
0.175635
0.147127
0.080319
0.0379195
0.0678897
0.051286
0.088015
0.0988205
0.0588572
0.0814976
0.200589
0.109476
0.0881617
0.0770056
0.135591
0.049434
0.0830098
0.0889876
0.159064
0.246021
0.0345724
0.241664
0.140783
0.104151
0.0677299
0.190324
0.0285684
0.0799912
0.0638919
0.137767
0.0644798
0.113461
0.089183
0.104425
0.140223
0.0571845
0.158277
0.0339169
0.159316
0.236196
0.185089
0.0671417
0.179268
0.101323
0.192918
0.154507
0.0735242
0.10175
0.190718
0.134443
0.0641498
0.0413852
0.0738265
0.200355
0.192586
0.0678156
0.0859511
0.108689
0.0465232
0.0875847
0.133497
0.036173
0.131405
0.0194696
0.165061
0.0642972
0.147037
0.058281
0.102028
0.177474
0.129966
0.034629
0.158315
0.186257
0.151024
0.181881
0.188495
0.150735
0.118365
0.114981
0.150907
0.134446
0.0689602
0.119248
0.151894
0.0960221
0.086865
0.120269
0.197258
0.0865468
0.0789916
0.197969
0.120891
0.113965
0.0920143
0.15254
0.0462764
0.100144
0.146553
0.128807
0.0849801
0.116794
0.117455
0.0995197
0.0861849
0.115524
0.117359
0.11289
0.0343507
0.15425
0.103384
0.124532
0.0678222
0.206686
0.176316
0.155326
0.125924
0.0962012
0.157647
0.0816946
0.117572
0.0689275
0.135278
0.0708429
0.189051
0.11806
0.245725
0.166403
0.120218
0.0801156
0.196082
0.0511113
0.114711
0.112509
0.128981
0.132257
0.0591362
0.116602
0.0870758
0.155228
0.123965
0.0898364
0.143133
0.158261
0.143531
0.138195
0.068997
0.0462238
0.223552
0.13687
0.213041
0.102544
0.253491
0.420478
0.107228
0.0727631
0.136866
0.111205
0.0887762
0.15634
0.106446
0.0989513
0.148625
0.111411
0.118708
0.129748
0.0463642
0.0833945
0.0493143
0.0567938
0.138902
0.108462
0.17795
0.0242078
0.100167
0.14988
0.17392
0.188536
0.121041
0.147541
0.063468
0.0990101
0.192931
0.121343
0.193701
0.0774609
0.0580585
0.132481
0.0781435
0.104773
0.117509
0.114766
0.10025
0.0750121
0.0750619
0.0733809
0.165285
0.104703
0.0871847
0.115927
0.138791
0.0969695
0.199761
0.0236335
0.0241105
0.0617067
0.0955077
0.0335696
0.110469
0.101647
0.0953188
0.0325748
0.108779
0.0652246
0.126167
0.131357
0.131333
0.108583
0.0517764
0.315937
0.116089
0.0989084
0.205344
0.159582
0.0942736
0.123059
0.111191
0.0713404
0.106014
0.0633983
0.17788
0.11134
0.0551411
0.18097
0.18146
0.081969
0.0867879
0.0842888
0.0398338
0.153244
0.00606436
0.104707
0.15589
0.144613
0.0981508
0.0976433
0.0967577
0.0473297
0.13586
0.194566
0.0803249
0.2023
0.171896
0.107341
0.143613
0.142717
0.18406
0.068867
0.199264
0.155508
0.0848615
0.0975329
0.103784
0.135108
0.132794
0.161856
0.164571
0.15555
3.12628
0.164889
0.0960241
0.100979
0.0819153
0.150741
0.0509885
0.131317
0.14872
0.176842
0.085034
0.084538
0.0410267
0.250994
0.145921
0.150543
0.146564
0.104886
0.119744
0.058775
0.153799
0.20117
0.0808963
0.113851
0.0743462
0.144793
3.11384
0.129248
0.0444558
0.0964361
0.00383125
0.0686408
0.15976
0.0623028
0.0823165
0.175346
0.185737
0.0372351
0.120659
0.0982985
0.161195
3.07079
0.0934163
0.104381
0.100348
0.22464
0.27541
0.0789249
0.24695
0.139772
0.0734492
0.183682
0.0865999
0.109516
0.0961662
0.082218
0.120372
0.0483072
0.110461
0.124388
0.10125
0.104422
0.0922235
0.12705
0.142788
0.0701392
0.151722
0.190775
0.0934275
0.133312
0.0553771
0.150673
0.113043
0.0936934
0.0992331
0.0989391
0.14052
0.111134
0.141569
0.128556
0.0225215
0.0804338
0.0536399
0.0999985
0.158862
0.0748356
0.176709
0.105774
0.30802
0.0482552
0.100465
0.155733
0.275472
0.387916
0.301674
0.138555
0.127262
0.107214
0.111103
0.196303
0.132137
0.150011
0.101977
0.13075
0.255302
0.119492
0.145025
0.17182
0.132979
0.0333252
0.226968
0.0776494
0.162066
0.0983801
0.0975689
0.0385121
0.106631
0.119701
0.107163
0.145511
0.136501
0.183218
0.0541413
0.102028
0.11443
0.114964
0.0380648
0.0909528
0.149
0.140337
0.169595
0.149989
0.0638569
0.101434
0.145
0.0466151
0.0725159
0.101442
0.0953396
0.161263
0.102232
0.213762
0.0797775
0.165026
0.0605319
0.163198
0.376177
0.0968147
0.173138
0.0598762
0.059317
0.0310582
0.133924
0.143206
0.10557
0.0603631
0.164318
0.151841
0.143567
0.0311484
0.111004
0.0974563
0.182536
0.0714868
0.051095
0.160484
0.0973783
0.0620478
0.147719
0.201705
0.121481
0.142869
0.108538
0.203328
0.150331
0.101442
0.112319
0.133631
0.159416
0.135414
0.105939
0.0620551
0.118953
0.102132
0.10056
0.160588
0.0205372
0.0275528
0.0760358
0.0692287
0.0926092
0.0984787
0.126635
0.0617055
0.125481
0.0845098
0.0958526
0.140098
0.0940272
0.158324
0.258234
0.0954348
0.126763
0.201128
0.107268
0.161341
0.102885
0.0430092
0.094945
0.132505
0.103988
0.136515
0.102459
0.0598467
0.0958774
3.05911
0.144893
0.112157
0.0882023
0.216053
0.112979
0.0321759
0.0707532
0.0809442
0.187027
0.0755316
3.14209
0.0872207
0.202253
0.108746
0.0703355
0.120961
0.115406
0.124771
0.0370967
0.112988
0.018847
0.122388
0.130483
0.167889
0.0851193
0.176647
0.0396461
0.0586353
0.138895
0.234155
0.0181671
0.165804
0.162536
0.277211
0.253399
0.133767
0.0667467
0.108054
0.198745
0.101177
0.0909948
0.0853669
0.139447
0.131072
0.13529
0.070006
0.0767696
0.0922665
0.142219
0.102772
0.0974042
0.0889257
0.145225
0.407592
0.0709782
0.236131
0.244352
0.00304962
0.165116
0.116205
0.183127
0.233655
0.290601
0.123812
0.127992
0.0729342
0.0661386
0.111002
0.0502045
0.159461
0.104163
0.143085
0.0944704
0.101042
0.111289
0.288099
0.0171485
0.0816694
0.0729965
0.168804
0.0801515
0.117509
0.100087
0.12973
0.075777
0.160459
0.141837
0.0170799
0.299571
0.137977
0.0754224
0.0349953
0.174239
0.0637804
0.184384
0.101167
0.126736
0.177562
0.179194
0.09304
0.117861
0.166044
0.122243
0.202644
0.0394428
0.163325
0.10657
0.0984351
0.168956
0.125718
0.0616611
0.0712475
0.138516
0.100107
0.20351
0.15996
0.0836132
0.112948
0.118911
0.0540996
0.230711
0.139026
0.0240704
0.0869014
0.108885
0.147596
0.04187
0.15889
0.100397
0.0902124
0.0836984
0.163314
0.161267
0.124022
0.0632379
0.248866
0.0505149
0.19562
0.0308995
0.0397212
0.324375
0.089795
0.241014
0.261166
0.0386758
0.184696
0.110871
3.09571
0.268648
0.0561567
0.0996635
0.141819
0.0725774
3.13623
0.0647537
0.256867
0.142219
0.166761
0.125011
0.0610344
0.0532519
0.0943124
0.232387
0.0936685
0.213999
0.13395
0.195435
0.0722884
0.0885276
0.0933014
0.0518475
0.107573
0.0286571
0.0709842
0.105407
0.0842034
0.0358068
0.0719456
0.0997889
0.159413
0.0266894
0.323855
0.148244
0.140841
0.200105
0.14354
0.131621
0.0851111
0.117367
0.0940321
0.110057
0.06083
0.0800008
0.0917372
0.0160248
0.127968
0.307046
0.0828458
0.0960756
0.175087
0.0525212
0.255521
0.0717936
0.100814
0.0704118
0.0626149
0.119643
0.0309933
0.234317
0.0543864
0.137349
0.0589411
0.0792842
0.0582072
0.11164
0.074037
0.105676
0.0665169
0.0129915
0.12822
0.0682899
0.122606
0.0236604
0.081181
3.14398
0.101697
0.0327932
0.110934
0.11167
0.0868797
0.17075
0.0413954
0.164039
0.27759
0.122964
0.0408823
0.0351698
0.0874661
0.0321241
0.110596
0.184563
0.111544
0.118421
0.196028
0.132243
0.104714
0.0546168
0.185137
0.0584482
0.16056
0.144403
0.0546848
0.0486107
0.0696664
0.0906599
0.0480343
0.0696741
0.074407
0.22533
0.114353
0.0698088
0.0543993
0.0869938
0.141443
0.181556
0.089852
0.0764055
0.0925084
0.161923
0.0686516
0.145772
0.0903867
0.107322
0.126208
0.129728
0.129892
0.0715467
0.14699
0.0855646
0.117897
0.102351
0.0744405
0.0278703
0.162965
0.107461
0.182648
0.126166
0.163055
0.0927283
0.0967206
0.0827456
0.149616
0.083057
0.122175
0.0883137
0.0264901
0.0955634
0.0423111
0.044643
0.160335
0.038406
0.112305
0.183347
0.048838
0.0303728
0.0888213
0.0240288
0.163416
0.131024
0.128721
0.123223
0.0769587
3.11548
0.197944
0.0326262
0.0442683
0.110875
0.0988113
0.0989706
0.0631056
0.120927
0.0880756
0.0787427
0.086669
0.100759
0.0498141
0.284615
0.0762204
3.09254
0.109794
0.0344919
0.143534
0.0734915
0.206047
0.0569459
0.175395
0.0919222
0.0974645
0.0530013
0.12359
0.120351
0.0894248
0.0930405
0.0856576
0.176541
0.148572
0.10624
0.128438
0.0701913
0.143509
0.130863
0.163921
0.255753
0.091888
0.14002
0.157059
0.10269
0.164377
0.122794
0.165788
0.163325
0.223728
0.103263
0.243037
0.119156
0.0975148
0.0707759
0.11467
0.0667707
0.118667
0.204798
0.147179
0.141453
0.0465617
0.0894958
0.0655429
0.125744
0.104723
0.184081
0.167568
0.0829783
0.0759217
0.156789
0.160218
0.121839
0.0626661
0.170678
0.102586
0.264488
0.117501
0.112414
0.0830096
0.0706456
0.15512
0.209181
0.107379
3.0984
3.13921
0.0762998
0.23188
0.0758387
0.230127
0.0646431
0.0102047
0.0261814
0.0546595
0.0444042
0.139914
0.133012
0.22543
0.0664754
0.110452
0.0841267
0.0611906
0.196244
0.185949
0.0492306
0.087619
0.0716305
0.0976533
0.0743355
0.126073
0.0853255
0.0870292
0.0330736
0.208021
0.0928707
0.0196344
0.0873697
0.122668
0.052487
0.0790069
0.100121
0.284095
0.0739665
0.0711301
0.11293
0.104536
0.0964154
0.0868226
0.118819
0.0778251
0.0223922
0.0710753
0.185775
0.18701
0.0733346
0.0750277
0.109869
0.0781857
0.144903
0.168233
0.0845175
0.094982
0.198648
0.0863971
0.147122
0.121085
0.131219
0.19894
0.0622505
0.03285
0.066208
0.137821
0.132842
0.160007
0.11663
0.0838953
0.185917
0.1556
0.173297
0.229845
0.0470141
0.150306
0.124165
0.189104
0.0791052
0.00840485
0.106254
0.0205502
0.0900357
0.0828652
0.148412
0.122685
0.187838
3.14764
0.140527
0.0870529
0.0841781
0.129376
0.0491521
0.0314764
0.0573102
0.0802848
0.0846744
0.205961
0.176985
0.175159
0.174335
0.0879
0.123691
0.0816101
0.149122
0.13671
0.106716
0.0424987
0.0923072
0.0353499
0.0446078
0.182637
0.126269
0.0634242
0.112603
0.0807334
0.107599
0.0231367
0.0986381
0.163919
0.0664429
0.140693
0.0408114
0.0707963
0.202463
0.075103
0.279972
0.16182
0.100284
0.123062
0.0837204
0.149889
0.0244144
0.179436
0.105663
0.163229
0.119426
0.13384
0.104259
0.234976
0.143737
0.0444042
0.118794
0.0735074
0.125915
0.252211
0.101548
0.0523101
0.0543805
0.160033
0.212219
0.149637
0.0810483
0.132222
0.15977
0.0411722
0.0353821
0.0902653
0.0294803
0.148307
0.242481
0.0982302
0.108459
0.192544
0.14371
0.0881926
0.113336
0.21903
0.0517147
0.0786966
0.0329447
0.0986753
0.0243953
0.0269042
0.0941923
0.0778241
0.0965733
0.140208
0.075636
0.171426
0.130837
0.144914
0.227085
0.0790468
0.102996
0.0419734
0.110713
0.0918893
0.0578652
0.181624
0.290295
0.156089
0.120682
0.0732476
0.123929
0.139958
0.0889516
0.0851729
0.00926007
0.120611
0.0609329
0.0866152
0.17916
0.18861
0.109222
0.144568
0.195042
0.120214
0.176922
3.08383
0.242765
0.165447
0.0645429
0.0818874
0.115314
0.0779147
0.0618123
0.172016
0.146147
0.108026
0.055358
0.0300639
0.0661339
0.0662109
0.21434
0.121078
0.142279
0.0434874
0.0959228
0.0628685
0.0191563
0.213355
0.0610395
0.061809
0.067252
0.067208
0.194011
0.11167
0.0694233
0.121933
0.149332
0.0395481
0.154867
0.0855602
0.0996084
0.0554916
0.151382
0.0605545
0.0796467
0.140526
0.191263
0.120903
0.0913401
0.139023
0.221775
0.146673
0.28461
0.0838876
0.107033
0.246241
0.134062
0.0695825
0.19747
0.260254
0.182545
0.0870194
0.207524
0.111902
0.17117
0.105683
0.139876
0.0420383
0.127453
0.117345
0.151888
0.112694
0.155105
0.197369
0.167222
0.156208
0.0840082
0.160469
0.0815691
0.256353
0.0922797
0.0851936
0.0731263
0.155377
0.0470672
0.0791853
0.117015
0.0660061
0.140115
0.129441
0.0498365
0.192848
0.0448472
0.133249
0.216713
0.0199182
0.0744985
0.209975
0.00842349
0.106113
0.196656
0.0378336
0.10694
0.138519
0.128517
0.163738
0.14007
0.0757579
0.0964224
0.0950821
0.0671864
0.0520138
0.109797
0.115076
0.130855
0.0845699
0.134857
0.0739663
0.0876074
0.116376
0.0760329
0.116508
0.0722922
0.105763
0.0938836
0.0577882
0.119717
0.106916
0.114992
0.0969038
0.144803
0.0448941
0.0264189
0.0117148
0.0871575
0.149446
0.120617
0.161059
0.151198
0.184452
0.0910382
0.112605
0.108279
0.0629089
0.10165
0.139382
0.145114
0.100063
0.0937168
0.151771
0.172729
0.0890961
0.105818
0.103128
0.0480211
0.122335
0.0836327
0.113776
0.119102
0.102052
0.145071
0.0437557
0.0511235
0.063459
0.175772
0.0781166
0.0584008
0.0992047
0.0779185
0.108786
0.179589
0.0294922
0.0445574
0.0693208
0.0746566
0.103656
0.0580703
0.0623394
0.124316
0.16887
0.0551784
0.177614
0.102914
0.156869
0.115584
0.0885434
0.0945236
0.34342
0.0906591
0.0445602
0.0595988
0.116947
0.16128
0.286445
0.118882
0.106865
0.0670084
0.0686569
0.0665809
0.114409
0.0415045
0.0262439
0.046127
0.107896
0.145527
0.115778
0.11097
0.123409
0.107843
0.0810851
0.05692
0.140342
0.0665961
0.0610205
0.056857
0.121649
0.053399
0.141354
0.0404541
0.147308
0.167466
0.0741483
0.0393121
0.106509
0.088834
0.150044
0.0933865
0.158104
0.110629
0.192992
0.116924
0.165946
0.0851317
0.0980561
0.134651
0.232882
0.176871
0.226572
0.0998592
0.0481732
0.0279304
0.110024
0.0488086
0.116087
0.0952805
0.150363
0.126471
0.0622001
0.0481655
0.0336011
0.0650013
0.160936
0.0628864
0.0766046
0.174123
0.0334337
0.128658
0.0644882
0.114653
0.0469417
0.102162
0.0415226
0.0950138
0.0592387
0.0625049
0.1006
0.0763287
0.0396017
0.0310902
0.0675254
0.0574559
0.158356
0.167952
0.0877496
0.0233085
0.127701
0.140464
0.0919873
0.145896
0.125517
0.152894
0.158152
0.139995
0.185119
0.0455835
0.18269
0.133252
0.16931
0.130857
0.247768
0.0912039
0.0723806
0.137082
0.0907243
0.101271
0.0873383
0.109155
0.0550907
0.151478
0.143715
0.156717
0.143643
0.170467
0.170502
0.163741
0.163379
0.191011
0.160889
0.173796
0.155563
0.160432
0.142862
0.166935
0.162655
0.111288
0.0463058
0.118836
0.206506
3.1065
0.199975
0.222137
0.12778
0.0575219
0.105744
0.105814
0.139429
0.136736
0.151353
0.168187
0.064445
0.0657935
0.0413682
0.186294
0.0699691
0.185905
0.0929975
0.105403
0.145461
0.073638
0.0905722
0.102353
0.0303968
0.0301654
0.175757
0.149013
0.0370877
0.123097
0.145968
0.169677
0.0363186
0.0717345
0.138076
0.209863
0.0844622
0.09173
0.0858187
0.0598146
0.109573
0.187374
0.0682167
0.0415348
0.157192
0.129305
0.227169
0.112967
0.154949
0.0644553
0.0814561
0.166781
0.233185
0.0835652
0.20766
0.113737
0.16625
0.184357
0.0908116
0.156938
0.140224
0.158144
0.172092
0.086522
0.191384
0.171462
0.0810131
0.169196
0.15953
0.140434
0.128983
0.125687
0.131679
0.0622196
0.117023
0.03144
0.038902
0.129666
0.143771
0.0989804
0.0309359
0.138942
0.116249
0.144992
0.0498954
0.100341
0.0272478
0.0492322
0.146695
0.0979915
0.106763
0.0931666
0.137741
0.0660622
0.106828
0.150942
0.157203
0.0350388
0.12157
0.0955554
0.150916
0.146117
0.0849488
0.119102
0.117911
0.111808
0.0866246
0.170478
0.0494575
0.0662769
0.0398131
0.10244
0.134234
0.147259
0.205874
0.0736797
0.0828043
0.148986
0.108063
0.202373
0.074688
0.0691081
0.0510202
0.115963
0.0504487
0.145873
0.0714649
0.157543
0.047003
0.237876
0.137783
0.284865
0.0973619
0.0706867
0.139167
0.130182
0.11525
0.18952
0.185866
0.0818497
0.0570579
0.0969815
0.0560122
0.124012
0.0547423
0.145312
0.147611
0.0887243
0.0894366
0.225932
0.0350184
0.0927746
0.0454516
0.0990906
0.104128
0.0517375
0.136167
0.0396116
0.110811
0.152703
0.0691552
0.306773
0.126651
0.0974739
0.160912
0.0508744
0.157773
0.0956225
0.0786428
0.221727
0.0654947
0.0749792
0.0897299
0.0231358
0.103561
0.136991
0.120582
0.0707704
0.18139
0.174203
0.0981696
0.099903
0.138476
0.221468
0.0842756
0.120262
0.0758038
0.178419
0.122939
0.158415
0.114869
0.0168098
0.168555
0.106332
0.269841
0.145858
0.207551
0.141825
0.0473638
0.128281
0.208496
0.124418
0.0841515
0.171006
0.168732
0.0544997
0.231377
0.125026
0.196791
0.0598709
0.135095
0.102024
0.133414
0.139243
0.054387
0.152837
0.0768882
0.0613687
0.0680433
0.218514
0.0229147
0.19746
0.0948868
0.200195
0.130023
0.0506033
0.0825514
0.152616
0.184274
0.206453
0.112541
0.0709288
0.206271
0.0615498
0.170646
0.0668901
0.0404614
0.0296128
0.106177
0.170729
0.0753614
0.109229
0.182075
0.120815
0.118066
0.151769
0.080971
0.00534061
0.139409
3.1075
0.105839
0.0384039
0.0384826
0.0737157
0.0764816
0.0432995
0.201229
0.108595
0.122227
0.134532
0.0371828
0.0341549
0.126595
0.0740318
0.26211
0.0855385
0.139738
0.112803
0.0814506
0.191962
0.0764008
0.0658387
0.165715
0.186368
3.1483
0.136039
0.0830821
0.312346
0.0118694
0.104349
0.115592
0.187057
0.130818
0.179585
0.124532
0.0792803
0.0392938
0.105131
0.0328725
0.0838693
0.0454719
0.0673524
0.124173
0.109792
0.0627875
0.218805
0.0981231
0.151942
0.15831
0.162496
0.167944
0.120729
0.265479
0.1356
0.105019
0.131643
0.159096
0.137413
0.12539
0.0457412
0.170809
0.125389
0.0512604
0.0123288
0.0775534
0.172734
0.159042
0.120363
0.189529
0.148051
0.0825062
0.123689
0.127489
0.046007
0.130667
0.205474
0.0994887
0.212454
0.114448
0.102214
0.145134
0.114051
0.201782
0.214988
0.0968354
0.131831
0.0718781
0.063185
0.106528
0.1507
0.0968426
0.0954868
0.0894213
0.0768055
0.142265
0.129755
0.125068
0.139366
0.243059
0.172294
0.107232
0.212185
0.114896
0.080053
0.0329564
0.189491
0.114001
0.0549692
0.117121
0.0772479
0.0685529
0.114626
0.0536039
0.104487
0.0824289
0.193354
0.0422711
0.073207
0.102025
0.0537082
0.142604
0.111202
0.159139
0.144331
0.0510664
0.100175
0.0235111
0.0886032
0.12809
0.104036
0.0628403
0.0440479
0.0289921
0.0708225
0.0628061
0.116593
0.152992
0.0836577
0.150817
0.121484
0.167893
0.101965
0.0831177
0.112599
0.0609689
0.0835255
0.0600703
0.115215
0.0874112
0.134776
0.253811
0.130654
0.179941
0.180028
0.0611528
0.134064
0.03704
0.0692062
0.127365
0.179012
0.119089
0.124604
0.0599499
0.166521
0.184714
0.182981
0.148051
0.158878
0.154283
0.207772
0.196
0.0540502
0.0681385
0.0602861
0.121752
0.0422209
0.0884657
0.0631179
0.131131
0.106737
0.0477889
0.0773495
0.0717752
0.0702533
0.174079
0.123796
0.152583
0.0755606
0.118426
0.192637
0.0534877
0.108857
0.0374639
0.21465
0.063639
0.0454261
0.227022
0.0895346
0.118764
0.101517
0.147934
0.125128
0.0747429
0.108624
0.107673
0.173424
0.119016
0.130153
0.19485
0.0783373
0.102896
0.201417
0.123413
0.183877
0.124072
0.252431
0.0360768
0.136739
0.0778902
0.0481388
0.178945
0.128626
0.136856
0.0776939
0.189951
0.10633
0.26583
0.0566155
0.141275
0.0984926
0.0944343
0.143833
0.0171317
0.0981861
0.0574833
0.109225
0.142917
0.121689
0.129351
0.142756
0.119657
0.108597
0.162837
0.131066
0.023577
0.0704642
0.100759
0.100921
0.15386
0.162519
0.0588558
0.203191
0.145446
0.0386151
0.119288
0.139831
0.0946576
0.181879
0.13303
0.156324
0.0858543
0.126972
0.100251
0.0816865
0.121398
0.209077
0.0875779
0.110603
0.119663
0.146853
0.140633
0.107312
0.0281105
0.0626077
0.0790421
0.0453657
0.108947
0.0361146
0.0535726
0.155065
0.0619256
0.211878
0.124015
0.128411
0.0648384
0.0861712
0.076944
0.0900136
0.205807
0.13538
0.140156
0.136244
0.106418
0.085678
0.140699
0.153281
0.127806
0.0928258
0.261751
0.152466
0.144887
0.036248
0.132754
0.162012
0.0695354
0.136677
0.0893113
0.0308223
0.0926603
0.136221
0.103825
0.196652
0.211075
0.10177
0.0930371
0.126962
0.133235
0.133206
0.0659112
0.142214
0.023124
0.256881
0.156932
0.305013
0.177192
0.0864257
0.103075
0.0493472
0.0575286
0.177239
0.0997087
0.0939605
0.117246
0.137052
0.0346088
0.170563
0.176449
0.250697
0.071344
0.133197
0.157728
0.127682
0.0315738
0.0945259
0.191071
0.102379
0.109845
0.081022
0.0307837
0.176204
0.0539909
0.0929582
0.0502479
0.176556
0.0660879
0.0743643
0.0568129
0.0353441
0.0708881
0.175835
0.0983599
0.131642
0.169651
0.0935925
0.204893
0.0797322
0.139633
0.239449
0.220732
0.125082
0.117819
0.122902
0.191446
0.0744764
0.138434
0.125432
0.137668
0.0765404
0.165797
0.0430609
0.142063
0.169803
0.0986685
0.110721
0.177304
0.266463
0.11173
0.140375
0.0709333
0.0997382
0.153118
0.0293102
0.202429
0.109921
0.126907
0.0223372
0.0629913
0.172912
0.145507
0.0749669
0.134809
0.128273
0.111019
0.0855508
0.127978
0.0628505
0.228421
0.261932
0.184336
0.180993
0.0548948
0.12675
0.148337
0.0110895
0.0785408
0.0410918
0.102776
0.15958
0.149048
0.0130447
0.260624
0.114037
0.103483
0.133314
0.107483
0.189992
0.136985
0.0887973
0.134147
0.195267
0.137683
0.197494
0.254804
0.231982
0.0960978
0.0557445
0.0923217
0.176087
0.168166
0.277748
0.125693
0.217025
0.0618086
0.134133
0.0321452
0.171578
0.169832
0.0850455
0.109538
0.116402
0.0634843
0.0602922
0.0697203
0.205934
0.122542
0.0327266
0.323404
0.110027
0.139335
0.108085
0.163551
0.124075
0.0964426
0.0548577
0.114667
0.0496519
0.142714
0.0500028
0.0485557
0.0639224
0.0325657
0.158159
0.0974235
0.0447904
0.0748816
0.0591719
0.194113
0.134479
0.125239
0.0340894
0.116073
0.0770685
0.0833593
0.0755946
0.0251224
0.0588531
0.256192
0.139768
0.0393469
0.181655
0.0366734
0.0316537
0.0549887
0.230824
0.136746
0.025123
0.0598693
0.144067
0.169592
0.100418
0.0703967
0.085863
0.0380274
0.0223716
0.138232
0.0970846
0.118003
0.127601
0.143081
0.138463
0.104338
0.127993
0.130813
0.144132
0.0699352
0.0828164
0.1128
0.118923
0.0374555
0.0753751
0.123458
0.170972
0.0677971
0.0196552
0.173471
0.173979
0.173087
0.0610256
0.0829691
0.103157
0.142213
0.129928
0.0443231
0.0838128
0.157303
0.0856321
0.0772032
0.155858
0.133493
0.106152
0.157949
0.0641735
0.0852676
0.0605548
0.0945171
0.0845187
0.0791375
0.159477
0.131526
0.16992
0.152073
0.131526
0.162746
0.0587159
0.0904294
0.174305
0.0725024
0.248252
0.0183259
0.101489
0.0881833
0.144971
0.35329
0.163699
0.190092
0.133215
0.0799819
0.163309
0.114111
0.0802117
0.0628187
0.0970222
0.0570886
0.119318
0.142193
0.118133
0.189024
0.0506855
0.069322
0.114586
0.164143
0.166555
0.0767283
0.0459268
0.0594658
0.15359
0.0948
0.180243
0.108946
0.140443
0.0714174
0.0913204
0.150088
0.197641
0.0653276
0.0906115
0.0867418
0.0978043
0.0832133
0.108826
0.0796348
0.0633544
0.09396
0.101914
0.0708278
0.146419
0.0677734
0.119611
0.0870928
0.164395
0.0790727
0.140409
0.0246837
0.118841
0.141769
0.0529954
0.0678492
0.0776243
0.0447699
0.066925
0.153772
0.134617
0.130082
0.111816
0.0859372
0.0937917
0.201017
0.0608587
0.112054
0.0700851
0.100275
0.175604
0.0355576
0.0761908
0.0369148
0.0942658
0.0184757
0.0216358
0.1301
0.038443
0.0883141
0.296841
0.013539
0.0950469
0.0410581
0.0410662
0.0502327
0.138052
0.0648771
0.059853
0.083144
0.11246
0.197392
0.15978
0.119526
0.110543
0.137267
0.0684629
0.0763597
0.119308
0.143622
0.102821
0.08588
0.0627491
0.16109
0.0473208
0.129187
0.147329
0.0917564
0.197235
0.161839
0.0729421
0.0571988
0.0669812
0.124174
0.0447193
0.0924665
0.112655
0.11982
0.069367
0.0733247
0.11291
0.166694
0.0450234
0.187711
0.184762
0.138026
0.102431
0.12995
0.132199
0.125118
0.0898972
0.132312
0.0539994
0.0731106
0.081455
0.115267
0.124667
0.230555
0.0698063
0.248684
0.0871918
0.0802731
0.126968
0.134941
0.172602
0.114084
0.123227
0.142392
0.0785638
0.042644
0.166821
0.0690958
0.175338
0.0655874
0.045854
0.116816
0.124268
0.0962289
0.151101
0.107187
0.271644
0.0870758
0.0763676
0.133098
0.116077
0.119795
0.149995
0.15722
0.03148
0.216941
0.0934783
0.0627096
0.133639
0.139342
0.0493116
0.117598
0.109047
0.080961
0.162546
0.0901157
0.188766
0.0536651
0.105955
0.136737
0.0953574
3.14304
0.0522074
0.15729
0.0658131
0.121379
0.0610599
0.100405
0.116551
0.059842
0.141265
0.138166
0.0403684
0.1351
0.061295
0.137817
0.0587959
0.172518
0.0156493
0.0273651
0.0998833
0.130104
0.091339
0.227313
0.20065
0.0855919
0.227165
0.0960604
0.0604853
0.138319
0.0911358
0.179348
0.13163
0.130453
0.136029
0.131072
0.12496
0.113032
0.0992784
0.0857627
0.05804
0.11747
0.177104
0.110098
0.107926
0.104854
0.13765
0.127865
0.113446
0.0531074
0.115578
0.15971
0.0697445
0.134241
0.0605959
0.0311001
0.10664
0.0841022
0.190358
0.0924384
0.190844
0.137114
0.0691454
0.113461
0.0235815
0.0421595
0.0810466
0.14413
0.151605
0.228132
0.349129
0.12368
0.154667
0.190828
0.122282
0.0207925
0.236416
0.120527
0.0806335
0.18969
0.133921
0.188041
0.00856847
0.0681726
0.160979
0.19676
0.115608
0.0943118
0.0587776
0.184053
0.180995
0.13499
0.10716
0.11601
0.15142
0.0997273
2.96183
0.101805
0.0275669
0.216584
0.0992211
0.193343
0.0123957
0.0962806
0.170054
0.0688427
0.087955
0.0996022
0.0795536
0.0999766
0.035762
0.0804449
0.107066
0.0453807
0.0871533
0.0433496
0.148451
0.186496
0.0495229
0.092972
0.0659169
0.0897958
0.134535
0.0909556
0.109561
0.147365
0.0905712
0.1692
0.206369
0.198602
0.0835801
0.0490804
0.170464
0.101642
0.163483
0.114125
0.042595
0.0544598
0.051914
0.140967
0.0445653
0.154164
0.13405
0.136455
0.167766
0.0922015
0.0951606
0.19228
0.0882517
0.0741993
0.0216906
0.106925
0.00938737
0.194246
0.113066
0.100201
0.0310888
0.0325806
0.0861751
0.207536
0.112266
0.164721
0.0831636
0.22211
0.104063
0.0790826
0.0343836
0.0411537
0.192033
0.095475
0.0512867
0.0588519
0.0890704
0.104082
0.113353
0.0398902
0.0834028
0.099474
0.0519874
0.177695
0.0662206
0.101495
0.150553
0.0854353
0.0973367
0.335596
0.701465
3.05886
0.234508
3.11848
0.42243
0.170656
0.186089
0.268196
0.337181
0.0615732
0.351793
0.390057
2.9336
2.97072
0.160533
0.229431
0.18959
3.10928
0.135593
0.207621
0.160354
0.250854
0.258092
0.0796791
0.117584
0.232468
0.093434
0.170137
0.302278
2.08381
0.074191
0.142903
0.0236627
0.122745
0.11683
0.0458144
0.14048
0.0520659
0.0754269
0.213904
0.114798
0.0527952
0.0457716
0.0877172
0.202264
0.0614937
0.145062
0.0756736
0.097497
0.076304
0.142596
0.0540298
0.0687761
0.0892844
0.0881047
0.120707
0.182827
0.100129
0.156921
0.0488666
0.102942
0.135612
0.138007
0.00953134
0.206648
0.128287
0.21015
0.133658
0.16508
0.0720103
0.120608
0.13291
0.1858
0.126546
0.117049
0.153127
0.0924514
0.072769
0.139552
0.0749261
0.231011
0.0533958
0.178064
0.0802337
0.108605
0.110891
0.110219
0.0685385
0.113505
0.172816
0.128006
0.04112
0.122022
0.0917742
0.139176
0.155569
0.0208841
0.0693966
0.0435577
0.115061
0.165082
0.149255
0.158325
0.0274439
0.0986526
0.0480252
0.142506
0.102511
0.150408
0.0245842
0.158197
0.135636
0.0607645
0.063021
0.171477
0.0468392
0.165315
0.08312
0.203389
0.080138
0.0934722
0.190363
0.0437829
0.185625
0.104205
0.212673
0.0225935
0.147969
0.152636
0.204304
0.134889
0.113853
0.124514
0.0780862
0.142346
0.151287
0.133287
0.0681556
0.174718
0.17837
0.0990436
0.0875608
0.0302685
0.0815125
0.177791
0.0713562
0.0987998
0.0130034
0.16343
0.182132
0.117024
0.116403
0.147855
0.116268
0.112248
0.165829
0.0405879
0.117234
0.0963888
0.127036
0.111723
0.113474
0.154213
0.0351849
0.135497
0.102269
0.0870652
0.123797
0.0721321
0.109987
0.0666964
0.107377
0.128105
0.11881
0.0677932
0.124096
0.286424
0.0595387
0.12735
0.108391
0.106309
0.161619
0.170372
0.0810732
0.116852
0.0985497
0.106244
0.0557972
0.123739
0.0410957
0.137651
0.102159
0.0328702
0.0252795
0.0522523
0.0951862
0.081915
0.103388
0.0661426
0.117535
0.171984
0.0985485
0.110092
0.0449799
0.111895
0.0685369
0.128542
0.190107
0.0749821
0.0798673
0.110165
0.138182
0.0546179
0.0712475
0.221305
0.0784836
0.142016
0.0663561
0.308959
0.204195
0.0977357
0.0970257
0.0937578
0.0640457
0.164453
0.185566
0.056506
0.119978
0.0675165
0.0472166
0.0597893
0.146383
0.100364
0.102792
0.180937
0.205341
0.0748329
0.0776935
0.0793383
0.0926638
0.155387
0.226678
0.1641
0.0689983
0.143729
0.2176
0.18778
0.0682467
0.0926826
0.109715
0.0671586
0.0939812
0.0816177
0.190575
0.116385
0.0886138
0.0533095
0.0179451
0.112918
0.0591628
0.122377
0.0741691
0.0474904
0.0634494
0.111276
0.0342029
0.0490728
0.118477
0.0976754
0.204429
0.0428422
0.105769
0.112612
0.185013
0.112888
0.0576349
0.0677961
0.0854784
0.150119
0.0981084
0.121922
0.0777537
0.0995126
0.0283616
0.191152
0.148797
0.107496
0.167888
0.129472
0.158237
0.0625567
0.1128
0.0299241
0.0985921
0.119079
0.0293947
0.127152
0.0987848
0.105084
0.0733417
0.0554538
0.0783768
0.197913
0.088585
0.189102
0.0583297
0.126712
0.113682
0.0378142
0.16293
0.171611
0.0900514
0.144694
0.162086
0.0427467
0.0158884
0.0253538
0.105975
0.228719
0.0933009
0.116006
0.0939145
0.331202
0.100375
0.115091
0.110305
0.0884634
0.075064
0.125611
0.0395117
0.0930199
0.249471
0.124207
0.255869
0.0969284
0.161806
0.0632924
0.0829921
0.182784
0.0110993
0.066512
0.168449
0.093772
0.14337
0.15769
0.134463
0.150553
0.0850154
0.0413958
0.236501
0.0638215
0.0575665
0.118786
2.98088
0.204241
0.0443804
0.103578
0.0426847
0.117721
0.11304
0.127339
0.118765
0.152745
0.0523042
0.0519288
0.169774
0.198755
0.0179762
0.0422002
0.0540526
0.0417973
0.0941
0.0538168
0.165355
0.0829834
0.178055
0.227141
0.182671
0.231399
0.08254
0.102839
0.172818
0.136519
0.0767886
0.178773
0.220536
0.146661
0.169704
0.243775
0.153748
0.173376
0.198606
0.112023
0.0876402
0.154005
0.153255
0.0579749
0.0996564
0.204765
0.116021
0.159973
0.141312
0.103618
0.0414064
0.122327
0.0912432
0.118969
0.193814
0.10982
0.177024
0.0584591
0.132611
0.15224
0.0374346
0.0696054
0.0780184
0.0874801
0.0878892
0.226051
0.0785958
0.178539
0.145306
3.11904
0.154728
0.131448
0.172001
0.075541
0.137814
0.0461119
0.184129
0.135989
0.0975026
0.136029
0.17031
0.0539019
0.206746
0.0982294
0.168482
0.026813
0.133569
0.217108
0.104777
0.0415422
0.0647766
0.157063
0.058142
0.122383
0.103534
0.257977
0.160762
0.0516521
0.096563
0.146311
0.123023
0.102836
0.087572
0.0584813
0.253558
0.0825798
0.146224
0.147026
0.102176
0.134693
0.0325019
0.0682598
0.231844
0.0239519
0.143964
0.128678
0.0815677
0.31212
0.170749
0.0582632
0.1695
0.17889
0.0868147
0.0850431
0.113586
0.0785665
0.140569
0.137768
0.14676
0.108075
0.0496413
0.187951
0.0946834
0.123685
0.108191
0.0337136
0.192308
0.162257
0.0467632
0.136821
0.0666167
0.229518
0.102499
0.105144
0.164534
0.0579031
0.0226919
0.0283251
0.130042
0.148983
0.132854
0.0860073
0.159361
0.176409
0.117396
0.101587
0.0611231
0.0856352
0.0835045
0.122933
0.11945
0.112581
0.0974234
0.181679
0.0720096
0.0455398
0.117538
0.113267
0.0800878
0.116731
0.134942
0.0989345
0.112517
0.136165
0.0962623
0.143239
0.0952076
0.0476456
0.0842054
0.0933177
0.0296269
0.0590594
0.107158
0.0487292
0.0843316
0.0374599
0.0925595
0.0775145
0.0520985
0.188279
0.179473
0.182024
0.168792
0.0630911
0.255803
0.111503
0.0319503
0.0685117
0.180612
0.17372
0.191591
0.12087
0.0433229
0.215934
0.188309
0.101012
0.135859
0.0904426
0.13471
0.11556
0.148578
0.173252
0.133634
0.194306
0.066877
0.167037
0.0602367
0.14778
0.0486219
0.173625
0.164534
0.153999
0.106471
0.146523
0.0960412
0.136446
0.0767446
0.146515
0.0545963
0.0932259
0.181659
0.0666969
0.161815
0.163104
0.0591775
0.0712402
0.0936341
0.153171
0.189591
0.0773749
0.158228
0.136939
0.0132313
0.149884
0.0751702
0.104083
0.077921
0.0604507
0.142097
0.0999491
0.118314
0.159249
0.0620257
0.132579
0.0450912
0.101956
0.102843
0.31971
0.112559
0.0994776
0.0609039
0.147747
0.0447159
0.0852779
0.0533275
0.476649
0.122388
0.17619
0.136931
0.061525
0.163266
0.0605498
0.128067
0.0898228
0.127872
0.0746785
0.10646
0.0434121
0.23196
0.0566495
0.125253
0.144208
0.204966
0.073862
0.105909
0.0325111
0.140723
0.0679568
0.141748
0.13843
0.140945
0.181609
0.243391
0.24641
0.0467669
0.0771924
0.261864
0.115349
0.175604
0.0622807
0.0563836
0.169935
0.0952502
0.0965271
0.110353
0.181668
0.12078
0.0466263
0.146209
0.0620773
0.133369
0.155482
0.170116
0.043685
0.0100142
0.0888791
0.189001
0.110747
0.125775
0.146437
0.170714
0.0188004
0.188669
0.20065
0.102857
0.141266
0.147929
0.119936
0.0959874
0.0757366
0.188526
0.0934857
0.0536461
0.101384
0.125025
0.0809529
0.137855
0.0525597
0.0597452
0.103583
0.151895
0.0890014
0.0522579
0.0420454
0.165998
0.162634
0.111823
0.0909494
0.120858
0.12411
0.108678
0.1917
0.107866
0.0533824
0.151295
0.0847884
0.0905612
0.0460612
0.09872
0.206182
0.132143
0.147582
0.0223734
0.113213
0.134459
0.352903
0.148089
0.124068
0.0731851
0.0535286
0.134693
0.106472
0.0491935
0.114546
0.127689
0.109937
0.0531886
0.118241
0.0343173
0.0465584
0.0992989
0.168515
0.0633991
0.157962
0.12614
0.135798
0.0747272
0.0885703
0.231673
0.176948
0.0599558
0.12964
0.0420119
0.231105
0.158748
0.148719
0.157561
0.149657
0.0350837
0.0691808
0.124121
0.0818096
0.195914
0.080562
0.13398
0.0835849
0.187471
0.12396
0.156134
0.177209
0.0256318
0.0551912
0.242709
0.169401
0.0914886
0.0608836
0.0791089
0.0826422
0.176852
0.0656529
0.200426
0.0223145
0.0859611
0.0534686
0.127039
0.133162
0.194718
0.108793
0.048741
0.141591
0.146207
0.102053
0.165452
0.208079
0.0967902
0.218875
0.0203868
0.142384
0.0598873
0.166146
0.0515398
0.131167
0.101462
0.156309
0.116838
0.132445
0.119542
0.0316807
0.0940067
0.0852896
0.166857
0.12147
0.117273
0.144233
0.17927
0.110683
0.0978677
0.10167
0.104703
0.112066
0.0770407
0.0303267
0.121052
0.0632258
0.109825
0.0699707
0.147924
0.198703
0.117311
0.0642926
0.0381047
0.134339
0.165703
0.123611
0.12602
0.189673
0.0324325
0.155051
0.297706
0.160088
0.248209
0.173237
0.0700853
0.0752632
0.0796184
0.117292
0.127953
0.258815
0.00998474
0.119638
0.340534
0.111621
0.165192
0.112711
0.247983
0.109953
0.190341
0.0684858
0.212276
0.17157
0.171995
0.0782626
0.186577
0.127391
0.06475
0.150055
0.114154
0.0717434
0.145801
0.172277
0.133343
0.213437
0.0874653
0.175086
0.110415
0.0444548
0.102664
0.193566
0.101676
0.0833592
0.0885923
0.0664551
0.0613462
0.103241
0.132975
0.152445
0.209915
0.116489
0.182069
0.164991
0.067851
0.0138118
0.173587
0.130838
0.0788559
0.0567926
0.0886468
0.174752
0.0635469
0.121834
0.189575
0.148566
0.124306
0.160595
0.0608073
0.034151
0.0447982
0.117781
0.143397
0.114143
0.11263
0.185716
0.151989
0.170301
0.102959
0.0465761
0.0890901
0.121862
0.0608866
0.102978
0.153677
0.101958
0.0913455
0.176401
0.136631
0.224877
0.269971
0.249824
0.124707
0.157563
0.0503992
0.073376
0.141416
0.161332
0.0425905
0.358451
0.118276
0.202328
0.117604
0.0251322
0.0535519
0.106231
0.120489
0.113462
0.104356
0.120213
0.10621
0.0270766
0.0916412
0.0634422
0.0135564
0.101756
0.109477
0.0472942
0.0608201
0.189375
0.177145
0.0730549
0.0698093
0.10751
0.0438556
0.14007
0.125652
0.0957822
0.0575493
0.12924
0.127415
0.0673508
0.0511
0.194738
0.153704
0.106342
0.0815955
0.151917
0.132823
0.0624333
0.0147515
0.106086
0.186092
0.147705
0.22611
0.0739161
0.115752
0.0466467
0.112943
3.11733
0.119178
0.105078
0.0958082
0.0806605
0.124823
0.0604439
0.0887449
0.0619757
0.0672095
0.0969315
0.0964918
0.0425699
0.116666
0.1942
0.118168
0.101444
0.107707
0.125042
0.215482
0.171462
0.162383
0.112188
0.0990047
0.0622649
0.126349
0.0473836
0.104149
0.0387707
0.211722
0.060633
0.170367
0.151091
0.16757
0.0550781
0.09032
0.200109
0.0745823
0.0380729
0.136333
0.119084
0.177771
0.212496
0.140541
0.0512302
0.0850236
0.0653581
0.250116
0.103043
0.164498
0.121549
0.0246927
0.0919063
0.0624441
0.154804
0.299396
0.0881513
0.184168
3.10214
0.0517315
0.13616
0.0899723
0.0904848
0.0486155
3.14505
0.0356198
0.161444
0.19649
0.0121135
0.081575
0.0840965
0.105814
0.033299
0.117989
0.12645
0.0796174
0.150003
0.0263312
0.0705447
0.0110991
0.158357
0.123444
0.0448533
0.055721
0.0826923
0.0952853
0.0234752
0.0978205
0.11792
0.188299
0.195581
0.167465
0.0759362
0.0761184
0.161155
0.218697
0.317116
0.119472
0.239853
0.155739
0.110975
0.105551
0.147283
0.110237
0.0668812
3.1467
0.0899428
0.102994
0.148515
0.08599
0.219326
0.162511
0.108051
3.12343
3.09728
0.183011
3.12554
0.177414
0.0958176
3.15516
0.28783
0.229425
0.181783
0.172371
0.0815857
0.194851
0.0539885
0.107081
0.178921
0.0842234
0.0405891
2.96663
0.0771877
3.0056
0.172181
0.123594
0.150845
0.113513
0.181515
0.0595828
0.0608058
0.0841754
3.07815
0.207992
0.177746
0.0223522
0.0575471
0.151259
0.239554
0.171097
0.137594
3.10994
0.122514
0.240037
0.0246987
0.130719
0.352232
0.194218
0.0549125
0.21321
0.324604
0.153685
0.123175
