0.148521
0.162982
0.0630481
0.013333
0.0629821
0.0836842
0.0842223
0.128744
0.126193
0.193353
0.121839
0.12956
0.120781
0.0788456
0.155885
0.133618
0.0247443
0.0268931
0.152838
0.082727
0.0184077
0.111148
0.0584152
0.0972259
0.112244
0.0747436
0.10245
0.264547
0.0874642
0.0415396
0.168202
0.0492798
0.146882
0.111317
0.103707
0.112396
0.12066
0.0553828
0.115031
0.264103
0.0247017
0.0780748
0.231242
0.0309014
0.0708236
0.194098
0.0977272
0.148318
0.049918
0.0671507
0.170713
0.0391274
0.142706
0.131015
0.133319
0.0777961
0.0108504
0.144668
0.0330114
0.165792
0.0530559
0.18156
0.18229
0.036791
0.0920366
0.0407462
0.0883391
0.198965
0.0844725
0.0973492
0.00366827
0.0854686
0.103442
0.0761851
0.100767
0.143027
0.0837666
0.0740325
0.132614
0.137274
0.141895
0.075176
0.0849937
0.100896
0.0889931
0.0409224
0.0879542
0.132942
0.122591
0.037599
0.161333
0.0592258
0.084243
0.0809193
0.148698
0.149644
0.101107
0.0734942
0.055854
0.144653
0.100539
0.122464
0.0838565
0.0903635
0.105709
0.145488
0.111721
0.0425934
0.0729974
0.0813182
0.0678082
0.133333
0.139864
0.167341
0.104356
0.127848
0.193409
0.0592472
0.0800805
0.153595
0.105847
0.0343019
0.0981993
0.111629
0.17211
0.0927037
0.0976941
0.0844753
0.059425
0.0520347
0.116472
0.0624808
0.0655276
0.120597
0.125684
0.0416326
0.153955
0.0840575
0.0633152
0.102212
0.186566
0.0540266
0.0430014
0.0904094
0.0932159
0.18344
0.0917792
0.082033
0.0278769
0.0946801
0.0998964
0.0788748
0.12681
0.126229
0.131229
0.214114
0.26984
0.269056
0.189639
0.0869363
0.15982
0.0923682
0.231752
0.0362305
0.0824893
0.0410314
0.0797407
0.192834
0.0799624
0.0903788
0.178964
0.161051
0.121767
0.0294373
0.192373
0.0652734
0.143938
0.135494
0.144335
0.146443
0.0751119
0.0332924
0.0256958
0.088514
0.248548
0.117753
0.108302
0.117793
0.152725
0.042321
0.100409
0.0607149
0.122042
0.0776417
0.133677
0.166525
0.0265948
0.217074
0.148587
0.0894285
0.0244662
0.140326
0.0760788
0.0878745
0.055304
0.104794
0.130698
0.1104
0.138176
0.0309641
0.0827655
0.0186162
0.0629007
0.0433241
0.125052
0.0906258
0.0801376
0.031456
0.0744346
0.0861043
0.16304
0.0268142
0.0870417
0.0565749
0.0829916
0.102371
0.0386496
0.21417
0.0774988
0.0890636
0.123174
0.0365058
0.114718
0.05024
0.0942818
0.171966
0.160823
0.237547
0.0665369
0.086281
0.0939953
0.105857
0.153945
0.0758989
0.0695679
0.0980675
0.038837
0.25657
0.109528
0.147562
0.201535
0.158699
0.127652
0.106942
0.161075
0.131195
0.198362
0.098413
0.190173
0.092485
0.0785361
0.142191
0.0792888
0.193589
0.0763027
0.0308747
0.182637
0.0961231
0.0334862
0.0759526
0.212757
0.047416
0.136489
0.140508
0.0648939
0.0331258
0.102131
0.046976
0.0518121
0.0736008
0.126162
0.102201
0.15899
0.106722
0.0751351
0.151282
0.0739724
0.157316
0.20171
0.148257
0.0538492
0.146274
0.100851
0.15536
0.102881
0.0956741
0.0939972
0.15281
0.0683088
0.0448874
0.00381517
0.0599055
0.0255037
0.0278498
0.117624
0.167613
0.0737948
0.348652
0.109978
0.155592
0.143776
0.147086
0.0371627
0.100524
0.0971425
0.0382078
0.0657629
0.125939
0.0146011
0.215003
0.147263
0.0776737
0.12002
0.154794
0.110041
0.0494842
0.0594384
0.0500458
0.107847
0.0988725
0.0849973
0.172219
0.0582566
0.20279
0.204487
0.0444611
0.0680006
0.109778
0.0746858
0.148179
0.135486
0.130231
0.124709
0.0501726
0.111196
0.0965013
0.0385252
0.0485379
0.23064
0.0992912
0.105281
0.0654353
0.1343
0.0871797
0.0334259
0.155164
0.0987462
0.140573
0.0515162
0.0439801
0.0918427
0.205237
0.128895
0.0713923
0.215255
0.252994
0.0650589
0.129123
0.0524134
0.115016
0.107332
0.147585
0.00845943
0.196213
0.132985
0.0790666
0.110944
0.103105
0.057804
0.0563174
0.123722
0.151784
0.106347
0.0570218
0.188824
0.0762027
0.1095
0.0914194
0.157332
0.162484
0.153679
0.0586036
0.0594408
0.0734054
0.1087
0.0657924
0.133535
0.0785429
0.10853
0.0692316
0.140755
0.03949
0.0592709
0.071686
0.125854
0.182541
0.088984
0.0783218
0.0888802
0.118826
0.0401692
0.113419
0.105536
0.116806
0.114266
0.0355321
0.111396
0.124738
0.195228
0.0589935
0.118177
0.102503
0.0421445
0.113596
0.0387524
0.112148
0.0809505
0.0786442
0.0813847
0.11981
0.190874
0.0693873
0.0963661
0.0163231
0.0567298
0.0730896
0.0286426
0.103305
0.0883723
0.0655406
0.0579142
0.095702
0.0948038
0.0565573
0.0775879
0.0956986
0.119016
0.112137
0.159995
0.0671256
0.0552875
0.109034
0.212713
0.104841
0.0614284
0.156871
0.0963094
0.0350189
0.0344793
0.00820007
0.0331971
0.0573601
0.107959
0.0993791
0.0712321
0.047602
0.0875849
0.0456101
0.0827704
0.041464
0.136491
0.0833614
0.112262
0.0765284
0.224514
0.215515
0.157107
0.125608
0.0550405
0.121579
0.146727
0.147913
0.0749721
0.0696652
0.152578
0.0779818
0.130492
0.160694
0.137952
0.0452644
0.0807362
0.0413241
0.0627397
0.070413
0.0644657
0.0861639
0.136255
0.104293
0.123102
0.2298
0.0238717
0.103925
0.192705
0.183635
0.19603
0.0839225
0.0222845
0.184853
0.153344
0.0658388
0.0987674
0.160403
0.0953753
0.0672791
0.114316
0.199911
0.107908
0.021109
0.020427
0.0999554
0.16981
0.0872817
0.127427
0.0283226
0.162536
0.0485758
0.149121
0.090496
0.0665953
0.0136048
0.0537131
0.044672
0.217157
0.165437
0.129679
0.15254
0.084463
0.0813641
0.120265
0.181226
0.0340291
0.240312
0.0120941
0.200572
0.109261
0.0979826
0.170464
0.135281
0.112683
0.0985481
0.122187
0.028152
0.110338
0.162552
0.0665405
0.0555608
0.137966
0.0985765
0.0368505
0.18157
0.107436
0.108555
0.0921637
0.0547694
0.073563
0.0745583
0.072821
0.195699
0.0938751
0.0598442
0.111651
0.102685
0.120342
0.125875
0.0354086
0.21608
0.0928213
0.0695231
0.174783
0.107925
0.189567
0.212412
0.131227
0.218298
0.107851
0.0377249
0.0836322
0.240947
0.0810857
0.0877598
0.128228
0.077709
0.121569
0.0955341
0.0939105
0.00298941
0.105925
0.260531
0.0613677
0.359816
0.0378754
0.228202
0.218757
0.0975384
0.175301
0.135278
0.0757846
0.0806115
0.0684801
0.0378499
0.0742933
0.186928
0.0533478
0.210238
0.0966182
0.13
0.0192335
0.0558097
0.0239765
0.214447
0.0594168
0.0770865
0.121444
0.159851
0.0933349
0.0224178
0.218102
0.19608
0.177469
0.0380538
0.197944
0.088248
0.114474
0.0533203
0.111937
0.0766007
0.0910888
0.131192
0.0553686
0.173869
0.0759681
0.073668
0.0739314
0.123235
0.0311454
0.0220253
0.0380535
0.102102
0.0215592
0.112038
0.132679
0.120203
0.0569316
0.19577
0.185926
0.182541
0.0264832
0.0974588
0.103832
0.153984
0.0535863
0.0683409
0.144483
0.149797
0.117121
0.134557
0.164609
0.0749537
0.181051
0.126772
0.0907128
0.129527
0.102206
0.0459404
0.0153745
0.178079
0.0612868
0.110916
0.105618
0.213429
0.0866762
0.108257
0.196561
0.125014
0.0380358
0.135984
0.0666327
0.0390091
0.0497563
0.126071
0.0553792
0.0534334
0.0457279
0.152295
0.195455
0.060606
0.18483
0.0723185
0.109381
0.0630149
0.0546543
0.0623454
0.17374
0.0643265
0.0992428
0.0848481
0.111916
0.240509
0.0790959
0.0705321
0.0660295
0.151918
0.104784
0.0513911
0.0742029
0.0780215
0.105178
0.142428
0.0589164
0.0681026
0.0492718
0.153884
0.11667
0.014511
0.0695442
0.149609
0.107515
0.177787
0.182048
0.134824
0.20627
0.154977
0.163653
0.109768
0.193345
0.134486
0.1072
0.0482356
0.148332
0.121213
0.110403
0.187245
0.0813497
0.123749
0.0679199
0.0932
0.0294876
0.0655707
0.0844608
0.0815202
0.0343484
0.0792924
0.0495618
0.141464
0.120437
0.0699497
0.0633151
0.184369
0.0868174
0.122476
0.119026
0.109666
0.117631
0.0517322
0.0761805
0.100535
0.150265
0.138575
0.0630077
0.0782433
0.0594086
0.0256272
0.103321
0.0775322
0.120307
0.0138518
0.102544
0.0369047
0.0450822
0.0662301
0.111581
0.149027
0.0604574
0.117045
0.158209
0.0081472
0.110534
0.0808515
0.137606
0.208897
0.0608913
0.048191
0.186294
0.0811725
0.0938179
0.0629321
0.100048
0.0775786
0.0395966
0.0423892
0.123342
0.0416648
0.155465
0.164102
0.0721403
0.16984
0.142414
0.0499953
0.0918813
0.0668977
0.115642
0.122246
0.0510305
0.0972509
0.0930925
0.0381395
0.0658755
0.0759855
0.136116
0.0611682
0.0728892
0.0641191
0.0245252
0.045507
0.137272
0.110539
0.233487
0.223927
0.127365
0.160227
0.154917
0.123756
0.124312
0.194334
0.0749659
0.0602621
0.0528247
0.0960579
0.0690949
0.0699264
0.0626864
0.0573081
0.0448958
0.0905089
0.163239
0.0728063
0.120996
0.20912
0.115813
0.190026
0.170423
0.0392647
0.129786
0.12821
0.205562
0.176277
0.273693
0.110659
0.0794457
0.0855312
0.122351
0.0991067
0.22189
0.151759
0.108208
0.0717203
0.171189
0.0602798
0.0997689
0.0880122
0.13154
0.143173
0.0780298
0.0205108
0.101558
0.111669
0.125348
0.168681
0.144479
0.0433266
0.125012
0.157409
0.101939
0.108423
0.225328
0.0906807
0.0857712
0.111213
0.121709
0.143202
0.107736
0.0824081
0.108286
0.169444
0.140679
0.188734
0.140902
0.0890717
0.100868
0.177476
0.114524
0.102994
0.101965
0.0646153
0.0559977
0.104747
0.0615157
0.0511528
0.125448
0.133648
0.114812
0.0668343
0.0987985
0.0721381
0.0969069
0.109614
0.0535351
0.0500766
0.0882344
0.080494
0.107727
0.147184
0.0895642
0.0582518
0.125122
0.0718569
0.125047
0.151464
0.193909
0.0736244
0.0240137
0.0682906
0.0734271
0.0608189
0.10292
0.146351
0.0913754
0.0709775
0.0957188
0.0823559
0.0361305
0.0626928
0.164246
0.0396872
0.190324
0.185064
0.0737778
0.0629614
0.0410739
0.0870041
0.140347
0.107077
0.0241738
0.062815
0.138526
0.0658779
0.0624897
0.0775185
0.0935666
0.0993939
0.17426
0.116498
0.0804625
0.146347
0.140798
0.0425287
0.0306973
0.126108
0.0818408
0.119771
0.0695695
0.120936
0.0211161
0.094315
0.260313
0.155943
0.078695
0.168246
0.153512
0.0393768
0.0321001
0.136286
0.0781387
0.0916231
0.173036
0.147227
0.064586
0.0755562
0.052433
0.100182
0.0602423
0.102157
0.0528166
0.10466
0.0806306
0.0728342
0.150424
0.155617
0.110116
0.0588855
0.106712
0.0568685
0.139031
0.0820517
0.062208
0.145344
0.169506
0.0828969
0.16567
0.0688544
0.0675395
0.0604366
0.128743
0.0811213
0.113033
0.140619
0.13275
0.147589
0.125147
0.149327
0.0552174
0.09765
0.0749126
0.0968361
0.122244
0.121532
0.0416152
0.158979
0.0669503
0.189735
0.16774
0.0198044
0.0785114
0.073485
0.0552248
0.1363
0.0675638
0.153066
0.113079
0.10393
0.0155114
0.139858
0.0913048
0.107492
0.101652
0.0667456
0.241265
0.170352
0.0356677
0.0976141
0.110886
0.122739
0.0915659
0.162524
0.190257
0.115476
0.0567677
0.0907818
0.0372671
0.135356
0.101308
0.0681775
0.15023
0.0552267
0.0802658
0.0941723
0.0772249
0.102382
0.118101
0.15893
0.12941
0.0777907
0.104239
0.112117
0.115213
0.094495
0.156508
0.12249
0.037364
0.060706
0.146539
0.056667
0.061544
0.0538706
0.115393
0.0777656
0.134844
0.119724
0.101774
0.179858
0.0437772
0.0677846
0.0891048
0.120775
0.145715
0.0315545
0.193382
0.0396345
0.0987774
0.149613
0.110383
0.0700715
0.0797854
0.160567
0.10133
0.0938042
0.0807514
0.0792086
0.0392993
0.0949916
0.154354
0.0722505
0.0581585
0.11812
0.137438
0.0324026
0.101493
0.203191
0.130339
0.0700859
0.0861298
0.140728
0.0564054
0.0909933
0.100352
0.0682867
0.0641418
0.122237
0.183461
0.147754
0.024866
0.0248206
0.0610909
0.188355
0.0986241
0.108904
0.0964911
0.0474455
0.0573764
0.133216
0.0399832
0.013978
0.0756412
0.0442511
0.0918326
0.177328
0.108923
0.158908
0.151444
0.102582
0.0667986
0.227276
0.122029
0.0570743
0.0825941
0.114563
0.167015
0.0560373
0.0206478
0.0164132
0.119841
0.115114
0.0485489
0.123344
0.120684
0.210081
0.0581607
0.0500897
0.0148299
0.0947543
0.0859365
0.0668061
0.197257
0.0862214
0.123706
0.155262
0.0370467
0.121323
0.0660444
0.0476745
0.172834
0.0911449
0.0220802
0.0910856
0.126471
0.14634
0.0745064
0.137476
0.0698852
0.109562
0.0505814
0.10449
0.0805525
0.0928643
0.120427
0.0555566
0.0613081
0.220075
0.189106
0.187163
0.146161
0.0964306
0.0486266
0.116595
0.0508079
0.0891925
0.0871815
0.150115
0.173466
0.138592
0.0803016
0.0365328
0.0672585
0.0512096
0.0879154
0.0987154
0.0515214
0.0812744
0.118934
0.108228
0.0484957
0.0471554
0.134174
0.0490984
0.0600842
0.0872402
0.0487635
0.23153
0.0284561
0.197335
0.108652
0.103193
0.0670015
0.190108
0.028507
0.0796684
0.0636079
0.137125
0.0641258
0.101
0.0882817
0.0983194
0.135157
0.0571502
0.132381
0.0241883
0.158404
0.234296
0.18282
0.0656651
0.148499
0.100951
0.141349
0.154499
0.0290263
0.0919526
0.145084
0.105878
0.0565395
0.0382197
0.0680017
0.199469
0.145351
0.0531923
0.0842224
0.108659
0.0370212
0.0583246
0.129143
0.0361311
0.130968
0.01845
0.148301
0.0633164
0.129917
0.0582635
0.0987326
0.153552
0.0858814
0.0308037
0.146394
0.186216
0.145228
0.181692
0.1884
0.119978
0.10667
0.111831
0.140519
0.119593
0.0680923
0.0858702
0.123691
0.0879446
0.0862065
0.119901
0.159185
0.0498484
0.0644996
0.188589
0.085934
0.105482
0.0912025
0.113438
0.0377513
0.0965333
0.137935
0.106064
0.0783536
0.0923747
0.0752437
0.0923803
0.0773995
0.114644
0.102486
0.0675881
0.0182993
0.123267
0.0677221
0.0973688
0.0658182
0.148351
0.115301
0.0894374
0.0790922
0.0813111
0.0853376
0.081564
0.0977032
0.068678
0.132352
0.0684385
0.136433
0.116802
0.142219
0.134254
0.115978
0.0738141
0.158688
0.0355789
0.0901253
0.0809482
0.128412
0.114459
0.0488213
0.112896
0.0801271
0.0962305
0.118745
0.0793193
0.136927
0.157856
0.106067
0.136359
0.0688707
0.045279
0.220819
0.0858548
0.190438
0.102516
0.253047
0.272009
0.0984877
0.0688168
0.131735
0.0782919
0.0807179
0.110105
0.0897268
0.0921367
0.146079
0.110464
0.118641
0.0648133
0.0373353
0.0415533
0.0472522
0.0564428
0.136124
0.102333
0.176329
0.0217554
0.0543761
0.146942
0.1736
0.162915
0.119977
0.137107
0.0624565
0.0960122
0.192909
0.113022
0.193538
0.0773883
0.0580524
0.131402
0.0759702
0.104153
0.117265
0.1147
0.100238
0.0749317
0.0745632
0.0712405
0.165279
0.104443
0.085837
0.115319
0.137987
0.095993
0.199631
0.0235831
0.0210643
0.0599329
0.0814046
0.0288421
0.110463
0.0946486
0.0950783
0.0315587
0.104097
0.0566015
0.10574
0.131219
0.119477
0.103948
0.0517656
0.0966518
0.115206
0.0956752
0.20528
0.158506
0.0727294
0.0982684
0.111168
0.0625334
0.0868945
0.0551138
0.161743
0.111289
0.0532704
0.144201
0.181459
0.0815651
0.0867875
0.0841132
0.0296219
0.153071
0.00601003
0.0915893
0.150815
0.109012
0.094847
0.0906882
0.0963359
0.0473192
0.134192
0.194452
0.0746708
0.0460361
0.171164
0.106839
0.139629
0.141851
0.183677
0.0669945
0.199086
0.142037
0.0836276
0.0923551
0.103653
0.132661
0.119986
0.132618
0.162716
0.151913
0.183988
0.164521
0.0928157
0.100165
0.0772049
0.133252
0.0351295
0.131316
0.146524
0.175332
0.0815555
0.0738848
0.0382507
0.0523002
0.0432178
0.150411
0.126053
0.103797
0.117461
0.0577538
0.15356
0.20094
0.0802899
0.0989444
0.0719573
0.143159
0.217424
0.129195
0.0436187
0.0924489
0.00368431
0.067195
0.158587
0.0490117
0.0750851
0.174322
0.185545
0.0367385
0.120542
0.0982808
0.147168
0.35177
0.0732452
0.104316
0.0952229
0.183155
0.24585
0.078241
0.22303
0.124843
0.0717381
0.182392
0.0545623
0.101608
0.0848671
0.0820071
0.119663
0.0424634
0.0894035
0.124388
0.0864102
0.0511459
0.0486974
0.127038
0.129458
0.0698394
0.13518
0.184941
0.0930109
0.043614
0.055377
0.097725
0.104881
0.0917359
0.0937564
0.0842546
0.110034
0.101827
0.115858
0.122585
0.0224593
0.0763689
0.0521218
0.0911479
0.120744
0.064646
0.176709
0.100262
0.0980287
0.0412248
0.0776574
0.0555225
0.14782
0.268312
0.175024
0.126512
0.116828
0.104641
0.0702354
0.162651
0.129191
0.132176
0.0960423
0.122168
0.198727
0.114374
0.142718
0.167269
0.127847
0.0279181
0.225874
0.0771316
0.162059
0.0882582
0.0885736
0.0384575
0.106621
0.117811
0.106031
0.145294
0.1365
0.183199
0.0537875
0.101839
0.114235
0.114957
0.0373014
0.0884798
0.148978
0.140336
0.169436
0.149008
0.0629448
0.101103
0.123807
0.0328226
0.0723844
0.094992
0.0832026
0.161263
0.0950465
0.207855
0.0701483
0.104747
0.060001
0.163147
0.346007
0.0967663
0.141673
0.0573017
0.0592991
0.0290189
0.126851
0.116448
0.0932225
0.0544832
0.16275
0.151836
0.126549
0.0149154
0.0878293
0.0845889
0.0888558
0.0701714
0.0508219
0.15965
0.0954691
0.0615002
0.146596
0.120142
0.120478
0.128891
0.108144
0.178066
0.1303
0.0926527
0.112316
0.109302
0.157578
0.115139
0.103516
0.0555038
0.114684
0.0962661
0.0711081
0.159476
0.0197598
0.0220153
0.0679572
0.0672626
0.092542
0.0953105
0.115534
0.0579183
0.122896
0.0765962
0.095474
0.139662
0.0924048
0.149051
0.124854
0.0952004
0.126424
0.17903
0.101128
0.159924
0.0884952
0.0336791
0.0700903
0.124071
0.0849618
0.104713
0.0785729
0.0567347
0.092312
0.174951
0.144681
0.0937599
0.0561443
0.197724
0.104336
0.0120365
0.0706865
0.0790034
0.186697
0.0719375
0.119509
0.0854518
0.165707
0.101169
0.0625747
0.0786031
0.114933
0.121471
0.03694
0.105948
0.0148111
0.114687
0.128819
0.117423
0.0843717
0.116655
0.0374632
0.0467758
0.132212
0.165735
0.017014
0.0486684
0.118048
0.253198
0.236208
0.13265
0.0667466
0.108012
0.195586
0.0952346
0.0905359
0.0748594
0.13697
0.128645
0.130477
0.0683189
0.0740275
0.0721921
0.0564855
0.101927
0.0903416
0.0879592
0.126694
0.257874
0.0611388
0.1313
0.169631
0.00293137
0.149248
0.115421
0.0696859
0.166788
0.124581
0.111422
0.12131
0.0639667
0.0651049
0.109548
0.0439405
0.155728
0.103621
0.142218
0.0944695
0.0958461
0.110215
0.286336
0.014047
0.0816676
0.0630825
0.168791
0.0748756
0.0888646
0.0993208
0.122186
0.0739236
0.120298
0.133073
0.0051431
0.171776
0.112003
0.075394
0.0227659
0.132136
0.0626129
0.179568
0.084125
0.118469
0.128572
0.175468
0.0850346
0.117197
0.166042
0.117725
0.202104
0.0342094
0.162885
0.10657
0.0982603
0.168955
0.125669
0.0609578
0.0665939
0.136632
0.100028
0.202901
0.15871
0.0835828
0.112802
0.116882
0.0540957
0.228309
0.135214
0.0183373
0.0862425
0.108876
0.147014
0.0364359
0.157794
0.100353
0.0896994
0.0746069
0.0936876
0.136483
0.0973911
0.0632294
0.248326
0.0451899
0.0600121
0.0290809
0.0289143
0.169793
0.0681846
0.216721
0.213901
0.0239714
0.184533
0.0852864
0.140041
0.230762
0.048219
0.0996587
0.141746
0.0398219
0.0895249
0.0646155
0.19115
0.119053
0.106374
0.0954439
0.0241687
0.0394108
0.0918299
0.232328
0.0901557
0.15077
0.093553
0.149162
0.0654205
0.0882197
0.0930351
0.0501583
0.106882
0.0278548
0.0516964
0.0984015
0.0807766
0.0333671
0.0628548
0.0738666
0.157368
0.0231443
0.185817
0.134753
0.131262
0.153671
0.14023
0.130591
0.0849351
0.113521
0.0877385
0.110023
0.0601592
0.0766185
0.0875296
0.0115637
0.108713
0.272094
0.0803976
0.0880458
0.173383
0.0508322
0.215995
0.0715175
0.0959786
0.0687477
0.0553966
0.119487
0.0238449
0.16627
0.0542019
0.137046
0.0527547
0.0541279
0.0300854
0.104003
0.0507246
0.105592
0.0552114
0.00972411
0.127134
0.0156582
0.117044
0.023476
0.0811411
0.18794
0.089339
0.0327293
0.0914729
0.110781
0.0850947
0.170747
0.0402594
0.161308
0.264941
0.119584
0.0405826
0.0345221
0.0851822
0.0320308
0.110329
0.182427
0.111301
0.116502
0.189465
0.131491
0.10332
0.0526181
0.185108
0.0581829
0.16036
0.14423
0.054682
0.0479538
0.0696612
0.0899008
0.046059
0.0692103
0.073943
0.213829
0.0909615
0.0685326
0.0543993
0.0834474
0.128171
0.17691
0.0710475
0.0754751
0.0853004
0.159819
0.0597165
0.111381
0.087408
0.107321
0.126202
0.112237
0.125738
0.0709292
0.137124
0.0848456
0.113923
0.0980924
0.0695588
0.0276964
0.156321
0.1005
0.181483
0.117705
0.153785
0.0896305
0.0954373
0.0779346
0.144492
0.0791991
0.119806
0.0881727
0.0226307
0.094806
0.0400705
0.0412842
0.157128
0.0376434
0.11192
0.180954
0.0414846
0.0302636
0.0888149
0.00887215
0.163414
0.128924
0.108238
0.122187
0.0714315
0.248342
0.196781
0.0317474
0.0426932
0.0946407
0.0986038
0.0810526
0.0631056
0.0536863
0.046841
0.0763421
0.0767815
0.0748985
0.0483156
0.249736
0.0740376
0.155042
0.109283
0.0335957
0.136698
0.0726647
0.205708
0.0537865
0.168522
0.0915343
0.097433
0.052944
0.11672
0.0852198
0.0889385
0.0901264
0.0713904
0.172352
0.0627226
0.102778
0.125691
0.0449437
0.124775
0.121283
0.158607
0.192495
0.0792959
0.139969
0.156081
0.0762885
0.163678
0.114375
0.125461
0.146933
0.222937
0.0931054
0.243033
0.117183
0.086163
0.0565195
0.111062
0.064205
0.113879
0.204793
0.145609
0.11867
0.0449965
0.0777819
0.0418862
0.125302
0.0883369
0.175801
0.167547
0.0823742
0.0703601
0.0921013
0.142578
0.0951132
0.0544103
0.135973
0.0894551
0.262679
0.102002
0.0954053
0.0807534
0.0545266
0.154601
0.184589
0.103252
0.212055
0.262986
0.0762785
0.0540613
0.0653954
0.21209
0.0631058
0.00992952
0.0251746
0.0511932
0.0444001
0.139439
0.133006
0.225104
0.0640235
0.0951635
0.0835589
0.0499462
0.183787
0.18242
0.0380341
0.0797821
0.0574657
0.0926933
0.0730335
0.123713
0.0852487
0.0869812
0.0330461
0.162824
0.0903409
0.0130867
0.0824363
0.120826
0.0508901
0.0787561
0.0921071
0.249984
0.071709
0.0711295
0.108353
0.102302
0.0946893
0.0719151
0.117691
0.057619
0.00846752
0.0703769
0.161693
0.186277
0.0731939
0.0649079
0.109279
0.0760779
0.143328
0.167957
0.0532276
0.0598352
0.171282
0.0839197
0.136887
0.108047
0.130182
0.179604
0.061875
0.0266191
0.0661899
0.137816
0.0389358
0.159808
0.116092
0.0685666
0.182887
0.155555
0.173283
0.229068
0.043307
0.150123
0.120991
0.182603
0.0776212
0.00693215
0.0633422
0.0166021
0.080834
0.0307004
0.147348
0.122489
0.182037
0.241437
0.140326
0.0430515
0.0841345
0.129313
0.042095
0.0305093
0.0541927
0.0794042
0.0837886
0.205633
0.16746
0.175158
0.171072
0.0847976
0.122147
0.0815766
0.037502
0.119317
0.077327
0.0357486
0.088811
0.0353016
0.0446077
0.182604
0.125967
0.0634197
0.104413
0.0804554
0.101737
0.0229254
0.0840921
0.160323
0.066422
0.140228
0.0386989
0.0649406
0.199229
0.0747393
0.262684
0.16167
0.0984424
0.115808
0.082659
0.0159788
0.0193294
0.16082
0.102957
0.163073
0.119419
0.0869803
0.0984902
0.231625
0.129779
0.0442455
0.11047
0.0713755
0.125269
0.250096
0.0946008
0.0449185
0.0533969
0.151382
0.199693
0.141782
0.073727
0.129748
0.113902
0.0392311
0.0352852
0.0902199
0.0284715
0.146783
0.190706
0.0922203
0.106996
0.18964
0.13665
0.0836464
0.0696972
0.207059
0.051262
0.0768487
0.0316635
0.098195
0.0242806
0.0268949
0.0941889
0.0588055
0.0940651
0.129893
0.0700286
0.168719
0.130384
0.144509
0.158615
0.077948
0.0572023
0.0416898
0.110338
0.0918547
0.0534645
0.181534
0.289708
0.149308
0.116775
0.065685
0.123927
0.139842
0.0845616
0.0834203
0.00912619
0.120611
0.0579005
0.0866057
0.176928
0.188542
0.109044
0.14414
0.191848
0.113833
0.176554
0.165556
0.240346
0.0519082
0.0642701
0.0808159
0.112688
0.077874
0.0609933
0.171243
0.145309
0.107904
0.054757
0.0300639
0.0659858
0.0593169
0.17845
0.10579
0.140977
0.0422772
0.0815891
0.0376322
0.0189454
0.122163
0.0610393
0.0564983
0.0558741
0.053804
0.178252
0.0898957
0.061411
0.109591
0.142347
0.0296376
0.153473
0.0827016
0.0983805
0.0471526
0.136522
0.060533
0.0788865
0.140485
0.190259
0.117341
0.0913338
0.13902
0.220578
0.145899
0.282946
0.0822659
0.106829
0.246175
0.133788
0.0633289
0.197314
0.252545
0.179836
0.0861067
0.202104
0.0996346
0.170163
0.105323
0.139185
0.0402025
0.127111
0.117208
0.151377
0.112694
0.155099
0.194469
0.166576
0.147933
0.0831879
0.155912
0.0800899
0.247806
0.0878157
0.0804683
0.0688968
0.152308
0.043881
0.0782215
0.116854
0.0657976
0.140045
0.125015
0.0485984
0.192834
0.0448433
0.131016
0.213742
0.0189037
0.0669744
0.209091
0.00837056
0.10611
0.194152
0.0349083
0.106769
0.138279
0.0998045
0.158349
0.136487
0.0749432
0.0924697
0.0875235
0.0305184
0.0218423
0.10771
0.113743
0.129336
0.0753452
0.127897
0.0692837
0.0873883
0.116138
0.0760328
0.105258
0.071477
0.102386
0.0938316
0.0535924
0.113054
0.1056
0.114647
0.0961811
0.109111
0.0448411
0.0264089
0.00234605
0.0855306
0.149277
0.0829824
0.0974954
0.108559
0.0224566
0.0909477
0.0934417
0.0858721
0.0568531
0.0442898
0.135342
0.135342
0.0860498
0.0937133
0.145222
0.14192
0.0890842
0.0698397
0.0936284
0.0477318
0.117045
0.0620413
0.100693
0.104952
0.0997583
0.132969
0.0365083
0.0455178
0.0634475
0.173364
0.0703497
0.058149
0.0977237
0.0769024
0.107213
0.160789
0.0281413
0.0426839
0.0621734
0.0689514
0.102806
0.0522605
0.0617975
0.119784
0.168799
0.0537396
0.17761
0.100914
0.127357
0.110305
0.0704491
0.0870757
0.268262
0.090489
0.040932
0.0505135
0.116876
0.139685
0.267045
0.116302
0.0770441
0.06463
0.0626821
0.0622684
0.104248
0.0361821
0.0248414
0.0449894
0.106862
0.145071
0.101102
0.0902618
0.121042
0.104934
0.0810762
0.0567452
0.136498
0.0660639
0.0597697
0.056823
0.120604
0.0531104
0.141218
0.0403507
0.146873
0.16744
0.0740011
0.0388961
0.105839
0.0888305
0.133601
0.0532672
0.158104
0.108863
0.142784
0.0846669
0.15377
0.0485067
0.0802033
0.133608
0.146641
0.173753
0.226571
0.0588195
0.0473337
0.0262044
0.108126
0.0460122
0.105499
0.0865905
0.113225
0.109399
0.062196
0.0479637
0.0306979
0.063821
0.122068
0.0525896
0.0715462
0.123679
0.0316836
0.0975295
0.06448
0.100059
0.0268564
0.0649873
0.0359122
0.0942805
0.050789
0.0624589
0.0940361
0.076092
0.0361273
0.0247175
0.067518
0.0569559
0.127059
0.167484
0.0842757
0.0232706
0.127593
0.140427
0.091082
0.144427
0.107863
0.140231
0.155602
0.137259
0.18511
0.0438267
0.0985928
0.123293
0.16908
0.128818
0.245252
0.0905989
0.0719064
0.136921
0.0850322
0.101267
0.0835257
0.104551
0.0546523
0.140033
0.14029
0.150429
0.139724
0.167289
0.152135
0.160757
0.163055
0.176944
0.136928
0.158538
0.155553
0.148211
0.140699
0.162764
0.142209
0.0336048
0.0461702
0.113704
0.206176
0.144106
0.118256
0.0349392
0.125076
0.00307959
0.10533
0.103841
0.138776
0.136606
0.150986
0.168125
0.062637
0.0638949
0.041196
0.185685
0.0688586
0.185533
0.0920504
0.104769
0.144825
0.061379
0.0904285
0.102348
0.026805
0.0290429
0.175748
0.0490075
0.0370877
0.12305
0.145481
0.109273
0.0102601
0.0700223
0.123564
0.181769
0.0844613
0.0917128
0.0849325
0.0568054
0.0933135
0.167397
0.0676806
0.0407672
0.157192
0.128887
0.225165
0.110488
0.154789
0.0616815
0.0805747
0.166397
0.23277
0.0800916
0.205291
0.112392
0.165265
0.17743
0.0748886
0.145415
0.138398
0.15786
0.157017
0.0821
0.191383
0.158053
0.0809158
0.157444
0.159443
0.136103
0.118372
0.113955
0.130131
0.0608363
0.115623
0.0310777
0.0350515
0.128868
0.117759
0.0960991
0.0302942
0.129723
0.106325
0.144598
0.0489082
0.0805291
0.0271019
0.049225
0.146693
0.0712658
0.102955
0.0835397
0.137201
0.0597564
0.101028
0.136166
0.128094
0.0269594
0.117224
0.0578828
0.149309
0.0933544
0.0813654
0.118978
0.108701
0.109203
0.0819543
0.163716
0.0478211
0.0633626
0.0397304
0.0663319
0.113685
0.129638
0.205859
0.0735107
0.0827287
0.113875
0.105901
0.199213
0.0746135
0.0690783
0.0510039
0.11025
0.0427096
0.144349
0.0517523
0.055897
0.0428853
0.237809
0.136954
0.284737
0.0967473
0.0702719
0.135925
0.129369
0.11524
0.186326
0.185728
0.0811876
0.0570567
0.0967912
0.0533655
0.120164
0.054489
0.0837444
0.147436
0.0874205
0.0880323
0.225761
0.0350036
0.092258
0.0452301
0.0990298
0.0714809
0.0514255
0.135632
0.0324623
0.110804
0.152685
0.0684621
0.27973
0.087116
0.0966878
0.148445
0.0501168
0.157731
0.094044
0.0785534
0.221188
0.0494641
0.074979
0.088046
0.018292
0.103522
0.130847
0.103157
0.0664867
0.180921
0.173903
0.0802725
0.0981603
0.124778
0.219656
0.0842736
0.1192
0.0701463
0.121663
0.0808997
0.126469
0.112095
0.011877
0.148845
0.0943256
0.169713
0.108916
0.100673
0.10332
0.0464428
0.128225
0.0852901
0.11123
0.0772628
0.0987978
0.157184
0.0543678
0.117063
0.0965225
0.194578
0.0496421
0.122911
0.101408
0.133414
0.134057
0.0439492
0.151828
0.0765361
0.0547675
0.0228219
0.21781
0.0173423
0.196235
0.0945232
0.130449
0.123758
0.0505878
0.0653367
0.150393
0.156073
0.175418
0.112534
0.0686902
0.143531
0.0445743
0.169293
0.0640567
0.0345391
0.00979954
0.105968
0.170712
0.0753556
0.0888039
0.150874
0.115731
0.0955033
0.143939
0.0698326
0.00512298
0.104423
0.256783
0.0854737
0.0362628
0.0384541
0.0736821
0.0739079
0.0377778
0.200436
0.108288
0.122155
0.132857
0.0371027
0.0301373
0.126432
0.0691719
0.257204
0.0804599
0.137495
0.1037
0.0791828
0.122606
0.0529617
0.0648334
0.162662
0.162867
0.314737
0.136013
0.082497
0.31169
0.00910192
0.104259
0.103484
0.186619
0.116672
0.178062
0.123683
0.0737011
0.0391971
0.104705
0.0327552
0.0825364
0.0397939
0.0673402
0.124094
0.109767
0.0624884
0.217368
0.0815539
0.15187
0.137693
0.162479
0.134935
0.0972146
0.223099
0.135174
0.104138
0.128404
0.157374
0.118429
0.116035
0.0386835
0.155542
0.110202
0.0463428
0.0116096
0.0669271
0.170339
0.154287
0.120276
0.14977
0.147736
0.0592965
0.118844
0.12252
0.0445853
0.106357
0.193013
0.0829595
0.212172
0.11398
0.0519867
0.130472
0.113901
0.201611
0.214612
0.096748
0.123144
0.0639292
0.0596548
0.0959495
0.150697
0.0871959
0.0953996
0.0801168
0.0722397
0.141799
0.111481
0.124973
0.13935
0.237906
0.169809
0.106751
0.169794
0.10901
0.0796311
0.0329521
0.167861
0.0950981
0.0439204
0.100555
0.0632842
0.0679164
0.110695
0.046998
0.104206
0.078097
0.158327
0.0379322
0.0686344
0.0883644
0.0521874
0.141372
0.110837
0.155459
0.112558
0.0505193
0.0887679
0.0215992
0.0845566
0.128036
0.100559
0.0604513
0.0416703
0.0289839
0.0641012
0.0601608
0.0979813
0.152989
0.0830522
0.122711
0.11778
0.138206
0.0906283
0.0813643
0.0627963
0.0449752
0.0803426
0.0595231
0.0956092
0.0844633
0.133217
0.160965
0.117634
0.179889
0.1516
0.0585823
0.100325
0.035685
0.066914
0.123484
0.178036
0.113498
0.114128
0.0599443
0.166441
0.183017
0.171559
0.0701198
0.152912
0.10712
0.166506
0.141048
0.0538118
0.0668498
0.0565851
0.102281
0.0383823
0.0884239
0.0630645
0.127208
0.0980301
0.0405025
0.0757711
0.0702916
0.0651919
0.168576
0.120135
0.152482
0.0653017
0.104298
0.192418
0.0478179
0.0984741
0.0370419
0.200389
0.0537023
0.0452734
0.198402
0.0808709
0.118352
0.0850725
0.130705
0.125001
0.0625566
0.105571
0.10753
0.155799
0.0858199
0.11326
0.103825
0.0684529
0.10166
0.165605
0.114359
0.182752
0.124058
0.241987
0.0296981
0.118867
0.0778309
0.0407172
0.178802
0.12603
0.135293
0.028726
0.187014
0.100888
0.265189
0.0487698
0.101386
0.0983325
0.0896934
0.0875764
0.013153
0.0853149
0.0536706
0.108772
0.142872
0.121547
0.125069
0.141819
0.11961
0.106019
0.154251
0.130694
0.0152806
0.070042
0.0902624
0.100591
0.150008
0.145901
0.0544188
0.185002
0.0945951
0.0353598
0.0667243
0.134039
0.0938838
0.130388
0.0877581
0.0876824
0.0844106
0.126681
0.0947271
0.0773679
0.056342
0.146388
0.0663047
0.109419
0.0900191
0.120453
0.138846
0.107248
0.0280859
0.0616639
0.0748828
0.0370173
0.10783
0.0296825
0.053517
0.153926
0.0612753
0.204464
0.123972
0.119531
0.0646401
0.0856127
0.0703382
0.078732
0.192018
0.133299
0.12784
0.13539
0.0525378
0.0681049
0.135687
0.148281
0.127563
0.0924429
0.251541
0.15246
0.140314
0.0353795
0.125073
0.159753
0.0640868
0.134548
0.0811255
0.030523
0.0863633
0.135973
0.0971647
0.196632
0.211043
0.0971268
0.0922083
0.126957
0.133234
0.127063
0.0647387
0.12442
0.0130731
0.166084
0.137611
0.29664
0.176703
0.0824698
0.103047
0.0413959
0.0553169
0.172428
0.099708
0.0712025
0.116634
0.127994
0.0303133
0.13827
0.173374
0.23686
0.0659225
0.131088
0.13789
0.119039
0.0313388
0.0945046
0.171455
0.0930063
0.101764
0.0760722
0.0304093
0.155625
0.0506035
0.084158
0.0500246
0.12306
0.0636528
0.0684229
0.0328242
0.0352531
0.0706705
0.0868284
0.0950188
0.130752
0.0943235
0.0904983
0.156303
0.0797146
0.078167
0.161628
0.197945
0.121473
0.116515
0.104568
0.111684
0.0563091
0.114478
0.116598
0.137636
0.0759611
0.129139
0.0427633
0.139727
0.158687
0.0985712
0.110579
0.145274
0.176807
0.0993044
0.111205
0.0709293
0.0820288
0.145888
0.0184595
0.156267
0.0991239
0.102631
0.0171829
0.0521461
0.136777
0.115212
0.074593
0.131142
0.0975032
0.106808
0.0807655
0.115351
0.0551361
0.093469
0.189026
0.157444
0.180216
0.0502302
0.0830731
0.141168
0.00740409
0.0785336
0.0225746
0.0834947
0.147991
0.146279
0.0124477
0.21437
0.0894509
0.102344
0.0905136
0.0701874
0.174605
0.125779
0.0558611
0.12801
0.131729
0.132003
0.177927
0.167094
0.161196
0.0960967
0.0509563
0.0910064
0.170683
0.140845
0.237133
0.125277
0.206601
0.0609625
0.111588
0.0210039
0.153813
0.139993
0.0850452
0.0920903
0.116374
0.0600212
0.0576568
0.0575294
0.172757
0.122145
0.0170286
0.0483054
0.0843316
0.12388
0.0896489
0.081201
0.12322
0.0943994
0.0463018
0.114339
0.0349882
0.137623
0.0495443
0.0475137
0.0367945
0.0205079
0.15699
0.0872962
0.0402732
0.0746459
0.0504546
0.108986
0.115631
0.0750287
0.0339868
0.0830399
0.0769886
0.0618432
0.052363
0.0210493
0.057079
0.243973
0.126145
0.0393261
0.176023
0.0363751
0.0316358
0.0531722
0.197766
0.131789
0.0176687
0.0521136
0.108505
0.145487
0.0895
0.0631553
0.0850831
0.0374919
0.0220593
0.129847
0.0970601
0.0892272
0.127498
0.142788
0.13671
0.104282
0.11539
0.116656
0.143827
0.0335825
0.0787703
0.110603
0.115259
0.0319578
0.0748807
0.0801599
0.101694
0.0519779
0.0166513
0.152423
0.119026
0.156918
0.0609029
0.0650128
0.084111
0.139537
0.127608
0.0343879
0.0834205
0.142258
0.0853893
0.0674525
0.148079
0.0922936
0.0697676
0.145567
0.0395216
0.0766677
0.060368
0.0800362
0.0674415
0.0712175
0.155746
0.123917
0.150236
0.112532
0.124215
0.148028
0.0583708
0.0672961
0.152645
0.0719697
0.17324
0.011621
0.0981449
0.0848291
0.144862
0.136228
0.0992931
0.176495
0.102651
0.0788226
0.155896
0.0996861
0.0795028
0.0477642
0.093996
0.056833
0.119309
0.0792911
0.108921
0.168923
0.0449741
0.0690019
0.112148
0.0837285
0.159485
0.0745075
0.0422023
0.0476332
0.152981
0.0881459
0.0982796
0.0696019
0.140198
0.071361
0.0884021
0.0918274
0.190494
0.0611452
0.0904333
0.0798823
0.0971518
0.0452653
0.104913
0.0709363
0.063334
0.0900358
0.0972558
0.0488674
0.144145
0.0672094
0.111394
0.0816404
0.113927
0.0721932
0.102975
0.0174316
0.11667
0.134243
0.0471756
0.0646418
0.0773192
0.0443478
0.0455713
0.144696
0.133175
0.12005
0.107025
0.072546
0.0935166
0.169549
0.0481695
0.111417
0.07002
0.0749577
0.173207
0.0347068
0.0599942
0.0316538
0.0903448
0.0171805
0.0168438
0.129641
0.0383241
0.0764968
0.153707
0.0133712
0.0943653
0.0383078
0.0390222
0.0500771
0.11521
0.0647718
0.0339194
0.0763832
0.111995
0.107057
0.133102
0.0721478
0.109156
0.135298
0.0578644
0.0755224
0.0855263
0.132288
0.102817
0.0820947
0.059689
0.147328
0.0472752
0.116924
0.134878
0.0913036
0.195216
0.12867
0.0695716
0.055168
0.0398014
0.116344
0.0431671
0.0900593
0.100891
0.113448
0.0655274
0.0700881
0.112549
0.132826
0.042504
0.130898
0.161264
0.0922577
0.0732048
0.104646
0.131053
0.0988798
0.0871905
0.0965121
0.0530266
0.0609688
0.072982
0.102896
0.121594
0.0748936
0.0591379
0.138527
0.0411607
0.0755306
0.0952375
0.0569595
0.0705316
0.11323
0.0888086
0.107436
0.0759582
0.0426375
0.0943503
0.0686809
0.108954
0.0634491
0.0428037
0.111296
0.123858
0.0593382
0.11988
0.0561251
0.170244
0.0804205
0.070069
0.0885583
0.11448
0.0822621
0.144567
0.0928137
0.0271517
0.172049
0.0736049
0.0598212
0.129015
0.0767564
0.048457
0.116781
0.103675
0.0745872
0.139932
0.0863345
0.188763
0.0366888
0.085466
0.123326
0.0945759
0.288694
0.0520923
0.1559
0.0618468
0.121316
0.0510144
0.100395
0.116287
0.0590214
0.133535
0.13705
0.0403642
0.134976
0.0612268
0.136393
0.0556299
0.172455
0.00692412
0.0273403
0.0900099
0.126673
0.0900559
0.223553
0.182725
0.0749392
0.226132
0.0955752
0.0527577
0.128212
0.0911354
0.171275
0.0990611
0.0846031
0.136008
0.122296
0.12493
0.109921
0.0989523
0.0792438
0.057865
0.105244
0.157733
0.106702
0.102144
0.0520169
0.136269
0.0793276
0.111437
0.0505793
0.114811
0.159692
0.0696003
0.123288
0.0603701
0.0309441
0.106327
0.0801174
0.190351
0.0892771
0.190677
0.108101
0.0622925
0.0515306
0.0231649
0.0410602
0.0396394
0.144124
0.142713
0.226092
0.290113
0.12345
0.154509
0.178423
0.106494
0.0205208
0.236387
0.12023
0.079975
0.189638
0.133535
0.171366
0.00534147
0.0246803
0.159072
0.195974
0.0967759
0.0854256
0.0567284
0.182937
0.179508
0.0409467
0.105916
0.113231
0.12784
0.0992936
0.169943
0.101747
0.0250073
0.119082
0.096936
0.186141
0.012131
0.0887686
0.164937
0.0687802
0.0879489
0.0945014
0.0584214
0.0956651
0.033041
0.0753519
0.107003
0.0241133
0.0866811
0.043131
0.117216
0.0261032
0.047083
0.0859004
0.0655996
0.0790854
0.134078
0.0878786
0.0777409
0.131017
0.0724618
0.168566
0.137283
0.193877
0.082302
0.0290665
0.142721
0.0785759
0.124373
0.112921
0.0370703
0.0419875
0.0467315
0.109042
0.04059
0.150488
0.12993
0.135825
0.164548
0.0917568
0.095139
0.192265
0.0881131
0.0732263
0.00763268
0.106836
0.00791654
0.193787
0.112909
0.100084
0.0284488
0.0314541
0.0833736
0.207476
0.110959
0.164645
0.0830723
0.221963
0.104055
0.0790681
0.00925801
0.039185
0.191386
0.0953926
0.044361
0.0536589
0.085384
0.103889
0.112857
0.0344498
0.0834
0.0990667
0.0494271
0.101762
0.0617608
0.101079
0.128582
0.0841382
0.0729588
0.0978067
0.163013
0.258243
0.1024
0.32457
0.190025
0.109598
0.0805457
0.0981902
0.133478
0.00864757
0.139309
0.116164
0.330572
0.331252
0.0338639
0.0942531
0.0889275
0.281645
0.110825
0.0692176
0.156074
0.204585
0.0267347
0.0794961
0.0760525
0.0602459
0.0893561
0.156008
0.111971
0.244412
0.0681017
0.130959
0.0223371
0.106604
0.10067
0.0238615
0.139424
0.0460984
0.0331409
0.200127
0.102845
0.0440139
0.0457326
0.0802696
0.200321
0.0601666
0.0834889
0.0753036
0.0473864
0.0757498
0.142529
0.0533853
0.0605153
0.0806415
0.0643888
0.114253
0.149506
0.0988387
0.114278
0.0486153
0.0744509
0.135567
0.131085
0.00923585
0.197647
0.11225
0.199844
0.11102
0.135273
0.0630137
0.0943952
0.101258
0.181676
0.120386
0.113984
0.129247
0.0914911
0.072401
0.120622
0.0747041
0.227261
0.0501182
0.177559
0.0536879
0.0706236
0.110754
0.0921607
0.0595648
0.113332
0.151471
0.0806677
0.0394849
0.116564
0.0736278
0.0917119
0.15556
0.0178334
0.0682573
0.0366854
0.0924693
0.149505
0.149084
0.157078
0.0273752
0.0743163
0.0388099
0.121164
0.0991153
0.150394
0.0241651
0.158
0.113568
0.0606844
0.0567871
0.170144
0.0290371
0.165063
0.0798011
0.20335
0.0774078
0.0914864
0.187268
0.0432081
0.18534
0.0771623
0.21258
0.0225497
0.123043
0.120355
0.20425
0.123998
0.10961
0.115804
0.0720911
0.134048
0.150823
0.0904149
0.0638998
0.174698
0.177865
0.0596765
0.0874203
0.0301066
0.0808503
0.172802
0.0654202
0.0956124
0.0125871
0.148828
0.108109
0.104255
0.112318
0.115576
0.0970255
0.10175
0.120749
0.0401083
0.114625
0.0919502
0.0729442
0.0949667
0.0681362
0.125953
0.032967
0.130771
0.0917557
0.0822405
0.118084
0.0666683
0.10317
0.0653355
0.106641
0.125203
0.113813
0.0582198
0.11924
0.206558
0.0564187
0.127153
0.0968363
0.103485
0.152489
0.164213
0.0791083
0.113703
0.0963638
0.106145
0.0503274
0.122322
0.0375749
0.0967489
0.0758436
0.0299242
0.0252062
0.0364444
0.0830611
0.0817575
0.0978975
0.0633427
0.0890819
0.171403
0.0937198
0.108953
0.0429373
0.110918
0.0685126
0.107477
0.167572
0.0603544
0.0355151
0.098355
0.118866
0.0497522
0.0678001
0.19819
0.0763161
0.136872
0.0363234
0.307861
0.183374
0.0799788
0.0961565
0.0798858
0.0639768
0.157519
0.130599
0.0564144
0.11924
0.0673974
0.0471307
0.0566514
0.139734
0.0995748
0.102715
0.178368
0.204581
0.0730661
0.0771527
0.0789645
0.067153
0.154821
0.226664
0.163774
0.0686964
0.143021
0.184837
0.187143
0.0576003
0.0905873
0.0951599
0.0560215
0.0832585
0.0760121
0.189621
0.111057
0.0865989
0.0485652
0.0150285
0.11236
0.0521463
0.122036
0.0736834
0.0472469
0.0627267
0.111231
0.0341906
0.0482428
0.118477
0.0967237
0.204374
0.040723
0.0524178
0.111172
0.182677
0.106984
0.055495
0.0677229
0.0753028
0.130842
0.0934143
0.121504
0.0760682
0.092317
0.00978622
0.158147
0.146104
0.107169
0.140564
0.119411
0.157284
0.0618186
0.107448
0.0184524
0.0911475
0.112064
0.0275821
0.0972921
0.0826837
0.104935
0.0732185
0.0512377
0.074087
0.174085
0.0885409
0.184895
0.0572568
0.115263
0.104525
0.0369644
0.162415
0.151577
0.0897216
0.137642
0.136652
0.0422567
0.0150161
0.0248021
0.101257
0.205381
0.093081
0.1155
0.0652225
0.268793
0.0945864
0.113903
0.0948662
0.0795023
0.0670054
0.114213
0.0363284
0.0883445
0.194895
0.115031
0.255648
0.09628
0.160591
0.0587845
0.0544526
0.164256
0.00955685
0.0662548
0.157306
0.0766361
0.133903
0.156799
0.129446
0.12158
0.0718487
0.0314312
0.132217
0.0626524
0.0543295
0.0972343
0.148344
0.198104
0.04433
0.103577
0.0420467
0.114106
0.109626
0.047808
0.117558
0.15094
0.0432717
0.0504795
0.164551
0.180215
0.0120001
0.029355
0.052399
0.0411764
0.0844491
0.0516634
0.164966
0.0779766
0.16683
0.141861
0.145581
0.143959
0.0721967
0.0775985
0.142311
0.1335
0.0767876
0.114561
0.180801
0.144404
0.156059
0.150202
0.153542
0.169882
0.119237
0.111905
0.0597126
0.153743
0.150271
0.0435663
0.0947138
0.161524
0.112471
0.154771
0.105251
0.0944079
0.0390656
0.117326
0.091219
0.0951651
0.101062
0.0920997
0.109685
0.0581996
0.118252
0.117609
0.0351728
0.0526197
0.0577989
0.0874732
0.0877001
0.161692
0.0785794
0.131913
0.136616
0.225382
0.152201
0.114105
0.171984
0.0710607
0.113151
0.0417806
0.183743
0.110041
0.0628139
0.135312
0.126566
0.0538958
0.204684
0.0845891
0.126744
0.0213207
0.116829
0.12354
0.0873327
0.0397381
0.0401742
0.15401
0.0473986
0.118277
0.0887673
0.257969
0.147689
0.0491305
0.0665342
0.114867
0.117187
0.0971111
0.0647098
0.0428649
0.195539
0.0762481
0.143377
0.146802
0.078638
0.121961
0.0296603
0.068062
0.120689
0.0239494
0.134596
0.128522
0.058633
0.197779
0.143172
0.0420601
0.131926
0.143869
0.0597451
0.0789884
0.109516
0.0437657
0.108812
0.123565
0.0707865
0.106892
0.0482007
0.100537
0.0785125
0.0945714
0.0463813
0.0314255
0.120657
0.091369
0.0444339
0.135935
0.0469189
0.148939
0.0995354
0.0913864
0.133031
0.0569007
0.0224897
0.0279944
0.105022
0.148973
0.130105
0.0839795
0.101843
0.133245
0.117163
0.0877076
0.0470435
0.0841154
0.0808357
0.106053
0.112724
0.108003
0.0970599
0.181501
0.0715217
0.0455152
0.116613
0.105596
0.0653394
0.109985
0.103711
0.0883557
0.110253
0.133474
0.0539242
0.10479
0.0942389
0.0471799
0.077101
0.0916315
0.0295142
0.0538861
0.084802
0.0466186
0.0574065
0.0250489
0.0553318
0.0760785
0.0504292
0.187103
0.176096
0.135041
0.118101
0.0595369
0.251847
0.110606
0.029384
0.0552609
0.177987
0.173412
0.191469
0.0988699
0.0414235
0.210138
0.186851
0.0849597
0.12274
0.052058
0.131052
0.113907
0.143138
0.153538
0.127868
0.163329
0.0555465
0.166987
0.0597131
0.147771
0.0440571
0.173444
0.162773
0.153908
0.10158
0.146109
0.0956382
0.134177
0.0765785
0.146227
0.0211381
0.090099
0.181308
0.0654404
0.161787
0.16108
0.0573289
0.0706916
0.0926402
0.15029
0.188335
0.0764249
0.156528
0.136875
0.0129043
0.149453
0.0726981
0.104074
0.0772394
0.0556552
0.140947
0.0918135
0.0933285
0.15186
0.0504323
0.12125
0.041262
0.0852618
0.0994355
0.157704
0.0977659
0.0866294
0.0340334
0.1371
0.0446912
0.0427523
0.0529522
0.232825
0.113221
0.136286
0.109589
0.0568665
0.139238
0.0507047
0.126666
0.0882961
0.127083
0.0649824
0.0967986
0.0434042
0.213347
0.0487519
0.124537
0.109065
0.0836924
0.0735784
0.104686
0.0324387
0.139177
0.0641361
0.132518
0.138296
0.140277
0.181589
0.243089
0.246389
0.04665
0.0743411
0.261723
0.115305
0.174897
0.0453714
0.0435985
0.16961
0.0816393
0.0965057
0.0860542
0.106035
0.109203
0.0391796
0.11012
0.0423483
0.0493855
0.155136
0.163552
0.043685
0.00955554
0.0854323
0.161039
0.0656697
0.119503
0.13756
0.166263
0.00833666
0.160679
0.19679
0.101958
0.0617739
0.122643
0.104206
0.0772782
0.0686403
0.188302
0.0863846
0.0475547
0.07887
0.115058
0.0793513
0.124371
0.0509562
0.0575282
0.0912166
0.127458
0.0788982
0.052144
0.041166
0.139894
0.157763
0.107511
0.0867119
0.113288
0.104735
0.108443
0.190436
0.0978549
0.026237
0.14599
0.0780665
0.0816861
0.0406693
0.0981265
0.135998
0.0805273
0.147467
0.0223729
0.106996
0.1322
0.205975
0.143938
0.0804367
0.0486983
0.0442606
0.133446
0.0979323
0.0466885
0.114533
0.104113
0.0716203
0.0531344
0.0794838
0.0193127
0.0412369
0.0772938
0.147675
0.0554383
0.157295
0.113423
0.110562
0.0485522
0.0879625
0.152842
0.158763
0.0568367
0.0956038
0.0348184
0.157086
0.0871141
0.131145
0.121239
0.111086
0.0338904
0.0659033
0.122874
0.0818086
0.109657
0.0642281
0.131951
0.0835802
0.162672
0.0887603
0.0572951
0.168036
0.0255971
0.0470805
0.168016
0.155207
0.0825066
0.0540957
0.0790472
0.0786592
0.167635
0.0638802
0.200059
0.0223071
0.0781598
0.0385004
0.118449
0.0925407
0.153836
0.0963898
0.0430865
0.0992771
0.142778
0.0859764
0.144711
0.158265
0.0875997
0.122465
0.020307
0.118477
0.0527494
0.0965829
0.0371391
0.106065
0.0794507
0.117783
0.10411
0.113789
0.0948282
0.0314872
0.0894866
0.0840697
0.144327
0.120168
0.0867416
0.132871
0.120064
0.0927295
0.0895004
0.101385
0.0796571
0.071189
0.0668336
0.0303117
0.0880725
0.0632253
0.0657254
0.0468337
0.105466
0.142814
0.0934545
0.0628674
0.0202951
0.0445918
0.12111
0.108624
0.109757
0.110347
0.0307651
0.0974533
0.141968
0.150812
0.151254
0.12841
0.0690079
0.0696639
0.0538859
0.114913
0.0752855
0.150164
0.00994397
0.106546
0.0846823
0.111491
0.0927546
0.0701779
0.17756
0.105108
0.153927
0.0481718
0.118127
0.105132
0.13776
0.0636102
0.121206
0.108548
0.0598394
0.119185
0.0820515
0.0710448
0.130885
0.136533
0.107429
0.169816
0.0712337
0.143925
0.0999476
0.043269
0.0675829
0.169335
0.0979605
0.0806574
0.0774898
0.0622711
0.0601415
0.0931686
0.121871
0.152018
0.148503
0.111048
0.163741
0.130256
0.064253
0.00776466
0.106696
0.111673
0.0770391
0.0491276
0.062138
0.150529
0.0475519
0.0874736
0.125885
0.0975777
0.105453
0.139522
0.0571861
0.0297107
0.0392402
0.0961157
0.130732
0.113206
0.0993327
0.172431
0.149768
0.106292
0.0737768
0.0427525
0.0865729
0.0860688
0.060114
0.0986741
0.126706
0.101949
0.0807009
0.176081
0.053428
0.0909008
0.222669
0.159493
0.112687
0.157516
0.043995
0.0631867
0.126002
0.151652
0.0423357
0.183786
0.114265
0.202307
0.11212
0.0241033
0.0506974
0.10388
0.120438
0.113457
0.104336
0.119814
0.105637
0.0242431
0.0909049
0.0634386
0.013551
0.0742995
0.109475
0.0472592
0.00660727
0.143158
0.173831
0.0688699
0.064555
0.107509
0.0361168
0.123862
0.110417
0.0952975
0.057246
0.128162
0.109174
0.0668835
0.0457438
0.193355
0.141562
0.09216
0.073043
0.121815
0.13215
0.0621408
0.0130729
0.0716928
0.173819
0.1106
0.145895
0.0645371
0.115009
0.0388487
0.112756
0.243906
0.116851
0.104652
0.0949441
0.0751755
0.12356
0.0578088
0.0850523
0.0614479
0.0598248
0.0894656
0.0951111
0.0399558
0.11455
0.194199
0.0799498
0.100346
0.0983235
0.122757
0.215425
0.170758
0.161836
0.111941
0.0968499
0.0566185
0.12521
0.0428457
0.102988
0.0387323
0.211026
0.0600303
0.168853
0.150265
0.136448
0.0499131
0.0898656
0.200091
0.0667798
0.0380685
0.136313
0.119084
0.177613
0.212492
0.137422
0.050485
0.0209243
0.0614941
0.249074
0.0810785
0.145756
0.111919
0.0246291
0.0912591
0.0591793
0.154326
0.29813
0.0879611
0.18415
0.213509
0.0516884
0.12812
0.0842297
0.0882509
0.0484426
0.244955
0.0344039
0.161443
0.196384
0.0111741
0.0744352
0.0838666
0.105563
0.0318629
0.0352814
0.120171
0.0721426
0.14566
0.022679
0.0698637
0.00660283
0.0206859
0.119233
0.0446694
0.0343469
0.0773513
0.0930257
0.0229073
0.0928463
0.117908
0.141474
0.184891
0.167264
0.0715589
0.0761182
0.158127
0.212661
0.245463
0.116663
0.216626
0.153251
0.11084
0.104841
0.119724
0.109972
0.0602182
0.32554
0.0897497
0.0950858
0.11203
0.085749
0.0907378
0.129435
0.0634559
0.174053
0.227513
0.0470245
0.296915
0.177354
0.0956585
0.375516
0.279348
0.0757989
0.178851
0.168126
0.0798186
0.189737
0.0489709
0.10132
0.177702
0.0831057
0.0394062
0.107172
0.077165
0.297029
0.171941
0.0841485
0.150619
0.0821887
0.181282
0.0594309
0.0606326
0.0836038
0.144113
0.184121
0.156845
0.0214378
0.05752
0.148756
0.153996
0.121981
0.104209
0.157035
0.0466285
0.0349423
0.0243613
0.129553
0.31258
0.191104
0.0519684
0.196285
0.256895
0.0810608
0.108723
