0.00169789
0.00108017
0.691844
0.000977801
0.00372848
0.00370986
0.000273815
2.2384
0.369677
0.00248274
0.0012289
0.0060026
0.282175
0.00152225
0.0032707
0.00220599
0.00911647
0.428236
0.000936743
0.00291177
0.00148178
0.00318235
0.00521168
0.00304071
0.00364581
1.10714
0.00722825
0.0020289
0.00665768
0.00112669
0.00132299
0.0164625
0.00134017
0.000654461
2.05242
0.00557029
0.0851308
4.30017e-05
0.00142134
0.00527539
0.00254769
1.37886
0.00293456
0.00567886
0.000799087
0.0052615
1.15795
0.157509
0.00289968
0.00330433
0.396203
0.00221599
1.27241
0.00103852
0.00234288
0.000673278
0.341365
0.00459749
0.000277954
0.00261975
0.00167274
0.000596336
1.30682
0.00344526
0.00473144
0.00238423
0.160736
0.00162343
0.00116295
0.00374833
0.00209712
0.00135702
0.00179547
0.00311677
0.000955408
0.00243611
0.000675342
0.000779803
0.00463061
0.00262984
0.000944003
0.00174329
0.000608801
0.477522
0.00383345
0.00270349
0.0021424
0.00163367
0.00147198
0.000743992
0.00321024
0.00200508
0.475567
0.58427
0.00107911
0.00232259
0.00158773
0.331817
0.00561677
0.00460591
0.00361003
0.00335726
0.112785
0.000453087
0.00288301
0.00307285
0.000849358
0.0024626
0.000661034
0.000628041
0.00248002
0.00124533
0.00350403
0.000598771
0.00120832
0.00185344
0.113567
0.00142396
1.61864
0.00287453
0.00152035
0.00260415
0.00273589
0.000450887
0.000682889
0.00115339
0.00236583
0.620194
0.000639859
0.000445432
0.0019149
0.00310526
0.00139329
0.00712541
0.0107852
0.00290826
0.0044129
0.00309702
0.00105391
0.000795404
0.257121
0.00015619
0.676961
0.00460438
0.00832317
0.766088
0.000337481
0.00036924
0.00770531
0.000962029
0.000943296
0.000662675
0.427548
0.00282745
0.00961422
0.00154529
0.011867
0.000977764
0.00152981
0.00103829
0.00790289
0.00321085
0.00359094
0.00235201
0.000317771
0.005855
0.00169457
0.00548307
0.00271897
0.0015149
3.5908
0.0175806
0.00175015
0.000837401
0.000596205
0.00698221
3.60141
0.177626
0.794249
0.372752
0.000710964
0.0805385
0.00566492
0.0028185
0.35623
5.11497
0.00651347
0.00483292
0.290579
0.00295923
0.00410636
0.663725
0.00568019
0.00680149
0.00403494
0.0873926
0.00847005
0.00407173
0.466983
0.00234594
0.00552778
0.00353479
0.000503314
0.00518525
0.00150729
0.00371259
0.00476159
0.00745323
0.00632522
0.0065491
0.00454675
0.00482008
2.31286
1.42777
0.00720677
0.0154139
0.0034139
0.00602964
0.590521
0.0021747
0.00123426
0.00139854
0.00506644
0.168134
0.00247483
1.40973
0.00142607
0.00483559
0.00376223
0.223725
1.28078
0.310296
0.0163798
0.648127
0.00408854
0.429901
0.00821826
0.00244479
0.0112995
0.00994294
0.00321715
0.0128638
0.0920192
0.00127353
0.00278228
0.00360621
0.778835
0.00268674
0.00458917
0.000202062
0.00286275
0.00713184
0.00242328
0.201276
0.00589378
0.76161
0.000566685
0.00290856
0.00293298
0.00410402
0.00343338
0.00364346
0.000140743
0.0040272
0.00347314
0.0485345
0.00250399
0.00310611
0.00459186
0.00401129
0.26144
0.00415579
0.0013707
0.00207354
11.3069
0.00199724
0.299247
0.00111432
0.000532028
0.470079
0.00100539
0.00565333
0.00518948
0.00245817
0.00534563
0.00457365
0.00189206
0.00147482
0.00167118
0.00535881
0.165514
0.0037864
5.45347
0.00825778
0.000841956
0.000277034
0.00510185
0.000742935
0.00199468
0.00198829
3.85604
0.00294917
0.00111908
0.000930018
0.00555446
0.00131644
0.00486164
0.00226548
0.00316729
0.000827996
0.00348756
1.42152
0.920245
0.000359602
0.161484
1.57101
0.00536264
0.58449
0.00424275
0.00698284
0.00455844
0.0016746
0.00148837
0.00425481
0.00304748
0.00285172
0.00372781
0.00729857
0.160794
0.000917368
0.00140573
0.00231613
0.360103
0.000770991
0.00348406
0.00455843
0.00101953
0.000892622
0.00136125
0.00060897
0.00503115
0.322903
0.00495597
3.35254
0.000725712
0.00333634
0.202636
0.0024387
0.00255355
1.02126
0.00246632
0.00216692
0.00111672
0.000375615
0.00250351
0.00422139
0.00188182
0.00470321
0.00246267
0.000271428
0.000630545
0.339439
0.000864763
0.00174627
0.00318188
0.00467129
0.000629959
0.00174302
0.00152577
0.00482044
0.00704664
0.00107839
0.000921525
0.000680645
0.00484947
0.0265092
0.000807908
0.00254352
0.00432457
0.0025993
0.00148197
0.0041534
0.592956
0.00417421
0.0028178
0.538685
0.00183022
0.00117345
0.00240428
0.00153922
0.00192789
0.00235294
0.00364283
0.00288724
0.00118088
0.000484919
0.00383151
0.000251837
0.197994
0.00470772
0.00315354
0.00246285
0.0026398
0.00110009
0.731933
0.00173912
0.000159496
0.00354311
0.716905
0.501603
0.00704042
0.000817719
0.47833
0.0038383
3.42454
0.0046421
0.000869953
2.63193
0.00569184
5.1024e-05
1.45676
0.684984
0.000997066
0.00152737
0.000615905
0.00527699
0.00100853
0.00156605
0.509346
0.00130389
0.00129271
1.40282
0.00249802
0.0111289
0.000825528
0.00242938
0.00108201
0.00317084
0.00130192
0.00349472
1.62405
4.17736
0.00217052
0.000529295
0.164114
1.47139
0.00299124
0.000445124
0.0674633
0.000333418
0.00418219
0.37117
0.00442535
0.00235178
0.00351501
0.00278487
0.00476932
0.005651
0.00874512
0.00245646
0.00155217
0.911718
0.00211766
0.00299494
0.240559
0.00147405
0.00328625
0.00117288
0.00298571
0.00132094
0.00571462
0.231969
0.324329
0.00256377
0.00195201
0.00198231
0.00126004
0.305357
0.162178
0.00295415
0.00430986
0.00332094
0.181995
0.00241152
0.00514554
0.00686267
0.0027478
0.00430884
0.00142955
0.00255224
0.00244182
0.00156817
0.00270582
0.00426038
0.000199462
0.00120768
0.00182172
0.00283267
0.0549115
0.0188345
0.00417518
0.720349
0.00627501
1.13798
0.00216722
0.00527648
0.0057357
0.0568177
0.0583026
0.00603181
0.0625384
0.00551351
0.00338639
0.00492301
0.000235439
0.00205222
0.00849828
1.07308
0.353408
0.00669241
0.0266728
0.00340107
0.00734761
0.00142106
0.0200324
0.0679048
0.00519928
0.00599242
0.00697324
1.36985
0.00500086
0.00185204
0.00269807
0.00297757
0.100735
0.00123008
0.000644078
0.00136723
0.00107061
0.00452149
0.00284477
0.00373076
0.0133443
0.0425433
0.518899
0.00790565
0.0210834
0.00212601
0.00241381
0.0142233
1.24722
0.00190169
0.00114811
0.00141936
0.0381585
0.0343014
0.00206548
0.00490088
0.00111653
0.468097
0.00192544
0.00370098
0.00696478
0.00463259
0.0038173
0.000416875
0.0255238
0.278691
0.000839722
0.00105633
0.00535265
0.00526363
0.00140749
0.00344584
0.261321
0.00205638
0.0395181
0.000833099
0.0037476
0.00198412
0.0613898
0.0325524
0.00117389
0.00241418
0.00148855
0.00888456
0.0490374
0.00849336
0.0017912
0.00112809
0.0040475
0.00622134
0.00274708
0.00178216
0.00966249
0.000543914
2.58029
0.0019236
0.0040809
0.00426735
0.0145406
0.00226305
0.000782659
0.000297777
0.00557023
0.00898493
0.0113112
0.00632771
0.00526183
0.532488
0.0196878
0.00356232
0.000298297
0.0124064
0.00272868
0.00183814
0.00178897
0.297537
0.0137779
0.00236592
0.00405814
0.00150815
0.00556367
0.00661263
0.620229
0.00282165
0.265006
0.00234278
0.00357716
0.00414978
0.00402184
0.000265139
0.00103113
0.20002
0.00195128
0.00195858
0.000612401
0.00124407
0.550025
0.00115943
0.000267166
0.00330621
0.00237326
0.00482459
0.0961541
0.0034189
0.00452306
0.00789963
1.14613
0.00201751
0.0160486
0.000781999
0.0692631
0.000976878
0.0107674
0.000798104
0.000567036
0.835247
0.00849755
1.43314
0.000354747
0.00119675
0.00172427
0.00167524
0.224924
0.00157655
0.00353942
0.00557259
0.506136
0.399497
0.0317034
2.30161
0.00450113
0.000993221
0.00329685
0.00374777
2.06874
0.0147525
0.00129397
0.763418
0.459523
8.52936
0.00244683
0.00347717
0.00532219
0.0033179
0.153571
0.789115
7.78392
1.73999
0.306186
0.422073
0.00207413
3.79358
0.00248301
0.000181271
0.00232459
0.00307673
0.0101803
0.314882
0.0120941
0.00921542
0.529439
0.00245933
0.000828247
0.00238264
0.307558
0.00227955
0.00124746
0.00338368
0.458878
0.00118399
1.59881
0.136039
0.00306572
0.189953
0.00828749
0.00226778
0.00417204
0.0107524
0.000823149
0.361624
0.000917918
0.00959566
0.00106624
2.73556
0.00366281
0.000456892
0.00101086
0.00315612
0.00199562
0.000827538
0.00285587
0.00251342
0.000234575
0.00908068
0.000891037
0.437122
0.00265281
0.00366652
0.834432
0.00212099
0.00281813
0.000653174
0.000550111
0.000746614
0.00262006
2.82415
0.00541366
0.00698686
0.0183964
0.00919373
0.00196886
0.00171956
0.0016528
0.00123269
0.00255259
0.00108635
0.00325127
0.00256635
0.000847784
0.00297163
0.000210723
0.00103446
0.320559
0.00282081
0.000716099
0.0457491
0.00618678
0.000937825
0.00392799
0.00467662
0.0119693
0.00386055
0.0180093
0.000273428
0.00533272
0.0112182
0.0159837
0.0120677
0.012999
0.284747
0.00327276
0.00183005
0.00165254
0.00260584
0.00257082
0.00214278
0.000646489
0.00188154
0.00134697
0.00059491
0.00178608
0.000898905
0.00105675
0.00231852
0.00249558
0.00124658
0.0019694
0.00126871
0.00062596
0.00223745
0.00055567
0.0017909
0.00334427
0.00576935
0.00230545
1.3089
0.00158515
0.000564999
0.00127119
0.000871089
0.00371608
0.00226059
0.000253691
0.00186789
0.00326099
0.0004645
0.0114626
0.00182577
0.0100719
0.0901232
1.24545
0.00213901
1.76594
8.5026
0.180203
0.00617759
0.419726
1.5561
1.05868
1.39225
0.0013283
0.00630628
0.00464708
0.00166429
0.00856222
0.000444725
0.00211648
0.00249396
0.00249961
0.00547815
0.00202365
0.00647242
0.0114793
0.00409753
0.00307347
0.0147396
0.132067
0.00257841
1.09496
0.0123562
0.0179454
0.00879491
0.00553135
1.13768
0.0284969
0.0667284
0.00177884
0.000568931
0.00085429
0.00209703
0.00531779
0.123423
0.00284116
0.0972582
0.00197799
0.25861
0.0081351
0.289346
0.0049159
0.000476484
0.000748722
0.00321037
0.00173447
0.00309032
0.00252897
0.00366035
0.0046617
0.00837515
2.37538
1.08904
0.0123687
0.00717643
0.256285
0.158386
0.0023277
0.786353
3.16213
0.161887
0.00285772
0.0012838
0.00155865
0.000392296
0.00259307
0.000725075
0.00172133
0.00242231
0.00054787
0.00305696
0.000269605
0.00149968
0.00182596
0.00125143
0.00085597
0.552221
0.000910359
0.00118149
0.00115872
0.366992
0.000518536
0.000570307
0.00270201
0.00715246
0.397569
0.565107
0.00200025
0.163739
0.00314417
0.00283469
0.0168176
0.000767385
0.0104539
0.00335165
0.000968711
0.00218419
0.00185292
1.15379
0.00102693
1.03402
0.0101805
0.0020781
0.00219965
0.00138909
0.345619
0.0016544
0.0003515
0.00180604
0.0167412
0.00148114
2.25729
0.0196144
0.00224991
0.0501887
0.00933195
0.000645122
0.898761
0.00247848
0.000866991
0.00111165
0.00299964
0.00348798
0.000591781
0.00194993
0.63986
0.497653
0.18176
0.00200585
0.00389011
0.00291209
0.00153917
0.00316789
0.00344264
0.977514
0.000403562
0.0313367
0.0121834
0.00506971
0.0294296
0.00214142
2.54531
0.0072567
0.00725677
0.0228345
0.00833129
0.00253348
0.00178304
0.00102568
0.000382226
0.00190773
0.000814278
0.000494658
0.481683
0.844398
0.00433178
0.000577729
0.00234929
0.000319354
1.13011
0.00369149
1.02991
0.0026401
0.00169897
0.464397
0.137336
0.00188673
0.00216829
0.00180683
0.00104943
0.312494
0.000474423
0.00261173
0.00198361
0.000920509
0.000443187
0.00137995
0.00611315
0.0011185
0.000848708
0.00174337
0.00149223
0.00180097
0.00366514
0.000814318
0.36091
0.411344
0.00147956
0.00105547
0.0020425
0.0039754
0.00061984
0.00160717
0.529907
0.00171539
0.000312763
0.00202151
0.00121448
0.00253287
0.00129195
0.000707228
0.00135067
0.00379907
0.0010531
3.40728
0.00123241
0.00122029
0.00233276
0.00118178
0.00256222
0.00158063
0.00251845
0.00213176
0.00438
0.583992
0.416193
0.00152391
0.00102782
0.0041876
0.00190212
0.00120284
0.000684941
1.97459
0.00106541
0.245532
0.00141366
0.00137929
0.000751531
0.00299723
0.000828786
0.000623796
0.00449675
0.00168516
0.00318468
0.000835416
0.00470559
0.000829124
0.00102093
0.00310558
0.00309623
0.000809738
0.00209413
0.00180242
0.450181
0.0013545
0.00144233
0.00154907
0.0013181
0.00134548
0.000863126
1.28333
0.00164555
0.00050806
0.529065
0.00151311
0.0004101
1.54015
0.00124171
0.00139933
0.00216118
0.0013566
0.00043118
0.00055334
0.00110207
0.000457787
0.00812856
0.00134752
0.481831
0.00354845
1.11416
0.00213532
0.0025255
0.00221726
0.00139022
1.49106
0.00128706
0.000756788
0.00142705
0.742153
0.00631016
0.00163581
0.00140501
0.0285779
0.00124123
0.002941
0.0198958
0.000968334
0.00366436
0.00859652
0.0118367
0.0206944
0.013697
0.00188951
0.0328187
0.0414365
0.0353782
0.00305046
0.00602874
0.00326592
0.00624574
0.00180698
1.8858
0.00489451
0.0138835
0.00951884
0.000827585
0.000599162
0.683547
0.0190495
0.00215481
0.00161067
0.000266478
0.00177196
0.00243694
0.00103307
0.00108158
0.000916927
0.00292281
0.00397311
0.00116498
0.00220601
0.000632188
0.0251269
0.011316
0.00111267
0.0690375
0.689005
0.000872805
0.0063768
0.438984
0.00781083
0.000734466
0.00117298
0.0017138
0.357356
0.00279765
0.0492633
0.441719
0.00864959
0.0199358
0.000442602
0.00216656
0.00153714
0.00419407
1.18165
2.60784
0.00524718
0.0719237
0.00118747
0.00323323
0.00435557
0.00841908
0.00690147
0.00160337
0.332551
0.00512139
0.00207841
0.00202462
0.00317196
4.99206
0.520888
1.30687
0.0226151
0.0023947
7.39542
0.00186751
0.00444401
0.0325503
0.0295207
0.0011203
0.0006916
0.00412197
0.333845
0.000676792
0.00367123
0.632952
0.00169922
0.604466
0.0150778
0.305999
0.00750495
1.20529
0.00261178
0.00950305
0.00271634
1.78733
0.00647269
0.0138752
0.0177656
0.00534751
0.00236727
0.0218755
0.00150323
0.001608
0.000987591
0.00138817
8.20021e-05
0.00381506
0.00390613
0.00123852
0.00251567
0.0128742
0.000572155
0.0294095
0.00307947
0.00129727
0.00122936
0.887486
1.48876
0.510095
0.00478758
0.00172602
0.00240362
0.00136285
0.000869791
0.189288
1.16361
0.00381129
0.00222396
0.00211342
2.45049
0.00751552
0.226913
0.0044625
0.00103757
0.0032508
1.01952
0.13117
0.00115927
0.000850364
0.00148707
0.00115697
0.00131352
0.00494806
0.00286235
0.000814365
1.18751
0.00162145
0.00330017
0.00302757
0.000993209
0.00210265
0.00117754
0.00211879
0.00356589
0.00104691
0.000788097
0.000789618
0.340274
0.00184454
0.00220252
0.010118
0.0191762
0.00286976
2.27606
0.00927394
0.00509008
0.00262212
0.283906
0.00124691
0.00314343
0.00303076
0.00405732
0.00281004
0.268891
0.0051547
0.00232162
0.000646645
0.00214898
0.00466345
0.00199915
0.00213046
0.00299468
0.00698604
0.00275692
0.0229144
0.184504
0.189996
0.0926694
0.000666764
0.00494325
0.00413492
0.000976423
0.00754869
0.00397469
0.00884124
0.00305299
0.00326851
0.00398946
0.00346082
0.00550238
0.00608781
0.196758
0.00528827
0.00499971
0.00139757
0.00509808
0.0105357
0.201088
0.00665451
0.297118
0.00407218
0.00434309
0.0025412
0.00411148
0.00696788
0.00953157
0.00652053
0.00423825
0.00639784
0.00438244
0.00450585
0.00610712
0.00440719
0.00534889
0.165628
0.00255319
0.00317548
0.00678072
0.00701493
0.00555417
0.0017203
0.00555681
0.000687345
0.00100972
0.172445
0.000505283
0.00195311
0.000839855
0.0163527
0.000624612
0.103613
0.0136995
0.00477975
0.0041615
0.0038916
0.000685199
0.00133209
0.0194112
0.00217931
0.432694
0.005847
0.00299226
0.00123257
0.0280242
0.0029386
0.00772244
0.0126876
0.0010359
0.0159163
0.00644727
0.0553758
0.0441431
0.0038231
0.0476055
0.00222773
0.000464325
0.000685169
0.000166769
0.0176743
0.025023
0.00119923
0.0464562
0.00181166
0.00238117
0.00898607
0.00671026
0.495745
1.77991
0.195194
0.268286
0.553745
1.17609
0.00110724
0.362802
0.376842
0.899044
0.124978
0.120793
0.00161673
0.290717
0.00487392
0.00474858
0.00123448
0.00194448
0.00252733
0.0115114
0.0105972
0.0100469
0.0111387
0.000409983
0.004896
0.00725368
0.00805659
0.00476922
0.00233308
0.585479
0.00222198
2.18083
0.00612101
0.0313677
8.76117e-05
0.108101
0.012344
0.00150172
0.00438706
0.00993814
0.0055134
0.0134885
0.0399235
0.00313436
0.00227666
0.000731239
0.00409393
0.00107215
0.00174365
0.0120551
0.00123566
1.00658
0.00827131
0.00542764
0.0168218
0.00264786
0.0012177
0.00308851
0.0275019
0.539715
0.00905844
0.765264
0.722554
0.00207585
0.00544294
0.00503486
0.00189125
0.00370777
0.00645032
0.00304598
0.00115892
0.00575332
0.00138933
0.0038603
0.00554875
0.00402317
0.00331026
3.70379
0.00377763
1.38698
0.00585964
0.0057908
0.00211307
0.00189087
0.00323419
0.000369573
0.00684323
0.00535032
0.00308173
0.0300467
0.000624935
0.00136842
0.00045024
0.000753162
0.00124392
0.0265149
0.00313945
0.00152312
0.00340065
0.0011624
0.0017438
0.0163782
0.0160607
0.0142914
0.010756
0.0315376
0.00689181
0.00144654
0.0304108
0.0159121
0.000766995
0.00209283
3.04951
0.00248763
0.00239371
0.00102046
1.02052
1.87987
1.18555
0.00228659
0.0187338
15.3838
0.00024929
0.00210254
0.000837897
0.000518212
0.000671982
0.161798
1.11379
0.000750704
0.00527106
0.000385976
0.00314632
0.00610276
0.00191329
0.00325928
0.000783586
0.00111935
0.00426295
0.00306936
0.00158349
0.0056252
0.00270094
0.00294339
0.000678794
4.92229
3.34679
0.00595179
0.024632
0.00155207
5.79139e-05
0.00147175
0.00229676
0.00089841
0.00468846
0.00038115
0.000945157
1.14513
0.00107765
0.00143667
0.499799
0.000322022
0.000598241
0.000735017
0.00160793
0.00187044
0.379297
0.00690849
0.00521051
0.000915273
1.11049
0.00264717
0.065318
0.000518931
0.00240618
0.00112643
0.181788
0.00187698
0.237002
0.333273
0.00233507
0.00449091
0.00193312
0.00225245
0.000567924
0.00231665
0.000921836
0.00428054
0.176325
0.000383887
0.00364103
0.0346313
0.605827
0.0161332
0.00369073
0.00152149
0.000647511
0.00676818
0.000227924
1.41705
0.0190208
14.6969
0.0322151
0.425458
0.110759
0.170285
0.780787
0.00102602
0.697854
0.200044
0.00939241
0.000841888
0.00201686
0.00115078
0.000323766
0.0015203
0.0132892
0.00118113
0.000894746
0.0162296
0.0283603
0.00415798
0.0337463
0.00211517
0.00114009
0.056102
0.0012474
0.000498228
0.00328051
0.00289862
0.00369882
0.0442088
0.0143577
0.000753644
0.00219884
0.395422
0.00484669
0.00100775
0.000975912
0.00061841
0.00273128
0.00059465
0.0626806
0.00193668
0.967098
0.00262207
1.38928
0.00361489
2.70762
0.0033471
0.001529
0.00202924
0.00142663
0.00181135
0.00279718
0.00149056
0.00136582
0.00431677
6.85895e-05
0.0010953
0.00122629
0.00290444
0.00274155
0.0031776
0.444125
2.08643
0.00246512
0.00186613
0.000841694
0.00246913
0.00171306
0.00154513
0.00186688
0.000320561
0.000593175
0.00139367
0.000630329
0.00273124
6.4658
0.341853
0.00227101
0.000636354
0.173197
0.00558345
0.00200813
0.00243673
0.288454
0.0048541
0.0971354
0.00707575
0.00097151
0.00257931
0.00339335
0.0177064
0.00175404
0.00110773
0.00157698
0.00207587
0.00366215
0.00530471
0.00057103
0.00162671
0.00601096
0.00302586
0.00489716
0.00385713
0.122202
0.0010049
0.000804191
0.290508
0.00463846
0.285597
0.00198584
1.89038
0.834877
0.000748922
0.00089555
0.0147336
0.00347051
0.00145195
0.00241923
0.000922481
0.00148775
0.0181509
0.381763
0.000933106
0.00444067
0.0121349
0.000610957
0.00126664
0.00102816
0.00164218
0.0066207
0.00151323
0.000333357
0.00226643
0.000671542
0.00170838
1.13869
0.00362001
0.00166256
0.00122838
0.00167361
0.00129212
0.00246263
0.784059
0.00221238
0.00259874
0.000916886
0.00149755
0.00128515
0.00220758
0.00108539
0.00173915
0.00439545
0.00117207
0.000952465
0.248278
0.000727441
0.0030703
0.00176362
4.84825e-05
0.00276435
0.00042309
0.0117721
0.000821258
0.00347912
0.00306372
0.00158644
0.00704314
0.0147153
1.56051
0.00133696
0.00117382
0.00328755
0.413909
0.000749224
0.00252547
0.00903786
0.000331354
0.00563537
0.00222371
0.00138008
0.0019242
0.00388242
0.00508066
0.002892
0.00455257
0.000898504
1.76382
0.0498486
0.000494924
0.00399356
0.000497864
0.0607192
0.0231472
0.355602
0.00507176
0.00443369
0.0123092
1.34684
0.596527
0.00216049
0.130891
0.0853564
0.00128803
0.992145
0.0148573
0.00786411
0.618155
0.0024708
0.00331895
0.000235909
0.456578
0.000590278
0.0205405
0.00362261
0.00115223
0.307447
8.60896
1.00705
0.00997628
0.410637
9.07122
0.00279563
0.0527989
0.00839259
0.902418
0.28689
0.000926537
0.167819
0.0237032
0.00123317
0.00407483
0.00116825
0.00153146
0.00271454
0.00587306
0.00175564
0.00127341
0.0852666
0.00530247
0.00765546
0.000351097
0.00153225
0.420863
0.00244717
0.00169978
0.0117157
0.00690396
0.0411439
0.0410327
0.00199506
0.000304247
0.000824761
0.00143124
0.00251136
0.00416174
0.00109452
0.0170102
0.112925
0.00181895
0.00298288
0.035014
0.00517089
0.0128135
0.043092
0.00565716
0.00360149
0.00308001
0.0019024
0.00192066
0.00487591
0.00307005
1.5337
0.00151834
0.00174844
0.00172177
0.00189919
0.00317401
0.00238952
0.00138652
0.00153362
0.00132934
0.453186
0.000820596
0.00195177
0.00309276
0.00145397
0.00144708
0.00473226
0.487754
0.00151067
0.00242447
1.09015
0.194222
0.00464891
0.00252166
0.0028381
0.000866425
0.210464
0.277483
0.215398
0.757094
0.00407256
0.000626527
0.00407908
0.000989654
0.15519
0.00260266
0.00198058
0.00552892
0.000915114
0.000541384
0.00922087
0.00146385
0.00171495
0.000136823
0.000685278
0.00210529
0.00363921
0.893414
0.272489
0.136755
0.189194
0.000248555
0.00143285
0.00278749
0.000611992
0.00102441
0.000648088
0.098256
0.00278886
0.503911
0.00795832
0.000942512
0.000835079
0.236189
0.00142068
0.00217371
0.000459147
0.00023927
0.00648028
0.000726195
0.00194659
0.00219563
0.00306427
0.00140387
0.00480458
0.00335682
0.00234083
0.000346565
0.00448508
9.02241e-05
0.00194437
0.00272096
0.000337157
0.00180495
0.00265362
0.00140217
0.00136835
0.00326852
0.000645438
0.00170936
6.63349e-05
0.000843123
0.00316692
0.00188941
0.00386819
0.00165787
0.0043551
0.00098161
0.00463869
0.000489864
0.00186727
0.00437568
0.000672398
0.00228891
0.00260079
0.000783792
0.00250206
0.00133247
0.57334
0.00524074
0.00145819
0.00210519
0.300483
0.0039043
0.000928124
0.00461884
0.00146176
0.00210832
0.00124803
1.52075
0.0037869
0.877881
0.000288173
0.00210229
0.00204502
0.0039776
0.00728919
0.00257926
0.0024406
0.207633
0.00180824
0.000866549
0.00108514
0.00180955
0.00259975
0.00241499
0.00990934
0.00119358
0.0044502
0.0140598
0.0560627
0.00984932
0.00825942
0.00195906
0.00132561
0.000688543
0.00114429
0.00568832
0.00106943
0.0982912
0.00311925
0.000682454
0.00157433
0.00200923
0.0120954
0.00253478
0.0063201
0.00329474
0.00529431
0.00178639
0.00228864
0.0124347
0.00383258
0.000309255
0.0010184
0.000727706
0.293091
0.000813037
0.0220469
0.000610692
0.0206621
0.011057
0.00375556
0.0346339
0.00360246
4.5816e-05
0.00461604
0.00381745
0.515939
0.00309208
0.000756819
0.0285924
0.00264557
0.0318737
0.0731658
0.00281831
0.00270887
0.00462941
0.0036775
0.00132579
0.00419198
0.000856567
0.018733
0.0200574
0.00154833
0.00176412
0.00320934
0.000798735
0.000674508
0.00313202
0.00478902
0.00497591
0.00272924
0.0024362
0.00408054
0.00149879
0.00346878
0.00266939
0.00606714
0.00236406
0.0153667
0.0014355
0.0012628
0.00136579
0.00155504
0.0224658
0.0134289
0.00431944
0.00184721
0.0247485
0.0313979
1.43809
0.0387595
0.0268733
0.00137918
0.005645
0.00402713
0.0194516
0.00110108
0.000923088
0.00422355
0.0154127
0.0205008
0.00283751
0.0317689
0.0059117
1.46294
0.00447359
0.000117524
0.0101798
0.00419189
0.00420864
0.0026838
0.00202504
0.00219459
0.00189611
0.00643943
0.00129715
0.0041055
0.00489987
0.00535148
0.000634304
0.00178377
0.00656702
0.533742
0.254082
0.0012347
0.00339892
0.00338239
0.00621239
0.00147749
0.0008276
0.000755215
0.000205604
0.00155954
0.000263123
0.658851
0.00102522
0.00196287
0.741401
0.000253082
0.000298694
0.0025958
0.000927096
0.00163446
0.00158906
0.950217
0.00100998
0.00225201
0.00311402
0.00297478
0.00145688
0.0055886
0.00175821
0.00416974
0.00149964
5.84923
0.00303015
0.00239271
0.00148766
0.00269146
0.00122719
0.00664762
0.00400758
0.000747165
0.00666757
0.00346067
0.00590569
0.00856595
0.00850723
0.0149256
0.00500861
0.00118359
0.00281563
0.00280522
0.000847165
0.00233251
0.00401531
0.000289764
0.135718
0.00879879
0.00298735
0.00110539
0.00879324
0.00330162
0.000512999
0.00241487
0.00306495
0.00345936
0.00163827
0.00486887
0.000531306
0.00625833
0.0073889
1.30898
0.00406577
0.00154944
0.000523799
0.00251641
0.00766253
0.0044731
0.00277949
0.00498532
0.00136671
0.00225545
0.00154112
0.20957
0.220064
0.00078815
0.00373092
0.00709448
4.77043
0.00376528
0.00438919
0.00599846
0.00339123
0.00105157
0.000581344
0.00744003
0.00227503
0.00860111
0.00130433
3.03577
0.00435481
0.00152579
1.70394
1.05227
0.00363856
0.00991296
0.00199993
0.000471808
0.00211728
1.91325
0.00102087
4.6805e-05
0.00137461
0.329745
0.000528836
0.00440376
0.00154549
0.00195996
0.290751
0.00227188
1.45446
0.00107532
0.00095585
0.00120527
0.000332678
4.27385
0.000524013
0.0005873
0.00379079
0.00154692
0.00184354
0.411074
0.000227905
0.0027287
0.000235636
0.00144343
0.00268929
0.362036
0.00128078
0.211216
1.38232
0.423077
1.4322
0.319814
0.00158698
0.112705
0.00157097
0.00372445
0.00116911
0.00424785
0.00267773
0.00144373
0.0342721
0.00253961
0.000791649
0.886088
0.0210206
0.00347685
0.149106
0.00144099
0.00261369
0.941925
0.0128353
0.000646033
0.0329068
0.00927875
0.700765
0.829062
0.0110967
0.000740208
0.000482954
0.00104315
0.00141965
0.0112321
0.0079486
0.757602
0.0139527
0.00141559
0.000238541
0.00468916
0.0101695
0.0083521
0.00954995
0.00639565
1.29919
0.0137313
0.00153408
0.468585
0.00127433
0.00223728
0.0010791
0.0019027
0.00195594
0.00156359
0.00276141
0.00369365
0.00207155
0.000503933
0.00317794
0.599668
0.212788
0.00451064
0.00247715
0.00259505
0.471731
0.00268952
0.000964529
0.00218874
0.00918341
0.0119364
0.0032144
0.00305276
0.00457623
0.0499946
0.0115515
0.000801384
0.0322924
0.00652714
0.00564012
0.000420879
0.00300095
0.00380233
0.00051311
0.00178464
0.00161029
0.00394362
0.00454208
0.029748
0.0107745
0.039642
0.000874369
0.00602929
0.0110264
0.0118388
0.0084119
0.00348505
0.623768
0.0263912
0.0220095
0.000970199
0.00100996
0.00425677
0.00135703
0.0295104
2.19981
0.0142909
0.000242251
0.121992
0.0216923
0.00114031
0.00634791
1.22243
0.0055211
0.00147283
0.0106215
0.76605
0.0123517
0.00184245
0.0022865
2.40731
0.000920207
0.00445215
0.000963671
0.00210397
0.00281213
0.0125611
0.0145084
0.00113832
2.03702
0.0226687
0.586602
1.061
1.79629
0.53953
0.0138264
0.012833
0.0238083
0.0910756
0.000822261
0.0538247
0.00076181
0.000468371
0.000390678
0.0113112
0.00284076
0.285376
0.00531247
0.255039
0.00213296
0.00262172
0.00331913
0.00251136
0.632269
0.00175982
0.000601796
0.00248268
0.186893
0.000732531
0.00391248
0.00191325
0.00113229
0.00261363
0.000761242
0.000723486
0.00267484
0.00241843
0.000770401
0.00234679
0.00123566
0.00212452
0.00259996
0.00140618
0.00223139
0.00147587
0.00141739
0.0577145
0.00531614
0.00285054
0.000497677
0.000618456
0.00123713
0.00181162
0.0012727
0.474109
0.00240602
0.00385922
0.00281382
0.0009438
0.000450402
0.00163002
0.00431271
0.00210277
0.00212641
0.00147533
0.0231654
0.426103
0.000443469
0.00194494
0.00522773
0.00229139
0.00259982
0.00279228
0.00311442
0.00183144
0.00225592
0.00263206
0.00030582
0.00128302
0.00137009
0.000523467
0.00211612
0.00149495
0.00198607
0.000657974
0.00176809
0.811499
0.00036541
0.00216359
0.000691867
0.0011075
0.00085653
0.00291027
0.00199438
0.00446945
0.00723716
0.00094442
0.000775044
3.77582
0.00335824
2.31202
2.2474
0.0012264
0.000162855
0.00331299
1.68514
0.00118688
2.55986
0.000195407
0.00413715
0.0100631
0.00497303
0.00279661
0.00400934
0.00227311
0.00158618
0.000718569
0.007852
0.00699229
0.00302806
0.0100617
0.00314086
0.104641
0.00441424
2.65749
0.916874
0.00143714
0.0943446
0.000567127
0.00131454
0.0101117
0.00108135
0.00231906
3.89131
0.000840773
0.00102024
0.00259351
0.00170805
0.000921383
0.204341
0.000936336
0.000532799
0.00193603
0.00396208
0.00165419
0.000677568
0.00103966
0.000795892
0.00148416
0.000809202
0.00241353
0.000775023
0.000495035
0.515
0.00283821
0.00230311
0.00132271
0.00155393
0.00488092
0.00195338
0.000778286
0.000888855
0.000635362
0.0012767
0.00114633
0.00181873
0.00207392
0.00314646
0.00134243
0.216739
0.000641595
0.000554264
0.0945198
0.00121471
0.023511
0.295845
0.516723
0.000381727
0.000474136
0.00265635
0.00092064
0.0153679
0.0189526
0.02047
0.0124236
0.00984381
0.00181985
0.00205369
0.04685
0.0130688
0.000834596
0.00122728
0.0107404
0.00148274
0.360255
0.0140067
0.00297818
1.34739
0.00768765
0.00960749
0.0363402
0.00891063
0.246155
0.332001
0.426767
0.00750281
0.00726522
0.00812651
0.00756311
0.00711705
0.342811
0.00657888
0.0076404
0.00846209
0.00879463
0.00855266
0.0214607
1.28993
0.0500105
0.00879319
0.0379341
0.000958524
0.0130637
0.770453
0.00133463
0.00267212
0.332249
0.000564917
0.00299566
0.0265351
0.0120817
14.0051
0.00569429
0.0181801
0.0017772
0.289371
0.616931
0.5853
1.08165
0.00399206
0.00411883
0.970005
0.683316
0.414428
0.742255
0.00606618
0.00927446
0.00122931
0.00450975
0.0134269
0.514556
0.00130766
0.00282268
0.000803323
0.00165079
0.00588469
3.34601
0.000668736
0.00650529
0.00499744
0.00462601
0.00653803
0.00850274
0.763343
0.00126326
0.00293115
0.00301912
0.00676517
0.853208
0.00278628
1.99144
0.00085971
0.00050197
0.000673549
0.00159262
0.00288686
0.000875156
0.00181155
0.00318849
0.000412937
1.03014
0.00244631
0.0691213
0.0107715
0.00315586
0.00189752
0.00125638
0.00174425
0.00339067
0.165739
0.000218511
1.09998
0.0026947
0.00261151
0.00108685
0.00107782
0.00106391
0.416945
0.000968916
0.00192342
0.00380116
0.000534358
0.00111741
0.00233796
0.00063854
0.542205
0.00144619
0.00160703
0.00460243
0.268268
0.00238958
0.000320102
0.00368514
0.00231457
0.66212
0.341695
0.00237309
0.00213875
0.00168628
0.00191009
0.0010813
0.00719213
0.00122394
0.00337943
0.0013932
0.00156071
0.000921948
0.00115777
0.00146875
0.000426455
0.00135948
0.00154579
0.00110031
0.00110639
0.000194966
0.00154333
0.151502
0.00473401
0.505756
0.00500218
0.00116283
0.0013121
0.00083091
0.00115111
0.00587152
0.00548398
0.00132787
0.742811
1.30918
0.00114343
0.00395557
0.00832937
0.0016961
1.80931
0.00285932
0.439619
3.04039
0.00430987
0.00537058
0.00123533
0.00390647
1.42055
0.00153541
0.000384476
0.367525
0.00509633
0.00466188
0.00166348
0.00122849
0.00199188
0.00165121
0.0067178
0.219084
0.31877
0.000788454
3.39389
0.00206828
0.00362592
0.00239756
0.00543113
0.000475643
0.00288123
2.22973
0.0035708
0.00102864
0.00290696
0.0031522
0.00511246
0.00128793
0.00650338
0.00395648
0.00323618
0.00235236
0.000726736
0.00288459
0.00821572
0.00263797
0.000806498
0.00245138
0.718954
8.56161e-05
0.00559274
0.00449845
0.00045911
0.000651604
0.000752044
0.00444258
0.00155773
0.00104226
0.00310691
0.0281494
0.311118
0.00130594
0.00106964
0.00360371
0.913421
0.00117205
0.00405098
0.000473131
0.00233877
0.00212546
0.000686235
0.000434979
0.00238576
0.554139
0.00208293
0.0862918
0.0301559
0.00895571
0.0106899
0.00387243
5.60211
0.00241055
0.513755
0.0180692
0.00224983
0.589225
0.0114114
1.68966
0.00067285
0.0141089
0.000673984
0.00064668
0.012967
0.680952
0.0150778
0.496177
0.00161278
0.450525
0.313876
0.0050789
0.239905
0.000949782
0.00256111
0.00410748
0.000528926
11.6136
0.00626651
1.99034
0.00170873
0.00297552
0.00559366
0.00703214
0.00354758
0.00124477
0.00566795
0.00380354
0.00936893
0.00296047
0.00929475
0.00182252
0.572273
0.2564
0.00556631
0.501016
0.010383
0.0166449
0.0078704
1.40858
0.243204
0.00903694
1.50605
0.64824
0.0435094
0.000392044
0.00195493
0.155843
0.000731601
0.0842592
0.00170728
0.000843847
0.00182837
0.00108215
0.000578828
0.628433
0.00459623
3.54569
0.212918
0.0148973
0.00408138
0.00191996
0.00357016
0.884103
0.00162934
0.00676275
0.00723239
0.0146756
0.0198106
0.0158677
0.750074
0.00413331
0.0289996
0.000662746
0.449199
0.00140897
0.000269389
0.00282238
0.000683177
0.000755631
0.00068658
0.0008044
0.00128953
0.00153937
0.00160108
0.00236622
0.00929502
0.00322222
0.0130875
0.00122983
0.240424
0.000703634
0.000547389
0.000796436
0.000956643
0.00103936
1.33849
0.00275526
0.00558286
0.00052045
2.18199
0.00421677
0.00422065
0.00218322
0.00565667
0.0059417
0.00660886
0.000702383
0.0039303
0.0065226
0.00553649
0.000682355
1.41
0.00247279
0.00268241
2.05779
0.00332923
0.00169276
0.00303822
2.5636
0.00104308
0.00268892
0.00630569
0.0041827
0.00032287
0.00177411
0.302447
0.00402652
0.00187452
0.00545948
0.836125
0.00052884
0.341644
0.00393057
4.4118
1.55854
0.777681
0.00142666
0.00303976
0.00240289
0.00298441
0.00336568
0.123336
0.00325711
0.475681
0.0034175
0.00154026
0.00407411
0.00124796
0.00309103
0.00186579
0.00308919
0.00263468
0.00320372
0.422759
0.125935
0.264419
0.000112393
0.171891
0.000299771
0.00110992
0.00365924
0.00394828
0.989426
0.26372
0.002876
0.00206893
0.00541969
0.0015584
0.343299
0.000213681
0.000330846
0.000236624
0.00168901
0.00210184
0.00767439
0.00258389
0.00249964
0.00649697
0.00244439
0.165812
0.00110902
0.00345781
0.00240098
0.0013122
0.00388369
0.00165408
0.00234999
0.00105862
0.00173445
0.000939866
0.00122656
0.0026366
0.297319
0.000921369
0.00119056
0.00302285
0.000296828
0.00343684
0.00127617
0.00170384
0.00235716
0.00131514
0.278209
0.00121701
0.000821802
0.00167019
0.00285888
0.00268335
0.00299327
0.00215165
0.00547607
0.00349573
0.289818
0.0019857
0.245427
0.00459773
0.00175053
0.0380866
0.00402734
0.00145557
0.00136717
0.00252601
0.00238136
0.00243825
0.00222336
0.120167
0.00132804
0.000546121
0.311935
0.00493032
0.000269644
0.00278677
0.00154825
0.732003
0.416424
0.00506315
0.00011817
0.00300102
1.24851
0.000794745
0.59513
0.00211258
0.012399
0.0011893
0.00152591
0.101408
0.00357713
0.0491205
2.1644
0.0136504
0.00224963
0.921952
0.0228703
0.780775
0.00109511
0.00777411
0.0130784
0.0005345
0.00727486
0.404861
0.00358116
0.00229553
0.0285906
0.0278745
0.00481009
0.00291762
0.016224
0.66802
0.0284316
0.0120696
0.923128
0.00207019
0.0979138
0.00359908
0.000779499
3.02408
0.00149131
0.00867289
1.90592
0.24454
0.0022219
0.00130641
0.0021364
0.00101575
0.000347917
0.00101851
0.00122915
0.00703338
0.00100354
0.00384777
0.000649017
0.000655345
0.00259083
0.00198132
0.000847558
0.000771061
0.000490767
0.00456166
0.00115522
0.00316651
0.00147295
0.00244065
0.00282245
0.00419089
0.000516266
0.00116471
0.27571
0.00139729
1.83334
0.00177692
0.00339508
0.00197415
0.00219848
0.00322554
0.00181265
0.00460106
0.00283624
0.0035214
0.00420738
0.00246303
0.00181833
0.00917826
0.00910482
0.0010167
5.56316
0.00483081
0.00108594
0.00520468
0.00801434
0.0854487
0.000818246
0.00218453
0.00515829
0.00423199
0.00398487
0.00243798
0.00842498
0.0116607
0.00172745
0.00256608
0.406579
0.0225365
1.88367
0.00170227
0.00097251
0.00821866
0.002131
0.00326593
0.00415101
0.0026189
0.000110423
0.000454237
0.00974556
0.000648865
0.0041116
0.000336917
0.848043
0.000963086
0.0123812
1.00973
0.00140173
0.00384246
0.00111919
0.00118113
0.0852641
0.153993
0.00194077
0.351336
0.00629237
0.00314464
0.0021202
0.341065
0.0184048
0.000550461
0.00189908
0.190725
0.378349
1.13547
0.00406115
0.0045785
0.00204455
0.0018547
0.00749239
0.00350774
0.00568786
0.00355689
0.00107615
0.00344966
0.00316026
0.00147732
0.00257312
1.6329
0.00082812
0.00119927
0.36916
0.00260729
0.0415621
0.00163787
0.00166372
0.229063
0.000931982
0.097978
0.00189922
0.00455749
0.0019588
0.000547384
0.00204108
0.000616778
0.00179754
0.00103034
0.0014641
0.00167566
0.000686956
0.00164033
0.00315966
0.318891
0.00121333
0.584925
0.00183289
0.00167495
0.00181689
0.00140156
0.00147695
0.00136407
0.00187972
0.00181629
0.00229286
0.00238767
0.00184964
0.0011117
0.000915287
0.00250972
0.00871341
0.000465733
0.00253596
0.000969139
0.00393325
0.00359146
0.00327874
0.381219
0.00100145
0.00373153
0.0039166
0.00149863
0.00136053
0.00121967
0.00446397
0.00120598
0.152533
0.00111341
0.000602
0.398922
0.284712
0.00131797
0.000412703
0.0012532
0.00331921
0.378028
0.000311171
0.00201961
0.0571957
0.0015586
0.00318251
0.00167326
0.00321464
0.0839362
0.715502
0.254809
0.322201
0.0034393
0.000716381
0.00199521
0.000390213
0.00075531
0.00153128
0.411647
0.00181018
0.00137946
0.000959668
0.000470415
0.000291863
0.000680851
0.0017817
0.00285088
0.000528945
0.662696
0.000795669
0.00105889
0.00155187
0.00113181
0.00146265
0.00808146
0.000982689
0.00276263
0.0147446
0.00214859
0.000534902
0.00115722
0.543113
0.00061213
2.25668
0.000181122
0.00124629
0.001196
0.000574673
0.00137611
0.00329753
0.0030193
0.00429467
0.155129
0.000673593
0.307568
0.00494142
0.00052763
0.565413
0.00147985
0.305712
0.00260798
0.00107325
0.00163297
3.22799
0.000729028
0.000507777
0.00107583
0.000792115
0.00107594
0.480707
0.00201927
0.00242557
0.0016894
0.00111657
0.00192404
0.00240589
0.132878
0.541012
0.00248958
0.00211548
0.0012778
0.00287446
0.22614
0.00201918
0.203113
0.002294
2.66048
0.276249
0.00178891
0.005316
0.567419
0.27848
0.000759448
0.0243298
2.23246
0.000475748
2.78116
0.00164553
0.0116421
0.00119567
0.391522
0.484241
0.00146386
0.00256865
0.00262011
0.00137131
0.0012387
6.99435e-05
0.00201716
0.614319
0.00123734
0.00075409
0.286921
0.000562659
0.210378
0.00055569
0.00125154
0.00214755
0.249235
0.000405989
0.00247811
0.00270422
0.00160131
0.00275477
0.000252773
0.00429347
0.395186
0.220049
0.00310133
0.00377532
0.000886555
0.00220152
0.00135072
0.000738758
0.00161987
0.445829
0.00387761
0.00116967
0.000484603
0.00262787
0.000915392
0.000822087
0.00057896
0.000426911
0.00196382
0.000264579
0.00165726
0.00163455
0.000400129
0.00162837
0.00120794
0.00133786
0.00198503
0.001588
0.0014891
1.59684
0.00189862
0.00350045
0.000949724
0.513142
0.00063032
0.000919331
0.00118125
0.688188
0.000326342
0.0018084
0.0014805
0.00226122
0.131753
0.00157801
0.0024952
0.00194807
0.00495357
0.00554297
0.000836883
0.00133035
0.00223645
0.000779178
0.00293909
0.000594167
0.00277057
0.00337972
0.00334307
0.0016874
0.027537
0.986876
0.00140745
0.00220658
0.000454355
0.0290869
0.000557403
0.00194714
0.00319277
0.00105242
0.00152347
0.00426639
0.00194591
0.721447
0.0024171
0.00137881
0.00115673
0.00226152
0.00264157
0.0765251
0.00189107
0.000717723
0.000778622
0.00142628
0.00156769
0.00104847
0.000607257
0.00117274
0.000785644
0.000903261
0.00088634
0.000595499
0.00104055
0.00071862
0.000458723
0.0011628
0.710405
0.00461244
0.00139184
0.00481812
0.00176634
0.00166722
0.00120955
1.16923
0.00665535
0.000780536
0.00155182
1.09425
0.00302868
0.0030003
0.00103431
0.00433209
0.0013585
0.000868015
0.00110417
0.24046
0.001433
0.305928
0.00177006
0.00336936
0.000919992
0.00356648
0.000906385
0.00111619
0.256149
0.00583112
0.00370603
0.00156221
0.301565
0.428498
0.000925444
0.0016539
0.00159137
0.00049667
0.00168478
0.00457925
0.00323509
0.000929473
0.00122503
0.00221623
0.00209474
0.000766443
0.00253214
0.00208264
0.00206641
0.0019968
0.00105375
0.00229959
0.00120469
0.00163591
0.00112697
0.366879
0.00287531
0.00130082
0.00532743
0.00375391
0.000671191
0.00124283
0.000191831
0.00111278
0.0049735
0.00130647
0.00120039
0.00226506
0.0491463
0.000847842
0.00125075
0.000905542
0.00123236
0.28549
2.44367
0.153935
0.00219471
0.00493263
0.00177878
0.00047118
0.00213499
0.283104
0.236895
0.00255527
0.00417333
0.00420775
0.960459
0.000643873
0.0921911
0.00119844
0.000893694
0.000861564
0.001825
0.004334
0.00740298
0.00943934
0.00210115
0.0676392
0.539895
0.0820403
0.00286675
0.00216387
0.00731538
0.000695184
0.000634274
0.00459543
1.39245
0.00234196
1.98787
0.00721962
0.00328748
0.00633115
0.00236188
0.00173985
0.00687722
0.00289073
0.000457
0.00210979
0.000454042
0.0691531
0.00218878
0.00478518
0.613478
0.46946
0.0011467
0.00495187
0.0119463
0.0249601
0.0565427
0.00416367
0.00150937
0.00579345
0.00234781
0.00648576
0.00104284
0.00893275
0.000621326
0.457851
0.00129911
0.00227171
0.00171697
0.00129551
0.0195517
0.00253972
0.00157524
2.63565
0.00957315
0.00447656
0.00328817
2.02125
0.00112917
0.0013536
0.00110462
0.00231598
0.000400423
0.381114
0.000327457
0.00689126
0.00447921
0.0014507
0.00488701
0.000353569
0.00127695
0.00714922
0.00127339
0.000658668
0.000711877
0.00136355
0.00352291
0.667993
0.00416841
0.00145267
0.0277998
0.00640577
0.00257959
0.738069
0.00160249
0.00509715
2.43053
0.00129805
1.66165
0.00239066
0.00778816
0.000908065
0.000550581
0.00205101
0.00162018
0.315099
0.799776
0.0023807
0.000866031
0.000719851
0.43561
0.00532616
0.00213897
0.00325539
0.00338198
0.00412895
1.22643
0.00540946
0.130633
0.0047806
0.0024964
0.000908638
0.0019106
0.00259542
0.000707433
0.000732371
0.0024538
0.000795116
0.414965
0.00239392
0.00106565
0.00431893
0.203617
0.00439648
0.000525723
0.00457149
0.00292434
0.00189651
0.00296688
0.00288005
0.342033
0.000961459
0.00113892
0.00373685
0.102877
0.00313845
0.00168185
0.000952564
0.000895683
0.00191372
0.00248483
0.00265423
0.00233356
0.00164546
0.326632
0.265756
4.04595
0.0150478
0.00669758
0.0319079
0.000740001
0.0113131
0.0206655
0.00149191
0.0456882
0.561894
0.0090184
0.00366792
0.223825
0.333174
0.0495841
0.00365587
0.00509979
0.243366
0.80098
0.00824507
0.010755
0.00399648
0.00325829
0.00274896
0.0160775
0.00693964
0.00194661
1.14967
0.00843715
0.00591397
0.00886335
0.524133
0.764497
0.144618
0.00229103
0.0179075
5.87318
0.00327745
0.00279853
0.268745
0.0110456
0.00303693
0.00381871
0.00487234
0.00364084
0.000150521
0.00249823
0.00349288
0.00172252
0.000862967
0.000622281
0.00505023
0.000560649
0.00212177
0.00234379
0.00189603
0.00294951
0.000282447
0.00235301
0.00112677
0.0032195
0.00225106
0.00331667
0.00122956
0.00434966
0.00247848
0.0030452
0.00335488
0.00304912
0.00380993
0.00440206
0.00266807
0.00148888
0.00187986
0.00216114
0.00204651
0.000919088
0.00201652
0.0107575
0.000629076
0.000409184
0.000685938
0.00179459
0.00194284
0.000625395
0.00193359
0.000205392
0.00173625
0.00486819
0.0019876
0.00107134
0.00214825
0.00189066
0.00423197
0.163359
0.156986
0.29156
0.00224158
0.00488898
0.00517704
0.000966666
0.00134437
0.000273679
0.0010871
0.00122556
0.00243406
0.00105146
0.00130473
0.000866224
0.00233332
0.00485054
0.00512886
0.00190609
0.000862234
0.000999351
0.00227731
0.00448322
0.000769658
0.00128045
0.638167
0.00319584
0.630389
0.00376842
0.000660718
0.00247259
0.0015681
0.00145249
0.000804153
0.00249995
0.368925
0.00339576
0.00286313
0.00186163
0.00173943
0.000831867
0.0076566
0.00302895
0.490608
0.00217112
0.00246205
0.00246758
0.395203
0.00123946
0.00152807
0.000426156
0.00159244
0.00113985
0.00025885
0.00191206
0.000721496
0.00246059
0.00221269
0.000619513
0.000509866
0.000373242
0.0010445
0.00140721
0.634698
0.00264705
0.00039894
0.00156647
0.000290898
0.000774358
0.000901901
0.00361989
0.00165762
0.008004
0.00125785
0.488567
0.000626354
0.000387206
0.00796888
0.00246037
0.000725637
0.000937128
0.455203
0.00343784
0.00139091
0.00168993
0.00309172
0.00124798
0.00185502
0.00375898
0.00855478
0.00290399
0.00164721
0.00144681
0.00261891
0.00453635
0.00267317
0.00486641
0.00259397
2.16053
0.00184468
0.197656
0.762978
0.00163668
0.654329
0.00149758
0.00248167
0.000605536
0.00040557
0.00125638
0.00233753
0.00420774
0.00289733
1.37343
0.507067
0.00085312
1.85932
0.595303
0.405281
0.000415102
0.00419162
0.14875
0.00206383
0.00472172
0.494312
0.00221895
0.000490769
0.00100302
0.563714
0.0019116
0.00343051
0.00129695
0.00465748
0.00126379
0.374099
0.167631
0.00269439
0.14921
0.00495601
0.00276438
0.00117066
0.00197454
0.00100092
0.00137499
0.00400899
0.00223564
0.00305499
0.000527898
0.000754598
0.000454781
0.00212844
0.00232967
0.0023733
0.00184061
0.000521379
0.0213409
0.0827273
0.00247099
0.299735
0.00366024
0.00451168
0.00177705
0.0005466
0.209528
0.00208472
0.238392
0.00156274
0.00101058
0.00233187
0.00302592
0.000370624
0.00319806
1.14667
0.000544064
0.000458169
0.00152241
0.00170394
0.00118167
0.00286467
0.00121946
0.00105561
0.00504893
0.00413611
0.0016365
0.00255777
0.000197605
0.00462337
0.00481363
0.00211347
0.0108553
0.928675
0.00256117
0.0010438
0.0012062
0.00137333
0.00368918
0.000849394
1.29473
0.00337956
0.00775534
0.00110063
0.0025737
0.0053991
0.0056206
0.00575932
0.00301641
0.00728498
0.00194292
0.00163757
0.000879584
0.0060338
0.00127722
0.00115313
0.00105641
0.00182104
0.00336929
0.00336621
0.00103817
0.00322237
0.00104195
0.00436177
0.000115502
0.00503377
0.00176989
0.00614502
0.00504242
0.0012463
0.00216159
0.269136
0.000906376
0.00144601
0.00137917
0.0280367
0.00397241
0.0014256
0.00550957
0.228123
0.00602589
0.0025908
0.173451
0.000654018
0.278974
0.0012655
0.00289531
0.225293
0.00223803
0.000347882
0.00107068
0.000749163
0.771968
0.00195828
0.00130799
0.549465
0.00260036
0.00160877
0.00157661
0.00136524
0.00187964
0.965064
0.360648
0.00421133
0.00135752
0.00540627
0.00112222
0.00174336
0.00252321
0.00131015
0.00101246
0.00180187
0.000821786
0.0014486
0.00111221
0.0181518
0.000616648
0.004213
0.418604
0.000899733
0.002425
0.00212515
0.000521486
0.000808009
0.00210015
0.000380111
0.0143068
0.0639686
0.000965168
0.006046
0.00424711
0.000833305
0.463144
0.00462432
0.00113857
0.00096471
0.000612428
0.0023722
0.00613575
0.228963
0.00436901
0.00516526
0.046224
0.00223563
7.0613e-05
0.00477039
0.00185676
0.00283092
0.00112539
0.00114714
0.00240183
0.0388162
0.164495
0.0567845
0.00888194
0.000564693
0.0742901
2.51263
1.75515
0.00489156
0.0049524
1.00009
0.00751833
0.00635939
0.00379761
0.00135195
0.0078616
0.00105405
0.00227244
0.0026918
0.00236992
1.28567
0.00107202
0.00192813
0.000886939
0.00288955
0.00326979
0.064623
0.0127476
0.00119744
1.62303
0.000488001
0.428278
0.00134876
0.00250672
0.00109158
0.00379831
0.00256513
0.000859828
0.894168
0.239362
0.0103699
0.000720314
0.00345544
0.00070833
1.01389
0.00335386
0.00160403
0.00141999
0.195589
0.34605
0.00160195
0.00181707
0.00141913
0.00142597
0.0017322
0.194236
0.777879
0.00232893
0.00160884
0.584111
0.000485138
0.68138
0.00294196
0.00252
0.00308991
0.00311642
0.00934249
0.00122153
0.00511933
0.00313474
0.214028
0.11964
0.001272
0.0033006
0.00516401
0.00407507
0.003109
0.087032
4.96174
0.00205166
0.001875
0.00358098
0.0122533
0.0209625
0.0115843
0.137825
0.00176793
0.249517
0.020472
0.00476814
0.692298
0.0274276
0.00662357
0.00450303
0.00580239
0.00331862
0.00410116
0.00109053
0.00520844
0.00713988
0.000900085
0.00432552
0.00591704
0.000507246
0.000346936
0.0045702
0.00124389
0.00419513
0.18077
0.00309909
0.351484
0.00173206
0.00396373
0.000517493
0.00286434
0.00262972
0.000741576
0.00178821
0.00186184
0.000639112
0.00835585
0.00193003
0.00681719
0.895215
0.00657654
0.000256835
0.466412
0.0028279
0.00282184
0.00231722
0.000532247
0.00149237
0.00249974
0.43154
0.000670635
0.313465
0.000925716
0.00237622
0.000920427
0.00208934
0.678786
0.00381338
0.00548366
0.00320661
0.00437758
0.0011249
0.00588094
0.0613897
0.00449824
0.00159576
0.00566737
0.00327297
0.00145667
0.198231
0.00110155
0.00376469
0.000312888
0.00222064
0.003887
0.00214968
0.347115
0.00286347
0.0019996
0.000932302
0.573427
0.00105696
0.00266948
0.00170356
0.00199569
0.00120898
0.00123832
0.00229248
0.705387
0.00243494
0.00144112
0.00406383
0.00367537
0.488488
0.00776971
0.207411
0.000997771
0.00160485
0.000672666
0.000979255
0.000969872
0.00117863
0.0167333
0.00139715
0.00206039
0.00393647
0.00111268
0.00210364
0.0277329
0.00819835
0.977325
0.0684473
0.00107308
0.0184959
1.82123
1.14673
0.00127826
0.0169485
0.0149968
0.002478
0.00399585
0.0036106
0.00262654
0.00304124
0.00124413
0.000916979
0.00226885
0.000657729
0.00103295
0.000459805
0.0169819
0.0606797
0.0175232
0.00135476
0.00632233
0.0104836
0.000974655
0.00901342
0.0352765
0.00213464
0.000603533
0.0165969
0.000576205
0.0112207
0.000828005
0.00140025
0.00111998
0.000824508
0.0393765
0.0048716
1.1182
1.06117
0.724148
0.596613
0.00656129
0.0022912
0.00688786
0.0156132
0.00776026
0.0241324
0.00418555
0.0776269
0.00178474
0.00187545
0.00251024
0.00565453
0.00193547
0.00593926
0.00292349
0.00422613
0.00387524
0.206707
0.00385994
0.318879
0.00238509
0.00145124
0.020296
0.00356896
0.188005
0.000672365
0.00560013
0.00578291
0.00277644
0.00119703
0.00429734
0.0023331
0.154607
0.0017191
0.00567437
0.00129538
0.225366
0.00283492
0.00328373
0.0526506
0.00302836
0.00705923
0.10312
0.00227143
0.287726
0.00392168
0.00516791
0.00737659
1.00769
0.958453
0.00235278
0.79413
0.0106353
0.0182326
0.0459418
0.000702251
1.58124
0.0230875
0.0243267
0.0152928
0.00787336
0.00238637
0.00156915
0.000943144
0.0010031
0.0171029
0.028884
0.00312682
0.0336761
0.00665631
0.00323678
0.00285283
0.000376158
0.000819171
0.00154073
0.00150125
0.00249185
0.00115125
0.00116354
0.000842709
2.63859
0.0091938
0.00173963
0.00347402
0.00146438
0.000530333
0.00103608
0.0021472
0.0034618
0.00553015
0.00250434
0.00115238
0.00244869
1.41777
0.00261483
0.0044717
0.00094188
0.00152377
0.00107188
0.000717075
0.00161886
0.00192745
0.00346788
0.00129916
0.00375448
0.369878
0.273181
0.00738449
0.00171949
0.00090063
0.00397237
0.00165101
0.00938574
0.31401
1.16538
0.00302644
0.0022677
0.00261367
0.00596121
0.685937
0.000789642
0.00129587
0.00578847
0.00375933
0.00126717
0.00486751
0.00119089
0.00378256
0.00304709
0.0313942
0.0018709
0.00128399
0.000967486
0.622371
0.000282524
0.00183644
0.00107683
0.00185304
0.000951982
0.000803365
0.000120937
0.00360178
0.00124194
0.00085328
0.000918117
0.243459
0.00305379
0.00219138
0.00136299
0.00602545
0.0101825
0.00457211
0.00611802
0.010681
0.00595733
0.00776472
0.00502339
0.00258753
0.0026253
0.244277
0.00696209
0.494408
0.00604129
0.00321069
0.266558
0.00576647
0.00235529
0.00442986
0.00192366
0.00132602
0.000966887
0.000772232
0.000242434
0.00167796
0.0183276
0.000488885
0.00477612
0.00171448
0.0189207
0.00117282
0.00116176
0.00129219
0.00873948
0.00157436
0.00413206
0.00114175
0.102429
0.00273244
0.000540561
0.000697278
0.00752875
0.00347146
0.603749
0.00151238
0.00131384
0.00449791
0.00550832
0.0707883
0.0047144
0.00235591
0.00124767
0.0072361
0.00461573
0.00309571
0.000883084
0.00516778
0.00700551
0.00167211
0.00381452
0.000142851
0.00144848
0.00171555
0.00126942
0.0026842
0.422588
0.00507217
0.00148576
0.000436414
0.00196675
0.00177836
0.000659647
0.00073022
0.00173009
0.00218875
0.00112311
0.00225848
0.00127399
0.512491
0.00134123
0.0389859
0.0013295
0.00235026
0.00157117
0.000745626
0.00127098
0.00159572
0.00184928
0.00101685
0.00199402
0.00320481
0.000644072
0.0014266
0.00127489
0.000523597
0.00189511
0.00161358
0.00187904
0.00207863
0.0024062
0.00133808
0.00221998
0.00304817
0.00176185
0.00227619
0.00173878
0.00147407
0.000559633
0.000709706
0.002399
0.000808429
0.0024745
0.00101915
0.00116713
0.00111919
0.00328515
0.00207952
0.000535886
0.00402739
0.0042089
0.00247627
0.00291771
0.242525
0.00175885
0.00180697
0.00146037
0.00576744
0.00523378
0.00489168
0.201105
0.124635
0.00549422
0.901891
0.00387073
0.000972255
0.00460839
0.192638
0.00398679
0.00484696
0.00783126
0.00333657
0.00343241
0.754853
0.00150372
0.105905
0.00614213
0.00770973
0.00195375
0.260235
0.00933364
0.00488164
0.00827218
0.00452274
0.00275031
0.00179536
0.00412695
0.00206572
0.00797016
0.00645147
0.00207238
0.00737474
0.00735721
0.00126702
0.00641943
0.00351034
0.00180689
0.00203056
0.000914117
0.00183132
0.000650667
0.000400131
0.00220226
0.000804109
0.000956271
0.000637686
0.000588089
0.211972
0.00217857
0.00329223
0.00180882
0.000649273
0.00242097
0.00689668
0.0017051
0.00416525
0.00202235
0.00239935
0.000969418
0.00392257
0.00308698
0.0210209
0.0150936
0.567696
1.59832
0.330539
1.23797
0.00146526
0.00831055
2.33798
0.379336
0.00787847
0.0149223
0.00243499
0.000294128
0.000716161
0.00274268
0.155846
0.00236448
0.00592057
0.418651
0.00120565
0.00755201
0.00264209
0.00102052
0.00325583
0.000761429
0.00238423
0.794154
1.17013
0.0034935
0.000511463
0.00108494
0.000543524
0.00146661
0.00162453
0.00104924
0.00363455
0.00335248
0.00355836
0.002597
0.00107385
0.000503092
0.000442153
0.740347
0.000990489
0.00228146
0.00142619
0.000786119
0.000955613
0.472889
0.00130336
0.00115352
0.00159746
0.00396811
0.00226665
0.00535345
0.00130814
0.214076
0.754744
0.194987
0.0913984
0.0181276
0.564616
0.00223006
0.00564952
0.00201889
0.0014181
0.00153169
0.0032931
0.00128994
0.00055257
0.00959073
0.00186414
0.986539
0.00506691
0.000757144
0.00264686
0.003409
0.00555689
0.00580697
0.421171
0.00372334
0.00120445
0.0841742
0.00740605
0.00496107
0.0031327
0.00207504
0.00170521
0.012127
0.00665205
0.00133003
0.00904231
0.00692604
0.00313993
1.93412
0.00302893
0.00189106
0.00519259
0.000838822
0.00239535
0.715936
0.00851758
0.00262566
0.002416
0.00311965
0.00598482
0.00344855
0.00958757
0.00220205
0.00200512
1.79894
0.00566166
0.0024793
0.00296013
0.0143184
0.0037831
0.00350681
0.00407333
0.00728389
0.00114673
0.00501296
0.000314632
0.00361352
0.000537745
0.10853
0.00109489
0.0045353
1.10213
0.00652575
0.002735
0.000279798
0.00259895
0.00232825
0.00158523
0.00620803
0.00712535
0.0905265
0.000409298
0.129077
0.00622518
0.0046548
0.00616012
0.260918
0.00102057
0.00472352
0.00353161
0.00315885
0.00295056
0.00272704
0.0200863
0.00299601
0.00516773
0.0200295
0.00242191
0.00116269
0.000802536
0.0069197
0.00239802
0.0173063
0.884327
1.01916
0.00051421
0.0201488
0.00164862
0.00527519
0.00734542
0.0172376
0.00355002
0.000762932
0.000318613
0.0136362
0.00309599
0.0271447
0.00699399
0.0335442
0.00877802
0.00590664
0.0128516
0.00251637
0.000522975
0.000685202
0.00584025
0.0054717
0.00452687
0.00632098
0.00946812
0.0123959
0.000942855
0.00334497
0.00245928
0.564573
0.00331063
0.00371927
0.0117893
0.00575457
0.00295109
0.00737922
0.00450088
0.00491976
0.00110633
0.00314882
0.00170147
0.00524141
0.00194821
0.00397756
0.00755758
0.00591883
