0.00812795
0.00868832
0.0106485
0.00182883
0.00749972
0.00326386
0.0181132
0.0240518
0.00321287
0.0166359
0.00265476
0.00192813
0.00330644
0.00611527
0.0068909
0.0126334
0.0194068
0.007383
0.0219586
0.00201802
0.851416
0.0173522
0.000883766
0.00882333
0.00864965
0.0109711
0.00435049
0.00463325
0.00895827
0.00425352
0.0193122
0.00477718
0.00595045
0.000375647
0.0272926
0.836087
0.00691613
0.00404639
0.00384222
0.00687754
0.00128387
0.00723859
0.0151719
0.00414651
0.00476717
0.0162992
0.00616442
0.374139
0.00521038
0.0011309
0.305797
0.00371041
0.018254
0.000128889
0.00566011
0.00666591
0.00406403
0.0112452
0.00715989
0.0128164
0.00748966
0.00184972
0.772916
0.00574757
0.0230612
0.00810876
0.0106136
0.00698263
0.00930587
0.00170817
0.00698678
0.0305926
0.00248697
0.00595972
0.0013803
0.0171033
0.0270581
0.0145754
0.000339856
0.00891279
0.00730777
0.014049
0.00769119
0.00897702
0.00281069
0.0015893
0.0228132
0.00374923
0.00404071
0.00456444
0.00735651
0.00693958
0.0171024
0.000271442
0.00474908
0.00213551
0.00971911
0.00074319
0.00758772
0.00545844
0.00939349
0.00857939
0.0343305
0.00721806
0.00394961
0.0155687
0.00215545
0.00240088
0.0124392
0.00307459
0.0157044
0.0006902
0.00850993
0.00228619
0.00454724
0.00929017
0.00876651
0.00493973
0.00139876
0.00762163
0.00752657
0.00750994
0.00464954
0.012516
0.000947282
0.0207198
0.0268138
0.00011668
0.00515646
0.0245406
0.000639502
0.403889
0.000623193
0.0160066
0.0124741
0.00676795
0.302144
0.00741536
0.00586809
0.0105284
0.00399563
0.00527566
0.00146428
0.00857088
0.00210185
0.019605
0.00467026
0.0075675
0.00600578
0.010552
0.0132159
0.0179446
0.00144548
0.0131417
0.0090345
0.014832
0.00838896
0.00130567
0.525771
0.00166867
0.00444872
0.00319206
0.00811458
0.00866887
0.00607255
0.0078326
0.00440434
0.00487469
0.000839637
0.0129746
0.0500115
0.00791256
0.0150049
0.00949214
0.823515
0.0248599
0.013551
0.0126275
0.0140299
0.034871
0.00425734
0.0118211
0.00533379
0.00644758
0.00879892
0.00994521
0.00942399
0.00737563
0.0156596
0.00524195
0.00248026
0.00438443
0.00221584
0.00446389
0.00586051
0.00666162
0.00268521
0.000826424
0.0100429
0.000107189
0.0184474
0.00330579
0.0063606
0.00311337
0.00519579
0.0135357
0.000919732
0.00587147
0.00768415
0.00968048
0.00985748
0.00676671
0.000198068
0.00297389
0.00649725
0.00838109
0.00208303
0.00665663
0.00937358
0.00196932
0.00671463
0.0150657
0.000564615
0.00634139
0.0110028
0.00246222
0.0394985
0.00188816
0.00355669
0.00443129
0.0193236
0.00317889
0.0194776
0.011834
0.00939213
0.000467451
0.000617008
0.0173332
0.0129392
0.00917815
0.0108892
0.0129875
0.00559589
0.018682
0.00750032
0.0164655
0.00597407
0.0153668
0.0169276
0.00846825
0.00376993
0.0090103
0.0141669
0.00497628
0.0189063
0.0075964
0.0161046
0.00541475
0.0167636
0.039072
0.0162043
0.00382842
0.00761811
0.0122123
0.0035965
0.0158538
0.0154338
0.010978
0.0188893
0.00451124
0.0140919
0.0233626
0.00293479
0.0201066
0.00920642
0.0126472
0.0232862
0.00104367
0.0136006
0.015313
0.0211433
0.0321389
0.00266324
0.0116279
0.00629051
0.019208
0.0227572
0.000333989
0.00551252
0.00176579
0.00880986
0.000274033
0.01591
0.00586186
0.0019717
0.0171286
0.0119552
0.00131456
0.00711101
0.00185849
0.0142284
0.00733612
0.00761473
0.00178739
0.0226912
0.000303625
0.000263661
0.00186823
0.00235772
0.00277717
0.00472809
0.000854447
0.0151688
0.0010449
0.011055
0.0138792
0.00795839
0.00710103
0.00330192
0.00674124
0.00555897
0.00786774
0.00460457
0.0147779
0.000212129
0.00602699
0.00481393
0.0201723
0.000796449
0.00588989
0.00481899
0.0289786
0.00839722
0.015656
0.00839875
0.030672
0.00633445
0.00921054
0.0123804
0.0173294
0.0108419
0.0135238
0.0118306
0.00730177
0.000369754
0.0141434
0.00656524
8.47862e-06
0.0180403
0.863459
0.0051885
0.771081
0.0143257
0.00395818
0.0350809
0.00116119
0.00935859
0.00300367
0.00825037
0.00598899
0.0105187
0.0172453
0.011925
0.00329582
0.0070342
0.0168409
0.00764395
0.00748408
0.537912
0.0178864
0.0062559
0.0120389
0.0225187
0.00962091
0.00749191
0.00132565
0.00826036
0.701094
0.036965
0.00718987
0.0040275
0.0162087
0.00953074
0.0144629
0.0116187
0.0128125
0.00442609
0.00770614
0.00291135
0.0368528
0.0280115
0.0156022
0.0114627
0.0118016
0.006761
0.00952565
0.0197877
0.00561085
0.00792451
0.0242497
0.000296659
0.000434394
0.0095085
0.00678215
0.000249724
0.0225123
0.00119603
0.0057889
0.00294699
0.00933407
0.00382422
0.00668767
0.00365428
0.0151284
0.0222976
0.00448895
0.0120498
2.07702
0.000584197
0.00680786
0.00977529
2.18307e-05
0.00508413
0.0185897
0.00817399
0.0073649
0.577044
0.00743023
0.0202614
0.00850724
0.0040853
0.0138529
0.00498542
0.000280978
0.939571
0.0200944
0.00789826
0.00484637
0.0147453
0.0263882
0.00912561
0.0108397
0.0366315
0.00243239
0.00201274
0.00224264
0.0179443
0.00158423
0.00550605
0.0207974
0.00731889
0.00676372
0.00611062
0.00544068
0.00639613
0.00443601
0.00277894
0.0163816
0.0140601
1.21108
0.0121581
0.0114516
0.0389056
0.00468677
0.0154111
0.00863474
0.000157464
0.0164171
0.00351869
0.0151652
0.00896358
0.014707
0.0026405
0.044397
0.00356615
0.00285416
0.00311133
0.0159995
0.00882877
0.000364796
0.00148849
0.0026226
0.00319707
0.00222669
0.00197813
0.0196099
0.00747993
0.00956646
0.0046998
0.00394206
0.00237559
0.0131079
0.0121754
0.0145077
0.0147103
0.00389621
0.0168609
0.0125127
0.00638725
0.00279388
0.00540934
0.012451
0.00681078
0.0191894
0.00262322
0.000419714
0.00747764
0.0187307
0.022798
0.002974
0.00800744
0.00665299
0.014864
0.00340951
0.00933466
0.000653464
0.022061
0.00230663
0.0118481
0.00566384
0.0128294
0.0669357
0.00565327
0.00720005
0.00225149
0.0141185
0.0117428
0.00405337
0.00496884
0.00128743
0.0637884
0.014143
0.00776799
0.00943639
0.0163635
0.00896505
0.00177853
0.0228249
0.00233557
0.00231248
0.00218165
0.00372348
0.00628965
0.00592262
0.0089613
0.0176946
0.00606119
0.0104573
0.00487004
0.00419686
0.00187172
0.00489486
0.00726293
0.0269675
0.01446
0.0110921
0.001782
0.010842
0.0124246
0.0207646
0.0123684
0.00328758
0.00828593
0.00832706
0.00685397
0.00375142
0.00932143
0.00382563
0.00783625
0.586389
0.0105977
0.00314448
0.00481351
0.0144013
0.0303162
0.000496013
0.00814187
0.0116399
0.000780301
0.00337355
0.00650054
0.00558963
0.0284315
0.00973962
0.0018882
0.00783395
0.012612
0.0131989
0.026677
0.0182322
0.0127904
0.00814555
0.00329012
0.0137495
0.0115215
0.00572983
0.00550854
0.00406099
0.49983
0.00636861
5.29012e-05
0.00673016
0.00563536
0.00188139
0.450877
0.00532595
0.0116407
0.0170958
0.00208805
0.0025435
0.0111954
0.626716
0.0188109
0.0150939
0.0141005
0.000844666
0.0236948
0.00514969
0.0069354
0.0035906
0.617512
0.00714862
0.00255546
0.307372
0.00343451
0.00967191
0.00294968
0.0194675
0.00673487
0.00113788
0.00881269
0.00527082
0.00618044
0.00299623
0.0203844
0.00840688
6.65019e-05
0.00181834
0.0016995
0.0131409
0.00479122
0.0081384
0.00530477
0.0114957
0.00526393
0.00753398
0.00581433
0.000926611
0.00524191
0.00405115
0.00618804
0.0165915
0.00092892
0.0113209
0.00220508
0.00699153
0.01197
0.00898572
0.0112832
0.00151627
0.0049706
0.0102513
0.0137718
0.615284
0.0190779
0.00498927
0.0103776
0.0080734
0.00420612
0.000352606
0.00824696
0.00118455
0.0135666
0.000367618
0.00473917
0.00659448
0.00489768
0.0025756
0.0172038
0.00327385
0.00845292
0.0268246
0.861924
0.555874
0.00481328
0.0130561
0.00246517
0.0106522
0.00435527
0.0094369
0.0059036
0.0163241
0.0166355
0.0115011
0.01703
0.00513747
0.00915309
0.00121467
0.00185795
0.0111371
0.011276
0.00154655
0.0016211
0.00027251
0.0265788
0.00279613
0.0086231
0.0123967
0.00376944
0.00978655
0.000577363
0.0050281
0.00916088
0.00396966
0.324015
0.00486681
0.0161501
0.00395826
0.00709033
0.00483109
0.00396893
0.0324597
0.0013086
0.00582811
0.0100894
0.289679
0.00460134
0.00153914
0.00672841
0.00776077
0.00378917
0.00070103
0.00343768
0.0052238
0.0199873
0.0223404
0.64535
0.0021052
0.000775004
0.00366119
0.00148689
0.00202327
0.00496104
0.00865512
0.00406418
0.0032941
0.00161288
0.00989051
0.00554866
0.00242472
0.0106851
0.0204389
0.0125534
0.000247537
0.0108718
0.00523596
0.00248583
0.00415578
0.0283671
0.00544575
0.0021261
0.00401931
0.0204027
0.0235692
0.0219378
0.0032839
0.0119047
0.00791675
0.00368266
0.00853679
0.00859767
0.00713991
0.0149403
0.0125299
0.00582124
0.00974478
0.00967573
0.0212511
0.00496076
0.00102638
0.00976781
0.77998
0.00535919
0.0104856
0.312786
0.0208801
0.00754726
0.00234735
0.00764209
0.0058719
0.669902
0.00387179
0.00633261
0.00238447
0.0273223
0.00216664
0.00499005
0.321526
0.0136301
0.00162603
0.00574078
0.00259298
0.00762609
0.00136466
0.000637321
0.0113822
0.00962621
0.000583496
0.00901378
0.00261869
0.00661698
0.00371737
0.00108958
0.0118191
0.0179536
0.00154099
0.00206978
0.0126786
0.00667184
0.000301616
0.00290082
0.00924821
0.00864282
0.00269695
0.0167552
0.00628626
0.17085
0.00238058
0.0117527
0.0299123
0.000396951
0.0125927
0.0501809
0.00233204
0.0107716
0.0150539
0.360685
0.0109754
0.016212
0.0293907
0.0197547
0.011746
0.0205304
0.00482578
0.01983
0.0076128
0.0173529
0.0090663
0.00300489
0.0162937
0.0198574
0.00171543
0.0151497
0.00476324
0.0182411
0.024636
0.00135536
0.00918028
0.0247286
0.0029855
0.00147517
0.00514799
0.00489869
0.00992348
0.00106216
0.00849649
0.00052307
0.0219826
0.00991383
0.011117
0.0101442
0.0108093
0.0115754
0.0105425
0.0160033
0.0126319
0.0153537
0.00011817
0.00420874
0.00992832
0.0487914
0.000180477
0.00103355
0.00831004
0.0031012
0.012534
0.00988682
0.0177955
0.00597054
0.0113887
0.0192675
0.0137991
0.0483968
0.0041528
0.000559839
0.00268196
0.011256
0.00214391
0.00227673
0.00216405
0.00387223
0.00457814
0.00116034
1.8186e-05
0.00530351
0.00143613
0.000645069
0.00828181
0.0142215
0.0068467
0.0058094
0.00416313
0.0104979
0.0113171
0.0111516
0.018701
0.011017
0.00945407
0.00632482
0.00244085
0.0120471
0.00860649
0.00586661
0.543106
0.00364375
0.00276065
0.00963049
0.000663788
0.00766326
0.00652185
0.0110912
0.0146925
0.00234427
0.0132451
3.12661
0.00296482
0.0032201
0.00101013
0.00606471
0.00137601
0.00761843
0.0118366
0.0115461
0.00313967
0.00187189
0.00422007
0.00183737
0.00695765
0.0110211
0.00949787
0.0107762
0.0117801
0.0045265
0.740989
0.00262214
0.653147
0.00948622
0.0320113
0.00809458
0.00515462
0.00482369
0.0156715
0.00204497
0.00125026
0.0114872
0.00292301
0.0220857
0.00271418
0.0189716
0.0177314
0.0102521
0.00321889
0.013713
0.00301853
0.00377804
0.00310215
0.00573294
0.000853735
0.0043618
0.0126139
0.000180173
0.0241807
0.00588636
0.00745279
0.000378164
0.00992281
0.00846166
0.00995126
0.0176882
0.00489024
0.0104628
0.00480921
0.0220387
0.00161763
0.000614766
0.00266876
0.00540739
0.0081068
0.0131223
0.000796393
0.00988097
0.00979256
0.00147518
0.0191332
0.00189229
0.0120324
0.0129402
0.0198836
0.00765293
0.0144615
0.00546412
0.000303774
0.0155706
0.0071315
0.0225725
0.00116917
0.0103278
0.00899034
0.00689197
0.00625758
0.0019198
0.00424772
0.00772835
0.000458813
0.0283195
0.0210112
0.0150347
0.000857763
0.00418267
0.00272256
0.604105
0.000439684
0.000887343
0.011958
0.0232758
0.00301458
0.00595281
0.00992062
0.00574024
0.00512373
0.0113616
0.00427428
0.0188688
0.00297626
0.014431
0.0186767
0.00648073
0.0103853
0.0134057
0.00872591
0.00170981
0.0355547
0.00228748
0.00694416
0.00603837
0.00543086
0.00496443
0.0134337
0.0033175
0.00373959
0.0023263
0.0140778
0.0145343
0.012399
0.0179096
0.00872485
0.0022461
0.00315634
0.0030791
0.00473179
0.00314899
0.010222
0.00578977
0.00637422
0.00553362
0.000849659
0.0020316
0.00238303
0.741755
0.00878075
0.00883294
0.016929
0.0029653
0.0294542
0.00278163
0.0074475
3.02867e-05
8.45779e-06
0.0107845
6.9812e-05
0.00966016
0.00226163
0.012108
0.0099546
0.00800047
0.000936897
0.0036232
0.0236615
0.000112984
0.00647012
0.00160159
0.0040288
0.0133967
0.00129909
0.0462152
0.00817714
0.0222112
0.00822921
0.00603924
0.000493715
0.559972
0.586643
0.00850649
0.00803634
0.00558344
0.024434
0.00472203
0.0159894
0.00936558
0.000551324
0.0133465
0.0132772
0.00463409
0.0046431
0.00964814
0.000984815
0.00160959
0.0157184
0.00245969
0.000967331
0.00376062
0.016604
0.0180459
0.00722555
0.00893148
0.00570164
0.000362231
0.00761276
0.0088184
0.0124264
0.00825848
0.00367082
0.00806479
0.00220575
0.00356404
0.00786417
0.00702311
0.0185439
0.002166
0.00523909
0.00422064
0.0309467
0.729072
0.00351189
0.00400181
0.00641565
0.00032377
0.000543154
0.0241784
0.000745192
0.00885862
0.000190908
0.00959329
0.0125847
0.003829
0.00145189
0.00331075
0.00128893
0.0209332
0.0049494
0.00545607
0.00593387
0.00424734
0.0180813
0.011042
0.0123658
0.004463
0.00722132
0.000246293
0.00859685
0.0063136
0.00956513
0.00522586
0.0156553
0.00228244
0.0111295
0.00375916
0.00515646
0.0247293
0.00375875
0.00476396
0.00194282
0.0082332
0.00350053
0.0130101
0.000159181
0.00706097
0.00431916
0.000697961
0.0166005
0.00281274
0.0114156
0.00942285
0.00601484
0.000265735
0.00404712
0.0147706
0.014661
0.0348666
0.00276679
0.0175235
0.0118049
0.0238056
0.0141956
0.0274989
0.00725799
0.00771055
0.00561562
0.00461459
0.0174942
0.680259
0.00376891
0.00152649
0.00359454
0.0127676
0.00848679
0.74055
0.000836468
0.0222419
0.0185362
0.00213961
0.390188
0.0125781
0.0130834
0.00498708
0.00109397
0.00584949
0.0141333
0.0297423
0.0150824
0.0125211
0.0132236
0.0089242
0.00501879
0.00650694
0.63799
0.00754462
0.00462493
0.00504264
0.00295417
0.00482438
0.00941676
0.00690765
0.00766841
0.00735984
0.0125799
0.00808176
0.00734598
0.000956199
0.00670392
0.0012901
0.0186348
0.00358256
0.00204208
0.0601592
0.703237
0.00532025
0.0243141
0.0137285
0.00647746
0.00363477
0.0103074
0.00447152
0.00381938
0.00587879
0.0041485
0.00191452
0.000266598
0.00704868
0.0128464
0.00557429
0.00977769
0.00356248
0.00393093
0.00748649
0.00108447
0.00941359
0.00173675
0.00895767
0.0071789
0.0115276
0.00172073
0.00566766
0.000607377
0.00141014
0.00781072
0.0126438
0.00649259
0.00178107
0.0219147
0.00622637
0.0066972
0.0102513
0.0124771
0.0193005
0.0120232
0.00458264
0.00481907
0.00978748
0.00687239
0.0178368
0.00886983
0.00142681
0.0166653
0.0100235
0.0122936
0.00864206
0.00406647
0.0184065
0.00778223
0.0140759
0.00130668
0.0158382
0.00097624
0.0194272
0.0120056
0.000612907
0.00531739
0.0171499
0.00775998
0.0139161
0.000427427
0.00600397
0.00194644
0.0096624
0.0117005
0.00732108
0.0192013
0.00399537
0.00173492
0.00853029
0.00662165
0.00796894
0.0200985
0.00634144
0.000814282
0.00827016
0.0112203
0.0107976
0.00676962
0.03169
0.00148509
0.00117538
0.00728441
0.010169
0.00611048
0.00949905
0.00434456
0.00787601
0.00512825
0.00483808
0.00660749
0.0146791
0.00450923
0.00680395
0.00954274
0.0143353
0.0027347
6.66576e-05
0.00400444
0.0111442
0.0162271
0.00100138
0.00382007
0.00432329
0.0109793
0.00433411
0.0113703
0.00229178
0.0090232
0.00659349
0.0114692
0.018938
0.00831222
0.0346692
0.00534233
0.00309668
0.00658972
0.00856846
0.0186228
0.00640569
0.00658366
0.00556575
0.00596644
0.0158439
0.00186594
0.00200961
0.00786799
0.00482107
0.00629992
0.00690952
0.0136178
0.0120862
0.00533155
0.00443737
0.0187532
0.00833985
0.0111341
0.0158793
0.0133295
0.00048064
0.00637266
0.0079759
0.0108177
0.00850962
0.00483308
0.00759473
0.00039256
0.00519722
0.0113202
0.00385112
0.00326157
0.0104316
0.000214117
0.00821993
0.00358785
0.00833259
0.0030499
0.000877927
0.0112927
0.0165893
0.00956844
0.0037412
0.00698939
0.00889482
0.0172641
0.00290626
0.0109392
0.000679458
0.00686478
0.00443628
0.00446404
0.00458097
0.00886667
0.00871631
0.596235
0.00290621
0.00349649
0.00669923
0.0097406
0.0147624
0.753031
0.0061007
0.0014698
0.000624865
0.27865
0.0100627
0.16939
0.00243285
0.00103301
0.00316168
0.0105679
0.0399176
0.0144117
0.00920705
0.0141049
0.000487846
0.149538
0.584251
0.00642752
0.00490661
0.0134307
0.000539863
0.00362284
0.00119383
0.00167969
0.0107388
0.0101115
0.000403535
0.00397404
0.0101766
0.149348
0.00552536
0.432853
0.0161805
0.0021183
0.000952057
0.00139945
0.421077
0.00601023
0.00215882
0.0046069
0.0156482
0.0142709
0.00137603
0.000750395
0.00340081
0.0161148
0.00358468
0.0153932
0.0100597
0.00182366
0.00256758
0.000842532
0.00281423
0.00887372
0.00450017
0.0293378
0.00897006
0.00876815
0.0066189
0.00113206
0.00514412
0.00453001
0.00110452
0.000685468
0.00171442
0.000465978
0.00961557
0.0121736
0.00429679
0.00555898
0.00393678
0.589429
0.00215085
0.00533082
0.00649302
0.0267943
0.00685984
0.0116791
0.00978663
0.00404292
0.166261
0.0088785
0.00842543
0.000372076
0.00754702
0.00205938
0.00464386
0.0089454
0.00762044
0.00561248
0.00149636
0.00355486
0.00276348
0.0232961
0.00561273
0.00505504
0.00305434
0.00387144
0.00175726
4.60427e-05
0.00769968
0.00222005
0.00295982
0.00342382
0.0154834
0.00707321
0.0170036
0.0177535
0.00923773
0.00415942
0.0136826
0.00859795
0.0054175
0.00416075
0.000407976
0.00175462
0.0103113
0.00670742
0.00108274
0.0118664
0.00263602
0.000700931
0.00295701
0.0034857
0.0165023
0.000190045
0.00229314
0.0114066
0.0120217
0.0091407
0.00238403
0.00744856
0.0142091
0.00800906
0.03252
0.00271371
0.00580364
0.0115243
0.0103548
0.620061
0.00146476
0.0111429
0.00578731
0.000415546
0.00524618
0.000827025
0.00235854
0.00240685
0.0067113
0.000182001
0.0103729
0.001012
0.0143439
0.00331821
0.00366447
0.00402631
0.00154802
0.00154734
0.00555835
0.00582074
0.00351033
0.00277063
0.00182822
0.0087914
0.00106551
0.00892599
0.00184061
0.00315054
0.0393993
0.0183775
0.00239126
0.0118107
0.0318313
0.0133875
0.012789
0.00387904
0.000328749
0.0117643
0.0299745
0.00139485
0.0170645
0.0126676
0.0179398
0.0483985
0.00626469
0.00169626
0.0139179
0.0184336
0.00411961
0.00790267
0.00850688
0.00838594
0.0197151
0.00417381
0.00959522
0.0101096
0.000683129
0.0145699
0.00950934
0.00975437
0.0100608
0.00333651
0.00413149
0.000188203
0.0132051
0.0125223
0.000658294
0.00138433
9.06257e-05
0.00790778
0.00253663
0.016051
0.000689456
0.00892242
0.00850083
0.00322148
0.0011479
0.011441
0.00884501
0.00267375
0.0111606
0.00476368
0.00294591
0.00251504
0.0123884
0.00531004
0.00475666
0.00849654
0.000440099
0.00271047
0.00245715
0.290739
0.0020193
0.00170992
0.00336378
0.0343781
0.00168487
0.00456121
0.00637668
0.0100524
0.006918
0.00462173
0.00771222
0.00310111
0.00322082
0.0122047
0.0127345
0.00769323
0.00284064
0.00276678
0.0101923
0.00323072
0.0135732
0.00535602
0.0126751
0.00227332
0.0070295
0.0314934
0.00517003
0.00838589
0.00565294
0.00936306
0.00445131
0.0134341
0.0072224
0.0139927
0.00425876
0.00542008
0.00710923
0.00162455
0.0064218
0.0152036
0.00655181
0.00801503
0.00217396
0.0206824
0.0191317
0.0115391
0.000732357
0.00743034
0.000407187
0.0306137
0.0242461
0.00574052
0.00579092
0.00763361
0.0139574
0.566938
0.00127207
0.00474236
0.00877254
0.0121495
0.0218789
0.00743276
0.007219
0.00932128
0.00769983
0.00719006
0.0106979
0.000602791
0.00271874
0.00182482
0.00391854
0.0164139
0.0121
0.00654892
0.00623251
0.00908037
0.00448004
0.00329176
0.00617464
0.00849515
0.00946659
0.0251168
0.00345318
0.0212062
0.0172153
0.0207461
0.0123589
0.00249545
0.00124226
0.00564404
2.02087e-06
0.00802948
0.00989821
2.58717e-05
0.759258
0.00892661
0.00817987
0.0135851
0.0162231
0.000396673
0.0113288
0.00883913
0.00132938
0.00468451
0.0224962
0.00794171
0.00321684
0.00107619
0.00400952
0.0071799
0.00420074
0.00937201
0.0042359
0.0688539
0.000645811
0.006907
0.00425867
0.015751
0.00785023
0.00991235
0.000956897
0.00514543
0.00967044
0.000430877
0.000596668
0.0129474
0.00489069
0.00235445
0.00873497
0.0296927
0.00460113
0.0340537
0.0101558
0.650495
1.15267e-05
0.00146593
0.00235174
0.02539
0.00881718
0.00547932
0.00749842
0.0261376
0.00873792
0.00134951
0.000308372
0.0242392
0.0269198
0.0118003
0.0124021
0.00258655
0.0407012
0.0349769
0.0110956
0.00158004
0.011372
0.00771181
0.0083245
0.0105388
0.0150396
0.0122636
0.00200287
0.0184551
0.000583463
0.000826101
0.000580009
0.00945909
0.0117004
0.00366631
0.00172815
0.0208665
0.00285802
0.00156245
0.000715551
0.00884851
0.00240468
0.00464753
0.0100312
0.00918682
0.024834
0.0187127
0.0158138
0.00347138
0.00565751
0.0280844
0.0110711
0.00765737
5.36786e-07
0.0157457
0.0134901
0.0175509
0.0092145
0.02462
0.00937151
0.00312137
0.00174377
0.00700358
0.00301692
0.00873711
0.0334172
0.0142702
0.0209798
0.00885928
0.00736674
0.0105106
0.0412878
0.00185449
0.00381471
0.000885677
0.00673645
0.00733685
0.0100573
0.00224474
0.00631772
0.00929399
0.0219737
0.00201631
0.00763747
0.00804552
0.00534913
0.00984252
0.00281644
0.00904037
0.00889496
0.0126461
0.00402192
0.0108968
0.00104996
0.00710901
0.0109001
0.00997683
0.00652548
0.00170563
0.0239173
0.0111922
0.0162565
0.00764644
0.000846639
0.00261402
0.0123828
0.00456388
0.0222535
0.00832605
0.00841861
0.0022126
0.00851717
0.0153654
0.00744313
0.00113901
0.00595729
0.00577953
0.00354284
0.00408231
0.00783867
0.00897804
0.00520047
0.00591451
0.00203822
0.0082794
0.0307927
0.0058533
0.00936617
0.003108
0.00812063
0.00853787
0.00649873
0.0188944
0.022096
0.0106567
0.0082208
0.00822929
0.00902238
0.00238522
0.00616663
0.0022949
0.0111246
0.00219391
0.00202512
0.00359083
0.00143956
0.00789003
0.0242452
0.0325065
0.0113833
0.011208
0.0477865
0.00268202
0.00837791
0.00155237
0.00879552
0.00887471
0.0215769
0.0104235
0.00283079
0.588384
0.00745954
0.00661751
0.00943844
0.00799734
0.0830557
0.0167332
0.0137765
0.0048124
0.0280962
0.00459324
0.017498
0.00143496
0.0112005
0.0199146
0.00627516
0.00337104
0.0024966
0.0035571
0.000135329
0.00155135
0.00115188
0.00891202
0.00608154
0.0129789
0.0324142
0.00120546
0.578538
0.60404
0.00287431
0.00705456
0.0157456
0.0125909
0.00860241
0.00431555
0.0127632
0.00689269
4.07916e-05
0.00598091
0.00568121
0.00645788
0.0124086
0.0122785
0.00991425
0.00106658
0.00845797
0.0151057
0.00175108
0.0144002
0.0127862
0.00526734
0.0116663
0.00948834
0.00844127
0.00472841
0.0120061
0.00345726
0.00146569
0.00715001
0.00768326
0.00301376
0.0592737
0.00143409
7.44443e-05
0.00321026
0.00718051
0.504646
0.00550649
0.0118388
0.000322208
0.0051651
0.0217036
0.73866
0.00342524
0.00511165
0.0139566
0.00285961
0.010367
0.00180011
0.0140724
0.0214053
0.00147063
0.0063486
0.00568425
0.00358514
0.0141628
0.005485
0.132774
0.00047824
0.0139186
0.0102462
0.00757064
0.0120037
0.00642428
0.0313248
0.00798065
0.00173618
0.00179395
0.000425259
0.0140355
0.0100956
0.000191405
0.0245888
0.0168472
0.00823555
0.00309942
0.0157324
0.00430019
0.026095
0.935158
0.007083
0.0107593
0.0143152
0.0176937
0.00121718
0.0168146
0.0069319
0.012374
0.0100299
0.0180549
0.00923676
0.0212255
0.00554607
0.0339249
0.0149554
0.00375239
0.0040389
0.00503737
0.0149104
0.00265088
0.00711429
0.00462596
0.000312262
0.000971058
0.021823
0.00218764
9.30556e-05
0.00107797
0.0055809
0.00695545
0.00544993
0.0157062
0.00490052
0.00251108
0.00919433
0.0165176
0.00373027
0.0167064
0.00944225
0.00239187
0.016484
0.0138001
0.00452552
0.00107266
0.00934113
0.00631125
0.00605306
0.00703441
0.00469238
0.00967671
0.000538617
0.00702255
0.0281596
0.00367923
0.00442869
0.000739054
0.0199278
0.00977958
0.010468
0.0069186
0.00336372
0.00856724
0.00872093
0.0164743
0.00405615
0.00767925
0.00219568
0.00394086
0.00282157
0.0085154
0.0141257
0.0130663
0.00691876
0.00885196
0.0122038
0.000261696
0.0115771
0.0106091
0.00644288
0.00307067
0.00362475
0.0105798
0.00920274
0.012555
0.00741636
0.0208923
0.000538369
0.0124847
0.0106347
0.00347102
0.0213517
0.0192504
0.00289737
0.00097822
0.00851243
0.0126839
0.00134178
0.00861914
0.70749
0.00838896
0.0148547
0.0102427
0.00929583
0.00200924
0.00586608
0.0173778
0.00556125
0.586103
0.00305491
0.00567257
3.12957
0.0015614
0.00904189
0.0066498
0.000593766
0.0150821
0.00959446
0.00988214
0.00243135
0.00809063
0.0149174
0.00504127
0.0054289
0.0021019
0.013369
0.0245318
0.00348699
0.00694906
0.00301254
1.00882
0.00327961
0.00243847
0.00898142
0.0192596
6.65838e-05
0.0825723
0.55419
0.0146777
0.0125135
0.0138469
0.00159748
0.75264
0.0175633
0.00400883
0.999796
0.00935276
0.00421967
0.0111443
0.0119104
0.00539433
0.00495346
0.0194155
0.0123438
0.00647725
0.593474
0.259016
0.00190964
0.0187092
0.00432703
0.00766711
0.00061642
0.00130222
0.000129195
0.00674314
0.0016548
0.00647312
0.00475239
0.00426295
0.000473498
0.00217939
0.000644228
0.00639675
0.0133777
0.00107591
0.456223
0.0116925
0.00449229
0.00992189
0.021702
0.00296396
0.0192758
0.00261379
0.00990451
0.0126385
0.00555586
0.00154109
0.01054
0.00197762
0.00530071
0.65519
0.00585802
0.0137483
0.000133122
0.00129655
0.00316796
0.0194313
0.00262315
0.00312801
0.00015467
0.0023676
0.00307926
0.00261027
0.477983
0.00492681
0.00987747
2.32336
0.0017581
0.00920718
0.000700861
0.000854336
0.0081712
0.00167998
0.0039114
0.00735545
0.00536122
0.00535103
0.00367995
0.00184153
0.00778818
0.00305999
0.0112214
0.000522433
0.00620897
0.00784407
0.0055017
0.00663113
0.00101137
0.45503
0.0144913
0.00473491
0.0021948
0.000649143
0.00239128
0.0171548
0.00558927
0.760423
0.0290554
0.00205214
0.615619
0.00432205
0.0229926
0.00615903
0.00583998
0.00923445
0.00138266
0.00649958
0.0602352
0.00863347
0.0130689
0.727955
0.494736
0.00456488
0.0114571
0.00355242
0.00743105
0.0145265
0.0109365
0.00434553
0.00352531
0.00374821
0.00681472
0.0110903
0.00794313
0.00669565
0.0110695
0.000559486
0.00354179
0.00114945
0.00574613
0.00207825
0.0267469
0.00768577
0.00477442
0.012098
0.014431
0.00163126
0.000579735
0.00322805
0.00317997
0.00324746
0.00623878
0.00324018
0.0153304
0.00716342
0.00597212
0.572617
0.0106005
0.0126277
0.0298042
0.00893717
0.00158739
0.00741739
0.00246763
0.0199211
0.712527
0.00156186
0.00394468
0.000403531
0.00147791
0.00335322
0.0061916
0.0140756
0.00816275
0.00571768
0.00361781
0.0152358
0.00193375
0.0132871
0.099608
0.00584976
0.00285357
0.00289421
0.00474128
0.00164747
0.0212922
0.0027647
0.0382511
0.000426637
0.00806067
0.015103
0.0174706
0.00645928
0.0146109
0.00648389
0.00945588
0.0164181
0.00476687
0.0197143
0.00909163
0.0323138
0.00279843
0.0142618
0.0199003
0.00306792
0.0163874
0.0160055
0.009063
0.0321354
0.00789244
0.0104809
0.0079755
0.0138833
0.0223238
0.00827789
0.00737557
0.0119366
0.00306093
0.0133168
0.00263085
0.0170743
0.00460375
0.0140774
0.0202025
0.00507543
0.0038519
0.00330974
0.0101039
0.0105768
0.000379713
0.0126403
0.00810836
0.00499118
0.00901276
0.000472489
0.00412527
0.00508533
0.00584275
0.00889844
0.0122222
0.00224638
0.00186311
0.00107854
0.0136107
0.00998703
0.00119024
0.00347862
0.00630045
0.00421883
0.00735745
0.00356184
0.0146084
0.00467805
0.0261525
0.0098692
0.000278897
0.00374821
0.00294478
0.0146837
0.943234
0.00592883
5.17476e-05
0.0213631
0.0188507
0.00314864
0.021023
0.015273
0.000487573
0.00965022
0.0137231
0.0100219
0.000282796
0.0112309
0.00668017
0.00445429
0.00566397
0.00836888
0.0081921
0.0022767
0.0104945
0.0083784
0.00927519
0.00471585
0.0107184
0.777843
0.0373512
0.00597385
0.00132179
0.628893
0.0154767
0.00509229
0.012726
0.0113775
0.00391554
0.00837494
0.00295545
0.00316534
0.0259822
0.0131589
0.00702097
0.00446755
0.0170347
2.16397
0.00184677
0.0169835
0.0162925
0.000280957
0.00584288
0.00528843
0.00112967
0.0187491
0.00311202
0.0368516
0.00784502
0.000128886
0.0129995
0.0117485
0.0164208
0.00716982
0.00426936
0.00971404
0.0158162
0.00281797
0.00611101
0.00352279
0.00469033
0.00613789
0.0112979
0.00264113
0.00145202
0.0024497
0.00694766
0.000360674
0.0157982
0.00388548
0.00296678
0.00031249
0.00465545
0.0238817
0.757004
0.0136607
0.00260543
0.0218181
0.0146686
0.00384444
0.0020631
0.0153195
0.00640123
0.0053391
0.00923141
0.00648357
0.0147799
0.018159
0.0122336
0.0153432
0.00542871
0.00460876
0.00789861
0.00486034
0.00887851
0.0140976
0.00710367
0.00209725
0.000211327
0.000256497
0.0132058
0.00648216
0.0117325
0.0156995
0.818805
0.0070296
0.00664793
0.0148967
0.0197809
0.00390259
0.00165362
0.00721472
0.0149087
0.00107868
0.000365023
0.0104094
0.00107266
0.00741515
0.0181017
0.00431237
0.00131553
0.0129391
0.000663102
0.0107219
0.0244465
0.0417951
0.00761035
0.0306254
0.00968235
0.0148146
0.00424531
0.0190469
0.00107821
0.00531128
0.0021804
0.0177688
0.0294263
0.0326624
0.0153485
0.00687539
0.0112153
0.00579229
1.15689
0.00729723
0.00438554
0.00950975
0.0148231
0.0067063
0.0179871
0.00219388
0.0154388
0.00465528
0.411551
0.00839126
0.0191193
0.0161797
0.00604658
0.00661564
0.0236394
0.000384433
0.00886353
0.00883448
0.00842341
0.00775408
0.00977516
0.892824
0.000691137
0.0118187
0.0184677
0.00989715
0.00838999
0.00857479
0.0346338
0.00985418
0.0013292
0.00254556
0.0525644
0.011503
0.0012401
0.00338458
0.011265
0.0113205
0.002972
0.0113068
0.00769433
0.0103651
0.00275793
0.00324939
0.00400422
0.00677833
0.0084771
0.0166492
0.00709276
0.0174233
0.0106642
0.00813761
0.010295
0.004463
0.000476637
0.00188919
0.00704038
0.00738475
2.60145e-05
0.00191975
0.00330669
0.0114151
0.00521775
0.0114009
0.00325365
0.00173426
0.00482054
0.00270142
0.00979475
0.00202789
0.0146729
0.00805435
0.00526959
0.00398311
0.0039756
4.81871e-05
0.475748
0.0170315
0.018781
0.0102566
0.0104688
0.00613925
0.0200454
0.00574824
0.0147125
0.00485253
0.00861889
0.0297767
0.0116926
0.00247827
0.0062912
0.0048025
0.00869116
0.0160684
0.00109904
0.511078
0.00319061
0.000622719
0.011982
0.0419055
0.00653352
2.28149
0.00361684
0.0123051
0.0189224
0.0184221
0.0238366
0.00841598
0.00816391
0.0101993
0.00444793
0.00136787
0.00745085
0.00367382
0.00208796
0.00302692
0.00198646
0.0153105
0.0198703
0.0014292
0.0132503
0.00712124
0.00612488
0.0171536
0.00195677
0.0173035
0.00222594
0.0239633
0.0131868
0.0107587
0.0156156
0.0038686
0.00745603
0.000477864
0.0247332
0.00297158
0.00615285
0.0103453
0.00226155
0.00353918
0.0109668
0.00680533
0.00856533
0.000532722
0.0058918
0.0176293
0.0029731
0.0101958
0.0192902
0.00838258
0.00744354
0.845643
0.00407781
0.0156514
0.00772151
0.00143977
0.00310936
0.00325291
0.0469122
0.0133823
0.00657099
0.0167533
0.0236155
0.00779018
0.0124341
0.0069539
0.01988
0.0196381
0.0237769
0.0120686
0.00107279
0.00487673
0.00718496
0.0162331
0.00674371
0.00445307
0.0131472
0.0152191
0.00577299
0.00504248
0.0101354
0.000988224
0.00837955
0.00143085
0.00348221
0.0033418
0.017766
0.0122765
0.00362492
0.00436061
0.0099577
0.00229184
0.00749157
0.00689556
0.0070072
0.00307141
0.00502426
0.0172379
0.000782229
0.00723084
9.32746e-05
0.0128774
0.000488166
0.00452484
0.00970212
0.00010868
0.0111272
0.0125623
0.00297173
0.00590061
0.0186043
0.0369774
0.00233692
0.00493404
0.00590893
0.0120724
0.0198574
0.00228342
0.00708606
0.00499994
0.00110298
0.0119061
0.00648041
0.00752294
0.00677437
0.0116397
0.0112195
0.0104434
0.0139044
0.0201445
0.00117793
0.00673015
0.00855739
0.000735298
0.0030728
0.0109122
0.00229325
0.00056741
0.0154609
0.00274131
0.0136456
0.00527996
0.00569355
0.0144826
0.00219936
0.00164165
0.0243807
0.00865432
0.0101861
0.0129836
0.0026651
0.00544569
0.014469
0.0377852
0.00964768
0.0162025
0.00725099
0.00861131
0.00341643
0.00519874
0.00443842
0.00912421
0.0144234
0.018632
0.0157885
0.00214385
0.00280119
0.0101876
0.0128112
0.0487269
0.0109373
0.00270242
0.00790539
0.00407061
0.0117158
0.0112925
0.0135253
0.00497384
0.0016732
0.00572116
0.00556576
0.012068
0.00735159
0.00433291
0.0197095
0.00547305
0.0068653
0.00594328
0.00823547
0.0175789
0.00472837
0.00810562
0.0123277
0.00839726
0.0113824
0.00322586
0.0100063
0.00290876
0.00706845
0.0105808
0.0113877
0.00312282
0.00969391
0.0362785
0.0071866
0.000146063
0.0085318
0.0332136
0.000754933
0.00116208
0.0224819
0.0109857
0.00530169
0.0100662
0.0168036
0.0164174
0.00495775
0.0113956
0.00495897
0.00730715
0.00180731
0.0097105
0.0105911
0.0130829
0.00871404
0.00832511
0.0136772
0.0116193
0.00247904
0.00660777
0.0128025
0.00995896
0.0144779
0.0183871
0.00519393
0.0116154
0.00660723
0.00722215
0.00573472
0.000989934
0.00407497
0.00742143
0.00147109
0.00884554
0.00429746
0.00120261
0.000989812
0.0037281
0.000738363
0.00639908
0.0054953
0.00275272
0.014679
0.0018533
0.0051613
0.000691792
0.00214217
0.000809032
0.0014942
0.0144935
0.0160298
0.00665436
0.00818343
0.0172892
0.013724
0.00476241
0.0103402
0.0093977
0.783415
0.0111203
0.00248751
0.00969569
0.00153022
0.559497
0.0093112
0.00124748
0.00637594
0.00661009
0.785913
0.00271028
0.00227909
0.000705514
0.00559683
0.000923875
0.00636872
0.0145971
0.00257637
0.00182977
0.00240262
0.00167685
0.0023266
0.00416802
0.00583177
0.00544493
0.00210277
0.0243751
0.0123254
0.00290855
0.00403295
0.00724977
0.00145194
0.00294738
0.0112555
0.000739691
0.0118329
0.00706208
0.00465564
0.00112686
0.00635339
0.0250797
0.0227097
0.00614925
0.0105147
0.0191537
0.0043059
0.0138895
0.000446913
0.000401274
0.0141457
0.0185204
0.016062
0.00393199
0.0161375
0.000243423
0.628899
1.27949
0.00762983
0.0234769
0.0057519
0.0130689
0.638998
0.838729
0.00630979
0.000654079
0.0047602
0.0106258
0.000962291
0.00664598
0.00147909
0.000662189
0.0156571
0.0134377
0.741254
0.00268767
0.00554262
0.0099854
0.0293637
0.791665
0.0108664
0.0161584
0.00220752
0.0120268
0.00492299
0.00854117
0.00159311
0.000437868
0.011678
0.00337764
2.78058e-05
0.00124275
0.0107935
0.00828868
0.00133877
0.0708089
0.00271071
0.00173957
0.00741037
0.00313659
0.00195137
0.00941703
0.00161217
0.00886874
0.0077568
0.00441633
0.00716684
0.492674
0.00156174
0.00866974
0.00524361
0.0074794
0.00277883
0.00300995
0.00619631
0.0104472
0.000235028
0.00855687
0.0130283
0.0031296
0.0071721
0.00391306
0.0136414
0.004536
0.00277725
0.0058001
0.100925
0.0110634
0.00298864
0.00650519
0.00822475
0.00896682
0.00417275
0.000329064
0.00469369
0.00186028
0.0415562
0.00194705
0.00230008
0.00487075
0.0077951
0.00428755
0.00235621
0.000738295
0.00157381
0.00807411
0.00166015
0.0129626
0.0114591
0.00739178
0.00017851
0.00841249
0.00476786
0.00511699
0.00179098
0.00350348
0.0158412
0.000844227
0.00247863
0.418485
0.0370518
0.00530264
0.0067654
0.000370955
0.00639508
0.00652318
0.00118563
0.00501956
0.718761
0.646253
0.000316297
0.00122736
0.00902314
0.0146974
0.0191555
0.00404235
0.00185302
0.00270933
0.00118334
0.00214932
0.00404208
0.518002
0.355204
0.0123383
0.00281521
0.0130923
0.00369592
0.00350802
0.0146024
0.695561
0.0038178
0.032633
0.0197479
0.0192975
0.0032128
0.00211558
0.00245741
0.00952472
0.00743917
0.000121472
0.00632084
0.0123481
0.0114681
0.00383889
0.0269643
0.00830781
0.00379097
0.013399
0.01596
0.00696445
0.00690458
0.0113866
0.00801704
0.00574064
0.012328
0.0123116
0.00436169
0.00908955
0.0174496
0.00186318
0.00607066
0.000658578
0.00277824
0.0137679
0.0140204
0.00505064
0.0040162
0.00369571
0.0102413
0.00814607
0.0231015
0.00461566
0.00194902
0.00565822
0.00908737
0.0171579
0.00777047
0.00725616
0.0253007
0.0017101
0.00619343
0.0147098
0.00435944
0.00184931
0.0119708
0.00966125
0.0202261
0.00337178
0.000145116
0.0113883
0.00161685
0.00770005
0.00486952
0.00366858
0.00107016
0.000660231
0.000906224
0.0114235
0.00316675
0.000775033
0.00296805
0.00495483
0.00642569
0.0105975
0.00191462
0.000348312
0.0110579
0.00280063
0.0186198
0.00318189
0.00318329
0.00732154
0.00308125
0.0152456
0.00644397
0.000431698
0.0168806
0.0007393
0.00307339
0.0278853
0.00468213
0.00316163
0.00497835
0.0149946
0.0138352
0.00957666
0.00410466
0.00224273
0.00293925
0.00353667
0.00935726
0.0083415
0.010298
0.00693819
0.00970155
0.00219929
0.000996191
0.61576
0.0155333
0.0125873
0.00840025
0.00721172
0.000472115
0.00540439
0.0104589
0.00536378
0.0131011
0.000490061
0.00176433
0.0243942
0.0114262
0.00297684
0.0028857
0.0181408
0.00414861
0.00153986
0.0115137
0.0100452
0.0235086
0.00724831
0.00541775
0.00920459
0.00878651
0.00291808
0.00849405
0.018856
0.00258015
0.00283412
0.014866
0.00877258
0.00681907
0.00693901
0.00314041
0.00525023
0.0110147
0.00420051
0.00131694
0.00304657
0.00442588
0.00759767
0.00900915
0.00345639
0.00208888
0.010378
0.542805
0.0141823
0.018457
0.00810738
0.0108592
0.0158526
3.91681e-05
0.0425421
0.00097951
0.00863847
0.00465438
0.0139216
0.0217295
0.0412674
0.01223
0.00435066
0.00355276
0.0120481
0.00504351
0.000170504
0.00605025
0.0068397
0.00609733
0.00320234
0.0232776
0.00964388
0.00735408
0.00265718
0.00679117
0.0017663
0.0057232
0.00760645
0.0123371
0.00331639
0.0176228
0.0053804
0.0104819
0.016684
0.00765809
0.0204421
0.00258579
0.016281
0.0118984
0.00676258
0.0246526
0.0147982
0.0202058
0.00355683
0.00542876
0.00735895
0.0264222
0.0295442
0.0032211
0.000873693
0.00213794
0.00117232
0.000951184
0.0108576
0.0072358
0.0160558
0.00800103
0.00688916
0.00388822
0.00128498
0.0147535
0.0140785
0.011735
0.00646683
0.00274243
0.00173047
0.00122749
0.00774568
0.00239854
0.00688974
0.00837523
0.0020332
0.0130071
0.00379151
0.00688489
0.00927186
0.0229835
0.00658858
0.00787175
0.0150008
0.00347286
0.00624784
0.00368849
0.0150953
0.0175837
0.0111258
0.000989951
0.00336906
0.00436309
0.0169594
0.0101197
0.000709166
0.0140375
0.00748405
0.018887
0.0115517
0.0161541
0.00596499
0.0155516
0.00514439
0.00646379
0.00365285
0.0146273
0.170484
0.0212024
0.00210853
0.0071698
0.00845033
0.0153321
0.00525473
0.00756086
0.680464
0.00390078
0.00209688
0.00963648
0.00586887
0.00122829
0.0116963
0.00446975
0.0113922
0.00256815
0.00422224
0.00565426
3.49151e-05
0.00727927
0.000143997
0.0132222
0.0171823
0.00344923
0.0147695
0.0046772
0.0121431
0.00525753
0.0172653
0.00726852
0.005788
0.0191103
0.00367863
0.00123464
0.00156168
0.00472592
0.00304345
0.00373912
0.00889421
0.00155625
0.0061385
0.00348259
0.00530585
0.0232146
0.00815554
0.0153198
0.00180687
0.013768
0.00286442
0.0108356
0.8291
0.0151778
0.000102241
0.00207513
0.00465685
0.00434842
2.58703e-05
0.0245796
0.0144639
0.0119763
0.00483101
0.00134566
0.0112815
0.00594671
0.00414482
0.00555769
0.0143411
0.0107753
0.00853686
0.011351
0.00410701
0.00443054
0.00441465
0.0161703
0.00023154
0.00507293
0.000269706
0.00511223
0.00720025
0.0065198
0.0197749
0.00706868
0.00347455
0.00144694
0.00234995
0.00320306
0.000237377
0.0048769
0.00470664
0.000318925
0.00626705
0.00959431
0.0195987
0.00328555
0.0140663
0.00289064
0.0281553
0.0281673
0.00324218
0.0179987
0.0214164
0.0192223
0.00876581
1.55952
0.0139253
0.00725274
0.00408274
0.0127533
0.000130094
0.0085218
0.00436535
0.00883891
0.325223
0.0203513
0.00583849
0.00691589
0.00729977
0.0024638
0.012314
0.0139217
0.00236818
0.000929633
0.0116206
0.0426523
0.0154971
0.00922154
0.000188418
0.0107079
0.0165685
0.0204009
0.00190926
0.0226905
0.0178436
0.00548095
0.0122566
0.00718687
0.00109808
0.00142356
0.000669708
0.00201958
0.00779513
0.0040727
0.00947167
0.026815
0.00967883
0.000221717
0.00228631
0.00144302
0.00714895
0.00435701
0.00680404
0.0282263
0.00784151
0.0179286
0.0125208
6.71777e-05
0.0138568
0.00470531
0.00262828
0.00139603
0.276937
0.00707741
0.00603612
0.00816623
0.00158597
0.00391291
0.00509555
0.00666642
0.00432713
0.00451815
0.0229217
0.0159873
0.00669704
0.00210613
0.657631
0.00221482
0.0128147
0.0131293
0.0035363
0.00192058
0.0198944
0.0086647
0.0106733
0.0045835
0.022696
0.0089074
0.0189911
0.0207275
0.00390373
0.0117775
0.0158595
0.00412149
0.863288
0.00118914
0.0144548
0.00492659
0.0217795
0.00954718
0.00642397
0.00163209
0.0107072
3.11726
0.00790731
0.0200144
0.00159141
0.00521412
0.00157685
0.00547593
0.000604855
0.0143297
0.00573019
0.0106556
0.00667691
0.00276048
0.00800388
0.00599707
0.0126785
0.0155007
0.00331908
0.00861704
0.00778821
0.00212747
0.00508148
0.00283346
0.00229951
0.0213037
0.00258699
0.00544543
0.0106393
0.0124686
0.00746368
0.00493877
0.00735709
0.00585993
0.00560653
0.00675363
0.00432668
0.0122156
0.00943866
0.0115654
0.00735986
0.00535816
0.0134979
0.0194207
0.00675572
0.000743229
0.00963794
0.00990602
0.0172187
0.00424084
0.00601386
0.0251928
0.0134557
0.00204211
0.000478067
0.013291
3.13395
0.00014584
0.0079703
0.00552809
0.0013222
0.00325847
0.014986
0.00821921
0.0204587
0.013336
0.00150702
0.016604
0.00289606
0.014933
0.0220555
0.0114943
0.0118538
0.00177714
0.00351146
0.00880156
0.0204583
0.000854672
0.00380931
0.00867501
0.00214739
0.0115346
0.0104227
0.00556026
0.00728079
0.0109396
0.0168996
0.534085
0.0166388
0.000793817
0.00276825
0.00437477
0.016991
0.0097661
0.00118871
0.00802958
0.00321498
0.00911649
0.00551093
0.00645305
0.00348089
0.000154261
0.000372813
0.0027094
0.00549516
0.00572815
0.000442383
0.00258859
0.0161547
0.0154708
0.00463909
0.00161382
2.12205e-06
0.0068859
0.00777493
0.0366759
0.00463677
0.00765698
0.00390596
0.000305014
0.00319846
0.00691102
0.00392483
0.00181947
0.000182265
0.00332268
0.00456163
0.00452532
0.000722121
0.00258668
0.00601565
0.000658091
0.0397645
0.00134071
0.00143539
0.576216
0.00326414
0.00365221
0.170118
0.00926679
0.00231213
0.415839
0.00632263
0.00378586
0.00138024
0.0127346
0.00685791
0.000944812
0.0146287
0.00356332
0.00206729
0.000371819
0.00395913
0.0055258
0.00800953
0.0242224
0.0176162
0.00596337
0.0132982
0.0179104
0.00431301
0.00471127
0.00633543
0.0169716
0.392286
0.00088268
0.00950814
0.00473907
0.0143742
0.0157806
0.0106363
0.00704799
0.00686378
0.00928713
0.0030318
0.0014467
0.00067503
0.0125224
0.00806869
0.0041301
0.0011837
0.00171388
0.00912249
0.0123159
0.00199581
0.00297815
0.00219909
0.0083767
0.00920262
0.00291833
0.00174183
0.00455072
0.0031491
0.00163091
0.00494128
0.0100972
0.0183231
5.38641e-05
0.00560749
0.0256514
0.000161802
0.587556
0.504699
0.0248825
0.00175399
0.012503
0.00422046
0.00844085
0.00420067
0.00173774
0.00320138
0.502968
0.0045219
0.00393262
0.000363766
0.763458
0.00357937
0.00309524
0.000678771
0.00356315
0.0119495
0.00827732
0.00724834
0.00633623
0.00142856
0.00460097
0.0168861
0.00727077
0.00478631
0.00356305
0.00523345
0.00502458
0.00096367
0.00706534
0.0126496
0.00372545
0.00396666
0.00232781
0.0144254
0.00750448
0.015815
0.00270931
0.00584343
0.0145966
0.00512728
0.00181831
0.00585439
0.0104615
0.0133133
0.00447652
0.00898331
0.493718
0.102348
0.00794211
0.00248938
0.00455566
0.00981572
0.00290275
0.689792
0.00127155
0.0174104
0.563031
0.681423
0.0055676
0.00169496
0.000119407
0.0180879
0.0340386
0.0176306
0.00332238
0.0123409
0.0157606
0.00180409
0.0161959
0.018793
0.00546413
0.00884026
0.0147305
0.00486147
0.00628982
0.00621164
0.00454832
0.00226411
0.00362003
0.00156172
0.00861935
0.668324
0.0106057
0.00254549
0.00588594
0.00134216
0.00974836
0.0144277
0.000788239
0.0125536
2.17654
0.00584792
2.55803e-05
0.0237493
0.00144837
0.517685
0.00383692
0.00436701
0.0156793
0.00912144
0.0021814
0.00279105
0.00494806
0.028324
0.00250841
0.00553445
0.0182202
0.0138649
0.00463351
0.0145335
0.00383992
0.00957302
0.0250807
0.0134652
0.0107164
0.0161564
0.0087794
0.00977637
0.0198628
0.00318745
0.0189057
0.00270039
0.027837
0.0188461
0.0196353
2.1726
0.00719296
0.00193978
0.0380105
0.000680812
0.0103552
0.00365035
0.00736341
0.00509711
0.0181459
0.0110234
0.0198828
0.00573433
0.00674359
0.000388546
0.00494464
0.00296873
0.0145973
0.00404981
0.0123513
0.00175445
0.014002
0.00379781
0.0173605
0.00555178
0.0055724
0.0027551
0.0173789
0.00726052
0.000417162
0.00458978
0.00745153
0.00105796
0.00203401
0.00745584
0.0209408
0.00382055
0.00767176
0.00577365
0.00419404
0.000970057
0.00573608
0.0232199
0.0106813
0.0121311
0.00201914
0.0102807
0.000768627
0.0190589
0.00865074
0.0125272
0.000366349
0.00757576
0.00184542
0.0168114
0.000562308
0.00122549
0.691197
0.00215619
0.00321706
0.00607379
0.000632328
0.0298349
0.00956228
0.00182815
0.00512083
0.00127495
0.00300052
0.0118269
0.00665307
0.00832878
0.00575562
0.0103156
0.00255337
0.0040081
0.0114786
0.0118318
0.0230867
0.00111404
0.0203057
0.00391767
0.0028217
0.0146272
0.00888277
0.016795
0.640132
0.0134019
0.0134721
0.00921837
0.006201
0.00672427
0.0138302
0.0120798
0.0587975
0.00973858
0.0187745
0.00681955
0.00135798
0.0161633
0.00430991
0.0134794
0.00932258
0.0264425
0.00634686
0.0100098
0.00456711
0.00130763
0.001
0.0138171
0.00116625
0.0168728
0.024387
0.00520319
0.0104669
0.0138328
0.00689025
0.0212075
0.0206232
0.0128354
0.000651379
0.00245926
0.00339196
0.0057541
0.0212445
0.00785854
0.00714809
0.00171687
0.00404066
0.0182619
0.00222858
0.0147526
0.0111554
0.00563768
0.00826326
0.00193519
0.00344951
0.004301
0.00352725
0.0106232
0.000316932
0.00405059
0.0246136
0.0123845
0.00982657
0.00331103
0.00736984
0.000120804
0.00155538
0.00862053
0.00234223
0.00055459
0.0174261
0.00969179
0.00436807
0.0101056
0.002158
0.00108204
0.0129676
0.00799892
0.000233093
0.00873848
0.0137321
0.0103933
0.00644649
0.0219567
0.00934132
0.0147661
0.0039638
0.00193549
0.0070758
0.00389081
0.0161018
0.00497928
0.00948693
0.000111041
0.00328874
0.000824222
0.00906091
0.00875824
0.00235744
0.00258957
0.00577037
0.00950187
0.00486621
0.0418225
0.0383465
0.00774786
0.0229268
0.0135415
0.0169871
0.0271225
0.0131761
0.00928718
0.0139798
0.0114978
0.00473666
2.65475e-05
0.00426256
0.0101773
0.0101986
0.00931674
0.00324452
0.00338725
0.00176464
0.00286994
0.0035977
0.00376296
0.0106669
0.00135227
0.0107318
0.00933214
0.00216038
0.0294109
0.00605805
0.0239406
0.0187171
0.00735187
0.00398033
0.00153362
0.00677528
9.6385e-05
0.00302274
0.00894937
0.00019134
0.010303
0.020803
0.0163808
0.00661179
0.015157
0.00881681
0.0275849
0.00199472
0.00442577
0.0361352
0.0153336
0.00214599
0.00569199
0.0344106
0.0111199
0.0187295
0.00634122
0.0470622
0.00183912
0.00144881
0.0119038
0.0110874
0.00451048
0.00159796
0.000103134
0.00740869
0.00836314
0.0138054
0.00152029
0.00317848
0.00830345
0.00137296
0.0112027
0.00849484
0.010533
0.702723
0.00389114
0.0136905
0.000245043
0.0019458
0.00331482
0.52792
0.00111219
0.789268
0.00276841
0.0101297
0.00761679
0.0236465
0.02967
0.00993689
0.0142316
0.00100181
8.58563e-05
0.00711759
0.00195287
0.00896108
0.0192302
0.000808773
0.0186128
0.320529
0.0200821
0.0012341
0.0060641
0.00963855
0.00614642
0.00513398
0.00317898
0.0257408
0.0142503
0.0103277
0.0164195
0.0143349
0.00248593
0.0160965
0.0080714
0.0110269
0.0076392
0.0114413
0.0116379
0.000655253
0.0155532
0.0068896
0.00826033
0.0269808
0.000102617
0.00726701
0.00666213
0.00879762
0.00597381
0.0160426
0.00715794
0.0130573
0.0113281
0.000964268
0.00221649
0.0166218
0.00688735
0.0141897
0.00518881
0.00458481
0.010683
0.00220672
0.00690094
0.00463477
0.00258403
0.00603108
0.402592
0.0100225
0.0036375
0.0048147
0.019702
0.00739048
0.00777476
0.0103062
0.006079
0.00369512
0.0152558
0.020217
0.000558452
0.00699072
7.31674e-06
0.026466
0.00147189
0.010558
0.00275406
0.00897802
0.00588897
0.0114967
0.0241735
0.00291922
0.0102439
0.012495
0.00922331
0.00217191
0.0117205
0.000458653
0.00441741
0.0263254
0.00137749
0.00198714
0.0358669
0.0257504
0.0191802
0.00573847
0.015708
0.00426075
0.0310845
0.0365555
0.00232667
0.0127675
0.00692402
0.000867303
0.00851677
0.584
0.0273237
0.00229599
0.00584326
0.0168963
0.00726655
0.00249268
0.00404378
3.50751e-05
0.00883698
0.00882194
0.0132352
0.00539378
9.2167e-05
0.000975873
0.0108551
0.00815896
0.00590326
0.0234019
0.00302506
0.0124037
0.00856275
0.0047773
0.0158049
0.00739967
0.0147577
0.00688851
0.00759928
0.0149968
0.0239598
0.0163638
0.0044827
0.00422575
0.00420324
0.00652925
0.0181687
0.0240023
0.00522191
0.00568275
0.000122988
0.011071
0.00448288
0.015527
0.0166647
0.00128533
0.0150322
0.00190718
0.000847116
0.0061867
0.0128869
0.00734676
0.00224587
0.0283232
0.00194462
0.000165671
0.0114174
0.0014198
0.0044643
0.0762005
0.0135932
0.00272931
0.00310945
0.0138796
0.0192107
0.0119617
0.00922472
0.0115963
0.00220736
0.0179587
0.00542449
0.00305761
0.00618992
0.00611549
0.00483141
5.32199e-05
0.000214247
0.000264054
0.00787278
0.048734
0.00185415
0.00462747
0.0198593
0.00183263
0.00410334
0.0109884
0.00745385
0.00582208
0.00519577
0.00556673
0.0218472
0.00249724
0.00328833
0.00251946
0.0149923
0.00924709
0.0270721
0.000607466
0.00845223
0.0110159
0.00152987
0.0019826
0.0118646
0.00359509
0.00824122
0.00838124
0.00143878
0.00402559
0.00498499
0.0231716
0.00442907
0.00620234
0.0122929
0.00653144
0.011313
0.0130833
0.0390591
0.000906599
0.0179045
0.00960873
0.0139098
0.00955922
0.00249213
0.00163984
0.00453026
0.00353968
0.0292401
0.0118019
0.00521068
0.00269763
0.00912808
0.00963756
0.00932241
0.00361581
0.00246941
0.00861065
0.0021949
0.00292684
0.0102693
0.00139411
0.0136071
0.0231766
0.0165246
0.00583567
0.0144739
0.00112118
0.0114012
0.0211459
0.0104183
0.00554277
0.0106142
0.012531
0.001889
0.0123951
0.00774609
0.000272377
0.0086537
0.00958335
0.00855426
0.00188026
0.000285487
0.0120572
0.00150787
0.00596542
0.00702211
0.0110548
0.000831238
0.00574888
0.00250187
0.00465835
0.00871688
0.00251593
0.000401644
0.00344631
0.0066271
0.00744567
0.00934815
0.0178922
0.00433268
0.00955679
0.00297035
0.000305833
0.0188157
0.0104925
0.0203695
0.000629233
0.00563108
0.0166727
0.00118027
0.0242019
0.00838589
0.000116347
0.00101619
0.0150898
0.00404261
0.00630158
0.00393733
0.00447426
0.000634538
0.00249849
0.0107053
0.00921481
0.00732207
0.820596
0.000637522
0.00179052
0.0126682
0.0055043
0.00236497
0.0176485
0.0108721
0.0110705
0.000883232
0.0102769
0.00506447
0.00730365
0.0124374
0.00762172
0.000763253
0.00228538
0.000904717
0.0027504
0.00241809
0.00734991
0.00175512
0.00255626
0.0143462
0.00505278
0.0138827
0.0303963
0.0102591
0.142578
0.0196233
0.0163012
0.00772303
0.0190778
0.00238483
0.0019679
0.00483521
0.000793524
0.589465
0.00176316
0.000721219
0.00588298
0.0122605
0.00228001
0.000148733
0.0102889
0.0151352
0.00136346
0.0130725
0.362577
0.000371185
0.00734602
0.011291
0.00361297
0.00774869
0.0980657
0.0117582
0.0103926
0.0126468
0.385566
0.00488617
0.0105556
0.00300303
0.000117957
0.00919315
0.00616342
0.00119079
0.00177809
0.00994325
0.00468995
0.014169
0.0250132
0.0104121
0.00572676
0.00366475
0.0124339
0.00862304
0.0124304
0.00419236
0.00389662
0.0301612
0.00153856
0.00593814
0.00470652
0.016139
0.00622555
0.00151572
0.00994882
0.00842376
0.00444563
0.0110966
0.00214015
0.0280237
0.00256826
0.00678138
0.00975245
0.00259822
0.0363783
0.0144304
0.00419972
0.00506018
0.014622
0.0187215
0.00723984
0.018628
0.0149921
0.00153405
0.0172912
0.0201284
0.00751475
0.0110358
0.0199438
0.00121737
0.00343617
0.668702
0.0164475
0.00403911
0.436349
0.0215306
0.0140418
0.00319044
0.00837506
0.00647272
0.000753352
0.00927743
0.47209
0.00826255
0.000935674
0.0111863
0.0174991
0.020729
0.0347772
0.00410529
0.0100007
0.0339465
0.613181
0.000635248
0.00625476
0.0141988
0.00214543
0.00213985
0.00204725
0.0142025
0.00161447
0.00746756
0.00115839
0.012079
0.00316648
0.00428328
0.00287162
0.00554498
0.00225744
0.00492677
0.447895
0.00454256
0.00684346
0.00318085
0.0040992
0.0135189
0.00235295
0.00380664
0.0193199
0.0134335
0.00312294
0.00461556
0.00451111
0.629102
0.000669097
0.00172203
0.0102895
0.0158499
0.0139308
0.00369343
0.0272777
6.32037e-05
0.0112356
0.00604632
0.0101411
0.0254571
0.00968072
0.0167094
0.00150928
0.00613129
0.00940965
0.0173435
0.00399373
0.00754457
0.0109533
0.0171864
0.0115256
0.75751
0.00572018
0.000327874
0.000636623
0.00897984
0.0135293
0.0199061
0.00370879
0.0138561
0.00918439
0.00185941
0.000198798
0.00351798
0.00536447
0.0144381
0.00213884
0.0255216
0.0108604
0.00900751
0.0056075
0.019337
0.0103902
0.0212931
0.0260506
0.00231232
9.08477e-05
0.00670507
0.00011223
0.00342435
0.0070883
0.0121461
0.00895994
0.0038937
0.00888402
0.0069507
0.00847993
0.0220511
0.000742182
0.00157102
0.0155451
0.00198386
0.00322554
0.00812723
0.00372549
0.0119368
0.00120546
0.00280594
0.00154201
0.000952827
0.0106211
0.0111046
0.008706
0.00898885
0.0116841
0.00442738
0.00657625
0.00707793
0.000600819
0.0189158
0.0260633
0.0108658
0.000205108
0.0124005
0.00486727
0.000271604
0.00403073
0.0129214
0.0126606
0.0132299
0.00992775
0.0244289
0.0130977
0.00918474
0.0096106
0.0150653
0.0262585
0.0060492
0.00383926
0.00612565
0.0137002
0.022206
0.00178103
0.0322614
4.30654e-05
0.00114018
0.00293957
0.00820115
0.00388734
0.0071607
0.0118341
0.0104112
0.00591488
0.00262094
0.0255011
0.0025606
3.14141
0.0108199
0.00628309
0.00404146
0.00104359
0.0116962
0.00317073
0.0123702
0.00296294
0.0243857
0.0139698
0.0271656
0.0233274
0.00192683
0.00478421
0.00490335
0.00156341
0.00290724
0.00696888
0.0228249
0.0037298
0.00176525
0.00334238
0.0175287
0.0142108
0.00793235
0.00344692
0.00218571
0.00412405
0.0214405
0.0185777
0.0127102
0.00105026
0.0199934
0.0148866
0.0107589
0.00599509
0.0201224
0.00366871
0.0013344
0.0117162
0.00643822
0.00285729
0.00445774
0.0106116
0.0162134
0.0134744
0.0194253
0.0069406
0.00293936
0.00708182
0.00305397
0.0053571
0.00189933
0.0136882
0.0042254
0.00691956
0.0274164
0.00348596
0.00909587
0.00188299
0.00201057
0.0123075
0.0205841
0.00932517
0.0100247
0.0131482
0.00642117
0.00205926
0.00194781
0.00392715
0.0228649
0.00752363
0.0136865
0.00431978
0.00344991
0.0153032
0.0179741
0.0202972
0.00708104
0.00446116
0.00229562
0.0265713
0.0143671
0.0137049
0.00624878
0.0459994
0.00245751
0.000700131
0.000343436
0.001858
0.00148303
0.0192552
0.00252839
0.00979768
0.00344189
0.00801948
0.0076757
0.00808912
0.0241051
0.0024256
0.00691783
0.0349566
0.0154588
0.00546727
0.00602152
0.00455513
0.0287484
0.0179835
0.00513628
0.0351456
0.0131669
0.020697
2.2933
0.0154097
1.37346
0.00283609
0.00653597
0.0137833
0.00466751
0.00764487
0.00740033
0.00538822
0.00903017
0.00527603
0.00170423
0.0130289
0.0012687
0.00889125
0.000313289
0.0107468
0.00350331
0.00138645
0.0127142
0.0294033
0.0319604
0.00269166
0.00752275
0.000740913
0.00235612
0.000597092
0.00585204
0.00519169
0.00654566
0.00177218
0.00989153
0.00323591
0.588851
0.00337981
0.00364121
0.00141988
0.000572612
0.00305163
0.00418543
0.0140178
0.00172516
0.00619931
0.303759
0.00152871
0.0198284
0.00822704
0.0132027
0.00383839
0.003642
0.00716293
0.00192363
0.56831
0.0123285
0.00900222
0.0297087
0.0120733
0.00654861
0.00232114
0.0173792
0.00693676
0.00210047
0.00216363
0.00814839
0.00723948
0.00348249
0.00495298
0.0103537
0.000593295
0.00729586
0.00514369
0.00608587
0.00273673
0.00356171
0.0252262
0.00444068
0.0238796
0.0193667
0.00135375
0.00948498
0.0282686
0.00989722
0.000546019
0.0196991
0.000510208
0.00250693
0.00327569
0.00463537
0.0103716
0.000635079
0.00757525
0.00613788
0.00979429
0.00729408
0.00169099
0.0090169
0.00628683
0.0136255
0.0152491
0.000216292
0.000793387
0.00664062
0.0100448
0.0091594
0.00249048
0.00255132
0.0126498
0.0134842
0.0116488
0.0108634
0.00589867
0.0092122
0.00811451
0.0317414
0.00522524
0.0150442
0.0181306
0.0111493
0.0028504
0.00968309
0.00223087
0.00556214
0.0042549
0.0109695
0.00769023
0.0169667
0.00129424
0.00946151
0.00556253
0.0147642
0.0101199
0.00382696
0.00496655
0.00295241
0.00420553
0.00124029
0.00854624
0.53789
0.00248902
0.0101469
0.00594072
0.0113172
0.00405609
0.00164697
0.00529031
0.00290968
0.00743999
0.00687521
0.0266022
0.00421964
0.00915615
0.0044143
0.0100475
0.00268255
0.00416766
0.00158717
0.0133338
0.0068208
0.0126049
0.0314751
0.00492708
0.740503
0.00548113
0.00301872
0.0309497
0.00295575
0.0131634
0.0251864
0.0144551
0.00219996
0.0136043
0.00342055
0.00557932
0.0175156
0.000756824
0.017715
0.00446361
0.00762014
0.0051179
0.00499578
0.00480435
0.00125311
0.00240865
0.000324587
0.00482057
0.0172469
0.00744543
0.0134306
0.0159556
0.00185841
0.0166105
0.000653308
0.0127059
0.00182402
0.0218176
0.00458842
0.0098282
0.000316213
0.00958553
0.00214778
0.00284413
0.00594981
0.353922
0.00881888
0.00228049
0.0043228
0.00178808
0.00257221
0.0134364
0.0148792
0.000525475
0.00301988
0.0092704
0.0033848
0.00324281
0.0149048
0.0077629
0.00864811
0.00123172
0.0123806
0.00252813
0.000829102
0.00149931
0.000771778
0.0103289
0.00381871
0.0409561
0.0504264
0.000935031
0.0185866
0.011535
0.0457732
0.00319559
0.0140656
0.0152467
0.0241232
0.0202362
0.00778193
0.0101699
0.0153532
0.00393729
0.0181672
0.00463284
0.00416665
0.00160945
0.00184797
0.0069043
0.00619893
0.0015739
0.00609192
0.020433
0.0134495
0.00451272
0.0024619
0.0080096
0.0128334
0.0210131
0.00148903
0.00811591
0.0126603
0.00152117
0.0103814
0.00232646
0.00108824
0.00720088
0.00584974
0.0135876
0.01573
0.0044936
0.00597074
0.00499219
0.00081379
0.00333081
0.0125749
0.000773544
0.0104809
0.0158597
0.0132644
0.00114981
0.0263704
0.00892397
0.00222133
0.0019908
0.00169858
0.0200749
0.00526506
0.000389255
0.0154014
0.000628903
0.00355351
0.0129921
0.00507287
0.00407511
0.0299924
0.00384901
0.0177516
0.00443728
0.00325073
0.00237374
0.0134
0.00875397
0.000417599
0.0106158
0.0239666
0.0131051
0.0165011
0.00628527
0.00316225
0.0191088
0.742446
0.00697702
0.0126452
0.00610064
0.00229937
0.0200195
0.00894815
0.0144999
0.0015682
0.00258188
0.00447688
0.0119104
0.000113262
0.00669991
0.00251944
0.0138227
0.0100158
0.0179035
0.00353455
0.0110561
0.00225996
0.00370938
0.000527491
0.944145
0.00319585
0.00019637
0.000131625
0.00279614
0.00244402
0.00656527
0.0129468
0.00269699
0.00699465
0.00640407
0.00243015
0.0120677
0.0144444
0.00647684
0.0137985
0.0123176
0.00332651
0.000548974
0.00435514
0.00317412
0.0040244
0.0181981
0.00436584
0.00844886
0.00130493
0.00265684
0.0173563
0.0154644
0.0190803
0.000732675
0.00736169
0.00673041
0.0300392
0.0151585
0.0041894
0.000762621
0.0133171
0.00217064
0.010086
0.0240584
5.2649e-05
0.0033271
0.0022218
0.000279339
0.838841
0.00303201
0.0065826
0.00135477
0.00106999
0.0104497
0.000224455
0.00349443
0.00444333
0.00159356
0.00828643
0.00404302
0.00961014
0.00225344
0.0288347
0.00439003
0.000415006
0.00296332
0.0071411
0.000844389
0.00598565
0.00103279
0.0185366
0.00178122
0.00736421
0.0019003
0.00415578
0.0201682
0.0208262
0.00823504
0.0106778
0.00293159
0.00380824
0.0183115
0.00371698
0.00831757
0.00531723
0.00586263
0.00638249
0.0128585
0.0068301
0.00395089
0.00554689
0.00914379
0.013372
0.385633
0.00601352
0.00556574
0.00820927
0.0298441
0.00888779
0.000651949
0.448714
0.00783816
0.00309235
0.0200945
0.003159
0.00346284
0.00897967
0.044678
0.00303382
0.449189
0.0141496
6.74885e-05
0.00509448
0.103651
0.748501
0.00910033
0.00226562
0.000444372
0.00946232
0.00162935
0.0427413
0.00378483
0.661718
0.658063
0.00170999
0.00240715
0.000564325
0.00194419
0.437377
0.0232995
0.0157502
0.0172807
0.000126978
0.0273393
0.00326963
0.0219815
0.000879101
0.00879892
0.00228133
0.00491635
0.00516009
0.0100837
0.00401833
0.0145561
0.00969338
0.0231873
0.00241606
0.000954972
0.00228719
0.0166952
0.000645239
0.0319508
0.0204594
0.0120207
0.00887845
0.00905627
0.00468004
0.00568837
0.0078837
0.0170375
0.00774205
0.00473368
0.00216023
0.000758769
0.00132596
0.0051362
0.0154858
0.389348
0.014914
0.00933662
0.00749688
0.0090817
0.0131979
0.000815898
0.000214349
0.00481918
0.0146724
0.0131461
0.00274237
0.0094503
0.0135358
0.0116042
0.802045
0.00496568
0.00921006
0.295302
0.00309649
0.00276526
0.0363452
0.00900655
0.00801199
0.011205
0.00723817
0.0129097
0.00305409
0.00328552
0.00656323
0.00162325
0.740672
0.00254044
0.00490402
0.00504299
0.00324705
0.00208064
0.00332577
0.0020336
0.0073785
0.000262347
0.0192743
0.000551764
0.0105606
0.00591213
0.00171703
0.0106747
0.00356844
0.00579595
0.00152808
0.0118838
0.00294842
0.011579
0.00516761
0.00536183
0.0113296
0.00458051
0.0178901
0.00378442
0.000440475
0.0116758
0.00572414
0.0235521
0.00465696
0.00920309
0.021997
0.0209267
0.0371583
0.0137571
0.0138433
0.023308
0.0156246
0.0115442
0.00302502
0.00470113
0.00923146
0.0158974
0.0125589
0.0102396
0.0208502
0.00519063
0.00748121
0.0335775
0.0053446
0.0117197
0.00440359
0.00215318
0.00727322
0.0254089
0.00297139
0.00306125
0.00318689
0.00388615
0.0130106
0.00928176
0.00836192
0.0012931
0.012332
0.00370725
0.00202403
0.0221688
0.0137854
0.00141837
0.00558465
0.00264685
0.00160866
0.00263974
0.00752965
0.0129227
0.00647685
0.00123562
0.00249785
0.00765246
0.00225187
0.0016586
0.00518851
0.00218948
0.00257775
7.81973e-05
0.0153452
0.0228336
0.0105793
0.010976
0.028306
0.00852406
0.00330424
0.013762
0.0034198
0.00360601
0.000178642
0.000246195
0.00840709
0.000511164
0.000229625
0.00656772
0.0100328
0.00749037
0.0113087
0.00885454
0.00647665
0.0800829
0.00644248
3.29588e-05
0.00452251
0.00025365
0.00450405
0.409242
0.0202034
3.40022e-05
0.00563267
0.00876193
0.00359641
0.00347838
0.623734
0.00578275
0.00657584
0.010416
0.0119212
0.00794814
0.0173912
0.00563779
0.00608999
0.00670856
0.000141023
0.0138801
0.0156571
0.030141
0.01403
0.0368545
0.00182597
0.000961704
0.0168205
0.000474349
0.016718
0.00759362
0.000437891
0.0270585
0.00818294
0.00558694
0.00310933
0.000688974
0.00330157
0.00059658
0.016679
0.00520906
0.00585791
0.00359965
0.00992997
0.00895131
0.0275437
0.000658394
0.00337305
0.0141069
0.0061003
0.0100519
0.00608834
0.00703235
0.0139441
0.0123869
0.017394
0.00958366
0.00117937
0.00761051
0.0337912
0.00870838
0.0135979
0.0115243
0.00910269
0.013544
0.0111587
0.0154391
0.00863689
0.00102216
0.0064303
0.0160715
0.0091342
0.00787219
0.0118244
0.0113055
0.00345415
0.00470311
0.00827208
0.0216097
0.00636325
0.0005673
0.0124155
0.019254
0.0156273
0.0178173
0.00906811
0.0291284
0.0049784
0.0015227
0.00706715
0.012212
0.0114565
0.0110505
0.00227772
0.0111497
0.0338361
0.00364287
0.0382088
0.00606424
0.0150698
0.014531
0.0164983
3.45467e-05
0.00132716
0.00714165
0.0190001
0.00720233
0.0235799
0.0110939
0.00456774
0.00111804
0.0220405
0.00482831
0.00125191
0.0101079
0.00499381
0.00173046
0.016925
0.00624458
0.0141021
0.0119215
0.00137106
0.0137739
0.00780587
0.0366981
0.0171211
0.020384
0.0148861
0.00111742
0.0126275
0.0183929
0.000160424
0.0224838
0.0132721
0.00170397
0.0179775
0.00522145
0.00343715
0.00494643
0.0100344
0.0255447
0.00405507
0.0335966
0.00192453
0.0144362
0.00879322
0.00440557
0.00375779
0.00170375
0.00657397
0.0057019
0.0095237
0.0014765
0.00481073
0.00944955
0.0146099
0.0307816
0.021331
0.0127563
0.00591656
0.00253266
0.0168763
0.000512634
0.0244657
0.000240406
0.00339097
0.0110647
0.00584731
0.00484732
0.00248402
0.00131596
0.000837323
0.00961482
0.0017836
0.0144512
0.0168573
0.0161815
0.0026314
0.000206586
0.00120937
0.0102325
0.0235067
0.00258673
0.0229476
0.00534716
0.00366894
0.0063662
0.00951289
0.0169458
0.0010268
0.00493923
0.00680305
0.00838378
0.0110373
0.0130946
0.00382358
0.000886281
0.00326585
0.0645342
0.00776061
0.00723003
0.00573145
0.0205061
0.0112862
0.00759861
0.00846083
0.00859218
0.0368982
0.00936162
0.0025934
0.00539876
0.00611048
0.00615532
0.0100769
0.013291
0.00656826
0.0131343
0.000623412
3.10223e-05
0.0146402
0.012499
0.003273
0.00702043
0.428459
0.0130923
0.00374447
0.00206306
0.00621605
0.00509355
0.0604627
0.00135812
0.0012797
0.00229015
0.00384922
0.0116493
0.00911122
0.0121905
0.0248324
0.00924258
0.00108009
0.000405288
0.0033649
0.00986934
0.011827
0.0127673
0.00131994
0.000784596
0.0163149
0.0236238
0.0143554
0.00358693
0.00493826
0.00188949
0.0145007
0.0162707
0.0138408
0.00554639
0.000936975
0.0156407
0.00901184
0.0136075
0.00882947
0.00631243
0.000869328
0.0242746
0.542355
0.00703085
0.00154585
0.00953105
0.0143106
0.0105478
0.00679049
0.0159108
0.0162997
0.00960967
0.00606131
0.00973167
0.00919927
0.0240144
0.00493018
0.00107049
0.0384989
0.0135376
0.0135508
0.00743309
0.0115288
0.00431917
0.00913214
0.00739256
0.00523554
0.00375763
0.0183882
0.00331668
0.00135145
0.0154817
0.00398224
0.00534742
0.00303206
0.010159
0.0347406
0.00897621
0.00518855
0.0112723
0.00847282
0.000153019
0.00934066
0.0270099
0.00698993
0.00971146
0.00432418
0.000383808
0.00167132
0.514218
0.0170942
0.00646652
0.00624817
0.00787917
0.00502798
0.0171445
0.000431808
0.00800675
0.0131052
0.00276535
0.00601362
0.00196206
0.00141689
0.006606
0.0183407
0.00945296
0.00564777
0.0205969
0.00588694
0.00144563
0.002863
0.00542098
0.00343045
0.00202966
0.000591585
0.0171577
0.0125743
0.00917535
0.00229999
0.00117905
0.00544691
0.00348475
0.00915466
0.00566243
0.00512954
0.00174197
0.00612638
0.00241409
0.00100297
0.0111435
0.0142762
0.0057249
0.0117093
0.000956777
0.00116438
0.00172705
0.000416922
0.0519915
0.0136727
0.00295712
0.00426358
0.00807663
0.00968457
0.010359
0.0059182
0.00100056
0.0047452
0.0107974
0.00819479
0.00260332
0.0312505
0.0276853
0.00951452
0.00653856
0.00322289
0.0357963
0.00215442
0.0122661
0.0038133
0.000554394
0.00275236
0.00616695
0.00983651
0.00747166
3.13613
0.0111575
0.00720842
0.0120906
0.0015784
0.00463439
0.00505217
0.0112519
0.00977924
0.00486207
0.00120245
0.0163319
0.00965516
0.010408
0.00572436
0.01979
0.000127304
0.0211496
0.00333335
0.00222415
0.00367981
0.00299942
0.00725228
0.00621598
0.00874499
0.00549619
0.00266979
0.0141998
0.00730071
0.00254738
0.0230508
0.011508
0.00510679
0.0156371
0.00743012
0.000311448
0.0141663
0.00142151
0.00392003
0.0193678
0.00419212
0.0146318
0.00625696
0.0241914
0.0125419
0.0122806
0.00241189
0.0131645
0.00241134
0.0291681
0.00496676
0.0014535
0.010893
0.00379983
0.00733457
0.00163042
0.00139331
0.00229265
0.00345002
0.0291127
0.00599709
0.015079
0.00958041
0.00379863
0.0143698
0.00575955
0.0267668
0.0164643
0.0274598
0.00770694
0.034728
0.00510999
0.0183706
0.0161939
0.0241413
0.0107336
0.00673854
0.0289008
0.538153
0.0162467
0.00733873
0.00127419
0.0305517
0.00443454
0.0306115
0.00896687
0.00470175
0.000616222
0.000683481
0.0103377
0.0100425
0.00389903
0.00598542
0.00144397
0.00381616
0.00292439
0.0104151
0.003719
0.0130595
0.00609536
0.00688852
0.00871488
0.00648649
0.721785
0.0105916
0.00393608
0.00357027
0.00909625
0.0075397
0.0145535
0.00559606
0.00951022
0.00791116
0.00848462
0.000894528
0.0027005
0.0241121
0.0348534
0.000850842
0.00758396
0.00501436
0.0031393
0.00745999
0.00364413
0.0112602
0.00243505
0.0181275
0.00289663
0.513544
0.000781995
0.00654916
0.488273
0.013199
5.39553e-05
0.000811512
9.83371e-05
0.637175
0.000682842
0.00915682
0.00513891
0.00545521
0.51645
0.00578664
1.05195e-05
0.00593545
0.0131988
0.00613583
0.0104753
0.00606554
0.0147365
0.0102986
0.00631771
0.0108257
0.0019853
0.00813657
0.00322676
0.000236005
0.00876094
0.00136745
0.00662993
0.00640286
0.00637356
0.00872134
0.0052222
0.00604536
0.00191596
0.00860886
0.00690526
0.00467652
0.01096
0.00957146
0.0135369
0.00113015
0.00191532
0.908091
0.0168205
0.742304
0.0123175
0.0118341
0.00211228
0.00770337
0.459541
0.019797
0.0159063
0.015963
0.00477984
0.00434361
0.000692123
0.00199396
0.0132089
0.436827
0.00259102
0.00609006
0.00356759
0.0079185
0.00863592
0.00318866
0.00727794
0.00534936
2.19739e-05
0.00146959
0.0136841
0.00187145
0.0203437
0.00517773
0.0162025
0.00509488
0.00289088
0.00678764
0.00764853
0.00769649
0.0107991
0.0119693
0.00411287
0.00585174
0.0127686
0.0175294
0.000321301
9.31782e-05
0.00395886
0.0017913
0.00804181
0.00238653
0.00648614
0.00180535
0.011613
0.0122591
0.549929
0.000508136
0.0527549
0.00405558
0.00201477
0.0255221
0.00607914
0.00591928
0.0131197
0.0101698
0.00577408
0.00167675
0.0176462
0.00542099
0.00509729
0.0124169
0.00620094
0.00190005
0.023132
0.0106928
0.00480873
0.00547507
0.00341778
0.0028498
0.0112968
0.0055492
0.0111695
0.000962648
0.00435429
0.600604
0.00380649
0.0026113
0.00678585
0.00990854
0.00381147
0.0155779
0.00794219
0.707254
0.00233151
0.0221382
0.000628875
0.0073213
0.00594942
0.00793771
0.0329656
0.652101
9.00795e-05
0.620766
0.0132329
0.0427428
0.0251082
0.00134487
0.00827287
0.00868893
0.00370594
0.0031669
0.00790267
0.0100728
0.0192949
0.00909483
0.00954995
0.0043786
0.000289192
0.00463538
0.0120961
0.00648125
0.018966
0.000311371
0.00268054
0.00406139
0.0177368
0.00891759
0.015461
0.0312887
0.00585544
0.0133457
0.014674
1.09156
0.0222722
0.00535476
0.00529275
0.0283486
0.00554479
0.00356334
0.00998731
0.0123364
0.0291351
0.00746731
0.00352948
0.00055514
0.0271788
0.0113337
0.00846057
0.00919404
0.0135149
0.0083494
0.0174424
0.00410824
0.00189332
0.0210529
0.0200269
0.0212576
0.00795504
0.00128752
0.00200322
0.00646375
0.00485405
0.0114256
0.0106265
0.0185055
0.00493307
0.0202702
0.0311214
0.00924194
0.00711233
0.00453859
0.0112336
0.0036715
0.00237164
0.0150639
0.00328023
0.0208791
0.005087
0.0313277
4.05929e-05
0.0121516
0.00238244
0.00609262
0.00236523
0.00266898
0.0130458
0.00540158
0.00580628
0.0107023
0.013127
0.0118487
0.00017084
0.000833016
0.0161079
0.016447
0.015781
0.00245558
0.00569839
0.00897507
0.013579
0.000716833
0.00189799
0.0148351
0.00675719
0.0099842
0.0390743
0.00438149
0.0107482
0.0121574
0.0048305
0.021987
0.00128164
0.00331565
0.00207749
0.0168454
0.00992445
0.00599659
0.0128436
0.00269698
0.0106625
8.09515e-05
0.00700067
0.000901573
0.00723394
0.00797882
0.00499374
0.00506043
0.002323
0.00751226
0.00123817
0.00744729
0.00318962
0.00353982
0.00340654
0.00233449
0.00427189
0.00102031
0.00175456
0.00977281
0.00936072
0.0406851
0.00352668
0.0109255
0.00590593
0.0051798
0.00358091
0.0113542
0.00292843
0.00580905
0.0032387
0.00557603
0.00825571
0.00644037
0.0150209
0.00812732
0.0115542
0.00899286
0.0111309
0.0160417
0.015777
0.00884454
0.00850342
0.00570303
0.000176763
0.0130056
0.00790354
0.00543742
0.0133799
0.00811415
0.682558
0.00877594
0.0139874
0.0122592
0.0189874
0.00280393
0.00368529
0.00127888
0.00718395
0.00113415
0.0144071
0.00440889
0.00568961
0.00473387
0.0276227
0.00405936
0.02094
0.00286199
0.0101809
0.0111305
6.01776e-05
0.000118704
0.0282913
0.00125544
0.0055993
0.0314996
0.00457825
0.00480963
0.0269061
0.00600104
0.00363352
0.0036333
0.00735365
0.0194074
0.00412183
0.00601449
1.15108
0.0043515
0.0236718
0.0146897
0.0109171
0.0168987
0.0222442
0.00521899
0.00541354
0.0273221
0.00262535
0.0308263
0.00185093
0.00370023
0.00796568
0.00375309
0.0339008
5.55444e-05
0.00937866
0.023653
0.0549096
0.00515548
0.00339058
0.012653
0.0114696
0.00300271
0.0113666
0.000737615
0.0099453
0.000638551
0.019224
0.000199381
0.00531165
0.00222264
0.0138194
0.0146556
0.00223634
0.0388013
0.0126681
0.017368
0.0052768
0.00315945
0.0125922
0.0370585
0.00409665
0.0116542
0.0325273
0.000532223
6.83348e-05
0.0136161
0.00707978
0.00511234
0.0044315
0.0224102
0.0169712
0.0141252
0.00397974
0.0111719
0.00169574
0.00245477
0.00395783
0.00867948
0.00531381
0.0271887
0.00400003
0.00691339
0.00371727
0.00289742
0.00945265
0.00307874
0.0014366
0.0034105
0.0241971
0.0072851
0.0166504
0.0142917
0.000979917
0.00954752
0.00213478
0.0079141
0.0038885
0.0264683
0.0033509
0.00451481
0.0134452
0.00493737
0.0283348
0.00832634
0.000625803
0.00869722
0.00381629
1.78224e-05
0.000560497
0.0156629
0.00289192
0.0190696
0.0101071
0.0014413
0.00340055
0.0101993
0.00440498
0.0229274
0.0065365
0.00444595
0.00871708
0.00940382
0.00253698
0.000106677
0.0138458
0.00645455
0.00661913
0.00617402
0.0141361
0.00471933
0.00738119
0.00599376
0.00284612
0.013117
0.00262659
0.815647
0.0069045
0.00564002
0.00277804
0.883995
0.00686868
0.006984
0.00250981
0.0105953
0.0149366
0.00345645
0.0104726
0.0141449
0.000470455
0.00735326
0.0021045
0.00827165
0.0315952
0.0033981
0.00028636
0.00731524
0.000913759
0.0155384
0.0471841
0.00754151
0.00404465
0.00213573
0.00171305
0.00769552
0.0163986
0.00642507
0.00576502
0.00969444
0.022251
0.00506837
0.0157378
0.0164764
0.0072738
0.000675065
0.00758725
0.000740685
0.00725111
0.00152608
0.0137295
0.00190049
0.00197346
0.0145249
0.00702069
0.00518181
0.00108835
0.00762408
0.000275697
0.0027299
0.0141048
0.00668
0.00837491
0.00438972
0.00692272
2.13992e-06
0.00794055
0.00146993
0.0103281
0.00815862
0.0142296
1.05902
0.012992
0.00189692
0.0122611
0.0116147
0.0205465
0.0141196
0.0145452
0.0060658
0.0140365
0.0135352
0.0303925
0.00486943
0.0074062
0.000527314
0.00865042
0.0215293
0.00919482
0.00962571
0.00166351
0.00474797
0.00964407
0.00815235
0.000280469
0.00636417
0.0107284
0.0233387
0.014883
0.00758675
0.020359
0.00400864
0.0078376
0.00304233
0.00731507
0.00250074
0.0101844
0.00533889
0.00648887
0.0171642
0.00976993
0.00266666
0.0140245
0.00453168
0.000475449
0.0123959
0.0155997
0.0202823
0.00128657
0.00171654
0.00131645
0.0272844
0.0118767
0.00406832
0.00987659
0.0101706
0.0105345
0.00198716
0.0210822
0.0195748
0.000429126
0.0111453
0.00770222
0.000698416
0.00851673
0.00900367
0.000385642
0.00440689
0.0106486
0.000804412
0.000613172
0.00977866
1.06305
0.00180576
0.000577909
0.00518808
0.0137224
0.0161532
0.00527657
0.00663181
0.0025063
0.00142588
0.0328915
0.0150039
0.00433573
0.00269441
0.00335465
0.00490564
0.00745393
0.00415429
0.00308542
0.00233645
0.0253586
0.00051948
0.00512256
0.0291179
0.00284341
0.0117931
0.0191572
0.011551
0.00691897
0.00352558
0.0122436
0.608172
0.00197453
0.016903
0.0120711
0.0126246
0.0115174
0.00797724
0.0163052
0.00402224
0.0122022
0.00640631
0.000973399
0.0347194
0.00104172
0.00736355
0.00230307
0.00586114
0.0034628
0.00758951
0.003863
0.0102788
0.00913363
0.0152906
0.00788601
0.00745682
0.000537505
0.00603947
0.00272943
0.00459047
0.00322146
0.0102114
0.00562235
0.0155798
0.0226002
0.000406061
0.0160258
0.004278
0.00655681
0.00752936
0.00892594
0.0115941
0.0119555
0.0169533
0.0117478
0.010856
0.0155381
0.00472845
0.0167531
0.00605466
0.010306
0.00194512
0.0107386
0.00123804
0.0013289
0.00528807
0.00153036
0.0106613
0.0444283
0.000258718
0.00897555
0.014529
0.00375671
0.00508338
0.011723
0.00228656
0.0521433
0.00112288
0.0172443
0.00475879
0.00433803
0.00350842
0.0111797
0.0208719
0.00340962
0.00859412
0.0179235
0.0130628
0.0151243
0.754788
0.00490592
0.00333574
0.0039937
0.00280588
0.0143183
0.024582
0.00531708
0.031396
0.00307294
0.00600553
0.015907
0.0109565
0.0057864
0.00279051
0.0174767
0.00224323
0.00131667
0.003492
0.00708567
0.000615162
0.0136102
0.014926
0.00491981
0.0158383
0.00336986
0.00730655
0.0116909
0.015254
0.00449227
0.00847687
0.0155865
0.00167171
0.0265975
0.00177405
0.0035515
0.0011511
0.0126096
0.0142522
0.0116898
0.00466922
0.0116747
0.00245127
0.0079106
0.00449987
4.95502e-06
0.0154941
0.00793207
0.00448549
0.000991076
0.00541425
0.0123455
0.00582245
0.00033918
0.00140509
0.00552744
0.00404
0.00372098
0.00792652
0.00245115
0.00504298
0.00269522
0.473738
0.0100698
0.00186448
0.00189068
0.509302
0.00805891
0.00458919
0.660294
0.00557983
0.00229488
0.00726597
0.0039077
0.00215232
0.00422266
0.740372
0.000424011
0.0100884
0.0127451
0.00545689
0.000919124
0.00677063
0.0052397
0.00264999
0.00216713
0.836302
0.00109939
0.571802
0.00906503
0.0110538
0.00242535
0.000744019
0.0116369
0.0144472
0.00164816
0.00487063
0.012837
0.00568808
0.0156467
0.000564625
0.0205421
0.00448862
0.0174908
0.00449314
0.00419233
0.00473644
0.0102403
0.00574003
0.00448708
0.00422258
0.00150674
0.0110101
0.00850313
3.40241e-05
0.00288852
0.00777552
0.00353415
0.0102074
0.00387149
0.000161127
0.000347643
0.00193006
0.01848
0.000398881
0.00280102
0.00391694
0.00173392
0.0013555
0.678807
0.00295918
0.00885149
0.0058155
0.00980364
0.00509652
0.00120631
0.00440216
0.00692591
0.00425378
0.000806025
0.049582
0.0513663
0.00246935
0.00507342
0.0068034
0.0146145
0.00701895
0.00954332
0.00651677
0.00180752
0.00832049
0.0180826
0.000748354
0.0231178
0.0049512
0.0146635
0.00652986
0.00261442
0.00683735
0.00291402
0.00588413
0.0162515
0.00787234
0.0038917
0.0444351
0.0163627
0.0101781
0.00157742
0.0076709
0.0067934
0.00743687
0.0069206
0.00115951
0.0106522
0.012281
0.0130401
0.00312563
2.56181
0.00254361
0.0235386
0.645192
0.0060008
0.00187565
0.00731732
0.00837009
0.00358729
0.00445822
0.00516576
0.00643015
0.765038
0.0134823
0.0138266
0.00261906
0.00777438
0.0521456
0.00786222
0.00244306
0.024998
0.602272
0.000507393
0.00247351
0.000844567
0.00586029
0.0299018
1.63144
0.00535244
0.0112288
0.0172476
0.0447258
0.00941138
0.0242514
0.00288405
0.0351221
0.00575052
0.000776414
0.000780075
0.00703385
0.00342703
0.00384979
0.0016584
0.00913003
0.00142546
0.765692
0.00355814
0.000861661
0.0246668
0.00541959
0.00836834
0.0128517
0.00549577
0.684453
0.00437079
0.0018915
0.00184246
0.524654
0.0108182
0.0016334
0.00060428
0.00199319
0.00167917
0.0204727
0.00402185
0.00240508
0.0296279
0.00842173
0.00127325
0.00842811
0.00645373
0.0134239
0.0153182
0.0366374
0.014845
0.00815979
0.0129265
4.54769e-05
0.0116175
0.00244575
0.00123103
0.0114384
0.0114853
0.0185114
0.000863618
0.0043508
7.33546e-05
0.0234716
0.0202251
0.0069592
0.00809165
0.0116834
0.0190063
0.0184422
0.00347196
0.034877
0.00493878
0.00956203
0.0083597
0.00593553
0.0145821
0.00146422
0.0111621
0.00211302
0.00933879
0.0256975
0.00872051
0.0169674
0.00904154
0.0106317
0.00177446
0.00219339
0.00965741
0.00620603
0.00493286
0.0107511
0.00705977
0.00341202
0.017037
0.00957636
0.00354447
0.00372182
0.00744243
0.00522313
0.00944763
0.00398783
0.00834665
0.0119793
0.0193119
0.0177726
0.00232204
0.00115257
0.00185084
0.0117956
0.00467363
0.62989
0.00442936
0.00368682
0.00581071
0.0241719
0.000813273
0.00462774
0.0327359
0.00960255
0.00500287
0.00501238
0.00793358
0.00344145
0.00360963
0.00332634
0.00321863
0.00539195
0.00256324
0.0111178
0.00478424
0.00557613
0.00289037
0.0378159
0.0310203
0.00582701
0.0250223
0.0125193
0.0250569
0.00257104
0.00147176
0.00542484
0.0026222
0.0122003
0.00520135
0.0305929
0.0021471
0.00490814
0.00245584
0.0144296
0.00265416
0.000343466
0.00928983
0.00959215
0.0124249
0.0168323
0.0247853
0.00397684
0.0117538
0.0187954
0.0161879
0.000988833
0.00879097
0.00523154
0.00391423
0.00997026
0.00518407
0.000803868
0.00795553
0.0109685
0.0266066
0.00640818
0.0166888
0.0141015
0.00123842
0.0102363
0.0235765
0.0032041
0.00760034
0.00537232
0.0345637
0.00206738
0.0143189
0.0202061
0.0116878
0.0184396
0.0251574
0.011172
0.00376963
0.0146508
0.00529573
0.00158206
0.00615374
0.00687586
0.00200585
0.00458507
0.00407404
0.336831
0.00878515
0.498157
0.0142772
0.00578516
0.00174001
0.00508529
0.00168873
0.00163858
0.00900202
0.0101162
0.024611
0.00701559
0.00264673
0.00695448
0.726166
0.00468503
0.0019126
0.00590083
0.00223775
0.000549569
0.00310085
0.0045596
0.00213425
0.0123422
0.00319513
0.0229781
0.00366452
0.00546558
0.00168435
0.00134964
0.0090735
0.00987951
0.00460716
0.00917535
0.0107088
0.0104955
0.00272713
0.00477337
0.00323383
0.0153157
0.0147434
0.0153365
0.00231742
0.00353875
0.00559653
0.00164829
0.00539831
0.00856643
0.00129818
0.0162972
0.0144969
0.0373214
0.0211135
0.0639418
0.00767492
0.0228042
0.0135771
0.0327184
0.00977607
0.0115304
0.0186348
0.00535151
0.0125901
0.0170235
0.00690675
0.00690271
0.0273851
0.00709116
0.00891593
0.0123272
0.010861
0.00737756
0.0019286
0.00423036
0.00199779
0.00125919
0.00391278
0.0135044
0.0133525
0.0126841
0.00041373
0.00136039
0.0278136
0.00555669
0.000274144
0.0380882
0.0128005
0.0233822
0.00514947
0.0145821
0.00657826
0.0119919
0.00944389
0.0045399
0.0120251
0.0061393
0.00434426
0.0069888
0.0119553
0.00116937
0.00443514
0.00226213
0.0125834
0.0128355
0.258603
0.0105754
0.00186639
0.0133632
0.00655609
0.0207476
0.00849864
0.00597331
0.00692076
0.0121841
0.000486494
0.00416253
0.0121109
0.000992631
0.000539272
0.00461937
0.542045
0.0212356
0.0087543
0.0110205
0.00986838
0.0177273
0.00303829
0.00776406
0.0128159
0.00355112
0.00641941
0.012848
0.000403214
0.00439092
0.00380432
0.0127986
0.915653
0.0202623
2.65538e-05
0.00491179
0.00566816
0.000826817
0.00434143
0.0017237
0.023678
0.000462531
0.00783795
0.00692726
0.00222318
0.0151134
0.0376367
0.027645
0.0172157
0.00211329
0.00393757
0.00533377
0.0144263
0.00335344
0.000104501
0.368504
0.00495808
0.00169403
0.00440274
0.00592728
0.0140252
0.00034183
0.0125153
0.000548752
0.00575349
0.0144413
0.016525
0.00127683
0.0106118
0.00602561
0.00700028
0.0337116
0.00439412
0.0108078
0.015074
0.00365229
0.00803234
0.00588803
0.0268429
0.00766118
0.00601169
0.00080164
0.00562471
0.0107497
0.0120179
0.000108851
0.00500873
0.00469595
0.00598223
0.0043246
0.000693819
0.00991109
0.0149834
0.00703939
0.00492538
0.00280415
0.00778161
0.00365348
0.00512728
0.0011169
0.0037052
0.00392347
0.0124707
0.00261772
0.0073403
0.0262776
0.00603966
0.00178423
0.0160573
0.00535954
0.00336259
0.00381249
0.00659702
0.83372
0.00451645
0.0121981
0.00149436
0.00546282
0.0111679
0.00880245
0.00200464
0.00632798
1.26294
0.0134184
0.0124949
0.81049
0.0176184
0.00151032
0.00531852
0.0179194
0.00911029
0.00958276
0.0129057
0.00874599
0.042667
2.05689e-05
0.0145032
0.00542144
0.0105389
0.0188466
0.00509103
0.00474708
0.00860252
0.00449268
0.0111935
0.00418935
0.000413197
0.0123151
0.00190566
0.000731516
0.00485402
0.00205849
0.00949108
0.000410657
0.00676563
0.000128278
0.00625
0.00891833
0.00467626
0.00942642
0.000555423
0.00481007
0.0302476
0.000949919
0.00379774
0.00591153
0.00527744
0.00550922
0.0308629
0.345805
0.0258027
0.00807893
0.00181482
0.0015669
0.00243059
0.00320814
0.0011216
0.00138115
0.00781162
0.0062337
0.000916516
0.0158227
3.13105
0.000522392
0.00190435
0.000986444
0.00666812
0.0176983
0.00914582
0.00859118
0.0129722
0.050055
0.00824744
0.00291446
0.646633
0.00148086
0.0128775
0.0241806
0.0058115
0.00733902
0.00969227
0.0143435
0.0197777
0.012559
0.00113052
0.00345798
0.011953
0.0133844
0.00625302
0.00241556
0.752353
0.0169107
0.00442018
0.00523311
0.0104823
0.0161637
0.000271676
0.0126433
0.0245505
0.012096
0.0126333
0.00312341
0.0125606
0.0137933
0.765862
0.00549121
0.00798855
0.00405546
0.0441506
0.00297714
0.00442075
0.0103661
0.0113342
0.00314754
0.00208651
0.0221441
0.0241999
0.00301369
0.024139
0.00891711
0.00479626
0.00955361
0.00734862
0.00345083
0.00635952
0.00607595
0.00383999
0.000731443
0.00908866
0.00550945
0.00232592
0.00319651
0.000662457
0.00473272
0.00922474
0.00435331
0.00933772
0.0111215
0.00540192
0.00485634
0.00440056
0.00717394
0.00221813
0.00971575
0.0127226
0.0127269
0.0064145
0.00104213
0.000541949
0.00176513
0.00069694
0.0179895
0.00131824
0.00662274
0.0048595
0.0195133
0.00381374
0.0100439
0.0203634
0.00884589
0.0284501
0.00584223
0.695817
0.00594058
0.0255965
0.0147099
0.0158219
0.016034
0.016167
0.00254853
0.0142314
0.00246192
0.00221195
0.00574212
0.0175155
0.00455214
0.00898294
0.00466887
0.00667
0.0180025
0.00554606
0.00244033
0.0322481
0.000752773
0.00808494
0.0199399
0.00579023
0.000251444
0.00662903
0.00904654
0.0106847
0.00311732
0.0019118
0.623561
0.00841164
0.0157927
0.00287944
0.00518929
0.00360017
0.00611833
0.00220294
0.00173196
0.000286213
0.000887537
0.00498111
0.00822306
0.00457221
0.00382475
0.0181832
0.00570892
0.0145847
0.0167084
0.000255115
0.000382146
0.0306083
0.0145027
0.0262488
0.0110066
0.00264516
0.00460374
0.00202729
0.00437331
0.00167765
0.0031483
0.00730777
0.0109756
0.00214231
0.00806119
0.00317238
0.0114335
0.783642
0.0131461
0.0162964
0.00406694
0.0110094
0.00035018
0.000689433
0.00245517
0.000599775
0.0164807
0.00409911
0.00686329
0.000890466
0.0053963
0.0430078
0.011416
0.011882
0.00837437
0.00868015
0.0119701
0.0129226
0.0124585
0.0186146
0.000972907
0.0147484
0.00280593
0.00947735
0.00662809
0.00481272
0.54121
0.00895249
0.010128
0.0204482
0.00595084
0.00433165
0.00890018
0.000747957
0.0180533
0.0123825
0.0113181
0.00754665
0.00829041
0.00158997
0.00852273
0.000953617
0.00231071
0.00445147
0.0169794
0.000683119
0.640776
0.00366486
0.0022632
0.00428553
0.00299018
2.25215
0.00335774
0.00921868
0.00210203
0.00719966
0.00343371
0.00252997
0.00025143
4.54415e-05
0.000273054
0.000886997
0.00220629
0.589943
0.793878
0.012333
0.00141111
0.00707231
0.019003
0.00173012
0.615785
0.0110393
0.0165529
0.00365281
0.00690236
0.0101728
0.00923427
0.00262927
0.00311879
0.731095
0.00777694
0.00260525
0.0226002
0.00441702
0.00435381
0.00278992
0.00770602
0.00139471
0.00226124
0.82942
0.00356281
0.00540059
0.00994281
0.00404359
0.0047247
0.00522193
0.0174576
0.00809554
0.00109119
0.0010563
7.23346e-05
0.0056186
0.00623289
0.00982153
