0.0445999
0.0988874
0.0976326
0.0607931
0.195969
0.117057
0.0879019
0.137251
0.17165
0.0332384
0.0979184
0.10986
0.0781656
0.123968
0.0962877
0.0439241
0.0351621
0.0628755
0.0917283
0.062728
0.103298
0.108226
0.124402
0.0813692
0.157798
0.0592755
0.165311
0.128365
0.0558636
0.166217
0.0325502
0.0479971
0.159886
0.10996
0.0890096
0.168348
0.0237062
0.0949546
0.0637761
0.131714
0.0478887
0.0297185
0.0641445
0.0914511
0.141218
0.059492
0.172475
0.0742577
0.151205
0.0984292
0.142332
0.0304597
0.123314
0.106684
0.0833635
0.0591021
0.0743172
0.151916
0.112396
0.0584708
0.12301
0.154997
0.141263
0.105197
0.16576
0.177058
0.0881112
0.032426
0.0753104
0.111012
0.170361
0.147546
0.100657
0.131037
0.064483
0.0860801
0.0675154
0.122761
0.0321623
0.0585333
0.185997
0.134828
0.062047
0.023149
0.10853
0.0518899
0.117431
0.0359683
0.0770264
0.115501
0.1745
0.0399592
0.0665709
0.0410464
0.0934818
0.161885
0.119967
0.157861
0.0889858
0.127387
0.0850392
0.118238
0.191865
0.0764564
0.11251
0.0947858
0.0852355
0.131198
0.183075
0.108189
0.0916009
0.0770602
0.109457
0.0677488
0.0958298
0.0601229
0.101313
0.129027
0.157832
0.0666019
0.0845161
0.0488509
0.14983
0.0341815
0.136264
0.0176897
0.148532
0.137444
0.183366
0.11719
0.118517
0.0342075
0.0529509
0.0531456
0.177185
0.0869099
0.0979844
0.0843488
0.0460035
0.152791
0.0592437
0.240172
0.17249
0.129657
0.0959661
0.190867
0.102352
0.167135
0.0894813
0.106127
0.0584572
0.115446
0.098017
0.153063
0.0826556
0.101792
0.116566
0.115377
0.0711378
0.0991817
0.17096
0.0591175
0.159115
0.0969807
0.0461297
0.0454422
0.0473545
0.107559
0.114423
0.132619
0.123414
0.192939
0.0891191
0.159661
0.0768873
0.0568754
0.0826062
0.0471433
0.0973471
0.142402
0.0645201
0.119594
0.0483996
0.142791
0.131547
0.0846318
0.0875628
0.0478233
0.128293
0.114732
0.127218
0.142669
0.0918053
0.0809903
0.160537
0.105572
0.0787288
0.041564
0.169214
0.22862
0.0317213
0.0875558
0.0543796
0.0170852
0.0765978
0.157589
0.0764798
0.10839
0.106557
0.110856
0.0572943
0.212505
0.178209
0.121241
0.0554528
0.0218771
0.0881647
0.122079
0.0690612
0.139356
0.124426
0.0411539
0.145351
0.0524548
0.132715
0.0819393
0.0498536
0.0919934
0.00731186
0.10299
0.0976141
0.154632
0.121258
0.113919
0.0602479
0.144
0.140013
0.167222
0.137507
0.12751
0.0489426
0.0329414
0.160255
0.0404405
0.0538906
0.0637944
0.0596736
0.161939
0.107933
0.103003
0.203956
0.0545226
0.0922069
0.109441
0.0839829
0.102947
0.082537
0.12936
0.0577771
0.139255
0.116874
0.071502
0.122412
0.0827915
0.0255487
0.10363
0.027792
0.160349
0.168641
0.12642
0.080172
0.173896
0.00566813
0.101434
0.0802561
0.109977
0.113353
0.0807022
0.0895079
0.0898015
0.149013
0.150186
0.0866026
0.0832653
0.113033
0.0962406
0.0728069
0.193033
0.141864
0.148437
0.0862394
0.141255
0.0543779
0.183229
0.161533
0.0605036
0.192059
0.132144
0.0753498
0.116343
0.0653714
0.0726527
0.186279
0.206839
0.0627812
0.0502169
0.160566
0.103802
0.0756301
0.114644
0.123272
0.0537695
0.0888522
0.0704604
0.155112
0.104856
0.10316
0.0208784
0.0945802
0.0757206
0.149456
0.0409659
0.0310149
0.0930671
0.110024
0.14608
0.0527204
0.171269
0.176632
0.095158
0.0372242
0.024396
0.192956
0.0864441
0.0573664
0.121378
0.0921219
0.137811
0.110741
0.108573
0.120774
0.0465404
0.0226131
0.0924411
0.122203
0.0446414
0.187228
0.142437
0.128245
0.0978029
0.166019
0.0608686
0.127913
0.0776686
0.101343
0.141599
0.0654401
0.0627995
0.0634625
0.125913
0.236317
0.0840626
0.16948
0.0568836
0.0961558
0.0805863
0.0791422
0.111098
0.143076
0.0847367
0.164257
0.104676
0.0739765
0.0770579
0.119356
0.0994266
0.123108
0.150211
0.11984
0.132316
0.0613043
0.115338
0.104763
0.0983978
0.128507
0.102743
0.0720941
0.117476
0.120999
0.174972
0.0596577
0.045434
0.0956183
0.111149
0.0291328
0.108159
0.122689
0.107139
0.0232237
0.0469996
0.11741
0.0675035
0.0852322
0.138456
0.0579992
0.0952157
0.0114886
0.0741155
0.178782
0.0586491
0.0564404
0.10008
0.136942
0.0522713
0.0552087
0.120167
0.0910623
0.0727452
0.123404
0.0411201
0.0564046
0.193542
0.0255349
0.0989949
0.0782239
0.0773177
0.066258
0.0937586
0.145052
0.0405504
0.0572205
0.121286
0.124611
0.0573251
0.132404
0.133751
0.0499817
0.137896
0.203233
0.0257955
0.0806338
0.116091
0.040841
0.131814
0.0990909
0.178712
0.104401
0.0939657
0.0737295
0.137425
0.0554844
0.0365937
0.020737
0.136609
0.125842
0.0767156
0.0293028
0.0443403
0.110362
0.143501
0.0941934
0.111033
0.107732
0.0575171
0.0879823
0.0615536
0.137888
0.115501
0.125822
0.135086
0.0449737
0.156408
0.131063
0.144657
0.178022
0.186221
0.0122787
0.169196
0.121756
0.164765
0.080475
0.183125
0.0539661
0.0658381
0.0362907
0.126765
0.0458586
0.0970071
0.0972744
0.126327
0.192369
0.0997689
0.105558
0.119921
0.102444
0.075462
0.131893
0.125994
0.0525561
0.118632
0.130474
0.0321298
0.0284104
0.120061
0.129745
0.107445
0.0316439
0.0986379
0.0254713
0.038702
0.208846
0.126594
0.0695979
0.123653
0.0851701
0.207103
0.101654
0.0828731
0.0994474
0.145219
0.0597784
0.126317
0.0580516
0.0688889
0.0639639
0.0598767
0.116802
0.169573
0.115454
0.0314158
0.0565889
0.0972826
0.0353713
0.0695788
0.148598
0.12558
0.104349
0.112718
0.160635
0.0956045
0.0617808
0.0748011
0.125414
0.0789197
0.0918426
0.169016
0.0461426
0.113207
0.0595129
0.170533
0.152039
0.112254
0.224358
0.0708465
0.119234
0.092092
0.146352
0.106947
0.048315
0.035757
0.0156493
0.0507027
0.13304
0.0652709
0.141668
0.192677
0.0570416
0.0361813
0.0911775
0.0786904
0.141807
0.177429
0.0664001
0.128979
0.144201
0.048426
0.110924
0.15505
0.104442
0.0905714
0.120899
0.0575368
0.14778
0.00979872
0.170222
0.115109
0.123783
0.124445
0.136008
0.130126
0.0619709
0.109648
0.0935377
0.171996
0.0784485
0.0640269
0.0821205
0.157473
0.101816
0.0966244
0.158252
0.0509917
0.139247
0.0530229
0.0303243
0.0338741
0.13138
0.0967139
0.0857026
0.141202
0.0471573
0.110798
0.109108
0.160031
0.109254
0.102685
0.142146
0.0296577
0.147114
0.12046
0.120644
0.10101
0.105252
0.121567
0.153952
0.0846023
0.0803663
0.143208
0.106623
0.079764
0.106012
0.0734858
0.126607
0.0600727
0.107028
0.196304
0.0777814
0.0394955
0.157418
0.183174
0.070504
0.128426
0.0561061
0.0299255
0.131647
0.159367
0.0882382
0.0679092
0.0854967
0.166671
0.0254446
0.205667
0.086759
0.0610247
0.103003
0.0524285
0.14487
0.0943005
0.0979683
0.072809
0.0611337
0.141866
0.119693
0.101677
0.107743
0.0970086
0.134846
0.0629698
0.119787
0.0783943
0.0963842
0.0700418
0.0906513
0.156667
0.0609055
0.117796
0.0659884
0.122508
0.00950169
0.0944778
0.104124
0.233944
0.164877
0.110911
0.125052
0.135617
0.123896
0.188542
0.144565
0.103899
0.0964477
0.11656
0.0856978
0.0999052
0.0308934
0.0596018
0.0797341
0.105976
0.106688
0.052136
0.0577939
0.0579354
0.0889161
0.0961164
0.0562308
0.0892633
0.0728058
0.0881597
0.0586761
0.0369855
0.106266
0.0966955
0.133032
0.0888801
0.108253
0.0665953
0.114473
0.0391166
0.0658385
0.110896
0.133665
0.0745658
0.0930718
0.132116
0.106953
0.170933
0.120658
0.100402
0.0568677
0.110877
0.0914724
0.0498498
0.051288
0.122811
0.05372
0.101274
0.0567043
0.117309
0.0575259
0.04337
0.0940348
0.11787
0.0922502
0.131846
0.0585608
0.0398018
0.120522
0.0878097
0.117861
0.126357
0.176976
0.137271
0.05167
0.0866152
0.0660354
0.0647246
0.0772783
0.176698
0.0856187
0.139197
0.114121
0.0893822
0.119047
0.0679619
0.140443
0.104957
0.0699211
0.122784
0.143522
0.0777395
0.0605869
0.153821
0.123611
0.0771433
0.0882741
0.127844
0.137281
0.0931162
