2.04943
0.902072
1.2677
1.30826
0.790399
0.880488
1.37438
1.67433
1.39651
1.56748
1.68895
1.74262
1.31089
1.34308
1.50937
1.30753
1.24757
0.909895
1.35275
1.89171
1.83747
0.755701
1.69619
0.806347
1.24297
1.45919
1.56259
0.906128
1.03164
1.71288
0.913702
1.06098
1.52352
1.33716
1.33046
1.3096
1.27413
1.61537
1.23057
1.41016
0.857238
1.30938
1.99376
0.848463
2.00189
0.901185
1.68778
1.95243
1.87993
1.29342
1.40059
1.70786
1.55185
0.899886
1.67066
1.33484
0.700541
0.848974
1.14944
1.00405
2.46911
1.02998
1.62535
1.37023
1.41164
1.60837
0.807373
1.37811
0.909244
1.37229
1.37431
1.44666
1.58806
1.34867
1.15819
1.17382
1.16349
1.04487
1.32333
1.36013
1.70107
0.892755
1.23526
0.803878
1.41283
0.929621
1.29575
1.57817
2.39711
0.904276
1.81351
1.31356
1.53647
1.29598
1.57847
1.13046
1.97786
2.90303
1.35455
1.73066
1.68741
1.49925
1.27181
1.45403
1.87207
1.45281
1.53508
1.24416
1.82743
1.41521
1.92211
1.43946
1.80636
1.63093
0.90834
1.69207
0.893647
1.29137
1.66046
1.38797
1.85962
1.66616
1.31078
1.38983
1.65776
1.25417
0.933902
1.14538
1.30516
1.44472
1.71206
1.61919
1.63152
1.14918
1.07492
1.06792
0.763537
0.812124
1.23813
1.57378
1.60098
0.853629
1.41039
0.98764
0.901826
1.5297
0.881272
1.17412
1.00657
1.0144
0.776879
0.925353
1.21592
1.88778
1.0141
1.40199
1.3634
1.06459
0.990858
1.05227
1.76267
0.875145
1.1892
0.933546
1.29682
0.986689
1.04412
1.03791
1.21502
0.896397
1.00594
0.901442
0.95796
1.20804
1.29227
1.0476
0.860945
0.884532
1.16761
1.32331
1.30721
1.29921
1.16375
1.04986
1.60633
1.26332
0.961402
1.18051
1.33044
1.5459
1.27797
0.953965
1.00165
0.954589
0.789865
1.13818
0.766072
0.968068
1.26973
1.86343
0.917623
1.3973
1.12324
1.28757
1.36435
0.989373
0.93902
1.35094
1.10777
1.25368
1.03476
1.29085
0.934752
0.904638
1.05983
1.12252
1.00159
0.994131
1.26092
1.06852
1.17095
0.960799
1.18303
0.986434
2.05333
1.30585
0.952362
1.04115
0.960103
1.42137
1.24287
1.23377
1.08809
1.24464
0.83311
0.93552
0.969473
0.98277
1.18207
1.15523
1.00097
1.15152
1.21854
1.28027
1.48576
0.89577
1.15982
0.991814
1.02205
1.26394
1.06935
3.62219
1.1837
1.34853
0.896424
1.40333
1.31984
3.71919
1.39901
1.45773
1.17257
1.19487
1.39846
1.32135
1.36176
0.774719
1.09882
1.12849
0.792111
1.69613
0.69069
1.12009
1.81242
1.14279
1.33301
1.41505
0.873456
2.0725
1.39729
1.47777
1.11243
2.06845
1.18797
1.21692
1.55858
1.30314
1.5116
1.42042
1.28951
1.26326
1.43521
1.54419
1.26255
1.34637
1.34531
1.46257
1.18733
1.77381
1.53337
1.22512
1.22013
1.1442
1.68348
1.13841
1.72734
1.335
1.77826
1.58388
0.943858
1.177
0.891593
1.00543
1.68365
1.21402
1.26986
0.775156
1.82377
1.08982
1.05096
0.80845
0.815663
0.7766
0.661418
1.39509
1.43588
1.26164
1.36203
0.939621
1.4908
1.51267
1.99403
0.878842
1.35171
1.11021
2.31428
1.41928
1.65219
1.15259
1.61314
1.82107
1.46569
1.6707
1.23513
1.18941
1.2878
1.81115
1.6611
1.37949
2.09307
1.36984
1.47165
1.47943
1.49093
1.45626
1.10868
1.38588
1.71166
1.30976
1.24602
1.36461
1.64813
1.6436
1.50033
1.26455
1.77985
1.48147
1.59849
1.77268
1.2793
1.42441
1.61446
1.43635
1.77393
1.53932
1.45142
1.20068
1.07829
1.30157
1.23073
1.62805
1.58843
1.8541
1.46213
1.47003
1.41552
2.05593
1.50137
1.85832
1.80894
1.52342
2.02073
0.778554
1.70306
2.78006
1.19413
1.88723
1.22081
1.52848
1.5316
1.29258
1.27529
1.88451
1.47673
1.88001
1.32548
1.54221
2.18539
1.61857
1.69716
1.68461
1.27615
1.38003
1.30619
1.46041
1.48117
1.80036
1.83569
1.76966
1.53208
1.87825
1.46257
1.81373
1.30896
1.22081
1.89336
1.89895
1.13943
1.47192
1.53534
1.29776
1.28921
1.25771
1.69361
1.75037
1.43878
1.32497
1.61062
1.75445
1.64148
1.8518
1.84096
1.46021
1.19795
1.30456
1.29661
1.36742
1.70603
2.05717
1.38622
1.20119
1.52188
1.36254
2.0941
1.68209
1.28077
1.61255
1.61263
1.85084
1.21409
1.86334
1.54976
1.32095
1.55996
1.47902
1.09306
1.32561
2.26876
1.346
1.11834
1.28848
1.27923
1.79128
1.39116
1.34687
1.5508
1.21118
1.34609
1.55745
1.4077
1.09011
1.25095
1.32023
1.80729
1.45798
1.63295
1.42058
1.07591
1.64247
1.40031
1.4433
1.78646
1.21383
1.57601
1.3824
1.69195
1.2959
1.40342
1.28643
1.47294
1.22621
1.38885
1.57362
1.93503
1.4272
1.32012
1.69293
1.3858
1.59217
1.17964
1.47797
1.23304
1.7495
1.17772
1.85077
1.1714
1.22882
1.39962
1.51562
1.99799
1.38367
1.31921
1.51246
2.14706
1.9254
2.90996
1.78064
1.31164
3.22947
1.51506
1.51003
1.79519
1.38879
1.99786
1.28644
1.52939
1.37244
1.31122
1.51204
1.311
1.56073
1.5622
1.05237
1.15725
1.33036
1.18473
1.58151
2.35466
2.54754
1.59484
1.64581
2.11117
1.34463
1.20272
1.23795
1.15469
2.48767
1.43647
2.24497
1.41188
1.26943
1.13588
1.69132
2.2913
1.33227
1.83005
1.46389
1.23306
1.57433
3.09506
1.43641
1.21987
1.01779
2.27306
1.45923
2.90209
1.39326
1.18082
1.86675
1.21516
1.62509
1.87203
1.33598
1.27558
1.01963
1.94021
1.32922
1.32753
2.5317
1.15691
1.92143
2.40864
1.2521
2.16863
2.13091
1.32044
2.93191
1.43069
1.39659
1.70411
1.88375
1.53682
1.53369
1.29386
1.3369
1.09151
2.15425
2.78899
1.43169
1.43077
1.1169
1.30117
1.45099
2.13668
1.29259
1.22295
1.43602
1.92371
1.31769
1.07645
1.28298
1.2848
1.19419
1.64466
1.27697
1.07171
2.67618
1.30733
1.58572
1.31544
1.60552
1.38896
1.1805
1.11918
1.66864
1.37046
1.19463
1.08943
1.95953
1.30996
1.21866
1.24453
1.30106
0.859429
1.5969
1.56184
1.49644
1.33632
2.45743
1.26721
1.68556
1.24182
2.04638
1.92154
2.32853
1.19832
1.73029
1.47291
2.37843
1.45144
1.6714
1.72865
1.62685
1.36322
1.59623
0.986218
1.63642
1.99782
0.961029
1.81281
1.85069
1.23563
2.12508
1.31163
1.6846
1.06278
1.31733
1.99022
1.62637
1.43358
1.60165
1.67652
1.69721
1.76268
1.40519
1.21273
1.60876
1.89245
1.8605
1.73829
2.05441
1.68896
1.29019
1.83921
1.43857
1.42777
1.73676
1.61802
1.56828
1.51183
1.33198
1.73266
1.83336
1.4542
1.56111
1.34484
2.27691
1.28146
1.35158
1.09059
1.74615
1.51848
1.55719
1.48126
1.69804
1.42843
1.67841
1.50045
1.25992
1.06323
1.66432
1.33561
1.60287
1.4091
1.69859
1.52802
1.34266
1.27956
1.24005
1.75862
1.86586
0.870549
1.65111
1.3687
1.46001
1.61605
0.707353
1.40177
1.95368
1.83541
1.12387
1.59765
1.67395
1.82842
1.78961
1.36408
1.46293
1.24817
1.68469
1.44202
1.89394
1.78044
1.33981
1.88948
1.29004
1.95422
1.4376
1.81042
1.47663
2.10166
1.65093
1.85829
2.09037
1.5152
1.57498
1.42895
1.629
1.3255
1.38624
1.55135
1.61928
1.32566
1.61409
1.69108
1.72182
1.686
1.70683
1.27739
1.55055
1.62469
1.12074
0.943968
2.01375
1.60751
1.75557
1.94735
1.19673
1.83666
1.77531
1.49147
1.7528
1.71352
1.4268
1.737
1.43561
1.53083
1.19583
1.56749
2.36513
1.40996
1.84017
1.72244
1.44027
1.19913
2.02184
1.72731
1.77188
1.42468
1.5112
1.62399
1.42507
1.71666
1.4318
1.37566
2.26019
1.86911
1.56616
1.7104
1.31788
1.49106
1.99401
1.17237
1.81826
1.18076
0.98005
1.4201
1.42581
1.60975
2.46628
1.20573
1.64375
1.32886
1.7887
1.20748
1.50036
2.30593
1.27172
1.85018
1.05371
1.81064
1.23821
1.71618
0.931596
1.78944
1.24769
1.73242
2.00674
1.71057
1.39953
1.73584
1.94501
1.55938
1.60477
1.96317
1.25256
1.36349
1.54935
2.47767
1.21707
1.29613
1.25386
1.44837
1.85312
1.50034
1.47588
1.64278
1.41257
1.67613
2.05759
1.12919
1.6727
1.58719
1.57053
1.03483
1.32066
1.91154
1.54557
1.40019
1.63996
1.41959
1.78242
1.68313
0.982329
1.35882
1.79915
2.04434
1.8871
2.08696
1.87905
1.3121
1.50705
1.29374
1.75103
1.90621
1.79706
1.50352
1.77622
1.31779
1.67032
1.35831
1.65054
1.45655
1.9413
1.23057
2.50238
1.90495
2.26667
1.02503
1.40341
1.71983
1.5763
0.981177
1.64129
1.5563
1.78613
2.19513
0.916839
1.5291
1.62584
1.13859
1.45054
1.70316
1.47015
1.58808
1.50708
1.55721
1.15244
2.47512
1.69375
1.93719
1.70703
1.52258
1.53207
1.86574
2.41583
1.89029
1.53813
2.8166
1.45275
2.15381
2.62678
1.63579
3.26414
1.77915
1.46554
2.04513
1.17372
1.78597
1.83639
1.87951
1.89831
1.15974
1.75762
1.50706
1.98157
1.79589
1.40996
1.62838
1.49592
1.35929
1.76414
1.46827
1.25579
1.36705
1.26002
1.88202
2.70322
1.79121
1.28446
1.54628
1.58332
1.76075
1.45476
1.80193
1.75063
1.49412
1.53351
1.21668
1.43077
1.81408
1.70283
1.69588
1.6577
1.29149
1.15096
1.46089
1.29991
1.70786
1.7475
1.85078
1.74411
1.33906
1.4752
1.79807
1.39389
1.34369
1.63097
1.62954
1.237
1.21665
1.28942
1.68016
2.80813
1.69274
1.55623
1.32157
1.56621
1.53834
1.60075
1.8934
1.37591
1.46566
1.3219
1.25248
1.43387
1.48842
1.64256
1.46851
2.82632
1.83828
2.0761
1.46489
2.03726
1.44364
1.80901
1.28122
1.26419
1.47778
1.3404
1.95627
1.66673
1.57821
1.17299
1.29633
1.87857
1.72781
1.61003
1.58358
1.18242
1.64368
1.37545
1.48942
1.97564
3.03806
1.30102
1.57473
2.4978
1.76711
3.12829
1.34836
2.60389
1.60076
1.32125
1.37732
2.73974
1.80123
1.3452
1.21658
1.98156
1.46666
2.00208
1.41096
2.10029
1.99845
1.32582
1.60811
1.58773
1.63075
1.59786
1.34553
1.66551
1.91544
1.51087
1.68077
1.27804
1.75617
2.00018
1.69394
1.24717
2.11425
2.0218
1.69236
1.75264
1.43693
1.62673
1.79374
1.23392
1.29601
2.8097
1.85327
1.44788
1.858
1.45376
1.77912
1.4278
2.59336
1.61395
1.52884
1.56415
1.78597
1.40607
1.77845
1.64934
2.20839
1.71605
2.08413
1.34569
1.51544
2.29872
2.00914
1.48714
1.89441
1.86132
1.94523
1.71766
1.95332
1.88324
1.74635
1.63614
1.99004
1.88677
2.56363
1.99042
2.42574
1.93269
2.65025
2.11797
2.64747
2.42691
2.29384
2.65019
1.82187
1.65028
2.79601
2.7907
2.33097
2.14053
2.06824
2.07005
2.16082
2.05952
1.94052
2.07443
2.02286
2.09808
2.46561
2.11513
1.87876
2.47235
2.16924
1.72771
1.679
1.80062
1.60808
2.01235
3.32091
3.0969
1.74403
2.08005
2.27744
1.35126
1.67745
1.51095
1.85037
1.59522
1.69852
1.76839
1.54646
2.10381
2.15342
1.92638
1.75774
1.48
2.23201
1.51238
1.77775
1.49601
2.54923
1.26675
1.99064
1.61822
1.84509
1.55394
1.50563
1.802
1.48858
1.9952
2.24261
1.23194
1.55212
1.84516
1.452
1.83069
1.38975
1.60546
1.63094
1.08463
1.71713
1.63916
2.00212
1.47385
1.90487
1.77172
1.44581
2.48369
2.02698
1.4862
2.10474
2.47188
1.43042
1.5726
1.34278
1.90816
1.88952
1.7615
2.22188
1.50294
1.66776
1.60215
2.14193
1.60173
1.73057
1.92535
1.69039
1.61661
1.70776
1.57925
1.54569
1.48956
1.18179
2.29262
1.50083
0.905919
1.51094
1.05909
1.32421
1.22569
1.53958
1.30535
1.46233
1.10884
1.05235
0.992718
0.9577
1.60528
1.04002
1.1685
1.08306
1.25254
1.41736
1.36394
1.41943
1.13218
1.59148
1.30424
1.23562
1.08303
1.00476
1.16162
1.15025
1.38159
1.13152
1.70058
0.973981
0.993648
1.02242
1.46075
1.1398
1.72036
1.05298
1.07486
0.947201
1.52571
1.46089
1.08196
1.19036
1.43977
1.82898
1.31459
1.4919
0.776221
1.22315
1.35313
0.977701
1.13949
1.12709
1.33923
1.04646
0.954876
1.5194
1.60226
1.55044
1.08438
1.01817
1.01221
1.20293
0.996504
1.16701
1.30844
0.918371
0.794896
1.41893
1.09339
1.95733
2.32969
1.23502
0.911403
1.10438
1.09672
0.992358
1.6285
1.00646
1.39067
1.06245
1.04348
1.08541
1.37932
1.16355
1.09397
1.34242
1.35439
1.5988
1.71247
0.898385
1.70293
1.55257
1.84883
0.972389
0.781897
1.36187
1.49101
1.6837
1.7623
0.847476
1.33045
1.31774
1.73333
1.46655
1.23282
1.11226
1.41063
1.38504
1.14387
1.53337
1.19472
1.37823
1.02026
1.29664
2.17502
1.59779
2.14565
0.991268
1.67052
1.73627
1.75695
1.41312
1.4711
1.24465
1.48299
1.2199
1.52901
1.39089
1.33403
0.926473
1.03786
1.00111
1.17079
1.26976
1.04373
1.10776
2.08585
0.909568
1.01293
1.02023
1.11883
1.38114
1.10091
1.06247
1.16437
0.988066
1.33465
1.82248
1.98719
1.2731
1.78996
0.98636
1.40916
1.64839
1.38456
1.22385
1.52784
1.03038
1.85495
0.813258
1.03607
1.43803
1.9653
1.2286
1.19875
1.21751
1.06837
0.967553
1.19675
1.02695
1.01445
1.07664
1.02902
1.50667
1.39166
1.28677
1.29483
1.01319
0.973084
1.03474
1.42517
1.03934
1.06273
1.1719
1.2921
1.60757
1.35122
0.940146
1.23189
1.24636
1.24326
1.27034
1.05557
1.37057
1.05809
1.08414
0.954915
0.974617
1.35757
1.21314
0.979616
1.14571
1.9626
1.30861
1.16253
1.0078
1.33809
1.30138
1.05864
1.10253
1.00958
1.54168
0.978876
1.086
1.23312
1.036
1.28901
1.01617
0.949466
1.64314
1.12422
1.05449
0.991894
1.00262
1.0784
1.4109
0.972008
1.40703
1.0674
1.21432
1.13539
1.18966
1.64362
1.14047
1.00432
1.28798
1.21154
1.16385
1.2793
0.981056
1.2444
1.32184
1.97654
1.01224
1.01371
1.29194
1.00274
1.017
1.30029
1.77909
1.60997
1.66702
1.78178
1.91842
1.30091
2.20907
3.35503
3.12233
3.21759
2.86837
2.83255
1.6266
2.5899
3.5572
3.34526
3.25568
2.71217
2.73021
2.69723
2.92741
2.42064
3.07944
2.41751
1.90421
2.19951
1.81886
2.05224
2.47329
2.61312
2.33034
1.3776
1.09471
1.37255
0.985412
1.05085
1.50602
1.58923
1.07901
1.0908
0.969706
1.116
1.50867
2.26404
1.04681
2.5715
1.29408
2.24208
1.38351
1.40668
1.9708
1.20749
1.35719
1.64445
1.23606
1.43232
1.13405
1.28904
1.13327
2.37843
1.7932
1.09364
1.3666
1.44243
1.34466
1.78778
1.61369
1.32525
1.11845
1.48214
1.4228
1.03896
1.50077
2.08215
1.41643
1.30838
1.07221
1.20123
1.74796
2.09443
1.22548
2.12799
2.02333
1.48325
1.67694
1.78307
1.26488
1.2185
1.26911
1.56945
1.13998
1.50865
2.24504
1.25313
1.30023
1.84494
1.15788
1.31818
2.87987
1.18518
1.68507
1.36088
1.22042
1.43629
0.977865
1.27678
1.14037
1.16988
1.28361
1.08335
1.55659
2.18202
1.20244
1.38795
1.61918
1.4961
1.52576
1.38188
1.60728
1.29444
0.934269
1.25159
1.32257
2.24216
1.74468
1.38848
1.54191
1.66721
1.27673
1.54562
1.54085
1.20132
1.67206
1.17604
1.1876
1.3034
1.63257
1.1722
1.16347
1.39752
1.62571
1.09792
2.02801
2.40672
1.53804
1.63884
1.67011
1.74964
1.26769
1.74066
1.05721
1.36688
1.42377
1.3928
1.36384
1.801
1.19109
1.22268
1.37564
1.22636
1.22823
1.21822
1.31739
1.5067
1.09213
1.18732
1.17045
1.47218
1.29897
2.80883
1.75129
1.30622
1.42224
1.46071
1.95721
1.39911
1.71077
1.48279
1.26165
2.75676
1.19112
1.15012
1.23363
1.60157
1.30715
1.84499
1.7221
2.22434
1.80386
1.69406
1.387
1.03903
1.34339
2.79588
1.37525
1.28605
1.42629
1.38537
1.70358
1.37676
2.60231
1.54817
2.3041
1.61005
0.997532
1.24132
2.35311
1.51671
1.33206
1.20805
1.44595
1.50806
1.9585
1.75383
1.54339
1.43777
1.46596
2.49739
1.49476
1.43588
2.48573
1.41809
1.72431
2.56599
1.46374
1.20316
1.44649
1.79766
1.05092
1.7359
2.33068
1.08244
1.67744
1.49297
1.126
1.16611
1.46718
1.34627
1.25365
1.44449
1.62238
1.18879
1.54575
1.27403
1.43199
1.39782
1.68264
1.0725
1.56454
1.85573
1.242
1.71473
2.23849
2.00839
1.71998
1.84057
1.8631
2.47948
2.01203
1.43958
1.80729
1.84654
2.21998
2.59731
2.19897
2.15609
2.11322
2.41227
2.50865
2.05104
2.36337
1.83321
1.37027
1.9392
1.53021
2.04399
1.64644
1.77422
1.75748
1.58904
1.6789
1.42666
1.31583
1.17327
1.40038
1.66636
1.61279
1.20149
1.37075
1.43972
1.45819
1.82807
1.09074
2.48721
1.75622
1.16953
1.3469
1.47736
1.87241
2.50291
1.39095
2.00295
3.38775
1.96675
2.25713
1.69554
1.67869
2.38852
1.98459
1.43222
1.38661
3.22154
1.14422
1.44981
1.47479
2.30246
1.62902
1.63683
1.65376
1.6067
2.11751
1.43742
1.62715
1.81893
1.49186
1.51287
1.41907
1.3693
1.35681
1.70725
1.38942
1.31473
1.6267
1.1762
1.40065
1.26919
1.54873
1.21761
1.3307
1.37262
1.13692
1.34375
1.45318
1.3598
1.26073
0.968394
1.09912
2.51049
1.08787
1.14281
0.943946
1.22741
1.15983
1.33738
1.09328
1.45716
1.15817
1.06367
1.16483
1.00973
1.45102
1.26
1.54411
1.03431
0.765713
0.949778
1.00124
1.30836
1.04943
1.12717
1.16482
1.16239
1.03387
1.15858
1.29512
0.906799
1.61343
1.7461
1.14041
1.43275
1.13999
1.13414
1.24574
1.38774
1.29184
1.24766
1.60383
0.969107
1.42476
0.885933
1.06122
1.1825
1.18209
1.05509
1.56564
1.23891
1.18207
1.25669
1.35588
1.34822
0.997958
1.08829
1.09415
1.121
1.05487
1.28425
0.972898
1.11898
0.931032
1.3835
0.884166
1.13826
1.17171
1.35933
1.1545
1.68836
0.848191
1.02544
1.27441
1.34327
1.08737
1.00768
0.944734
1.17402
1.01142
1.50518
1.06365
0.857344
1.19452
1.16718
1.15428
1.10129
1.47792
1.04705
0.868223
1.07332
1.21928
1.2714
1.00297
1.12918
2.20074
1.62465
1.1358
1.24179
1.05017
2.02942
1.92783
1.72178
0.834809
1.2029
1.65366
2.22544
0.842111
1.94046
1.40048
1.41015
2.50628
2.08605
1.24603
2.24823
1.37352
1.65936
2.64798
1.12038
1.20161
1.11879
0.826792
1.09485
1.50194
1.64518
1.24865
1.45337
1.00785
1.05282
1.12055
1.06561
1.20642
1.3035
1.2434
1.21082
1.13963
1.29849
1.12046
1.30265
1.05411
1.39643
1.17231
1.08312
1.42598
1.45798
1.33349
1.12799
1.0101
1.17393
1.1429
1.25025
1.01401
1.07016
1.21084
1.00565
1.09611
1.22178
1.29974
1.11527
1.28959
1.47503
1.47762
1.48484
1.4969
1.38852
1.0822
1.1331
1.23249
1.51098
1.43352
1.11697
1.28591
1.22972
1.05096
1.10458
1.12612
1.59546
1.2206
1.33586
1.21006
1.13956
1.35532
1.18613
1.5269
1.51698
1.22429
1.32905
1.02927
1.10826
1.13027
0.84949
1.23826
0.947754
0.992455
1.06149
1.30674
1.3906
1.06395
1.31067
1.21078
1.04083
0.827195
1.10681
1.33156
1.02732
1.11366
1.27764
1.19673
1.19994
1.09453
1.16312
1.35504
1.15415
1.0421
0.970483
1.03982
1.09698
1.06744
1.20931
0.903
1.066
1.29842
1.36082
0.996558
1.38501
1.30426
0.824607
0.997952
1.11764
1.06291
1.3978
1.73217
0.999563
1.42404
1.85683
1.6581
1.37364
1.35641
1.29052
1.1167
1.90319
1.47885
1.11023
1.63736
1.14102
1.39065
1.43422
1.49715
1.03233
1.469
1.15263
1.05743
1.13588
1.5092
1.49302
1.95074
1.05878
0.992291
1.15961
1.15355
1.31386
1.1976
1.31859
1.55345
1.38787
1.37991
1.57083
1.32426
1.52518
1.14082
1.6871
1.21495
1.36532
1.42182
1.43662
1.4204
1.56549
1.4508
1.48413
0.969902
1.28108
1.52941
1.47843
1.37472
1.87685
0.993592
1.32084
1.4759
1.3623
1.59041
2.00814
1.54867
1.20604
1.31018
1.24079
1.45193
1.89945
2.41811
1.72203
1.51488
1.81496
1.33523
1.0539
1.5186
1.66092
0.958447
1.24952
1.43352
1.25522
1.8676
1.74779
0.840845
1.17125
1.69114
1.32014
1.7806
1.42816
1.38216
1.72734
2.03139
1.26927
1.31407
1.18257
1.42138
1.15008
1.00816
1.56658
1.22521
1.26131
1.39245
1.6036
1.29429
1.28834
1.3867
1.32891
1.20255
1.30464
1.19229
1.25094
1.41089
1.36963
1.47242
1.30206
1.74511
1.2004
1.23824
1.52338
1.14448
1.23984
1.14035
1.22195
1.26604
1.49566
1.48217
1.17593
1.4596
1.52966
1.6843
1.80782
1.37819
2.06696
1.39444
1.39194
1.47105
1.27573
1.60278
1.51129
1.41891
1.83582
1.78164
2.01972
1.42262
1.81207
1.71481
1.30845
1.22203
1.92695
1.51018
1.98633
1.37677
1.64516
1.5481
1.46003
1.28013
1.39662
1.42679
2.24919
1.37455
2.01495
1.83361
2.40664
1.53073
1.22308
2.06948
1.18472
2.17436
1.5945
1.50354
1.12913
1.18362
1.30915
1.72756
1.23516
1.26327
1.10694
1.30782
1.38033
1.66594
1.47672
1.04956
1.97205
1.12026
1.38144
1.26926
1.56342
1.26112
1.50749
3.4433
1.28606
0.905301
1.50335
1.32115
1.30268
2.39303
1.59957
1.40145
1.53234
1.27527
2.04536
0.977617
1.16142
0.984831
0.947596
0.955171
1.80617
0.776419
1.01097
1.02227
0.84335
1.07366
1.15478
0.755862
1.18355
1.94368
1.19362
0.851585
0.960121
0.994061
1.99451
0.975868
1.07457
1.7195
0.821648
0.990224
1.25931
0.694124
1.21191
1.00609
1.19
1.10301
0.877905
0.973506
0.954862
0.82688
1.12782
1.01786
0.922693
1.26676
1.05024
0.973141
1.31617
1.37056
0.936954
1.08544
1.06063
0.94744
1.05535
0.876248
1.00005
0.958335
0.993068
1.25688
0.931888
1.20068
0.945653
0.799399
0.839942
0.995302
0.885447
0.940984
0.770301
0.764533
1.22099
0.908301
1.48562
1.53617
1.39208
0.976144
1.05073
0.996074
0.741709
1.39453
1.46022
1.83994
0.792892
0.935689
0.987598
0.944182
1.88005
0.801077
1.23025
0.79008
0.921348
1.57014
0.95145
1.05587
0.710754
0.814639
1.3702
1.58836
1.31337
1.37554
0.998982
1.36251
1.57767
1.60727
1.79956
1.19279
1.28618
1.19001
1.04812
0.97816
1.02451
0.922796
1.14858
1.16192
0.875439
0.953801
0.95819
1.047
1.03254
0.924008
0.875393
1.41348
0.969472
1.18287
1.02333
1.02679
1.23068
0.933038
1.31109
1.14178
1.04695
1.25166
1.26843
1.56555
1.12949
1.00529
0.881053
1.13852
1.63618
1.18994
1.44049
1.77321
0.989345
1.16192
1.12302
0.962652
1.11883
1.21627
1.3707
0.919186
0.953604
1.13287
1.34887
1.90937
1.8458
2.1146
0.947933
2.02983
1.09165
1.5361
0.963552
1.08055
0.96943
0.695709
0.891385
1.57824
0.908711
0.946893
2.1249
0.819658
1.48281
1.28762
1.56717
0.88966
1.32083
0.895178
1.04422
1.88189
2.03858
1.2646
1.93329
1.12475
1.01428
1.37202
0.960214
1.30084
1.10952
1.29935
0.974132
1.13067
0.761376
1.08271
1.07724
0.911507
1.59033
1.00021
0.949547
1.20047
0.886553
1.03129
1.00248
1.01929
1.25684
1.14338
1.3601
1.178
1.0239
1.33031
0.982741
1.10919
1.37843
1.31306
0.99485
1.27312
0.965375
1.84526
1.57683
1.15655
0.945153
1.32163
1.81225
0.97767
0.911794
0.984058
1.66796
1.06151
1.56034
1.6191
1.83476
1.14983
1.34909
2.21188
2.10547
2.16202
1.26023
2.47109
1.37144
1.35528
1.67903
1.82369
1.44108
1.42451
1.7041
2.5389
1.35569
1.87474
2.41613
1.45591
2.20087
1.39762
2.04614
1.30784
1.61258
2.96908
3.0634
1.37835
1.62733
1.34849
1.626
1.34494
1.55545
2.04297
1.68149
2.02745
1.87315
1.77627
2.06359
1.59584
1.50915
1.73346
1.5334
2.04285
2.06407
1.31654
2.26565
2.01594
1.78411
1.65162
1.80095
1.64024
3.8149
1.84832
3.07209
1.38625
1.97333
4.72512
1.52824
2.20635
2.19943
2.09215
1.99745
1.94411
2.41904
2.10166
1.91985
2.09664
2.21726
2.56167
2.65988
1.84644
2.70557
2.45019
2.34588
2.3618
2.40756
1.73729
2.38736
2.48184
2.07242
1.98873
2.0899
1.85422
2.41496
2.34509
2.36894
2.63222
1.90053
1.64561
1.79628
2.46206
2.16911
2.25013
2.28817
1.83368
2.28681
1.52373
2.21565
1.71342
1.95854
2.13724
2.02324
1.95257
2.5493
2.31197
2.34514
1.93509
1.55832
2.07256
1.91399
1.79529
2.11277
2.72134
2.31739
2.07231
1.96829
2.00451
1.81869
1.64432
1.9477
2.01826
2.53803
2.13073
2.23839
2.03953
1.73916
2.12955
2.16908
2.26031
1.596
1.75852
2.09056
2.14692
2.3819
1.92628
2.49757
1.84214
2.3618
1.6577
2.35319
2.42104
2.2379
2.10619
1.68896
1.80975
1.96889
2.02765
2.15166
2.43736
1.93096
2.30879
1.64023
1.91655
1.78141
1.84514
2.3489
2.21956
2.7835
1.87236
1.63536
1.31372
2.39229
1.665
1.71248
1.92553
1.98603
1.93051
1.70879
2.11929
2.11274
2.00898
2.61079
2.16473
2.1146
1.67076
1.83751
1.69874
1.5417
1.56978
1.34742
1.81521
2.04968
2.07949
1.72288
1.45909
2.1756
1.98591
1.74591
1.94531
2.04717
1.93289
2.12475
1.97415
2.01415
1.50674
1.39572
1.28515
1.82137
2.89573
1.9466
1.95595
1.77699
2.25309
1.90969
1.8594
1.72445
3.9123
1.76286
2.25858
1.7325
1.4117
1.73122
1.80854
2.77851
3.82558
2.53155
1.89444
2.3216
1.57344
1.51616
1.78571
1.81158
2.01581
1.72756
1.85264
2.2055
1.72793
1.53974
1.95442
2.03194
1.68268
1.95014
1.9121
2.01369
2.06315
2.0855
2.55675
2.09524
2.39992
2.16005
2.21026
1.5493
2.69315
2.50909
2.85149
2.02794
2.39765
2.32013
2.04386
2.45227
2.19004
1.53322
2.13969
1.68887
2.14721
1.64105
1.88146
1.67071
2.04017
2.11783
2.51257
2.21395
1.76941
2.50824
2.02814
2.62873
2.55887
2.01661
2.26447
2.47903
1.86779
2.25215
1.8665
2.92239
1.89682
2.021
2.20706
2.19866
2.00395
1.8714
1.82875
1.03448
1.76047
1.98499
1.32511
1.41808
1.34693
1.20698
1.44525
1.49329
1.81544
1.21247
1.09164
1.74682
1.83963
1.93971
1.87019
1.72192
3.29953
4.23061
5.22103
5.42793
2.53529
6.29856
4.03922
6.5751
6.57133
2.45865
3.35197
4.44112
2.62358
2.6391
3.6445
2.76209
3.5782
3.21233
4.34984
2.83284
2.45842
2.4539
3.371
3.43116
3.20023
3.51345
3.30133
3.06822
2.40535
3.10728
3.54769
2.3846
3.03252
3.53992
3.069
3.53899
3.33627
3.49977
2.42052
3.18425
3.35488
3.22805
2.42014
3.27679
3.03388
3.71868
3.73786
3.64173
3.29436
2.89822
3.05732
3.46985
3.52427
2.29237
2.98088
3.66989
3.65217
3.67014
2.56561
2.89124
3.06457
2.56486
3.35469
3.50884
3.26223
3.96693
2.81094
2.88728
3.20738
3.08593
2.86247
3.44024
3.06683
3.87944
3.19458
2.21515
3.60104
3.37048
3.54733
3.0235
4.45846
3.2297
3.74794
2.38522
2.51316
3.01012
3.10233
2.89731
3.59707
2.87305
3.45478
4.2878
3.18067
3.33184
2.43973
2.71285
2.7231
4.23645
3.62024
2.74965
2.94915
3.87161
3.07402
3.09973
3.53025
3.65257
3.58744
3.28848
3.23132
3.31059
3.4764
2.75411
3.59691
3.3748
3.29643
3.45678
3.19639
3.49716
3.36232
3.72466
3.59434
3.19524
3.37446
2.42245
3.03685
2.2604
4.55585
4.66224
3.42917
3.3925
3.71217
3.26511
2.97725
2.87439
2.82455
3.49208
4.57958
3.30372
2.84004
2.83371
2.794
3.67539
3.41443
3.10353
2.43322
3.03417
3.54929
4.25994
2.9298
2.92553
4.21825
2.9888
3.15218
4.24672
3.21723
3.57278
3.77631
2.67781
2.35211
3.15527
3.43049
3.52081
2.49909
3.17861
2.38057
2.72543
3.08117
1.38963
1.76194
1.84761
1.22747
1.54001
1.34203
1.25956
2.0626
1.60879
1.44477
1.06036
1.50902
1.35818
1.2202
1.49404
1.18073
1.71874
1.59333
1.11715
1.54361
1.62006
1.52211
1.24983
1.51745
1.49987
1.353
1.57798
1.75833
2.36996
1.29895
1.15238
1.92293
1.45356
1.55491
1.46234
1.42518
1.58056
1.65714
1.58646
1.80458
1.3554
1.71628
1.45592
1.56863
1.65249
1.75469
1.57509
1.93532
1.19283
1.42296
1.26247
1.52077
1.85441
1.68217
1.43361
1.43926
1.6962
1.4891
1.54019
1.17116
1.35094
1.50712
1.5114
1.55231
1.71844
1.36285
1.44909
1.3512
1.22448
1.71609
1.18993
1.42156
1.66762
1.9886
1.44216
1.2469
1.5491
1.2835
1.36722
1.66381
1.56008
1.55027
1.09805
0.84335
1.74242
1.00352
1.08993
1.24799
1.372
1.4865
1.30666
1.31209
1.35092
1.96357
1.33227
1.15074
1.74067
1.23397
1.70025
1.14375
2.51826
1.81226
1.84355
2.40158
1.44162
1.31232
1.53519
1.42435
2.05319
1.67176
1.46333
1.46018
1.52476
1.18914
1.17905
1.58293
1.202
2.21456
1.70587
1.41988
1.70687
1.40571
1.35955
2.29212
1.27854
1.62251
1.94159
1.62344
1.11194
1.14457
1.86124
1.6145
2.67594
1.7017
1.4092
1.38132
1.26436
1.44078
2.09778
1.75245
1.43445
1.39624
1.24202
1.56546
1.37529
2.39533
1.50267
2.49231
2.07178
1.91783
1.85518
1.88153
2.18555
1.47936
1.41742
2.28125
1.57777
1.65636
1.17846
1.57543
1.79668
1.84963
2.46885
2.03265
1.49661
1.57434
2.17431
1.11023
1.78635
1.60287
1.79855
1.86302
2.00697
1.23985
1.74818
1.6273
2.20207
2.04353
1.61957
1.43551
1.65099
1.90399
1.46909
1.5763
1.63555
1.87538
1.76648
2.17237
1.72476
1.70348
2.41826
1.85202
1.62053
1.7007
1.90217
1.89461
1.92032
1.73628
1.38381
2.16705
1.97524
1.06291
1.36778
1.49802
1.28049
1.21105
1.78565
1.64538
1.48874
1.62308
1.25312
1.51859
1.18492
1.37387
1.10491
1.51237
1.05569
2.27832
1.42797
2.26973
1.5689
0.984632
1.43257
1.36269
2.50532
1.36594
2.00493
1.51202
1.62411
1.27531
2.30628
1.33293
1.33508
1.30316
1.30245
1.56003
1.6577
1.62538
1.43933
1.41765
1.54961
1.62274
1.43243
1.48951
1.40985
1.55104
1.102
0.978132
1.8734
1.92405
1.67743
1.70788
1.29492
1.50709
2.50697
1.96652
1.39073
1.55615
1.57053
1.20495
1.61358
1.59673
2.02848
1.41442
1.00987
1.6894
1.30814
2.00528
1.51091
0.947481
2.13537
1.20057
1.23194
1.08378
1.17075
1.64489
1.21993
1.58352
1.12774
1.49444
1.46793
1.50535
1.47197
1.29015
1.08194
1.28995
1.13968
1.58535
1.33446
1.24654
1.29221
1.15788
1.50966
1.32707
1.18013
1.8156
1.65416
1.01522
1.80168
1.3797
0.952881
1.62516
1.76763
1.09082
1.40179
1.32434
1.72344
1.12023
1.22173
1.29035
1.07727
1.19659
1.16685
1.66251
1.93268
1.30944
2.08445
1.53737
1.17612
1.94802
2.07486
1.26226
1.93357
1.6255
1.49923
1.48075
1.78341
2.49378
1.75967
2.49495
1.77178
1.5301
0.9732
1.08871
1.60127
1.68637
1.3943
2.0009
0.922305
1.34727
1.65053
1.19316
1.10727
1.77461
1.04811
1.19004
1.2132
2.11001
2.55277
1.13439
1.28731
1.01291
0.882954
1.03541
1.0376
2.19885
1.3144
0.989769
0.975457
0.91238
1.23222
1.20711
1.26167
0.99899
0.831251
1.01158
1.39462
2.07553
1.61402
1.01103
1.21629
1.16982
1.05373
1.09081
1.13079
1.40851
1.32712
1.0767
0.993141
0.968636
1.55165
1.08771
1.03045
2.21441
1.0689
2.07127
1.05714
2.47863
2.14358
1.35035
2.13283
2.00173
2.29215
3.42595
1.31071
0.955303
1.17855
1.13869
1.41614
1.96591
2.98519
1.27564
2.39627
1.24366
1.31722
2.36484
2.60026
2.07244
1.86734
2.31743
1.31356
1.1746
1.56069
1.76468
1.14164
2.13031
0.997817
1.09172
2.06153
1.11217
2.06197
1.68313
1.10375
1.82115
1.95797
1.31979
2.48479
1.44299
1.33277
1.41325
1.84957
1.35986
1.67391
0.996556
1.716
1.38966
1.40749
2.01135
1.57705
1.38412
1.38965
1.27237
1.27616
1.55666
1.36057
2.57017
1.47065
2.60396
1.31206
2.6926
1.89636
2.09161
2.55336
1.93807
1.31536
2.7384
1.06387
0.96244
1.67641
2.37538
2.51079
1.58221
2.25757
1.1579
2.52656
2.15878
1.6793
1.78452
1.3709
1.12819
1.82035
2.27018
2.10911
1.23651
1.21933
1.55937
0.85447
2.48474
2.02119
2.13236
2.80263
1.58521
1.30534
1.17386
2.24815
1.39633
1.18276
0.997574
1.50307
0.966037
1.06352
1.7643
2.01841
1.75197
1.21115
1.62727
1.82929
1.11217
1.62937
1.73454
1.30036
1.57377
1.38197
2.00647
1.18389
1.46545
1.75951
2.1178
1.48361
1.52526
1.41752
1.30475
2.40579
1.351
1.93856
1.47331
1.55721
1.69154
1.56847
1.40165
1.45066
1.27451
1.44247
1.5795
1.4051
1.26687
1.48711
2.05888
1.70894
1.42183
1.22486
1.13814
1.46964
1.2724
1.68487
1.43762
2.29074
1.19891
3.27675
1.68642
1.49802
1.52386
1.51454
1.59471
1.24755
1.4743
1.33036
1.50128
1.67396
1.1652
1.11203
1.83769
1.63956
1.4204
1.88634
1.35868
1.72852
1.73195
1.38672
1.54838
1.38114
1.61502
1.36991
1.45012
1.56439
1.37836
1.55576
1.1996
1.75105
1.89361
1.25988
1.48836
1.84936
1.85217
1.4332
1.89749
2.29928
1.4909
1.38792
1.19707
1.57198
2.42641
1.3821
2.6182
1.64549
1.16851
2.51776
1.27339
1.82934
1.61379
1.61658
1.38266
1.90039
1.21648
1.16895
3.0407
2.29354
1.31024
1.4261
1.45807
2.11867
1.46687
2.35178
1.56651
2.68878
1.42125
2.00232
1.67304
1.71763
1.46981
2.39013
1.5138
2.44527
1.61328
1.68293
1.77384
1.44138
1.70388
1.85646
2.41681
1.44706
1.62748
1.25074
2.77323
1.40488
1.3941
1.61341
2.24549
2.11129
1.99379
1.99615
1.64094
2.23682
1.88552
1.4252
1.22418
1.52231
1.42422
1.8512
1.52206
1.39848
1.75843
1.729
1.66068
1.86706
2.22165
2.06863
1.7953
2.22991
1.78068
1.26725
1.48831
1.36837
2.31143
1.77756
1.62536
1.46126
1.71997
1.93088
1.91556
1.90516
1.46204
1.75341
1.50962
2.50487
1.48464
1.90738
2.3113
1.35811
2.08797
1.6628
1.513
2.13065
1.86785
2.35278
2.33013
2.27399
1.94859
2.02681
2.03015
2.12245
2.20213
1.65574
1.46229
1.89833
1.63647
1.86167
1.75002
2.01897
1.60206
1.70671
1.97655
1.9532
2.05639
1.91007
1.86478
1.83902
1.93015
2.10652
1.28928
2.77199
2.13382
2.82561
2.84057
2.11784
1.77747
2.77018
2.12316
2.05105
1.9598
1.6421
2.46702
1.97475
1.53122
2.05941
2.83465
1.62823
1.47337
1.22371
2.25011
1.76617
1.84516
1.59582
1.44374
1.33179
1.89741
1.18015
1.32844
1.25805
1.54151
2.13302
1.57577
1.71837
1.45352
1.64345
1.25413
1.80624
1.22481
2.10417
1.4136
1.12412
1.09163
1.59854
1.09179
1.41244
1.63515
1.02332
1.99346
1.69258
1.47051
1.38723
1.72027
1.45273
1.74135
1.3159
1.51205
1.24252
1.64004
1.81471
1.37946
1.64825
1.70637
2.19707
1.63353
2.28506
1.62853
1.26123
1.31101
2.02467
1.4099
1.45239
1.74166
1.25486
2.32672
1.37991
1.40705
1.42632
1.42325
1.47495
1.24125
1.58028
1.38448
1.44442
1.18424
1.67908
1.5111
2.01399
1.42523
1.59859
1.32969
1.14237
1.31847
1.57524
2.25537
1.61804
1.64997
1.20694
1.35655
1.51218
2.02065
1.65852
1.70363
1.6765
1.86403
1.8268
1.18484
1.73561
1.203
1.49707
1.56988
1.64445
1.35246
1.83027
2.01106
1.54984
1.73853
1.26281
1.788
1.7175
1.49221
1.70103
2.42487
2.77044
2.49893
1.95907
1.92597
1.19169
1.70019
1.46571
1.30095
1.06258
1.40044
2.44815
1.6517
2.29329
1.40558
1.30522
1.91878
1.38793
1.32567
1.5629
1.23925
2.28851
2.3099
1.20342
1.96911
1.14987
1.37124
1.96977
1.10254
2.4497
1.48421
1.32155
2.24203
1.32184
1.22502
2.57193
1.24576
1.24915
1.84221
1.39375
1.5264
2.36606
2.04688
1.27119
1.52162
1.21785
2.36196
2.06357
2.39838
1.25611
1.47734
1.96422
1.31606
1.32079
1.23324
1.25235
1.24361
2.03575
1.28307
1.51293
1.08783
1.29308
1.36476
2.35013
1.28868
1.66231
1.40757
1.91863
1.49661
1.44412
1.25435
1.63123
1.47095
2.09842
1.7269
1.30029
1.45648
2.38905
0.818649
1.3685
1.70236
1.28266
1.12883
1.57147
1.19546
1.53849
2.28396
2.20114
1.47107
1.4298
1.37454
1.56302
1.41602
1.43767
1.29918
1.39284
1.43139
1.33056
1.86502
1.74752
1.4976
1.78327
1.14703
1.89599
1.46333
1.32988
1.40766
1.34651
1.07438
1.33064
1.41268
1.3789
1.4584
1.2722
2.08709
1.62266
1.40696
1.50013
1.45346
1.30016
1.66399
1.33004
1.56584
1.25412
1.49076
1.66642
1.36991
1.46475
1.24054
1.37563
1.37236
1.41337
1.34059
1.95319
1.23713
1.62453
1.37852
2.15321
1.44971
1.05295
1.31337
1.57082
1.59593
1.23451
1.67296
1.9725
1.87488
1.44387
1.23824
1.85806
1.78762
1.47615
1.18216
1.36498
1.46767
1.33353
1.28444
1.18715
1.79235
1.83155
1.41547
1.66042
1.17247
1.5587
1.46319
1.65453
2.75013
1.12608
1.49114
1.7249
1.12519
1.18943
1.71001
1.3206
1.52353
1.42912
1.43183
2.0564
1.53443
1.6954
1.48739
1.93165
1.22887
1.19001
1.21784
1.2394
1.32347
1.35031
1.72574
1.17183
1.55547
1.4051
1.51394
1.67993
1.57914
1.13663
1.07225
1.27354
1.15432
1.59837
1.34531
1.09116
1.18905
1.40547
1.49879
1.48715
1.25116
1.47725
1.07542
2.17741
1.57644
2.36747
1.27224
1.11819
1.52101
1.30641
1.76257
1.33206
1.07779
1.34949
2.73922
1.14528
1.23373
2.32512
2.09325
2.98074
1.34762
1.18694
3.20045
1.34502
1.92953
1.29876
1.31787
2.02136
1.28866
1.63253
1.97975
1.14722
2.11357
1.13983
1.42749
1.63781
1.58036
2.47836
1.87993
1.08331
1.54432
1.46603
2.54127
1.92126
1.56431
1.62996
1.52691
0.982395
2.61389
1.73972
1.79823
2.08371
1.09095
1.07821
1.4899
1.68064
1.39647
1.74352
1.62375
1.65284
2.02279
1.87721
1.13091
1.01104
1.41229
1.5703
1.75904
1.15685
1.16844
1.56502
1.90115
1.7968
1.4163
1.69461
1.64556
1.52744
1.20499
1.29273
1.91325
1.22129
1.40117
1.14776
1.34162
1.78163
1.33945
1.29506
1.61635
1.32827
1.13589
1.55267
1.3541
1.71681
1.36094
0.937533
0.837792
0.929437
1.67435
1.7208
1.46799
0.823507
1.09877
1.43824
1.43831
0.756296
1.43873
1.62957
1.60889
1.80658
1.02569
1.0114
1.14839
0.876705
1.08648
0.956975
1.15345
0.844935
0.816447
0.961302
1.3251
0.906799
0.863223
0.873817
0.842296
1.62038
1.52304
1.46823
1.11799
1.0331
1.1538
1.03382
1.26721
1.04435
1.10429
0.933648
1.35516
1.42325
1.44532
1.20835
1.29432
1.22269
1.14747
1.29241
1.458
1.04638
1.29875
1.003
1.03934
1.30306
1.36814
1.18692
1.02331
0.877069
1.84147
1.19006
1.02509
0.980723
1.1562
1.4997
1.025
0.997718
1.35814
1.28318
1.42414
1.26062
1.23544
1.40467
1.60434
1.21035
1.10519
0.859419
1.2866
1.07329
0.74715
1.34651
1.54162
1.77946
1.04993
1.26705
1.37738
1.45461
1.74813
2.00724
1.27122
1.71081
1.44904
1.80597
1.11849
1.36073
1.03033
1.74455
1.13812
1.11573
1.08975
1.39901
1.14274
1.20948
1.21615
0.929704
1.13291
1.43269
1.15669
1.46257
1.09806
1.43489
1.06963
0.84856
1.06468
1.49993
1.11749
1.35541
0.949874
1.18745
0.984974
1.17412
1.54054
1.48775
1.02899
1.27149
0.978815
1.32767
1.0456
0.83802
1.17893
0.881067
1.07207
1.41933
1.30001
0.933244
1.11368
0.902658
0.924776
1.07398
1.18785
0.85994
0.989857
2.12033
1.2674
0.984429
0.993091
1.01779
1.04658
1.08815
1.78019
0.708636
1.26493
1.26252
0.91931
1.9422
0.906934
1.75175
1.16541
1.40244
1.45728
1.07311
1.4361
1.64118
1.5111
1.45416
1.35829
1.48734
1.82483
1.33884
1.06033
1.67756
1.3084
1.71062
1.54459
1.54595
1.6367
1.08768
1.96219
1.67821
1.40455
1.47971
1.14626
1.71267
1.6074
1.18397
1.99016
1.26727
1.91092
1.22587
1.68409
1.07924
1.29622
1.79115
1.72865
1.69295
1.11404
0.987508
1.04733
1.48093
1.55042
1.2002
0.926438
1.42261
1.32426
1.84169
2.13947
1.74778
1.48341
1.40499
1.56555
1.42348
0.966706
1.7682
1.36406
1.46962
2.08161
1.82189
1.25008
1.22397
1.40758
1.28781
1.4318
1.25972
1.30685
1.74492
1.21788
1.58857
1.26431
1.25085
1.60182
1.09041
1.0585
1.46226
1.07639
0.827873
1.11253
0.988099
0.924099
0.979354
0.94475
1.11127
1.35705
0.970101
0.918329
1.28456
1.02102
1.09872
1.60357
0.94739
1.02517
1.08458
1.31805
0.952672
1.016
0.934009
0.936828
0.984011
1.01819
1.00318
1.01289
0.885144
0.916934
1.17701
0.800789
1.12784
1.18215
0.87644
0.9827
0.821556
1.05406
1.14054
1.4722
1.08725
0.982889
1.33134
0.933222
0.815299
1.09732
1.1775
1.15116
1.27266
1.10646
1.35285
1.24964
1.04555
1.09139
0.995333
1.07767
0.971434
0.922342
1.18287
0.977057
1.36759
0.889531
0.884652
0.8501
1.05227
1.37816
1.25242
1.15103
0.941097
1.0466
0.91304
1.00583
0.93501
0.891222
1.17545
0.932986
0.972664
0.861519
1.01098
0.988479
1.39447
1.11003
1.10837
1.24126
1.13882
1.38529
1.13634
0.977323
0.965471
0.905813
0.956764
1.0016
0.923645
1.02433
1.07776
0.990858
1.15145
1.37077
0.877257
1.12286
0.970852
0.929521
0.641224
0.919761
1.06975
0.877923
1.17153
1.35713
1.19914
2.03978
1.10644
1.02964
1.07749
0.822891
1.35587
1.70148
1.10306
1.61085
1.07166
1.01689
1.01373
1.10554
0.931032
0.908824
1.58098
0.940791
0.973805
1.05493
0.912162
0.999179
1.8745
1.19886
1.08204
1.91146
1.1622
1.37249
1.25957
1.19316
1.27151
0.982663
1.00377
1.25721
1.02027
1.11421
1.1761
0.943241
0.989276
1.02908
1.11087
0.891271
1.00764
1.01395
1.12966
0.90138
1.93146
0.89741
1.0264
1.1092
1.02923
0.882312
0.833566
0.966497
0.858537
0.862546
0.937147
0.894255
0.811329
0.890404
0.854378
1.19134
1.12417
1.37055
1.22965
1.29544
1.11424
0.985897
1.09513
1.20279
1.16302
0.93927
1.55423
1.61665
1.07467
0.916967
1.15323
0.958437
1.02274
1.10611
0.868581
0.902709
0.998512
1.44203
1.12387
1.06373
0.904315
0.855357
0.779631
1.09503
1.04498
1.1046
1.28419
1.13337
1.28893
0.899474
1.22213
1.43452
1.15717
0.843508
0.922882
1.08468
1.29689
0.967348
1.14947
0.996425
0.945374
1.01525
0.871558
1.02439
0.863299
0.919096
1.22538
1.12525
0.968953
0.817612
1.42087
1.05734
1.05347
0.864996
0.931601
1.12423
0.920023
1.12267
1.437
1.04084
0.852391
0.845752
0.967885
0.754341
1.17107
0.963774
1.80669
1.21745
0.956269
0.916289
1.08724
0.882991
0.863071
0.948658
2.08611
1.0588
0.847751
0.874821
1.154
1.19821
1.3412
1.21756
1.10584
0.895944
0.949826
0.855214
0.977305
1.39646
1.07308
1.23833
1.05905
0.909322
1.39704
1.25697
0.750692
1.30671
1.38808
1.49468
1.15255
1.28692
1.34119
1.45508
1.05028
1.41621
1.34116
1.29729
1.18685
1.54106
1.77615
1.6608
1.45849
1.29146
1.02622
1.18487
1.79739
1.84239
1.76304
2.36061
2.57988
2.45718
1.28308
1.29083
1.20608
2.59914
2.53327
3.4034
1.97794
2.03508
3.11196
1.49984
2.18897
1.47077
2.18196
1.64488
1.86127
1.19174
1.61779
2.04464
1.74548
2.57191
1.59143
1.22182
1.20958
1.00453
1.4833
1.07751
1.37541
0.937664
1.08296
0.937095
1.10758
1.01967
0.845024
1.47575
0.898347
1.82582
1.1313
1.56157
1.04614
0.929532
1.14611
1.52556
0.965469
1.01014
1.38489
1.25642
0.885846
1.3529
1.14633
1.31157
1.73834
1.80124
1.41419
1.21204
1.48287
1.23129
0.608257
0.921762
0.901529
0.778397
0.898025
0.846241
0.825162
1.13354
0.845128
1.51452
1.1775
0.762955
1.80708
1.25126
0.746038
1.46691
0.84302
0.715239
0.866727
0.741782
0.815892
0.866847
1.10192
1.06225
1.68208
0.900055
0.852157
0.656914
0.790973
0.857879
0.858133
0.733509
0.958681
0.9191
1.37186
1.20096
1.02123
0.979715
0.761039
0.786114
0.948898
0.979734
1.04258
1.0275
1.10642
1.02534
1.04788
0.944353
0.622065
1.06408
1.51846
1.25853
1.27456
0.971966
1.16074
1.28183
0.88154
1.02639
1.06978
1.85409
1.48892
0.991424
1.06628
1.04649
0.999833
0.853463
1.38403
1.03824
0.753162
1.62455
1.58083
1.33568
0.865959
1.07392
1.17552
1.01072
1.11391
0.909419
0.998873
1.08123
2.0042
1.48846
1.01695
1.32757
0.737496
1.57603
0.824835
0.691259
0.731474
0.777119
1.15864
1.11455
1.0462
0.652247
0.736695
0.750734
1.04613
0.918878
1.69695
1.18026
0.917515
0.799778
1.08043
0.838709
1.126
0.877354
0.895451
1.31702
1.49654
0.95501
1.15025
1.2718
1.11656
1.00397
1.09219
1.05969
0.796868
1.14927
1.1321
1.08084
0.871733
1.00087
1.09712
0.947849
1.15179
1.00733
1.18793
1.02431
1.00897
1.01742
1.02063
0.981423
0.904015
1.02796
1.02457
0.871273
1.03187
0.824011
0.959401
1.12668
1.11446
1.07995
1.07568
0.944186
0.925548
0.954743
0.947276
1.25112
1.13717
0.88305
0.887413
1.06019
0.92263
1.93155
0.911292
0.871457
1.42755
1.01256
1.18761
0.984682
0.9112
1.03791
0.842238
1.08444
0.935155
0.905185
0.931331
0.829734
1.0187
0.899286
0.923776
1.46994
0.994182
1.56793
1.6497
0.883073
0.906981
1.01714
1.08122
1.02351
1.03362
1.18103
0.945771
0.97761
1.04173
1.10063
1.12306
1.03074
1.18652
1.47956
1.56647
1.16976
0.834023
0.914103
1.0459
0.85263
1.07445
1.05696
0.960636
0.973252
1.30668
1.10012
1.01013
1.26993
1.15961
1.21385
1.25489
1.33867
1.51953
1.14059
1.45639
1.24095
1.21184
1.56074
1.10821
1.05528
1.779
1.17931
1.11633
1.14449
1.15755
1.21237
1.3601
1.05275
1.27274
0.880052
1.04137
1.08558
0.951567
0.936214
1.20618
1.14139
1.25925
2.05192
1.23697
1.10179
1.05518
0.98309
1.11493
0.653401
1.11223
1.16223
1.13613
1.24178
1.01432
0.863471
1.38429
1.95989
0.870877
1.09838
1.14399
1.24667
1.17553
1.08949
1.00402
1.12489
1.16107
0.790281
1.21931
1.97067
1.71508
1.14823
1.72935
1.16574
1.36242
1.17888
1.15559
1.96992
1.08403
1.29167
1.19939
1.2875
1.16578
2.0704
0.999581
1.03069
1.0632
1.33301
1.26759
1.16945
1.27775
1.05171
1.76083
0.963294
2.126
1.1764
1.57121
0.865195
1.47262
1.29143
1.30766
0.929165
1.29296
2.01951
2.02477
1.04798
1.8043
1.01072
1.08538
1.51571
1.29368
1.24997
1.24882
1.42473
2.24707
1.12679
1.44555
1.27577
1.27144
2.04703
2.33837
1.04693
1.02715
1.24164
1.17085
0.940697
0.888959
1.35706
1.17403
1.47964
1.02218
1.19469
2.21545
0.790832
1.17975
1.09319
2.35125
1.13966
1.13279
1.44373
1.15752
1.08449
1.80137
1.25048
1.24264
1.22064
1.19694
1.1143
0.899659
1.01815
1.30547
0.898377
1.01685
2.14202
1.44661
1.09599
1.7527
2.21488
2.0601
1.07496
1.06193
2.03963
1.32641
1.3116
1.15657
1.39514
0.925602
0.973027
1.17227
1.64845
2.13971
1.17373
1.07841
0.964794
0.74794
1.27462
1.1106
1.3729
1.12242
1.00746
0.846924
1.46878
1.12846
2.23803
0.937976
0.930796
1.0588
1.30605
1.07458
1.49031
0.864355
0.919063
1.15905
1.14131
1.06802
1.28534
1.04732
2.50708
2.08194
1.85649
0.952892
1.10983
1.13559
1.1315
1.22111
1.20279
1.05715
1.3142
2.1397
1.79079
1.17455
1.04112
1.00737
1.06836
0.899388
1.33194
1.33969
1.10492
1.47157
1.33164
2.10287
0.993675
1.58136
1.34801
1.59534
1.6202
1.0582
1.8075
0.893782
2.03884
1.0081
1.4389
1.16102
1.70045
0.959675
0.794327
1.18901
1.39496
0.826785
1.08159
1.02658
0.848585
2.1566
1.02757
1.01415
1.12781
1.14292
1.0928
1.12083
1.28165
0.932105
1.16367
1.1236
1.06583
0.774941
1.77844
0.763186
1.06196
0.838113
1.38973
0.874403
1.52636
0.871919
1.00025
0.890997
1.47377
0.927646
1.32344
2.68697
0.990037
0.830587
0.859968
0.930417
1.04381
1.10659
1.25176
1.33342
1.13679
1.14351
1.37809
1.09691
0.97593
1.02412
0.950201
1.05413
1.09954
0.881784
1.13449
0.983111
1.04005
1.26234
1.32149
0.860437
0.976705
0.90556
0.961823
1.63776
0.939655
1.09009
1.17721
1.29012
1.1051
1.33449
1.58434
1.00538
0.882957
1.17546
1.22717
1.35365
0.940397
1.47934
0.890474
0.931562
0.972768
1.14769
1.14239
1.05105
1.01137
1.15363
0.900818
1.06515
0.927764
0.851323
0.808364
1.00455
1.2898
1.09615
1.08689
1.20513
1.44546
2.85917
1.01351
1.50375
0.997789
1.15071
1.04541
1.15804
1.12144
0.998414
1.14413
0.842092
0.954421
1.30733
1.18289
1.09275
1.11049
0.928467
1.14988
1.06081
1.45924
1.43278
1.48124
1.36318
1.1836
0.997439
0.961992
1.29663
0.998043
1.3677
0.992763
1.70355
0.967129
1.18168
1.21381
1.72245
0.970825
1.47706
0.869107
0.922121
0.928866
1.7045
1.73062
1.05904
1.22215
0.964423
0.934645
0.968636
1.07584
1.53791
0.929358
1.13345
1.01722
1.16833
2.22631
1.14573
0.971324
1.1339
1.02248
1.0023
0.890118
1.08253
0.888468
1.07894
1.52801
1.07948
1.36146
1.0541
1.13812
1.04432
1.33162
0.947757
1.05336
0.880498
0.93139
0.860881
1.11268
1.09266
1.08974
1.12808
1.88345
1.15236
1.67881
0.992368
0.802177
1.4578
2.24414
0.924286
2.15173
1.53957
0.857849
1.48854
1.68279
1.80255
1.16403
1.0956
1.16637
1.25607
1.09036
1.22311
1.32427
1.11922
1.31472
1.16574
1.19552
1.53441
1.80596
1.40929
1.08645
1.2641
1.34595
1.76074
1.05032
2.16498
2.16311
1.69941
1.26032
1.06678
1.50972
0.99101
1.08407
4.25882
1.24587
1.16402
1.16404
1.31439
1.33403
1.47885
0.995588
1.35395
1.33797
1.20221
0.847
0.888403
1.22514
1.19907
0.91349
1.20588
1.33829
0.815034
1.02859
0.809787
1.15393
1.45362
0.856601
0.913599
1.12529
1.40786
0.712092
1.08024
1.03681
0.965632
1.08261
1.00499
1.02216
1.21753
1.19576
1.27452
1.14466
1.19887
1.37528
1.42276
1.22985
1.12455
1.00133
0.82965
1.26994
1.09903
1.31718
0.989033
1.24631
1.437
0.863752
0.907799
1.17908
1.3366
0.859036
0.959403
1.08824
1.37018
1.14457
1.07794
1.25911
1.12366
1.0765
1.31613
1.0579
0.872806
1.53269
1.19438
1.06391
1.02467
1.10807
1.18481
1.40967
1.11808
1.00423
1.09068
0.948962
0.82129
0.994107
1.02735
1.07382
0.854287
1.04615
1.1795
1.28337
1.01968
0.98516
1.06703
0.664414
1.10274
1.17206
1.40549
1.11185
1.11332
1.344
1.00551
1.56657
0.986668
0.900471
1.06266
1.22072
1.0942
1.07468
1.08784
1.01489
1.10198
1.14326
1.0875
0.926471
1.10659
1.92007
0.652557
1.12744
1.12908
1.06648
1.08653
1.16446
1.07493
1.30456
1.1561
0.874297
1.21727
0.901432
0.998041
0.95746
1.06391
0.992676
1.04437
1.01233
0.974383
1.25423
1.07261
1.0409
0.956101
1.13452
1.25506
1.24073
0.93012
1.01035
0.934516
0.801593
1.33033
0.986512
1.08426
0.93225
1.17324
1.11782
1.24875
1.23693
1.01086
1.22105
0.794696
1.0298
1.02474
1.25225
1.1146
0.854357
0.911374
1.28613
1.41496
0.993867
0.796741
0.996502
1.20164
1.24101
1.43381
1.04211
1.04777
1.02852
1.2133
1.23823
1.09331
1.05177
1.21384
0.771981
1.10137
0.997358
1.28411
1.12703
1.18431
1.27102
1.3994
0.898458
1.15068
0.980504
1.17095
1.0638
0.724002
1.16853
0.679826
1.55937
1.10377
0.771099
0.784209
1.12925
0.795084
0.755188
1.19605
0.932869
1.66265
1.02261
0.9119
0.925508
1.12812
0.906819
0.755921
1.19386
0.97274
1.18459
1.0022
0.970663
1.09819
1.08437
1.23693
1.00325
1.2701
2.00341
3.14746
1.42833
1.07346
1.28284
1.10853
1.16411
1.08071
1.11173
1.09152
1.33671
1.37467
1.23317
1.30668
1.54908
1.4899
1.36922
1.37104
1.06105
0.999634
1.39325
1.50989
1.50545
1.21951
1.06873
1.03722
1.28585
1.00858
1.6978
1.88002
1.10364
1.18449
1.26115
1.13854
1.56354
1.15473
1.09749
1.13853
2.0369
1.34841
1.0225
1.14278
1.11047
1.13167
1.46748
1.29787
1.78161
1.11408
1.12106
1.1128
1.9061
1.38245
1.07364
1.16442
1.21198
1.50802
1.26327
1.62018
1.28916
1.26161
1.33401
1.01216
1.41439
1.70425
1.34776
2.06974
0.997544
1.20451
1.25588
1.21947
1.12609
1.36422
1.05907
2.00178
1.01534
1.13565
1.45985
1.05988
1.44646
1.12122
1.37998
1.27963
1.47435
1.33005
1.2235
1.48018
1.32396
1.94716
1.6174
1.55699
1.23769
1.05384
0.973507
1.16782
1.59481
1.49902
1.16077
1.363
1.07295
1.44068
1.04675
1.25575
1.3012
1.10955
1.64187
1.91289
1.31419
1.20866
1.6687
2.34966
1.46767
2.34286
1.9892
1.19261
1.69633
1.2202
1.35285
1.84201
1.73569
1.25347
1.19015
1.2655
1.46775
1.57388
1.27255
1.73905
1.37976
1.12264
1.35235
1.06793
1.58835
1.20115
1.52873
1.16762
1.10746
1.50061
1.66971
1.26763
1.81276
1.08497
1.20691
1.46369
1.32003
2.80012
1.27996
1.43452
1.47916
1.41359
1.20018
1.27401
1.25458
1.60108
1.06967
1.67602
1.24881
1.60384
1.83452
1.29797
1.40479
1.22061
1.09988
1.12836
1.09194
1.63077
1.57189
2.58041
1.63393
1.43037
1.70647
1.35774
1.21704
1.19011
1.84428
1.5464
1.9347
1.31569
1.60603
1.79902
1.47177
1.70512
1.44362
1.53917
1.43064
1.89232
2.01551
1.79847
1.45251
1.6665
1.30123
2.56166
1.46769
1.30404
1.14021
1.41963
1.81283
1.48285
1.7097
2.0658
2.17618
1.44075
1.97818
1.80862
1.52189
1.76115
1.38487
1.81587
1.9602
2.14435
1.49158
1.67896
1.86675
1.13215
1.42537
1.81931
1.36327
1.27604
1.5141
1.46508
1.95931
1.86781
1.96867
1.97794
1.74171
1.58581
1.76261
1.7073
2.79654
1.8558
1.73352
1.42113
2.05854
1.49631
1.60617
1.59253
2.46902
2.27171
2.56709
1.47075
1.76291
2.04462
1.87011
1.38876
1.98575
1.22889
1.77195
1.88878
1.59761
1.6045
0.930571
1.10578
1.65821
1.57783
1.24125
1.82532
1.90401
1.23927
1.20784
1.33621
1.13973
1.09346
1.57189
1.56796
1.84061
1.05264
0.681008
0.991153
1.0632
1.94923
1.24925
1.66145
1.49317
2.02369
0.94814
2.04251
1.00641
1.43696
1.05387
1.48103
1.22103
1.34684
1.50622
1.37361
1.57496
1.68593
1.29896
1.17871
0.948149
1.61644
1.38432
1.59556
1.12907
1.096
1.21914
1.84373
1.3863
1.61961
1.91802
1.7016
1.7331
1.22422
2.91434
1.34948
1.99881
1.08688
1.54739
2.2774
1.37862
1.07617
1.10257
1.22893
1.03797
1.98485
1.15103
1.89016
1.95526
1.76882
1.45707
2.42486
1.91
1.91972
1.1827
1.2373
1.2218
1.215
1.81218
2.0105
1.59623
1.47565
1.13011
1.58524
1.19815
1.35042
1.81714
1.75121
3.72384
2.08992
1.90864
1.12603
1.62462
1.37245
1.27483
1.61597
1.61777
1.26231
1.64503
1.84648
2.70514
1.45364
2.55602
1.67037
2.15141
3.05126
1.57312
1.90732
1.27553
1.33966
1.2072
1.68379
1.10139
1.26295
1.66304
1.72159
2.05377
1.85524
1.45283
1.63128
1.0804
1.66634
1.05756
1.31078
1.79351
2.23607
2.22109
2.25377
2.1211
1.69868
2.10989
2.00241
1.06313
1.10317
1.2512
1.90114
1.41611
1.33845
1.49768
1.12813
1.41343
1.04578
1.65332
1.29317
1.99838
1.16837
1.8883
1.26968
1.56823
1.76192
1.51069
2.10573
1.34944
1.52378
2.39443
1.14503
1.19278
1.50004
2.17493
1.65181
1.26953
1.39866
1.70941
1.57477
1.42346
2.04109
1.83053
1.42245
1.61347
2.06868
1.05027
2.09306
1.36107
1.20217
1.19079
1.14969
1.48118
1.16357
1.23032
1.35308
1.02835
0.904751
1.10882
1.15083
1.18673
1.01722
0.870654
1.30463
0.941123
1.18702
1.27737
1.32199
1.13028
1.11363
1.09938
1.43319
1.02063
1.0317
2.087
2.05688
1.70435
0.999919
1.04329
1.17253
1.66286
1.01316
1.16659
1.26416
1.09035
0.941412
1.09141
1.12537
1.03849
1.15452
0.94096
1.0637
1.31097
1.03338
1.27487
1.10074
1.53063
1.41149
1.05601
1.03129
1.63176
1.36867
1.17099
0.971024
1.54888
0.993986
1.23722
1.1265
0.932711
1.10944
2.70512
0.91666
1.73582
0.933931
1.06316
1.04265
1.16294
1.15628
1.06346
1.03682
1.1167
1.42236
1.1679
1.98791
1.68673
1.49283
1.06435
1.31012
1.46729
1.05971
1.05793
1.59054
0.996173
1.83713
1.02775
1.79106
1.39355
1.30589
1.21773
1.27085
1.01106
0.995866
1.34969
1.1332
0.900371
0.844726
1.01287
1.28236
0.987514
0.968212
1.24642
1.46794
1.24017
1.11525
1.08438
1.2754
1.02325
1.09809
1.14065
1.22257
1.73078
1.60373
1.22744
1.0798
1.20854
1.57183
1.54096
1.74875
1.19566
0.872955
1.6388
0.960389
1.19644
1.01757
0.98431
1.10687
1.28113
1.17962
1.36563
1.09819
1.08847
0.850725
1.59672
1.06826
1.04116
1.09858
1.06744
2.18133
1.42793
1.66476
0.959924
0.959115
1.20492
1.74338
0.902291
1.03132
0.997055
0.875314
2.10913
1.27461
1.01707
0.918789
0.807035
1.17799
0.881013
1.08369
1.34695
1.25647
1.31171
0.953988
0.993139
0.833305
1.03246
1.18389
1.06441
1.70836
0.847133
1.14796
0.819114
1.27652
1.00744
1.29442
1.44468
1.38671
1.23515
0.807357
1.25709
0.946193
1.01332
0.860751
0.917747
0.9916
1.50705
0.891857
1.06448
1.25276
1.37638
1.00718
0.936865
0.868804
1.04294
1.12805
1.02016
0.8949
0.768206
1.30271
1.31511
1.48086
1.20264
0.899643
0.969568
1.08788
1.05561
2.41895
1.10752
1.1642
1.10079
0.917449
1.28789
0.915035
1.91797
0.927196
1.06669
0.910952
1.1574
1.0765
1.02003
1.4296
0.911625
0.891905
0.967516
0.93206
0.868196
0.98105
0.827587
0.937531
0.8958
0.812224
0.774507
1.07493
1.06895
1.78759
1.12878
1.00736
1.24303
1.1952
0.944187
1.04952
1.04621
0.890754
0.90112
1.36671
0.854988
1.754
0.921585
0.934242
0.912974
1.12244
1.35082
1.01458
0.945825
0.937402
1.0368
0.979824
0.968323
1.05622
0.961668
0.801568
0.88085
0.746135
0.86387
1.02631
0.911577
1.35733
1.14181
1.21881
1.13335
1.79839
1.04132
1.10249
0.982192
1.11374
0.754365
0.9967
1.18701
1.15591
0.982436
0.960571
1.11733
0.83556
1.12295
0.81611
0.893451
1.36645
0.849791
1.01771
0.762081
0.756501
0.760303
0.676113
0.858024
1.17438
0.766014
1.16682
1.07053
1.28781
0.602144
1.23501
0.976075
0.873412
1.18969
0.705288
1.00333
0.976053
1.15735
1.08616
0.866003
1.69844
0.859376
0.862392
1.07962
1.14536
1.37377
0.836609
0.812712
1.14716
0.960161
1.63224
1.60524
1.38972
1.07746
1.34198
1.16035
0.842962
1.36898
0.667338
1.12859
0.882193
0.87965
1.14872
0.884351
1.28074
1.21975
1.03789
1.31474
0.798061
0.713391
1.2924
0.917684
0.954482
0.878401
0.86594
1.2005
1.23099
1.05128
1.21448
1.02453
1.00936
0.969307
0.697097
1.07173
1.12276
0.913608
0.971628
0.810153
0.905848
1.01077
1.02641
1.00061
0.898062
1.06203
0.73335
1.09827
0.919135
1.03161
1.28792
0.88177
1.17245
1.16901
1.05295
0.98905
1.18282
1.20849
1.19653
1.11561
0.858032
1.21061
0.924734
0.92451
1.11434
1.60153
0.771045
1.29595
1.03759
0.888077
0.884943
1.21103
1.12444
1.1573
1.0494
1.16922
1.10976
0.904986
1.15186
0.91058
1.28167
0.973183
0.91986
1.02221
0.941529
0.921042
0.924153
0.899827
0.966272
0.967772
1.02678
0.876334
0.957068
0.822857
1.19075
1.30964
1.34755
1.4096
1.15738
0.907329
0.968592
1.0813
1.03391
0.991594
0.978114
1.55023
0.941025
0.824578
1.1687
0.936373
1.22519
0.881792
0.960048
0.993013
1.02608
1.07689
0.96255
0.96336
0.971868
1.11054
1.03117
1.08959
1.03829
0.906994
0.95385
1.04237
0.898032
0.924091
1.12248
1.05283
0.923265
1.00646
1.12239
0.852608
0.967687
0.918347
0.870025
1.02166
1.07426
0.849689
1.24683
0.886612
1.01799
0.969019
1.14317
1.12813
1.09659
0.952784
1.14688
0.794134
0.972595
1.08954
1.0371
1.27396
0.926413
1.08072
0.988139
1.40286
1.59956
1.63898
0.985775
1.05517
0.926204
1.1922
1.07898
1.89985
1.08867
1.09264
0.928423
0.876299
0.923455
0.998942
1.34522
0.942494
1.19878
0.848521
1.12659
0.910534
0.938222
1.31181
0.821516
1.15679
2.44238
0.963648
0.94609
1.16047
0.925441
0.95744
0.960478
0.734525
0.785112
0.849874
0.953717
1.09077
0.840466
0.820695
1.26944
0.88243
1.26939
1.27535
0.819312
2.07595
0.897693
1.37654
1.24436
0.885662
1.26614
0.8387
2.27713
1.0815
1.05681
1.40442
1.83067
0.933345
1.03675
1.02369
1.02305
1.15733
1.06365
0.885914
1.19262
1.90731
1.05174
0.989792
0.954056
1.04424
1.03074
1.5883
0.882613
1.45476
1.6989
1.22752
1.15808
1.06692
1.07387
1.20947
0.993433
1.17802
0.848617
1.46916
0.932065
1.16631
1.14103
1.12468
2.26134
1.02318
1.70748
1.52121
1.09794
0.944615
1.81297
1.25165
1.08114
1.43957
1.01995
1.00246
1.20427
1.73229
1.09122
1.46035
1.23778
0.999712
1.44692
2.56454
1.14243
1.19046
1.40841
1.41707
1.02989
1.06344
1.25978
1.15539
1.14755
1.28627
2.19088
2.30791
1.34061
1.20848
1.27641
1.07341
1.0087
1.77946
0.90716
1.06662
1.10847
0.913747
1.00365
1.08555
1.14911
1.00196
1.11459
1.06895
0.972514
1.06629
1.3303
1.07397
1.44787
1.05388
1.17392
1.00853
1.03797
1.57332
1.08061
0.966671
1.1911
1.80575
2.53827
0.930833
1.52822
1.25139
0.995279
1.23621
1.60378
0.966467
2.50498
0.97673
1.4005
0.995995
1.12867
0.870879
1.13667
1.06768
1.05461
1.02871
1.1206
1.07076
1.63668
1.68577
1.18456
0.915371
1.99103
1.49251
1.74845
1.17354
0.972399
1.59329
0.979701
1.03565
1.85873
1.11355
1.66586
1.26063
1.67357
1.1662
1.06539
1.70427
1.24036
1.23799
2.35036
2.19119
1.02573
1.26477
1.10363
1.66089
0.925257
1.15626
1.05813
2.61728
1.29989
1.58665
0.972095
1.09228
1.55828
1.15599
2.06573
1.79692
1.2736
1.24368
1.18798
1.32306
1.333
1.28906
1.72151
1.97685
1.06857
1.56698
1.41561
1.43262
1.12828
0.978535
1.46566
1.6927
1.2414
1.26264
1.21309
1.73507
1.49399
1.97545
2.18229
2.79828
1.27365
1.25686
2.37186
1.2863
1.18822
1.34407
1.76043
2.10238
1.19492
1.4767
1.48493
1.18483
1.48767
1.4041
1.18486
1.70428
1.31037
1.31
2.06081
1.59923
1.23314
1.23959
1.93748
1.23722
2.10016
1.23815
1.90191
1.32584
1.46112
1.20897
1.39204
1.45077
2.06404
1.52517
1.46801
1.99929
1.67663
1.52791
1.33911
2.81737
1.58329
1.73425
2.10118
1.91581
1.81803
1.04928
1.56273
1.93598
1.97671
1.7063
1.53654
1.65277
1.67056
1.57634
2.25038
2.14815
2.00863
1.40565
1.6846
1.66203
1.77211
1.70767
1.74171
2.24483
1.82858
1.69858
2.43463
2.32591
1.61695
2.04819
1.64572
1.17044
2.03978
2.29349
1.7112
2.17796
2.06145
1.66479
2.25675
1.82353
2.10777
3.13191
1.88205
1.74505
1.872
2.439
1.50432
1.43066
1.73925
1.8624
2.21625
2.2451
2.39983
2.07032
2.103
1.45355
1.6208
1.69646
1.88746
1.41151
1.56708
2.05045
1.96023
1.80724
1.23771
1.21226
1.26855
1.22641
1.67057
1.38381
1.57158
2.73676
1.762
1.70727
1.57271
1.59457
1.90167
1.28759
1.32105
1.2543
1.18551
1.44414
1.30096
1.7261
1.1177
1.19775
1.4445
1.23839
1.56042
1.20302
1.5029
1.27851
1.18863
1.66251
1.16659
1.32434
1.7736
1.5207
1.36647
1.53362
1.51041
2.43612
1.32656
1.6217
1.2847
1.38611
1.56992
1.14715
1.65282
1.4246
1.32786
1.68149
1.25662
1.70392
1.94756
1.88029
1.76551
2.24977
1.67814
2.57292
1.44358
1.57194
1.50481
1.78285
2.31539
1.95403
1.66226
1.82461
1.49294
1.4053
1.67808
1.38406
1.63516
0.954577
2.04792
1.18166
2.12854
1.73098
1.15251
1.44925
1.98449
0.943917
0.987551
1.38171
1.54935
1.46699
1.89008
1.3505
1.83587
1.92981
1.89096
1.7194
1.35885
1.75449
0.923873
1.71306
1.4719
1.45578
1.68521
1.17085
2.10695
1.67878
1.31899
1.03504
1.02361
1.56521
1.69896
2.53489
1.63291
1.50917
1.15172
2.07681
1.55381
1.88601
1.30669
1.49146
1.54897
0.87805
1.87933
1.90107
1.53004
1.5782
1.23136
1.23136
1.96892
1.66813
1.67933
1.08698
1.36488
1.66481
0.947233
2.085
1.28943
0.973654
1.57948
1.36703
1.17363
0.953228
1.98173
1.56717
1.38137
1.31524
1.8042
1.48785
1.531
1.29412
1.73763
1.84887
0.912356
1.72367
1.29943
0.987129
1.4258
1.84247
1.74546
1.8203
1.55384
0.95545
1.63426
1.04895
1.77625
1.35971
1.78604
1.48826
0.96733
1.48747
1.28031
1.17623
1.6718
1.56352
1.83394
1.13851
0.804009
1.51547
1.03218
1.88721
0.825932
1.74628
1.77728
0.820124
1.12848
1.79927
1.45528
1.65613
1.58117
0.831886
1.26504
1.19982
1.67321
1.34718
1.52504
1.72937
1.60884
1.70899
1.34363
0.760982
1.52785
1.67395
1.66548
1.18124
1.39505
1.57056
1.64861
1.5384
1.97867
0.854262
1.90521
1.33743
1.88555
1.67617
1.22022
1.33854
1.57661
2.16055
1.7919
0.915605
2.01748
0.938606
1.83556
0.975587
1.77561
1.20546
1.39457
1.87675
1.11617
1.32197
1.87582
1.43352
1.54597
0.99319
1.27561
1.56885
1.222
1.12207
1.24712
1.36518
1.42236
1.54726
1.1825
1.20313
2.59223
1.41095
1.38793
1.22723
1.2738
1.62348
1.38455
1.1647
1.17487
1.42386
1.45122
0.990656
1.31516
1.34623
1.10054
1.01216
1.41947
1.10341
1.25606
1.2041
0.893124
1.03424
1.00404
1.30295
1.19943
1.02832
1.05583
1.66817
1.44972
1.2341
1.03474
1.12384
1.39745
1.09246
1.30229
1.04453
1.04816
0.97249
1.14298
1.14887
1.39799
0.904098
1.05243
1.12916
1.16934
0.995948
1.33292
1.07325
1.18451
2.23449
2.11998
1.39863
0.995314
0.958787
1.20608
1.03788
1.11561
1.51098
1.40406
1.0568
0.994956
1.0401
0.918062
1.19775
1.34006
0.92873
1.17154
1.33586
1.3015
1.41326
1.68814
1.02494
1.1286
1.04943
0.911553
1.38776
1.08339
1.00612
1.01368
0.986367
1.12622
1.70442
1.04855
1.00522
1.23583
1.03721
1.04579
0.971927
0.978921
1.05264
1.13653
0.998968
1.11903
0.917768
1.10072
1.03646
1.69532
0.996158
0.966935
1.04891
1.17649
1.13511
0.942764
1.35055
0.896922
3.62359
1.1352
1.02535
1.4053
1.20969
1.19757
0.991574
1.43609
1.14449
1.24383
1.51583
1.03084
2.14054
1.41876
1.11487
1.2361
1.07618
1.30134
1.06052
1.20752
0.8609
1.40684
2.0476
1.22807
0.963108
1.266
1.13536
1.33762
1.34802
1.00939
1.06899
1.05349
1.13796
1.10473
1.33652
1.90345
1.29984
1.07354
1.39868
1.15312
1.16507
0.96276
1.01854
1.18802
1.03667
1.2699
1.94151
0.871438
1.37594
1.42274
1.04004
0.840379
0.87753
1.14024
1.38153
1.48797
1.14719
1.03503
2.07463
1.21532
1.43879
1.2184
1.28327
1.37056
1.30002
0.987207
1.27045
1.08587
1.00742
1.59261
1.24507
1.36869
1.10541
1.09907
1.71869
1.65163
1.10777
1.58369
0.852906
1.14208
1.09791
2.78983
1.12725
1.17089
0.936964
0.970172
1.07329
1.31092
0.949143
0.942828
1.07674
0.797814
1.67607
0.853802
1.08295
0.990795
0.740335
1.79446
1.10245
1.22472
1.17863
1.63634
1.0885
0.930294
0.959547
1.07789
1.46508
0.858487
1.13208
0.97136
0.971621
0.858941
0.993951
0.930467
1.24743
1.04018
1.69505
1.17942
0.949766
1.06894
0.966724
0.80143
1.06087
1.10857
1.11736
0.941087
2.37604
1.41748
1.16437
0.894563
1.56486
0.961288
1.55574
2.04304
1.69866
1.10574
3.24797
0.949561
0.994592
1.12319
0.902299
0.95087
1.12972
1.51474
1.18377
1.1281
0.926696
1.08054
0.863944
1.16583
1.05372
1.12875
1.27845
1.22546
1.17125
1.07775
0.992499
0.962354
0.990947
0.945104
0.857771
0.892078
0.729699
1.06007
1.09694
1.03224
0.88452
0.98111
1.11388
1.12556
1.17872
0.978175
0.978925
0.947232
0.899682
0.959976
1.03544
1.09769
1.36127
0.800682
1.68482
1.0191
1.06531
0.992119
1.28048
1.38094
1.01763
0.964385
0.996199
1.10028
1.11565
1.09259
1.35207
0.901169
1.15715
1.32617
1.25581
1.30257
1.08487
1.00793
0.816944
1.187
1.35871
1.5737
1.2023
1.00809
0.819619
1.01939
1.14322
1.89481
0.912514
1.40648
1.04651
1.01734
0.911221
1.0604
1.41048
1.14524
0.916872
0.996182
0.904316
1.19855
1.52373
0.905462
1.58552
1.36392
1.01589
1.0032
1.08328
0.92159
1.86134
1.05372
0.828015
1.14239
1.03296
0.880786
1.04724
1.07053
1.22763
1.21514
1.64664
1.63998
1.10189
2.18986
1.32769
1.19524
1.1827
0.944993
1.11084
1.03204
0.9588
1.18448
0.987201
0.980869
0.922711
1.22098
0.997608
1.1296
1.16043
1.27971
2.04544
0.950827
1.18115
0.944934
0.838098
1.11752
1.17549
1.24698
0.979773
1.65588
1.02852
1.17665
1.0116
1.2401
2.05307
0.966037
2.13392
1.4197
1.01274
0.921324
1.14691
1.07142
0.993404
1.13316
0.87427
0.968541
1.75319
1.01357
1.07332
1.23597
1.11294
1.26442
1.14741
1.07633
1.22607
1.16954
1.1014
1.05915
1.11153
1.20575
1.06871
