1.29581
1.29704
1.30941
1.31871
1.30267
1.30863
1.30596
1.32456
1.30653
1.31063
1.32423
1.31788
1.31879
1.30913
1.30584
1.30926
1.30528
1.30056
1.31692
1.30187
1.29862
1.30544
1.29479
1.31762
1.31531
1.31579
1.3261
1.31266
1.30218
1.33797
1.29312
1.29764
1.32117
1.31597
1.3296
1.2984
1.3016
1.28749
1.33732
1.31698
1.31854
1.3129
1.32043
1.31349
1.30497
1.30891
1.32385
1.32192
1.31642
1.31928
1.30407
1.31891
1.33182
1.33009
1.32401
1.32538
1.32694
1.32779
1.31065
1.31002
1.29928
1.33036
1.32903
1.3259
1.33004
1.32514
1.32355
1.32936
1.32549
1.30698
1.29972
1.32297
1.33112
1.3254
1.3159
1.31328
1.32965
1.32397
1.32183
1.31276
1.31825
1.30531
1.31489
1.3327
1.33195
1.32715
1.31164
1.31515
1.29034
1.32646
1.33165
1.30072
1.32507
1.30573
1.32159
1.32511
1.3255
1.33174
1.31881
1.32776
1.33166
1.33068
1.32984
1.32987
1.31994
1.32375
1.32906
1.33074
1.32225
1.32703
1.31743
1.2915
1.3246
1.31626
1.32842
1.32413
1.32966
1.30326
1.32999
1.31499
1.30307
1.325
1.31105
1.32929
1.29636
1.32576
1.33341
1.30812
1.32893
1.33088
1.32755
1.31639
1.3343
1.31191
1.32894
1.32986
1.32062
1.3341
1.31442
1.30398
1.32982
1.33152
1.32543
1.31763
1.33453
1.32658
1.32588
1.29858
1.30872
1.30009
1.32723
1.3306
1.31735
1.2936
1.32931
1.32964
1.31726
1.32358
1.33261
1.32011
1.33246
1.31662
1.31424
1.32408
1.29989
1.33139
1.32018
1.32821
1.33082
1.29838
1.31306
1.3197
1.33406
1.32929
1.33192
1.33062
1.31576
1.32825
1.30813
1.32984
1.32093
1.32849
1.32771
1.33154
1.32027
1.31224
1.32992
1.32696
1.30801
1.32134
1.32938
1.31744
1.29616
1.29698
1.32819
1.32735
1.32809
1.32893
1.32468
1.33419
1.30685
1.328
1.33379
1.33329
1.31251
1.33155
1.33093
1.32864
1.32664
1.33177
1.29896
1.2946
1.32832
1.32224
1.31281
1.29989
1.30223
1.3326
1.3304
1.32957
1.33437
1.32852
1.32861
1.31023
1.3154
1.29455
1.32679
1.29822
1.32971
1.33089
1.3037
1.29847
1.32182
1.33593
1.2971
1.32751
1.334
1.33479
1.32781
1.33481
1.33122
1.34221
1.3399
1.31913
1.30791
1.33422
1.33367
1.31798
1.43207
1.38806
1.31133
1.31868
1.28947
1.30703
1.29685
1.31574
1.29617
1.29067
1.31211
1.31876
1.31501
1.31623
1.31074
1.31225
1.31223
1.32063
1.33133
1.31165
1.31963
1.29862
1.31931
1.31009
1.31661
1.30389
1.32065
1.31058
1.31132
1.31127
1.31779
1.31349
1.29045
1.31081
1.32492
1.31246
1.32333
1.31406
1.34212
1.30043
1.30219
1.30258
1.31304
1.31864
1.31424
1.32612
1.2926
1.32724
1.312
1.31757
1.29707
1.32294
1.3125
1.32783
1.30622
1.3065
1.29456
1.31363
1.30637
1.31979
1.3127
1.31918
1.28971
1.33037
1.29796
1.30622
1.31304
1.32263
1.28864
1.31792
1.31228
1.3238
1.31447
1.30883
1.28938
1.31867
1.3133
1.32503
1.31804
1.29028
1.28176
1.32062
1.31054
1.32019
1.31319
1.29456
1.29215
1.3244
1.31022
1.29777
1.31416
1.30421
1.31719
1.31634
1.30951
1.29306
1.29588
1.31596
1.29997
1.28721
1.32526
1.28101
1.32215
1.31792
1.3135
1.28718
1.32062
1.28613
1.31015
1.31438
1.31836
1.30387
1.28976
1.29736
1.30244
1.31789
1.31369
1.31501
1.30116
1.3232
1.30402
1.32434
1.29452
1.32032
1.27896
1.32206
1.30218
1.32574
1.31191
1.32579
1.31549
1.31902
1.30047
1.28951
1.30914
1.31197
1.30906
1.31783
1.28772
1.3229
1.31035
1.3158
1.30938
1.32192
1.31226
1.30448
1.30158
1.31337
1.30931
1.32279
1.31281
1.31681
1.31351
1.32357
1.31283
1.28533
1.27784
1.29075
1.32151
1.32325
1.31113
1.3212
1.29093
1.31466
1.30544
1.31447
1.30042
1.29373
1.31653
1.27828
1.29659
1.30212
1.31848
1.30751
1.32298
1.31099
1.31033
1.30983
1.31143
1.30006
1.29289
1.28386
1.31048
1.28934
1.30973
1.32576
1.31149
1.32113
1.30678
1.31291
1.28804
1.32115
1.2998
1.32035
1.29929
1.30566
1.31104
1.36489
1.32339
1.30914
1.31899
1.31329
1.29038
1.31454
1.31281
1.30954
1.32172
1.31029
1.30311
1.31012
1.31156
1.30512
1.32431
1.30664
1.32176
1.31183
1.32216
1.3316
1.32243
1.32438
1.3297
1.31712
1.3275
1.29863
1.29164
1.31765
1.32856
1.32266
1.32889
1.3265
1.30572
1.3261
1.29042
1.31861
1.32337
1.32587
1.32761
1.32072
1.30133
1.29847
1.29935
1.31448
1.31827
1.31016
1.27882
1.30313
1.30015
1.29045
1.31887
1.2866
1.29072
1.29242
1.31342
1.31961
1.29023
1.31839
1.31304
1.31461
1.29005
1.28855
1.30922
1.31982
1.31267
1.30684
1.30572
1.31368
1.3111
1.313
1.29592
1.30953
1.30379
1.31498
1.32368
1.32772
1.32379
1.31759
1.31273
1.29149
1.32133
1.31961
1.31578
1.30857
1.32015
1.31904
1.32226
1.298
1.32646
1.3062
1.31434
1.32696
1.3224
1.31162
1.31511
1.30558
1.30238
1.31531
1.32099
1.32059
1.3146
1.31267
1.3246
1.32297
1.30701
1.31192
1.30355
1.31599
1.32428
1.29978
1.32669
1.32656
1.29083
1.30019
1.3233
1.31586
1.31855
1.29124
1.31318
1.32292
1.30038
1.32624
1.2953
1.3211
1.2988
1.32019
1.31931
1.32488
1.32356
1.32149
1.32872
1.32096
1.32405
1.32466
1.30999
1.33113
1.32146
1.31478
1.32795
1.32804
1.31579
1.32098
1.29952
1.32258
1.30943
1.30666
1.31414
1.31901
1.2914
1.32309
1.31063
1.31589
1.31106
1.31732
1.31902
1.30728
1.321
1.31008
1.3222
1.31046
1.31991
1.31312
1.31759
1.29826
1.32077
1.31384
1.30084
1.30185
1.29487
1.31423
1.28927
1.33059
1.32854
1.29581
1.32355
1.31045
1.29399
1.29261
1.3245
1.33587
1.30244
1.29705
1.6328
1.30746
1.41523
1.32941
1.32672
1.33135
1.29423
1.34984
1.55198
1.43424
1.35482
1.4708
1.32841
1.4496
1.38163
1.39393
1.34021
1.30869
1.30399
1.30749
1.30472
1.32649
1.32442
1.41769
1.62181
1.30551
1.31262
1.33315
1.43923
1.31645
1.30423
1.31456
1.31751
1.39501
1.33798
1.50252
1.39373
1.56295
1.29684
1.5342
1.41669
1.30816
1.38796
1.59195
1.33278
1.34724
1.36422
1.32822
1.36074
1.42262
1.40946
1.32422
1.3779
1.32625
1.31959
1.31077
1.33086
1.31054
1.41912
1.40844
1.39092
1.71826
1.57778
1.66064
1.54661
1.45723
1.35753
1.54108
1.31907
1.37381
1.34912
1.54999
1.63412
1.42413
1.3268
1.5976
1.6899
1.34174
1.33295
1.47144
1.39282
1.33642
1.29239
1.3043
1.30132
1.30743
1.31781
1.29786
1.29878
1.31237
1.31919
1.33045
1.32347
1.31233
1.30343
1.29496
1.32316
1.31457
1.31828
1.29989
1.31517
1.31982
1.33179
1.31726
1.33595
1.30541
1.29888
1.3369
1.31732
1.32446
1.29583
1.33106
1.29722
1.32791
1.31666
1.32893
1.30931
1.30061
1.3058
1.31911
1.31538
1.32112
1.33565
1.33587
1.30103
1.30406
1.30971
1.31992
1.30639
1.30384
1.31588
1.3214
1.3383
1.30432
1.32734
1.32557
1.31828
1.30826
1.3394
1.30543
1.32912
1.31463
1.3095
1.31442
1.33554
1.29219
1.31467
1.32955
1.321
1.33293
1.31787
1.30963
1.33237
1.30837
1.31677
1.31129
1.30628
1.33204
1.33148
1.3259
1.32438
1.33439
1.31474
1.33079
1.3347
1.31698
1.32253
1.31551
1.32367
1.33411
1.31234
1.32215
1.32404
1.30261
1.33394
1.30954
1.33105
1.31532
1.33128
1.33519
1.33255
1.32568
1.33366
1.3108
1.32267
1.33121
1.32353
1.32367
1.33441
1.3322
1.32119
1.33276
1.32336
1.33047
1.31935
1.33065
1.33754
1.33275
1.31848
1.32104
1.31477
1.30851
1.33023
1.31534
1.32116
1.33165
1.33049
1.31684
1.33438
1.32046
1.30529
1.33362
1.3282
1.3181
1.32364
1.32483
1.31659
1.33024
1.32704
1.33337
1.33233
1.32899
1.3255
1.32387
1.30891
1.32997
1.33173
1.33174
1.33478
1.39177
1.38264
1.59939
1.36416
1.39598
1.49353
1.40387
1.48729
1.30335
1.31453
1.3409
1.48065
1.42192
1.42698
1.33035
1.33387
1.32981
1.29988
1.31506
1.31839
1.30005
1.33201
1.32717
1.33101
1.33737
1.3035
1.30421
1.32506
1.32883
1.35403
1.29433
1.30354
1.30248
1.30183
1.31397
1.31264
1.32927
1.33074
1.32564
1.33052
1.33777
1.32468
1.31437
1.32939
1.3204
1.33711
1.31181
1.31588
1.32033
1.31192
1.33113
1.32663
1.31965
1.31036
1.33676
1.30937
1.30501
1.32166
1.30998
1.42373
1.65588
1.45427
1.31237
1.33053
1.32107
1.29769
1.32434
1.31522
1.32269
1.3113
1.32456
1.32913
1.31332
1.32815
1.31591
1.32516
1.30564
1.31992
1.30155
1.31721
1.30153
1.29787
1.29417
1.31957
1.324
1.33216
1.29218
1.36061
1.32007
1.30755
1.31497
1.32582
1.31266
1.31722
1.32205
1.33168
1.32979
1.32224
1.33015
1.31908
1.3309
1.33146
1.3041
1.32947
1.30577
1.33185
1.3058
1.33099
1.32548
1.32976
1.31094
1.31526
1.33624
1.32477
1.33333
1.33799
1.32276
1.30238
1.32514
1.32965
1.31453
1.30586
1.31198
1.33209
1.33011
1.32266
1.32502
1.33477
1.30489
1.33111
1.32393
1.33365
1.30579
1.31131
1.32298
1.3085
1.32233
1.32394
1.32661
1.32591
1.33414
1.32308
1.33323
1.29566
1.32003
1.32837
1.30543
1.33568
1.32424
1.32147
1.32285
1.33244
1.29698
1.33202
1.33302
1.32279
1.3058
1.32349
1.33056
1.3207
1.30581
1.31943
1.32598
1.33181
1.31748
1.32315
1.29601
1.32847
1.32518
1.33008
1.33657
1.32656
1.32906
1.32703
1.32452
1.31685
1.31705
1.32831
1.32125
1.33333
1.3322
1.31958
1.30657
1.3225
1.33464
1.31349
1.33068
1.31745
1.32377
1.33047
1.30739
1.32767
1.31136
1.32317
1.31868
1.32807
1.33354
1.31053
1.33371
1.31162
1.30976
1.31724
1.31064
1.31657
1.33204
1.3046
1.3273
1.33731
1.32067
1.33106
1.3248
1.31473
1.31677
1.30974
1.33152
1.32391
1.31515
1.31688
1.33215
1.30177
1.32037
1.32643
1.32186
1.30842
1.31275
1.31114
1.32558
1.32982
1.29017
1.34162
1.31388
1.33204
1.30294
1.29669
1.3174
1.32361
1.2932
1.33322
1.32005
1.33409
1.32517
1.32357
1.31894
1.29686
1.32772
1.31957
1.33251
1.32226
1.32224
1.31496
1.32098
1.3348
1.32473
1.33639
1.33544
1.29867
1.33305
1.32244
1.33249
1.30315
1.30189
1.32756
1.30273
1.30721
1.30291
1.32237
1.32927
1.32502
1.31985
1.32743
1.3243
1.30416
1.30396
1.33439
1.32735
1.33848
1.31825
1.30697
1.31165
1.33379
1.32976
1.30665
1.33156
1.30501
1.30521
1.32179
1.33224
1.3102
1.32969
1.32914
1.29196
1.32516
1.32726
1.32867
1.30536
1.32518
1.29329
1.33413
1.29506
1.32694
1.29596
1.3354
1.29317
1.33473
1.31256
1.31004
1.29916
1.33117
1.31771
1.3348
1.3242
1.30105
1.32052
1.32759
1.32881
1.32362
1.33421
1.33354
1.31892
1.32692
1.31898
1.33233
1.32101
1.32983
1.30206
1.31962
1.32888
1.31392
1.33041
1.31498
1.32632
1.31074
1.32276
1.31408
1.32013
1.30207
1.33112
1.32764
1.2918
1.33276
1.32279
1.33361
1.30267
1.32856
1.31013
1.32618
1.32791
1.30391
1.32002
1.32521
1.33365
1.32364
1.32773
1.33354
1.34855
1.34075
1.32973
1.33431
1.32344
1.3305
1.31635
1.30763
1.43405
1.30559
1.30872
1.314
1.32548
1.31957
1.3265
1.32005
1.33299
1.32115
1.3256
1.31522
1.30907
1.30671
1.32256
1.3061
1.3339
1.31878
1.31279
1.31495
1.33139
1.334
1.29803
1.32909
1.32743
1.33689
1.32766
1.32709
1.30773
1.32327
1.33511
1.33785
1.32271
1.33611
1.3163
1.32723
1.33652
1.32357
1.31299
1.308
1.32841
1.32298
1.32728
1.32966
1.32473
1.33665
1.31687
1.32506
1.33388
1.32816
1.30329
1.32811
1.33183
1.32056
1.3179
1.30897
1.3163
1.33252
1.30715
1.32438
1.30757
1.33072
1.31813
1.32759
1.32089
1.32069
1.30782
1.32071
1.31302
1.32713
1.33344
1.29939
1.32669
1.32979
1.30186
1.33043
1.32463
1.33034
1.32459
1.32723
1.31622
1.32936
1.33242
1.31938
1.33209
1.3182
1.30182
1.32936
1.32004
1.33096
1.31398
1.30147
1.30588
1.32775
1.32276
1.33512
1.32814
1.30288
1.32095
1.32308
1.33168
1.29936
1.32978
1.30048
1.3307
1.32387
1.3157
1.32307
1.32453
1.3323
1.31446
1.30831
1.31946
1.3305
1.32663
1.32658
1.32798
1.30769
1.31153
1.32362
1.32566
1.30238
1.33497
1.32624
1.32508
1.35131
1.29568
1.31818
1.30718
1.3332
1.31316
1.33161
1.29445
1.33518
1.33144
1.32117
1.33706
1.31906
1.3235
1.31261
1.29818
1.32075
1.32428
1.32787
1.32176
1.33108
1.31898
1.32678
1.33207
1.30297
1.33582
1.29695
1.32981
1.30631
1.30691
1.3015
1.31627
1.32195
1.33229
1.2998
1.33273
1.32247
1.32921
1.33016
1.31481
1.3239
1.31354
1.2958
1.30465
1.31742
1.30887
1.32425
1.29915
1.29263
1.31938
1.28161
1.31729
1.30645
1.32034
1.29921
1.28699
1.29332
1.3163
1.31934
1.29886
1.32382
1.30479
1.3367
1.30522
1.33229
1.30674
1.31666
1.30588
1.3221
1.32172
1.34489
1.30823
1.31388
1.32987
1.29477
1.30626
1.32596
1.33167
1.3197
1.34403
1.33397
1.3224
1.3341
1.31124
1.30694
1.30109
1.31211
1.29723
1.32771
1.32327
1.32507
1.30695
1.30879
1.32186
1.31092
1.32323
1.32393
1.31911
1.32132
1.31687
1.31671
1.3318
1.31929
1.33426
1.33189
1.30489
1.32243
1.31927
1.32516
1.32541
1.33192
1.31512
1.32807
1.31428
1.31832
1.33549
1.3036
1.33157
1.3068
1.32351
1.32425
1.3047
1.29607
1.31293
1.31044
1.32464
1.32442
1.30408
1.30474
1.3211
1.29598
1.30898
1.3273
1.31948
1.32421
1.3195
1.30153
1.31528
1.32766
1.33095
1.30584
1.3017
1.29524
1.29908
1.30715
1.31515
1.32111
1.33538
1.32193
1.30955
1.32975
1.32137
1.33393
1.32045
1.30703
1.3033
1.32897
1.326
1.33042
1.32628
1.29811
1.30463
1.30762
1.30754
1.30699
1.32359
1.30149
1.32308
1.30011
1.32437
1.32638
1.29208
1.32791
1.32686
1.3289
1.30797
1.30298
1.30047
1.3202
1.31587
1.33083
1.30739
1.31471
1.29998
1.31909
1.3226
1.32627
1.31431
1.31794
1.30593
1.323
1.31404
1.3257
1.32591
1.31971
1.32841
1.30499
1.30949
1.31413
1.30428
1.30697
1.33337
1.30471
1.30766
1.31803
1.3029
1.31675
1.31797
1.32404
1.32814
1.31342
1.31254
1.30011
1.31271
1.33429
1.32426
1.3178
1.3072
1.31618
1.33043
1.30995
1.31928
1.31239
1.31544
1.31373
1.30375
1.31486
1.3134
1.32294
1.29925
1.33303
1.31165
1.31216
1.32573
1.31543
1.3063
1.32759
1.31506
1.31534
1.33439
1.32516
1.31433
1.31459
1.33167
1.33245
1.32526
1.30866
1.32507
1.30356
1.3163
1.32219
1.3114
1.30688
1.31102
1.33374
1.31611
1.32481
1.2997
1.32435
1.32843
1.3251
1.32103
1.32233
1.31072
1.3096
1.30481
1.31685
1.32418
1.29744
1.31491
1.30124
1.33659
1.31094
1.31459
1.32698
1.31896
1.31364
1.33097
1.3309
1.33136
1.31553
1.31542
1.32814
1.31904
1.30948
1.31032
1.32907
1.33043
1.33637
1.32528
1.33413
1.33534
1.32721
1.33094
1.33261
1.31223
1.32632
1.31428
1.32662
1.32702
1.32671
1.31562
1.31627
1.3029
1.32137
1.31874
1.31411
1.32011
1.33259
1.31588
1.33184
1.32337
1.29245
1.32963
1.31996
1.30486
1.32046
1.33007
1.30394
1.33235
1.31978
1.31314
1.29236
1.33051
1.32207
1.32735
1.33133
1.32203
1.31325
1.32016
1.31879
1.29669
1.33267
1.32579
1.32799
1.31017
1.32179
1.30712
1.32328
1.30765
1.30188
1.32406
1.30663
1.30856
1.32854
1.326
1.32365
1.32092
1.32215
1.32312
1.33013
1.32588
1.33243
1.31529
1.33298
1.33298
1.29311
1.33216
1.32138
1.32812
1.29983
1.31388
1.2949
1.27148
1.32737
1.3241
1.31623
1.33308
1.31341
1.3292
1.32304
1.33105
1.32622
1.31707
1.30608
1.31605
1.31469
1.2979
1.31446
1.32318
1.29875
1.32947
1.33202
1.3176
1.33053
1.32087
1.32016
1.32255
1.31947
1.32384
1.30878
1.33248
1.31664
1.33286
1.32816
1.30217
1.32791
1.32567
1.32966
1.29509
1.32388
1.32041
1.32968
1.31901
1.32675
1.29912
1.32697
1.32539
1.30068
1.33229
1.32371
1.30587
1.31917
1.31191
1.33467
1.33462
1.30215
1.33166
1.32861
1.33643
1.31172
1.32642
1.32957
1.32805
1.33184
1.32905
1.33794
1.33329
1.33219
1.32412
1.33137
1.32938
1.31521
1.32713
1.33174
1.32665
1.32366
1.33389
1.33798
1.3356
1.30847
1.32354
1.32491
1.3322
1.33138
1.32937
1.32348
1.3154
1.33115
1.31042
1.32842
1.31626
1.30224
1.33048
1.33356
1.30941
1.30572
1.30871
1.31801
1.3315
1.31336
1.30823
1.32316
1.29801
1.33155
1.32455
1.33893
1.31555
1.33398
1.32834
1.32507
1.32386
1.33948
1.29645
1.33361
1.32622
1.33742
1.32961
1.33194
1.31235
1.33483
1.33022
1.33366
1.33545
1.31123
1.33514
1.33507
1.32814
1.33486
1.32992
1.3294
1.33414
1.33224
1.32855
1.33572
1.32859
1.32861
1.33415
1.33128
1.33262
1.33312
1.30722
1.32607
1.33184
1.32833
1.3292
1.33148
1.32901
1.30965
1.34065
1.33386
1.32519
1.31915
1.3274
1.33746
1.3348
1.31969
1.30597
1.3338
1.32253
1.31723
1.31747
1.31692
1.31003
1.31638
1.31173
1.30472
1.29797
1.31659
1.29499
1.32161
1.32156
1.31267
1.3182
1.32396
1.30313
1.31132
1.3283
1.31215
1.33389
1.31971
1.30513
1.31058
1.32975
1.32758
1.32735
1.33864
1.3177
1.34551
1.3056
1.33486
1.3172
1.30379
1.31646
1.31157
1.326
1.32054
1.33116
1.33531
1.33719
1.32991
1.33601
1.33549
1.32685
1.31646
1.32718
1.29879
1.32688
1.3366
1.33154
1.33777
1.31213
1.32962
1.33272
1.33294
1.33859
1.31404
1.29942
1.30964
1.33545
1.32525
1.33253
1.33531
1.32679
1.33597
1.3239
1.31872
1.31349
1.30042
1.33983
1.33533
1.33104
1.33838
1.30425
1.32949
1.33026
1.33832
1.32239
1.3247
1.33487
1.32996
1.33612
1.30707
1.32677
1.33125
1.33129
1.29571
1.31735
1.32809
1.33305
1.3275
1.33048
1.33433
1.31106
1.33133
1.33647
1.33817
1.31369
1.31958
1.32062
1.32939
1.33334
1.30521
1.33168
1.33615
1.33287
1.33449
1.32247
1.33134
1.27815
1.31578
1.33101
1.31263
1.32972
1.33097
1.3136
1.306
1.32961
1.32979
1.3071
1.3338
1.3047
1.32619
1.3136
1.31006
1.32128
1.31942
1.32964
1.33478
1.29696
1.32881
1.3338
1.33092
1.30236
1.33576
1.31764
1.31484
1.32137
1.31459
1.32959
1.32004
1.32399
1.31145
1.32808
1.31112
1.32063
1.33634
1.32665
1.33512
1.33015
1.32781
1.30206
1.3125
1.31653
1.32928
1.31327
1.32335
1.31952
1.32982
1.3168
1.32312
1.31884
1.32641
1.32627
1.31073
1.32133
1.32108
1.32206
1.33838
1.31988
1.32949
1.33578
1.30815
1.31952
1.30593
1.32421
1.32638
1.3078
1.30516
1.33051
1.32598
1.30783
1.3123
1.33275
1.32999
1.32387
1.32256
1.32597
1.32606
1.29858
1.32979
1.33304
1.32451
1.30988
1.32105
1.333
1.30496
1.31599
1.30836
1.33146
1.32154
1.32245
1.33384
1.32175
1.30122
1.31943
1.31258
1.32356
1.31919
1.30017
1.33579
1.32028
1.3217
1.30545
1.32336
1.33226
1.3163
1.32362
1.30109
1.33014
1.29478
1.30549
1.32004
1.31021
1.30113
1.30915
1.32694
1.33234
1.31426
1.33152
1.31885
1.32746
1.32288
1.31265
1.32487
1.32019
1.33352
1.31359
1.32071
1.31639
1.31711
1.30562
1.32709
1.32148
1.29911
1.33136
1.31931
1.33391
1.31924
1.30965
1.31544
1.30887
1.30544
1.3315
1.32723
1.32678
1.33025
1.31113
1.32768
1.29406
1.30981
1.30314
1.31931
1.31706
1.3293
1.31009
1.3307
1.32066
1.32714
1.32611
1.30047
1.32802
1.30346
1.31713
1.29596
1.32765
1.29839
1.32662
1.31974
1.3278
1.30689
1.33714
1.31901
1.33144
1.32916
1.29751
1.32603
1.31246
1.32287
1.32183
1.29669
1.30499
1.3251
1.29351
1.3301
1.32453
1.32571
1.3245
1.32149
1.32477
1.33152
1.30567
1.29846
1.33149
1.29463
1.32949
1.32187
1.30372
1.30142
1.30192
1.30255
1.32278
1.32286
1.31769
1.29647
1.3214
1.33289
1.32725
1.29605
1.30561
1.32679
1.32802
1.31519
1.32569
1.29962
1.31396
1.3221
1.32706
1.31714
1.33241
1.33212
1.31897
1.30304
1.32239
1.32031
1.32114
1.32788
1.30179
1.33283
1.33132
1.32447
1.33544
1.31011
1.32524
1.3207
1.32777
1.33418
1.32021
1.32763
1.32567
1.31478
1.30946
1.32608
1.29342
1.32919
1.31959
1.32054
1.32139
1.32435
1.3077
1.29047
1.33462
1.3281
1.31641
1.31945
1.30766
1.32108
1.32147
1.33013
1.3199
1.33517
1.30792
1.32635
1.29502
1.30464
1.30573
1.3348
1.32473
1.32803
1.32586
1.30781
1.31098
1.31531
1.29815
1.33085
1.33632
1.30168
1.34717
1.32349
1.32502
1.33408
1.30361
1.32963
1.30966
1.31524
1.30243
1.30854
1.32219
1.31799
1.31986
1.31803
1.32296
1.3174
1.30495
1.32364
1.32404
1.33121
1.32361
1.32054
1.31003
1.29854
1.30091
1.31409
1.33434
1.32321
1.33515
1.33192
1.31256
1.31371
1.31296
1.31527
1.30682
1.30763
1.31552
1.32684
1.3203
1.29968
1.32189
1.31021
1.3128
1.32469
1.3014
1.3301
1.32142
1.30582
1.3064
1.34103
1.29177
1.30264
1.32627
1.32563
1.32632
1.30713
1.32594
1.32389
1.31741
1.32363
1.31312
1.32333
1.33107
1.302
1.3222
1.29177
1.33795
1.31524
1.33476
1.31532
1.3036
1.30747
1.33125
1.33229
1.32201
1.32834
1.32131
1.3312
1.30475
1.32578
1.33055
1.32435
1.33373
1.31118
1.31677
1.31791
1.32205
1.31772
1.29703
1.32889
1.30309
1.30597
1.32587
1.31552
1.29707
1.33262
1.31195
1.31433
1.32625
1.32116
1.31481
1.33958
1.31678
1.31568
1.34028
1.30711
1.33415
1.32514
1.30607
1.29793
1.32359
1.32056
1.33551
1.33829
1.3127
1.33946
1.32661
1.31807
1.31698
1.31204
1.32886
1.31095
1.33472
1.32462
1.32688
1.33369
1.3199
1.32022
1.32468
1.33754
1.32296
1.32206
1.33782
1.33161
1.31261
1.30351
1.33173
1.31626
1.31651
1.31905
1.31758
1.33693
1.32789
1.32767
1.33722
1.31882
1.33199
1.3382
1.31934
1.33764
1.32962
1.31861
1.33715
1.30833
1.31942
1.32079
1.3327
1.32652
1.32298
1.32796
1.31488
1.32031
1.32499
1.32714
1.3339
1.32043
1.33561
1.33375
1.32299
1.33642
1.32064
1.33125
1.33477
1.32457
1.32369
1.32388
1.32692
1.29847
1.30827
1.32323
1.3069
1.3075
1.33189
1.32581
1.29435
1.33455
1.29291
1.3337
1.32149
1.32584
1.31948
1.331
1.3373
1.31912
1.33984
1.32977
1.31475
1.32503
1.32317
1.33604
1.33586
1.32078
1.33536
1.32423
1.30487
1.31397
1.32895
1.33362
1.32242
1.33504
1.32182
1.3007
1.31225
1.3048
1.31261
1.30952
1.32269
1.33537
1.31995
1.31694
1.33383
1.31974
1.33931
1.33005
1.31094
1.3191
1.32378
1.3312
1.32014
1.3157
1.33034
1.32829
1.31403
1.33059
1.32576
1.31366
1.32858
1.33485
1.29926
1.32882
1.32522
1.32735
1.33198
1.32145
1.33113
1.32229
1.31901
1.31756
1.33798
1.32944
1.30525
1.32675
1.31144
1.33662
1.31345
1.32255
1.33354
1.32706
1.3067
1.32576
1.32952
1.32989
1.3261
1.33289
1.33126
1.31709
1.33053
1.29134
1.3369
1.30659
1.33511
1.32973
1.32063
1.3346
1.32447
1.32922
1.33791
1.32356
1.33985
1.31717
1.32984
1.33425
1.33907
1.32795
1.33542
1.31199
1.3316
1.30994
1.34102
1.32829
1.31919
1.3145
1.3292
1.3316
1.33655
1.3016
1.33501
1.33689
1.33281
1.33133
1.33812
1.3127
1.30278
1.33525
1.31844
1.3394
1.32112
1.3372
1.3125
1.31893
1.314
1.30856
1.33168
1.31705
1.2854
1.31301
1.33777
1.33322
1.33369
1.33443
1.33795
1.31996
1.30581
1.32629
1.32639
1.33703
1.30043
1.33002
1.3306
1.33262
1.33604
1.33205
1.30192
1.33636
1.30258
1.33692
1.33448
1.32666
1.33628
1.33786
1.32565
1.33592
1.3354
1.32038
1.30887
1.30938
1.32797
1.33104
1.31077
1.33033
1.32402
1.32952
1.31246
1.33539
1.33684
1.32994
1.33424
1.33531
1.33286
1.31055
1.33122
1.33169
1.33189
1.32351
1.33774
1.33612
1.33039
1.32513
1.33402
1.33308
1.33387
1.31754
1.32984
1.33287
1.33344
1.32938
1.33718
1.31428
1.32494
1.31979
1.32836
1.30758
1.32893
1.33641
1.33134
1.32682
1.33626
1.33202
1.33236
1.31601
1.32499
1.33752
1.29808
1.31386
1.33837
1.33101
1.33791
1.32911
1.33368
1.33681
1.30701
1.32699
1.33179
1.33859
1.31324
1.33474
1.3316
1.33252
1.33538
1.33285
1.33145
1.33844
1.3372
1.3026
1.30829
1.33306
1.32045
1.31884
1.34221
1.31873
1.30834
1.32938
1.33312
1.32618
1.30851
1.32559
1.30193
1.32397
1.30062
1.2962
1.32742
1.29889
1.32725
1.30526
1.33735
1.32527
1.33596
1.3359
1.29451
1.33479
1.31956
1.29766
1.3296
1.33456
1.29384
1.3243
1.32521
1.30943
1.33391
1.30178
1.3048
1.30969
1.35149
1.33381
1.32869
1.30835
1.34106
1.33045
1.31458
1.33172
1.29876
1.31501
1.30767
1.318
1.34069
1.32232
1.32714
1.32602
1.29517
1.31401
1.32568
1.29947
1.32157
1.3102
1.30904
1.32576
1.30322
1.29746
1.33484
1.32219
1.32483
1.33522
1.32593
1.33452
1.31092
1.30847
1.32331
1.3275
1.29902
1.32038
1.32846
1.31649
1.33553
1.29426
1.33001
1.3261
1.30513
1.33074
1.32881
1.32393
1.30539
1.32988
1.32077
1.33685
1.33118
1.32466
1.33468
1.31524
1.32643
1.33433
1.32151
1.31794
1.32785
1.3273
1.32873
1.32156
1.33108
1.32032
1.32902
1.29907
1.31708
1.32761
1.30126
1.31102
1.32543
1.31857
1.32206
1.32168
1.31796
1.33038
1.31447
1.33281
1.32613
1.32469
1.32092
1.32086
1.32644
1.3323
1.31799
1.32731
1.31026
1.31941
1.3204
1.33006
1.33247
1.32508
1.32656
1.30637
1.32719
1.32174
1.3333
1.33474
1.29565
1.30907
1.32372
1.33737
1.32672
1.32696
1.33006
1.31079
1.32
1.32859
1.33282
1.3284
1.29606
1.3197
1.32564
1.31243
1.28583
1.33438
1.32094
1.32657
1.30657
1.30936
1.31797
1.31296
1.31128
1.32876
1.3219
1.30558
1.31794
1.30609
1.32235
1.32926
1.33628
1.31922
1.32979
1.32604
1.30544
1.31385
1.3142
1.31187
1.34621
1.32813
1.32483
1.30767
1.32008
1.33144
1.32601
1.32264
1.32365
1.32099
1.32711
1.31622
1.31091
1.3253
1.32588
1.32836
1.32165
1.30935
1.31827
1.32728
1.3313
1.31313
1.29947
1.32842
1.33532
1.32362
1.33132
1.33036
1.31296
1.30957
1.32579
1.31542
1.30969
1.31754
1.32126
1.33537
1.33124
1.32453
1.32895
1.31658
1.32613
1.31835
1.32493
1.32625
1.32181
1.33001
1.31331
1.3327
1.33867
1.32523
1.33114
1.3299
1.32172
1.32249
1.32671
1.34794
1.33269
1.3251
1.34488
1.33693
1.32749
1.32607
1.32371
1.32168
1.30542
1.32725
1.3055
1.31177
1.35643
1.29648
1.34657
1.33394
1.32424
1.3277
1.30104
1.32856
1.29887
1.3187
1.29987
1.33708
1.33371
1.32414
1.33382
1.32743
1.31228
1.32217
1.32919
1.33622
1.32167
1.33041
1.33768
1.32765
1.32235
1.31676
1.32583
1.33029
1.31821
1.332
1.31994
1.30252
1.31456
1.33372
1.33015
1.31831
1.33367
1.33256
1.32822
1.33861
1.3013
1.30932
1.29692
1.33358
1.30143
1.33668
1.32399
1.33176
1.31482
1.32051
1.33443
1.30953
1.32101
1.33235
1.32837
1.30322
1.32538
1.32274
1.32984
1.33958
1.31015
1.33064
1.33057
1.32597
1.33732
1.34071
1.2933
1.32655
1.30125
1.33047
1.29852
1.3206
1.33186
1.33773
1.30038
1.31329
1.32907
1.32381
1.33272
1.33256
1.30585
1.30341
1.32002
1.30031
1.34148
1.30815
1.3111
1.3116
1.30818
1.30432
1.31967
1.32905
1.33132
1.32075
1.32341
1.324
1.31918
1.32232
1.31187
1.33042
1.29862
1.30442
1.31621
1.33301
1.33015
1.30099
1.33041
1.31735
1.32009
1.3267
1.31287
1.31148
1.33496
1.32331
1.32071
1.33161
1.30258
1.33882
1.29668
1.30822
1.31808
1.33225
1.30919
1.31416
1.31901
1.30549
1.30521
1.33481
1.30141
1.32852
1.32017
1.32915
1.33666
1.30936
1.30311
1.30287
1.32286
1.30469
1.308
1.33057
1.3049
1.3209
1.32402
1.33324
1.32787
1.30524
1.32625
1.3378
1.30437
1.3257
1.29628
1.29871
1.33245
1.33102
1.3301
1.33589
1.33323
1.32163
1.30263
1.30705
1.33244
1.3361
1.32986
1.34403
1.31749
1.3279
1.31578
1.32379
1.33447
1.33745
1.33582
1.32923
1.31977
1.30888
1.30413
1.33322
1.31915
1.33556
1.33512
1.30485
1.33101
1.33426
1.30275
1.3188
1.33861
1.33619
1.32468
1.33536
1.30237
1.33404
1.31262
1.3318
1.33678
1.33045
1.31697
1.3166
1.33
1.3149
1.3364
1.33106
1.3254
1.3271
1.32066
1.33287
1.33996
1.32947
1.33901
1.33626
1.29969
1.33376
1.31913
1.32282
1.32432
1.31783
1.31122
1.32315
1.31654
1.31109
1.31073
1.32601
1.33138
1.31731
1.33279
1.31417
1.31953
1.31684
1.31399
1.31427
1.3275
1.33283
1.30336
1.32586
1.30286
1.33389
1.30643
1.32351
1.31897
1.30834
1.31553
1.32526
1.33167
1.32599
1.3197
1.32178
1.32495
1.38277
1.32469
1.30423
1.34105
1.33021
1.32853
1.34097
1.32669
1.32704
1.32022
1.30839
1.33616
1.31478
1.32442
1.32914
1.33174
1.33346
1.31786
1.32603
1.31147
1.33452
1.3358
1.31887
1.33548
1.33436
1.32496
1.3371
1.32168
1.32516
1.33199
1.31896
1.32116
1.32474
1.32621
1.33203
1.32319
1.32788
1.32471
1.30658
1.32301
1.33095
1.31332
1.31455
1.32888
1.32825
1.32901
1.29541
1.32883
1.31228
1.30958
1.29273
1.33228
1.3089
1.32652
1.32134
1.32712
1.32135
1.32387
1.32247
1.32572
1.32584
1.33022
1.32755
1.32907
1.3019
1.33381
1.33727
1.29012
1.33295
1.32438
1.31637
1.32717
1.30668
1.32836
1.33166
1.334
1.32068
1.30612
1.32506
1.33948
1.34021
1.30652
1.30052
1.32738
1.30706
1.32602
1.32742
1.31106
1.33361
1.32198
1.31392
1.33449
1.30444
1.30647
1.31134
1.33207
1.31605
1.32468
1.32073
1.33142
1.32326
1.32782
1.33005
1.32836
1.31777
1.31588
1.32391
1.32215
1.32101
1.30529
1.32912
1.33118
1.30345
1.30982
1.29734
1.33612
1.32128
1.32417
1.33202
1.32854
1.32402
1.33723
1.29436
1.30559
1.33311
1.30597
1.32328
1.33451
1.32697
1.33434
1.33529
1.32435
1.33626
1.33664
1.32358
1.33479
1.33366
1.32329
1.31494
1.33017
1.30494
1.32541
1.32836
1.33256
1.32683
1.33354
1.3117
1.33018
1.3343
1.33004
1.30822
1.31056
1.31087
1.32067
1.3141
1.33272
1.31324
1.33027
1.33014
1.31042
1.31573
1.34032
1.33188
1.30305
1.32427
1.32567
1.31436
1.3271
1.307
1.29612
1.33138
1.32829
1.3019
1.30748
1.30903
1.33127
1.32553
1.31089
1.3275
1.31972
1.32586
1.32598
1.33459
1.31537
1.33277
1.32914
1.33649
1.33278
1.30585
1.33785
1.32554
1.31326
1.33337
1.30099
1.33478
1.32622
1.32349
1.33172
1.32822
1.32943
1.32086
1.3312
1.32662
1.32693
1.30501
1.31497
1.33024
1.31213
1.33501
1.32382
1.32855
1.32936
1.29801
1.3182
1.32748
1.32996
1.30397
1.33184
1.32424
1.32841
1.34034
1.32474
1.32061
1.31343
1.31727
1.32761
1.31734
1.32849
1.31044
1.32933
1.32375
1.30729
1.30391
1.3291
1.33525
1.32083
1.32688
1.30772
1.32677
1.31641
1.32425
1.32803
1.32122
1.31975
1.32369
1.33182
1.30897
1.32306
1.32966
1.32544
1.32988
1.29773
1.33036
1.33674
1.32387
1.32914
1.33212
1.32265
1.33267
1.32653
1.3174
1.30662
1.31003
1.3251
1.33689
1.30529
1.31132
1.33677
1.32636
1.33126
1.29911
1.33493
1.33293
1.32212
1.32505
1.32431
1.33273
1.33185
1.31414
1.31912
1.31397
1.33635
1.3331
1.32186
1.30504
1.32358
1.3059
1.32976
1.30592
1.32413
1.32312
1.30919
1.32748
1.33789
1.31223
1.33236
1.32778
1.29962
1.29221
1.31119
1.3029
1.33923
1.31911
1.33805
1.31857
1.30213
1.33539
1.32314
1.33266
1.3003
1.30725
1.32592
1.33934
1.32565
1.33168
1.30999
1.32035
1.33085
1.33772
1.32624
1.3258
1.30124
1.32671
1.31676
1.33608
1.32716
1.32819
1.32979
1.33289
1.31955
1.31108
1.3194
1.33662
1.32769
1.333
1.3375
1.32606
1.33503
1.30494
1.30007
1.33075
1.32108
1.30319
1.32522
1.30744
1.32464
1.33655
1.32388
1.32177
1.32941
1.31709
1.33134
1.3023
1.33526
1.32038
1.29662
1.30881
1.3354
1.32756
1.31444
1.33858
1.30356
1.33517
1.31338
1.32246
1.31123
1.32703
1.32996
1.30913
1.32792
1.32184
1.32977
1.32798
1.30413
1.32094
1.29617
1.33385
1.3216
1.33086
1.31839
1.32545
1.29435
1.33987
1.33117
1.3019
1.30907
1.3229
1.31077
1.32228
1.32884
1.31997
1.32999
1.31809
1.33201
1.33229
1.30701
1.33003
1.31461
1.32988
1.33096
1.31514
1.31577
1.31107
1.32718
1.32781
1.32347
1.33345
1.31286
1.32958
1.32
1.33347
1.32809
1.32239
1.31519
1.32783
1.3365
1.32781
1.32867
1.30859
1.31903
1.31319
1.32908
1.33271
1.32975
1.32894
1.32282
1.32547
1.32886
1.33033
1.30963
1.33347
1.3284
1.32735
1.33075
1.32406
1.31469
1.30314
1.33046
1.32228
1.30531
1.30852
1.32228
1.31972
1.33025
1.33327
1.31921
1.32634
1.30968
1.31762
1.30929
1.33152
1.32496
1.32487
1.39804
1.3224
1.3201
1.32611
1.32785
1.33315
1.3261
1.33627
1.32179
1.3104
1.33847
1.32499
1.32225
1.32918
1.31066
1.33192
1.33051
1.33245
1.33061
1.31398
1.26988
1.33531
1.3392
1.31287
1.33919
1.31584
1.32476
1.32623
1.32872
1.335
1.34068
1.33595
1.33162
1.31655
1.33342
1.33467
1.30964
1.33515
1.33336
1.34276
1.32685
1.30693
1.32759
1.34074
1.32922
1.33729
1.31015
1.33487
1.33558
1.31724
1.31777
1.33266
1.33289
1.33158
1.34055
1.33224
1.31498
1.3341
1.33392
1.31863
1.3242
1.32202
1.3218
1.32853
1.30993
1.33101
1.33107
1.2999
1.3363
1.33073
1.33248
1.33998
1.33273
1.33451
1.32774
1.3322
1.33554
1.33583
1.30608
1.3372
1.31617
1.33492
1.32349
1.33144
1.33189
1.33651
1.33717
1.33115
1.33684
1.31137
1.33569
1.31789
1.32296
1.30915
1.32719
1.30178
1.31295
1.30625
1.30264
1.33754
1.3368
1.29941
1.32035
1.33505
1.31243
1.3343
1.33911
1.33183
1.32185
1.31298
1.3195
1.339
1.33366
1.3297
1.3351
1.32333
1.33809
1.30661
1.33793
1.33826
1.33812
1.33404
1.30945
1.30423
1.33219
1.33343
1.33996
1.32911
1.32982
1.3437
1.31688
1.33565
1.3333
1.3091
1.34188
1.33569
1.33546
1.3422
1.32388
1.33408
1.33851
1.33968
1.3234
1.32362
1.34032
1.32681
1.32253
1.34054
1.33868
1.30301
1.32531
1.34165
1.33152
1.32775
1.33982
1.34186
1.33655
1.34055
1.33566
1.30481
1.30978
1.34548
1.31418
1.31196
1.31698
1.33373
1.34262
1.34399
1.31459
1.32909
1.32793
1.31058
1.32151
1.33055
1.3207
1.3189
1.2997
1.33692
1.34199
1.3008
1.30799
1.30721
1.33362
1.33658
1.33554
1.30651
1.31859
1.33468
1.30526
1.318
1.32297
1.31709
1.32208
1.30596
1.30489
1.33535
1.33743
1.34056
1.34089
1.33336
1.32576
1.3189
1.29884
1.31445
1.32035
1.31088
1.327
1.32931
1.34416
1.30556
1.28784
1.30371
1.3204
1.29832
1.32372
1.31685
1.30312
1.31152
1.31713
1.33439
1.32739
1.32875
1.32507
1.32255
1.32023
1.32498
1.31087
1.31801
1.30217
1.32369
1.32169
1.28759
1.32919
1.3296
1.31796
1.30466
1.32545
1.32222
1.3086
1.31726
1.30087
1.33711
1.29121
1.32074
1.32335
1.3333
1.30765
1.33423
1.32057
1.29337
1.29582
1.30175
1.32254
1.30488
1.31656
1.33509
1.29589
1.33142
1.32057
1.32065
1.33037
1.31751
1.3055
1.30921
1.31349
1.28713
1.3224
1.32068
1.33297
1.32033
1.29997
1.31809
1.31348
1.30724
1.33528
1.30185
1.31473
1.32205
1.31594
1.30853
1.3289
1.30951
1.31959
1.30335
1.33676
1.32464
1.31733
1.32203
1.30586
1.32757
1.30309
1.32675
1.31914
1.33041
1.33291
1.31182
1.33425
1.32165
1.3358
1.32533
1.29563
1.33302
1.3215
1.32561
1.31918
1.32031
1.3294
1.31949
1.31344
1.32147
1.33202
1.32485
1.30941
1.28543
1.31301
1.3064
1.31446
1.29864
1.29893
1.31725
1.30716
1.3199
1.30793
1.30745
1.29608
1.31867
1.31178
1.33592
1.29577
1.31599
1.30055
1.32712
1.32086
1.32493
1.31015
1.31004
1.33132
1.31984
1.34909
1.31952
1.31723
1.30923
1.31317
1.31822
1.31539
1.32822
1.31919
1.33405
1.2921
1.32744
1.31888
1.32895
1.30911
1.31927
1.31738
1.318
1.30125
1.32579
1.33716
1.30997
1.31648
1.30624
1.33257
1.316
1.32923
1.3308
1.31837
1.33481
1.32343
1.32136
1.33145
1.31196
1.3359
1.29346
1.3313
1.32069
1.32856
1.32876
1.30934
1.32987
1.30161
1.33762
1.31705
1.33322
1.30143
1.32852
1.32875
1.29962
1.3328
1.31073
1.32734
1.3121
1.3356
1.30288
1.32814
1.33766
1.32149
1.33569
1.31381
1.32139
1.32636
1.3204
1.31346
1.32044
1.32645
1.31384
1.33166
1.32158
1.31935
1.3321
1.3132
1.31062
1.31505
1.31267
1.30737
1.32946
1.29295
1.31706
1.31553
1.32118
1.32238
1.33051
1.33306
1.32212
1.31294
1.29933
1.33113
1.32291
1.33049
1.33057
1.30334
1.31362
1.31499
1.32115
1.31855
1.32871
1.31846
1.32927
1.3291
1.3198
1.32877
1.32052
1.33224
1.33267
1.30292
1.30832
1.30679
1.33729
1.32168
1.32066
1.31625
1.30381
1.35238
1.31669
1.3296
1.31775
1.30849
1.30645
1.32661
1.30774
1.32677
1.31426
1.32814
1.33471
1.32231
1.33093
1.31696
1.33521
1.33153
1.33802
1.33905
1.32186
1.33634
1.33192
1.32119
1.33551
1.31148
1.32281
1.32171
1.31712
1.33069
1.3062
1.31534
1.33621
1.33945
1.32947
1.33251
1.3341
1.31985
1.30602
1.33507
1.32788
1.31036
1.33441
1.32828
1.33456
1.31916
1.33118
1.33317
1.33018
1.3118
1.33579
1.33677
1.33184
1.33566
1.2998
1.33423
1.33677
1.32165
1.32961
1.33615
1.33059
1.31018
1.33032
1.3304
1.31274
1.33102
1.3268
1.31789
1.31974
1.30693
1.33284
1.30743
1.32973
1.33944
1.33265
1.33722
1.31172
1.32417
1.31125
1.3074
1.3028
1.32541
1.33706
1.33075
1.32314
1.33491
1.3225
1.34035
1.33612
1.33405
1.31156
1.33089
1.33292
1.31129
1.31708
1.33557
1.33145
1.3286
1.31085
1.33052
1.3281
1.33633
1.33334
1.33019
1.33566
1.33178
1.31864
1.31861
1.32111
1.31461
1.31457
1.30913
1.32666
1.3171
1.30538
1.29705
1.31155
1.31178
1.31361
1.31345
1.3122
1.3436
1.31905
1.36439
1.33527
1.33274
1.29559
1.33317
1.32867
1.31146
1.35142
1.31665
1.35795
1.31985
1.31849
1.3155
1.3232
1.33443
1.34068
1.2992
1.32308
1.33189
1.31016
1.30444
1.33654
1.31963
1.31714
1.33964
1.32301
1.33201
1.3297
1.3237
1.33747
1.32278
1.31478
1.3391
1.32173
1.32786
1.34046
1.29598
1.2987
1.33437
1.31749
1.31858
1.33566
1.30279
1.30899
1.3322
1.32091
1.33321
1.32081
1.3046
1.33171
1.33348
1.32383
1.33178
1.30339
1.33012
1.32388
1.29943
1.3073
1.30041
1.33759
1.30738
1.32897
1.32877
1.31755
1.33544
1.32832
1.33955
1.31406
1.34027
1.33779
1.33086
1.33087
1.34342
1.30429
1.32033
1.3072
1.33842
1.32899
1.30688
1.30733
1.33174
1.33526
1.32229
1.32809
1.33186
1.31588
1.3403
1.32727
1.33058
1.33822
1.32257
1.33669
1.33202
1.31294
1.33579
1.32073
1.307
1.33471
1.32694
1.33662
1.29389
1.32096
1.33111
1.32911
1.33094
1.33022
1.30956
1.31824
1.30549
1.33104
1.33078
1.33665
1.33316
1.33
1.33415
1.32769
1.30513
1.3251
1.31848
1.33023
1.34302
1.31662
1.33915
1.33147
1.32513
1.33387
1.33616
1.32431
1.32425
1.33641
1.33211
1.33672
1.33581
1.32345
1.3387
1.31556
1.32893
1.31678
1.33717
1.32188
1.33473
1.33398
1.32454
1.3329
1.33566
1.32887
1.30711
1.32994
1.3188
1.33777
1.31398
1.32633
1.33541
1.33602
1.33936
1.3286
1.32922
1.32789
1.32552
1.30488
1.33236
1.33456
1.33061
1.33335
1.31743
1.33213
1.32764
1.31629
1.33766
1.32927
1.33173
1.33492
1.33832
1.32139
1.33299
1.33284
1.33151
1.33008
1.31094
1.32679
1.30773
1.32982
1.33366
1.33753
1.33619
1.33183
1.32448
1.30618
1.32126
1.33656
1.33701
1.32889
1.33537
1.31692
1.3276
1.33598
1.33287
1.33479
1.33756
1.32821
1.32221
1.33537
1.31846
1.33633
1.32737
1.33231
1.33678
1.3384
1.32182
1.33515
1.3376
1.31634
1.33646
1.335
1.32891
1.33203
1.33524
1.32506
1.31485
1.30678
1.30698
1.31849
1.32578
1.31505
1.33371
1.29939
1.30242
1.33751
1.31273
1.33378
1.33532
1.32753
1.33159
1.32038
1.30039
1.3059
1.30594
1.31579
1.31944
1.30327
1.29202
1.28964
1.31124
1.32122
1.30582
1.31872
1.325
1.30685
1.35158
1.28892
1.33604
1.31548
1.3143
1.29934
1.32277
1.32028
1.33499
1.33511
1.32405
1.3341
1.33304
1.3209
1.32291
1.3086
1.34953
1.30636
1.33251
1.33638
1.33922
1.33667
1.307
1.33949
1.33386
1.33694
1.33414
1.29962
1.33618
1.33399
1.32448
1.32986
1.33513
1.33271
1.33599
1.30893
1.33391
1.33687
1.31289
1.33433
1.33936
1.32002
1.33027
1.33604
1.33922
1.32138
1.34119
1.33751
1.33769
1.31707
1.3092
1.3443
1.34162
1.31805
1.33716
1.33907
1.33071
1.33782
1.33975
1.30791
1.33989
1.3303
1.33808
1.34167
1.33684
1.33341
1.33873
1.31622
1.32864
1.31766
1.33297
1.33561
1.31628
1.31189
1.33375
1.31032
1.33914
1.32929
1.33806
1.34064
1.33371
1.34221
1.35587
1.33378
1.3406
1.34117
1.33513
1.34111
1.34136
1.3119
1.34394
1.33619
1.33514
1.31001
1.34097
1.31841
1.3437
1.33624
1.32588
1.31753
1.32654
1.34046
1.32973
1.34088
1.33729
1.34469
1.32695
1.32834
1.30705
1.30935
1.34044
1.34183
1.3447
1.33907
1.34075
1.33876
1.31705
1.30625
1.3004
1.33818
1.3446
1.31731
1.34109
1.32106
1.32138
1.34381
1.33652
1.32713
1.32246
1.31363
1.32164
1.32323
1.33955
1.33552
1.32386
1.31251
1.30298
1.3339
1.31582
1.34209
1.33192
1.30355
1.32836
1.33602
1.33784
1.34467
1.31406
1.32866
1.33937
1.31297
1.32012
1.31332
1.31846
1.30523
1.34269
1.31305
1.32258
1.31883
1.32671
1.32888
1.32357
1.32738
1.34446
1.33601
1.30899
1.34142
1.32807
1.30688
1.31119
1.33858
1.32493
1.33706
1.33123
1.33209
1.32225
1.34064
1.33505
1.32216
1.30716
1.32985
1.34281
1.32966
1.30695
1.3384
1.32742
1.33814
1.32794
1.31761
1.3295
1.32048
1.33719
1.33857
1.34433
1.31428
1.31424
1.33305
1.31281
1.33389
1.32691
1.31949
1.33552
1.33831
1.3187
1.33883
1.30823
1.34456
1.31374
1.33553
1.32272
1.33898
1.32798
1.30524
1.31945
1.33628
1.3416
1.34194
1.32168
1.34199
1.33845
1.32765
1.3359
1.34259
1.33262
1.33832
1.34107
1.33066
1.32187
1.33806
1.31502
1.34137
1.33292
1.31657
1.34309
1.31967
1.32257
1.32339
1.28961
1.31919
1.31248
1.29921
1.31065
1.32944
1.33742
1.327
1.32855
1.3157
1.33513
1.31401
1.34253
1.32778
1.32903
1.31915
1.34502
1.33136
1.32315
1.31555
1.33384
1.33966
1.30367
1.31554
1.32966
1.3314
1.30787
1.33684
1.33971
1.3101
1.34248
1.33734
1.32413
1.32
1.33575
1.31576
1.34114
1.33492
1.32543
1.33535
1.33519
1.32576
1.34106
1.33384
1.32732
1.31202
1.33394
1.31753
1.33566
1.3055
1.31849
1.33717
1.33173
1.31596
1.33825
1.33003
1.31763
1.33854
1.30447
1.33098
1.33213
1.31189
1.33628
1.33598
1.3408
1.33011
1.33577
1.33811
1.34198
1.31555
1.33666
1.34177
1.33645
1.32841
1.33818
1.31892
1.3326
1.3257
1.33085
1.33305
1.34049
1.33136
1.32822
1.33231
1.32808
1.33696
1.33528
1.33383
1.33098
1.32544
1.3288
1.34053
1.31654
1.31903
1.32426
1.34153
1.32253
1.32666
1.34177
1.31468
1.3436
1.32462
1.33036
1.32517
1.32462
1.33343
1.32509
1.33306
1.33458
1.30871
1.33541
1.31893
1.33257
1.3089
1.32756
1.34071
1.32398
1.31007
1.30515
1.33177
1.31304
1.82911
1.46418
1.33056
1.31628
1.29622
1.3798
1.44719
1.4779
1.80701
1.65969
1.6885
1.83873
1.51689
1.34166
1.32402
1.34198
1.32018
1.33877
1.34099
1.3428
1.33587
1.33427
1.33997
1.33534
1.33759
1.31748
1.33597
1.32991
1.30698
1.34231
1.34079
1.34605
1.33043
1.32638
1.32349
1.32264
1.33965
1.33461
1.33013
1.34281
1.33264
1.33888
1.33628
1.34181
1.33862
1.32993
1.33185
1.33489
1.32272
1.32876
1.34183
1.33216
1.31458
1.33708
1.32558
1.33015
1.34178
1.33708
1.33299
1.3427
1.33283
1.31923
1.34018
1.33533
1.3259
1.34264
1.31337
1.33295
1.3183
1.34199
1.33323
1.34205
1.31478
1.3137
1.33386
1.33516
1.33647
1.34134
1.30242
1.31912
1.34005
1.32645
1.33583
1.33993
1.34004
1.33943
1.34825
1.33861
1.32962
1.33173
1.34043
1.30282
1.34105
1.33362
1.32831
1.32795
1.32162
1.30742
1.31925
1.30055
1.31626
1.33482
1.33132
1.33128
1.31945
1.33431
1.32369
1.33605
1.32766
1.32834
1.32898
1.3079
1.3384
1.30268
1.31222
1.31972
1.33339
1.33335
1.32931
1.33383
1.32612
1.30836
1.33485
1.30614
1.33551
1.3122
1.32598
1.31037
1.33066
1.34027
1.32775
1.30422
1.31892
1.31282
1.32936
1.31724
1.32534
1.32887
1.31361
1.32896
1.33857
1.33458
1.3124
1.33805
1.33128
1.31824
1.32438
1.32232
1.31124
1.31716
1.32829
1.32955
1.31986
1.3286
1.32558
1.31553
1.31293
1.33485
1.33399
1.32238
1.33613
1.32391
1.32378
1.33459
1.30498
1.3284
1.32585
1.32959
1.3309
1.32468
1.31968
1.32796
1.33188
1.3753
1.33156
1.30456
1.3325
1.30724
1.32261
1.31249
1.34114
1.32399
1.31128
1.31742
1.32517
1.318
1.32354
1.29409
1.32254
1.33854
1.31415
1.33362
1.304
1.3208
1.33207
1.30009
1.33825
1.30567
1.33049
1.31368
1.3278
1.30307
1.3103
1.32364
1.32151
1.32918
1.29623
1.32569
1.32946
1.32498
1.29841
1.33352
1.32828
1.32508
1.33838
1.30026
1.30486
1.32587
1.30528
1.30926
1.31387
1.31116
1.33123
1.30944
1.33486
1.29739
1.30675
1.32296
1.30876
1.32105
1.33534
1.3307
1.32558
1.32989
1.32052
1.32768
1.35749
1.33066
1.29859
1.34323
1.32497
1.33115
1.33292
1.3202
1.32332
1.33065
1.33087
1.31559
1.3162
1.33273
1.31714
1.30768
1.31556
1.3246
1.32476
1.31047
1.32824
1.30591
1.31749
1.312
1.33245
1.31378
1.32835
1.31865
1.33364
1.30581
1.33606
1.30765
1.32625
1.32989
1.30094
1.324
1.32728
1.31612
1.33233
1.31888
1.33143
1.32726
1.33054
1.33084
1.3245
1.33693
1.31985
1.31242
1.29287
1.338
1.33134
1.29465
1.33772
1.3254
1.32974
1.33018
1.32789
1.33009
1.32017
1.33722
1.31226
1.32148
1.31105
1.32414
1.32926
1.2963
1.33404
1.33276
1.32963
1.32692
1.33111
1.29572
1.31632
1.33741
1.26181
1.30813
1.30902
1.31933
1.33452
1.30991
1.31151
1.31983
1.30513
1.3357
1.30247
1.31926
1.32587
1.31031
1.2886
1.32169
1.28888
1.30737
1.30838
1.30436
1.30485
1.29658
1.30901
1.31614
1.32012
1.31479
1.31064
1.32035
1.3354
1.30961
1.35384
1.31434
1.30837
1.32502
1.32551
1.31968
1.32431
1.34378
1.33439
1.31281
1.33636
1.33634
1.32819
1.32802
1.32889
1.31516
1.32807
1.32847
1.32267
1.32319
1.30784
1.31629
1.3132
1.32027
1.33103
1.31132
1.32533
1.31853
1.31463
1.32984
1.32666
1.32967
1.33329
1.3232
1.32131
1.3326
1.31179
1.3348
1.3248
1.32418
1.31889
1.31997
1.33433
1.31208
1.3031
1.33206
1.33012
1.28997
1.32366
1.30972
1.32525
1.32954
1.30935
1.3067
1.33032
1.3301
1.32511
1.33315
1.30989
1.3335
1.32108
1.32426
1.33067
1.32769
1.32813
1.31245
1.29613
1.32365
1.33265
1.32967
1.32932
1.33563
1.33248
1.32523
1.32904
1.31962
1.30886
1.29066
1.30566
1.32863
1.31826
1.32955
1.33287
1.32948
1.31278
1.33348
1.31215
1.33578
1.32978
1.32702
1.33918
1.31116
1.31705
1.33469
1.33761
1.33034
1.32691
1.33149
1.29965
1.33908
1.31404
1.31983
1.3323
1.32558
1.33727
1.32584
1.32507
1.33499
1.32644
1.3324
1.34164
1.32688
1.32859
1.32402
1.32354
1.3329
1.3235
1.31477
1.32213
1.3343
1.33924
1.33372
1.33339
1.33047
1.33223
1.32931
1.33382
1.33524
1.3276
1.31729
1.34028
1.33897
1.33198
1.32696
1.31888
1.32799
1.31566
1.33042
1.32675
1.31363
1.31027
1.33441
1.33535
1.3185
1.33447
1.31512
1.30535
1.33128
1.33832
1.33313
1.33726
1.33783
1.34313
1.30859
1.33307
1.33737
1.32603
1.33938
1.30511
1.33865
1.34312
1.30384
1.33561
1.34157
1.31174
1.32483
1.33789
1.32415
1.33774
1.33502
1.33058
1.30732
1.33935
1.32989
1.33673
1.30408
1.33613
1.30838
1.3415
1.31744
1.32897
1.32772
1.32221
1.33763
1.3299
1.32292
1.32787
1.30541
1.32769
1.33639
1.32263
1.30376
1.32842
1.33055
1.31967
1.30681
1.30292
1.30394
1.31382
1.32863
1.33575
1.30506
1.31232
1.3397
1.3384
1.30936
1.34134
1.32949
1.33392
1.33686
1.33879
1.31193
1.30508
1.32214
1.30479
1.32404
1.34024
1.33152
1.30841
1.33784
1.32569
1.30826
1.33722
1.32953
1.30873
1.34228
1.3255
1.30948
1.32685
1.31981
1.33437
1.34078
1.33211
1.33542
1.31973
1.30957
1.32381
1.33642
1.30853
1.31983
1.33795
1.30922
1.3354
1.33886
1.32019
1.32659
1.31137
1.33794
1.33429
1.34184
1.31583
1.3289
1.32111
1.34195
1.34325
1.32711
1.32496
1.30605
1.33123
1.33081
1.32043
1.33493
1.32393
1.31956
1.31899
1.32694
1.3145
1.30601
1.31087
1.33686
1.31329
1.31528
1.32794
1.33987
1.30065
1.32014
1.33709
1.33518
1.33661
1.33704
1.32055
1.30055
1.31794
1.31029
1.32665
1.40603
1.336
1.31489
1.31793
1.3285
1.32742
1.33854
1.33399
1.31191
1.33764
1.30054
1.31558
1.31929
1.31882
1.33586
1.3105
1.30483
1.31689
1.30067
1.33315
1.31731
1.33121
1.31095
1.33485
1.31037
1.29178
1.29055
1.32656
1.29767
1.32879
1.30305
1.32649
1.31674
1.33176
1.33338
1.30468
1.33229
1.30422
1.32926
1.29674
1.29587
1.31222
1.33027
1.31295
1.32069
1.31756
1.32762
1.29512
1.32576
1.31298
1.31432
1.31603
1.32058
1.29656
1.30097
1.31267
1.30972
1.30452
1.33203
1.30378
1.33117
1.31617
1.33315
1.28866
1.30316
1.32007
1.33182
1.30325
1.32877
1.30534
1.30715
1.30233
1.31567
1.31721
1.30289
1.31881
1.3094
1.30507
1.31529
1.29617
1.30558
1.32591
1.33001
1.29953
1.313
1.31629
1.31197
1.31082
1.30998
1.31728
1.3126
1.31764
1.33406
1.30939
1.32339
1.29096
1.32958
1.30574
1.33664
1.32163
1.33334
1.32423
1.31525
1.30443
1.31822
1.32444
1.30322
1.32527
1.29873
1.32971
1.29651
1.33002
1.28831
1.31634
1.32004
1.32039
1.30692
1.32971
1.32004
1.33501
1.30335
1.32579
1.32611
1.31706
1.32694
1.3156
1.29938
1.31125
1.30641
1.31674
1.32919
1.30805
1.32182
1.31718
1.31121
1.31654
1.32978
1.31743
1.33143
1.33343
1.32434
1.33282
1.3154
1.32004
1.33097
1.31769
1.31009
1.3176
1.32153
1.29449
1.33659
1.31276
1.33263
1.32007
1.32521
1.33265
1.29995
1.32872
1.31559
1.3125
1.31181
1.33626
1.29718
1.33146
1.31963
1.31149
1.31661
1.32822
1.30886
1.31106
1.29215
1.31234
1.28773
1.30588
1.29593
1.28182
1.31615
1.30183
1.32485
1.3097
1.33027
1.29314
1.32146
1.31481
1.32372
1.31425
1.32902
1.30844
1.33046
1.32934
1.30906
1.31978
1.3103
1.33164
1.29865
1.33108
1.32023
1.32406
1.32005
1.32821
1.32888
1.3182
1.32838
1.31903
1.33269
1.32791
1.30342
1.33048
1.3095
1.32759
1.32139
1.32966
1.32777
1.31584
1.32815
1.31528
1.32981
1.31802
1.33209
1.32388
1.3063
1.3056
1.32263
1.3344
1.30764
1.331
1.3221
1.32611
1.32593
1.3142
1.32558
1.31689
1.33022
1.3194
1.33416
1.30894
1.31847
1.33022
1.31469
1.32832
1.34186
1.31384
1.3251
1.34081
1.29274
1.30903
1.33152
1.32069
1.3316
1.3122
1.32124
1.33126
1.32054
1.33058
1.32776
1.31182
1.32615
1.31628
1.32349
1.31469
1.33305
1.30919
1.30659
1.29072
1.31703
1.30033
1.29351
1.32975
1.32516
1.31187
1.31024
1.31557
1.32912
1.32333
1.31862
1.31414
1.33698
1.30458
1.32747
1.33429
1.31793
1.31467
1.31534
1.32855
1.30669
1.331
1.3215
1.32074
1.29395
1.32426
1.28952
1.32365
1.29197
1.29692
1.31584
1.33252
1.29494
1.29975
1.31476
1.32771
1.30551
1.32746
1.30414
1.33166
1.30088
1.32129
1.31979
1.31028
1.31432
1.32668
1.31971
1.32711
1.32788
1.31292
1.33262
1.31722
1.32092
1.31874
1.32341
1.33083
1.29038
1.31824
1.32214
1.31646
1.30334
1.33083
1.32118
1.32492
1.29534
1.30857
1.3199
1.3081
1.31577
1.3258
1.31281
1.33111
1.31607
1.30615
1.31876
1.32278
1.31675
1.2989
1.3114
1.33317
1.31008
1.32802
1.3168
1.3196
1.31879
1.31024
1.31972
1.2966
1.31654
1.32149
1.32355
1.31291
1.30855
1.2952
1.31806
1.32456
1.33042
1.32121
1.29852
1.31859
1.32285
1.29051
1.31886
1.30294
1.29309
1.32841
1.32112
1.31636
1.31841
1.29428
1.28911
1.31278
1.30294
1.32873
1.32116
1.29699
1.32047
1.33379
1.31525
1.32738
1.32138
1.31659
1.30348
1.32177
1.30242
1.31937
1.3322
1.29137
1.33358
1.31997
1.30439
1.30208
1.31006
1.31337
1.29067
1.32074
1.3206
1.30196
1.30394
1.3225
1.31498
1.32865
1.2958
1.33208
1.33364
1.3226
1.29859
1.3012
1.29842
1.30742
1.29622
1.31759
1.31582
1.32603
1.31941
1.32706
1.33278
1.31522
1.30963
1.29283
1.31801
1.31685
1.33549
1.3185
1.32235
1.3205
1.32808
1.32725
1.31314
1.29707
1.3039
1.31985
1.32236
1.33027
1.3064
1.31967
1.31879
1.31235
1.31613
1.3334
1.31556
1.33028
1.30955
1.32431
1.33503
1.3204
1.32536
1.31353
1.32885
1.324
1.30387
1.38706
1.30518
1.32713
1.32847
1.31976
1.33597
1.31645
1.32682
1.29869
1.32735
1.3323
1.31736
1.31955
1.31852
1.32749
1.30899
1.33174
1.33083
1.30168
1.33524
1.31027
1.32025
1.31596
1.31533
1.32089
1.32355
1.3025
1.31523
1.29294
1.30709
1.30716
1.31652
1.30834
1.29941
1.31964
1.32888
1.30575
1.32246
1.29674
1.31961
1.3226
1.31741
1.31736
1.3288
1.3208
1.33404
1.33557
1.31727
1.33194
1.3198
1.32629
1.3018
1.31857
1.31594
1.32935
1.32172
1.31103
1.31557
1.30633
1.33348
1.31872
1.3224
1.31445
1.3272
1.30022
1.33162
1.3076
1.3003
1.29826
1.332
1.30513
1.32047
1.30686
1.3306
1.32776
1.31288
1.3208
1.30644
1.33237
1.31379
1.30109
1.31946
1.32808
1.30894
1.33222
1.30406
1.33236
1.31889
1.3248
1.31481
1.29432
1.29332
1.33058
1.30135
1.33908
1.31137
1.32584
1.33226
1.30899
1.31032
1.31683
1.32388
1.30123
1.33393
1.30194
1.31041
1.31217
1.32696
1.31709
1.32808
1.31811
1.33023
1.32954
1.31157
1.33504
1.31998
1.32295
1.32002
1.32086
1.32524
1.3049
1.32906
1.31949
1.32726
1.3018
1.32692
1.30744
1.33201
1.30518
1.32643
1.33158
1.31683
1.32816
1.31526
1.30104
1.29209
1.3277
1.31648
1.32623
1.31326
1.32802
1.31644
1.32762
1.29365
1.33271
1.32395
1.30293
1.29316
1.32132
1.32118
1.32592
1.33039
1.31818
1.29397
1.32283
1.33179
1.31834
1.32821
1.3067
1.32149
1.31431
1.32911
1.28854
1.33195
1.3239
1.31768
1.33021
1.30513
1.32427
1.30837
1.32857
1.28613
1.32726
1.31756
1.32505
1.31709
1.32291
1.32631
1.32177
1.30025
1.32271
1.32503
1.29828
1.32902
1.31526
1.30768
1.31838
1.33256
1.32095
1.32801
1.30917
1.33007
1.3214
1.30168
1.29247
1.30624
1.31658
1.29695
1.29636
1.33061
1.31821
1.33286
1.32355
1.31663
1.29553
1.3253
1.2873
1.32549
1.32345
1.32102
1.31973
1.30445
1.31418
1.31762
1.31788
1.30468
1.31622
1.32602
1.32213
1.3143
1.33828
1.29035
1.3318
1.31807
1.32308
1.32325
1.31732
1.32058
1.30403
1.30846
1.34406
1.29133
1.32642
1.30029
1.30604
1.31047
1.32498
1.31952
1.33493
1.32094
1.3034
1.32824
1.32247
1.32882
1.32417
1.30251
1.30703
1.33161
1.29038
1.31024
1.3131
1.33031
1.32176
1.3255
1.30632
1.33504
1.31793
1.31816
1.29034
1.33346
1.33394
1.28569
1.32251
1.30749
1.28288
1.33362
1.29877
1.33204
1.32437
1.30739
1.32642
1.30817
1.33152
1.30057
1.32081
1.32383
1.3146
1.31679
1.31572
1.31516
1.31594
1.31327
1.33195
1.33013
1.31285
1.3208
1.30353
1.33608
1.31052
1.33686
1.31995
1.31964
1.33353
1.32204
1.31833
1.3189
1.33019
1.32779
1.30854
1.33629
1.29561
1.30798
1.27895
1.31886
1.33536
1.29262
1.33585
1.30124
1.2996
1.31699
1.33573
1.31428
1.31069
1.30791
1.32451
1.31113
1.32256
1.32777
1.31268
1.33364
1.29649
1.30264
1.31594
1.30524
1.30703
1.33606
1.31701
1.30928
1.28918
1.33302
1.28843
1.33504
1.30007
1.33664
1.30754
1.3291
1.33479
1.31446
1.33407
1.32663
1.31828
1.32119
1.31712
1.30908
1.31274
1.33766
1.31354
1.33758
1.31598
1.33179
1.31585
1.30868
1.33839
1.33304
1.32462
1.33157
1.32893
1.3356
1.34116
1.33492
1.33357
1.31316
1.31899
1.29851
1.31398
1.30356
1.31221
1.32041
1.29933
1.31853
1.3117
1.31811
1.30864
1.30973
1.31202
1.31602
1.31288
1.30593
1.31829
1.32078
1.33479
1.33341
1.29193
1.32259
1.31913
1.32889
1.3016
1.29877
1.31951
1.29826
1.30989
1.31439
1.29853
1.31834
1.32452
1.28556
1.28974
1.2947
1.28392
1.30278
1.293
1.30105
1.31167
1.31261
1.29258
1.29579
1.30198
1.30098
1.30609
1.33805
1.28661
1.29832
1.31896
1.31465
1.30457
1.32602
1.30822
1.33211
1.31765
1.3345
1.32631
1.31376
1.34534
1.31372
1.31399
1.31645
1.32439
1.3109
1.32965
1.32234
1.31218
1.31786
1.31195
1.31954
1.31553
1.32512
1.31592
1.30065
1.28674
1.33033
1.32015
1.33316
1.3183
1.3189
1.30337
1.32751
1.32967
1.30879
1.32182
1.31728
1.33451
1.32287
1.31674
1.3095
1.37357
1.33802
1.33351
1.32264
1.33315
1.3208
1.32964
1.33703
1.32124
1.31505
1.31328
1.32515
1.32772
1.32149
1.33032
1.3266
1.33566
1.32592
1.31523
1.325
1.30161
1.33952
1.31558
1.33211
1.31966
1.32443
1.32214
1.30462
1.32922
1.32452
1.33794
1.32709
1.32938
1.33255
1.31531
1.32769
1.3031
1.33159
1.33485
1.29619
1.33037
1.30377
1.33271
1.32408
1.33844
1.30608
1.32847
1.33916
1.32264
1.33671
1.33669
1.32211
1.33382
1.29332
1.31114
1.32019
1.30708
1.32499
1.33262
1.29209
1.33482
1.33804
1.30177
1.33265
1.30621
1.33126
1.32159
1.32778
1.30767
1.31983
1.33108
1.31949
1.33677
1.31301
1.33188
1.31454
1.32258
1.32367
1.32417
1.31484
1.3247
1.32965
1.33394
1.32305
1.33041
1.32447
1.32523
1.33204
1.31966
1.33788
1.32913
1.30474
1.32411
1.32265
1.31787
1.3209
1.32264
1.28993
1.33306
1.3232
1.33139
1.32066
1.32473
1.30503
1.29785
1.33818
1.31661
1.3271
1.30248
1.3329
1.33084
1.31945
1.30813
1.313
1.33213
1.30346
1.33795
1.32097
1.32577
1.29426
1.33914
1.33411
1.32006
1.33666
1.30764
1.33431
1.3299
1.32599
1.33762
1.32825
1.30446
1.32951
1.31949
1.30914
1.31164
1.33412
1.31397
1.32657
1.32104
1.32988
1.32471
1.32618
1.30505
1.30441
1.34052
1.33097
1.32134
1.33385
1.32562
1.33731
1.3144
1.31808
1.33288
1.32074
1.33234
1.30801
1.33405
1.32205
1.32397
1.31247
1.32454
1.33054
1.32895
1.31437
1.33648
1.29967
1.33367
1.3
1.32875
1.3223
1.3276
1.3281
1.31773
1.32804
1.31816
1.33573
1.33484
1.31354
1.33569
1.30045
1.31986
1.31232
1.33462
1.32124
1.32264
1.31481
1.31142
1.31648
1.31697
1.30714
1.33043
1.31665
1.33709
1.33166
1.3281
1.34176
1.33743
1.33846
1.33878
1.33231
1.33559
1.33907
1.33524
1.33935
1.3325
1.32905
1.29209
1.31234
1.31653
1.33803
1.31147
1.31342
1.33522
1.33258
1.33429
1.33912
1.33262
1.33574
1.33981
1.34505
1.33065
1.34495
1.3396
1.33457
1.32626
1.31648
1.33826
1.31212
1.33989
1.33718
1.33758
1.33978
1.31677
1.33714
1.30688
1.3436
1.32468
1.30036
1.33719
1.34352
1.3366
1.33117
1.31719
1.33521
1.34394
1.34337
1.33666
1.33191
1.34143
1.3316
1.33483
1.31517
1.32423
1.3466
1.34316
1.33376
1.3416
1.32654
1.33046
1.32636
1.33136
1.30611
1.33736
1.33547
1.32251
1.33049
1.34088
1.33479
1.33828
1.31656
1.33471
1.32934
1.33748
1.33184
1.34354
1.33926
1.32195
1.31675
1.33475
1.33719
1.3436
1.31822
1.33681
1.34365
1.3374
1.33477
1.33436
1.31876
1.33499
1.31875
1.33444
1.30513
1.3277
1.33005
1.32983
1.33678
1.33238
1.34119
1.34127
1.32388
1.32402
1.31917
1.33106
1.32595
1.34103
1.33419
1.31639
1.32295
1.33385
1.33082
1.31032
1.33327
1.3387
1.31887
1.33383
1.3174
1.34001
1.3368
1.34051
1.35022
1.3346
1.3388
1.33535
1.30399
1.31821
1.29686
1.33874
1.34128
1.30848
1.33938
1.3406
1.33561
1.32066
1.34367
1.33954
1.34103
1.3409
1.31488
1.34227
1.33978
1.30829
1.34159
1.34383
1.31827
1.34092
1.32377
1.31741
1.32705
1.33416
1.33044
1.344
1.32441
1.33446
1.32682
1.32186
1.31964
1.33052
1.31582
1.32303
1.33105
1.30932
1.33182
1.3131
1.33377
1.29449
1.34003
1.30719
1.32048
1.33991
1.3252
1.34003
1.33518
1.29927
1.33493
1.31334
1.33391
1.33839
1.33138
1.3339
1.34594
1.32321
1.33158
1.34378
1.32321
1.33315
1.333
1.32742
1.31085
1.32767
1.3166
1.32376
1.32384
1.31667
1.32448
1.31758
1.31448
1.32143
1.32169
1.32022
1.32541
1.32178
1.33393
1.32381
1.33756
1.32226
1.32872
1.34008
1.30396
1.33812
1.33776
1.31914
1.3376
1.33032
1.3193
1.31135
1.32421
1.34338
1.32167
1.3283
1.34091
1.32575
1.33234
1.31488
1.30301
1.32164
1.31645
1.32949
1.32354
1.31036
1.32614
1.33699
1.32917
1.29741
1.33214
1.32608
1.33486
1.33425
1.33055
1.31469
1.31973
1.31396
1.31843
1.33405
1.32639
1.32282
1.33569
1.30156
1.32078
1.30368
1.33734
1.3282
1.31821
1.33587
1.32327
1.31048
1.30339
1.33441
1.33433
1.31193
1.34108
1.32379
1.32421
1.33694
1.29562
1.34211
1.3085
1.31486
1.32861
1.33537
1.33476
1.32281
1.33675
1.29617
1.33618
1.31079
1.30454
1.33708
1.30146
1.30314
1.33051
1.34013
1.32266
1.32236
1.30832
1.32929
1.33748
1.29817
1.34225
1.32277
1.33615
1.30652
1.30521
1.3383
1.32486
1.31298
1.32457
1.33651
1.32305
1.32415
1.33643
1.29918
1.34291
1.30203
1.33104
1.34477
1.32504
1.31876
1.34357
1.30877
1.34193
1.33114
1.31948
1.31436
1.32048
1.33527
1.31287
1.32769
1.32677
1.32469
1.3343
1.32333
1.33542
1.30616
1.31776
1.31028
1.32997
1.32161
1.2927
1.33781
1.32601
1.33817
1.34006
1.32822
1.33644
1.31872
1.32533
1.31202
1.32817
1.34143
1.33698
1.31863
1.34364
1.3415
1.31555
1.34045
1.31047
1.33493
1.34002
1.32133
1.32636
1.31553
1.31019
1.32616
1.32407
1.30842
1.29768
1.3383
1.327
1.33065
1.33177
1.32522
1.3455
1.30862
1.31219
1.31347
1.32579
1.33577
1.29468
1.32895
1.31256
1.30818
1.32866
1.33922
1.32942
1.3275
1.31198
1.32518
1.34045
1.32635
1.30262
1.33366
1.29365
1.32471
1.31962
1.32362
1.30479
1.31723
1.30561
1.34115
1.31417
1.3129
1.3203
1.30293
1.33315
1.32703
1.33574
1.33298
1.32721
1.33476
1.31239
1.33393
1.33283
1.31602
1.33173
1.32754
1.31536
1.31485
1.30816
1.32243
1.33174
1.31516
1.30725
1.33046
1.32865
1.31615
1.32377
1.32107
1.29428
1.32681
1.30253
1.33405
1.33832
1.30047
1.31905
1.3313
1.33422
1.32612
1.31896
1.32083
1.30466
1.3285
1.3032
1.33848
1.32408
1.31788
1.31728
1.29439
1.2823
1.31411
1.31391
1.30926
1.30332
1.28102
1.32688
1.28731
1.3217
1.30931
1.35013
1.2884
1.31915
1.31597
1.33884
1.33812
1.328
1.31027
1.30195
1.35143
1.31571
1.33999
1.34455
1.33921
1.34365
1.33788
1.32131
1.32792
1.33935
1.33775
1.34207
1.32617
1.33724
1.32083
1.33675
1.34224
1.32972
1.3064
1.31603
1.33346
1.32179
1.3327
1.32574
1.30044
1.31021
1.33185
1.33424
1.31919
1.31374
1.32421
1.3325
1.32113
1.3127
1.32366
1.30703
1.33437
1.3213
1.32101
1.32534
1.32879
1.31711
1.33488
1.3308
1.33005
1.31702
1.32181
1.34248
1.3049
1.33663
1.32946
1.33042
1.32295
1.31118
1.31526
1.33024
1.32387
1.32833
1.33476
1.34247
1.31749
1.32551
1.33093
1.3215
1.33255
1.31891
1.33384
1.32682
1.33048
1.33129
1.32458
1.3159
1.33324
1.30149
1.33715
1.32808
1.32437
1.33606
1.33216
1.32002
1.33159
1.33501
1.3317
1.3074
1.32103
1.32433
1.32781
1.34271
1.31161
1.31957
1.34603
1.3271
1.34027
1.32442
1.33573
1.33888
1.32464
1.31759
1.33288
1.3431
1.3103
1.33993
1.33995
1.33136
1.33705
1.34243
1.33321
1.3102
1.34017
1.3191
1.33586
1.342
1.33392
1.31066
1.33574
1.31057
1.34052
1.34209
1.33271
1.33243
1.34221
1.31655
1.33948
1.34265
1.30975
1.3129
1.3148
1.33418
1.33846
1.34292
1.31198
1.30848
1.32501
1.33983
1.3373
1.31027
1.34188
1.34175
1.33145
1.34367
1.32721
1.33735
1.33856
1.30644
1.33651
1.33892
1.31623
1.33927
1.33598
1.34495
1.33535
1.33845
1.32883
1.34053
1.33679
1.34626
1.33392
1.30879
1.34405
1.32392
1.33346
1.32187
1.34078
1.32842
1.32392
1.31876
1.33998
1.30868
1.33358
1.34566
1.32155
1.32351
1.3389
1.33583
1.33681
1.34062
1.32793
1.33679
1.34532
1.33477
1.33449
1.33144
1.34193
1.33635
1.34165
1.3432
1.33767
1.32977
1.3283
1.33399
1.33931
1.31643
1.33654
1.34203
1.31943
1.32679
1.33354
1.33838
1.3192
1.31439
1.3344
1.33754
1.33496
1.34487
1.33513
1.34843
1.338
1.32474
1.34357
1.33585
1.33846
1.33001
1.34534
1.33437
1.3351
1.33963
1.33393
1.33039
1.32694
1.29281
1.32291
1.32638
1.31517
1.31712
1.31296
1.33433
1.32303
1.29642
1.32845
1.30998
1.32708
1.3294
1.35774
1.3114
1.31857
1.36411
1.31826
1.32161
1.34116
1.31319
1.31242
1.34801
1.30866
1.33778
1.36888
1.31822
1.3825
1.34076
1.32744
1.32189
1.34176
1.32389
1.33326
1.34135
1.29689
1.3308
1.33256
1.32248
1.31576
1.29498
1.33569
1.30171
1.32857
1.31722
1.30952
1.3187
1.33837
1.33197
1.32125
1.33641
1.32821
1.31163
1.33844
1.32259
1.33522
1.29774
1.33474
1.32329
1.30963
1.32515
1.30221
1.32285
1.32612
1.34222
1.33255
1.32815
1.32617
1.32354
1.33714
1.3281
1.315
1.32905
1.32626
1.32691
1.3169
1.32023
1.32888
1.32268
1.31355
1.30045
1.33729
1.32564
1.32505
1.31751
1.32425
1.33391
1.33462
1.29943
1.33234
1.32349
1.33094
1.32453
1.32875
1.33738
1.30097
1.32179
1.32013
1.33805
1.34403
1.32774
1.33766
1.32371
1.29811
1.34266
1.32506
1.33556
1.32844
1.31001
1.33622
1.3288
1.32529
1.33582
1.30819
1.33337
1.32439
1.33066
1.33069
1.32327
1.34588
1.31345
1.31181
1.29308
1.33569
1.3136
1.32413
1.33303
1.3275
1.32685
1.3221
1.33052
1.33197
1.3263
1.33036
1.33156
1.29359
1.32072
1.30221
1.34255
1.30765
1.33338
1.32236
1.32826
1.32902
1.30486
1.33311
1.32503
1.33021
1.33519
1.3229
1.34062
1.32883
1.31524
1.33271
1.31735
1.34004
1.3091
1.32639
1.33546
1.29347
1.3361
1.33002
1.3332
1.33822
1.31799
1.33211
1.33607
1.31539
1.33502
1.29888
1.32787
1.30018
1.32797
1.32911
1.3267
1.33895
1.29434
1.33717
1.33326
1.29692
1.33197
1.30332
1.32651
1.33018
1.34168
1.29283
1.34214
1.32616
1.32712
1.32778
1.32189
1.33392
1.32988
1.30768
1.3322
1.32482
1.33146
1.33109
1.32972
1.3311
1.33732
1.32534
1.33622
1.3269
1.32669
1.30338
1.3242
1.33512
1.30693
1.30664
1.29939
1.33322
1.32844
1.33213
1.33608
1.32814
1.33803
1.29723
1.33713
1.33559
1.32207
1.33823
1.29762
1.33255
1.34021
1.32117
1.33679
1.33914
1.32468
1.33523
1.32044
1.30058
1.29859
1.3339
1.33391
1.32405
1.33455
1.32985
1.3288
1.33007
1.3141
1.33042
1.32881
1.31411
1.32113
1.30422
1.33222
1.30878
1.29885
1.3109
1.3093
1.3204
1.32979
1.30687
1.31017
1.3081
1.33398
1.33631
1.31363
1.31157
1.32734
1.30589
1.32722
1.3206
1.32086
1.33962
1.33979
1.31518
1.33244
1.30414
1.33555
1.33495
1.30536
1.30991
1.3234
1.33357
1.31867
1.33559
1.33317
1.32408
1.34364
1.30132
1.33333
1.31488
1.30596
1.31321
1.33034
1.33711
1.31436
1.32446
1.33144
1.3271
1.3115
1.29889
1.33725
1.30589
1.33582
1.3148
1.33894
1.32696
1.30516
1.33348
1.32289
1.3215
1.32145
1.32897
1.32926
1.30859
1.33292
1.32578
1.32516
1.34264
1.30294
1.34144
1.33627
1.32514
1.33555
1.30547
1.31245
1.31324
1.33733
1.32853
1.29736
1.32833
1.31853
1.34683
1.30377
1.3376
1.33935
1.32052
1.33734
1.33771
1.32432
1.33823
1.34471
1.31867
1.33937
1.33796
1.31834
1.3441
1.32965
1.29662
1.30752
1.32929
1.32148
1.31624
1.3115
1.30347
1.33836
1.32569
1.3212
1.3045
1.33808
1.34252
1.31786
1.32856
1.34086
1.3234
1.30886
1.32961
1.30621
1.32669
1.33134
1.31074
1.32099
1.33881
1.29674
1.33123
1.3284
1.32972
1.33039
1.32121
1.3393
1.33788
1.32631
1.3346
1.2972
1.32341
1.32542
1.33212
1.33584
1.30236
1.31646
1.32538
1.33185
1.33354
1.32077
1.33029
1.29467
1.33573
1.30441
1.33123
1.33163
1.31728
1.33624
1.32675
1.32752
1.31712
1.30859
1.29535
1.33674
1.33838
1.32269
1.32467
1.29322
1.33859
1.33216
1.32437
1.3357
1.30362
1.33364
1.31781
1.32705
1.31386
1.32669
1.31285
1.29247
1.31747
1.32017
1.31085
1.29492
1.30236
1.33547
1.33653
1.32524
1.33564
1.34118
1.3034
1.31976
1.34145
1.33915
1.34527
1.31052
1.31761
1.3193
1.34487
1.29825
1.31017
1.33822
1.33574
1.34362
1.31391
1.31305
1.34081
1.30384
1.33245
1.33412
1.31474
1.34163
1.31274
1.33571
1.31869
1.34261
1.33697
1.34226
1.34117
1.33246
1.34258
1.31503
1.33167
1.33322
1.34046
1.33845
1.33495
1.32054
1.32931
1.33753
1.3441
1.32936
1.3263
1.32429
1.30385
1.31026
1.32596
1.31121
1.30966
1.315
1.30324
1.30878
1.34044
1.3236
1.32308
1.31343
1.3099
1.317
1.32571
1.32834
1.32756
1.33348
1.31778
1.33124
1.3298
1.34073
1.31322
1.31152
1.34293
1.28781
1.35088
1.33732
1.30362
1.31327
1.33329
1.31237
1.29753
1.30926
1.33113
1.31417
1.31559
1.31971
1.32318
1.32974
1.34005
1.2982
1.33403
1.30619
1.33464
1.32349
1.2987
1.33982
1.32325
1.30437
1.3073
1.342
1.30712
1.32657
1.29435
1.32535
1.31869
1.33286
1.33595
1.3251
1.32953
1.30151
1.32307
1.34269
1.31992
1.32558
1.32327
1.31473
1.33925
1.32345
1.33148
1.32672
1.303
1.32075
1.31998
1.31284
1.32397
1.33163
1.32602
1.32495
1.34569
1.324
1.33986
1.33062
1.30359
1.33699
1.32256
1.30255
1.32861
1.3293
1.33709
1.32724
1.33102
1.30105
1.33416
1.31579
1.31765
1.33651
1.29847
1.32884
1.30018
1.32019
1.32368
1.30844
1.29995
1.28494
1.31116
1.29554
1.31311
1.32358
1.32287
1.29651
