497.649, -18.7173, 1.92245
531.502, -11.6073, -2.7398
524.739, -9.55381, 2.54933
502.689, 15.6872, 2.16853
548.684, -5.56195, -1.58631
546.827, -8.22498, -0.116077
525.85, 18.0452, 0.0751949
512.098, 24.0814, 3.11184
523.965, -4.03601, 1.36793
523.914, -3.929, -2.30559
502.014, 23.5091, 1.97853
510.81, 18.5927, 1.70179
513.786, -3.74837, 1.15043
543.416, 7.45962, 2.73477
496.368, -6.14085, -0.0419754
530.381, 12.391, -1.3189
534.919, -7.44283, 1.36483
552.544, 5.39599, -1.02512
502.224, -21.496, 2.85198
500.827, -0.0320726, 2.77935
521.405, 12.3303, 2.97337
528.652, -0.418849, -2.99962
543.604, 12.4147, -1.34128
498.391, -1.04171, -2.7093
565.686, -1.17566, 1.27566
524.798, -1.21138, 1.42465
566.814, -0.409289, -1.4545
529.1, 10.4261, 0.0733589
521.055, -5.14321, 1.51633
497.492, 16.7402, -2.89035
504.517, 16.0895, 0.982457
497.433, -14.5145, -1.8904
505.863, -5.64492, -2.13837
518.31, -9.9619, -0.109455
532.668, 14.7791, 1.13446
525.14, -3.51077, -0.0326657
516.314, -8.61792, 1.92561
510.311, -15.385, -0.61556
530.741, -5.72586, 2.61059
511.019, -17.2856, 1.32965
531.998, -7.96339, -0.628264
506.027, -7.76248, 0.777343
502.274, -10.5299, 1.95867
505.377, 15.751, 0.179598
562.97, 3.67031, 0.383191
516.187, 20.9828, 2.32632
513.092, 24.4602, -2.04169
523.9, -13.6985, 2.25985
531.131, -9.106, 2.22876
560.901, 5.01592, -2.11995
515.587, -7.55113, -2.16071
502.978, 34.6659, 1.52933
509.049, 31.938, 2.19654
512.653, -6.21106, -2.70751
501.976, 22.5176, 1.52156
539.941, -10.4777, -0.0006848
502.762, -6.92857, 1.28582
513.86, -7.3551, -0.19274
507.518, -19.6269, 0.209211
510.409, -13.2785, -2.03473
505.247, -20.216, 2.02802
519.175, -21.7169, 2.46148
510.566, -27.0993, 1.07047
577.263, 0.925406, -0.61374
619.171, 39.7148, -0.536953
618.746, 41.4922, 0.18578
622.779, 45.7998, 2.56395
633.724, 57.181, -0.673499
627.958, 48.9359, 2.76423
619.536, 58.6526, -0.915813
620.627, 54.9342, 1.39282
618.095, 47.6803, -2.34408
609.755, 36.8824, -1.83325
623.231, 49.0191, -0.21448
615.426, 43.805, 3.06733
586.575, 9.75866, 2.62308
624.903, 42.3992, 2.82187
652.124, 32.7622, 1.25651
626.834, 33.9198, -2.64367
621.878, 28.2725, 0.593819
607.997, 12.5836, 1.46124
640.287, 19.0709, -2.26905
621.682, 10.6017, -1.11214
639.142, 3.28883, 2.12157
647.062, -6.90937, -1.77819
577.985, 3.7765, -2.81069
578.589, 4.61728, 3.10133
578.419, 2.42412, 0.702524
578.329, 4.36511, -0.19342
577.209, 5.57465, 1.42425
649.284, 19.298, 1.82674
590.328, 49.042, 2.0979
649.251, 32.813, 0.0884655
636.561, 16.7529, 1.4535
600.115, 72.9876, 0.0850818
649.938, 38.0247, 0.45215
644.328, 30.9125, 0.696226
654.356, 22.9051, 2.23018
606.606, 66.4033, 0.429042
597.31, 46.5943, -2.23352
592.919, 49.4971, -0.671674
600.464, 29.9233, -1.97065
621.16, 58.324, -2.56047
587.609, 20.9591, -0.943104
586.84, 17.8878, 1.51997
585.063, 23.9092, -2.40385
580.059, 69.0235, -1.75245
586.678, 35.7126, -1.7354
605.769, 78.4748, -2.13338
583.414, 36.7495, 2.04214
622.396, 68.1938, -0.857053
602.64, 36.2672, -2.64972
612.163, -14.9367, -2.52196
634.591, -27.3419, -1.83645
635.622, -25.5599, 2.52362
594.709, -33.708, -1.85238
628.488, -50.0873, 1.39875
519.088, -44.24, 1.12214
569.382, 23.4861, 2.6123
565.708, 59.9623, 1.83301
556.879, -39.6772, -0.50557
537.232, 69.7959, 2.25477
555.05, 44.0942, 0.704398
577.946, 2.75373, -0.680715
569.408, 63.0024, -1.60273
575.63, 43.7116, -0.157095
582.51, 85.4805, 3.11969
586.016, 84.2755, -0.51131
601.992, 74.2069, 0.884341
597.38, 59.0039, 1.39226
609.703, 70.1829, 3.01199
596.778, 53.7986, 1.91854
604.991, 72.9581, 1.6162
584.188, 16.0119, -2.89948
602.347, 58.5782, 0.795458
635.052, 12.5757, -2.95284
630.838, 30.3767, 2.73343
589.634, 63.45, 0.11572
601.058, 61.5922, 0.228254
521.437, -9.10189, 0.353138
540.161, -20.964, -1.62918
576.978, 7.16328, 0.101524
562.894, -30.3787, 1.68118
575.553, 5.4735, 1.65095
575.661, 7.90249, 2.903
575.84, 5.87731, 3.03779
576.504, 6.64768, 0.275412
607.543, 29.3952, 0.609091
599.986, 26.5281, -1.78713
608.51, 32.2763, 2.86315
622.78, 44.9449, -2.85429
621.614, 37.3331, -0.765189
615.87, 26.9839, 1.01356
544.478, 80.9983, 0.58139
552.088, 41.1442, -1.25454
576.54, 7.64049, 2.8041
576.722, 7.30017, -2.75585
554.565, 59.8743, 2.89206
578.378, 2.45459, -2.65975
576.419, 7.52352, -0.849584
632.886, -23.1932, -1.12458
617.958, -18.3076, -0.948482
604.817, -8.54137, -1.90639
635.431, -35.8696, 1.0486
638.224, -32.6862, -1.91646
575.807, 4.89693, 2.43117
555.267, 11.6096, 2.64611
500.164, -22.5348, 2.43652
495.977, -11.1381, -1.85342
517.548, -12.1456, 1.2696
539.552, 14.7987, -1.78655
520.57, -6.28813, 2.94911
546.356, 16.7642, 0.298308
519.446, 21.2254, 1.19572
516.739, 37.1646, -2.85171
557.282, 69.9074, 1.69633
572.343, 71.6489, 1.02945
539.035, 64.6085, -1.17656
589.996, 75.9406, 0.770157
575.122, 73.1857, 0.746765
581.367, 62.5875, 1.21506
588.733, 43.8021, -2.87164
558.157, 28.7876, 2.24384
556.038, 70.0882, 1.34768
562.726, 37.2004, 1.01353
548.348, 60.2388, -3.08089
572.757, 6.20293, 1.49177
558.586, -66.2871, 1.93235
564.892, -32.4878, 1.42189
566.278, -37.6057, -0.0943729
569.322, -62.089, -0.562871
572.141, 5.8246, 1.0782
573.161, 5.66134, -0.194689
521.287, 66.3615, 2.20874
572.988, 6.19663, -1.12522
533.355, 55.7592, -0.301634
540.382, 47.0197, 0.12793
557.966, 39.7152, 0.792936
572.29, 7.28215, 2.04213
572.561, 7.05852, -2.43639
514.987, 28.757, -1.11652
645.727, 17.3703, 1.41294
572.101, 6.55626, 0.997208
621.625, 9.75002, 1.18268
620.258, 6.09171, 1.9911
572.24, 6.53385, -2.75552
572.226, 7.36375, -0.520373
571.859, 7.53811, 2.28381
493.047, 6.30633, -2.80801
537.154, 7.24162, -1.63637
516.455, 6.00153, -0.120411
530.345, 5.22704, 0.678733
513.478, 3.80672, 2.2179
552.593, 6.87158, 1.44719
511.746, 4.0957, 0.0181095
504.806, -14.2615, -2.98167
497.334, -15.744, -0.578078
534.393, -1.08325, -0.10194
500.608, -9.22983, 0.803609
542.757, 1.04409, -0.730064
504.872, -6.34941, 2.29755
499.48, -6.59188, -0.799579
493.375, -11.008, 0.265349
572.828, 7.04715, -0.502029
575.769, 5.28728, -0.271258
572.548, 5.89968, 1.02888
573.29, 6.12769, -2.44262
572.319, 7.03316, -0.139073
573.04, 5.80457, 2.97308
572.816, 6.07293, 1.81499
572.998, 6.4706, 1.59674
575.637, 4.86201, 2.73498
575.668, 4.81288, -1.58873
575.431, 5.17265, 3.10767
648.406, 8.30227, -1.18545
648.258, 15.4095, -1.26293
589.245, 9.11293, -0.202514
641.633, 29.8147, -2.17535
642.123, 46.0343, -2.23284
585.789, 27.87, -1.86191
650.19, 0.828582, 1.7205
649.744, -18.6688, -1.29706
604.101, 12.844, 2.4133
608.466, 7.83958, -2.272
638.176, 45.9841, -3.05462
649.666, 8.67815, -0.970069
646.366, 22.6584, 1.92759
634.189, 26.6884, -0.290755
616.868, 23.9612, -1.38627
640.271, 26.6182, 0.00893161
639.039, 21.3689, 0.441353
651.63, 20.8413, 0.955092
636.29, 18.4933, -1.00016
637.77, -47.225, 0.961549
580.044, 0.866966, 2.12568
607.915, -38.6352, -0.881165
596.976, -52.4018, 2.62129
589.209, -57.1806, 2.92834
589.108, -51.9451, 0.899727
591.216, -39.9544, 2.68656
578.307, 4.13126, -1.11415
578.254, 3.3567, -2.9245
576.894, 2.89298, -2.97563
579.496, 4.48325, 2.848
579.459, 3.88457, 0.45738
537.663, -7.05766, 0.273117
577.264, 3.12926, -0.0289651
578.336, 0.429962, 1.27389
576.757, 3.18678, -0.206242
533.5, -42.6326, -2.2948
527.449, -37.5828, 0.963107
534.139, -24.0631, 2.83393
577.487, 2.47699, 0.559349
617.929, -59.2531, -1.80611
640.372, 5.96164, -1.89466
525.511, -37.2211, -0.801091
605.159, -29.3172, 0.491837
595.541, -43.1416, -2.42708
623.664, -49.8838, 2.07618
540.656, -5.13626, 1.02755
640.454, -34.4604, -0.0403147
619.578, -41.0746, 2.12915
636.193, -53.2565, -1.45488
643.853, -38.7261, 3.10887
647.26, -25.7731, -2.81276
527.998, -25.7992, -0.931413
509.555, -30.5804, 2.13648
576.699, -4.05916, -2.62404
577.708, -2.5001, 0.362295
511.648, -3.53149, -0.852918
548.632, -2.44609, 0.278709
524.438, 1.69327, 2.23672
576.529, -1.95658, 0.235496
577.132, -3.77862, -0.147656
577.221, -3.88518, -1.82882
645.494, -45.789, 2.67832
576.775, -3.82258, 0.671075
576.704, -2.01305, -1.17318
582.98, -4.97199, -0.822566
577.228, -1.38245, 0.785108
575.594, -3.86044, 2.36991
576.232, -2.77855, 1.05949
577.064, -3.75022, 2.41846
576.32, -3.79956, -2.87784
576.838, -3.28968, 1.83131
575.643, -4.61868, -1.2814
576.762, -3.15219, 1.07379
575.612, -3.91767, -1.31049
576.254, -2.87251, -2.17505
576.226, -3.405, 2.30496
574.659, -2.53943, 2.66991
589.838, 51.8697, 2.0811
587.049, 49.7517, -2.41513
582.474, 25.5576, -1.46611
594.724, 74.3628, -1.20531
576.678, 0.873491, -0.240931
574.639, -2.77533, -1.65399
602.037, 73.1995, -3.02889
593.208, 47.8479, -3.0363
573.763, -2.5201, -2.12041
573.594, -2.57551, 1.65205
543.725, -34.1357, -2.83179
552.126, -30.8028, -2.67932
541.521, -62.8406, -2.21156
558.419, -21.1158, 3.0477
582.873, -68.3538, -2.61383
572.32, -3.19752, 0.0935216
572.815, -2.85624, 0.443443
573.176, -3.98479, -1.30003
629.24, -38.9148, -2.41357
646.646, -29.865, 0.213466
566.332, -54.273, -1.54171
549.423, -72.0646, 1.47451
568.908, -18.3226, 3.03061
553.929, -34.3348, -2.84649
552.669, -61.5276, 0.614896
529.998, -67.9849, -1.39962
545.154, -39.9013, 1.32855
573.469, -3.99906, -0.820945
573.097, -3.62497, -0.387068
573.198, -3.85925, 2.59864
573.096, -3.96725, -1.01274
573.261, -3.90063, 1.61777
601.982, 39.1197, 1.14462
572.679, -2.92753, -2.96387
618.522, 56.0103, 0.253289
597.199, 29.6774, -1.49977
611.08, 46.3477, -1.4857
511.485, -23.9165, -1.83244
538.536, -26.7193, 0.0956195
513.792, -44.2366, -2.25168
505.561, -32.3859, -1.69293
516.236, -30.985, -2.46422
572.314, -3.22699, 1.46575
572.978, -2.52003, 1.67984
604.882, 6.71241, 2.6817
616.867, -16.309, 0.916657
616.419, -6.37598, -1.33899
636.403, -30.9725, 0.113034
631.085, -15.3616, 1.40822
563.205, 75.065, -2.39527
576.178, -1.20923, -0.142623
576.902, -1.31726, 1.55408
575.467, -3.06733, -0.768475
577.415, -75.1647, 2.31416
645.497, 35.8273, -0.245717
577.7, -0.354822, 2.27259
599.989, 28.013, -2.60156
611.032, 55.5773, -0.360448
576.072, -4.09254, -1.08181
634.501, 49.3733, -1.60536
629.668, 49.435, -0.861734
575.305, -3.46693, -1.73609
616.086, 38.0549, 0.777045
578.175, -2.79402, 2.73672
578.388, -2.79597, 1.49022
577.971, -2.58898, -0.591248
577.517, -2.97837, 2.31712
577.351, -3.25301, -2.95375
578.427, -2.43558, 1.56307
576.688, -4.1512, 1.4608
576.24, -4.81477, 3.11532
576.489, -4.47117, 1.63423
576.714, -4.69797, 1.19874
512.926, -28.2207, 2.56625
548.709, -9.48232, 1.15872
574.739, -6.30868, 2.08822
574.498, -6.79216, -2.72999
574.346, -6.23041, 2.19587
575.099, -6.62528, -1.84587
573.076, -7.49906, -1.29562
573.501, -7.85436, 1.07922
575.651, -5.86717, -0.832853
574.313, -7.60643, -1.56994
574.812, -5.96415, -2.97759
574.872, -6.92182, 0.317603
575.16, -6.15717, -1.53125
574.74, -6.61724, -1.62713
563.123, -13.2626, -0.671324
574.592, -10.1714, 0.504814
573.913, -8.21836, 0.812978
573.122, -7.46954, 1.76172
562.48, -0.114623, -2.93225
568.846, -4.1866, 0.727276
572.562, -6.84671, 2.17324
550.362, 53.7545, 1.42418
573.129, 16.3777, -0.312527
557.977, 2.28716, 2.31142
570.404, -5.64805, 1.72926
570.707, -5.49368, -3.12728
561.998, -0.926772, -1.48721
570.444, -5.81058, -2.36117
563.243, -1.72414, 1.82304
570.895, -5.9826, 0.330178
566.603, -3.65185, 0.681252
564.842, -2.35395, 2.575
570.62, -5.84422, -0.281128
569.111, -4.35775, -2.26741
569.836, -5.32346, -0.822034
567.763, -3.67058, -0.622632
560.099, 0.120897, -1.05891
560.273, -0.602423, 1.94283
567.223, -3.60179, 2.27862
563.117, -0.935039, 2.80157
564.732, -12.1972, 1.03491
567.449, -5.25632, 2.24431
567.695, -5.30377, 0.403115
559.472, 0.771551, 1.4928
566.574, -2.679, -0.96058
563.407, -1.26007, -0.107716
562.324, -0.927482, 1.66741
560.013, 0.235524, -0.249325
566.458, -2.58224, 1.87857
567.64, -3.40284, 0.15293
565.46, -2.52644, 2.49607
562.548, -1.26324, -1.42622
565.469, -2.74435, 0.842464
565.346, -2.50688, 1.70596
564.765, -1.60036, 1.52872
564.479, -1.4909, 0.12161
564.042, -1.9649, 2.25181
560.426, 0.392535, 3.13742
560.991, -0.0204951, 0.993483
563.86, -2.01488, 0.801038
561.677, -0.512073, -0.65761
563.407, -1.64813, -2.64015
560.255, -0.433937, -0.837168
559.643, 0.99994, 1.48106
563.801, -1.56927, 0.731962
559.549, 1.10921, 2.75833
561.162, -0.538115, 2.21587
560.609, 0.016946, 1.67902
561.908, -0.23995, -1.70039
560.853, 0.123179, -1.96231
562.839, -0.421502, -1.79283
560.989, -0.376804, 0.0344484
562.788, 0.0263318, -0.887511
560.652, -0.509788, 0.857291
559.957, 0.512447, -1.74744
560.858, -0.537315, -2.03667
559.503, 0.039671, -2.09763
560.58, 0.340777, -0.885816
560.92, -0.336015, 2.49952
562.046, -0.157684, -0.173424
560.988, -0.0368996, 2.50066
559.944, 0.83905, 3.10334
560.788, 0.0869479, 2.71562
560.184, 0.0141545, 2.58762
559.393, 0.488735, -1.20314
559.792, 1.05984, -2.44173
560.054, 1.11403, 1.28824
560.177, 0.745535, 0.614318
559.416, 0.774565, 2.89325
548.712, 3.33545, -0.452988
560.819, 0.174747, 2.18429
560.446, 0.371972, -0.167152
559.554, 1.06491, 3.11289
552.576, -0.824069, 1.43139
571.491, -5.97228, 1.81078
569.728, -5.46586, -2.41384
563.31, -1.9723, -1.87383
560.057, 0.0289618, -2.03722
562.742, -0.903388, -0.264444
565.541, -3.10819, -1.2064
568.555, -5.80042, 2.78843
560.56, -0.328302, -2.36826
562.82, -2.55755, 1.56565
566.956, -6.02756, -2.10804
567.478, -6.49151, 0.595464
563.334, -2.55311, -2.53961
565.966, -4.77569, -2.42839
567.142, -5.66841, 2.44438
564.688, -3.04155, 2.55877
562.702, -1.17469, 2.3018
566.656, -5.0211, -0.0550509
562.112, -1.678, 1.84238
568.484, -6.94317, -0.489298
571.852, -10.5284, -0.13476
573.288, -12.7702, 0.452715
571.696, -9.95373, -2.72883
572.334, -10.5732, 1.86725
564.941, -3.88675, -1.31125
569.49, -7.19414, -1.41245
567.399, -5.62262, -2.61671
568.449, -6.78295, 1.17903
569.627, -6.97753, -0.305339
570.932, -9.32269, -2.85431
569.024, -7.80167, -1.30594
565.901, -3.9598, -2.79232
567.91, -6.01702, 0.856813
572.41, -10.5664, 3.09978
572.451, -10.1256, -2.88293
571.387, -9.62244, 2.07889
571.675, -9.8918, 3.0323
570.165, -8.24711, -1.72231
566.765, -4.45971, -0.0203364
570.783, -9.30562, 3.07133
571.568, -10.5341, 0.340634
571.586, -10.6166, -1.66711
569.176, -7.67328, -1.45209
569.434, -6.80825, 1.57536
572.582, -11.1327, 2.2259
573.266, -11.5315, 1.91902
571.242, -8.73113, -2.00258
563.469, -11.3177, -2.96839
565.978, -7.84807, 0.639096
571.897, -8.84786, 0.0724359
566.272, -8.18653, 1.67198
562.097, -11.2401, -0.135482
560.827, -13.7558, -1.38877
563.082, -11.601, -0.445997
564.109, -10.6746, 0.0511754
559.689, -15.2296, 2.88783
560.298, -13.9986, 0.804682
559.076, -15.7384, 0.479267
561.089, -13.3806, 0.936951
559.117, -15.0111, -2.11691
561.463, -14.2494, -1.86885
559.803, -14.9969, 1.44458
564.224, -9.89887, 0.225191
560.247, -15.8179, 1.62225
563.396, -12.2181, -1.60213
560.681, -13.9041, -3.0283
559.005, -14.781, 0.0360694
561.765, -12.9845, -0.939117
560.015, -15.2501, -0.304321
562.707, -12.5819, -1.9999
561.712, -12.8844, 2.2849
558.412, -14.6003, -2.80123
563.972, -10.6598, -1.1638
560.139, -13.5187, -2.92224
559.675, -14.3874, -0.643786
563.002, -12.4555, 1.80705
562.487, -13.0223, -2.02193
562.161, -13.2749, -1.22726
558.898, -13.3953, 3.11943
562.109, -13.0037, 3.10793
559.381, -15.7419, -0.530628
561.54, -13.3953, -1.16276
561.802, -13.4288, 0.811313
558.833, -15.1016, -2.43368
557.605, -13.1528, -2.76899
556.431, -12.6802, -0.609152
557.33, -13.0094, 0.342319
560.46, -11.6879, 2.42223
561.642, -12.414, 1.06339
558.784, -12.1687, 0.717607
559.661, -15.7938, 1.52341
559.438, -12.4709, -2.43589
560.017, -11.4179, -0.801113
560.786, -13.0372, 2.35982
558.587, -12.0639, 0.771367
555.927, -12.7166, -1.18843
560.71, -14.7371, -0.95093
560.404, -15.4772, -2.07831
559.511, -13.6771, -2.73686
558.082, -12.7932, 0.413315
562.83, -16.2038, 0.442267
559.177, -13.5566, -0.0750724
560.114, -15.2045, 1.91683
560.365, -14.5854, 0.0766719
560.292, -14.9816, -2.43597
561.575, -17.5996, -0.191497
576.256, -35.0755, 2.10256
562.255, -18.6271, -2.14858
565.988, -22.3031, 1.03819
581.618, -44.0448, 0.868959
569.082, -27.6018, -2.74791
574.315, -34.5136, -1.09143
569.925, -29.4137, -1.09306
573.402, -34.1464, -0.486522
566.715, -24.5132, -1.76913
565.336, -22.4208, 2.87112
562.633, -20.0557, 0.63956
570.608, -30.9276, 1.82397
564.348, -22.1045, 0.822495
567.881, -26.5578, 0.0442928
570.119, -30.5313, 1.32164
571.882, -35.3965, -2.97024
564.26, -22.2143, 2.41088
571.632, -14.8802, 0.327921
565.53, -24.6579, -2.33052
570.579, -32.4177, -1.82717
564.203, -21.6054, 2.72458
564.442, -22.5598, 1.14298
571.278, -34.3968, -0.675123
562.732, -19.691, 1.09527
571.711, -35.763, 3.10141
563.996, -21.8635, 2.67119
564.575, -22.8476, -1.91501
565.038, -23.5744, 2.39686
564.056, -22.4046, -0.348095
563.747, -20.7416, 2.52434
564.439, -21.8803, 1.82437
570.76, -34.6289, -0.460436
570.674, -33.6038, -1.38499
572.753, -14.3036, -2.89692
568.254, -29.9796, 0.769655
570.315, -32.5477, 1.89415
565.942, -25.1897, 2.30907
566.35, -26.53, 1.40188
569.181, -19.159, 1.82646
571.556, -17.4879, 2.42967
570.16, -33.2891, 1.26765
570.536, -32.8527, 3.07889
565.127, -23.9679, -1.01754
568.233, -28.6182, -1.01031
572.021, -34.6062, -1.51036
568.457, -28.7218, 0.566347
568.407, -28.7585, -1.95149
569.275, -30.8632, -1.24826
566.802, -26.5854, 0.567786
567.333, -27.9689, 1.40298
570.052, -32.2797, 0.842117
569.518, -30.4365, -1.11642
565.639, -24.7687, -0.701019
567.598, -28.1523, 1.02538
572.577, -34.2445, -2.2378
570.045, -31.6611, 2.47966
571.298, -34.222, 1.40495
570.211, -32.321, -0.595197
571.285, -34.0284, -1.75279
573.687, -37.1128, -1.93674
569.776, -30.8426, 1.02393
571.992, -34.4834, 2.39782
567.643, -27.9259, -0.579919
565.136, -29.1027, -0.76559
571.379, -33.3984, -2.51344
572.977, -36.9366, 0.259846
568.014, -28.0617, -0.411123
569.001, -29.8363, -1.30699
573.057, -34.8996, 1.48972
569.646, -30.472, 2.22656
574.509, -37.3485, 1.83477
568.141, -28.2932, 2.48423
573.98, -37.1203, 0.963959
569.109, -29.2869, -1.19488
572.833, -34.8987, 1.16749
575.784, -38.1136, 1.64198
570.3, -31.3166, 0.0730533
571.538, -32.7314, -1.2838
574.912, -37.2276, -2.51924
570.995, -32.1446, 0.333977
570.041, -30.8269, -0.194504
572.614, -33.8388, 1.77264
571.944, -32.9067, 1.51549
575.673, -37.3956, 2.93511
575.923, -36.9513, 1.39295
575.67, -36.6901, 1.53407
576.207, -36.8167, 0.415037
574.541, -36.9629, -1.97892
576.366, -35.7419, 1.68692
572.446, -34.0212, -0.658342
574.962, -36.1538, 2.68198
574.553, -34.8878, -1.68822
575.26, -35.755, 2.47278
576.922, -32.4427, -2.33587
575.896, -37.3876, 1.63035
573.479, -34.0044, -1.66017
571.818, -33.1733, 2.42701
575.137, -32.2717, -2.54507
575.399, -31.836, -2.56012
574.666, -34.9535, 1.03437
574.655, -35.8747, 2.3521
576.533, -34.7963, 0.929028
575.634, -34.0128, 1.26337
576.376, -37.156, 1.79143
576.294, -33.3532, 0.0819648
576.57, -32.9608, -1.81284
576.129, -33.5881, -2.42591
575.319, -35.584, -1.2261
575.544, -36.812, -1.66415
576.262, -33.1297, -0.810899
575.823, -31.9623, 2.94079
575.374, -30.558, -1.03645
574.824, -31.9345, -2.17614
576.206, -33.1271, 0.395643
574.778, -36.1075, 1.44085
574.246, -35.4234, -1.31291
576.591, -32.5165, 3.05206
574.361, -31.9893, -1.36171
574.043, -32.148, -0.930851
576.362, -31.781, -1.21733
575.77, -33.3346, 2.19264
575.587, -33.0296, -2.15072
577.073, -29.7503, -2.9581
576.911, -31.2902, -0.248571
572.34, -31.7639, 1.19188
576.7, -30.1857, -0.751671
576.965, -31.4912, 1.07475
576.059, -29.7777, -2.49932
574.124, -31.8403, -0.891555
573.682, -31.3893, 0.572845
573.195, -31.7033, -2.2608
574.385, -31.1185, -1.16478
576.96, -30.4986, -0.821979
576.42, -31.3487, -1.97899
578.748, -28.7574, -1.563
576.64, -31.7538, -2.05441
576.47, -31.6404, -2.02827
576.971, -29.8682, 1.10506
580.68, -28.6704, -1.04938
576.24, -30.479, 1.75397
578.988, -28.7517, -0.526696
583.294, -27.6184, -1.59954
581.188, -28.0487, 0.981221
584.332, -25.1666, -2.2472
586.661, -25.6668, -0.216111
577.473, -29.311, 2.31218
584.558, -25.3692, 2.78694
585.912, -27.1468, -1.73784
586.564, -25.7995, 2.58439
583.803, -27.9746, 1.83309
586.517, -26.8499, -0.956288
583.641, -28.1164, -0.858953
587.182, -25.2895, 0.0480752
588.115, -31.9705, -0.910616
586.594, -29.8033, -2.05464
583.149, -27.0974, 2.93085
602.056, -38.6436, 0.414647
584.706, -25.2749, -0.188643
583.8, -28.5599, 0.201554
585.298, -25.3989, -2.92121
584.368, -26.2818, -2.11854
586.925, -30.3947, 0.959456
582.056, -25.7599, 1.48928
584.294, -27.1312, 1.80893
583.027, -26.4025, 2.32708
591.04, -32.8365, 0.168689
590.665, -33.5909, 2.27962
584.504, -26.4902, 0.332937
585.462, -24.7683, 2.84144
584.672, -27.3385, 1.03483
643.856, -57.0527, -2.36202
584.826, -24.4883, 1.62071
587.308, -25.7469, -1.9267
615.496, -62.0045, 0.493449
628.6, -58.9696, -0.84433
628.235, -92.2871, -2.63158
585.414, -25.2114, 0.86557
587.232, -23.757, -1.71339
585.419, -24.0847, -0.895742
585.238, -24.2349, 2.41796
586.318, -25.0821, -3.0142
585.344, -24.2487, 2.5873
585.835, -24.6399, 1.51435
587.428, -25.6616, -2.23192
588.263, -24.2404, 3.00669
586.834, -24.0695, 2.92887
582.344, -87.3669, -1.39434
580.504, -67.5568, 0.732735
571.472, -83.5531, 0.731599
595.914, -98.4165, -1.29203
588.739, -47.0009, 1.81872
562.488, -74.9569, 1.1094
596.1, -104.397, 1.55681
588.691, -97.971, -0.525948
572.656, -103.953, -2.04949
557.412, -86.6619, -2.79791
561.603, -62.9673, -0.71104
583.143, -30.7782, 0.5976
542.632, -57.3034, 0.0967948
603.384, -90.85, 2.99266
558.863, -51.7596, -2.78719
569.569, -66.7969, -0.764994
558.479, -85.9245, 0.673655
598.49, -104.031, 1.93295
551.188, -79.0763, 0.349894
560.717, -64.5132, 1.96304
577.284, -79.4873, -2.04561
549.374, -96.1182, 0.0293472
542.593, -75.7247, -2.28536
540.408, -69.4933, 1.75761
563.147, -53.2237, -2.28134
535.97, -86.5629, -2.29525
514.165, -56.6768, -0.232391
513.397, -56.8653, 1.13638
586.035, -31.425, -1.92379
585.702, -29.7546, 2.63584
527.005, -64.8839, 0.91686
591.737, -30.2698, -3.07588
591.571, -30.5598, 1.28233
595.386, -31.0759, 1.81662
601.42, -28.5334, 0.100665
600.256, -30.2758, 1.5717
604.816, -29.5091, 2.24376
604.188, -30.1893, -2.43878
602.685, -31.8294, 2.39225
592.494, -30.9875, -0.383529
597.225, -30.1485, -0.230147
594.243, -31.224, 1.94167
591.495, -29.8934, 2.16824
597.882, -31.3185, -0.180871
594.543, -30.2274, 0.371511
602.529, -31.7119, -2.76412
606.886, -31.9687, -0.755482
605.413, -32.2596, 1.87876
596.435, -30.124, -1.70717
600.565, -29.9088, 2.94532
593.247, -30.6803, 0.997263
605.503, -28.6972, -3.06183
600.707, -29.6834, 2.60937
595.712, -29.5197, -0.905399
605.397, -28.9674, 1.56689
602.313, -28.4247, -2.53332
604.276, -27.8518, -2.68132
604.637, -29.394, 1.7251
599.905, -29.385, 1.62648
604.271, -29.5648, 0.214406
599.731, -29.8578, 1.47715
606.441, -29.4646, -2.38286
604.255, -30.2934, 1.72109
607.099, -29.4345, -1.14675
601.633, -30.2596, 0.940322
605.528, -29.1979, -2.39929
598.28, -29.6246, 2.60123
603.708, -30.0904, 1.73064
602.661, -29.208, 0.26099
604.878, -28.6551, 1.51178
601.301, -28.6337, 1.84891
598.681, -29.6555, -0.952743
605.291, -28.6253, 1.70685
599.704, -29.9889, -0.0819727
605.212, -28.6667, 0.0825763
600.355, -29.6534, -0.911941
605.364, -28.5971, -2.27881
606.485, -29.0206, 1.94303
603.47, -28.4016, 1.36309
607.132, -28.5548, 2.47712
603.421, -30.1357, 1.36244
602.41, -29.5106, -2.26352
658.881, 18.1244, -1.78937
632.239, -0.945155, -0.0843748
622.746, -7.02665, -0.330801
618.881, -6.83441, -0.274408
632.356, 8.48035, -2.43091
641.002, 38.0641, 1.68596
633.674, 19.7285, -0.0223434
609.521, -12.0419, -2.91861
602.503, -29.9968, -2.69641
623.018, 28.5305, 1.85878
603.043, -29.1854, 2.0833
603.155, -29.5003, 0.148576
604.372, -30.1802, -3.00859
605.904, -29.0885, 2.79772
607.118, -29.9095, 2.46713
604.377, -29.2212, -1.38087
606.578, -28.4485, -1.47734
607.271, -28.8992, -2.6472
606.418, -28.5961, 1.0529
606.246, -28.9398, 2.87048
606.177, -29.3136, -1.05556
607.175, -28.9232, 1.91629
606.511, -29.5398, 0.660909
606.687, -29.1567, -3.05426
607.216, -28.3524, 2.03014
607.262, -29.23, 3.1317
607.257, -29.4084, -1.20935
606.315, -29.6741, 0.987248
595.541, -33.5703, 2.30218
605.327, -29.0189, -0.0375154
593.065, -32.137, 1.44828
606.148, -28.4579, 2.10455
596.906, -29.6468, 2.25001
602.874, -29.5571, 0.321093
586.035, -27.1805, -0.0960468
576.276, -27.0569, -2.27153
589.343, -27.3292, -2.81458
600.02, -28.9896, 0.245764
566.834, 0.639731, 2.93224
596.481, -20.0277, 0.711562
600.929, -28.3024, 0.602312
592.974, -3.12109, -0.174285
584.09, 39.3558, -2.08418
591.483, 39.9535, -1.68582
592.883, 25.4093, 1.7789
597.724, -0.865974, -0.294714
596.781, -27.3684, 3.00594
583.425, -24.3571, 0.528646
589.148, -26.3002, -1.89523
597.08, -27.7131, 2.69102
584.397, -24.2132, -1.88855
580.593, -24.1857, 1.7454
594.31, -27.3684, 1.2534
598.714, -27.8245, 0.423794
581.075, -24.0195, 0.979758
589.412, -25.8503, -2.62758
589.96, -25.8285, 2.39202
580.67, -23.7972, 1.69977
595.179, -27.136, -0.224334
586.124, -24.2382, -0.226682
598.613, -27.385, 1.63963
598.398, -27.9573, 0.879799
590.503, -26.1666, 2.13752
594.07, -26.4922, -0.0723011
595.058, -26.5386, -0.718178
555.659, -27.2813, -0.681728
583.212, -23.2228, -0.497904
597.204, -27.7087, 0.955231
588.015, -24.8772, 0.103228
593.734, -26.9056, 0.73335
595.476, -27.2815, 2.66868
580.663, -22.1233, 1.16066
588.69, -24.9611, -0.526862
591.887, -25.8988, -0.953733
585.975, -23.9553, 2.53011
582.174, -20.756, 0.554871
581.848, -21.6209, -0.540852
584.436, -28.1721, 0.333518
595.027, -27.3111, 1.61759
586.323, -23.1645, -2.26724
593.931, -27.0221, -2.09849
583.97, -22.189, -0.8998
589.742, -23.9818, -1.44502
588.308, -23.4353, -2.19809
586.352, -23.5814, -2.60601
581.966, -22.0349, -1.76066
591.635, -26.4023, -1.40855
582.42, -21.4287, -0.195617
583.427, -21.7625, -1.72622
588.889, -24.7332, -1.89489
584.878, -21.5932, 0.34963
585.633, -32.6365, 2.81206
582.389, -36.2472, -3.1137
582.433, -20.8244, -0.874327
590.321, -24.7946, -0.482198
584.354, -22.5695, -0.456303
585.289, -21.977, 0.13177
585.72, -22.0128, 3.10526
586.204, -24.4598, -0.415805
586.04, -23.5276, 2.52423
577.829, 20.2494, -0.436497
545.116, 37.4346, 2.9355
548.897, 41.5321, -1.16105
560.47, 27.4525, 2.28347
563.483, 52.4119, 0.206257
527.387, -3.40131, 0.926058
585.575, -18.1201, 2.43172
536.975, -1.40992, 0.400534
586.871, -23.7607, -1.44977
584.7, -20.5407, -1.93137
586.175, -19.2112, 2.88449
536.43, 1.30123, 2.57281
531.148, 3.77378, 2.93132
520.932, 12.7106, 0.521151
540.321, 6.22176, 2.71408
548.398, -2.53475, 0.0511531
512.232, 2.58914, -2.49437
549.846, -13.9848, 0.871298
533.004, -16.1653, 2.55026
585.067, -19.6978, -0.991791
556.129, -3.79891, -0.711983
571.154, -19.069, 2.45039
551.797, -25.9768, 3.08281
530.376, -18.6145, -1.01611
558.128, -28.6182, 1.3872
582.975, -19.9965, 0.14596
584.168, -20.3752, 3.05273
512.165, -30.4865, 1.62329
583.725, -21.5401, 1.31014
584.302, -21.5624, -1.5927
575.984, -59.7482, 2.04529
549.814, -53.8381, -2.29295
560.989, -53.8738, -0.196089
565.322, -56.1341, -0.376421
558.049, -87.314, -0.519982
559.036, -72.9668, -1.05753
516.538, -60.1007, 2.98843
555.307, -46.2774, 1.85719
544.77, -49.8982, -0.484616
582.992, -19.9517, -0.315845
583.5, -19.964, 1.53547
583.058, -19.8876, -2.1722
582.372, -19.9529, 0.230576
551.655, -53.126, -1.8296
575.975, -24.1755, 0.235912
579.915, -21.7393, 1.23857
579.811, -21.3934, -0.192928
577.836, -22.7242, -1.76356
577.996, -22.5836, -2.01571
581.004, -20.545, 0.271386
577.797, -24.8744, -2.74211
576.123, -25.1008, 2.50267
578.692, -24.0249, -2.11436
576.736, -23.8145, -0.83551
577.108, -28.5432, 2.83323
574.963, -26.9687, -2.82068
577.482, -24.7282, -1.2942
572.501, -76.0578, -1.88554
602.637, -63.5648, -0.450609
584.691, -36.8308, 2.2632
601.521, -46.2828, 2.22994
629.472, -77.6155, -1.489
620.737, -72.326, -1.2893
576.564, -24.2646, -2.10603
574.293, -23.4616, 1.25296
576.337, -27.5066, -0.869055
576.101, -22.7229, -0.906213
575.593, -28.731, -0.858608
575.978, -28.0056, 2.62443
575.498, -22.6499, 1.9441
576.897, -22.6804, -1.26168
576, -26.2927, -0.417837
574.261, -23.6048, -1.6377
575.15, -26.2638, -0.254902
574.954, -25.8114, -1.49764
577.668, -23.018, -0.820748
577.301, -23.3449, 0.121161
576.015, -24.1633, 2.49026
574.162, -22.5739, 0.0499589
574.092, -23.3693, 1.61981
575.268, -24.3029, 0.429536
575.341, -23.8831, -0.0549102
569.204, -14.1738, 0.0806077
567.546, -11.7208, 0.123827
565.225, -8.02398, -0.894325
572.705, -20.6055, 1.40508
569.213, -16.7655, -2.59265
568.831, -16.7848, -1.0456
570.045, -17.7712, -0.544189
572.527, -20.8703, 2.73922
572.069, -19.4655, -2.95471
562.855, -7.10125, -2.38591
565.764, -11.0796, 2.55244
569.026, -16.7877, -2.98986
560.041, -3.12665, 2.75892
570.883, -18.2683, -2.79511
566.479, -11.8021, -1.26269
564.036, -9.1285, -2.86004
559.165, -2.00689, 2.41179
569.821, -16.6685, -1.20401
569.684, -16.8438, 1.56197
569.648, -16.7033, -3.04082
569.129, -16.4134, -0.719606
565.749, -10.8334, -1.67206
569.762, -16.544, 2.75107
566.896, -12.0054, -2.30568
566.479, -11.8695, -0.679442
565.004, -9.13747, -1.11975
559.648, -0.983637, 1.20602
562.911, -21.0845, -1.95192
567.066, -11.5607, 2.76864
565.707, -6.80894, -1.22329
567.957, -18.3143, -2.57754
567.735, -19.039, 0.532556
568.074, -18.1565, -1.30828
567.26, -18.6495, 0.5083
567.653, -18.2316, -1.95413
567.377, -17.9871, -2.7157
564.884, -18.9812, -0.739463
563.833, -18.8388, 1.92605
561.898, -19.6819, 2.58497
564.205, -19.2112, 1.34138
562.576, -18.5768, 2.11261
565.65, -18.4192, 2.9556
565.485, -18.9986, 0.49318
562.371, -19.2702, 1.33276
564.931, -18.8402, -2.31473
562.54, -19.6849, -2.88917
563.025, -19.3679, 2.75621
564.678, -18.7594, -1.85987
563.629, -19.4343, 1.58727
563.716, -18.8149, 0.901178
561.836, -18.3509, 1.75315
562.257, -20.4277, 0.925084
562.528, -18.7827, -0.396969
560.157, -16.1274, -1.90482
563.536, -20.0666, -1.84558
562.668, -19.8787, -0.665069
563.736, -20.5652, -1.22439
563.496, -20.5534, -2.06283
562.629, -20.3031, -1.66483
563.602, -20.7533, 1.30935
562.562, -20.3106, -0.853719
562.13, -19.7618, -1.18853
563.558, -10.5394, 1.01839
562.615, -8.56163, -2.13776
562.435, -11.3793, -0.961828
562.51, -17.1128, -0.64533
561.714, -10.177, 0.575725
561.641, -11.2685, -2.39299
562.004, -18.479, 1.40847
561.451, -11.1115, -0.00223393
561.315, -10.4577, -1.54768
560.734, -11.56, 1.97816
562.259, -14.6166, 0.852425
561.818, -14.3744, 1.09994
562.891, -18.2207, 2.87741
561.598, -13.8414, -3.11977
560.628, -10.4859, -0.181247
562.143, -16.7783, 1.7079
561.728, -17.5428, 1.92968
560.409, -10.6603, 0.139009
561.943, -13.4257, -1.54701
560.711, -15.5437, 0.291115
561.04, -13.562, -0.677501
561.262, -11.512, -1.94837
561.332, -13.3233, -0.47672
562.224, -14.9565, -1.12524
560.969, -10.4811, 2.5315
560.413, -10.0906, 1.60216
557.562, -16.2872, -2.41721
522.543, -64.1473, -1.67422
556.082, -16.1493, -1.50059
533.237, -48.7679, -1.65371
547.734, -33.2656, -1.59591
519.142, -78.3398, 0.100071
560.088, -16.2252, -0.844701
557.229, -15.5612, 1.05512
557.121, -15.3607, 2.07395
558.818, -16.4087, 2.20661
555.35, -15.3424, 3.04535
557.489, -16.1958, -2.72542
555.947, -15.3847, -0.824269
556.659, -15.4995, -2.02844
557.228, -15.5779, 1.9817
557.079, -15.9174, 1.85062
556.784, -15.2782, 0.884734
555.503, -15.4522, -0.795111
556.194, -15.8263, -2.39457
555.089, -15.0211, -0.583799
555.71, -15.1803, -2.51147
555.399, -15.2727, 1.08881
556.768, -15.8376, -1.70575
554.998, -15.8107, 0.389683
556.374, -15.422, 2.81506
555.103, -15.6205, 1.7389
555.947, -15.6857, 0.0199664
514.02, -82.3008, 0.012782
555.488, -15.6361, -1.00963
555.201, -15.2282, -2.19421
572.501, 51.915, -3.06246
555.484, -15.5815, -1.00528
555.11, -15.1855, -0.221316
555.182, -14.9132, 1.86368
555.791, -13.9053, 0.0364946
561.396, -19.7165, 0.9353
559.854, -18.5527, 2.05487
555.343, -15.3803, -1.78566
577.121, 39.4411, 2.19818
556.18, -14.5515, -0.409623
562.454, -18.0722, 2.65195
559.333, -16.9854, 1.71925
555.844, -15.8351, -1.20742
558.034, -15.9391, -0.659998
559.441, -15.7334, -0.55359
556.446, -15.3999, 1.95388
557.151, -15.3397, -2.47487
559.691, -15.4281, 0.599298
556.796, -15.3192, 1.97063
558.449, -16.0234, -1.96659
560.984, -16.0658, -2.84439
563, -16.0706, -0.605976
557.752, -13.7173, 0.454488
560.534, -15.745, 0.370035
560.594, -16.6643, 0.819764
561.178, -15.898, -1.91607
557.697, -14.0609, 2.6127
556.876, -12.5529, 2.1517
557.747, -13.1787, -1.9295
557.968, -13.5162, -0.286333
557.924, -13.1536, 0.912948
557.846, -12.8439, -0.899701
557.86, -13.0457, 1.34858
558.044, -11.2948, 0.154949
557.93, -12.884, 0.989238
557.849, -11.3877, 1.55036
522.471, 14.5098, 0.121774
515.144, 8.87627, -0.725494
506.976, -2.84884, 0.892864
491.11, -10.8974, 2.06631
557.1, -11.4329, 0.891523
557.865, -11.564, 2.45282
562.323, -11.4489, 2.12078
605.268, -52.1429, -0.723233
560.81, -11.4284, -0.434916
562.866, -10.4525, 0.464353
562.71, -10.4644, -0.0479487
560.964, -10.8523, -0.500981
564.311, -10.612, -2.15139
562.974, -9.60498, -1.38098
562.98, -10.2212, -1.29655
563.651, -10.6147, 0.116989
563.655, -9.66678, -0.855616
562.515, -10.2026, -2.89514
561.039, -10.5716, 2.8367
562.954, -11.3549, 2.8338
561.656, -5.83729, -2.29239
563.399, -10.6618, 0.369001
562.997, -10.1477, 0.955104
558.489, -85.2233, -1.03633
536.996, -52.1143, 2.06731
542.488, -40.1933, 1.18141
564.114, -11.0742, -2.79494
530.02, -43.6941, -1.52737
562.582, -11.2297, 1.74085
564.589, -19.2302, -3.10252
564.527, -20.0084, -2.72773
563.591, -13.1934, 1.43983
564.665, -19.2689, -1.07374
563.626, -13.2821, 1.58697
564.721, -18.3516, 0.124822
564.026, -19.3666, 0.0381232
563.257, -13.2543, -2.43324
563.519, -13.3454, 1.83591
496.526, -52.1446, 2.47172
563.637, -16.7139, 0.944231
564.755, -19.8579, -1.14258
564.633, -15.8118, 2.79698
564.954, -21.1355, -0.725346
565.085, -20.6826, 0.616697
562.836, -16.5574, 1.35746
560.457, -16.8409, -2.74118
563.912, -15.1981, -2.02928
565.1, -17.99, 2.60665
529.533, -73.8215, -0.0305385
564.716, -18.8185, -2.16131
564.984, -16.4144, -1.41109
565.748, -20.5288, 2.71242
565.709, -18.9738, 3.01803
562.992, -11.2111, -1.55116
563.757, -14.0241, -2.74755
560.383, -10.0377, -0.803504
609.742, 9.92609, 1.19888
615.735, 14.2607, 2.83203
642.807, 7.86063, -0.344434
563.16, -9.89375, 1.09187
564.885, -9.16034, -2.71225
583.197, 12.0751, 3.05741
579.631, 4.73158, 1.55519
592.68, 10.8281, 0.119264
589.019, -1.0462, 1.38136
616.561, 4.43206, -0.739541
564.647, -12.5288, 0.0489936
563.568, -11.8401, 0.238341
564.968, -8.55051, 0.855941
564.056, -12.3259, -0.836352
563.958, -10.8508, -0.954216
563.704, -9.7917, 2.89882
563.597, -10.2534, -0.249703
563.585, -10.186, 2.13164
562.908, -8.9359, -0.739499
555.833, -5.67496, 1.48975
506.064, 18.1283, -0.0321878
511.173, 5.67619, 2.71092
490.577, -7.10861, 1.45451
500.99, 8.1718, -1.26568
488.774, -33.4147, -1.28542
512.016, -28.5591, -1.4392
563.46, -2.45475, 0.000711979
564.396, -1.87766, -0.0157596
564.031, -2.75113, 0.911213
564.073, -2.19189, -0.506393
563.025, -2.11939, -3.10347
562.769, -7.23364, -1.36084
587.101, 32.3024, 0.107386
593.336, 38.8617, 1.6647
605.276, 45.2655, 2.27816
602.482, 34.5469, -0.542161
629.211, 13.1649, -0.612138
636.334, -0.567178, 1.73997
621.404, -6.86524, -0.984979
563.202, -3.73779, 2.8564
563.057, -3.89057, 2.66747
563.142, -5.17128, 2.59063
534.715, 4.53423, 0.763951
515.918, 4.17667, 1.29102
562.621, -1.09061, 1.38268
501.762, 3.12306, -2.26983
562.929, -4.65571, -1.25102
542.525, -8.17994, 2.40321
562.679, -3.40671, -0.57979
562.346, -3.23664, 2.60184
563.057, -2.92645, 1.21494
563.935, -0.164909, 1.42619
562.254, -3.61718, -0.657203
563.112, -2.63902, -0.544771
564.73, -0.119275, 1.13044
564.437, 0.519591, -0.353554
562.853, -2.39588, 2.43816
565.803, 1.23156, -1.02564
563.994, -0.283493, 2.36904
564.099, 0.48702, 2.70934
534.241, 69.8089, -2.16332
526.714, 39.2257, 2.74626
513.119, 18.1154, 0.828388
504.085, 46.0225, 2.155
565.861, 1.45899, -3.13693
517.432, 63.6517, -0.852127
518.298, 63.8872, 2.8839
564.682, 0.216463, -3.01641
507.838, 53.1506, 2.41691
572.285, 0.227435, -1.8356
610.107, -33.3756, 1.95911
566.646, 1.94349, -1.1215
571.932, 1.89217, -1.10095
574.008, 2.89902, -2.00635
565.296, 1.78384, -2.9171
567.099, 1.44173, 2.18458
572.802, 1.15804, -0.518723
569.67, 0.950142, 1.56558
569.498, 1.18604, -0.777136
566.347, 0.971567, 2.65204
565.238, 2.67864, 0.87657
537.754, 37.3977, -0.722331
568.444, 1.00813, 2.99515
573.91, 1.67565, 1.59717
563.299, 3.43665, 2.84696
564.441, 3.27867, 1.30829
562.716, 3.98813, -1.78551
565.444, 2.65648, -2.55367
562.625, 4.56102, -1.9174
562.756, 3.92955, -0.0231878
563.969, 3.63057, 1.67919
562.258, 2.99536, 1.8962
564.28, 4.49301, -0.288082
562.141, 4.32112, -1.73307
563.641, 3.42467, -0.572993
562.789, 3.28904, -2.22377
562.646, 4.09455, -0.979612
562.997, 3.50132, 2.14378
564.232, 3.91259, 0.733485
562.617, 3.31704, 2.67376
562.663, 3.70854, 1.19698
563.664, 2.9124, 0.535433
558.663, 5.82816, 2.80511
563.575, 3.42992, 2.62924
563.308, 4.56418, -2.59458
490.815, -30.216, -0.249895
566.654, -0.487594, -1.42364
568.974, -0.421766, 0.484069
564.941, 3.46319, 2.10663
568.565, 1.03811, 2.63424
563.202, 2.9876, 2.62525
564.51, 3.5956, 1.95092
564.876, 3.91107, -1.05015
563.082, 2.51748, 2.81471
569.461, -0.702169, 1.64032
567.463, 0.214312, -1.17225
567.84, -0.767195, -0.853375
568.279, -78.7999, -0.0973796
554.489, -48.3007, 0.565615
536.884, -68.2687, -2.63768
565.636, 0.298088, -2.88647
567.57, 0.24879, 0.72088
564.833, 0.724627, 2.3633
566.905, 0.0334303, 1.59766
567.534, -0.074881, -0.0142814
565.735, 0.587265, -2.3903
568.277, -0.374047, 2.30754
568.273, -0.289825, -1.22598
569.372, -0.190323, -2.7271
567.371, -0.288644, 1.72075
569.559, -0.364083, 3.13464
567.891, -0.44929, -0.338546
570.098, 0.068154, 0.9559
573.192, -0.18944, -1.1957
570.481, -0.0605538, 0.315593
570.448, -0.100139, -0.242342
567.067, 0.169647, 1.13288
573.108, -0.712433, 0.646098
567.765, 0.0189141, -1.98433
570.064, 0.104401, 2.56676
568.113, -0.444654, -0.811862
569.677, -0.224974, -2.29491
571.441, -0.35697, 2.75537
571.768, -0.607221, -2.89075
573.057, -0.649424, 0.469197
570.398, -0.481015, 0.742159
571.997, -0.213108, 2.08046
569.237, -0.182257, -1.8028
571.644, -0.565757, -0.178531
572.301, -0.702459, 0.0592777
571.989, -0.723972, 2.53387
571.05, -0.407935, 3.01438
572.886, -0.562847, -1.59704
573.233, -0.425437, -0.938314
572.025, -0.318433, -2.45416
573.098, -1.29759, 0.277291
573.61, -0.739977, -2.53508
576.827, -4.72254, -1.31904
570.898, -0.0734788, -2.10538
575.149, -3.13401, -0.848456
571.906, 0.121799, -1.23492
573.128, -1.129, 3.02695
575.879, -4.88511, -0.23146
574.159, -2.97732, 2.09847
576.875, -5.40914, -0.655781
576.36, -5.94798, -1.97585
575.789, -4.64655, 1.74018
574.103, -4.14783, -1.17012
573.433, -2.64227, -0.617496
573.709, -2.84059, -0.557645
573.252, -9.76529, -1.62156
573.178, -27.3042, -0.214815
569.765, -26.169, -1.04525
570.438, -24.6361, 1.73296
573.671, -4.73428, 1.79891
574.343, -6.25189, 0.925196
573.548, -16.7262, 2.66728
573.947, -3.98174, 0.490769
574.875, -5.66946, 0.276825
573.71, -4.51495, -2.36109
573.928, -10.7906, 1.23742
573.452, -3.21406, -1.8066
577.073, -31.7009, -1.34556
576.365, -3.98644, 2.81801
574.284, -4.6614, -1.95973
573.602, -9.7589, 0.516676
573.211, -3.87798, 2.67411
574.749, -3.22093, -2.40829
573.276, -9.63425, -2.75205
569.034, -32.6096, -2.52029
575.752, -4.89886, 0.650379
574.406, -5.52989, -0.226559
574.836, -5.19423, 0.553857
577.444, -3.25204, -1.36318
575.105, -4.16395, 0.42457
575.642, -3.59626, 2.86982
576.793, -3.21211, 1.82384
575.808, -3.99902, 0.948412
577.266, -11.4256, -3.11502
575.202, -3.47299, -0.153049
576.096, -9.47644, -1.48241
576.656, -5.65592, -1.53723
575.298, -12.3274, 2.10781
575.837, -6.05598, -2.19322
576.647, -4.41878, 2.01673
619.772, 14.1672, 2.13442
576.675, -4.71328, 1.65639
576.955, -6.14861, -0.660524
577.372, -5.2728, 2.95792
579.116, -5.77018, 1.5084
582.197, -5.34753, -2.96936
582.999, -5.41776, 0.929875
579.046, -11.8465, -2.00783
580.225, -5.24532, -2.48726
578.222, -5.61671, -1.25943
580.802, -5.83314, -3.04727
585.838, -5.66073, 3.00956
579.91, -5.60373, 0.390335
586.423, -5.9077, -0.84206
583.039, -6.35944, -1.80615
583.494, -6.30412, -0.0754205
579.745, -12.1786, -2.31049
583.726, -5.8912, 2.77508
583.193, -6.05737, -2.42958
584.438, -5.94415, 2.54655
583.023, -5.55431, 0.192289
586.801, -6.07045, 0.0205451
585.764, -5.43582, -1.75619
587.107, -5.53591, -0.815945
586.66, -5.03799, 1.82011
583.826, -5.83092, 2.27777
583.04, -5.65596, 1.76001
586.948, -5.03323, 1.43849
582.971, -5.89982, -1.3974
585.416, -5.93637, -1.6427
586.333, -5.25105, -2.29088
586.712, -5.95767, 1.31827
584.651, -5.92958, 2.14107
586.543, -5.52652, -2.17068
585.305, -5.53463, -1.09398
585.899, -5.05326, 0.157444
586.686, -5.35815, 2.71329
586.676, -4.35358, -2.22023
586.851, -6.8916, 1.75523
585.493, -5.96499, -1.77271
586.731, -7.27645, 3.10244
585.596, -13.1579, 0.725547
585.745, -12.2914, -3.07111
586.09, -12.8515, 2.86995
586.756, -9.12652, 1.0048
586.672, -9.94412, 2.08985
587.829, -13.7247, -0.774473
586.986, -10.6284, 0.675263
587.741, -12.8125, 0.501394
576.053, -14.0498, 1.16822
577.214, -11.4722, -1.70532
587.591, -11.0502, 2.89118
588.256, -13.5571, -2.47681
587.546, -13.3495, -3.0958
587.605, -13.1354, 1.41265
587.212, -9.53756, -0.529076
588.007, -12.7166, 0.498868
587.115, -11.2438, 2.64968
587.62, -12.4414, -0.182637
575.212, -14.6218, -0.735375
588.058, -14.0421, 1.71056
587.735, -12.8918, -2.76704
588.461, -11.4428, -2.07195
588.066, -13.9311, 0.936443
588.428, -13.5593, -1.84492
587.462, -13.7204, -2.92791
576.403, -12.4794, -1.82156
587.431, -13.1235, -2.13305
587.653, -13.6787, 0.45731
580.971, -14.5565, -2.66536
576.331, -15.5597, 2.70733
578.571, -15.7383, 1.87846
580.337, -15.2992, 0.443269
577.155, -16.7233, 1.98899
577.69, -16.8421, 0.604806
577.206, -17.8732, 1.40617
576.836, -18.2304, 2.78368
583.827, -15.241, -2.40519
578.128, -17.9613, -1.27826
584.144, -14.8451, -1.67252
580.611, -16.4725, 0.92195
584.319, -14.7259, -2.31013
581.752, -16.1787, -2.51368
576.384, -18.3647, -0.977294
582.927, -15.6265, -0.446708
583.464, -15.7824, 2.57492
583.237, -15.2039, 1.8598
577.437, -17.1218, -2.34121
578.989, -17.1763, 0.502302
578.146, -16.9348, 1.89328
579.929, -16.6094, 0.900012
580.825, -16.2103, -0.858448
582.277, -15.681, 0.315185
577.521, -17.3097, 1.2474
578.52, -17.5747, -2.80558
579.18, -16.8696, -0.381135
577.823, -17.3035, 2.9998
579.531, -16.7624, 0.753421
575.873, -17.7258, 0.256946
579.845, -16.8937, -1.35344
579.216, -16.5778, -0.90623
576.427, -17.8247, -0.81509
579.075, -16.8908, -2.36341
575.987, -17.4584, -0.0864883
578.135, -17.0006, 2.38036
578.74, -16.5832, -1.22305
577.966, -17.2035, -2.16346
575.765, -17.8593, 0.28724
576.049, -18.6208, 2.96383
575.848, -17.7021, -2.58762
576.481, -18.0472, -1.51052
576.015, -17.1314, -0.263521
576.98, -17.6846, 2.72287
575.946, -18.233, -2.0466
575.153, -16.522, -3.0111
576.428, -19.704, 2.93607
577.329, -23.9791, -0.0463458
576.297, -19.1347, -3.08894
580.184, -29.9599, 0.148111
578.895, -27.9892, -0.496372
579.865, -29.3105, 1.11111
576.877, -21.071, -2.00331
577.906, -24.6845, -2.71834
578.185, -28.5674, -2.75097
579.979, -36.7984, 1.61677
577.994, -28.9448, 1.97648
580.156, -36.9748, -1.39052
578.079, -29.9116, -0.523353
576.493, -19.8241, -2.60396
579.133, -36.2438, -0.899136
578.811, -32.3336, -2.74958
577.852, -31.2108, 2.9854
575.697, -33.8042, 2.84199
574.758, -24.8522, 0.928288
570.398, -29.4228, 1.33636
572.684, -22.85, -1.15326
578.145, -24.6018, -2.67563
573.061, -9.12606, -2.78139
574.256, -14.6785, -2.94835
573.169, -12.241, -2.11962
574.886, -14.1086, 3.05103
575.483, -14.4066, 1.98628
576.693, -17.0165, -0.699413
575.731, -9.70121, 0.353586
576.149, -14.5388, -0.783714
575.519, -6.56838, -0.263817
575.967, -16.3801, 2.01291
576.315, -14.832, -1.12787
576.485, -3.75378, -1.02939
576.419, -14.69, -0.591835
576.451, -10.6916, 0.492022
575.679, -7.12313, -3.12569
575.72, -12.9856, -1.96923
576.285, -14.6942, 2.93255
575.321, -10.5593, -0.424402
582.539, -16.5703, -1.00818
586.104, -15.7283, -2.07531
586.164, -15.1283, 2.00654
582.075, -16.1302, 1.75081
582.998, -16.1902, -2.54992
585.552, -14.6567, -1.09925
582.915, -15.8018, -2.79841
582.903, -15.41, 2.64527
584.442, -15.4791, -1.61703
581.166, -16.6356, 0.694967
587.575, -13.7559, -2.98625
581.314, -16.1139, 2.70641
584.121, -15.0339, 2.71725
584.028, -14.8864, 2.63157
580.729, -16.3016, 2.66937
587.726, -14.1097, 2.29458
586.296, -14.8006, -1.05232
582.582, -15.6118, -0.251159
582.648, -15.8476, -2.31675
588.045, -13.8376, 0.70475
586.561, -14.3017, -2.85319
588.364, -13.2205, -1.56659
587.945, -13.9126, 2.84306
587.005, -14.2981, -1.31118
586.668, -13.8387, -0.484806
584.879, -14.798, -0.205892
586.307, -14.475, 1.73293
587.166, -13.8007, -2.22187
585.108, -14.7281, 1.96098
585.29, -14.6774, -2.18465
588.033, -14.1077, 1.82325
587.533, -13.6747, -1.34495
585.694, -14.5065, 3.13301
587.637, -13.7603, 2.5666
587.59, -13.9823, -2.08535
585.956, -13.8756, -3.02156
588.884, -13.4351, 0.197153
588.245, -13.4067, 0.0486765
588.117, -13.6806, 0.771868
587.127, -13.4864, -2.09324
588.469, -11.7669, -2.48245
586.986, -9.2912, -1.77042
586.506, -5.8994, -0.656178
585.688, -4.40145, -0.293173
588.312, -11.7863, -1.11731
587.147, -10.9898, -0.166474
585.407, -3.18796, -0.383144
584.245, -0.801425, -1.46793
582.2, 2.71044, 1.71397
582.127, 2.69034, 1.7031
581.823, 0.652328, -1.34433
589.977, -11.1097, 1.55157
589.73, -10.7975, -2.0481
590.189, -10.6276, 1.99561
595.116, -8.02899, 0.0678908
590.188, -10.0207, -2.1219
594.129, -8.38218, -2.57496
592.826, -8.56844, -0.45834
594.083, -7.12337, 0.966702
593.599, -8.2399, -2.12815
593.582, -5.13013, -0.726559
591.036, -8.95727, 2.56402
592.149, -9.23827, -2.41646
592.85, -8.87964, 0.65232
593.84, -6.66303, 3.09124
592.917, -9.29866, -1.96692
595.354, -5.67119, -0.934535
595.847, -5.12698, -0.926728
592.409, -7.34887, -2.035
594.063, -4.32089, -0.562929
593.749, -8.31348, -0.411426
593.352, -5.95032, 0.561635
593.121, -8.18357, -1.92307
600.083, -11.209, 0.0889352
599.569, -11.3276, -1.29712
595.005, -4.65119, -0.440397
595.537, -9.39641, -0.941124
599.446, -10.4545, 1.97776
598.538, -10.5003, 1.81544
599.229, -11.1941, 1.70789
599.541, -9.86421, -1.56348
642.717, -46.7821, -1.29573
599.53, -12.6332, -2.69182
596.348, -9.62877, -1.34524
645.581, -48.3608, 1.15945
598.635, -10.9138, -1.62529
597.292, -9.39293, 1.27993
598.536, -9.76742, -2.49938
636.213, -42.7675, 2.9198
628.714, -37.6605, -2.49977
597.144, -9.49248, -2.2983
650.827, -55.3522, -0.457899
653.812, -58.3361, -1.90683
597.581, -10.2611, 0.628831
599.805, -9.07318, -0.868125
600.541, -9.28992, 1.5527
598.823, -9.81797, 0.0748835
600.526, -9.50503, 1.051
599.884, -8.71252, -2.04644
600.891, -9.09934, -1.81583
599.762, -8.50572, -1.60014
600.395, -8.66763, 1.90857
600.48, -7.92875, -0.238073
600.266, -7.92281, -2.33202
600.592, -7.3966, -3.13151
598.778, -6.5635, 1.8188
598.664, -6.58657, -1.77948
598.806, -6.49568, 2.60757
668.727, -9.68646, -2.24848
599.557, -7.00963, 1.86723
608.244, 53.5234, -0.711994
614.797, 68.2534, 3.08732
601.819, 68.0026, -2.84417
672.528, 15.5955, -1.35295
600.454, -8.50179, -2.83661
599.819, -9.09359, -3.10302
599.228, -9.86472, 2.44501
597.479, -10.9331, -0.336224
600.642, -8.55455, 0.349774
598.222, -10.3531, 2.2586
598.302, -9.3377, 1.63003
600.568, -9.59081, 2.7804
598.071, -9.91623, -0.803678
599.711, -9.58693, 2.59327
597.807, -10.3013, -3.011
597.995, -12.464, -1.04359
598.294, -10.699, -0.568508
598.646, -10.6992, 1.0497
598.128, -10.2758, -0.101913
600.361, -9.62985, 0.213505
597.033, -9.1804, 1.59445
610.301, -36.3438, 1.21845
595.22, -8.06071, 1.59311
592.76, -7.91057, -0.926197
598.224, -12.0697, -0.991244
599.262, -8.97126, 1.60897
597.639, -10.4708, -1.38107
596.691, -8.98465, -0.199776
599.127, -10.3143, 2.50858
595.584, -9.07853, 0.659585
597.709, -11.324, -3.10307
591.922, -7.07735, -0.397678
590.75, -6.54663, -3.11476
597.961, -11.3612, -2.18249
599.282, -13.7055, -2.23086
630.475, -63.4698, -1.25155
632.27, -57.1693, 1.97185
607.908, -25.6919, 2.98001
618.738, -40.567, 1.45317
640.088, -73.264, -0.940818
634.923, -64.8906, -1.11829
617.106, -39.9719, 0.371878
611.048, -30.84, -1.3016
641.399, -66.6585, -0.853971
642.074, -68.0276, 0.923912
633.715, -42.1691, 1.31761
633.543, -44.9947, 2.28877
625.066, -39.2172, 0.697746
654.424, -72.2712, 0.271891
643.975, -57.7891, -1.04795
636.301, -84.2406, -1.14495
649.228, 22.7942, 1.42115
606.385, -9.39032, 1.17987
632.258, -84.8903, -1.50386
612.337, -42.9502, -2.1073
602.118, -87.2978, -3.12489
605.323, -83.1167, 0.24298
603.918, -14.9479, -1.13537
602.823, -15.3052, 0.388892
603.783, -16.0154, -1.00514
603.167, -15.4568, -0.33353
654.695, -72.8841, 2.55131
651.304, -71.8896, 1.04746
602.85, -14.8485, 0.10053
618.986, -56.6557, 1.29434
616.005, -46.7129, -0.149616
629.193, -76.7629, -0.288304
632.13, -75.637, 1.01452
631.343, -64.9294, -2.76216
636.152, -65.5794, 0.796985
601.486, -14.8146, -0.816812
599.349, -13.4194, 3.07832
598.601, -13.0193, 1.5587
599.736, -12.9809, 2.78312
601.839, -14.7685, -2.31056
601.78, -14.7269, -1.96433
601.805, -14.8718, 1.5145
599.096, -13.4129, 0.513385
601.719, -14.8385, 1.76197
598.944, -13.5805, 1.38497
552.879, -20.4881, 1.05271
576.345, -18.8088, 2.07569
567.073, -26.2143, -2.81711
545.17, -34.1533, -2.72768
580.74, 24.4914, -0.999467
538.627, -30.7567, 0.729587
589.255, 42.2782, -0.70603
565.288, -36.8549, -0.646658
568.816, -50.3478, -2.37764
578.409, -32.6338, -0.243588
571.562, -63.466, -0.873505
627.155, 46.8133, -0.963439
597.066, -7.40333, 1.17277
597.883, -8.61074, 0.0557755
597.072, -8.16091, 0.605506
598.111, -9.95157, 1.05587
598.98, -12.5167, 2.82761
597.544, -7.54923, 2.94188
598.766, -10.0128, 1.11391
598.765, -11.2207, 0.136171
598.868, -11.9738, -0.464435
600.281, -10.1544, 1.35945
599.123, -10.1107, -1.28014
599.102, -13.2928, 2.98044
599.251, -13.2075, -1.52129
598.385, -10.5046, 1.88067
598.928, -12.1565, 2.17322
599.22, -12.3495, -1.97403
599.162, -10.0129, -1.84752
600.179, -9.46587, 0.723503
598.448, -7.86066, -2.54841
599.417, -11.9238, -1.43825
598.955, -9.84339, 1.30817
598.355, -10.5637, 1.75737
599.301, -11.1597, -1.74059
599.29, -12.5839, -2.88975
599.28, -10.4483, -2.30272
599.581, -10.3317, -2.16586
599.332, -10.3395, 0.185001
598.606, -8.99077, 0.284294
598.718, -10.8227, -2.75096
598.771, -10.3449, 0.812181
601.259, -9.42822, -0.415605
595.509, -3.33108, 1.65701
597.785, -7.80775, -1.00206
598.557, -7.96506, 1.80655
599.023, -8.66419, 2.75639
596.349, -5.26715, 2.3985
536.158, -7.851, 1.66384
535.736, -30.6964, 0.329597
597.728, -7.87931, -0.362753
598.483, -8.46668, -1.12494
595.904, -3.23956, -1.19909
597.069, -3.13835, -1.39772
596.832, -4.78149, -2.24345
596.04, -4.2398, 1.28699
595.047, -2.10113, 1.44492
596.904, -4.75827, -1.41776
594.488, -4.49802, 1.32351
596.189, -4.11186, 0.325637
533.765, -6.67451, 2.08446
599.051, -2.517, 2.13579
598.287, -2.62443, -1.27324
598.731, -2.50588, -2.10458
601.013, -1.42767, 0.627924
603.008, 0.457807, 2.65222
596.137, -3.82503, -2.82968
597.083, -4.21381, 0.933631
660.715, 25.7741, -2.37542
600.944, -0.59019, -1.99654
669.674, 17.4391, 1.32448
641.002, 9.13467, -2.50738
653.641, -39.9888, -2.15355
657.438, -55.7359, 0.605013
632.697, 0.587979, 0.659989
641.835, -3.14418, -0.752285
626.382, -7.77422, -0.786409
664.39, -24.9074, 3.03408
611.87, 2.33176, -1.33473
633.891, 49.1457, 0.142304
534.379, 20.8682, 0.88892
527.814, 29.0837, 1.43337
633.308, 38.0802, 3.02954
531.25, 14.2055, 2.03466
640.11, 34.0893, 2.88102
652.882, 36.9055, 0.953113
607.287, 3.33958, -0.857647
669.595, 31.62, 1.0534
634.283, 13.4419, -0.753862
653.688, 15.4048, -0.66742
673.075, 25.4684, 2.30504
659.365, 25.8197, 1.95838
645.61, 20.0654, 1.77342
613.886, 7.26384, -2.25076
667.727, 45.5676, 3.07464
618.575, 13.5303, 1.51472
664.265, 21.0738, 2.17067
675.061, -0.346452, -2.1201
601.062, -0.0196114, -1.4567
591.946, -50.1598, 2.10294
596.213, -61.5847, -0.955131
615.615, -75.2283, -0.495027
599.907, -1.88763, -1.36701
596.673, -7.35621, 0.742453
599.113, -3.24875, 1.79389
658.415, -36.7536, 1.16905
621.92, -10.2906, -1.7392
603.269, -59.8952, 2.9292
594.921, -67.0217, 2.41172
597.457, -55.4818, -1.86074
606.412, -51.5434, 2.1579
535.992, 18.3053, -0.488837
616.767, -51.4098, -1.61793
626.479, -68.2415, 1.08876
605.708, -61.443, -1.09096
595.937, -6.62963, -1.24711
597.969, -4.33902, -2.90021
597.133, -4.97374, -0.0242602
596.459, -4.00373, -0.66419
544.08, -0.985943, 0.837806
536.727, 5.69536, 0.995553
573.475, -2.27099, 2.63218
523.34, 22.4798, -0.605695
555.977, -5.34052, 0.616588
531.924, -7.78931, 2.24627
598.012, -4.77994, -0.668469
597.213, -2.4499, -2.63398
598.577, -7.5256, -1.59267
595.98, -4.69277, 2.4587
597.314, -5.86402, 3.02801
665.735, -8.19456, 1.98238
666.934, -9.88031, -0.734283
597.564, -3.48373, -1.91052
598.46, -3.80739, 1.75441
596.881, -5.28655, -2.09284
596.624, -6.74234, -0.052086
598.62, -7.33332, -0.0886725
597.201, -3.34562, -1.97029
596.866, -4.7718, -0.698211
596.485, -6.10338, 1.98066
596.251, -5.21891, -0.218948
596.515, -5.71432, 0.275018
596.182, -6.72436, -0.561224
596.921, -3.11569, 0.659065
597.435, -6.53292, 3.02866
597.628, -5.85978, -1.54936
598.884, -3.62281, 3.04052
598.074, -3.55805, -1.54659
596.926, -6.61959, -0.769431
598.848, -3.27695, 0.751949
596.593, -6.14468, -0.331006
596.899, -6.39794, -1.57109
597.625, -4.7727, -0.517709
598.055, -7.03426, 0.552189
598.329, -5.21749, -0.938865
596.185, -4.54008, 0.784662
597.93, -4.85012, 2.98685
595.732, -6.06404, 2.21868
595.766, -4.30776, 3.05591
597.696, -5.88449, 0.996984
595.927, -5.38861, 0.186053
597.878, -5.70513, -1.99336
597.834, -4.33504, -2.31687
598.822, -3.2475, 0.127597
596.621, -3.87395, -2.94963
597.423, -2.14063, -1.49807
597.36, -6.35764, 0.375819
598.538, -7.94035, -1.35618
598.223, -4.21862, 0.798562
597.57, -4.82752, -0.689108
597.58, -5.56359, 1.56786
598.026, -4.83615, 2.33644
594.98, -7.58833, -0.947437
595.565, -4.471, 1.94185
597.788, -4.65149, -1.08281
597.977, -6.6668, -2.86392
596.997, -4.46557, 2.58412
598.63, -7.82586, 1.61493
596.604, -5.06027, 0.348344
594.703, -7.3704, -1.56669
597.613, -3.32588, -2.35513
598.686, -2.74715, 1.07631
598.409, -3.84875, -1.4757
597.327, -5.17426, -2.53549
595.344, -6.68947, 2.62929
597.898, -3.30316, -0.963295
597.106, -4.45, 1.91722
596.252, -5.72376, -1.55707
597.614, -3.94419, 0.55726
596.04, -6.84641, 2.46859
597.153, -3.45149, 2.20604
596.75, -6.38453, -2.95187
597.919, -4.23732, -0.972339
598.015, -5.29996, -0.404738
