497.826, -18.6236, 2.42331
531.582, -11.7388, -2.47668
524.593, -9.48719, 2.43658
502.733, 15.6365, 1.56672
548.789, -5.50131, -1.64905
546.679, -8.38367, 0.346039
525.94, 18.0888, 0.637148
512.14, 24.2286, 2.87652
524.094, -4.19489, 0.764954
523.969, -4.07949, -2.10182
501.938, 23.7049, 2.01796
510.708, 18.7916, 2.32627
513.715, -3.57818, 1.75346
543.227, 7.59445, 2.96061
496.243, -6.25234, 0.696178
530.209, 12.1986, -1.45835
535, -7.44173, 1.02374
552.694, 5.39085, -0.490175
502.201, -21.3311, 2.62676
500.828, 0.060197, -3.13972
521.444, 12.4408, 3.01179
528.655, -0.474848, 2.64346
543.612, 12.5148, -1.93805
498.34, -1.1842, -2.47122
565.834, -1.00241, 1.66274
524.993, -1.15332, 1.23619
566.796, -0.416369, -1.95569
529.011, 10.2463, 0.778563
520.868, -5.1046, 2.0345
497.678, 16.7599, -2.82872
504.398, 15.976, 1.6592
497.501, -14.4966, -2.22693
505.836, -5.56705, -2.47899
518.289, -10.0206, 0.166073
532.539, 14.8792, 1.64641
525.148, -3.69412, -0.182065
516.387, -8.67947, 2.69485
510.148, -15.3509, 0.039881
530.666, -5.70761, 3.00911
510.938, -17.2985, 1.6335
532.025, -7.89617, -1.12582
506.129, -7.93368, 0.230032
502.46, -10.5006, 2.1135
505.569, 15.5737, -0.577569
562.957, 3.51387, -0.143399
516.266, 20.9723, 1.83752
513.112, 24.4675, -2.19236
524.063, -13.744, 2.38149
531.012, -9.13402, 2.76575
560.746, 4.91796, -2.61259
515.443, -7.70012, -1.39553
503.017, 34.7458, 1.42302
509.052, 31.8086, 2.34602
512.571, -6.11268, -1.99586
501.965, 22.3288, 0.822035
540.108, -10.6403, 0.356304
502.573, -7.02275, 1.29166
513.721, -7.45333, 0.537335
507.61, -19.4272, 0.912895
510.249, -13.2295, -2.70706
505.423, -20.2042, 2.64683
519.356, -21.7182, 2.16453
510.402, -27.1576, 1.17417
577.176, 0.881308, 0.059375
619, 39.5873, -0.233013
618.872, 41.5758, 0.227232
622.736, 45.6286, 2.04427
633.922, 57.1246, -0.895122
627.996, 48.9595, 2.11162
619.665, 58.7664, -0.288063
620.652, 54.9267, 1.01955
618.057, 47.8255, -2.74079
609.564, 36.9823, -2.56038
623.358, 49.1868, -0.175057
615.619, 43.7206, 2.86422
586.515, 9.67, -3.08298
624.96, 42.2758, -2.92765
652.286, 32.8292, 1.7038
626.766, 34.1181, -1.97188
621.754, 28.1463, 1.33942
607.963, 12.7803, 1.46743
640.346, 19.024, -1.9098
621.661, 10.5288, -1.44278
639.317, 3.13114, 1.74069
646.981, -6.85756, -1.69954
577.9, 3.78118, -2.71518
578.61, 4.73528, 2.83658
578.226, 2.3768, 0.136479
578.347, 4.39135, 0.432855
577.357, 5.43631, 2.142
649.419, 19.1608, 1.943
590.203, 48.9731, 1.47595
649.074, 32.638, -0.547401
636.441, 16.7032, 1.3796
600.053, 72.9631, -0.107951
650.13, 38.0808, 1.23322
644.471, 30.7569, 0.49325
654.321, 22.804, 2.97737
606.44, 66.4867, 0.661038
597.47, 46.6518, -2.83019
592.989, 49.6944, -0.802215
600.535, 29.8246, -2.32152
621.302, 58.5116, -2.80965
587.596, 20.8973, -0.222961
586.769, 17.8152, 0.826708
584.938, 23.8361, -2.55715
580.009, 68.9261, -1.71144
586.507, 35.6981, -1.93362
605.611, 78.6739, -2.58728
583.5, 36.6591, 2.57699
622.412, 68.0724, -1.01102
602.791, 36.1562, -2.08548
612.334, -15.0353, -2.63603
634.401, -27.1812, -1.22012
635.475, -25.5818, 2.84444
594.732, -33.8254, -1.46382
628.372, -50.0526, 1.91454
518.96, -44.3561, 1.09803
569.255, 23.4261, 2.69211
565.513, 60.0786, 1.47226
556.943, -39.6576, -0.340461
537.305, 69.8643, 2.30277
555.179, 43.9289, 0.976442
577.878, 2.94322, -1.46648
569.24, 63.1515, -1.43191
575.826, 43.7672, 0.036807
582.642, 85.606, 2.75685
586.037, 84.2529, -1.15869
602.124, 74.3751, 0.144385
597.542, 58.9504, 2.13776
609.669, 70.263, -2.76919
596.705, 53.6657, 1.8234
605.122, 72.9367, 1.06954
584.131, 16.1515, 3.06419
602.269, 58.508, 1.19669
635.19, 12.3947, -2.34746
630.638, 30.3256, 2.70464
589.662, 63.4421, 0.791362
601.053, 61.5523, -0.476717
521.425, -9.1169, -0.0418
540.333, -20.8177, -2.24862
576.833, 7.05697, -0.566601
562.839, -30.1851, 1.23809
575.58, 5.44211, 1.05514
575.644, 7.79276, -2.95801
575.641, 5.84615, 2.5459
576.683, 6.70386, 0.630218
607.722, 29.4969, 1.23554
599.941, 26.5781, -1.3208
608.55, 32.2208, -3.08376
622.956, 45.1112, -3.13594
621.772, 37.5217, -0.082144
615.715, 27.0171, 0.324448
544.501, 80.8525, 0.823938
552.133, 41.0617, -1.56259
576.385, 7.60334, -2.76633
576.593, 7.48464, 2.79215
554.732, 60.0012, 2.76157
578.541, 2.5842, -2.32165
576.366, 7.42286, -0.84722
633.042, -23.0139, -1.6641
617.903, -18.434, -0.994419
604.969, -8.60499, -2.36524
635.266, -35.6853, 1.73132
638.247, -32.5648, -1.63768
575.795, 4.99478, 2.28156
555.248, 11.5808, 2.88721
500.254, -22.3372, 2.60092
496.129, -11.1381, -1.2268
517.526, -12.0231, 1.52505
539.542, 14.874, -2.45561
520.644, -6.27066, -2.94217
546.345, 16.8115, -0.219248
519.575, 21.2258, 1.4432
516.587, 37.3012, 3.08049
557.267, 69.7116, 1.81796
572.146, 71.6523, 1.03808
538.894, 64.7063, -1.77366
589.959, 76.0555, 1.20284
575.032, 73.193, 0.745284
581.21, 62.748, 1.06828
588.847, 43.8355, -2.58913
557.989, 28.8527, 2.26488
555.935, 70.0689, 2.0206
562.689, 37.2472, 1.27766
548.535, 60.1462, -2.95048
572.771, 6.0284, 2.06677
558.416, -66.326, 1.35585
564.768, -32.3457, 1.2354
566.179, -37.5675, -0.183339
569.45, -61.9875, 0.013811
571.976, 5.85886, 1.70579
573.014, 5.69694, 0.157828
521.137, 66.2698, 2.18037
572.873, 6.00685, -0.775591
533.542, 55.9358, 0.177237
540.312, 47.1386, -0.110102
558.154, 39.7097, 1.55707
572.376, 7.19447, 2.21987
572.74, 6.96043, -2.21992
514.986, 28.7327, -1.04815
645.61, 17.2262, 2.19842
572.223, 6.56483, 0.885908
621.553, 9.70859, 1.06371
620.286, 5.93839, 1.58378
572.219, 6.69175, -1.98192
572.419, 7.29803, -0.680086
571.805, 7.37409, 2.40693
493.021, 6.48311, -2.99792
537.06, 7.40432, -2.33167
516.647, 6.15866, 0.41034
530.532, 5.32767, -0.035169
513.345, 3.81153, 2.98834
552.781, 6.67853, 1.18179
511.94, 4.0969, 0.435111
504.688, -14.156, 2.57576
497.288, -15.7346, 0.186606
534.321, -1.21901, -0.734705
500.762, -9.30571, 0.707929
542.743, 1.1883, -0.369188
504.937, -6.20773, 2.76713
499.47, -6.72836, -0.609225
493.424, -11.1348, -0.371829
572.734, 6.93104, -0.021185
575.855, 5.16597, -0.938183
572.709, 5.85348, 0.464141
573.296, 6.15974, -2.32318
572.474, 6.83768, 0.169984
572.916, 5.86427, -3.03597
572.943, 5.97934, 1.12754
572.818, 6.60798, 1.03174
575.728, 4.90141, 2.80472
575.762, 4.97146, -2.04025
575.543, 5.00004, 2.91802
648.317, 8.33253, -1.52015
648.1, 15.3552, -0.574853
589.316, 9.23819, 0.025145
641.542, 29.6584, -2.79593
642.102, 45.8405, -1.57661
585.626, 27.7357, -2.30556
650.252, 0.780186, 1.97835
649.938, -18.791, -2.0265
604.199, 12.8921, 2.56702
608.329, 7.75198, -2.92166
638.06, 45.8435, -2.80522
649.68, 8.87248, -1.26816
646.43, 22.5058, 1.84789
634.269, 26.8488, -0.508855
616.843, 23.7893, -1.90334
640.182, 26.6165, -0.168823
638.855, 21.2525, 0.886265
651.608, 20.979, 0.461088
636.193, 18.3258, -0.753479
637.613, -47.3433, 0.659223
579.857, 1.00564, 1.64555
607.759, -38.7774, -1.21451
596.984, -52.5327, 3.13432
589.076, -57.1502, -2.64776
589.297, -52.0835, 0.719397
591.061, -39.9298, 2.09175
578.398, 3.97835, -1.09803
578.409, 3.34902, -2.87546
576.974, 2.75015, -2.43209
579.387, 4.43267, 2.70772
579.458, 3.96132, 0.427533
537.593, -7.00383, -0.317984
577.178, 3.11377, 0.296648
578.283, 0.617627, 1.38899
576.855, 3.2368, 0.551401
533.61, -42.4787, -2.59488
527.517, -37.7104, 0.411352
534.047, -24.1802, 2.17685
577.65, 2.38801, 1.02489
618.027, -59.2483, -1.22632
640.409, 6.00879, -2.54755
525.694, -37.2721, -0.076642
604.999, -29.4687, 1.27434
595.46, -42.9667, -2.54372
623.49, -49.7258, 1.80989
540.754, -4.97485, 1.57944
640.479, -34.3886, 0.028047
619.432, -40.887, 2.29534
636.261, -53.3878, -1.37165
643.878, -38.9094, -2.67868
647.256, -25.9683, 2.74114
528.161, -25.6075, -0.407007
509.658, -30.4007, 1.91415
576.608, -4.25463, -2.41032
577.622, -2.40219, -0.307767
511.588, -3.52484, -0.777549
548.708, -2.57171, 0.959171
524.333, 1.6667, 2.81427
576.656, -1.87286, -0.143768
577.168, -3.8183, -0.404172
577.299, -3.7042, -2.38028
645.441, -45.6386, 2.13724
576.643, -3.96777, 1.39631
576.681, -2.02854, -1.44051
583.091, -4.95984, -0.597739
577.268, -1.43709, 0.91444
575.753, -4.03416, 2.49465
576.277, -2.74621, 1.45924
576.917, -3.85872, 1.98318
576.516, -3.96787, 2.95242
576.889, -3.33494, 1.30699
575.76, -4.44501, -1.00454
576.766, -3.28422, 1.23535
575.513, -3.77758, -1.48569
576.439, -3.07241, -2.95721
576.347, -3.40007, 2.74695
574.849, -2.6029, 3.01148
589.87, 51.9461, 2.48589
586.911, 49.662, -3.13391
582.411, 25.5178, -1.97892
594.905, 74.3805, -0.996614
576.586, 0.980252, 0.175759
574.451, -2.85432, -2.34107
602.18, 73.0998, 3.11709
593.112, 47.8008, -2.2594
573.711, -2.41134, -1.88764
573.723, -2.50406, 1.08028
543.541, -34.2712, 2.73579
552.091, -30.7178, -3.04548
541.571, -62.7238, -1.65548
558.328, -20.9513, 2.77003
582.923, -68.3127, -1.91325
572.441, -3.28738, 0.229844
572.696, -2.94581, 0.797007
573.232, -4.01886, -0.716365
629.088, -38.8342, -2.48297
646.72, -29.6687, -0.216367
566.488, -54.421, -1.78654
549.526, -71.9506, 1.47552
568.845, -18.3805, -2.77908
553.974, -34.2551, -2.99893
552.528, -61.4159, 0.192956
529.882, -68.1801, -1.57268
544.983, -39.9752, 1.09157
573.395, -3.9305, -1.13642
573.079, -3.78153, 0.207578
573.393, -3.90693, -3.08105
573.209, -3.81101, -1.36935
573.161, -3.74316, 1.51666
601.949, 39.021, 1.51198
572.702, -2.77232, -2.79668
618.357, 56.099, -0.408891
597.194, 29.7061, -1.65856
611.149, 46.2207, -1.17278
511.582, -23.8439, -2.31258
538.395, -26.8247, 0.782509
513.84, -44.2108, -2.4379
505.567, -32.2186, -1.40464
516.113, -30.8295, -2.35093
572.417, -3.03496, 1.98033
573.144, -2.60584, 0.971668
604.954, 6.61304, 2.80854
616.867, -16.2511, 1.38331
616.286, -6.51682, -1.87953
636.491, -31.0784, 0.312803
631.145, -15.4306, 2.14065
563.029, 75.1608, -2.2115
575.993, -1.35674, 0.046735
577.09, -1.20842, 1.81798
575.357, -2.99826, -1.49641
577.275, -75.2307, 2.38804
645.457, 35.7298, -0.004127
577.712, -0.439609, 1.91775
599.915, 28.0478, 2.99915
610.978, 55.7307, -0.673234
575.907, -4.09761, -0.872142
634.644, 49.4591, -1.18733
629.692, 49.4938, -1.62393
575.423, -3.44978, -1.50077
615.986, 38.1839, 1.04014
578.135, -2.7535, 2.34977
578.278, -2.6907, 2.25443
578.122, -2.47381, -1.29816
577.567, -2.91959, 1.97383
577.192, -3.17579, 3.06287
578.575, -2.4836, 1.1292
576.732, -4.32147, 2.23028
576.412, -4.6425, 2.93937
576.526, -4.56066, 1.56573
576.525, -4.53533, 1.40536
513.026, -28.4206, -3.11047
548.837, -9.50193, 1.22546
574.647, -6.29901, 2.56138
574.409, -6.63639, -2.39668
574.476, -6.03195, 1.55534
575.045, -6.44063, -1.70845
573.256, -7.44078, -1.92423
573.389, -8.03087, 0.907866
575.526, -6.04977, -1.0489
574.385, -7.50896, -0.990395
575.007, -6.08237, 2.88572
575.07, -6.97514, 0.260372
575.294, -5.98947, -1.58211
574.845, -6.72183, -1.83063
562.958, -13.2488, -0.018067
574.453, -10.2474, 0.105378
574.002, -8.07239, 1.40659
573.25, -7.33074, 1.83224
562.288, -0.19599, -2.41442
568.75, -4.11471, 0.132898
572.416, -6.83635, 1.80605
550.191, 53.9411, 2.02145
573.217, 16.5129, 0.32543
557.886, 2.33879, 2.20934
570.592, -5.49466, 1.79031
570.639, -5.49465, -2.68017
562.02, -0.921643, -1.39657
570.392, -5.93735, -2.78266
563.335, -1.71023, 2.39282
570.868, -6.1825, 0.214063
566.655, -3.55737, -0.006684
564.779, -2.40986, 2.37907
570.596, -5.83497, -0.57566
569.192, -4.51824, -2.48251
570.01, -5.25224, -0.311458
567.938, -3.6895, -0.86697
560.265, 0.12906, -1.19539
560.333, -0.63261, 1.79158
567.32, -3.64379, 2.60518
563.118, -1.03234, 2.65085
564.878, -12.2124, 1.68572
567.63, -5.29268, 1.98026
567.738, -5.15601, 0.176446
559.353, 0.632134, 1.13788
566.492, -2.63091, -0.979505
563.405, -1.224, -0.096165
562.466, -0.787558, 1.25024
559.886, 0.311141, -0.133254
566.529, -2.78197, 1.97889
567.532, -3.53115, 0.381934
565.477, -2.45969, 1.88833
562.626, -1.15998, -1.80783
565.395, -2.55513, 1.54619
565.406, -2.33928, 1.38737
564.754, -1.71046, 1.59529
564.534, -1.57383, -0.603327
564.03, -1.924, 1.92178
560.23, 0.589454, 3.12642
561.102, -0.189247, 1.18681
563.828, -1.92513, 1.33637
561.732, -0.420055, -0.103198
563.364, -1.49767, -2.9405
560.379, -0.257937, -0.224614
559.631, 0.844609, 1.40253
563.612, -1.75082, 1.48883
559.702, 0.92294, 2.61514
561.014, -0.399184, 1.58326
560.648, -0.076892, 2.39261
562.105, -0.327317, -1.80228
560.97, 0.254785, -1.58585
562.939, -0.388998, -1.50233
560.944, -0.516661, -0.371874
562.96, -0.102581, -1.55835
560.794, -0.39557, 0.255553
559.918, 0.45886, -1.00379
560.863, -0.506072, -1.36448
559.335, 0.208112, -2.84889
560.436, 0.511872, -0.614952
561.114, -0.450074, 1.86133
562.037, -0.329242, 0.276128
561.111, -0.139488, 2.12885
559.835, 0.745084, 3.00515
560.85, 0.152741, 3.12718
560.373, -0.048716, -2.93762
559.511, 0.457772, -1.60499
559.693, 1.12877, -2.67281
559.894, 1.11337, 0.541488
560.368, 0.606826, 1.1834
559.534, 0.677487, 2.70421
548.738, 3.32941, -0.242531
560.828, 0.114895, 2.40729
560.587, 0.494578, 0.179741
559.717, 1.01439, -2.51209
552.669, -0.717352, 0.687644
571.367, -5.9436, 1.51558
569.713, -5.42205, -1.70871
563.155, -1.92866, -1.7563
559.875, 0.098062, -1.8655
562.777, -0.83216, 0.032527
565.667, -3.21542, -1.89241
568.46, -5.76, 2.08062
560.719, -0.40731, -1.58422
562.841, -2.42745, 1.29978
566.814, -6.21745, -2.40846
567.509, -6.35291, 0.249321
563.269, -2.43421, -2.75572
566.162, -4.69834, -2.35073
566.998, -5.47042, 3.12722
564.534, -3.02033, 2.19183
562.588, -1.15147, 1.92571
566.484, -4.93318, -0.509088
562.18, -1.71353, 2.35481
568.317, -6.9806, -0.74188
572.041, -10.6231, 0.368555
573.36, -12.7037, 0.348671
571.848, -10.114, -3.12944
572.346, -10.6843, 1.92769
565.083, -3.85807, -1.05771
569.417, -7.07086, -2.0886
567.27, -5.72506, -2.31174
568.51, -6.94904, 1.1529
569.595, -7.04402, 0.18004
571.049, -9.49807, 2.68819
569.092, -7.67005, -2.06718
565.787, -3.82244, -2.64643
568.095, -5.98371, 0.703485
572.438, -10.6445, 2.48812
572.406, -10.1671, -2.96139
571.204, -9.65947, 2.71548
571.573, -10.0149, -2.62885
570.275, -8.30476, -2.0862
566.947, -4.61565, -0.389875
570.671, -9.31995, -2.56285
571.685, -10.6431, -0.173985
571.481, -10.7813, -2.13882
569.043, -7.84293, -1.32402
569.308, -6.80684, 2.11824
572.527, -11.2452, 3.00958
573.226, -11.5856, 2.083
571.339, -8.62968, -2.42782
563.55, -11.3199, -2.87313
566.098, -7.77763, 1.24761
571.842, -8.7523, -0.420355
566.312, -8.24335, 1.49485
562.212, -11.3115, -0.176977
560.86, -13.7498, -2.16356
563.034, -11.562, -0.084008
564.129, -10.7301, -0.519837
559.854, -15.2087, 2.78673
560.12, -13.9677, 0.434206
559.268, -15.7766, 1.15813
561.286, -13.1943, 1.26331
559.293, -14.8504, -1.57405
561.321, -14.207, -1.09261
559.749, -14.8873, 1.93965
564.181, -10.0574, -0.421441
560.126, -15.7083, 1.85407
563.284, -12.0985, -1.38184
560.716, -13.8872, 2.84671
558.962, -14.747, -0.32023
561.7, -12.9323, -0.953264
560.051, -15.2047, -1.00449
562.76, -12.4904, -1.93438
561.855, -13.0052, 1.74547
558.591, -14.5268, -2.66303
563.963, -10.7716, -0.951845
560.053, -13.433, 2.89341
559.816, -14.3016, -1.00895
562.854, -12.5293, 2.58987
562.588, -12.8392, -1.28404
561.971, -13.1644, -0.447848
558.936, -13.2437, 3.13826
562.226, -13.086, -2.91425
559.432, -15.8935, -0.91245
561.438, -13.4322, -1.15653
561.84, -13.3844, 0.68967
558.985, -15.1088, -2.19844
557.559, -12.9909, -2.5727
556.568, -12.6601, -0.931159
557.344, -13.0174, 0.242389
560.459, -11.7858, 1.6805
561.64, -12.4133, 0.901165
558.901, -12.2793, 0.125793
559.62, -15.6461, 1.12202
559.636, -12.3983, -3.09371
560.054, -11.3843, -0.463918
560.769, -13.1806, 2.16148
558.66, -12.2233, 0.786472
555.836, -12.6948, -1.64344
560.865, -14.6645, -0.240325
560.301, -15.6038, -1.7121
559.45, -13.7335, -2.99958
557.953, -12.8775, -0.092692
562.67, -16.0264, -0.141126
559.362, -13.6742, -0.859176
560.217, -15.3084, 2.22389
560.171, -14.6145, -0.126543
560.248, -14.8803, 3.10093
561.527, -17.5969, -0.797275
576.238, -34.9309, 1.5477
562.262, -18.4573, -2.77969
565.791, -22.1665, 0.390165
581.782, -43.9394, 1.24979
569.014, -27.7294, -2.55965
574.192, -34.545, -1.08421
569.995, -29.5788, -1.19782
573.25, -34.2801, -0.647896
566.555, -24.3561, -1.29383
565.162, -22.431, 2.57283
562.816, -19.9669, 0.433216
570.807, -31.0269, 1.69187
564.223, -22.2614, 1.45527
567.698, -26.7011, 0.723582
570.132, -30.6648, 1.28185
571.99, -35.276, 3.032
564.434, -22.2094, 2.98701
571.575, -14.9914, 0.422804
565.61, -24.6271, -2.23086
570.388, -32.5803, -2.10363
564.32, -21.8047, 2.11424
564.329, -22.4777, 1.30399
571.252, -34.5867, -0.628105
562.688, -19.7522, 1.7783
571.731, -35.5905, -3.08778
563.906, -21.8862, -2.98821
564.425, -22.659, -2.11441
564.885, -23.3932, 1.90515
564.094, -22.4673, 0.153706
563.701, -20.8727, 2.43258
564.579, -21.9935, 1.25923
570.816, -34.7129, -0.010339
570.574, -33.7958, -0.622642
572.578, -14.2037, -2.6182
568.246, -29.9522, 1.53974
570.149, -32.4617, 2.59134
565.8, -25.1996, 2.6627
566.35, -26.6282, 0.74286
569.019, -19.2877, 1.05421
571.684, -17.5905, -3.09555
570.352, -33.4151, 0.561844
570.556, -32.8082, 2.63504
565.161, -24.1194, -1.15401
568.289, -28.4813, -1.71065
571.911, -34.6221, -1.54015
568.46, -28.8666, 0.946471
568.509, -28.6413, -1.40832
569.252, -30.8079, -0.477658
566.958, -26.4851, 1.08699
567.491, -27.9626, 1.39024
570.167, -32.1064, 1.12114
569.512, -30.5748, -1.397
565.652, -24.8252, 0.03812
567.694, -28.2875, 0.873398
572.487, -34.2743, -1.93083
570.19, -31.4823, 2.03944
571.423, -34.2574, 2.05101
570.124, -32.2573, -0.780025
571.221, -34.021, -1.88422
573.749, -36.9792, -2.63309
569.723, -30.9057, 0.380956
572.01, -34.6342, 2.92766
567.581, -27.8823, -0.468653
565.093, -29.2032, -1.16499
571.221, -33.3848, -2.33181
572.883, -37.125, 0.531778
567.967, -28.1692, -0.739378
568.995, -29.7277, -1.69302
573.063, -35.0104, 0.868151
569.755, -30.5487, 1.48847
574.666, -37.184, 1.82011
568.261, -28.4089, 2.83098
574.036, -36.9622, 1.27372
568.952, -29.2782, -1.51163
572.658, -34.8602, 1.82394
575.843, -37.9588, 2.01072
570.16, -31.2346, -0.667458
571.661, -32.687, -1.09253
575.067, -37.2685, -3.03679
570.969, -32.2283, 0.986024
570.038, -30.8335, -0.086447
572.529, -33.6818, 1.71971
571.832, -32.9532, 1.18218
575.64, -37.2439, 3.0599
575.857, -37.0798, 0.734343
575.837, -36.5853, 1.72119
576.05, -36.8566, 0.022035
574.478, -36.7894, -2.6959
576.199, -35.7006, 1.51896
572.619, -34.1341, -1.21053
574.965, -36.3328, 3.09281
574.41, -34.8115, -2.39294
575.408, -35.9266, 2.30114
576.812, -32.3967, -2.50938
575.866, -37.2449, 1.04493
573.366, -34.1194, -2.13093
571.954, -33.0341, 2.73267
575.11, -32.3998, -2.55735
575.273, -32.0018, -2.25078
574.709, -35.1023, 0.738848
574.809, -35.9133, 2.26087
576.4, -34.907, 1.56139
575.501, -34.1753, 1.92719
576.399, -37.3529, 2.32316
576.469, -33.2995, -0.209444
576.381, -32.9589, -2.54468
575.983, -33.4246, -2.22149
575.316, -35.6768, -0.544849
575.511, -36.8855, -1.68456
576.271, -33.1271, -0.186876
575.832, -32.1246, -2.68497
575.553, -30.5681, -1.61869
574.685, -31.8948, -2.35122
576.102, -32.9302, 0.809183
574.732, -36.0753, 1.29258
574.291, -35.4541, -0.533028
576.562, -32.3439, -2.83926
574.288, -31.9273, -1.28398
573.862, -32.3108, -1.6351
576.228, -31.7581, -1.43501
575.954, -33.3376, 2.47245
575.58, -32.9297, -2.75833
577.105, -29.8753, 2.76035
576.774, -31.3517, -0.105476
572.483, -31.6002, 1.95918
576.759, -30.2774, -0.790775
577.073, -31.3821, 1.19399
576.123, -29.907, -3.1324
574.316, -31.8354, -1.23438
573.53, -31.1909, 0.07178
573.29, -31.7025, -2.253
574.321, -30.9295, -1.81716
576.846, -30.5558, -0.322566
576.429, -31.4625, -1.77208
578.647, -28.9436, -1.87378
576.452, -31.6051, -2.70892
576.657, -31.6939, -2.05715
576.8, -29.8525, 1.68883
580.791, -28.6849, -1.24779
576.195, -30.6273, 1.33325
578.893, -28.7315, -0.533322
583.451, -27.7564, -1.66692
581.074, -28.141, 1.71848
584.412, -25.3529, -3.0216
586.722, -25.7666, -0.859682
577.504, -29.1555, 3.01344
584.708, -25.4567, -2.95437
585.988, -26.9482, -2.16551
586.608, -25.6799, 2.17679
583.863, -27.9998, 2.35535
586.597, -26.868, -1.48203
583.482, -28.1634, -1.55671
587.277, -25.3172, -0.649797
588.14, -32.0103, -0.601626
586.404, -29.8457, -1.42298
583.026, -27.2268, 2.46462
602.14, -38.8146, 0.552858
584.684, -25.2227, 0.258637
583.827, -28.5347, 0.156974
585.4, -25.4977, -2.93156
584.408, -26.1002, -1.50437
586.956, -30.3496, 1.15826
582.078, -25.6551, 1.89268
584.373, -27.1446, 2.54165
583.002, -26.2629, 2.75463
590.854, -32.8093, 0.239416
590.835, -33.4243, 2.77841
584.508, -26.62, 0.044235
585.513, -24.8573, 2.63537
584.578, -27.3327, 0.627855
643.664, -57.2498, -2.05468
584.772, -24.351, 1.00861
587.376, -25.7711, -2.51185
615.317, -61.9451, 1.14846
628.624, -58.7811, -1.63023
628.089, -92.1006, -2.94418
585.472, -25.0722, 1.3985
587.119, -23.7926, -0.98952
585.606, -24.0488, -0.127079
585.049, -24.3453, 2.00094
586.427, -25.0485, 3.03396
585.53, -24.1245, 2.17256
585.709, -24.5609, 1.79886
587.363, -25.4934, -1.9632
588.075, -24.1046, 2.82633
586.783, -24.0971, 3.10115
582.412, -87.5295, -2.12218
580.449, -67.6089, 0.9674
571.562, -83.7263, 1.06198
595.773, -98.273, -2.0222
588.847, -46.9963, 1.34471
562.668, -74.7853, 1.24217
596.158, -104.455, 1.69016
588.779, -97.8937, -0.357088
572.835, -103.855, -2.24812
557.353, -86.7947, 2.95225
561.559, -63.0924, -1.03045
583.206, -30.8986, 0.731016
542.614, -57.3678, 0.785011
603.285, -91.0355, -3.05869
558.855, -51.695, 2.78461
569.71, -66.9014, -0.154165
558.43, -85.7965, 0.667863
598.613, -104.044, 1.27152
551.287, -79.0259, 0.769556
560.529, -64.3694, 2.02425
577.305, -79.4826, -1.41715
549.277, -96.181, 0.429037
542.408, -75.6633, -1.93812
540.571, -69.6456, 1.79773
563.255, -53.0616, -2.42077
535.925, -86.3865, -2.82182
514.013, -56.7261, 0.189556
513.387, -56.9808, 1.18392
586.163, -31.2636, -2.30803
585.521, -29.8435, 2.35749
526.934, -64.8142, 0.208044
591.539, -30.3612, 3.05269
591.729, -30.5071, 1.09025
595.358, -31.2222, 2.2742
601.27, -28.7309, -0.514382
600.239, -30.42, 1.71121
604.616, -29.691, 1.58806
604.021, -30.114, -2.87728
602.726, -31.8203, 2.92429
592.633, -30.8266, -0.471779
597.166, -30.0643, -0.776412
594.174, -31.1528, 2.20569
591.396, -29.906, 2.48161
597.812, -31.1883, 0.497478
594.356, -30.319, 0.336298
602.343, -31.8459, -2.5827
606.86, -32.1501, -0.634357
605.279, -32.4132, 2.50777
596.574, -29.9568, -1.99167
600.369, -30.0833, -2.60415
593.305, -30.7672, 1.25802
605.404, -28.824, -2.93246
600.75, -29.8285, 3.11479
595.87, -29.5339, -0.994745
605.592, -28.898, 1.15003
602.374, -28.3289, -2.21996
604.18, -27.7163, -2.36684
604.761, -29.4198, 1.2815
599.986, -29.5024, 1.13404
604.202, -29.7141, 0.143086
599.619, -29.8994, 2.08478
606.478, -29.3109, -2.59695
604.132, -30.1723, 1.97508
607.16, -29.4669, -0.488696
601.768, -30.0622, 0.316281
605.676, -29.1959, -2.01082
598.251, -29.52, -3.05068
603.53, -29.9861, 1.86069
602.48, -29.2171, 0.978987
604.995, -28.6956, 1.75099
601.369, -28.791, 1.63967
598.662, -29.5415, -0.651887
605.092, -28.5387, 2.26159
599.715, -29.8865, 0.344332
605.27, -28.6067, 0.326449
600.389, -29.8381, -0.1912
605.27, -28.7946, -2.65892
606.644, -28.8336, 2.38932
603.518, -28.5191, 0.710515
607.297, -28.4103, 2.00092
603.44, -30.1539, 1.85953
602.356, -29.4009, -2.0881
658.83, 18.3102, -2.37931
632.231, -1.11338, 0.296861
622.61, -7.11052, -0.94141
618.97, -6.88561, -0.863455
632.432, 8.33252, -2.98635
641.083, 37.9412, 2.2942
633.615, 19.8543, -0.586611
609.498, -12.0822, 2.69887
602.651, -30.166, -2.67876
622.9, 28.5831, 1.69232
603.166, -29.0988, 2.43559
602.994, -29.4782, 0.436054
604.233, -30.0366, -2.65386
605.802, -29.0997, 2.66487
607.29, -29.7375, 2.03635
604.358, -29.2721, -2.16402
606.559, -28.6174, -1.49788
607.078, -28.9046, -1.96142
606.366, -28.5759, 1.29331
606.306, -29.0067, 2.18676
606.216, -29.4234, -1.35862
607.342, -28.9863, 1.67674
606.476, -29.3839, 0.595224
606.772, -29.0102, -2.55495
607.198, -28.4293, 2.57673
607.303, -29.2792, 2.52468
607.349, -29.3306, -1.58381
606.408, -29.4783, 0.708485
595.517, -33.586, 2.51821
605.425, -28.8304, 0.003891
593.208, -32.3344, 1.23167
605.97, -28.6447, 2.17746
597.015, -29.5222, 2.59759
602.891, -29.5572, 0.687132
586.027, -27.0924, -0.255991
576.125, -26.9444, -1.86051
589.327, -27.1808, -2.54815
599.937, -28.8121, 0.030286
567.012, 0.553763, -3.01232
596.353, -20.0556, 1.18892
601.025, -28.1599, 1.32768
593.128, -2.99267, -0.92239
584.225, 39.3338, -1.72467
591.35, 39.9793, -1.3281
592.898, 25.4365, 1.52568
597.726, -0.908401, 0.433085
596.631, -27.4297, 2.54748
583.534, -24.2853, 0.533045
589.011, -26.377, -2.33329
596.929, -27.5835, 2.50184
584.244, -24.1525, -2.2347
580.689, -24.0705, 1.05361
594.283, -27.2524, 1.46484
598.862, -27.8692, 0.03843
581.153, -24.1901, 0.447047
589.246, -25.8554, -2.75947
589.788, -25.7342, 2.7944
580.739, -23.9471, 2.46317
595.088, -27.0067, -0.331118
586.146, -24.4363, 0.166669
598.43, -27.2629, 2.39689
598.202, -27.773, 0.273899
590.621, -26.1669, 2.63828
594.023, -26.6782, -0.848761
595, -26.5683, -0.4658
555.733, -27.17, -0.218538
583.309, -23.2764, -0.733781
597.041, -27.7337, 0.981603
588.131, -24.7191, 0.289921
593.622, -26.8805, 0.282318
595.493, -27.4788, 2.08757
580.486, -22.1951, 1.27692
588.785, -24.9107, -0.519855
591.702, -25.863, -0.178596
586.008, -23.7906, -2.97086
582.077, -20.6791, -0.219744
581.969, -21.4247, -1.21289
584.565, -28.1706, 0.835957
594.973, -27.2087, 2.1582
586.485, -23.263, -2.00287
593.814, -27.1569, -2.12297
583.854, -22.101, -0.326419
589.796, -23.9502, -1.8143
588.228, -23.2903, -2.83078
586.251, -23.5042, -2.78198
582.109, -22.1395, -1.85127
591.71, -26.2034, -1.33005
582.606, -21.5394, 0.417692
583.596, -21.7154, -1.90363
588.879, -24.6393, -2.42003
584.764, -21.6531, -0.061779
585.564, -32.7722, -2.7009
582.367, -36.3594, 2.53599
582.592, -20.7127, -0.876991
590.222, -24.6576, -0.730723
584.369, -22.4245, -1.07492
585.106, -21.7861, 0.21047
585.638, -22.1578, -2.93484
586.045, -24.6166, -0.25956
586.137, -23.6533, 2.67335
577.63, 20.349, -0.901214
545.038, 37.4234, 2.97422
548.705, 41.702, -1.60964
560.608, 27.2854, 1.90989
563.418, 52.3386, 0.597571
527.396, -3.46207, 0.280569
585.557, -18.294, 2.45293
536.921, -1.5418, 0.153729
586.738, -23.8567, -1.96925
584.625, -20.6462, -1.80877
586.159, -19.0479, 2.50353
536.614, 1.16849, 2.78852
531.317, 3.66587, 3.0936
520.959, 12.8644, -0.080139
540.399, 6.18521, 2.11192
548.249, -2.54994, 0.431129
512.379, 2.48563, -2.90013
550.041, -13.9371, 0.954046
532.816, -16.2292, 1.9443
584.925, -19.7709, -1.68139
556.289, -3.60998, -1.25137
571.097, -19.1431, 2.66483
551.69, -25.8014, 2.49838
530.2, -18.7949, -1.28952
558.14, -28.7146, 1.92689
582.78, -20.1142, -0.252074
584.063, -20.4448, -2.91783
512.239, -30.6783, 1.5052
583.559, -21.3574, 1.73611
584.442, -21.7072, -0.936706
575.839, -59.6308, 1.99632
549.77, -53.6741, -3.00085
560.893, -53.7005, -0.168792
565.172, -56.189, -0.336786
558.139, -87.4997, -0.486779
559.002, -73.0889, -1.62067
516.509, -59.9199, 2.56693
555.286, -46.3569, 2.57291
544.905, -50.0432, -0.935712
582.923, -20.1273, -0.838148
583.599, -19.8051, 1.422
582.995, -20.0741, -2.05172
582.259, -20.1072, 0.735509
551.741, -52.9977, -2.34799
575.847, -24.2425, 0.432062
579.791, -21.6105, 1.84694
579.704, -21.2581, 0.483734
577.917, -22.7731, -2.12418
577.849, -22.6076, -2.39852
580.961, -20.6607, 0.037278
577.813, -24.7827, -2.21853
576.113, -25.103, 2.82887
578.509, -23.9424, -1.96611
576.536, -23.8203, -0.838757
577.294, -28.3903, 2.2413
575.061, -26.8129, 2.88004
577.432, -24.832, -1.96711
572.647, -76.1811, -1.76099
602.575, -63.5664, -0.344966
584.702, -36.8814, 2.58385
601.652, -46.1611, 1.60573
629.483, -77.53, -0.855366
620.695, -72.1971, -1.69684
576.62, -24.2366, -2.53135
574.278, -23.3958, 1.7915
576.384, -27.5566, -0.966648
576.122, -22.7735, -1.68685
575.588, -28.8391, -1.40083
575.837, -27.854, -3.07996
575.553, -22.6712, 2.36983
576.802, -22.5062, -1.58932
576.032, -26.4829, -0.693989
574.365, -23.5019, -2.15708
575.333, -26.2745, -0.828993
574.988, -25.6384, -1.62077
577.658, -23.0269, -1.21668
577.346, -23.3208, 0.247348
576.183, -24.2038, 2.73996
574.217, -22.6806, -0.68348
574.206, -23.1706, 1.88512
575.131, -24.3237, 0.792336
575.458, -23.8437, -0.263493
569.291, -14.0961, -0.675383
567.359, -11.8183, 0.634414
565.423, -7.86093, -0.597598
572.666, -20.4539, 0.712432
569.302, -16.7472, -2.07945
568.956, -16.5958, -0.345177
570.14, -17.8371, 0.206379
572.487, -21.0357, 1.97809
571.948, -19.4609, 2.77701
562.986, -7.06036, -2.27294
565.71, -11.1549, -3.06417
568.95, -16.7617, -2.91263
560.222, -3.20597, 2.53731
571.078, -18.452, -2.78474
566.363, -11.9512, -1.86207
564.229, -9.08748, 3.03115
559.301, -2.09247, 1.76223
569.893, -16.7551, -1.89365
569.653, -17.0186, 1.66213
569.779, -16.8984, -2.45256
569.233, -16.4363, -0.032754
565.836, -10.983, -1.88711
569.665, -16.4175, 2.70684
567.03, -12.1694, -2.43289
566.383, -11.9927, -1.19253
564.87, -9.06224, -1.08813
559.641, -1.03291, 1.4686
562.733, -21.2225, -1.8002
567.172, -11.4819, 2.0236
565.623, -6.99461, -1.49495
567.921, -18.1482, -1.79544
567.934, -18.9245, -0.149991
568.162, -18.3043, -2.04806
567.266, -18.6598, 0.407787
567.631, -18.2169, -1.21944
567.381, -18.1028, -2.73245
564.89, -19.0306, -0.048678
563.916, -18.9725, 1.73354
562.019, -19.6334, 3.03375
564.119, -19.0234, 0.79882
562.536, -18.767, 2.73949
565.77, -18.5032, -3.07043
565.362, -19.1161, 1.07058
562.48, -19.0887, 1.94345
564.926, -18.9424, -2.43981
562.538, -19.7364, -2.77752
563.197, -19.2131, 2.97659
564.694, -18.8852, -1.49139
563.778, -19.4637, 2.1827
563.576, -19.0114, 1.13242
562.033, -18.224, 2.49712
562.096, -20.3359, 1.60718
562.684, -18.7485, 0.044739
560.197, -16.0431, -2.13442
563.472, -19.8973, -1.74237
562.73, -20.0687, -0.486855
563.582, -20.6974, -1.80206
563.424, -20.5534, -1.99407
562.451, -20.1245, -2.20393
563.474, -20.64, 2.01711
562.539, -20.1503, -1.449
562.249, -19.8, -1.60725
563.651, -10.4504, 1.63431
562.416, -8.71241, -2.4394
562.477, -11.2466, -0.862684
562.411, -17.0141, -0.250363
561.587, -10.0402, 1.08837
561.484, -11.4476, -1.80995
561.981, -18.3666, 1.03633
561.379, -11.1894, -0.071923
561.515, -10.2907, -1.09247
560.914, -11.5829, 2.20123
562.431, -14.7676, 0.90062
561.758, -14.4493, 0.938719
562.87, -18.3996, -2.92874
561.581, -13.8715, 2.96189
560.606, -10.5091, -0.23981
562.31, -16.9355, 1.29483
561.853, -17.3919, 1.83867
560.467, -10.7194, 0.703478
561.917, -13.4387, -2.10946
560.797, -15.4014, -0.363963
560.954, -13.4171, 0.022406
561.3, -11.6742, -2.68311
561.22, -13.1402, -0.627927
562.289, -14.8572, -0.749137
560.799, -10.5802, 3.01271
560.51, -10.1205, 1.2596
557.633, -16.3414, -2.43226
522.412, -64.3207, -1.14916
556.093, -16.1822, -2.24025
533.337, -48.6283, -1.54312
547.58, -33.1762, -1.28239
519.101, -78.2029, 0.82141
559.894, -16.1269, -0.965153
557.11, -15.4105, 0.645892
556.972, -15.313, 1.45498
558.802, -16.2884, 2.626
555.254, -15.2657, 2.39207
557.33, -16.0106, -2.54619
555.817, -15.5378, -1.45238
556.521, -15.6409, -1.61782
557.388, -15.7221, 2.34438
556.971, -15.8315, 1.66237
556.923, -15.4474, 1.50748
555.429, -15.286, -0.616314
556.288, -15.6733, -2.65433
554.982, -14.9788, -1.16408
555.563, -15.2597, -2.94871
555.531, -15.1741, 1.09125
556.635, -15.8808, -1.70294
554.836, -15.9482, -0.080024
556.179, -15.576, 2.43941
555.255, -15.5947, 2.36447
555.9, -15.8173, -0.491303
514.082, -82.423, 0.637342
555.413, -15.8244, -0.530766
555.212, -15.0386, -2.75434
572.585, 51.8356, 2.55147
555.664, -15.6112, -1.75885
555.212, -14.998, -0.405029
555.292, -14.7533, 2.28679
555.723, -14.0146, 0.577604
561.393, -19.615, 0.510758
559.669, -18.5061, 2.5907
555.383, -15.394, -1.83311
576.941, 39.4112, 1.9793
556.001, -14.7373, 0.333096
562.432, -18.0382, 3.12094
559.193, -17.0054, 1.46274
556.042, -15.9518, -0.853861
557.964, -15.8584, -0.377026
559.583, -15.841, -0.573719
556.409, -15.5348, 1.56691
557.12, -15.3758, -2.80722
559.556, -15.4718, 0.498487
556.966, -15.5148, 2.11932
558.396, -15.9255, -2.57794
561.002, -16.1829, 2.98077
562.985, -16.1062, 0.175032
557.94, -13.8405, 0.360205
560.519, -15.9246, 1.0158
560.654, -16.615, 0.575625
561.204, -15.9638, -1.23256
557.525, -14.0122, 2.248
556.975, -12.3723, 2.49357
557.84, -13.2569, -2.1912
557.859, -13.356, -0.301805
557.736, -13.2502, 1.00519
557.988, -12.9328, -1.34515
557.816, -13.1338, 0.779073
557.967, -11.3106, -0.093595
557.968, -13.0684, 1.06559
557.926, -11.4387, 1.20264
522.501, 14.3814, 0.516487
515.274, 8.99667, -1.03444
507.149, -2.66481, 1.1886
491.258, -10.9987, 2.28491
557.244, -11.4647, 1.0532
558.037, -11.4646, 1.83249
562.175, -11.4931, 2.58626
605.294, -52.1579, -0.267809
560.727, -11.3281, 0.280692
562.905, -10.622, 0.011858
562.815, -10.4074, -0.03434
560.784, -10.69, -0.216442
564.187, -10.4458, -1.72729
562.937, -9.54229, -1.79258
563.001, -10.3138, -1.92677
563.712, -10.5743, -0.548522
563.816, -9.82738, -1.10308
562.669, -10.132, 2.61162
560.964, -10.7272, 2.09259
562.791, -11.355, 2.16174
561.749, -5.66662, -1.62235
563.436, -10.7687, -0.030762
562.878, -10.313, 0.595983
558.649, -85.0745, -1.31854
536.899, -52.2126, 2.01503
542.534, -40.0206, 1.41995
564.098, -11.1002, -2.90838
530.119, -43.5124, -1.63371
562.608, -11.4283, 1.60473
564.479, -19.2064, 2.70468
564.673, -20.1846, -2.54241
563.541, -13.0288, 0.978791
564.595, -19.1317, -0.668281
563.672, -13.1706, 2.11426
564.707, -18.4856, 0.782793
564.002, -19.5323, 0.376877
563.157, -13.0897, -2.36722
563.545, -13.1825, 2.61026
496.557, -52.2315, -3.12343
563.752, -16.8634, 1.05802
564.947, -20.0254, -1.92416
564.761, -15.7688, 2.20399
564.792, -21.2275, -0.268908
565.068, -20.7029, 1.36096
562.648, -16.5725, 1.92323
560.368, -16.9749, -2.74793
564.012, -15.067, -1.55944
565.049, -18.0713, -3.13975
529.649, -73.9232, 0.751994
564.827, -18.6986, -2.47522
564.974, -16.2271, -2.19693
565.848, -20.5598, 2.35348
565.676, -19.1136, 2.55967
562.809, -11.3531, -2.0504
563.893, -14.1414, -2.66304
560.383, -10.1065, -1.01844
609.869, 9.76139, 1.90092
615.72, 14.4314, -3.13981
642.645, 7.89808, -0.496341
563.123, -9.74372, 0.310528
564.912, -9.11819, 2.99552
583.175, 12.2264, -3.01693
579.81, 4.70421, 1.11101
592.561, 10.9237, 0.594392
588.863, -0.939345, 1.64975
616.724, 4.54307, -0.456071
564.551, -12.6888, 0.662464
563.563, -11.9839, 0.742583
564.808, -8.71886, 1.03801
563.98, -12.3028, -0.508554
563.814, -10.893, -1.14681
563.698, -9.96119, 2.33759
563.732, -10.1186, -1.00099
563.531, -10.3754, 1.58505
562.933, -9.11046, -0.598915
555.725, -5.84861, 1.08545
506.014, 18.0559, 0.207181
511.308, 5.48007, 2.79886
490.585, -6.96847, 1.56814
501.142, 8.21259, -0.548882
488.661, -33.3889, -0.705573
511.857, -28.6144, -2.09412
563.491, -2.64514, -0.430397
564.371, -2.02649, 0.374915
564.096, -2.75742, 0.135709
563.904, -2.25673, -1.17868
563.05, -1.96976, 3.09496
562.957, -7.19417, -1.39229
587.035, 32.3355, 0.632407
593.251, 39.0302, 1.65427
605.273, 45.1123, 2.57366
602.326, 34.6688, -0.156976
629.357, 13.3255, -0.339955
636.389, -0.543659, 1.99797
621.239, -6.71727, -1.55464
563.039, -3.83105, -2.92946
562.921, -4.00277, 2.82918
563.049, -5.30252, -2.91084
534.572, 4.55362, 0.662838
515.789, 4.031, 0.705201
562.577, -1.09357, 1.7633
501.647, 3.08659, -1.85932
562.919, -4.75198, -0.971416
542.406, -8.28879, 1.66094
562.566, -3.29242, -0.390766
562.338, -3.2693, 2.99521
563.181, -2.80791, 0.435236
563.828, -0.086897, 0.885651
562.239, -3.77123, -0.179786
562.963, -2.48391, 0.211799
564.901, -0.178021, 1.6139
564.608, 0.484487, -0.701536
562.975, -2.37573, 2.73153
565.919, 1.13136, -0.997232
563.956, -0.319288, 2.38507
564.125, 0.326002, -3.12941
534.425, 69.8237, -2.91034
526.52, 39.215, -2.96641
513.013, 17.9717, 0.762258
504.276, 45.9977, 2.47832
565.9, 1.36463, 2.58825
517.361, 63.839, -1.53603
518.229, 64.0212, -2.63612
564.83, 0.322076, -2.32662
507.724, 53.3389, 1.74247
572.353, 0.127433, -1.90304
610.24, -33.2828, 1.42804
566.815, 1.81447, -1.05692
571.973, 1.79542, -1.56173
574.06, 2.85212, -1.56403
565.133, 1.78696, -2.79251
566.904, 1.33081, 2.29616
572.785, 1.10146, -0.355528
569.489, 0.799874, 1.71323
569.477, 1.1961, -0.124757
566.278, 0.997716, 2.1658
565.233, 2.49248, 0.506738
537.868, 37.4311, -0.079031
568.313, 1.14524, 3.14048
574.026, 1.63862, 1.58867
563.337, 3.2536, 3.00446
564.366, 3.34729, 1.89955
562.659, 3.97833, -1.84159
565.424, 2.54558, -2.97044
562.579, 4.71589, -1.5642
562.617, 3.75729, -0.65952
564.145, 3.45905, 1.46367
562.088, 3.01643, 1.68018
564.211, 4.36317, -0.991305
562.033, 4.44637, -1.27072
563.611, 3.35466, -1.01781
562.629, 3.44172, -2.39244
562.516, 4.08969, -1.10565
562.921, 3.49977, 1.78824
564.226, 3.95654, 1.12129
562.431, 3.21859, 2.90246
562.564, 3.63787, 1.85711
563.49, 2.96462, 0.733138
558.551, 5.83725, 3.07606
563.599, 3.4903, 2.19239
563.403, 4.42714, -3.03545
490.872, -30.2914, -0.461508
566.77, -0.375483, -1.52924
568.808, -0.257573, 0.531445
564.901, 3.28556, 1.59037
568.628, 0.959248, 2.13416
563.2, 2.91908, 2.52745
564.626, 3.71163, 2.7285
564.749, 3.85248, -1.33644
563.241, 2.57675, 2.03574
569.411, -0.81423, 2.00726
567.389, 0.139061, -0.897246
567.945, -0.606966, -0.413139
568.269, -78.8161, 0.213507
554.421, -48.4063, -0.132891
536.867, -68.3527, -2.95431
565.717, 0.47837, 2.90066
567.592, 0.165429, 1.10657
564.725, 0.525983, 2.11423
567.077, 0.196276, 2.36873
567.461, 0.060545, -0.154622
565.86, 0.474661, -2.02862
568.161, -0.317006, 1.80223
568.334, -0.344462, -1.71296
569.462, -0.364388, -2.82883
567.522, -0.468855, 1.53965
569.548, -0.496543, 3.08237
568.036, -0.467031, 0.418862
570.258, -0.06885, 0.565986
573.254, -0.22593, -1.97889
570.427, 0.001166, 0.374997
570.263, 0.086494, -0.550046
567.126, 0.233284, 0.806744
573.297, -0.571303, 0.774445
567.649, 0.196079, -2.0582
570.025, 0.131344, 2.60357
568.116, -0.432687, -0.637582
569.847, -0.266564, -2.53015
571.544, -0.305403, -2.77003
571.849, -0.451925, -2.64227
573.037, -0.685086, -0.293312
570.411, -0.432744, 0.256612
572.155, -0.363426, 1.49822
569.073, -0.309423, -1.34858
571.724, -0.376799, 0.607428
572.452, -0.586262, -0.503508
571.865, -0.634326, 2.3522
571.04, -0.326343, 2.25055
572.898, -0.70194, -1.32023
573.103, -0.333797, -0.480153
572.142, -0.277224, -2.66661
572.943, -1.20452, -0.320645
573.47, -0.678646, -2.50228
576.73, -4.79659, -1.40841
570.929, 0.058308, -2.28167
575.081, -3.2119, -0.771742
571.854, -0.066666, -0.654644
573.277, -1.24146, -3.01329
575.811, -4.8096, -0.140502
574.087, -3.04939, 1.81699
576.994, -5.4104, -0.201244
576.512, -5.98689, -1.48955
575.605, -4.81568, 1.4131
573.905, -4.10137, -0.492441
573.535, -2.62549, -0.544982
573.528, -2.76834, -0.393359
573.355, -9.77276, -1.02041
573.3, -27.3795, -0.81904
569.619, -26.286, -0.619971
570.488, -24.7986, 1.61915
573.535, -4.68009, 2.34977
574.496, -6.06425, 0.863758
573.734, -16.6273, -2.91134
573.846, -3.82497, 1.06523
575.055, -5.64398, 0.411904
573.853, -4.45626, -2.6242
573.844, -10.8796, 0.776036
573.258, -3.16597, -1.80219
577.057, -31.8101, -0.724881
576.504, -4.10177, 2.97369
574.085, -4.47541, -1.91995
573.569, -9.65909, 0.139122
573.173, -3.7543, 2.26171
574.912, -3.2693, -1.86453
573.34, -9.73678, -2.72659
568.966, -32.5347, -2.71
575.897, -4.77654, 0.421518
574.491, -5.44251, 0.441807
575.034, -5.2036, 1.07081
577.358, -3.44098, -1.58188
575.126, -4.33721, 0.049458
575.633, -3.70085, 2.08726
576.981, -3.36273, 1.97766
575.901, -3.98902, 0.394166
577.13, -11.3444, 2.67021
575.281, -3.46351, 0.113792
575.945, -9.36925, -0.861858
576.696, -5.75467, -2.27725
575.348, -12.4062, 1.42908
575.903, -6.13453, -1.48234
576.804, -4.32695, 2.34927
619.905, 14.0412, 1.62294
576.67, -4.9132, 1.47183
577.027, -6.14731, -0.762371
577.192, -5.34407, 2.79666
579.208, -5.87676, 1.23067
582.077, -5.42353, -2.72391
583.082, -5.5564, 1.02659
579.226, -11.7033, -2.48656
580.033, -5.34298, -1.86534
578.191, -5.57456, -0.929346
580.714, -5.8607, 2.57808
585.836, -5.69728, 2.89222
580.003, -5.78321, 1.12405
586.285, -5.91567, -1.46591
583.108, -6.1662, -1.98017
583.564, -6.15205, -0.30825
579.806, -12.3713, -1.99892
583.718, -5.85441, -2.81555
583.291, -5.94633, -1.69082
584.267, -5.7979, 2.40774
582.851, -5.5327, 0.752321
586.812, -6.03217, 0.503398
585.857, -5.41, -2.07463
586.965, -5.51804, -0.450445
586.496, -5.13109, 1.31249
583.712, -5.67333, 2.11093
582.879, -5.84284, 2.47172
586.931, -5.06338, 0.680854
583.106, -6.01755, -1.6065
585.325, -5.93182, -0.985029
586.392, -5.09178, -2.33004
586.823, -6.03772, 1.49659
584.739, -5.88017, 2.69129
586.694, -5.69543, -2.23479
585.166, -5.67671, -1.33268
585.973, -5.1063, 0.8156
586.745, -5.31035, 2.91736
586.719, -4.20636, -1.90076
586.854, -7.06838, 1.99566
585.66, -6.04912, -2.28294
586.662, -7.11225, 2.52697
585.652, -13.2939, 1.34125
585.69, -12.4068, -2.88567
586.276, -12.9297, 2.3378
586.767, -8.95254, 1.0467
586.822, -9.81458, 2.10031
587.715, -13.659, -1.20493
586.805, -10.5915, 1.35583
587.847, -12.8289, 0.86174
576.162, -13.9828, 1.22994
577.093, -11.5718, -1.03428
587.603, -11.1902, -3.00678
588.068, -13.4408, -2.9894
587.651, -13.4225, 2.58085
587.726, -13.2674, 1.56533
587.117, -9.47393, 0.09516
587.888, -12.6146, 1.0153
586.983, -11.2577, 2.48823
587.709, -12.3271, 0.421795
575.205, -14.5723, -0.442616
587.89, -13.8845, 1.86593
587.639, -13.0592, -3.06586
588.333, -11.4367, -2.04894
588.171, -13.8992, 1.52575
588.433, -13.5313, -1.4048
587.29, -13.7826, 3.06638
576.453, -12.4738, -2.575
587.56, -13.1705, -2.35172
587.561, -13.7957, 0.562649
581.167, -14.387, -3.033
576.341, -15.4891, 2.97543
578.602, -15.8118, 1.90155
580.439, -15.4161, -0.165154
577.063, -16.8298, 1.5046
577.678, -17.0416, 0.742874
577.307, -17.9494, 1.06838
576.804, -18.4148, 3.12853
584.011, -15.2749, -2.84692
578.066, -17.9027, -0.989671
583.945, -14.884, -1.0752
580.62, -16.4349, 1.64094
584.314, -14.5548, -2.76382
581.675, -16.1185, -1.74228
576.355, -18.4044, -1.06637
582.881, -15.5603, -0.043468
583.332, -15.6313, 2.18797
583.137, -15.1161, 2.08669
577.488, -17.2984, -3.02883
578.85, -17.3282, 0.808726
578.343, -16.9079, 1.5532
580.061, -16.5733, 1.13928
580.698, -16.3931, -1.22708
582.085, -15.57, -0.249165
577.463, -17.3877, 1.85386
578.542, -17.3859, -2.56966
579.2, -16.7497, -0.944592
578.011, -17.2256, 2.97301
579.73, -16.6666, 1.49567
575.945, -17.8952, 0.898191
579.834, -16.7914, -1.60679
579.336, -16.641, -0.567146
576.491, -17.6532, -0.133989
579.061, -16.8474, -2.1423
575.949, -17.4492, -0.614135
578.27, -16.9507, 1.78233
578.544, -16.7234, -1.89683
578.13, -17.1859, -2.54621
575.815, -17.7035, 0.071852
575.858, -18.4289, -2.5714
575.872, -17.5819, -2.117
576.305, -18.0151, -1.8039
575.941, -17.2879, -0.552801
576.935, -17.8383, 2.0061
575.882, -18.0963, -1.93408
575.352, -16.3445, -3.09676
576.401, -19.8704, 2.44442
577.412, -24.1029, 0.01084
576.255, -19.0207, 2.87133
580.26, -29.8362, 0.616667
578.974, -28.0592, -0.556244
579.821, -29.2949, 0.418784
576.806, -21.0102, -1.40637
577.79, -24.6413, 2.83316
578.124, -28.6409, -2.80286
579.972, -36.9611, 2.3782
577.891, -28.9103, 1.99881
580.171, -36.9608, -1.95255
578.24, -30.0089, -0.049149
576.467, -19.9604, -2.86045
579.104, -36.1117, -1.65766
578.674, -32.3359, 3.00411
577.824, -31.1493, 3.03366
575.687, -33.8892, -2.87494
574.95, -24.949, 0.999952
570.52, -29.3893, 2.04404
572.63, -23.0062, -1.20859
578.04, -24.7578, 3.01843
572.893, -9.20736, -2.5339
574.386, -14.6222, 2.59939
573.31, -12.061, -2.84706
574.932, -13.9669, -3.08446
575.321, -14.3295, 1.74991
576.617, -16.9511, -0.170562
575.746, -9.75458, 0.2348
576.279, -14.376, -1.25934
575.594, -6.42275, -0.593368
576.091, -16.1987, 1.95283
576.398, -14.74, -0.479948
576.676, -3.84206, -0.325387
576.411, -14.8192, -0.17538
576.512, -10.869, 1.12885
575.503, -7.27478, 2.78799
575.726, -13.0002, -1.39386
576.261, -14.8056, 2.37247
575.456, -10.4678, -0.384851
582.653, -16.3938, -0.228881
586.026, -15.555, -1.50747
586.354, -15.2148, 2.43506
582.229, -16.1989, 1.29728
583.173, -16.0402, -2.12282
585.649, -14.7245, -0.438704
583.077, -15.9269, -2.74037
582.767, -15.4536, 2.20428
584.587, -15.4266, -2.01314
581.105, -16.5437, -0.056216
587.673, -13.872, 2.97356
581.134, -15.9973, 3.0233
583.97, -15.2293, 2.70581
584.014, -14.9073, 2.63491
580.611, -16.1816, 3.06399
587.687, -14.0729, 2.50868
586.101, -14.8619, -1.03319
582.715, -15.7671, -0.18159
582.835, -15.7358, -2.59344
587.848, -13.7086, 0.786224
586.489, -14.1552, -2.73595
588.307, -13.2206, -0.782341
587.781, -13.9173, 2.3507
587.032, -14.1539, -0.615286
586.66, -13.8802, -0.938338
584.921, -14.7003, -0.516417
586.333, -14.3189, 1.14591
587.282, -13.6082, -2.81264
585.027, -14.6674, 1.33375
585.34, -14.51, -1.94604
587.837, -14.0594, 2.42026
587.449, -13.6677, -1.35396
585.781, -14.3923, 2.54583
587.811, -13.8493, 2.81653
587.6, -13.9265, -1.35867
586.106, -14.0062, 2.47623
588.701, -13.3677, 0.857598
588.395, -13.3444, -0.041108
588.267, -13.6033, 0.570834
587.286, -13.4161, -1.47576
588.304, -11.7218, -2.30215
587.123, -9.14436, -1.09682
586.347, -5.86957, -0.006846
585.596, -4.5086, 0.398341
588.335, -11.7313, -1.27773
587.224, -11.0912, 0.541332
585.459, -3.05789, -0.520093
584.047, -0.795078, -1.82831
582.394, 2.54513, 1.57218
582.083, 2.58096, 2.05751
581.918, 0.56344, -1.69172
589.905, -11.1649, 0.866199
589.586, -10.8182, -2.61733
590.027, -10.5648, 2.74937
595.015, -8.15554, -0.69835
590.206, -9.99185, -1.76592
594.185, -8.18442, -2.71707
592.652, -8.73845, -0.982054
593.905, -7.00865, 1.36797
593.774, -8.06439, -2.33526
593.528, -5.08484, -0.940646
591.217, -8.8148, -3.12814
591.984, -9.34037, -2.35057
592.675, -8.88776, 0.620586
593.862, -6.67977, 2.61061
592.995, -9.16171, -1.37363
595.172, -5.8503, -0.753177
595.662, -4.97491, -1.05171
592.416, -7.52725, -1.57204
593.909, -4.43216, -1.11143
593.669, -8.43829, -0.488726
593.5, -6.11667, 1.18471
593.292, -8.03342, -1.7501
599.968, -11.2, 0.132694
599.715, -11.3116, -1.6565
595.185, -4.58424, -0.988497
595.661, -9.22587, -1.41022
599.451, -10.4944, 1.82194
598.621, -10.6677, 1.58735
599.225, -11.0846, 1.21958
599.537, -10.0302, -2.08461
642.625, -46.8155, -1.251
599.526, -12.8002, 2.98359
596.485, -9.66163, -1.49701
645.515, -48.3192, 1.67839
598.45, -10.9559, -1.76101
597.231, -9.31376, 0.650435
598.506, -9.87635, -2.30602
636.264, -42.6037, 2.4882
628.672, -37.4954, -3.01978
597.066, -9.45315, -2.94421
650.698, -55.4136, -1.05819
653.667, -58.4122, -2.39288
597.656, -10.3494, 0.802606
599.93, -8.94649, -1.4449
600.35, -9.42854, 1.18712
598.892, -9.67244, -0.103286
600.531, -9.65323, 0.895438
599.782, -8.71988, -2.56688
600.794, -9.15607, -2.38747
599.941, -8.31772, -2.24655
600.373, -8.84638, 2.29915
600.514, -8.08958, 0.021697
600.405, -7.83177, -2.04999
600.649, -7.25755, -2.70868
598.741, -6.5898, 1.16845
598.79, -6.71833, -2.53435
598.824, -6.51269, 1.8725
668.807, -9.84761, -2.08262
599.548, -7.08658, 2.0437
608.215, 53.3781, -1.45661
614.672, 68.1092, 2.89839
601.876, 67.9976, -2.97124
672.655, 15.4593, -0.984977
600.394, -8.64573, -3.01287
599.951, -9.24651, 2.80125
599.287, -9.8494, 2.58315
597.303, -10.8434, 0.132462
600.761, -8.55051, -0.350912
598.063, -10.472, 2.79762
598.274, -9.45885, 1.38543
600.444, -9.66424, 2.0014
597.962, -10.1024, -1.46717
599.754, -9.7732, -3.06026
597.778, -10.1743, -2.59261
598.023, -12.3065, -0.336856
598.101, -10.8499, -0.347129
598.58, -10.7875, 0.563208
598.188, -10.1245, 0.354524
600.37, -9.50659, -0.044919
597.158, -9.08418, 2.37385
610.304, -36.5066, 1.64517
595.285, -7.89152, 1.05565
592.844, -7.87469, -0.690209
598.311, -11.898, -1.25608
599.215, -9.1548, 1.72486
597.824, -10.5519, -1.14716
596.55, -8.96281, -0.2766
599.092, -10.2238, 2.71914
595.587, -8.99901, 0.997829
597.627, -11.231, -3.14086
591.775, -7.11111, -1.17407
590.922, -6.54309, 2.71379
597.819, -11.4656, -1.50669
599.085, -13.5887, -1.6881
630.452, -63.54, -0.952952
632.163, -57.3327, 2.34063
607.776, -25.4949, -2.73495
618.79, -40.4519, 1.49237
640.258, -73.3992, -0.184873
634.898, -64.7545, -1.48702
617.288, -40.1036, 0.692402
611.14, -30.8182, -1.94435
641.57, -66.6284, -0.7297
642.142, -68.0943, 0.998479
633.822, -42.1836, 1.15206
633.356, -44.8056, 2.89531
625.266, -39.3444, 0.314994
654.613, -72.2398, 0.741641
644.126, -57.9886, -1.64193
636.24, -84.4133, -0.912542
649.243, 22.8532, 2.1415
606.232, -9.43042, 0.561515
632.399, -85.0708, -1.79883
612.281, -42.8865, -2.43645
602.215, -87.2504, 2.65089
605.314, -83.2051, -0.098043
603.719, -15.0577, -0.960993
602.639, -15.3828, 0.881691
603.713, -16.0941, -0.645733
603.065, -15.2987, -1.09716
654.678, -72.7722, 2.01452
651.107, -72.0263, 1.13686
602.701, -14.9624, -0.297303
619.027, -56.855, 1.65376
615.821, -46.6626, 0.309346
629.309, -76.7984, 0.002763
632.308, -75.7465, 1.63833
631.448, -64.8724, 3.06208
636.122, -65.7211, 1.16768
601.684, -14.783, -0.415177
599.315, -13.5473, -2.53885
598.752, -13.0877, 1.67978
599.568, -12.9853, -3.05181
601.985, -14.8629, -2.21445
601.642, -14.7262, -2.49764
601.689, -14.75, 0.787204
599.103, -13.5838, 0.210353
601.743, -14.8394, 1.09311
599.124, -13.7716, 0.70361
552.934, -20.525, 0.402049
576.168, -18.9692, 1.61878
567.257, -26.3417, 2.93024
545.083, -34.116, -2.63666
580.589, 24.5328, -0.793578
538.589, -30.8567, 1.17636
589.126, 42.1551, -1.0446
565.451, -36.8431, 0.085414
568.891, -50.1517, -2.69117
578.336, -32.602, 0.349302
571.456, -63.5074, -0.418284
627.24, 46.6148, -0.79568
596.997, -7.55175, 1.20824
597.817, -8.7685, 0.596022
597.117, -8.17331, 0.915899
598.099, -9.76982, 1.67681
598.821, -12.4215, 2.75774
597.574, -7.57761, -2.83223
598.862, -10.1594, 1.60814
598.6, -11.1362, -0.324413
598.924, -11.9505, -0.715158
600.475, -10.1444, 1.93606
599.303, -10.0368, -1.15341
599.241, -13.1102, -2.83716
599.158, -13.3563, -1.53057
598.53, -10.5935, 2.2584
598.951, -12.1099, 2.03468
599.323, -12.2696, -2.01823
599.321, -10.127, -1.70775
600.059, -9.35592, 0.505122
598.379, -7.78395, -2.32892
599.275, -11.8914, -2.13884
598.819, -9.70625, 1.9564
598.292, -10.3803, 2.13348
599.217, -11.0154, -1.07252
599.324, -12.3848, -2.9859
599.183, -10.4575, -1.62372
599.601, -10.1456, -2.52999
599.484, -10.5066, -0.092687
598.406, -8.94087, 0.039265
598.548, -10.7725, 3.09033
598.905, -10.4773, 1.34113
601.334, -9.24758, -0.203679
595.665, -3.21376, 1.17513
597.669, -7.66857, -1.74903
598.601, -8.02706, 2.08342
599.19, -8.6471, 2.60325
596.373, -5.35098, 2.12757
536.158, -7.99961, 1.17331
535.581, -30.852, 0.293147
597.923, -7.92618, -0.381577
598.469, -8.62671, -0.745012
595.815, -3.29934, -1.39198
597.013, -3.20783, -0.698831
596.785, -4.91896, -2.14249
596.221, -4.09456, 1.85501
595.104, -2.24576, 1.96284
596.859, -4.87704, -1.23177
594.396, -4.38725, 1.21563
596.247, -3.95774, 0.78084
533.581, -6.85517, 1.56834
598.933, -2.39883, 2.34056
598.323, -2.5287, -0.917522
598.767, -2.5181, -1.52959
600.916, -1.52643, 0.921508
602.822, 0.579653, 1.89435
596.15, -3.80937, 3.01679
596.951, -4.3706, 0.2933
660.662, 25.6543, -2.39304
600.855, -0.588538, -1.84219
669.666, 17.5383, 1.13573
640.953, 9.08882, -2.13003
653.597, -40.0118, -2.50225
657.35, -55.865, 0.843509
632.685, 0.700991, 0.757
641.875, -3.23486, -0.005358
626.333, -7.71517, -1.31551
664.244, -24.9085, 2.47145
611.837, 2.29279, -2.1044
633.953, 49.2264, -0.379534
534.353, 20.8325, 1.29437
528.003, 29.0932, 1.18088
633.413, 38.0739, 2.78187
531.426, 14.2686, 1.26138
640.112, 33.8939, -2.83387
652.738, 36.8047, 0.403192
607.463, 3.51936, -1.0255
669.647, 31.6846, 0.781456
634.454, 13.4036, -0.745837
653.6, 15.3178, -0.391912
672.952, 25.5394, 2.99826
659.308, 25.7395, 2.6633
645.724, 20.1436, 1.9487
613.922, 7.4108, -2.77646
667.562, 45.4495, -2.74611
618.52, 13.5247, 0.909035
664.36, 21.1009, 2.55668
674.937, -0.166219, -1.80963
600.93, -0.145635, -1.60489
591.897, -50.2778, 2.6069
596.119, -61.715, -1.11799
615.709, -75.2722, -1.27503
599.738, -2.00039, -0.973646
596.869, -7.39182, 1.39583
599.252, -3.29854, 1.44683
658.612, -36.8249, 1.27617
621.739, -10.3796, -2.24626
603.094, -59.7331, 2.23281
594.948, -67.074, 1.81241
597.549, -55.4418, -1.20298
606.368, -51.5241, 2.68751
536.003, 18.464, -0.56606
616.696, -51.3318, -1.25123
626.375, -68.3196, 1.68915
605.904, -61.5312, -1.55046
596.105, -6.62602, -1.69993
597.881, -4.53801, 2.76015
597.001, -5.16501, 0.15673
596.569, -4.02861, -0.593599
543.908, -0.815941, 0.828743
536.672, 5.77058, 1.29854
573.288, -2.09874, 2.64905
523.299, 22.3096, -1.06769
556.152, -5.29059, -0.068769
531.967, -7.77458, 2.33987
597.967, -4.7818, -1.25554
597.375, -2.62833, 2.96284
598.619, -7.4994, -1.66437
595.872, -4.76337, 1.95937
597.17, -5.6823, 2.44088
665.839, -8.26635, 1.96279
666.979, -9.94939, -1.01198
597.383, -3.29763, -1.82576
598.283, -3.97232, 1.67748
596.784, -5.22516, -2.20153
596.705, -6.80194, -0.258568
598.574, -7.51364, -0.478696
597.232, -3.27902, -2.28073
596.898, -4.74569, -0.480894
596.607, -6.25291, 2.26646
596.103, -5.3181, -0.836995
596.698, -5.645, 0.630155
596.19, -6.87813, -1.06945
596.792, -3.28635, 0.403425
597.295, -6.40684, 2.91922
597.798, -5.71922, -2.30877
598.723, -3.47681, -3.05134
598.196, -3.63025, -1.39008
596.753, -6.79286, -0.191012
598.914, -3.08291, 1.29471
596.534, -6.03823, 0.115908
597.003, -6.26051, -2.07276
597.647, -4.90151, -0.202849
598.113, -6.86949, -0.13789
598.172, -5.10553, -0.781724
596.274, -4.55183, 1.20076
597.877, -4.69107, 2.39601
595.867, -6.2144, 2.97442
595.801, -4.42889, 2.80263
597.538, -5.95415, 1.32748
595.911, -5.53495, 0.178849
597.903, -5.61079, -2.04955
597.781, -4.22308, -1.61933
598.77, -3.20222, 0.777867
596.794, -3.99932, -3.10629
597.42, -2.32921, -2.17702
597.401, -6.51449, -0.122593
598.702, -7.96275, -1.82386
598.294, -4.39923, 0.272718
597.769, -4.97899, -0.61867
597.55, -5.44048, 1.94534
597.83, -4.82492, 1.90035
594.961, -7.50537, -0.979324
595.555, -4.50048, 1.6448
597.972, -4.58086, -1.57447
598.098, -6.83784, -2.82854
596.827, -4.31248, 2.11687
598.71, -7.77515, 1.86783
596.607, -5.14674, -0.199999
594.863, -7.51086, -1.10258
597.446, -3.20483, -2.32565
598.85, -2.75271, 0.563171
598.593, -3.96151, -0.710139
597.486, -5.29491, -2.69785
595.511, -6.63094, 2.62871
597.836, -3.2051, -0.391958
597.301, -4.54892, 2.26186
596.053, -5.91096, -1.95789
597.709, -4.07395, 1.05961
595.965, -6.67319, 2.75615
597.163, -3.62855, 2.44623
596.555, -6.34492, -2.22933
598.037, -4.3583, -0.611884
597.886, -5.42635, -0.86647
