1.31403
1.34839
1.32982
1.34536
1.32305
1.3354
1.33478
1.32093
1.33912
1.31987
1.3424
1.34123
1.33634
1.35197
1.33201
1.33987
1.32874
1.33262
1.33587
1.32997
1.33464
1.33597
1.32882
1.33489
1.33866
1.32716
1.33495
1.33186
1.32672
1.33776
1.33873
1.32744
1.33976
1.33698
1.32841
1.3367
1.33631
1.32866
1.33847
1.34201
1.32611
1.33397
1.34229
1.33166
1.33542
1.34378
1.32609
1.33227
1.34155
1.32696
1.33142
1.3464
1.3266
1.33255
1.34297
1.32764
1.32853
1.34249
1.32873
1.33366
1.34015
1.33064
1.32934
1.34394
1.33071
1.33424
1.37876
1.33648
1.32906
1.33445
1.35583
1.3392
1.32799
1.3439
1.33121
1.32963
1.33756
1.34308
1.33345
1.33064
1.34342
1.3411
1.33008
1.34714
1.34653
1.32154
1.34923
1.34115
1.32353
1.34119
1.34601
1.32696
1.32936
1.34303
1.32699
1.33936
1.34361
1.33426
1.33291
1.34343
1.34086
1.33111
1.34129
1.33991
1.32879
1.34051
1.33658
1.334
1.33293
1.33976
1.33224
1.32724
1.33748
1.32958
1.33531
1.34325
1.33148
1.33066
1.33641
1.33277
1.33298
1.34042
1.33082
1.33209
1.34081
1.34081
1.33096
1.33862
1.3425
1.33221
1.33994
1.34448
1.32677
1.33065
1.34384
1.3317
1.33603
1.34053
1.32789
1.33362
1.33984
1.32596
1.33243
1.33413
1.32136
1.34124
1.33634
1.32205
1.33949
1.33682
1.32651
1.34217
1.34285
1.3252
1.33188
1.32805
1.32712
1.34138
1.33659
1.33181
1.33759
1.33515
1.32158
1.33664
1.34368
1.32714
1.33664
1.33604
1.32704
1.33992
1.33722
1.3223
1.34506
1.33807
1.32529
1.33758
1.33631
1.3294
1.3308
1.33677
1.3283
1.33864
1.33839
1.32969
1.33805
1.33524
1.32882
1.33284
1.33774
1.32118
1.33876
1.33795
1.33104
1.33916
1.32766
1.32361
1.33105
1.33418
1.32783
1.33843
1.33451
1.32886
1.33947
1.32911
1.34151
1.32876
1.33385
1.32765
1.34377
1.32785
1.327
1.34446
1.33094
1.3303
1.34014
1.33571
1.32805
1.33382
1.33485
1.33132
1.33747
1.33472
1.32588
1.33774
1.32208
1.33355
1.32438
1.31745
1.33305
1.31399
1.32982
1.33167
1.31263
1.32488
1.31074
1.32858
1.32133
1.32658
1.32937
1.31434
1.32046
1.35995
1.31126
1.35737
1.3299
1.32594
1.32957
1.33154
1.33404
1.34893
1.33843
1.34907
1.3333
1.3357
1.32875
1.34006
1.33922
1.32897
1.33002
1.33471
1.32867
1.33795
1.33748
1.32787
1.33613
1.3318
1.32248
1.33769
1.33637
1.32082
1.33855
1.33365
1.32932
1.34315
1.33493
1.32752
1.33978
1.33882
1.31682
1.34278
1.33177
1.32855
1.34204
1.32498
1.32951
1.33775
1.32584
1.33165
1.34199
1.32994
1.32885
1.34328
1.32362
1.33399
1.33049
1.32485
1.3396
1.34189
1.32342
1.34201
1.34232
1.32603
1.3354
1.34057
1.32647
1.33502
1.34317
1.32938
1.32959
1.33816
1.33131
1.32831
1.34434
1.32381
1.33188
1.33923
1.32546
1.33776
1.33985
1.32768
1.33549
1.34295
1.32431
1.33222
1.33898
1.32105
1.33567
1.33183
1.32753
1.34258
1.33926
1.32399
1.33858
1.3398
1.32767
1.33321
1.33918
1.33058
1.33493
1.34569
1.32652
1.32932
1.33945
1.32232
1.34048
1.33724
1.3239
1.34083
1.33384
1.32393
1.33711
1.33425
1.32195
1.3482
1.33843
1.32349
1.33989
1.34123
1.32692
1.33783
1.3384
1.32295
1.33726
1.3387
1.32624
1.33766
1.33823
1.32625
1.34098
1.33708
1.31682
1.33847
1.34141
1.32509
1.33825
1.33624
1.32379
1.3415
1.33973
1.32759
1.3369
1.32718
1.32076
1.34385
1.32198
1.32355
1.34612
1.33684
1.32434
1.3481
1.33708
1.32681
1.34377
1.33884
1.32667
1.33773
1.33182
1.31565
1.34343
1.31115
1.33007
1.34471
1.32314
1.33347
1.34388
1.32702
1.33218
1.34654
1.32638
1.33211
1.34846
1.33803
1.32624
1.34388
1.3362
1.32695
1.34293
1.34009
1.33352
1.33414
1.33878
1.33102
1.32969
1.33918
1.33132
1.33249
1.33893
1.33285
1.33698
1.33463
1.32978
1.33314
1.33763
1.32878
1.33358
1.33676
1.32727
1.33802
1.34056
1.33293
1.32978
1.33562
1.32602
1.33685
1.32881
1.32897
1.3398
1.3409
1.33221
1.33882
1.33396
1.33092
1.3317
1.33654
1.32398
1.33374
1.33004
1.32784
1.33904
1.33483
1.31807
1.34222
1.33481
1.33482
1.34386
1.3378
1.3275
1.3441
1.34254
1.33114
1.33602
1.33684
1.3267
1.33921
1.33874
1.33171
1.33308
1.34151
1.35221
1.34033
1.34073
1.34602
1.34099
1.33433
1.34572
1.34536
1.339
1.33778
1.34726
1.34787
1.3394
1.33733
1.34907
1.34068
1.33967
1.34943
1.3384
1.33362
1.34311
1.33699
1.34204
1.33796
1.33738
1.34268
1.33883
1.33299
1.33785
1.33998
1.33559
1.343
1.34221
1.3343
1.33866
1.34865
1.38843
1.34697
1.33509
1.33916
1.34651
1.33814
1.32975
1.34106
1.34677
1.34251
1.34021
1.34762
1.33988
1.34061
1.33622
1.34833
1.34364
1.33357
1.3438
1.34777
1.32486
1.34361
1.34787
1.33762
1.33795
1.34119
1.34109
1.33801
1.33667
1.33003
1.33612
1.33723
1.33729
1.34712
1.33598
1.33177
1.34949
1.33815
1.33772
1.34605
1.34472
1.33053
1.343
1.3405
1.33828
1.32964
1.34545
1.34176
1.33689
1.34306
1.34456
1.3387
1.33796
1.34529
1.34329
1.33537
1.34348
1.34063
1.33771
1.33704
1.34397
1.34147
1.34191
1.33692
1.34227
1.33835
1.3338
1.34255
1.33894
1.32975
1.33931
1.34875
1.33994
1.33513
1.34819
1.3479
1.3307
1.33489
1.34609
1.33474
1.33985
1.33544
1.34311
1.33945
1.33972
1.33724
1.33312
1.33861
1.34281
1.34289
1.33806
1.34211
1.3438
1.34512
1.33705
1.33981
1.34774
1.33781
1.3339
1.34337
1.33847
1.33329
1.34272
1.35203
1.33669
1.3227
1.33464
1.33302
1.34161
1.34438
1.33897
1.33237
1.34645
1.33994
1.33823
1.34608
1.33801
1.33753
1.34064
1.3423
1.3384
1.31824
1.33985
1.34513
1.33526
1.33997
1.3502
1.34185
1.33684
1.34312
1.34172
1.32369
1.33754
1.3441
1.33656
1.34015
1.34326
1.34625
1.33353
1.33792
1.34342
1.33977
1.33218
1.32979
1.3367
1.33158
1.34321
1.34537
1.33808
1.34023
1.34127
1.33861
1.33852
1.34303
1.34459
1.33691
1.34291
1.34208
1.33202
1.32775
1.3382
1.33589
1.32495
1.33307
1.3301
1.32499
1.33394
1.33922
1.33368
1.32513
1.33708
1.31901
1.32216
1.33017
1.32165
1.32601
1.32174
1.32172
1.31678
1.32847
1.33824
1.34365
1.34107
1.3297
1.33478
1.33097
1.33183
1.34021
1.34573
1.3417
1.3359
1.35095
1.34084
1.34623
1.34134
1.34386
1.34208
1.34989
1.3439
1.34428
1.35221
1.34506
1.33762
1.34863
1.34196
1.33357
1.34746
1.35008
1.34269
1.34347
1.3465
1.34452
1.33314
1.345
1.35015
1.34415
1.34627
1.34119
1.34079
1.34143
1.35003
1.33638
1.3468
1.35297
1.346
1.33833
1.34679
1.34268
1.34869
1.34967
1.34102
1.3443
1.34777
1.34469
1.34431
1.34455
1.34244
1.3385
1.3478
1.34598
1.34314
1.34767
1.34545
1.34964
1.34685
1.34835
1.34869
1.34347
1.35018
1.34815
1.34361
1.34718
1.34801
1.3398
1.3368
1.33991
1.34572
1.33658
1.33606
1.33522
1.33221
1.34474
1.3212
1.32082
1.32783
1.33211
1.33054
1.33867
1.34314
1.33644
1.33914
1.34465
1.34388
1.33391
1.33245
1.34087
1.33845
1.33795
1.33244
1.3426
1.34774
1.33525
1.33928
1.34405
1.34064
1.33049
1.34454
1.34391
1.33278
1.33994
1.3416
1.33797
1.33679
1.34424
1.33661
1.336
1.33554
1.3402
1.3447
1.32588
1.33856
1.34093
1.33261
1.3364
1.33571
1.32067
1.31842
1.32931
1.31394
1.32424
1.31898
1.32434
1.31892
1.3307
1.3379
1.32279
1.33608
1.32906
1.31725
1.33141
1.31758
1.33
1.34082
1.33226
1.34109
1.34561
1.3343
1.33266
1.34714
1.33963
1.32374
1.34702
1.33798
1.3316
1.33452
1.33493
1.32759
1.32326
1.3328
1.32527
1.32586
1.32749
1.32912
1.33914
1.34147
1.33855
1.33353
1.33731
1.34022
1.33686
1.33947
1.33995
1.33929
1.33263
1.33818
1.34323
1.33292
1.33754
1.338
1.33319
1.33663
1.34257
1.33449
1.33659
1.33628
1.33171
1.32655
1.33348
1.33581
1.33243
1.32028
1.31724
1.30606
1.30314
1.32497
1.31812
1.33936
1.34469
1.33624
1.33611
1.34446
1.34301
1.32616
1.33858
1.34208
1.33421
1.33816
1.34182
1.33803
1.32927
1.33844
1.33936
1.33809
1.33839
1.34416
1.34456
1.33429
1.32384
1.33001
1.31795
1.32241
1.32718
1.31777
1.32419
1.32661
1.32089
1.31313
1.32823
1.33032
1.33048
1.33071
1.33773
1.37067
1.32782
1.36739
1.32497
1.33253
1.32229
1.3212
1.3478
1.31421
1.32181
1.33321
1.31676
1.31973
1.32062
1.31998
1.31609
1.32563
1.31717
1.32133
1.33502
1.31748
1.33312
1.32662
1.32005
1.32797
1.31896
1.33044
1.31878
1.32387
1.33011
1.32306
1.36323
1.33807
1.37727
1.35826
1.33636
1.33432
1.34597
1.34506
1.33234
1.33464
1.36602
1.33893
1.33603
1.33041
1.32858
1.33077
1.33754
1.33996
1.33595
1.33379
1.34238
1.33337
1.33441
1.34382
1.33872
1.33593
1.3376
1.34513
1.34519
1.33558
1.33871
1.33962
1.33792
1.33432
1.34512
1.34305
1.33534
1.34327
1.34476
1.34279
1.33399
1.34256
1.34329
1.33245
1.34193
1.33338
1.33601
1.33591
1.34044
1.34643
1.33727
1.33219
1.34539
1.33553
1.33458
1.33975
1.34315
1.33173
1.33653
1.34652
1.33346
1.33998
1.33926
1.3383
1.32995
1.33734
1.33686
1.33062
1.34015
1.34168
1.33044
1.3287
1.33991
1.33841
1.3304
1.33927
1.33425
1.33178
1.33682
1.33254
1.33572
1.33808
1.34229
1.33611
1.33841
1.33961
1.33564
1.33394
1.34011
1.33202
1.33455
1.33949
1.32347
1.33658
1.3365
1.33086
1.33417
1.33913
1.32876
1.33271
1.33892
1.32844
1.33858
1.33776
1.32941
1.34014
1.33228
1.33203
1.33169
1.33763
1.33294
1.33357
1.33911
1.33799
1.33681
1.33854
1.34043
1.33008
1.33216
1.33886
1.33632
1.3347
1.3432
1.33353
1.33216
1.34573
1.33732
1.3323
1.34036
1.34076
1.33426
1.3419
1.3489
1.33188
1.33575
1.34786
1.33086
1.33268
1.34614
1.33807
1.33027
1.34177
1.3411
1.33441
1.33305
1.338
1.33876
1.33605
1.34012
1.34009
1.33391
1.33615
1.34396
1.33133
1.33912
1.34065
1.33423
1.33389
1.33702
1.32881
1.32937
1.34018
1.33429
1.32269
1.33678
1.32135
1.32914
1.33895
1.3301
1.32636
1.33163
1.33015
1.33717
1.33527
1.32802
1.33088
1.32449
1.33161
1.33286
1.33523
1.33801
1.34028
1.33917
1.33227
1.33699
1.34008
1.34489
1.33878
1.33695
1.33927
1.33066
1.33106
1.33622
1.34609
1.3425
1.32719
1.33887
1.33641
1.31729
1.33292
1.3205
1.31655
1.33647
1.33289
1.33818
1.34282
1.33546
1.32541
1.3445
1.32542
1.32901
1.34552
1.33508
1.33401
1.34229
1.3415
1.32098
1.33015
1.32909
1.33189
1.34787
1.34228
1.31939
1.34211
1.33972
1.31113
1.33632
1.33643
1.31525
1.32102
1.33222
1.31818
1.33129
1.3228
1.33206
1.31865
1.32626
1.33208
1.33035
1.32872
1.32879
1.3305
1.33117
1.31771
1.34367
1.33145
1.31723
1.33068
1.32611
1.31864
1.32671
1.32695
1.32824
1.32218
1.33297
1.33056
1.32808
1.33242
1.34284
1.32636
1.33141
1.3401
1.34095
1.32958
1.33364
1.33116
1.33712
1.33884
1.32454
1.32884
1.34006
1.33148
1.3315
1.32368
1.34004
1.32968
1.33602
1.33645
1.32123
1.33065
1.32231
1.30776
1.33755
1.33339
1.33368
1.34524
1.33497
1.33676
1.34214
1.32866
1.32524
1.34032
1.33374
1.33304
1.34535
1.34177
1.3322
1.33631
1.34638
1.33684
1.33307
1.34358
1.3434
1.33276
1.33234
1.34443
1.33454
1.3318
1.34716
1.33227
1.33091
1.34634
1.33811
1.3318
1.34076
1.33915
1.33393
1.33843
1.33781
1.33642
1.34855
1.33969
1.3403
1.32927
1.3385
1.33725
1.33326
1.32837
1.33799
1.33711
1.3347
1.33975
1.34203
1.33371
1.33872
1.34596
1.33396
1.33643
1.34646
1.3363
1.33305
1.34883
1.33747
1.33127
1.34334
1.34368
1.33304
1.33665
1.34046
1.33628
1.33517
1.34401
1.34439
1.33393
1.33465
1.34064
1.33115
1.33727
1.33872
1.33953
1.33578
1.33976
1.33934
1.33251
1.34113
1.34223
1.33365
1.34046
1.34
1.33409
1.33582
1.34082
1.33636
1.33457
1.34452
1.34693
1.33746
1.33676
1.34477
1.343
1.33583
1.34318
1.35118
1.33224
1.33716
1.34084
1.33636
1.33756
1.34561
1.34112
1.33944
1.33925
1.33856
1.34048
1.33462
1.33226
1.34242
1.33361
1.32796
1.34281
1.34146
1.33392
1.33821
1.33594
1.33416
1.33531
1.33026
1.34265
1.3306
1.3349
1.34305
1.33943
1.34202
1.33933
1.33872
1.33263
1.33037
1.33425
1.34218
1.33126
1.33268
1.33958
1.33511
1.32237
1.32904
1.33587
1.33402
1.32867
1.31171
1.32982
1.33361
1.31696
1.33101
1.35013
1.32004
1.33111
1.33168
1.31744
1.33198
1.31256
1.31223
1.30543
1.31301
1.30469
1.32396
1.31318
1.31918
1.28989
1.30109
1.33808
1.32172
1.31379
1.33789
1.35353
1.30486
1.33698
1.35527
1.32691
1.33314
1.33496
1.31895
1.33752
1.3485
1.34014
1.32915
1.34177
1.34269
1.32914
1.32857
1.33656
1.33977
1.34634
1.3505
1.32012
1.34381
1.34755
1.32744
1.33593
1.34137
1.32374
1.33357
1.34159
1.33038
1.33197
1.35046
1.3335
1.32782
1.34628
1.3363
1.32764
1.34539
1.33761
1.34591
1.35083
1.34263
1.34161
1.34672
1.33449
1.34548
1.33378
1.33131
1.33992
1.34329
1.34002
1.34487
1.34408
1.34674
1.34817
1.35011
1.34172
1.34573
1.34848
1.34228
1.34833
1.34103
1.3507
1.3484
1.33535
1.34713
1.34425
1.3386
1.34793
1.34632
1.33601
1.349
1.34588
1.33008
1.35
1.34511
1.34067
1.34654
1.34918
1.34744
1.34048
1.34428
1.3449
1.34553
1.3489
1.3459
1.33714
1.33447
1.35061
1.33182
1.34143
1.33818
1.33019
1.34252
1.34367
1.33851
1.33358
1.34189
1.33997
1.34322
1.34273
1.34795
1.34182
1.34271
1.35168
1.33976
1.34376
1.34462
1.33926
1.34665
1.34868
1.34656
1.34453
1.34257
1.32986
1.34478
1.34776
1.35003
1.34226
1.34823
1.35024
1.34046
1.34415
1.34825
1.33619
1.34096
1.34847
1.3393
1.32219
1.34155
1.34282
1.34302
1.34014
1.35932
1.34099
1.34966
1.33893
1.33922
1.34604
1.34842
1.33646
1.34102
1.3436
1.34407
1.33983
1.34174
1.34904
1.34293
1.3395
1.34262
1.34646
1.34131
1.33693
1.34505
1.34808
1.33936
1.33809
1.34675
1.34843
1.32684
1.34045
1.34959
1.34012
1.34423
1.34072
1.34164
1.33551
1.33924
1.33901
1.34711
1.34406
1.33668
1.33205
1.34737
1.32477
1.32911
1.33918
1.33215
1.34196
1.34061
1.32861
1.33743
1.3413
1.33384
1.33534
1.33831
1.33896
1.31732
1.32253
1.31392
1.32098
1.3136
1.32498
1.34278
1.31669
1.32264
1.31242
1.33237
1.33535
1.32381
1.34387
1.32987
1.34028
1.33899
1.34474
1.33878
1.32525
1.34134
1.33239
1.33021
1.33427
1.34058
1.33467
1.32982
1.33721
1.33812
1.33961
1.34163
1.32447
1.33695
1.33294
1.33142
1.32965
1.3285
1.32131
1.3256
1.34624
1.33724
1.31528
1.33863
1.32553
1.32065
1.33239
1.3045
1.31329
1.32952
1.34459
1.33821
1.31999
1.34291
1.33936
1.33177
1.33894
1.31796
1.32824
1.34134
1.3341
1.33063
1.34216
1.33551
1.33168
1.33756
1.34226
1.32992
1.34024
1.33792
1.3319
1.33693
1.33895
1.32961
1.32537
1.34051
1.32571
1.33417
1.33858
1.33032
1.32621
1.33717
1.33405
1.32945
1.34251
1.33101
1.32747
1.3386
1.33249
1.3321
1.33876
1.32391
1.33477
1.33185
1.33281
1.33823
1.33962
1.3286
1.32572
1.33835
1.3265
1.33864
1.33793
1.33149
1.33455
1.33764
1.33024
1.33583
1.32698
1.32231
1.33898
1.33933
1.33108
1.33458
1.33623
1.33098
1.33392
1.33663
1.33095
1.33343
1.33651
1.33366
1.32932
1.33825
1.33333
1.33484
1.33654
1.33152
1.32802
1.33988
1.33393
1.32971
1.33934
1.34087
1.33324
1.32195
1.34492
1.33141
1.33398
1.3461
1.33374
1.33382
1.34059
1.33505
1.32606
1.3255
1.34281
1.33764
1.3324
1.33878
1.33823
1.33193
1.33201
1.3355
1.33648
1.32664
1.3413
1.33889
1.32872
1.33746
1.33673
1.32962
1.33367
1.32818
1.33838
1.32421
1.33651
1.31818
1.32232
1.33228
1.32054
1.33194
1.3188
1.32906
1.32876
1.32613
1.33866
1.33905
1.3273
1.32671
1.33984
1.33463
1.3295
1.3435
1.33968
1.32729
1.33709
1.33528
1.32618
1.33951
1.34212
1.32912
1.33834
1.33409
1.32474
1.33664
1.32891
1.31993
1.33838
1.32901
1.31647
1.33042
1.30864
1.3343
1.325
1.32419
1.33545
1.31656
1.3386
1.31697
1.32283
1.32848
1.32037
1.33146
1.33413
1.33153
1.35188
1.33105
1.31456
1.33269
1.31646
1.31955
1.30853
1.31444
1.31693
1.33964
1.34463
1.33994
1.329
1.33573
1.33945
1.33939
1.32592
1.3277
1.33301
1.32704
1.32946
1.32629
1.3285
1.34666
1.3318
1.32947
1.33918
1.34153
1.32979
1.33719
1.33663
1.32722
1.33511
1.34264
1.32769
1.33727
1.34362
1.33399
1.33499
1.34341
1.33978
1.41074
1.33905
1.3294
1.33136
1.3243
1.32358
1.32591
1.32232
1.33774
1.3288
1.32378
1.33238
1.33883
1.33071
1.33432
1.33912
1.33693
1.3325
1.33903
1.34045
1.32682
1.33911
1.33859
1.32878
1.33787
1.3353
1.33356
1.32918
1.33849
1.33076
1.34078
1.33423
1.33266
1.33127
1.33881
1.33153
1.33826
1.33876
1.33818
1.3281
1.33806
1.3327
1.3279
1.33631
1.33101
1.33171
1.33998
1.33691
1.32561
1.33904
1.32775
1.3279
1.34021
1.32795
1.32861
1.34191
1.33365
1.31968
1.34271
1.32263
1.33454
1.34023
1.33161
1.32829
1.34118
1.32119
1.33207
1.3405
1.32798
1.33144
1.34143
1.32838
1.33488
1.34033
1.328
1.32927
1.33986
1.32543
1.33761
1.33845
1.32956
1.33595
1.34099
1.32879
1.33564
1.33799
1.32384
1.33677
1.34075
1.32508
1.33674
1.33738
1.32601
1.34364
1.33693
1.32777
1.33754
1.33899
1.3266
1.33642
1.33699
1.32903
1.33137
1.33888
1.32557
1.33877
1.34021
1.32269
1.33676
1.33662
1.3265
1.3359
1.33642
1.32576
1.33638
1.338
1.32547
1.33664
1.33679
1.32471
1.3363
1.32997
1.32988
1.32885
1.33087
1.33742
1.33809
1.32869
1.33245
1.33744
1.32743
1.336
1.3353
1.32697
1.33934
1.34114
1.32393
1.339
1.3412
1.3251
1.3395
1.3362
1.33154
1.33827
1.3398
1.32706
1.33321
1.34173
1.33262
1.33111
1.33827
1.32793
1.33866
1.33871
1.32964
1.33032
1.33147
1.3284
1.33455
1.33307
1.32989
1.33515
1.34441
1.32385
1.34068
1.33922
1.3257
1.33718
1.32585
1.32691
1.33714
1.34039
1.32646
1.34128
1.33724
1.32154
1.34194
1.34277
1.3278
1.33493
1.3399
1.32467
1.33669
1.34091
1.33071
1.33566
1.3289
1.3251
1.33823
1.339
1.32786
1.33944
1.3367
1.32919
1.33642
1.3411
1.3289
1.33407
1.33727
1.32909
1.33371
1.33384
1.31884
1.3306
1.33828
1.32749
1.34457
1.33599
1.32905
1.33028
1.33737
1.3304
1.3369
1.33704
1.32963
1.33594
1.3398
1.33486
1.32952
1.33253
1.33489
1.32636
1.33878
1.33098
1.33387
1.34027
1.32761
1.33245
1.34843
1.33079
1.31567
1.3208
1.31445
1.33217
1.30863
1.3247
1.31795
1.32093
1.33459
1.31491
1.33272
1.32178
1.32734
1.32971
1.34307
1.33521
1.33673
1.35161
1.32953
1.34402
1.34933
1.35192
1.33465
1.3556
1.34751
1.34511
1.34064
1.3652
1.34507
1.34901
1.35483
1.35221
1.34608
1.35
1.35098
1.35042
1.35027
1.35001
1.34889
1.35128
1.34904
1.35232
1.34406
1.34884
1.35401
1.34593
1.34675
1.3549
1.34547
1.34621
1.35593
1.35136
1.35176
1.34623
1.34065
1.34723
1.34854
1.33613
1.3366
1.34344
1.34289
1.33886
1.32157
1.34271
1.33539
1.3452
1.34639
1.3417
1.32646
1.34209
1.34524
1.33242
1.34945
1.3396
1.32789
1.34375
1.34621
1.33777
1.33472
1.34788
1.34184
1.34159
1.33469
1.33779
1.34108
1.33035
1.33654
1.34227
1.33336
1.3389
1.34695
1.33773
1.33678
1.33594
1.33677
1.33443
1.34304
1.34459
1.33561
1.34206
1.34334
1.33188
1.33796
1.34713
1.34197
1.33729
1.3472
1.35104
1.3294
1.33829
1.34644
1.3412
1.33694
1.34464
1.33738
1.33912
1.33889
1.33346
1.33506
1.33967
1.34332
1.34167
1.34347
1.3316
1.33662
1.3445
1.33264
1.34318
1.34859
1.33636
1.3326
1.34945
1.35372
1.33446
1.34801
1.34245
1.33292
1.33911
1.34099
1.34473
1.33557
1.34075
1.3331
1.33365
1.33835
1.34057
1.33327
1.33469
1.34242
1.33426
1.32865
1.34026
1.3447
1.33834
1.34181
1.33883
1.33686
1.34116
1.34155
1.342
1.33793
1.33773
1.34863
1.34267
1.33282
1.34048
1.33788
1.33679
1.34245
1.34648
1.33374
1.33761
1.34677
1.34151
1.34296
1.33869
1.34338
1.34365
1.33683
1.34036
1.3522
1.3417
1.3349
1.34547
1.34914
1.33687
1.34027
1.34479
1.34646
1.32844
1.34601
1.34094
1.33777
1.32872
1.33849
1.33403
1.32333
1.32966
1.32497
1.3307
1.3423
1.32492
1.34341
1.33765
1.32637
1.351
1.34331
1.34126
1.35504
1.33217
1.34478
1.33067
1.33354
1.3361
1.32708
1.33541
1.32695
1.35367
1.32592
1.33391
1.33195
1.32669
1.33722
1.33094
1.34082
1.33945
1.32691
1.3414
1.34203
1.34574
1.34328
1.33537
1.33763
1.34366
1.32958
1.34276
1.35076
1.3378
1.3282
1.33762
1.31749
1.32564
1.33469
1.32494
1.33132
1.32327
1.32296
1.31806
1.3199
1.32952
1.32931
1.33188
1.32809
1.34856
1.33996
1.36531
1.32585
1.33644
1.3339
1.33611
1.34123
1.33745
1.32921
1.32982
1.35826
1.35269
1.34465
1.34531
1.34148
1.34504
1.34866
1.34
1.35065
1.34712
1.34363
1.34646
1.34594
1.3312
1.3446
1.35176
1.34177
1.34611
1.34292
1.34642
1.33334
1.3463
1.34804
1.33557
1.33931
1.34952
1.34464
1.34183
1.34786
1.33341
1.34412
1.33899
1.34122
1.35418
1.34815
1.34812
1.34888
1.33919
1.34017
1.34367
1.34395
1.34313
1.34251
1.3497
1.33538
1.34109
1.32931
1.33036
1.33228
1.33879
1.34855
1.33852
1.34965
1.34902
1.34461
1.33053
1.35555
1.34761
1.34041
1.34367
1.34406
1.34054
1.35462
1.3505
1.3435
1.33891
1.34844
1.33894
1.35104
1.35217
1.35031
1.35338
1.34756
1.35326
1.34413
1.34737
1.35224
1.34095
1.35147
1.35104
1.35188
1.34223
1.35321
1.35045
1.34364
1.35461
1.34535
1.34508
1.35675
1.35211
1.35618
1.34253
1.34678
1.35027
1.34756
1.34951
1.35273
1.34657
1.34817
1.35273
1.34719
1.35084
1.35388
1.34742
1.34554
1.35305
1.3478
1.34986
1.35227
1.35215
1.34538
1.35141
1.34905
1.35428
1.34566
1.35233
1.35647
1.34613
1.35331
1.35152
1.34644
1.35373
1.35091
1.35085
1.34192
1.35125
1.34736
1.3475
1.35421
1.35206
1.35475
1.34545
1.34971
1.35397
1.34573
1.36095
1.35281
1.34318
1.35195
1.32877
1.3356
1.34356
1.32349
1.33263
1.33388
1.32872
1.33482
1.33844
1.32936
1.3355
1.33739
1.32546
1.33935
1.33994
1.32569
1.33703
1.33821
1.32877
1.33674
1.34244
1.3285
1.33719
1.34241
1.32796
1.32966
1.34346
1.32517
1.33176
1.34129
1.32637
1.33326
1.34128
1.32902
1.33457
1.33905
1.32423
1.32981
1.33343
1.32662
1.33795
1.34323
1.32875
1.33586
1.3415
1.32347
1.33994
1.33604
1.3256
1.33676
1.33984
1.32818
1.34041
1.33911
1.3298
1.33507
1.34052
1.31884
1.33471
1.34048
1.33029
1.33371
1.33432
1.3292
1.34043
1.33127
1.326
1.34141
1.33741
1.33206
1.33457
1.34082
1.33036
1.33355
1.32038
1.3161
1.33535
1.3224
1.3305
1.34285
1.32367
1.32901
1.33319
1.31306
1.33107
1.31017
1.33505
1.33063
1.323
1.31772
1.31625
1.32285
1.34394
1.32014
1.33431
1.33591
1.32154
1.33051
1.33222
1.32368
1.33639
1.33258
1.32181
1.33778
1.31951
1.3229
1.34514
1.31384
1.32336
1.33254
1.32603
1.32468
1.30945
1.32841
1.31261
1.31408
1.32433
1.3148
1.33081
1.33581
1.31359
1.31799
1.32819
1.33558
1.32746
1.32935
1.33997
1.32616
1.32285
1.33933
1.318
1.31106
1.30768
1.32007
1.3132
1.32777
1.33231
1.32151
1.33674
1.33859
1.305
1.32657
1.30924
1.32064
1.3058
1.33463
1.30965
1.3286
1.32801
1.31102
1.33018
1.33457
1.3356
1.33665
1.3263
1.33863
1.3401
1.32489
1.33485
1.33918
1.34927
1.34
1.34037
1.34966
1.34594
1.34759
1.3439
1.34773
1.34934
1.33355
1.33336
1.33187
1.33338
1.33688
1.33732
1.33323
1.34134
1.34019
1.3332
1.33951
1.35316
1.34165
1.34444
1.35022
1.34504
1.34168
1.3512
1.34929
1.33909
1.34768
1.34766
1.33883
1.35154
1.35266
1.34698
1.34909
1.34554
1.35117
1.33968
1.34721
1.3465
1.34329
1.3448
1.35297
1.32295
1.34909
1.34992
1.34518
1.34005
1.35281
1.34426
1.34156
1.35402
1.34584
1.34005
1.34904
1.34679
1.34434
1.35084
1.35242
1.34516
1.34794
1.34976
1.35575
1.34467
1.34844
1.35047
1.34428
1.35524
1.35018
1.34365
1.35374
1.34774
1.34868
1.34587
1.34459
1.34621
1.34809
1.34814
1.34717
1.34059
1.35013
1.3496
1.34695
1.3505
1.34825
1.34983
1.33919
1.41398
1.34598
1.33658
1.34846
1.35065
1.32738
1.34202
1.33748
1.32033
1.33985
1.32663
1.3312
1.3409
1.32715
1.32868
1.339
1.34796
1.33812
1.35437
1.34116
1.34492
1.34467
1.34408
1.34387
1.33702
1.34384
1.34133
1.3393
1.32716
1.34406
1.342
1.34417
1.34823
1.34184
1.3438
1.34611
1.33892
1.32558
1.33327
1.33587
1.34568
1.34488
1.34873
1.3381
1.34972
1.33763
1.33521
1.34712
1.34562
1.34078
1.34616
1.34603
1.33641
1.34689
1.34331
1.34325
1.34512
1.34386
1.34443
1.34574
1.34785
1.34973
1.34541
1.34676
1.34832
1.34265
1.3449
1.34911
1.34292
1.34274
1.3495
1.34462
1.34594
1.34777
1.34695
1.34407
1.34503
1.34754
1.34148
1.34986
1.34019
1.34569
1.34603
1.34211
1.34288
1.34356
1.33384
1.34268
1.33444
1.3348
1.33871
1.3389
1.32993
1.34499
1.33804
1.33948
1.34687
1.33086
1.34996
1.33933
1.33685
1.34446
1.34018
1.33397
1.34043
1.34525
1.33899
1.35106
1.34279
1.34802
1.34686
1.33888
1.33798
1.32972
1.33132
1.33424
1.33213
1.34226
1.34689
1.34448
1.34616
1.3425
1.34433
1.34819
1.3469
1.32886
1.33818
1.33571
1.33828
1.32115
1.34028
1.33679
1.33569
1.33577
1.3364
1.33665
1.33287
1.33213
1.35411
1.3281
1.34316
1.34277
1.33506
1.34672
1.3532
1.34375
1.34057
1.34627
1.34262
1.34026
1.34645
1.34872
1.32651
1.34017
1.34255
1.31665
1.33864
1.34547
1.33079
1.34237
1.3324
1.32776
1.34291
1.34336
1.33333
1.34412
1.33678
1.32472
1.32852
1.33115
1.33763
1.33988
1.34145
1.35044
1.33576
1.34234
1.34682
1.34461
1.33768
1.35136
1.34045
1.33218
1.34346
1.33972
1.34628
1.33939
1.34381
1.34151
1.35099
1.34625
1.34537
1.34296
1.34297
1.34964
1.34108
1.34373
1.34663
1.34036
1.34165
1.34599
1.34081
1.34004
1.35168
1.34358
1.34714
1.35168
1.33711
1.34723
1.34941
1.34343
1.33928
1.34423
1.34199
1.34469
1.34423
1.34296
1.34345
1.3429
1.34505
1.34105
1.34895
1.33834
1.3429
1.34336
1.34371
1.34033
1.343
1.34464
1.346
1.34193
1.34587
1.34995
1.33857
1.34751
1.34817
1.33989
1.34957
1.33435
1.33887
1.34008
1.32832
1.3312
1.33218
1.32932
1.33887
1.32937
1.33643
1.33622
1.33169
1.33248
1.33876
1.33292
1.33556
1.33719
1.33331
1.33123
1.31888
1.33147
1.33893
1.32644
1.31678
1.32176
1.3291
1.34266
1.34159
1.33016
1.3314
1.34537
1.33476
1.3326
1.34665
1.34475
1.33523
1.33767
1.33883
1.33287
1.33597
1.3414
1.33891
1.33084
1.34002
1.33289
1.33154
1.3393
1.3388
1.32977
1.3413
1.33951
1.32721
1.33982
1.33653
1.32947
1.34061
1.33772
1.33844
1.33049
1.33862
1.33101
1.33618
1.33924
1.32983
1.3328
1.33757
1.33704
1.33184
1.33553
1.33992
1.33134
1.33933
1.34611
1.33128
1.334
1.3428
1.33181
1.33127
1.34523
1.33798
1.33014
1.34564
1.34441
1.33118
1.34033
1.34684
1.32982
1.33656
1.3284
1.32976
1.33885
1.34727
1.33214
1.33167
1.34791
1.33115
1.33169
1.34321
1.33996
1.3327
1.33435
1.33919
1.32779
1.33244
1.33982
1.32651
1.32231
1.33081
1.33098
1.33602
1.33525
1.33044
1.3361
1.33413
1.32941
1.34036
1.33134
1.32096
1.3397
1.34164
1.34336
1.3319
1.32936
1.34621
1.32189
1.33065
1.33127
1.32316
1.33956
1.3368
1.31879
1.33352
1.3387
1.32843
1.34005
1.33768
1.33081
1.33271
1.33921
1.33168
1.32446
1.33378
1.33054
1.33969
1.32832
1.33575
1.33401
1.3306
1.33707
1.33763
1.33624
1.32823
1.33995
1.33135
1.33256
1.34012
1.33113
1.33032
1.3397
1.33577
1.32148
1.34071
1.33367
1.33076
1.34045
1.33196
1.33699
1.34367
1.33621
1.33051
1.34206
1.33832
1.32915
1.34244
1.33919
1.32853
1.33537
1.33607
1.32281
1.34034
1.3393
1.32821
1.33894
1.33018
1.32778
1.34131
1.34098
1.32403
1.33849
1.33986
1.32625
1.33713
1.33666
1.33008
1.34105
1.3406
1.32776
1.33053
1.33442
1.32927
1.33981
1.33491
1.32913
1.33316
1.33711
1.329
1.33471
1.32771
1.32794
1.40757
1.32938
1.33689
1.34217
1.33005
1.34144
1.34271
1.33027
1.33716
1.341
1.32696
1.33599
1.34318
1.33554
1.33052
1.35095
1.33803
1.32885
1.33821
1.33886
1.34021
1.32895
1.33046
1.3403
1.33158
1.32935
1.34081
1.34073
1.3304
1.34367
1.33893
1.34326
1.34096
1.32611
1.33982
1.337
1.32848
1.31878
1.33733
1.33473
1.33133
1.34171
1.34056
1.31915
1.33647
1.34366
1.34035
1.33637
1.34301
1.34121
1.33669
1.34264
1.34922
1.34046
1.33451
1.34987
1.34374
1.3338
1.34108
1.34563
1.33555
1.33973
1.34384
1.33844
1.33754
1.3421
1.34038
1.34342
1.33841
1.34243
1.34381
1.3403
1.33887
1.34528
1.3487
1.34936
1.3299
1.34943
1.35245
1.34222
1.33812
1.34658
1.34315
1.33761
1.33606
1.34096
1.34556
1.34644
1.33461
1.3342
1.33696
1.32906
1.33309
1.35568
1.34306
1.3418
1.34051
1.34445
1.34442
1.33912
1.34115
1.34722
1.34592
1.34416
1.33553
1.34527
1.34269
1.34062
1.33757
1.33941
1.34078
1.34812
1.34135
1.33936
1.33621
1.33744
1.34951
1.34586
1.34001
1.3366
1.34641
1.34169
1.34379
1.33891
1.34489
1.3452
1.34337
1.33591
1.33874
1.34005
1.33351
1.34175
1.3368
1.34078
1.34626
1.34602
1.34428
1.33654
1.34033
1.33
1.34091
1.34453
1.3454
1.34192
1.32652
1.34164
1.34286
1.33819
1.3393
1.34396
1.34182
1.34218
1.33966
1.34065
1.34327
1.33854
1.33704
1.34418
1.3442
1.33486
1.34396
1.34856
1.34028
1.33138
1.34264
1.34745
1.33411
1.33805
1.34172
1.33388
1.33899
1.34822
1.34333
1.33999
1.33689
1.34039
1.34704
1.34362
1.33605
1.34619
1.35011
1.34036
1.33448
1.35064
1.34819
1.32921
1.34009
1.32651
1.34359
1.33616
1.33109
1.34304
1.34399
1.33139
1.3295
1.33998
1.32751
1.33704
1.34006
1.32863
1.33054
1.3422
1.33639
1.3319
1.33623
1.34678
1.32757
1.33638
1.34269
1.34104
1.32498
1.33331
1.34917
1.33974
1.33076
1.33644
1.33776
1.32715
1.34435
1.34025
1.33966
1.32877
1.33081
1.33369
1.34398
1.34721
1.33502
1.34263
1.33098
1.34084
1.33701
1.32787
1.34023
1.33747
1.33207
1.33368
1.34301
1.3422
1.3323
1.34086
1.3536
1.35104
1.3415
1.34998
1.35145
1.34311
1.35454
1.35448
1.35129
1.34873
1.3514
1.35186
1.34452
1.33741
1.35686
1.34538
1.34999
1.35392
1.35346
1.34119
1.33626
1.343
1.3291
1.33338
1.34136
1.32371
1.33157
1.34605
1.3308
1.33979
1.34238
1.33335
1.3272
1.34332
1.33398
1.33326
1.34364
1.33908
1.3327
1.33898
1.33672
1.33176
1.33851
1.34019
1.32482
1.33936
1.34181
1.34474
1.33301
1.34683
1.34186
1.33733
1.33401
1.33876
1.33388
1.33143
1.33345
1.34062
1.33016
1.33272
1.34212
1.3429
1.3365
1.32904
1.33277
1.32746
1.33914
1.34728
1.34247
1.33014
1.33271
1.34682
1.34261
1.33319
1.33235
1.34645
1.3327
1.33205
1.3439
1.34269
1.3455
1.32961
1.33465
1.3465
1.34377
1.33181
1.34432
1.34412
1.32601
1.33609
1.34739
1.33664
1.32983
1.34546
1.34197
1.33188
1.33929
1.34157
1.34557
1.31744
1.3404
1.33788
1.32541
1.32141
1.34238
1.32899
1.33127
1.33941
1.32759
1.3341
1.33387
1.32311
1.33735
1.34605
1.33137
1.31575
1.34371
1.32836
1.33528
1.34421
1.32096
1.34079
1.33969
1.3363
1.32806
1.34179
1.33603
1.33166
1.34528
1.34606
1.32717
1.33431
1.34555
1.34011
1.33071
1.34693
1.34281
1.33254
1.34085
1.34814
1.34037
1.33887
1.33308
1.33381
1.33779
1.33459
1.33455
1.34187
1.34016
1.32834
1.33945
1.34868
1.32695
1.33159
1.34927
1.33412
1.32776
1.35144
1.34299
1.32682
1.34341
1.34581
1.32746
1.32921
1.3466
1.3339
1.3343
1.34516
1.33246
1.3363
1.3344
1.33094
1.3248
1.33535
1.33309
1.3348
1.33452
1.33463
1.32828
1.3381
1.33946
1.33035
1.33453
1.34113
1.32698
1.33131
1.34372
1.32621
1.33444
1.33965
1.32197
1.33558
1.34248
1.3304
1.33334
1.3294
1.32882
1.33751
1.34748
1.32734
1.33579
1.34413
1.33578
1.32582
1.34343
1.34251
1.38172
1.33095
1.33875
1.34262
1.32958
1.33469
1.34866
1.33343
1.32381
1.34739
1.34279
1.3252
1.33482
1.33562
1.32297
1.34413
1.34991
1.32793
1.33539
1.34647
1.32804
1.33527
1.34452
1.32546
1.33614
1.3456
1.33409
1.33078
1.34074
1.33488
1.32929
1.33547
1.32605
1.3372
1.34487
1.32332
1.33274
1.33312
1.31413
1.33545
1.33563
1.31253
1.33398
1.31209
1.32715
1.33521
1.30817
1.32565
1.32104
1.32841
1.31838
1.34375
1.33028
1.32941
1.36796
1.33898
1.339
1.32841
1.33629
1.337
1.36163
1.32666
1.36147
1.34718
1.34365
1.32849
1.34179
1.34835
1.33312
1.3327
1.34458
1.3322
1.33232
1.34472
1.33907
1.33373
1.33999
1.33739
1.33433
1.33331
1.34147
1.33813
1.33032
1.33956
1.32975
1.33274
1.34236
1.33661
1.31187
1.34367
1.32222
1.33942
1.3425
1.32811
1.33271
1.34325
1.33662
1.33181
1.34574
1.31462
1.33191
1.34345
1.33597
1.32656
1.34344
1.34208
1.33074
1.33991
1.3413
1.32592
1.34082
1.34322
1.32989
1.33843
1.34307
1.34123
1.33062
1.33648
1.33419
1.33302
1.34244
1.33736
1.32522
1.33428
1.3293
1.32637
1.33377
1.32846
1.33242
1.33165
1.3232
1.3391
1.34214
1.32303
1.32811
1.33869
1.33153
1.34099
1.32358
1.33366
1.33962
1.32953
1.33201
1.33486
1.33446
1.3158
1.33165
1.32059
1.33108
1.32566
1.31763
1.331
1.31862
1.33529
1.34749
1.31309
1.32895
1.32949
1.3176
1.33928
1.3335
1.32066
1.32428
1.34712
1.33511
1.3206
1.34714
1.3442
1.32959
1.34256
1.33915
1.33023
1.3366
1.33645
1.33554
1.33324
1.3408
1.33757
1.33027
1.3402
1.34013
1.32659
1.34001
1.34354
1.32877
1.33288
1.34011
1.33105
1.33503
1.33963
1.33972
1.32675
1.34002
1.34193
1.32796
1.34202
1.34417
1.34406
1.33358
1.3125
1.31664
1.34198
1.33664
1.33434
1.33924
1.32969
1.32983
1.34101
1.33709
1.33126
1.33717
1.34476
1.32674
1.33287
1.3279
1.32617
1.33781
1.33238
1.32549
1.34595
1.3439
1.32695
1.33523
1.34045
1.33114
1.33809
1.34015
1.32874
1.33499
1.34238
1.33462
1.32446
1.3419
1.33485
1.32912
1.34433
1.33841
1.33009
1.34369
1.33828
1.33009
1.33971
1.34178
1.3297
1.33369
1.33787
1.3303
1.33185
1.33947
1.3302
1.33159
1.34078
1.33207
1.33099
1.33535
1.33129
1.33208
1.33706
1.33122
1.33396
1.33814
1.33407
1.33438
1.3413
1.35074
1.33136
1.33533
1.34931
1.33531
1.32574
1.34776
1.34396
1.32953
1.34673
1.34358
1.32169
1.34053
1.34896
1.32908
1.33352
1.34577
1.33294
1.33067
1.34666
1.33875
1.3304
1.33585
1.33482
1.33064
1.33837
1.33756
1.32976
1.34018
1.34096
1.32605
1.33566
1.33296
1.33179
1.33643
1.33903
1.32509
1.33368
1.33835
1.31811
1.33981
1.33497
1.32655
1.34152
1.33435
1.3251
1.3401
1.34117
1.33336
1.331
1.33991
1.34058
1.32936
1.3345
1.34687
1.34643
1.34511
1.34249
1.34694
1.34834
1.34341
1.33427
1.34755
1.34348
1.34786
1.34892
1.34271
1.34691
1.35191
1.34264
1.34329
1.35057
1.34147
1.34759
1.34857
1.34527
1.33909
1.34914
1.34652
1.33551
1.3487
1.34441
1.3423
1.34181
1.34634
1.3409
1.34324
1.34731
1.34875
1.34291
1.34624
1.3499
1.34342
1.34865
1.34732
1.3412
1.35117
1.34919
1.34111
1.35029
1.34482
1.34956
1.34334
1.34211
1.33653
1.34094
1.34916
1.3468
1.35123
1.34613
1.34804
1.35122
1.33941
1.35202
1.34596
1.33751
1.34611
1.34859
1.34253
1.34727
1.34999
1.34188
1.34821
1.34272
1.3479
1.34003
1.34723
1.3393
1.34652
1.34672
1.34129
1.34178
1.341
1.34638
1.34549
1.33847
1.3443
1.33957
1.3457
1.34618
1.3432
1.34303
1.34746
1.34974
1.34002
1.34624
1.34329
1.33582
1.35003
1.34907
1.33357
1.35362
1.34634
1.33789
1.3459
1.34476
1.3492
1.34419
1.34545
1.34726
1.33817
1.3472
1.35084
1.34001
1.34292
1.35055
1.34503
1.34649
1.34669
1.34535
1.34187
1.34803
1.34836
1.34189
1.33876
1.34695
1.33712
1.35127
1.34589
1.34198
1.34701
1.34787
1.4018
1.33761
1.34312
1.35102
1.35977
1.34357
1.34736
1.33649
1.34201
1.35032
1.33618
1.34851
1.35157
1.35092
1.34612
1.34526
1.34641
1.3451
1.34961
1.34291
1.34874
1.35008
1.34488
1.34031
1.33643
1.34556
1.34021
1.3441
1.34232
1.34832
1.32813
1.34904
1.35028
1.33422
1.34013
1.34984
1.33981
1.34169
1.34155
1.3372
1.35029
1.33729
1.33944
1.34487
1.34299
1.32674
1.33935
1.34194
1.34456
1.34624
1.3399
1.33986
1.32986
1.32626
1.33156
1.33519
1.34204
1.33709
1.34266
1.33667
1.35266
1.34145
1.33661
1.34279
1.34548
1.34043
1.34091
1.33717
1.34002
1.34711
1.34072
1.33927
1.33629
1.33402
1.3402
1.33221
1.34099
1.34835
1.32816
1.32291
1.34271
1.32473
1.32759
1.33072
1.3368
1.33677
1.33636
1.33633
1.33716
1.33533
1.32748
1.32815
1.34278
1.33418
1.33926
1.3455
1.33347
1.34394
1.34838
1.34201
1.33508
1.34917
1.34391
1.32157
1.34416
1.33859
1.33344
1.34214
1.3425
1.33474
1.33756
1.34557
1.33573
1.33577
1.3382
1.34533
1.32034
1.34275
1.34437
1.34275
1.3327
1.34045
1.3369
1.33513
1.34985
1.34308
1.34286
1.33364
1.34238
1.34139
1.34516
1.33682
1.34228
1.34392
1.34409
1.34468
1.34908
1.34574
1.34089
1.34672
1.34691
1.35002
1.34141
1.33861
1.34776
1.34269
1.34788
1.34342
1.34474
1.34296
1.3433
1.34225
1.341
1.33358
1.33284
1.33469
1.33309
1.34428
1.34181
1.33197
1.34204
1.3404
1.33074
1.34165
1.33422
1.33313
1.34518
1.3406
1.32991
1.33125
1.3427
1.33619
1.34013
1.33443
1.3378
1.33497
1.33477
1.34846
1.33788
1.33549
1.32583
1.34093
1.33477
1.33965
1.33548
1.33853
1.33904
1.33463
1.33976
1.33553
1.34153
1.3398
1.33048
1.34464
1.34562
1.33394
1.33641
1.34789
1.33548
1.33326
1.33569
1.33747
1.3408
1.34095
1.32941
1.34093
1.34555
1.3374
1.3359
1.34369
1.34255
1.32638
1.34283
1.34072
1.33419
1.34167
1.3415
1.33539
1.33945
1.34306
1.33026
1.3391
1.34118
1.34038
1.32399
1.33909
1.34295
1.34479
1.336
1.33921
1.33764
1.3397
1.33633
1.33527
1.3448
1.3448
1.33461
1.33585
1.34689
1.3401
1.33343
1.3385
1.33967
1.33706
1.33665
1.33802
1.32574
1.3327
1.33952
1.34084
1.33268
1.33458
1.33738
1.34074
1.33343
1.3355
1.33634
1.33981
1.33354
1.33256
1.33994
1.32651
1.33911
1.33761
1.33333
1.33257
1.34697
1.33802
1.31707
1.33162
1.32522
1.34374
1.34581
1.34261
1.32284
1.32733
1.31896
1.32674
1.33761
1.32323
1.31917
1.32009
1.29857
1.29581
1.30481
1.33469
1.32978
1.31405
1.33478
1.32777
1.32331
1.33785
1.33232
1.34001
1.32505
1.32929
1.33483
1.34763
1.31625
1.36195
1.32692
1.34051
1.33749
1.32468
1.33625
1.33439
1.32773
1.33628
1.34048
1.32087
1.33746
1.33321
1.3208
1.33282
1.33187
1.31867
1.31374
1.32368
1.33111
1.33026
1.33169
1.33322
1.33489
1.33793
1.34014
1.33709
1.33924
1.33852
1.33806
1.33482
1.33933
1.34028
1.33531
1.32932
1.33621
1.34562
1.3346
1.33195
1.32648
1.33257
1.347
1.33797
1.33287
1.33992
1.32644
1.33118
1.33731
1.33879
1.33972
1.34141
1.335
1.33701
1.3326
1.3353
1.33041
1.33294
1.33853
1.33643
1.33292
1.34218
1.34649
1.32904
1.32961
1.33413
1.32702
1.33887
1.33718
1.32487
1.33877
1.34392
1.33153
1.33211
1.33424
1.32153
1.33113
1.34666
1.33364
1.3325
1.344
1.32741
1.32964
1.33177
1.33365
1.34222
1.32873
1.33774
1.33699
1.33478
1.33197
1.3389
1.33632
1.3358
1.34384
1.34239
1.33294
1.34006
1.32595
1.33269
1.33195
1.34093
1.33782
1.33513
1.33808
1.34062
1.35262
1.33293
1.33892
1.33992
1.33411
1.33313
1.34622
1.34878
1.34869
1.34937
1.34009
1.34922
1.34831
1.33883
1.35061
1.34784
1.33917
1.33946
1.34519
1.3553
1.34228
1.34932
1.35018
1.34567
1.34694
1.35149
1.34862
1.3373
1.35033
1.34974
1.33873
1.3481
1.34955
1.33988
1.35413
1.35118
1.34506
1.33663
1.33904
1.34981
1.39952
1.34309
1.33688
1.33324
1.34439
1.34472
1.34722
1.34488
1.35408
1.34833
1.34219
1.35399
1.35344
1.34385
1.35004
1.35103
1.35664
1.34727
1.34983
1.35357
1.34636
1.35007
1.35493
1.34817
1.34342
1.34795
1.34979
1.34205
1.34975
1.35332
1.34865
1.34907
1.34781
1.3558
1.34829
1.34925
1.35357
1.34518
1.35018
1.34208
1.34751
1.34615
1.35135
1.34562
1.35584
1.34715
1.34856
1.34746
1.34009
1.35911
1.35469
1.34366
1.34835
1.34592
1.35116
1.34273
1.3488
1.35207
1.35118
1.35402
1.34651
1.34701
1.35025
1.34761
1.35142
1.344
1.35358
1.34965
1.32288
1.33402
1.34563
1.35038
1.34847
1.34832
1.3437
1.35272
1.34358
1.34801
1.35375
1.34848
1.34836
1.35219
1.34554
1.34842
1.35282
1.35486
1.34022
1.3503
1.35505
1.35415
1.3469
1.35231
1.35098
1.35146
1.35222
1.3541
1.3482
1.35095
1.34991
1.35086
1.35089
1.35372
1.3526
1.34658
1.35087
1.35367
1.34573
1.34955
1.35161
1.35351
1.33929
1.34899
1.34808
1.33563
1.34225
1.34882
1.34358
1.34056
1.34284
1.34532
1.34493
1.34008
1.34148
1.34378
1.34385
1.34164
1.33888
1.34762
1.34691
1.33697
1.34756
1.35051
1.32312
1.34208
1.35019
1.34193
1.33807
1.34107
1.34435
1.34631
1.33984
1.33386
1.34179
1.33997
1.34276
1.33835
1.3381
1.34929
1.34818
1.34327
1.33722
1.34282
1.34444
1.34004
1.34117
1.3464
1.346
1.34318
1.33392
1.34996
1.34782
1.33649
1.3314
1.35096
1.33831
1.34078
1.34612
1.3427
1.33994
1.34361
1.3395
1.35139
1.34495
1.33648
1.34995
1.34996
1.34691
1.34332
1.3481
1.35087
1.34558
1.34063
1.3415
1.34359
1.3458
1.3374
1.33473
1.34586
1.35196
1.34626
1.33882
1.34293
1.32438
1.34386
1.32969
1.33707
1.34708
1.34182
1.33103
1.34262
1.34778
1.33747
1.33959
1.33223
1.33062
1.33809
1.3423
1.32829
1.32471
1.32865
1.3421
1.31526
1.33311
1.32644
1.31353
1.32885
1.31665
1.33133
1.31974
1.3195
1.3402
1.32889
1.33582
1.33971
1.32888
1.33676
1.34435
1.34154
1.33719
1.33938
1.34221
1.33693
1.33319
1.34836
1.34884
1.33369
1.34199
1.3462
1.32856
1.34127
1.34911
1.33926
1.33629
1.34662
1.33768
1.34343
1.34043
1.33876
1.34694
1.34307
1.34188
1.33757
1.34187
1.3412
1.3418
1.33411
1.34252
1.34578
1.33322
1.34071
1.3402
1.3417
1.33393
1.34022
1.34435
1.33597
1.33324
1.343
1.3427
1.33236
1.34135
1.34743
1.34257
1.33721
1.34055
1.33706
1.32978
1.34635
1.34453
1.33284
1.3389
1.34335
1.33348
1.33915
1.34267
1.33616
1.33173
1.34563
1.34008
1.33522
1.33293
1.33677
1.33939
1.3397
1.34444
1.33966
1.32375
1.3346
1.34713
1.33763
1.34003
1.3473
1.34206
1.33377
1.34435
1.34132
1.34025
1.34341
1.34626
1.33619
1.3335
1.34224
1.34067
1.33951
1.34593
1.34359
1.33436
1.33517
1.34925
1.33734
1.33449
1.34236
1.33647
1.33152
1.33833
1.346
1.33961
1.3383
1.34087
1.34309
1.32984
1.33305
1.34545
1.33303
1.33345
1.34509
1.35001
1.33687
1.33948
1.35058
1.34057
1.33638
1.34734
1.3447
1.35519
1.3331
1.36515
1.338
1.33497
1.32987
1.34512
1.3411
1.32853
1.32879
1.34014
1.32035
1.34031
1.33927
1.32665
1.32939
1.35042
1.33457
1.32521
1.33927
1.33598
1.32295
1.33617
1.32773
1.33429
1.34395
1.33155
1.33134
1.3357
1.3317
1.33263
1.34308
1.34014
1.33305
1.33348
1.34315
1.3209
1.34484
1.34671
1.33154
1.332
1.34141
1.34417
1.32384
1.34282
1.35028
1.33017
1.34014
1.34543
1.34247
1.33257
1.34294
1.33807
1.32905
1.33764
1.33891
1.3306
1.32883
1.33962
1.33253
1.3292
1.33766
1.3312
1.33176
1.33154
1.33838
1.32803
1.33735
1.33697
1.32246
1.33776
1.33709
1.32681
